0.000000e+00 0.000000e+00 0.000000e+00 0.000000e+00 0.000000e+00 5.514708e-167 2.725166e-85 6.344499e-44 1.581093e-35 6.957330e-30 9.498354e-23 2.134289e-18 1.918521e-15 2.760912e-13 1.280884e-11 2.801843e-10 3.585465e-09 1.191040e-05 8.631002e-04 1.205914e-02 7.083839e-02 2.455563e-01 6.020525e-01 1.952017e+00 4.126724e+00 7.148926e+00 1.112082e+01 1.614834e+01 2.231067e+01
0.000000e+00 0.000000e+00 0.000000e+00 0.000000e+00 0.000000e+00 1.287763e-166 3.792347e-85 7.286496e-44 1.757592e-35 7.576705e-30 1.009524e-22 2.237060e-18 1.992940e-15 2.850414e-13 1.316672e-11 2.871037e-10 3.665202e-09 1.208925e-05 8.727754e-04 1.216601e-02 7.135470e-02 2.470712e-01 6.052667e-01 1.960228e+00 4.141110e+00 7.170333e+00 1.115014e+01 1.618646e+01 2.235842e+01
0.000000e+00 0.000000e+00 0.000000e+00 0.000000e+00 0.000000e+00 5.487228e-166 6.339483e-85 8.750978e-44 2.009380e-35 8.410363e-30 1.084161e-22 2.359967e-18 2.079325e-15 2.952125e-13 1.356704e-11 2.947505e-10 3.752474e-09 1.227935e-05 8.829043e-04 1.227687e-02 7.188694e-02 2.486258e-01 6.085543e-01 1.968587e+00 4.155712e+00 7.192012e+00 1.117978e+01 1.622496e+01 2.240659e+01
0.000000e+00 0.000000e+00 0.000000e+00 0.000000e+00 0.000000e+00 3.091913e-165 1.242895e-84 1.099128e-43 2.363527e-35 9.519835e-30 1.176822e-22 2.506239e-18 2.179248e-15 3.067406e-13 1.401394e-11 3.031877e-10 3.847872e-09 1.248128e-05 8.935051e-04 1.239184e-02 7.243552e-02 2.502211e-01 6.119165e-01 1.977096e+00 4.170530e+00 7.213967e+00 1.120975e+01 1.626384e+01 2.245519e+01
0.000000e+00 0.000000e+00 0.000000e+00 0.000000e+00 0.000000e+00 1.994301e-164 2.663350e-84 1.444442e-43 2.859377e-35 1.098642e-29 1.291180e-22 2.679550e-18 2.294449e-15 3.197734e-13 1.451185e-11 3.124823e-10 3.952021e-09 1.269567e-05 9.045962e-04 1.251105e-02 7.300085e-02 2.518579e-01 6.153548e-01 1.985758e+00 4.185569e+00 7.236202e+00 1.124006e+01 1.630311e+01 2.250423e+01
0.000000e+00 0.000000e+00 0.000000e+00 0.000000e+00 0.000000e+00 1.349522e-163 6.059481e-84 1.977613e-43 3.560767e-35 1.292571e-29 1.431805e-22 2.884177e-18 2.426879e-15 3.344732e-13 1.506555e-11 3.227061e-10 4.065582e-09 1.292317e-05 9.161968e-04 1.263462e-02 7.358337e-02 2.535371e-01 6.188706e-01 1.994574e+00 4.200830e+00 7.258717e+00 1.127070e+01 1.634276e+01 2.255370e+01
0.000000e+00 0.000000e+00 0.000000e+00 0.000000e+00 0.000000e+00 9.530327e-163 1.439242e-83 2.784495e-43 4.551931e-35 1.551594e-29 1.604631e-22 3.125235e-18 2.578763e-15 3.510197e-13 1.568026e-11 3.339363e-10 4.189265e-09 1.316444e-05 9.283266e-04 1.276270e-02 7.418351e-02 2.552596e-01 6.224654e-01 2.003547e+00 4.216316e+00 7.281518e+00 1.130168e+01 1.638281e+01 2.260362e+01
0.000000e+00 0.000000e+00 0.000000e+00 0.000000e+00 0.000000e+00 7.241331e-162 3.528925e-83 4.000733e-43 5.931086e-35 1.896587e-29 1.817742e-22 3.409031e-18 2.752695e-15 3.696152e-13 1.636171e-11 3.462565e-10 4.323828e-09 1.342020e-05 9.410060e-04 1.289542e-02 7.480171e-02 2.570263e-01 6.261406e-01 2.012680e+00 4.232031e+00 7.304606e+00 1.133301e+01 1.642325e+01 2.265398e+01
0.000000e+00 0.000000e+00 0.000000e+00 0.000000e+00 0.000000e+00 5.887894e-161 8.897960e-83 5.845460e-43 7.840031e-35 2.350571e-29 2.082626e-22 3.743566e-18 2.951763e-15 3.904907e-13 1.711627e-11 3.597579e-10 4.470086e-09 1.369117e-05 9.542558e-04 1.303293e-02 7.543844e-02 2.588383e-01 6.298976e-01 2.021974e+00 4.247975e+00 7.327984e+00 1.136468e+01 1.646409e+01 2.270478e+01
0.000000e+00 0.000000e+00 0.000000e+00 0.000000e+00 0.000000e+00 4.995327e-160 2.306036e-82 8.671113e-43 1.048722e-34 2.944943e-29 2.410299e-22 4.139418e-18 3.179719e-15 4.139145e-13 1.795111e-11 3.745410e-10 4.628927e-09 1.397813e-05 9.680977e-04 1.317536e-02 7.609414e-02 2.606964e-01 6.337380e-01 2.031431e+00 4.264153e+00 7.351655e+00 1.139670e+01 1.650533e+01 2.275604e+01
0.000000e+00 0.000000e+00 0.000000e+00 0.000000e+00 0.000000e+00 4.345129e-159 6.135551e-82 1.304306e-42 1.417955e-34 3.722971e-29 2.812542e-22 4.610486e-18 3.441221e-15 4.402030e-13 1.887441e-11 3.907179e-10 4.801322e-09 1.428187e-05 9.825542e-04 1.332286e-02 7.676930e-02 2.626016e-01 6.376633e-01 2.041055e+00 4.280567e+00 7.375622e+00 1.142907e+01 1.654697e+01 2.280775e+01
0.000000e+00 0.000000e+00 0.000000e+00 0.000000e+00 0.000000e+00 2.614692e-154 1.069812e-79 1.195017e-41 7.380162e-34 1.346711e-28 6.636833e-22 8.556349e-18 5.471639e-15 6.308092e-13 2.521450e-11 4.975804e-10 5.908673e-09 1.608402e-05 1.064896e-03 1.414197e-02 8.045404e-02 2.728692e-01 6.586171e-01 2.091747e+00 4.366274e+00 7.500006e+00 1.159630e+01 1.676136e+01 2.307322e+01
0.000000e+00 0.000000e+00 0.000000e+00 0.000000e+00 0.000000e+00 1.611547e-149 2.156083e-77 1.338970e-40 4.600554e-33 5.697143e-28 1.752000e-21 1.734107e-17 9.413459e-15 9.715086e-13 3.588426e-11 6.678804e-10 7.588320e-09 1.845860e-05 1.166490e-03 1.511262e-02 8.470163e-02 2.844695e-01 6.819317e-01 2.146953e+00 4.458302e+00 7.632245e+00 1.177279e+01 1.698633e+01 2.335052e+01
0.000000e+00 0.000000e+00 0.000000e+00 0.000000e+00 0.000000e+00 1.257985e-144 4.821375e-75 1.641581e-39 3.166926e-32 2.663265e-27 5.046986e-21 3.760326e-17 1.707289e-14 1.566250e-12 5.331995e-11 9.347619e-10 1.013909e-08 2.159001e-05 1.291412e-03 1.625895e-02 8.958387e-02 2.975440e-01 7.078216e-01 2.206990e+00 4.557014e+00 7.772726e+00 1.195894e+01 1.722230e+01 2.364007e+01
0.000000e+00 0.000000e+00 0.000000e+00 0.000000e+00 0.000000e+00 8.030395e-140 1.096161e-72 2.112582e-38 2.289300e-31 1.311868e-26 1.537817e-20 8.590827e-17 3.234134e-14 2.616218e-12 8.169504e-11 1.346278e-09 1.392968e-08 2.576441e-05 1.444977e-03 1.760986e-02 9.518275e-02 3.122495e-01 7.365188e-01 2.272192e+00 4.662791e+00 7.921852e+00 1.215517e+01 1.746969e+01 2.394230e+01
0.000000e+00 0.000000e+00 0.000000e+00 0.000000e+00 0.000000e+00 5.810089e-135 2.293263e-70 2.660863e-37 1.658310e-30 6.558203e-26 4.819806e-20 2.029671e-16 6.333717e-14 4.502096e-12 1.284316e-10 1.983441e-09 1.954218e-08 3.131514e-05 1.634451e-03 1.920106e-02 1.015938e-01 3.287615e-01 7.682771e-01 2.342913e+00 4.776026e+00 8.080036e+00 1.236190e+01 1.772895e+01 2.425766e+01
0.000000e+00 0.000000e+00 0.000000e+00 0.000000e+00 0.000000e+00 5.258117e-130 5.932950e-68 3.434695e-36 1.209545e-29 3.298243e-25 1.530552e-19 4.889334e-16 1.268963e-13 7.930452e-12 2.064070e-10 2.980975e-09 2.791039e-08 3.860851e-05 1.870178e-03 2.107793e-02 1.089307e-01 3.472807e-01 8.033776e-01 2.419532e+00 4.897136e+00 8.247707e+00 1.257958e+01 1.800050e+01 2.458660e+01
0.000000e+00 0.000000e+00 0.000000e+00 0.000000e+00 0.000000e+00 4.787177e-125 1.632708e-65 4.879230e-35 9.368860e-29 1.718477e-24 4.939670e-19 1.194268e-15 2.582274e-13 1.421407e-11 3.377647e-10 4.559274e-09 4.051106e-08 4.814711e-05 2.162105e-03 2.330046e-02 1.173317e-01 3.680395e-01 8.421356e-01 2.502456e+00 5.026554e+00 8.425312e+00 1.280866e+01 1.828483e+01 2.492957e+01
0.000000e+00 0.000000e+00 0.000000e+00 0.000000e+00 0.000000e+00 2.633343e-120 3.710117e-63 6.940375e-34 7.464107e-28 9.229445e-24 1.624336e-18 2.953317e-15 5.315486e-13 2.580531e-11 5.606732e-10 7.077691e-09 5.965732e-08 6.062553e-05 2.520929e-03 2.594755e-02 1.269683e-01 3.913117e-01 8.849095e-01 2.592126e+00 5.164741e+00 8.613316e+00 1.304960e+01 1.858239e+01 2.528705e+01
0.000000e+00 0.000000e+00 0.000000e+00 0.000000e+00 0.000000e+00 2.470751e-115 8.875854e-61 9.079092e-33 5.683453e-27 4.876069e-23 5.369487e-18 7.360295e-15 1.103127e-12 4.729672e-11 9.412137e-10 1.112429e-08 8.897259e-08 7.700663e-05 2.960302e-03 2.908365e-02 1.380642e-01 4.174247e-01 9.321118e-01 2.689028e+00 5.312187e+00 8.812206e+00 1.330290e+01 1.889368e+01 2.565953e+01
0.000000e+00 0.000000e+00 0.000000e+00 0.000000e+00 0.000000e+00 1.234492e-110 2.183132e-58 1.202529e-31 4.245935e-26 2.522127e-22 1.764008e-17 1.838138e-14 2.301017e-12 8.730794e-11 1.594401e-09 1.766737e-08 1.341608e-07 9.861862e-05 3.497583e-03 3.278010e-02 1.508840e-01 4.467792e-01 9.842230e-01 2.793695e+00 5.469419e+00 9.022497e+00 1.356906e+01 1.921920e+01 2.604751e+01
0.000000e+00 0.000000e+00 0.000000e+00 0.000000e+00 0.000000e+00 1.121771e-105 5.161091e-56 1.567958e-30 3.157317e-25 1.295827e-21 5.765040e-17 4.591246e-14 4.817004e-12 1.621260e-10 2.722031e-09 2.831397e-08 2.042638e-07 1.272848e-04 4.154981e-03 3.712381e-02 1.656207e-01 4.798953e-01 1.041811e+00 2.906724e+00 5.637003e+00 9.244728e+00 1.384862e+01 1.955947e+01 2.645151e+01
0.000000e+00 0.000000e+00 0.000000e+00 0.000000e+00 0.000000e+00 1.110917e-100 1.501099e-53 2.150840e-29 2.398554e-24 6.732961e-21 1.891693e-16 1.150925e-13 1.013278e-11 3.029512e-10 4.682385e-09 4.575793e-08 3.137317e-07 1.655038e-04 4.960954e-03 4.221977e-02 1.824971e-01 5.173055e-01 1.105564e+00 3.028786e+00 5.815553e+00 9.479477e+00 1.414212e+01 1.991505e+01 2.687205e+01
0.000000e+00 0.000000e+00 0.000000e+00 0.000000e+00 0.000000e+00 1.108686e-95 4.500619e-51 3.324593e-28 1.990880e-23 3.710123e-20 6.369782e-16 2.924572e-13 2.151669e-11 5.708532e-10 8.121716e-09 7.456783e-08 4.858655e-07 2.167035e-04 5.951862e-03 4.819557e-02 2.017760e-01 5.593802e-01 1.176372e+00 3.160642e+00 6.005742e+00 9.727358e+00 1.445015e+01 2.028648e+01 2.730970e+01
0.000000e+00 0.000000e+00 0.000000e+00 0.000000e+00 0.000000e+00 1.113876e-90 1.359146e-48 5.437162e-27 1.779219e-22 2.193262e-19 2.243065e-15 7.626765e-13 4.643868e-11 1.088456e-09 1.422665e-08 1.225897e-07 7.585854e-07 2.855994e-04 7.174019e-03 5.520677e-02 2.237640e-01 6.065612e-01 1.254996e+00 3.303161e+00 6.208308e+00 9.989029e+00 1.477332e+01 2.067436e+01 2.776501e+01
0.000000e+00 0.000000e+00 0.000000e+00 0.000000e+00 0.000000e+00 1.125679e-85 4.128681e-46 9.039173e-26 1.642521e-21 1.355373e-18 8.262265e-15 2.055451e-12 1.024793e-10 2.107724e-09 2.521274e-08 2.034590e-07 1.194145e-06 3.786984e-04 8.686287e-03 6.344312e-02 2.488206e-01 6.593567e-01 1.341975e+00 3.457357e+00 6.424067e+00 1.026520e+01 1.511230e+01 2.107932e+01 2.823859e+01
0.000000e+00 0.000000e+00 0.000000e+00 0.000000e+00 0.000000e+00 1.143537e-80 1.260707e-43 1.512965e-24 1.535407e-20 8.555628e-18 3.145920e-14 5.718990e-12 2.318445e-10 4.155548e-09 4.527345e-08 3.411152e-07 1.895535e-06 5.050091e-04 1.056343e-02 7.313561e-02 2.773689e-01 7.183455e-01 1.437963e+00 3.624460e+00 6.653927e+00 1.055664e+01 1.546776e+01 2.150199e+01 2.873105e+01
0.000000e+00 0.000000e+00 0.000000e+00 0.000000e+00 0.000000e+00 1.167078e-75 3.867497e-41 2.544644e-23 1.444322e-19 5.455140e-17 1.222682e-13 1.632630e-11 5.371305e-10 8.347248e-09 8.242787e-08 5.779296e-07 3.034238e-06 6.770403e-04 1.290045e-02 8.456469e-02 3.099075e-01 7.841878e-01 1.543698e+00 3.805968e+00 6.898907e+00 1.086419e+01 1.584046e+01 2.194307e+01 2.924304e+01
0.000000e+00 0.000000e+00 0.000000e+00 0.000000e+00 0.000000e+00 1.196069e-70 1.191386e-38 4.297733e-22 1.364744e-18 3.498285e-16 4.808998e-13 4.746881e-11 1.269655e-09 1.706294e-08 1.521239e-07 9.893627e-07 4.897251e-06 9.122095e-04 1.581818e-02 9.807018e-02 3.470237e-01 8.576392e-01 1.660004e+00 4.002705e+00 7.160160e+00 1.118875e+01 1.623118e+01 2.240327e+01 2.977523e+01
0.000000e+00 0.000000e+00 0.000000e+00 0.000000e+00 7.473538e-298 1.230391e-65 3.683880e-36 7.285877e-21 1.294469e-17 2.252761e-15 1.904990e-12 1.397064e-10 3.048034e-09 3.540893e-08 2.842745e-07 1.710429e-06 7.966846e-06 1.234827e-03 1.947053e-02 1.140632e-01 3.894077e-01 9.395663e-01 1.787801e+00 4.215417e+00 7.439026e+00 1.153133e+01 1.664077e+01 2.288336e+01 3.032833e+01
0.000000e+00 0.000000e+00 0.000000e+00 0.000000e+00 1.157642e-272 1.270015e-60 1.142976e-33 1.239372e-19 1.232006e-16 1.455780e-14 7.582184e-12 4.144641e-10 7.400271e-09 7.438149e-08 5.370195e-07 2.983547e-06 1.305605e-05 1.678895e-03 2.405379e-02 1.330406e-01 4.378688e-01 1.030962e+00 1.928116e+00 4.444989e+00 7.737182e+00 1.189304e+01 1.707016e+01 2.338415e+01 3.090307e+01
0.000000e+00 0.000000e+00 0.000000e+00 0.000000e+00 1.798746e-247 1.314989e-55 3.557262e-31 2.114794e-18 1.176197e-15 9.436934e-14 3.028728e-11 1.236255e-09 1.811120e-08 1.577296e-07 1.023691e-06 5.245198e-06 2.153909e-05 2.292061e-03 2.981861e-02 1.556027e-01 4.933532e-01 1.132964e+00 2.082101e+00 4.692396e+00 8.056216e+00 1.227509e+01 1.752033e+01 2.390650e+01 3.150025e+01
0.000000e+00 0.000000e+00 0.000000e+00 0.000000e+00 2.802837e-222 1.365425e-50 1.110266e-28 3.618813e-17 1.126104e-14 6.134775e-13 1.213483e-10 3.702037e-09 4.457853e-08 3.368686e-07 1.965735e-06 9.283090e-06 3.574381e-05 3.141200e-03 3.708543e-02 1.824748e-01 5.569647e-01 1.246870e+00 2.251047e+00 4.958691e+00 8.396791e+00 1.267889e+01 1.799237e+01 2.445135e+01 3.212067e+01
0.000000e+00 0.000000e+00 0.000000e+00 0.000000e+00 4.378829e-197 1.421495e-45 3.474322e-26 6.208624e-16 1.080956e-13 3.998497e-12 4.874860e-10 1.112043e-08 1.101869e-07 7.233418e-07 3.796716e-06 1.652152e-05 5.962071e-05 4.320299e-03 4.626418e-02 2.145328e-01 6.299874e-01 1.374157e+00 2.436397e+00 5.245013e+00 8.759742e+00 1.310607e+01 1.848744e+01 2.501967e+01 3.276522e+01
0.000000e+00 0.000000e+00 0.000000e+00 0.000000e+00 6.857426e-172 1.483427e-40 1.089823e-23 1.067744e-14 1.040110e-12 2.612380e-11 1.963080e-09 3.349148e-08 2.732372e-07 1.559566e-06 7.366908e-06 2.953988e-05 9.988413e-05 5.961604e-03 5.787965e-02 2.528340e-01 7.139125e-01 1.516500e+00 2.639762e+00 5.552591e+00 9.146017e+00 1.355867e+01 1.900684e+01 2.561253e+01 3.343482e+01
0.000000e+00 0.000000e+00 0.000000e+00 1.701458e-284 1.076289e-146 1.551498e-35 3.426151e-21 1.840360e-13 1.003030e-11 1.710559e-10 7.922685e-09 1.010950e-07 6.793125e-07 3.373102e-06 1.434584e-05 5.301491e-05 1.679588e-04 8.251348e-03 7.260372e-02 2.986543e-01 8.104679e-01 1.675788e+00 2.862933e+00 5.882755e+00 9.556641e+00 1.403791e+01 1.955201e+01 2.623107e+01 3.413045e+01
0.000000e+00 0.000000e+00 0.000000e+00 4.444636e-234 1.692741e-121 1.626038e-30 1.079322e-18 3.178572e-12 9.692608e-11 1.122350e-09 3.203865e-08 3.057520e-07 1.692322e-06 7.312826e-06 2.801340e-05 9.543080e-05 2.832970e-04 1.145194e-02 9.129656e-02 3.535313e-01 9.216505e-01 1.854150e+00 3.107892e+00 6.236942e+00 9.992707e+00 1.454447e+01 2.012457e+01 2.687652e+01 3.485314e+01
0.000000e+00 0.000000e+00 0.000000e+00 1.163276e-183 2.667373e-96 1.707424e-25 3.406645e-16 5.500346e-11 9.383965e-10 7.377617e-09 1.297771e-07 9.260582e-07 4.221713e-06 1.587892e-05 5.480891e-05 1.721733e-04 4.790161e-04 1.593323e-02 1.150587e-01 4.193148e-01 1.049763e+00 2.053967e+00 3.376825e+00 6.616707e+00 1.045537e+01 1.507925e+01 2.072646e+01 2.755022e+01 3.560402e+01
0.000000e+00 0.000000e+00 0.000000e+00 3.050030e-133 4.210678e-71 1.796087e-20 1.077154e-13 9.534083e-10 9.098809e-09 4.855698e-08 5.260651e-07 2.805649e-06 1.053293e-05 3.449306e-05 1.073385e-04 3.110911e-04 8.114354e-04 2.221634e-02 1.452966e-01 4.982253e-01 1.197449e+00 2.277896e+00 3.672129e+00 7.023729e+00 1.094587e+01 1.564324e+01 2.135989e+01 2.825365e+01 3.638426e+01
0.000000e+00 0.000000e+00 0.000000e+00 8.010319e-83 6.658012e-46 1.892506e-15 3.411369e-11 1.652332e-08 8.812039e-08 3.189874e-07 2.126772e-06 8.475457e-06 2.621093e-05 7.480398e-05 2.101158e-04 5.623745e-04 1.376080e-03 3.103512e-02 1.838044e-01 5.929201e-01 1.367736e+00 2.528889e+00 3.996418e+00 7.459814e+00 1.146550e+01 1.623752e+01 2.202561e+01 2.898844e+01 3.719515e+01
0.000000e+00 5.262280e-234 1.745992e-122 2.107045e-32 1.054424e-20 1.994222e-10 1.062884e-08 2.782429e-07 8.330973e-07 2.053972e-06 8.471824e-06 2.531175e-05 6.467357e-05 1.613510e-04 4.102036e-04 1.015794e-03 2.334247e-03 4.342158e-02 2.328650e-01 7.065658e-01 1.564069e+00 2.810201e+00 4.352530e+00 7.926906e+00 1.201564e+01 1.686322e+01 2.272443e+01 2.975645e+01 3.803806e+01
5.933548e-07 5.988998e-07 6.202313e-07 6.663407e-07 6.737021e-07 7.292904e-07 1.032579e-06 3.703491e-06 6.891685e-06 1.211978e-05 3.218049e-05 7.335352e-05 1.564973e-04 3.440409e-04 7.961250e-04 1.830110e-03 3.956571e-03 6.082427e-02 2.953722e-01 8.429161e-01 1.790350e+00 3.125409e+00 4.743526e+00 8.427084e+00 1.259779e+01 1.752154e+01 2.345734e+01 3.056000e+01 3.891447e+01
1.461395e-05 1.461403e-05 1.461426e-05 1.462155e-05 1.464436e-05 1.538034e-05 1.793473e-05 3.074983e-05 4.233580e-05 5.863302e-05 1.104794e-04 2.004964e-04 3.656370e-04 7.193559e-04 1.530037e-03 3.282340e-03 6.693848e-03 8.527065e-02 3.749761e-01 1.006391e+00 2.050962e+00 3.478414e+00 5.172690e+00 8.962567e+00 1.321349e+01 1.821375e+01 2.422540e+01 3.140091e+01 3.982601e+01
1.045934e-04 1.045936e-04 1.045944e-04 1.046187e-04 1.046947e-04 1.071338e-04 1.150667e-04 1.503245e-04 1.794218e-04 2.177532e-04 3.284968e-04 5.035751e-04 8.125869e-04 1.463826e-03 2.901450e-03 5.849975e-03 1.129211e-02 1.195877e-01 4.762499e-01 1.202150e+00 2.350791e+00 3.873438e+00 5.643523e+00 9.535712e+00 1.386444e+01 1.894117e+01 2.502976e+01 3.227981e+01 4.077450e+01
4.089569e-04 4.089575e-04 4.089592e-04 4.090151e-04 4.091900e-04 4.147843e-04 4.324000e-04 5.061123e-04 5.642324e-04 6.381585e-04 8.407980e-04 1.149463e-03 1.704378e-03 2.887815e-03 5.419396e-03 1.035059e-02 1.898120e-02 1.676961e-01 6.048718e-01 1.436155e+00 2.695226e+00 4.315014e+00 6.159735e+00 1.014902e+01 1.455239e+01 1.970521e+01 2.587164e+01 3.319761e+01 4.176205e+01
1.160032e-03 1.160033e-03 1.160036e-03 1.160143e-03 1.160478e-03 1.171167e-03 1.203971e-03 1.333452e-03 1.431857e-03 1.554385e-03 1.882556e-03 2.393025e-03 3.379711e-03 5.532812e-03 9.980167e-03 1.818553e-02 3.178740e-02 2.349936e-01 7.678094e-01 1.715203e+00 3.090143e+00 4.807965e+00 6.725230e+00 1.080511e+01 1.527924e+01 2.050733e+01 2.675230e+01 3.415537e+01 4.279123e+01
2.691719e-03 2.691721e-03 2.691726e-03 2.691889e-03 2.692398e-03 2.708616e-03 2.757750e-03 2.950084e-03 3.095584e-03 3.276028e-03 3.765143e-03 4.601977e-03 6.403152e-03 1.037162e-02 1.818894e-02 3.177417e-02 5.305387e-02 3.288305e-01 9.734789e-01 2.046919e+00 3.541859e+00 5.357368e+00 7.344090e+00 1.150677e+01 1.604699e+01 2.134912e+01 2.767308e+01 3.515424e+01 4.386319e+01
5.353512e-03 5.353515e-03 5.353522e-03 5.353755e-03 5.354483e-03 5.377265e-03 5.445109e-03 5.710303e-03 5.910399e-03 6.159294e-03 6.875810e-03 8.340041e-03 1.180520e-02 1.924734e-02 3.299020e-02 5.532996e-02 8.829840e-02 4.590589e-01 1.231840e+00 2.439690e+00 4.057062e+00 5.968517e+00 8.020554e+00 1.225690e+01 1.685778e+01 2.223222e+01 2.863536e+01 3.619544e+01 4.497863e+01
9.547436e-03 9.547439e-03 9.547447e-03 9.547724e-03 9.548588e-03 9.576257e-03 9.662789e-03 1.001006e-02 1.027342e-02 1.060976e-02 1.175038e-02 1.465732e-02 2.170611e-02 3.583951e-02 5.989287e-02 9.621886e-02 1.465802e-01 6.385790e-01 1.554368e+00 2.902524e+00 4.642708e+00 6.646862e+00 8.758998e+00 1.305853e+01 1.771385e+01 2.315840e+01 2.964061e+01 3.728023e+01 4.613856e+01
1.571643e-02 1.571643e-02 1.571644e-02 1.571676e-02 1.571776e-02 1.575026e-02 1.585589e-02 1.629109e-02 1.663313e-02 1.712684e-02 1.940052e-02 2.600220e-02 4.089050e-02 6.773723e-02 1.092687e-01 1.672198e-01 2.425303e-01 8.837144e-01 1.953829e+00 3.444822e+00 5.305884e+00 7.397957e+00 9.563915e+00 1.391483e+01 1.861759e+01 2.412952e+01 3.069038e+01 3.840996e+01 4.734407e+01
2.431182e-02 2.431182e-02 2.431183e-02 2.431225e-02 2.431353e-02 2.435474e-02 2.448412e-02 2.501925e-02 2.554427e-02 2.659195e-02 3.266755e-02 4.899555e-02 8.064445e-02 1.306622e-01 2.003482e-01 2.899062e-01 3.989579e-01 1.214127e+00 2.443800e+00 4.076060e+00 6.053667e+00 8.227400e+00 1.043989e+01 1.482912e+01 1.957152e+01 2.514756e+01 3.178628e+01 3.958601e+01 4.859636e+01
3.575080e-02 3.575080e-02 3.575082e-02 3.575129e-02 3.575275e-02 3.579951e-02 3.594526e-02 3.680968e-02 3.846920e-02 4.234852e-02 6.174430e-02 1.024966e-01 1.673955e-01 2.560975e-01 3.670660e-01 4.985915e-01 6.491462e-01 1.651889e+00 3.037911e+00 4.805413e+00 6.892961e+00 9.140779e+00 1.139160e+01 1.580483e+01 2.057830e+01 2.621459e+01 3.293001e+01 4.080984e+01 4.989668e+01
5.022558e-02 5.022558e-02 5.022560e-02 5.022608e-02 5.022759e-02 5.027595e-02 5.047843e-02 5.607075e-02 6.621675e-02 8.390081e-02 1.446645e-01 2.378395e-01 3.583522e-01 5.012796e-01 6.632029e-01 8.420010e-01 1.036352e+00 2.219413e+00 3.748844e+00 5.641348e+00 7.830360e+00 1.014363e+01 1.242379e+01 1.684555e+01 2.164073e+01 2.733286e+01 3.412337e+01 4.208296e+01 5.124634e+01
6.769697e-02 6.769698e-02 6.769699e-02 6.769748e-02 6.769989e-02 6.992182e-02 8.276460e-02 1.455973e-01 1.950432e-01 2.551668e-01 4.008841e-01 5.700931e-01 7.545074e-01 9.506794e-01 1.157907e+00 1.376447e+00 1.606636e+00 2.936377e+00 4.587257e+00 6.591258e+00 8.872046e+00 1.124143e+01 1.354128e+01 1.795501e+01 2.276175e+01 2.850469e+01 3.536826e+01 4.340695e+01 5.264670e+01
4.860493e-01 4.860505e-01 4.860542e-01 4.861728e-01 4.865432e-01 4.983915e-01 5.349180e-01 6.687429e-01 7.568426e-01 8.527776e-01 1.055062e+00 1.261272e+00 1.470156e+00 1.685114e+00 1.909561e+00 2.145530e+00 2.393780e+00 3.816510e+00 5.560859e+00 7.661202e+00 1.002374e+01 1.243958e+01 1.474900e+01 1.913709e+01 2.394448e+01 2.973257e+01 3.666668e+01 4.478347e+01 5.409916e+01
1.827663e+00 1.827664e+00 1.827667e+00 1.827766e+00 1.828074e+00 1.837920e+00 1.868462e+00 1.973319e+00 2.035105e+00 2.098500e+00 2.229204e+00 2.371424e+00 2.533033e+00 2.717947e+00 2.926313e+00 3.156131e+00 3.404701e+00 4.865626e+00 6.673852e+00 8.855815e+00 1.129075e+01 1.374349e+01 1.605199e+01 2.039586e+01 2.519218e+01 3.101914e+01 3.802072e+01 4.621425e+01 5.560520e+01
3.901505e+00 3.901503e+00 3.901498e+00 3.901317e+00 3.900753e+00 3.886807e+00 3.857573e+00 3.777907e+00 3.738535e+00 3.707496e+00 3.684949e+00 3.723902e+00 3.822015e+00 3.970423e+00 4.158895e+00 4.378286e+00 4.621496e+00 6.081778e+00 7.926869e+00 1.017843e+01 1.267807e+01 1.515859e+01 1.745543e+01 2.173554e+01 2.650829e+01 3.236715e+01 3.943262e+01 4.770110e+01 5.716634e+01
5.234881e+00 5.234879e+00 5.234874e+00 5.234691e+00 5.234120e+00 5.216307e+00 5.171535e+00 5.070303e+00 5.031629e+00 5.007145e+00 5.007137e+00 5.071968e+00 5.193093e+00 5.358728e+00 5.557729e+00 5.781368e+00 6.023762e+00 7.456807e+00 9.317378e+00 1.163143e+01 1.419064e+01 1.669050e+01 1.896471e+01 2.316056e+01 2.789641e+01 3.377955e+01 4.090473e+01 4.924591e+01 5.878415e+01
5.646967e+00 5.646969e+00 5.646975e+00 5.647158e+00 5.647732e+00 5.666072e+00 5.721249e+00 5.891755e+00 5.986300e+00 6.081947e+00 6.276396e+00 6.478624e+00 6.690268e+00 6.910073e+00 7.136329e+00 7.368361e+00 7.606879e+00 8.977377e+00 1.084049e+01 1.321685e+01 1.583357e+01 1.834508e+01 2.058545e+01 2.467553e+01 2.936035e+01 3.525942e+01 4.243950e+01 5.085069e+01 6.046027e+01
7.371474e+00 7.371474e+00 7.371476e+00 7.371542e+00 7.371748e+00 7.379454e+00 7.409670e+00 7.543448e+00 7.641267e+00 7.753100e+00 7.999263e+00 8.251911e+00 8.495691e+00 8.726040e+00 8.944771e+00 9.156927e+00 9.368814e+00 1.062455e+01 1.249022e+01 1.493713e+01 1.761254e+01 2.012858e+01 2.232356e+01 2.628530e+01 3.090409e+01 3.681001e+01 4.403954e+01 5.251750e+01 6.219640e+01
9.885182e+00 9.885183e+00 9.885185e+00 9.885251e+00 9.885458e+00 9.892079e+00 9.912792e+00 9.998243e+00 1.006352e+01 1.014107e+01 1.031739e+01 1.049895e+01 1.067002e+01 1.082740e+01 1.097551e+01 1.112209e+01 1.127562e+01 1.237371e+01 1.426131e+01 1.679607e+01 1.953410e+01 2.204774e+01 2.418523e+01 2.799493e+01 3.253182e+01 3.843475e+01 4.570761e+01 5.424853e+01 6.399433e+01
1.280527e+01 1.280527e+01 1.280527e+01 1.280534e+01 1.280555e+01 1.281220e+01 1.283271e+01 1.289927e+01 1.293345e+01 1.296345e+01 1.300842e+01 1.303717e+01 1.305791e+01 1.307998e+01 1.311278e+01 1.316496e+01 1.324398e+01 1.419799e+01 1.615172e+01 1.879978e+01 2.160596e+01 2.410988e+01 2.617700e+01 2.980973e+01 3.424795e+01 4.013724e+01 4.744657e+01 5.604607e+01 6.585587e+01
1.611367e+01 1.611367e+01 1.611366e+01 1.611346e+01 1.611298e+01 1.610323e+01 1.607677e+01 1.597730e+01 1.590807e+01 1.583021e+01 1.566228e+01 1.549705e+01 1.535166e+01 1.523825e+01 1.516541e+01 1.513907e+01 1.516314e+01 1.607707e+01 1.816555e+01 2.095749e+01 2.383720e+01 2.632289e+01 2.830575e+01 3.173526e+01 3.605712e+01 4.192129e+01 4.925947e+01 5.791251e+01 6.778295e+01
1.856140e+01 1.856140e+01 1.856139e+01 1.856117e+01 1.856049e+01 1.853874e+01 1.847244e+01 1.824933e+01 1.811491e+01 1.797520e+01 1.769729e+01 1.744166e+01 1.722622e+01 1.706328e+01 1.696040e+01 1.692149e+01 1.694784e+01 1.800881e+01 2.031564e+01 2.328204e+01 2.623823e+01 2.869520e+01 3.057865e+01 3.377734e+01 3.796419e+01 4.379089e+01 5.114948e+01 5.985036e+01 6.977756e+01
1.920177e+01 1.920177e+01 1.920177e+01 1.920178e+01 1.920179e+01 1.920190e+01 1.919701e+01 1.913993e+01 1.908522e+01 1.901664e+01 1.885608e+01 1.869485e+01 1.856242e+01 1.847801e+01 1.845235e+01 1.849036e+01 1.859336e+01 2.001881e+01 2.262476e+01 2.578974e+01 2.882065e+01 3.123567e+01 3.300315e+01 3.594209e+01 3.997430e+01 4.575022e+01 5.311995e+01 6.186224e+01 7.184176e+01
1.947993e+01 1.947993e+01 1.947993e+01 1.947994e+01 1.947995e+01 1.948025e+01 1.948171e+01 1.948731e+01 1.948853e+01 1.948802e+01 1.948744e+01 1.950176e+01 1.954690e+01 1.963402e+01 1.976971e+01 1.995732e+01 2.019804e+01 2.216233e+01 2.512479e+01 2.849963e+01 3.159681e+01 3.395345e+01 3.558693e+01 3.823590e+01 4.209285e+01 4.780371e+01 5.517439e+01 6.395088e+01 7.397770e+01
1.979478e+01 1.979478e+01 1.979478e+01 1.979480e+01 1.979485e+01 1.979666e+01 1.980239e+01 1.983511e+01 1.987096e+01 1.992333e+01 2.007682e+01 2.028650e+01 2.054187e+01 2.083658e+01 2.116801e+01 2.153572e+01 2.194015e+01 2.451656e+01 2.785339e+01 3.143209e+01 3.457923e+01 3.685771e+01 3.833784e+01 4.066552e+01 4.432554e+01 4.995597e+01 5.731646e+01 6.611917e+01 7.618762e+01
2.023509e+01 2.023509e+01 2.023509e+01 2.023511e+01 2.023522e+01 2.024558e+01 2.028496e+01 2.045232e+01 2.057775e+01 2.072734e+01 2.108519e+01 2.150045e+01 2.195476e+01 2.243754e+01 2.294401e+01 2.347298e+01 2.402509e+01 2.716545e+01 3.084917e+01 3.460704e+01 3.777998e+01 3.995749e+01 4.126385e+01 4.323800e+01 4.667835e+01 5.221189e+01 5.955001e+01 6.837008e+01 7.847385e+01
2.175651e+01 2.175652e+01 2.175653e+01 2.175679e+01 2.175762e+01 2.178423e+01 2.186674e+01 2.216676e+01 2.236321e+01 2.258065e+01 2.306225e+01 2.358977e+01 2.415086e+01 2.473799e+01 2.534707e+01 2.597638e+01 2.662569e+01 3.018252e+01 3.414628e+01 3.804207e+01 4.120996e+01 4.326144e+01 4.437303e+01 4.596079e+01 4.915763e+01 5.457656e+01 6.187906e+01 7.070674e+01 8.083879e+01
2.539328e+01 2.539328e+01 2.539328e+01 2.539334e+01 2.539353e+01 2.540150e+01 2.543714e+01 2.560646e+01 2.573834e+01 2.589845e+01 2.629137e+01 2.676304e+01 2.729595e+01 2.787730e+01 2.849812e+01 2.915240e+01 2.983615e+01 3.361745e+01 3.776998e+01 4.175086e+01 4.487841e+01 4.677773e+01 4.767354e+01 4.884177e+01 5.177007e+01 5.705536e+01 6.430782e+01 7.313239e+01 8.328496e+01
2.995509e+01 2.995509e+01 2.995509e+01 2.995515e+01 2.995534e+01 2.996136e+01 2.998024e+01 3.006238e+01 3.013266e+01 3.022629e+01 3.048723e+01 3.084279e+01 3.128249e+01 3.179422e+01 3.236692e+01 3.299141e+01 3.366031e+01 3.749054e+01 4.173411e+01 4.574213e+01 4.879254e+01 5.051396e+01 5.117367e+01 5.188927e+01 5.452274e+01 5.965392e+01 6.684068e+01 7.565042e+01 8.581494e+01
3.479957e+01 3.479957e+01 3.479957e+01 3.479963e+01 3.479982e+01 3.480598e+01 3.482517e+01 3.490203e+01 3.496097e+01 3.503551e+01 3.523818e+01 3.551977e+01 3.588246e+01 3.632267e+01 3.683380e+01 3.740826e+01 3.803844e+01 4.179545e+01 4.604070e+01 5.001933e+01 5.295747e+01 5.447723e+01 5.488196e+01 5.511214e+01 5.742313e+01 6.237816e+01 6.948221e+01 7.826434e+01 8.843144e+01
3.992500e+01 3.992500e+01 3.992500e+01 3.992507e+01 3.992526e+01 3.993143e+01 3.995073e+01 4.002817e+01 4.008653e+01 4.015842e+01 4.034574e+01 4.059710e+01 4.091805e+01 4.131052e+01 4.177286e+01 4.230089e+01 4.288894e+01 4.650695e+01 5.068140e+01 5.458089e+01 5.737638e+01 5.867431e+01 5.880729e+01 5.851986e+01 6.047915e+01 6.523428e+01 7.223720e+01 8.097782e+01 9.113724e+01
4.532683e+01 4.532683e+01 4.532684e+01 4.532690e+01 4.532710e+01 4.533354e+01 4.535360e+01 4.543329e+01 4.549280e+01 4.556545e+01 4.575100e+01 4.599307e+01 4.629580e+01 4.666219e+01 4.709285e+01 4.758595e+01 4.813776e+01 5.158968e+01 5.563985e+01 5.942110e+01 6.205099e+01 6.311192e+01 6.295910e+01 6.212255e+01 6.369922e+01 6.822878e+01 7.511062e+01 8.379464e+01 9.393523e+01
5.101265e+01 5.101265e+01 5.101266e+01 5.101272e+01 5.101292e+01 5.101938e+01 5.103952e+01 5.111979e+01 5.117977e+01 5.125292e+01 5.143877e+01 5.167835e+01 5.197369e+01 5.232667e+01 5.273784e+01 5.320597e+01 5.372834e+01 5.700468e+01 6.089425e+01 6.453124e+01 6.698217e+01 6.779713e+01 6.734761e+01 6.593110e+01 6.709221e+01 7.136851e+01 7.810766e+01 8.671873e+01 9.682839e+01
5.697690e+01 5.697690e+01 5.697690e+01 5.697697e+01 5.697717e+01 5.698353e+01 5.700340e+01 5.708294e+01 5.714260e+01 5.721550e+01 5.740096e+01 5.763941e+01 5.793121e+01 5.827641e+01 5.867417e+01 5.912267e+01 5.961937e+01 6.271274e+01 6.641960e+01 6.990094e+01 7.217077e+01 7.273779e+01 7.198408e+01 6.995725e+01 7.066758e+01 7.466060e+01 8.123370e+01 8.975416e+01 9.981980e+01
6.320484e+01 6.320484e+01 6.320484e+01 6.320490e+01 6.320510e+01 6.321147e+01 6.323134e+01 6.331073e+01 6.337025e+01 6.344299e+01 6.362811e+01 6.386578e+01 6.415496e+01 6.449360e+01 6.487894e+01 6.530809e+01 6.577841e+01 6.867499e+01 7.218948e+01 7.551960e+01 7.761851e+01 7.794311e+01 7.688114e+01 7.421367e+01 7.443533e+01 7.811257e+01 8.449436e+01 9.290515e+01 1.029126e+02
6.968769e+01 6.968769e+01 6.968769e+01 6.968775e+01 6.968795e+01 6.969433e+01 6.971424e+01 6.979375e+01 6.985334e+01 6.992615e+01 7.011133e+01 7.034819e+01 7.063369e+01 7.096331e+01 7.133234e+01 7.173706e+01 7.217523e+01 7.485202e+01 7.817745e+01 8.137791e+01 8.332901e+01 8.342419e+01 8.205303e+01 7.871406e+01 7.840606e+01 8.173226e+01 8.789543e+01 9.617604e+01 1.061102e+02
7.641894e+01 7.641894e+01 7.641894e+01 7.641900e+01 7.641920e+01 7.642559e+01 7.644552e+01 7.652524e+01 7.658506e+01 7.665815e+01 7.684351e+01 7.707808e+01 7.735559e+01 7.766868e+01 7.801137e+01 7.838037e+01 7.877513e+01 8.120235e+01 8.435856e+01 8.746943e+01 8.930878e+01 8.919460e+01 8.751597e+01 8.347324e+01 8.259100e+01 8.552787e+01 9.144297e+01 9.957133e+01 1.094158e+02
8.339261e+01 8.339261e+01 8.339261e+01 8.339268e+01 8.339288e+01 8.339939e+01 8.341966e+01 8.350040e+01 8.356078e+01 8.363431e+01 8.381853e+01 8.404515e+01 8.430338e+01 8.458395e+01 8.488181e+01 8.519656e+01 8.553136e+01 8.768162e+01 9.071119e+01 9.379230e+01 9.556831e+01 9.527093e+01 9.328839e+01 8.850723e+01 8.700204e+01 8.950798e+01 9.514322e+01 1.030956e+02 1.128330e+02
9.060984e+01 9.060984e+01 9.060985e+01 9.060991e+01 9.061012e+01 9.061663e+01 9.063696e+01 9.071817e+01 9.077868e+01 9.085147e+01 9.102709e+01 9.122883e+01 9.144256e+01 9.166127e+01 9.188542e+01 9.212090e+01 9.237655e+01 9.424359e+01 9.721981e+01 1.003511e+02 1.021230e+02 1.016733e+02 9.939121e+01 9.383334e+01 9.165177e+01 9.368157e+01 9.900266e+01 1.067537e+02 1.163652e+02
9.806699e+01 9.806700e+01 9.806700e+01 9.806706e+01 9.806727e+01 9.807391e+01 9.809456e+01 9.817594e+01 9.823389e+01 9.829940e+01 9.843915e+01 9.857356e+01 9.869476e+01 9.880691e+01 9.892142e+01 9.905276e+01 9.921548e+01 1.008446e+02 1.038786e+02 1.071587e+02 1.089942e+02 1.084258e+02 1.058481e+02 9.947020e+01 9.655346e+01 9.805797e+01 1.030280e+02 1.105505e+02 1.200162e+02
1.057654e+02 1.057654e+02 1.057654e+02 1.057654e+02 1.057657e+02 1.057723e+02 1.057929e+02 1.058603e+02 1.058939e+02 1.059204e+02 1.059433e+02 1.059280e+02 1.058895e+02 1.058492e+02 1.058294e+02 1.058499e+02 1.059269e+02 1.074526e+02 1.106957e+02 1.142380e+02 1.162094e+02 1.155565e+02 1.126854e+02 1.054379e+02 1.017211e+02 1.026469e+02 1.072261e+02 1.144910e+02 1.237896e+02
1.137028e+02 1.137028e+02 1.137028e+02 1.137029e+02 1.137030e+02 1.136990e+02 1.136775e+02 1.135780e+02 1.135011e+02 1.134084e+02 1.131887e+02 1.129487e+02 1.127194e+02 1.125289e+02 1.123997e+02 1.123489e+02 1.123882e+02 1.140613e+02 1.176982e+02 1.216230e+02 1.238033e+02 1.230983e+02 1.199326e+02 1.117579e+02 1.071695e+02 1.074586e+02 1.116041e+02 1.185805e+02 1.276894e+02
1.206708e+02 1.206708e+02 1.206708e+02 1.206705e+02 1.206698e+02 1.206453e+02 1.205693e+02 1.202885e+02 1.201063e+02 1.199104e+02 1.195083e+02 1.191312e+02 1.188141e+02 1.185821e+02 1.184518e+02 1.184331e+02 1.185306e+02 1.207056e+02 1.249347e+02 1.293598e+02 1.318173e+02 1.310881e+02 1.276222e+02 1.184532e+02 1.129142e+02 1.125034e+02 1.161694e+02 1.228241e+02 1.317193e+02
1.253123e+02 1.253123e+02 1.253123e+02 1.253121e+02 1.253113e+02 1.252871e+02 1.252211e+02 1.250131e+02 1.248814e+02 1.247386e+02 1.244470e+02 1.241914e+02 1.240125e+02 1.239355e+02 1.239735e+02 1.241318e+02 1.244109e+02 1.274730e+02 1.324768e+02 1.375053e+02 1.402991e+02 1.395672e+02 1.357893e+02 1.255482e+02 1.189714e+02 1.177924e+02 1.209296e+02 1.272273e+02 1.358834e+02
1.282820e+02 1.282820e+02 1.282820e+02 1.282821e+02 1.282822e+02 1.282872e+02 1.283012e+02 1.283280e+02 1.283337e+02 1.283380e+02 1.283632e+02 1.284432e+02 1.286049e+02 1.288627e+02 1.292227e+02 1.296861e+02 1.302519e+02 1.345040e+02 1.404156e+02 1.461258e+02 1.493024e+02 1.485807e+02 1.444724e+02 1.330691e+02 1.253582e+02 1.233368e+02 1.258924e+02 1.317956e+02 1.401858e+02
1.314167e+02 1.314167e+02 1.314167e+02 1.314168e+02 1.314169e+02 1.314219e+02 1.314393e+02 1.315502e+02 1.316580e+02 1.318017e+02 1.321866e+02 1.326832e+02 1.332739e+02 1.339476e+02 1.346977e+02 1.355213e+02 1.364177e+02 1.419766e+02 1.488549e+02 1.552944e+02 1.588854e+02 1.581776e+02 1.537124e+02 1.410433e+02 1.320924e+02 1.291485e+02 1.310659e+02 1.365348e+02 1.446306e+02
1.350048e+02 1.350048e+02 1.350048e+02 1.350053e+02 1.350066e+02 1.350494e+02 1.351711e+02 1.355882e+02 1.358737e+02 1.362047e+02 1.369818e+02 1.378769e+02 1.388564e+02 1.398987e+02 1.409923e+02 1.421335e+02 1.433228e+02 1.500785e+02 1.579025e+02 1.650875e+02 1.691096e+02 1.684099e+02 1.635531e+02 1.494999e+02 1.391926e+02 1.352394e+02 1.364581e+02 1.414506e+02 1.492219e+02
