4.887755e+08 4.327289e+08 4.029217e+08 3.181484e+08 2.820362e+08 2.079742e+08 1.899919e+08 1.831933e+08 1.835341e+08 1.849925e+08 1.908141e+08 2.001218e+08 2.115817e+08 2.235493e+08 2.348846e+08 2.450723e+08 2.540093e+08 2.846481e+08 3.040506e+08 3.214686e+08 3.410083e+08 3.643802e+08 3.918690e+08 4.559264e+08 5.229596e+08 5.830026e+08 6.305373e+08 6.642077e+08 6.851161e+08
2.043121e+08 2.043140e+08 2.043180e+08 2.042663e+08 2.034308e+08 1.932008e+08 1.855024e+08 1.824201e+08 1.832142e+08 1.848917e+08 1.908768e+08 2.002296e+08 2.117077e+08 2.236886e+08 2.350367e+08 2.452372e+08 2.541868e+08 2.848771e+08 3.043149e+08 3.217669e+08 3.413451e+08 3.647588e+08 3.922887e+08 4.564080e+08 5.234567e+08 5.834674e+08 6.309363e+08 6.645243e+08 6.853471e+08
1.852049e+08 1.852056e+08 1.852075e+08 1.852429e+08 1.852593e+08 1.845949e+08 1.813268e+08 1.815072e+08 1.828366e+08 1.847647e+08 1.909296e+08 2.003311e+08 2.118302e+08 2.238265e+08 2.351894e+08 2.454044e+08 2.543679e+08 2.851124e+08 3.045860e+08 3.220720e+08 3.416887e+08 3.651443e+08 3.927153e+08 4.568959e+08 5.239590e+08 5.839361e+08 6.313380e+08 6.648425e+08 6.855788e+08
1.794560e+08 1.794564e+08 1.794575e+08 1.794837e+08 1.795342e+08 1.788007e+08 1.807714e+08 1.806588e+08 1.824296e+08 1.846052e+08 1.909601e+08 2.004177e+08 2.119434e+08 2.239595e+08 2.353403e+08 2.455721e+08 2.545514e+08 2.853540e+08 3.048638e+08 3.223840e+08 3.420393e+08 3.655368e+08 3.931488e+08 4.573902e+08 5.244666e+08 5.844088e+08 6.317422e+08 6.651621e+08 6.858110e+08
1.778913e+08 1.778915e+08 1.778922e+08 1.779105e+08 1.779532e+08 1.776504e+08 1.796208e+08 1.807637e+08 1.821907e+08 1.844561e+08 1.909601e+08 2.004805e+08 2.120410e+08 2.240833e+08 2.354865e+08 2.457384e+08 2.547357e+08 2.856013e+08 3.051483e+08 3.227027e+08 3.423967e+08 3.659362e+08 3.935892e+08 4.578909e+08 5.249795e+08 5.848853e+08 6.321490e+08 6.654832e+08 6.860439e+08
1.780544e+08 1.780546e+08 1.780551e+08 1.780685e+08 1.781021e+08 1.781628e+08 1.788965e+08 1.821264e+08 1.827168e+08 1.844917e+08 1.909430e+08 2.005150e+08 2.121178e+08 2.241937e+08 2.356249e+08 2.459010e+08 2.549194e+08 2.858540e+08 3.054392e+08 3.230282e+08 3.427611e+08 3.663426e+08 3.940366e+08 4.583980e+08 5.254977e+08 5.853658e+08 6.325583e+08 6.658057e+08 6.862774e+08
1.790292e+08 1.790294e+08 1.790297e+08 1.790399e+08 1.790666e+08 1.792898e+08 1.793448e+08 1.834960e+08 1.840515e+08 1.851279e+08 1.909657e+08 2.005282e+08 2.121721e+08 2.242877e+08 2.357529e+08 2.460578e+08 2.551006e+08 2.861116e+08 3.057365e+08 3.233604e+08 3.431323e+08 3.667560e+08 3.944909e+08 4.589115e+08 5.260211e+08 5.858502e+08 6.329703e+08 6.661297e+08 6.865114e+08
1.804181e+08 1.804182e+08 1.804185e+08 1.804266e+08 1.804483e+08 1.807255e+08 1.806082e+08 1.843999e+08 1.854289e+08 1.863027e+08 1.911561e+08 2.005468e+08 2.122088e+08 2.243650e+08 2.358688e+08 2.462071e+08 2.552781e+08 2.863737e+08 3.060400e+08 3.236993e+08 3.435105e+08 3.671764e+08 3.949522e+08 4.594314e+08 5.265499e+08 5.863385e+08 6.333848e+08 6.664551e+08 6.867460e+08
1.820317e+08 1.820318e+08 1.820320e+08 1.820387e+08 1.820568e+08 1.823424e+08 1.822470e+08 1.849452e+08 1.864593e+08 1.875190e+08 1.917415e+08 2.006254e+08 2.122433e+08 2.244294e+08 2.359729e+08 2.463480e+08 2.554506e+08 2.866397e+08 3.063495e+08 3.240448e+08 3.438956e+08 3.676039e+08 3.954206e+08 4.599578e+08 5.270839e+08 5.868306e+08 6.338018e+08 6.667819e+08 6.869811e+08
1.837758e+08 1.837758e+08 1.837760e+08 1.837816e+08 1.837971e+08 1.840680e+08 1.839762e+08 1.853624e+08 1.870762e+08 1.884902e+08 1.926083e+08 2.008626e+08 2.123048e+08 2.244909e+08 2.360683e+08 2.464811e+08 2.556177e+08 2.869092e+08 3.066648e+08 3.243968e+08 3.442875e+08 3.680384e+08 3.958960e+08 4.604907e+08 5.276233e+08 5.873267e+08 6.342214e+08 6.671101e+08 6.872168e+08
1.856015e+08 1.856015e+08 1.856017e+08 1.856064e+08 1.856197e+08 1.858214e+08 1.855824e+08 1.857734e+08 1.873836e+08 1.891142e+08 1.935233e+08 2.013926e+08 2.124405e+08 2.245667e+08 2.361615e+08 2.466086e+08 2.557801e+08 2.871817e+08 3.069857e+08 3.247553e+08 3.446864e+08 3.684800e+08 3.963784e+08 4.610300e+08 5.281679e+08 5.878266e+08 6.346434e+08 6.674396e+08 6.874529e+08
1.880465e+08 1.880465e+08 1.880466e+08 1.880480e+08 1.880518e+08 1.881159e+08 1.880988e+08 1.873940e+08 1.877699e+08 1.893572e+08 1.957472e+08 2.048152e+08 2.153280e+08 2.263804e+08 2.372264e+08 2.474421e+08 2.566484e+08 2.885812e+08 3.086670e+08 3.266415e+08 3.467822e+08 3.707933e+08 3.988965e+08 4.638241e+08 5.309706e+08 5.903839e+08 6.367907e+08 6.691073e+08 6.886406e+08
1.882231e+08 1.882232e+08 1.882232e+08 1.882243e+08 1.882276e+08 1.883048e+08 1.884506e+08 1.886352e+08 1.889906e+08 1.901100e+08 1.959128e+08 2.059653e+08 2.178840e+08 2.296754e+08 2.404659e+08 2.500856e+08 2.586369e+08 2.900849e+08 3.104660e+08 3.286756e+08 3.490437e+08 3.732811e+08 4.015910e+08 4.667806e+08 5.339051e+08 5.930362e+08 6.389981e+08 6.708062e+08 6.898380e+08
1.901951e+08 1.901951e+08 1.901951e+08 1.901961e+08 1.901989e+08 1.902735e+08 1.904486e+08 1.908864e+08 1.913338e+08 1.923012e+08 1.971294e+08 2.064649e+08 2.187421e+08 2.315738e+08 2.433533e+08 2.535217e+08 2.621535e+08 2.919491e+08 3.124014e+08 3.308524e+08 3.514659e+08 3.759406e+08 4.044605e+08 4.698989e+08 5.369700e+08 5.957810e+08 6.412627e+08 6.725338e+08 6.910426e+08
1.935600e+08 1.935600e+08 1.935600e+08 1.935603e+08 1.935612e+08 1.935730e+08 1.935648e+08 1.935626e+08 1.938311e+08 1.946112e+08 1.988288e+08 2.073739e+08 2.192491e+08 2.323833e+08 2.449869e+08 2.560884e+08 2.654431e+08 2.948413e+08 3.145665e+08 3.331848e+08 3.540483e+08 3.787698e+08 4.075031e+08 4.731773e+08 5.401630e+08 5.986157e+08 6.435815e+08 6.742868e+08 6.922516e+08
1.946379e+08 1.946379e+08 1.946380e+08 1.946381e+08 1.946386e+08 1.946483e+08 1.946390e+08 1.945934e+08 1.948491e+08 1.956406e+08 1.998782e+08 2.082887e+08 2.199504e+08 2.330614e+08 2.460073e+08 2.577671e+08 2.678979e+08 2.986962e+08 3.171779e+08 3.357179e+08 3.568003e+08 3.817693e+08 4.107176e+08 4.766134e+08 5.434812e+08 6.015367e+08 6.459510e+08 6.760620e+08 6.934620e+08
1.939249e+08 1.939249e+08 1.939249e+08 1.939251e+08 1.939257e+08 1.939378e+08 1.939567e+08 1.940885e+08 1.944901e+08 1.954661e+08 2.001532e+08 2.089631e+08 2.208346e+08 2.340221e+08 2.470883e+08 2.591495e+08 2.697763e+08 3.027568e+08 3.206269e+08 3.385448e+08 3.597477e+08 3.849459e+08 4.141045e+08 4.802048e+08 5.469210e+08 6.045402e+08 6.483673e+08 6.778558e+08 6.946707e+08
1.930129e+08 1.930129e+08 1.930129e+08 1.930132e+08 1.930140e+08 1.930355e+08 1.930906e+08 1.933914e+08 1.939266e+08 1.950727e+08 2.002163e+08 2.095613e+08 2.218748e+08 2.353160e+08 2.485021e+08 2.606814e+08 2.715315e+08 3.065911e+08 3.247439e+08 3.418354e+08 3.629391e+08 3.883155e+08 4.176682e+08 4.839492e+08 5.504787e+08 6.076217e+08 6.508261e+08 6.796643e+08 6.958745e+08
1.929660e+08 1.929660e+08 1.929660e+08 1.929663e+08 1.929671e+08 1.929924e+08 1.930589e+08 1.933837e+08 1.939385e+08 1.951289e+08 2.005012e+08 2.102687e+08 2.230578e+08 2.368635e+08 2.502480e+08 2.625175e+08 2.734511e+08 3.100527e+08 3.291500e+08 3.458260e+08 3.664553e+08 3.919063e+08 4.214186e+08 4.878454e+08 5.541502e+08 6.107768e+08 6.533229e+08 6.814835e+08 6.970698e+08
1.937667e+08 1.937667e+08 1.937667e+08 1.937667e+08 1.937668e+08 1.937668e+08 1.937641e+08 1.939102e+08 1.943883e+08 1.955335e+08 2.009794e+08 2.110661e+08 2.243114e+08 2.385430e+08 2.522164e+08 2.646308e+08 2.756266e+08 3.132003e+08 3.335938e+08 3.503392e+08 3.704355e+08 3.957635e+08 4.253730e+08 4.918937e+08 5.579317e+08 6.140005e+08 6.558529e+08 6.833090e+08 6.982530e+08
1.939438e+08 1.939438e+08 1.939438e+08 1.939439e+08 1.939442e+08 1.939524e+08 1.939698e+08 1.941450e+08 1.946340e+08 1.958039e+08 2.014041e+08 2.118297e+08 2.255431e+08 2.402472e+08 2.542911e+08 2.669336e+08 2.780383e+08 3.161850e+08 3.379274e+08 3.551615e+08 3.750111e+08 3.999558e+08 4.295586e+08 4.960969e+08 5.618199e+08 6.172880e+08 6.584111e+08 6.851367e+08 6.994206e+08
1.939210e+08 1.939210e+08 1.939210e+08 1.939212e+08 1.939217e+08 1.939336e+08 1.939580e+08 1.941741e+08 1.947040e+08 1.959351e+08 2.017490e+08 2.125372e+08 2.267264e+08 2.419289e+08 2.564018e+08 2.693504e+08 2.806343e+08 3.191621e+08 3.420984e+08 3.601353e+08 3.800287e+08 4.046013e+08 4.340152e+08 5.004609e+08 5.658124e+08 6.206344e+08 6.609927e+08 6.869618e+08 7.005686e+08
1.940052e+08 1.940052e+08 1.940052e+08 1.940053e+08 1.940058e+08 1.940191e+08 1.940539e+08 1.943051e+08 1.948637e+08 1.961416e+08 2.021397e+08 2.132602e+08 2.279011e+08 2.435996e+08 2.585308e+08 2.718418e+08 2.833709e+08 3.222497e+08 3.461259e+08 3.651465e+08 3.853516e+08 4.097586e+08 4.388023e+08 5.049957e+08 5.699078e+08 6.240353e+08 6.635926e+08 6.887799e+08 7.016933e+08
1.944286e+08 1.944286e+08 1.944286e+08 1.944287e+08 1.944288e+08 1.944327e+08 1.944450e+08 1.946584e+08 1.952148e+08 1.965116e+08 2.026445e+08 2.140547e+08 2.291144e+08 2.452926e+08 2.606902e+08 2.743973e+08 2.862221e+08 3.255188e+08 3.500694e+08 3.701245e+08 3.908711e+08 4.153031e+08 4.440211e+08 5.097165e+08 5.741063e+08 6.274867e+08 6.662059e+08 6.905865e+08 7.027909e+08
1.948361e+08 1.948361e+08 1.948361e+08 1.948362e+08 1.948365e+08 1.948443e+08 1.948659e+08 1.950961e+08 1.956637e+08 1.969845e+08 2.032457e+08 2.149292e+08 2.303892e+08 2.470339e+08 2.628979e+08 2.770189e+08 2.891736e+08 3.290003e+08 3.540005e+08 3.750384e+08 3.964999e+08 4.211382e+08 4.496798e+08 5.146446e+08 5.784102e+08 6.309851e+08 6.688279e+08 6.923770e+08 7.038575e+08
1.953941e+08 1.953941e+08 1.953941e+08 1.953942e+08 1.953944e+08 1.954002e+08 1.954168e+08 1.956355e+08 1.962042e+08 1.975412e+08 2.039217e+08 2.158739e+08 2.317298e+08 2.488360e+08 2.651655e+08 2.797097e+08 2.922159e+08 3.326961e+08 3.579837e+08 3.798882e+08 4.021723e+08 4.271832e+08 4.556791e+08 5.198106e+08 5.828240e+08 6.345283e+08 6.714544e+08 6.941472e+08 7.048894e+08
1.960047e+08 1.960047e+08 1.960047e+08 1.960047e+08 1.960048e+08 1.960067e+08 1.960130e+08 1.962073e+08 1.967729e+08 1.981254e+08 2.046324e+08 2.168661e+08 2.331281e+08 2.507003e+08 2.674971e+08 2.824692e+08 2.953396e+08 3.365889e+08 3.620671e+08 3.846939e+08 4.078450e+08 4.333695e+08 4.619455e+08 5.252617e+08 5.873554e+08 6.381146e+08 6.740813e+08 6.958927e+08 7.058828e+08
1.964762e+08 1.964762e+08 1.964762e+08 1.964763e+08 1.964764e+08 1.964806e+08 1.964924e+08 1.967002e+08 1.972820e+08 1.986692e+08 2.053404e+08 2.178876e+08 2.345769e+08 2.526254e+08 2.698922e+08 2.852937e+08 2.985339e+08 3.406499e+08 3.662789e+08 3.894851e+08 4.134944e+08 4.396406e+08 4.684157e+08 5.310648e+08 5.920153e+08 6.417440e+08 6.767054e+08 6.976098e+08 7.068343e+08
1.969291e+08 1.969291e+08 1.969291e+08 1.969291e+08 1.969292e+08 1.969328e+08 1.969435e+08 1.971604e+08 1.977645e+08 1.991976e+08 2.060616e+08 2.189483e+08 2.360816e+08 2.546125e+08 2.723482e+08 2.881756e+08 3.017845e+08 3.448435e+08 3.706296e+08 3.942930e+08 4.191135e+08 4.459530e+08 4.750337e+08 5.371727e+08 5.968199e+08 6.454179e+08 6.793239e+08 6.992948e+08 7.077406e+08
1.973894e+08 1.973894e+08 1.973894e+08 1.973895e+08 1.973897e+08 1.973953e+08 1.974118e+08 1.976531e+08 1.982865e+08 1.997721e+08 2.068410e+08 2.200748e+08 2.376532e+08 2.566615e+08 2.748570e+08 2.911006e+08 3.050717e+08 3.491305e+08 3.751153e+08 3.991447e+08 4.247075e+08 4.522760e+08 4.817510e+08 5.435224e+08 6.017927e+08 6.491393e+08 6.819348e+08 7.009445e+08 7.085983e+08
1.980046e+08 1.980046e+08 1.980046e+08 1.980047e+08 1.980049e+08 1.980105e+08 1.980271e+08 1.982761e+08 1.989299e+08 2.004595e+08 2.077177e+08 2.212835e+08 2.392908e+08 2.587597e+08 2.773987e+08 2.940442e+08 3.083677e+08 3.534709e+08 3.797214e+08 4.040608e+08 4.302890e+08 4.585908e+08 4.885271e+08 5.500641e+08 6.069746e+08 6.529138e+08 6.845372e+08 7.025561e+08 7.094048e+08
1.987738e+08 1.987738e+08 1.987738e+08 1.987739e+08 1.987740e+08 1.987784e+08 1.987908e+08 1.990316e+08 1.996960e+08 2.012593e+08 2.086845e+08 2.225577e+08 2.409692e+08 2.608757e+08 2.799388e+08 2.969712e+08 3.116371e+08 3.578251e+08 3.844268e+08 4.090541e+08 4.358741e+08 4.648888e+08 4.953300e+08 5.567530e+08 6.123883e+08 6.567494e+08 6.871309e+08 7.041275e+08 7.101573e+08
1.995837e+08 1.995837e+08 1.995837e+08 1.995838e+08 1.995839e+08 1.995871e+08 1.995970e+08 1.998369e+08 2.005145e+08 2.021114e+08 2.096934e+08 2.238525e+08 2.426427e+08 2.629637e+08 2.824325e+08 2.998390e+08 3.148398e+08 3.621559e+08 3.892070e+08 4.141309e+08 4.414797e+08 4.711692e+08 5.021358e+08 5.635478e+08 6.179784e+08 6.606584e+08 6.897172e+08 7.056569e+08 7.108536e+08
2.003944e+08 2.003944e+08 2.003944e+08 2.003944e+08 2.003946e+08 2.003985e+08 2.004098e+08 2.006554e+08 2.013467e+08 2.029748e+08 2.106985e+08 2.251190e+08 2.442617e+08 2.649751e+08 2.848341e+08 3.026053e+08 3.179369e+08 3.664306e+08 3.940366e+08 4.192913e+08 4.471213e+08 4.774370e+08 5.089282e+08 5.704106e+08 6.237011e+08 6.646599e+08 6.922986e+08 7.071433e+08 7.114918e+08
2.012352e+08 2.012352e+08 2.012352e+08 2.012352e+08 2.012352e+08 2.012366e+08 2.012409e+08 2.014718e+08 2.021670e+08 2.038162e+08 2.116579e+08 2.263119e+08 2.457807e+08 2.668664e+08 2.871031e+08 3.052330e+08 3.208947e+08 3.706214e+08 3.988914e+08 4.245311e+08 4.528118e+08 4.837007e+08 5.156975e+08 5.773068e+08 6.295185e+08 6.687878e+08 6.948795e+08 7.085864e+08 7.120704e+08
2.019653e+08 2.019653e+08 2.019653e+08 2.019653e+08 2.019654e+08 2.019668e+08 2.019707e+08 2.022003e+08 2.029026e+08 2.045727e+08 2.125209e+08 2.273876e+08 2.471611e+08 2.686030e+08 2.892081e+08 3.076937e+08 3.236875e+08 3.747067e+08 4.037497e+08 4.298435e+08 4.585609e+08 4.899706e+08 5.224397e+08 5.842059e+08 6.353962e+08 6.730279e+08 6.974664e+08 7.099869e+08 7.125885e+08
2.025781e+08 2.025781e+08 2.025781e+08 2.025781e+08 2.025782e+08 2.025787e+08 2.025805e+08 2.028068e+08 2.035157e+08 2.052049e+08 2.132508e+08 2.283142e+08 2.483754e+08 2.701608e+08 2.911277e+08 3.099682e+08 3.262979e+08 3.786708e+08 4.085929e+08 4.352197e+08 4.643753e+08 4.962572e+08 5.291548e+08 5.910813e+08 6.413013e+08 6.773372e+08 7.000696e+08 7.113463e+08 7.130455e+08
2.030429e+08 2.030429e+08 2.030429e+08 2.030429e+08 2.030430e+08 2.030430e+08 2.030431e+08 2.032674e+08 2.039831e+08 2.056908e+08 2.138272e+08 2.290741e+08 2.494084e+08 2.715266e+08 2.928503e+08 3.120462e+08 3.287162e+08 3.825034e+08 4.134061e+08 4.406503e+08 4.702587e+08 5.025705e+08 5.358455e+08 5.979103e+08 6.472031e+08 6.816833e+08 7.027066e+08 7.126672e+08 7.134415e+08
2.033415e+08 2.033415e+08 2.033415e+08 2.033415e+08 2.033415e+08 2.033417e+08 2.033420e+08 2.035697e+08 2.042944e+08 2.060212e+08 2.142435e+08 2.296617e+08 2.502557e+08 2.726966e+08 2.943727e+08 3.139246e+08 3.309398e+08 3.861992e+08 4.181777e+08 4.461262e+08 4.762126e+08 5.089188e+08 5.425164e+08 6.046741e+08 6.530726e+08 6.860373e+08 7.053980e+08 7.139539e+08 7.137771e+08
2.034988e+08 2.034988e+08 2.034988e+08 2.034988e+08 2.034988e+08 2.034989e+08 2.034988e+08 2.037288e+08 2.044617e+08 2.062062e+08 2.145061e+08 2.300819e+08 2.509212e+08 2.736744e+08 2.956980e+08 3.156064e+08 3.329713e+08 3.897571e+08 4.228994e+08 4.516387e+08 4.822364e+08 5.153087e+08 5.491726e+08 6.113576e+08 6.588829e+08 6.903725e+08 7.081140e+08 7.152123e+08 7.140536e+08
2.035271e+08 2.035271e+08 2.035271e+08 2.035271e+08 2.035271e+08 2.035270e+08 2.035266e+08 2.037584e+08 2.044985e+08 2.062582e+08 2.146259e+08 2.303439e+08 2.514133e+08 2.744680e+08 2.968338e+08 3.170986e+08 3.348170e+08 3.931786e+08 4.275659e+08 4.571803e+08 4.883279e+08 5.217449e+08 5.558192e+08 6.179487e+08 6.646093e+08 6.946636e+08 7.108252e+08 7.164520e+08 7.142732e+08
2.034349e+08 2.034349e+08 2.034349e+08 2.034349e+08 2.034349e+08 2.034348e+08 2.034342e+08 2.036680e+08 2.044144e+08 2.061872e+08 2.146126e+08 2.304578e+08 2.517422e+08 2.750874e+08 2.977900e+08 3.184104e+08 3.364854e+08 3.964676e+08 4.321745e+08 4.627445e+08 4.944840e+08 5.282299e+08 5.624605e+08 6.244380e+08 6.702293e+08 6.988863e+08 7.135082e+08 7.176906e+08 7.144389e+08
2.032329e+08 2.032329e+08 2.032329e+08 2.032329e+08 2.032329e+08 2.032326e+08 2.032318e+08 2.034669e+08 2.042185e+08 2.060018e+08 2.144753e+08 2.304332e+08 2.519182e+08 2.755432e+08 2.985768e+08 3.195515e+08 3.379854e+08 3.996291e+08 4.367245e+08 4.683260e+08 5.007007e+08 5.347645e+08 5.690996e+08 6.308185e+08 6.757228e+08 7.030180e+08 7.161418e+08 7.189303e+08 7.145552e+08
2.029275e+08 2.029275e+08 2.029275e+08 2.029275e+08 2.029275e+08 2.029271e+08 2.029257e+08 2.031611e+08 2.039167e+08 2.057085e+08 2.142216e+08 2.302790e+08 2.519510e+08 2.758451e+08 2.992034e+08 3.205308e+08 3.393253e+08 4.026691e+08 4.412168e+08 4.739210e+08 5.069734e+08 5.413476e+08 5.757380e+08 6.370844e+08 6.810719e+08 7.070372e+08 7.187063e+08 7.201444e+08 7.146280e+08
2.025181e+08 2.025181e+08 2.025181e+08 2.025181e+08 2.025181e+08 2.025176e+08 2.025162e+08 2.027536e+08 2.035135e+08 2.053129e+08 2.138589e+08 2.300035e+08 2.518487e+08 2.760009e+08 2.996774e+08 3.213552e+08 3.405120e+08 4.055935e+08 4.456540e+08 4.795266e+08 5.132975e+08 5.479763e+08 5.823756e+08 6.432313e+08 6.862608e+08 7.109240e+08 7.211831e+08 7.213135e+08 7.146670e+08
2.020166e+08 2.020166e+08 2.020166e+08 2.020166e+08 2.020166e+08 2.020163e+08 2.020154e+08 2.022558e+08 2.030199e+08 2.048256e+08 2.133967e+08 2.296148e+08 2.516181e+08 2.760165e+08 3.000041e+08 3.220299e+08 3.415506e+08 4.084087e+08 4.500399e+08 4.851412e+08 5.196680e+08 5.546465e+08 5.890106e+08 6.492551e+08 6.912760e+08 7.146597e+08 7.235547e+08 7.224211e+08 7.146873e+08
2.014434e+08 2.014434e+08 2.014434e+08 2.014434e+08 2.014434e+08 2.014431e+08 2.014423e+08 2.016841e+08 2.024508e+08 2.042598e+08 2.128446e+08 2.291192e+08 2.512636e+08 2.758951e+08 3.001865e+08 3.225586e+08 3.424454e+08 4.111215e+08 4.543794e+08 4.907640e+08 5.260796e+08 5.613524e+08 5.956393e+08 6.551521e+08 6.961056e+08 7.182275e+08 7.258045e+08 7.234522e+08 7.146782e+08
2.008084e+08 2.008084e+08 2.008084e+08 2.008084e+08 2.008084e+08 2.008079e+08 2.008065e+08 2.010475e+08 2.018142e+08 2.036222e+08 2.122064e+08 2.285184e+08 2.507859e+08 2.756378e+08 3.002265e+08 3.229439e+08 3.432002e+08 4.137396e+08 4.586785e+08 4.963951e+08 5.325270e+08 5.680872e+08 6.022562e+08 6.609184e+08 7.007394e+08 7.216122e+08 7.279172e+08 7.243933e+08 7.146218e+08
2.001068e+08 2.001068e+08 2.001068e+08 2.001068e+08 2.001068e+08 2.001060e+08 2.001038e+08 2.003417e+08 2.011056e+08 2.029083e+08 2.114776e+08 2.278084e+08 2.501823e+08 2.752436e+08 3.001251e+08 3.231886e+08 3.438194e+08 4.162713e+08 4.629442e+08 5.020353e+08 5.390049e+08 5.748427e+08 6.088541e+08 6.665493e+08 7.051687e+08 7.248001e+08 7.298781e+08 7.252314e+08 7.145049e+08
1.993222e+08 1.993222e+08 1.993222e+08 1.993222e+08 1.993222e+08 1.993212e+08 1.993180e+08 1.995516e+08 2.003109e+08 2.021047e+08 2.106471e+08 2.269816e+08 2.494487e+08 2.747115e+08 2.998839e+08 3.232968e+08 3.443087e+08 4.187267e+08 4.671843e+08 5.076858e+08 5.455074e+08 5.816096e+08 6.154241e+08 6.720397e+08 7.093858e+08 7.277790e+08 7.316743e+08 7.259547e+08 7.143165e+08
1.984344e+08 1.984344e+08 1.984344e+08 1.984344e+08 1.984344e+08 1.984330e+08 1.984287e+08 1.986580e+08 1.994118e+08 2.011950e+08 2.097028e+08 2.260304e+08 2.485820e+08 2.740424e+08 2.995069e+08 3.232745e+08 3.446760e+08 4.211169e+08 4.714074e+08 5.133481e+08 5.520283e+08 5.883774e+08 6.219555e+08 6.773836e+08 7.133842e+08 7.305385e+08 7.332935e+08 7.265521e+08 7.140467e+08
1.974267e+08 1.974267e+08 1.974267e+08 1.974267e+08 1.974266e+08 1.974251e+08 1.974206e+08 1.976476e+08 1.983965e+08 2.001684e+08 2.086375e+08 2.249519e+08 2.475833e+08 2.732407e+08 2.990012e+08 3.231310e+08 3.449320e+08 4.234546e+08 4.756226e+08 5.190235e+08 5.585607e+08 5.951344e+08 6.284364e+08 6.825740e+08 7.171578e+08 7.330695e+08 7.347249e+08 7.270133e+08 7.136862e+08
1.963004e+08 1.963004e+08 1.963004e+08 1.963003e+08 1.963003e+08 1.962988e+08 1.962944e+08 1.965203e+08 1.972645e+08 1.990250e+08 2.074526e+08 2.237499e+08 2.464591e+08 2.723155e+08 2.983779e+08 3.228789e+08 3.450904e+08 4.257537e+08 4.798392e+08 5.247130e+08 5.650970e+08 6.018678e+08 6.348529e+08 6.876028e+08 7.207014e+08 7.353643e+08 7.359591e+08 7.273289e+08 7.132269e+08
1.950657e+08 1.950657e+08 1.950657e+08 1.950657e+08 1.950656e+08 1.950641e+08 1.950598e+08 1.952848e+08 1.960243e+08 1.977727e+08 2.061563e+08 2.224337e+08 2.452207e+08 2.712799e+08 2.976516e+08 3.225338e+08 3.451672e+08 4.280289e+08 4.840665e+08 5.304170e+08 5.716287e+08 6.085633e+08 6.411902e+08 6.924610e+08 7.240100e+08 7.374166e+08 7.369875e+08 7.274904e+08 7.126610e+08
1.937341e+08 1.937341e+08 1.937341e+08 1.937341e+08 1.937341e+08 1.937327e+08 1.937285e+08 1.939527e+08 1.946872e+08 1.964229e+08 2.047602e+08 2.210160e+08 2.438822e+08 2.701494e+08 2.968391e+08 3.221132e+08 3.451803e+08 4.302954e+08 4.883131e+08 5.361348e+08 5.781457e+08 6.152055e+08 6.474316e+08 6.971386e+08 7.270788e+08 7.392212e+08 7.378032e+08 7.274901e+08 7.119815e+08
1.923181e+08 1.923181e+08 1.923181e+08 1.923181e+08 1.923181e+08 1.923168e+08 1.923130e+08 1.925365e+08 1.932656e+08 1.949878e+08 2.032768e+08 2.195107e+08 2.424589e+08 2.689409e+08 2.959581e+08 3.216353e+08 3.451479e+08 4.325680e+08 4.925866e+08 5.418644e+08 5.846368e+08 6.217776e+08 6.535596e+08 7.016248e+08 7.299034e+08 7.407741e+08 7.384003e+08 7.273213e+08 7.111821e+08
1.908304e+08 1.908304e+08 1.908304e+08 1.908304e+08 1.908304e+08 1.908292e+08 1.908255e+08 1.910479e+08 1.917711e+08 1.934794e+08 2.017193e+08 2.179321e+08 2.409669e+08 2.676716e+08 2.950263e+08 3.211180e+08 3.450878e+08 4.348604e+08 4.968935e+08 5.476019e+08 5.910891e+08 6.282613e+08 6.595551e+08 7.059079e+08 7.324792e+08 7.420722e+08 7.387740e+08 7.269783e+08 7.102570e+08
1.892802e+08 1.892802e+08 1.892802e+08 1.892802e+08 1.892802e+08 1.892789e+08 1.892754e+08 1.894967e+08 1.902144e+08 1.919088e+08 2.001002e+08 2.162945e+08 2.394215e+08 2.663575e+08 2.940605e+08 3.205781e+08 3.450164e+08 4.371851e+08 5.012380e+08 5.533414e+08 5.974876e+08 6.346370e+08 6.653982e+08 7.099754e+08 7.348020e+08 7.431133e+08 7.389209e+08 7.264562e+08 7.092012e+08
1.876774e+08 1.876774e+08 1.876774e+08 1.876774e+08 1.876774e+08 1.876764e+08 1.876735e+08 1.878950e+08 1.886075e+08 1.902884e+08 1.984325e+08 2.146116e+08 2.378371e+08 2.650135e+08 2.930755e+08 3.200301e+08 3.449480e+08 4.395524e+08 5.056223e+08 5.590747e+08 6.038157e+08 6.408835e+08 6.710678e+08 7.138145e+08 7.368674e+08 7.438959e+08 7.388385e+08 7.257511e+08 7.080104e+08
1.860397e+08 1.860397e+08 1.860397e+08 1.860397e+08 1.860397e+08 1.860389e+08 1.860364e+08 1.862574e+08 1.869645e+08 1.886319e+08 1.967295e+08 2.128964e+08 2.362267e+08 2.636524e+08 2.920840e+08 3.194867e+08 3.448947e+08 4.419705e+08 5.100460e+08 5.647908e+08 6.100543e+08 6.469783e+08 6.765420e+08 7.174120e+08 7.386712e+08 7.444195e+08 7.385253e+08 7.248601e+08 7.066808e+08
1.843791e+08 1.843791e+08 1.843791e+08 1.843791e+08 1.843791e+08 1.843782e+08 1.843759e+08 1.845960e+08 1.852975e+08 1.869513e+08 1.950029e+08 2.111604e+08 2.346015e+08 2.622852e+08 2.910964e+08 3.189578e+08 3.448664e+08 4.444453e+08 5.145057e+08 5.704758e+08 6.161824e+08 6.528978e+08 6.817984e+08 7.207543e+08 7.402093e+08 7.446839e+08 7.379810e+08 7.237810e+08 7.052093e+08
1.827039e+08 1.827039e+08 1.827039e+08 1.827039e+08 1.827039e+08 1.827032e+08 1.827013e+08 1.829209e+08 1.836167e+08 1.852566e+08 1.932623e+08 2.094129e+08 2.329703e+08 2.609202e+08 2.901210e+08 3.184514e+08 3.448705e+08 4.469801e+08 5.189950e+08 5.761130e+08 6.221767e+08 6.586168e+08 6.868139e+08 7.238280e+08 7.414778e+08 7.446897e+08 7.372059e+08 7.225128e+08 7.035936e+08
1.810251e+08 1.810251e+08 1.810251e+08 1.810251e+08 1.810251e+08 1.810244e+08 1.810226e+08 1.812403e+08 1.819297e+08 1.835552e+08 1.915146e+08 2.076604e+08 2.313396e+08 2.595640e+08 2.891640e+08 3.179736e+08 3.449126e+08 4.495756e+08 5.235040e+08 5.816822e+08 6.280119e+08 6.641094e+08 6.915651e+08 7.266197e+08 7.424730e+08 7.444380e+08 7.362014e+08 7.210551e+08 7.018321e+08
1.793437e+08 1.793437e+08 1.793437e+08 1.793437e+08 1.793436e+08 1.793430e+08 1.793411e+08 1.795567e+08 1.802395e+08 1.818503e+08 1.897637e+08 2.059074e+08 2.297140e+08 2.582211e+08 2.882299e+08 3.175284e+08 3.449967e+08 4.522302e+08 5.280193e+08 5.871604e+08 6.336605e+08 6.693488e+08 6.960287e+08 7.291166e+08 7.431914e+08 7.439304e+08 7.349695e+08 7.194083e+08 6.999235e+08
1.776594e+08 1.776594e+08 1.776594e+08 1.776594e+08 1.776594e+08 1.776588e+08 1.776570e+08 1.778707e+08 1.785469e+08 1.801430e+08 1.880114e+08 2.041563e+08 2.280967e+08 2.568949e+08 2.873220e+08 3.171190e+08 3.451254e+08 4.549394e+08 5.325239e+08 5.925211e+08 6.390935e+08 6.743076e+08 7.001816e+08 7.313060e+08 7.436301e+08 7.431691e+08 7.335130e+08 7.175737e+08 6.978677e+08
1.759738e+08 1.759738e+08 1.759738e+08 1.759738e+08 1.759738e+08 1.759731e+08 1.759713e+08 1.761832e+08 1.768530e+08 1.784347e+08 1.862598e+08 2.024097e+08 2.264902e+08 2.555878e+08 2.864426e+08 3.167475e+08 3.453002e+08 4.576961e+08 5.369969e+08 5.977352e+08 6.442802e+08 6.789583e+08 7.040012e+08 7.331765e+08 7.437865e+08 7.421565e+08 7.318353e+08 7.155532e+08 6.956648e+08
1.742882e+08 1.742882e+08 1.742882e+08 1.742882e+08 1.742882e+08 1.742876e+08 1.742861e+08 1.744966e+08 1.751602e+08 1.767280e+08 1.845114e+08 2.006702e+08 2.248971e+08 2.543024e+08 2.855941e+08 3.164156e+08 3.455221e+08 4.604902e+08 5.414136e+08 6.027707e+08 6.491890e+08 6.832735e+08 7.074656e+08 7.347173e+08 7.436588e+08 7.408956e+08 7.299403e+08 7.133496e+08 6.933156e+08
1.726078e+08 1.726078e+08 1.726078e+08 1.726078e+08 1.726078e+08 1.726073e+08 1.726059e+08 1.728150e+08 1.734725e+08 1.750266e+08 1.827698e+08 1.989410e+08 2.233204e+08 2.530414e+08 2.847785e+08 3.161248e+08 3.457912e+08 4.633085e+08 5.457456e+08 6.075929e+08 6.537873e+08 6.872262e+08 7.105542e+08 7.359188e+08 7.432454e+08 7.393899e+08 7.278326e+08 7.109660e+08 6.908215e+08
1.709365e+08 1.709365e+08 1.709365e+08 1.709365e+08 1.709365e+08 1.709360e+08 1.709348e+08 1.711425e+08 1.717939e+08 1.733344e+08 1.810384e+08 1.972253e+08 2.217629e+08 2.518073e+08 2.839980e+08 3.158761e+08 3.461071e+08 4.661341e+08 5.499606e+08 6.121655e+08 6.580426e+08 6.907905e+08 7.132478e+08 7.367726e+08 7.425460e+08 7.376432e+08 7.255172e+08 7.084061e+08 6.881846e+08
1.692785e+08 1.692785e+08 1.692785e+08 1.692785e+08 1.692785e+08 1.692780e+08 1.692768e+08 1.694825e+08 1.701275e+08 1.716542e+08 1.793197e+08 1.955254e+08 2.202271e+08 2.506022e+08 2.832540e+08 3.156696e+08 3.464677e+08 4.689460e+08 5.540224e+08 6.164504e+08 6.619225e+08 6.939418e+08 7.155288e+08 7.372718e+08 7.415605e+08 7.356599e+08 7.229994e+08 7.056744e+08 6.854071e+08
1.676333e+08 1.676333e+08 1.676333e+08 1.676333e+08 1.676333e+08 1.676328e+08 1.676316e+08 1.678353e+08 1.684739e+08 1.699868e+08 1.776151e+08 1.938432e+08 2.187148e+08 2.494278e+08 2.825472e+08 3.155042e+08 3.468688e+08 4.717182e+08 5.578915e+08 6.204085e+08 6.653955e+08 6.966573e+08 7.173818e+08 7.374112e+08 7.402901e+08 7.334447e+08 7.202850e+08 7.027756e+08 6.824922e+08
1.660001e+08 1.660001e+08 1.660001e+08 1.660001e+08 1.660001e+08 1.659997e+08 1.659986e+08 1.662006e+08 1.668330e+08 1.683327e+08 1.759256e+08 1.921798e+08 2.172275e+08 2.482849e+08 2.818768e+08 3.153762e+08 3.473032e+08 4.744193e+08 5.615247e+08 6.240003e+08 6.684316e+08 6.989164e+08 7.187937e+08 7.371870e+08 7.387366e+08 7.310027e+08 7.173802e+08 6.997148e+08 6.794431e+08
1.643812e+08 1.643812e+08 1.643812e+08 1.643812e+08 1.643812e+08 1.643808e+08 1.643797e+08 1.645799e+08 1.652063e+08 1.666930e+08 1.742523e+08 1.905368e+08 2.157659e+08 2.471731e+08 2.812398e+08 3.152788e+08 3.477590e+08 4.770109e+08 5.648758e+08 6.271865e+08 6.710029e+08 7.007012e+08 7.197539e+08 7.365975e+08 7.369029e+08 7.283395e+08 7.142914e+08 6.964976e+08 6.762635e+08
1.627769e+08 1.627769e+08 1.627769e+08 1.627769e+08 1.627769e+08 1.627766e+08 1.627757e+08 1.629746e+08 1.635952e+08 1.650694e+08 1.725969e+08 1.889153e+08 2.143305e+08 2.460901e+08 2.806298e+08 3.152001e+08 3.482177e+08 4.794471e+08 5.678958e+08 6.299290e+08 6.730841e+08 7.019969e+08 7.202548e+08 7.356425e+08 7.347927e+08 7.254612e+08 7.110252e+08 6.931297e+08 6.729576e+08
1.611913e+08 1.611913e+08 1.611913e+08 1.611913e+08 1.611913e+08 1.611910e+08 1.611902e+08 1.613872e+08 1.620021e+08 1.634640e+08 1.709613e+08 1.873163e+08 2.129198e+08 2.450306e+08 2.800352e+08 3.151208e+08 3.486520e+08 4.816743e+08 5.705340e+08 6.321917e+08 6.746533e+08 7.027919e+08 7.202915e+08 7.343238e+08 7.324107e+08 7.223741e+08 7.075886e+08 6.896173e+08 6.695299e+08
1.596247e+08 1.596247e+08 1.596247e+08 1.596247e+08 1.596247e+08 1.596244e+08 1.596237e+08 1.598194e+08 1.604286e+08 1.618784e+08 1.693467e+08 1.857397e+08 2.115301e+08 2.439839e+08 2.794366e+08 3.150116e+08 3.490232e+08 4.836310e+08 5.727392e+08 6.339415e+08 6.756928e+08 7.030787e+08 7.198625e+08 7.326452e+08 7.297627e+08 7.190852e+08 7.039886e+08 6.859666e+08 6.659849e+08
1.580797e+08 1.580797e+08 1.580797e+08 1.580797e+08 1.580797e+08 1.580794e+08 1.580788e+08 1.582726e+08 1.588761e+08 1.603140e+08 1.677535e+08 1.841830e+08 2.101524e+08 2.429312e+08 2.788034e+08 3.148306e+08 3.492796e+08 4.852504e+08 5.744621e+08 6.351499e+08 6.761890e+08 7.028534e+08 7.189694e+08 7.306123e+08 7.268552e+08 7.156015e+08 7.002327e+08 6.821841e+08 6.623276e+08
1.565558e+08 1.565558e+08 1.565558e+08 1.565558e+08 1.565558e+08 1.565555e+08 1.565549e+08 1.567470e+08 1.573448e+08 1.587706e+08 1.661806e+08 1.826403e+08 2.087710e+08 2.418440e+08 2.780937e+08 3.145240e+08 3.493580e+08 4.864642e+08 5.756577e+08 6.357940e+08 6.761341e+08 7.021165e+08 7.176170e+08 7.282325e+08 7.236957e+08 7.119306e+08 6.963281e+08 6.782764e+08 6.585632e+08
1.550530e+08 1.550530e+08 1.550530e+08 1.550530e+08 1.550530e+08 1.550527e+08 1.550521e+08 1.552423e+08 1.558342e+08 1.572478e+08 1.646253e+08 1.811025e+08 2.073653e+08 2.406871e+08 2.772584e+08 3.140314e+08 3.491907e+08 4.872083e+08 5.762883e+08 6.358577e+08 6.755254e+08 7.008727e+08 7.158133e+08 7.255147e+08 7.202926e+08 7.080805e+08 6.922825e+08 6.742502e+08 6.546969e+08
1.535700e+08 1.535700e+08 1.535700e+08 1.535700e+08 1.535700e+08 1.535696e+08 1.535689e+08 1.537568e+08 1.543426e+08 1.557438e+08 1.630844e+08 1.795600e+08 2.059145e+08 2.394265e+08 2.762509e+08 3.132971e+08 3.487164e+08 4.874298e+08 5.763267e+08 6.353331e+08 6.743664e+08 6.991311e+08 7.135696e+08 7.224699e+08 7.166549e+08 7.040592e+08 6.881033e+08 6.701123e+08 6.507342e+08
1.521028e+08 1.521028e+08 1.521028e+08 1.521028e+08 1.521028e+08 1.521025e+08 1.521017e+08 1.522875e+08 1.528675e+08 1.542560e+08 1.615545e+08 1.780055e+08 2.044032e+08 2.380369e+08 2.750374e+08 3.122807e+08 3.478907e+08 4.870932e+08 5.757584e+08 6.342213e+08 6.726665e+08 6.969050e+08 7.108999e+08 7.191104e+08 7.127926e+08 6.998753e+08 6.837984e+08 6.658693e+08 6.466805e+08
1.506496e+08 1.506496e+08 1.506496e+08 1.506496e+08 1.506496e+08 1.506493e+08 1.506486e+08 1.508328e+08 1.514071e+08 1.527829e+08 1.600338e+08 1.764355e+08 2.028252e+08 2.365083e+08 2.736038e+08 3.109648e+08 3.466943e+08 4.861845e+08 5.745833e+08 6.325324e+08 6.704413e+08 6.942115e+08 7.078211e+08 7.154496e+08 7.087161e+08 6.955374e+08 6.793753e+08 6.615282e+08 6.425414e+08
1.492113e+08 1.492113e+08 1.492113e+08 1.492113e+08 1.492113e+08 1.492110e+08 1.492104e+08 1.493928e+08 1.499616e+08 1.513245e+08 1.585227e+08 1.748517e+08 2.011836e+08 2.348453e+08 2.719556e+08 3.093554e+08 3.451333e+08 4.847119e+08 5.728155e+08 6.302853e+08 6.677118e+08 6.910715e+08 7.043526e+08 7.115027e+08 7.044366e+08 6.910543e+08 6.748418e+08 6.570956e+08 6.383225e+08
1.477881e+08 1.477881e+08 1.477881e+08 1.477881e+08 1.477881e+08 1.477878e+08 1.477872e+08 1.479680e+08 1.485313e+08 1.498814e+08 1.570224e+08 1.732583e+08 1.994880e+08 2.330634e+08 2.701135e+08 3.074769e+08 3.432343e+08 4.827037e+08 5.704826e+08 6.275071e+08 6.645041e+08 6.875092e+08 7.005158e+08 7.072853e+08 6.999655e+08 6.864352e+08 6.702056e+08 6.525783e+08 6.340294e+08
1.463807e+08 1.463807e+08 1.463807e+08 1.463807e+08 1.463807e+08 1.463805e+08 1.463799e+08 1.465593e+08 1.471171e+08 1.484542e+08 1.555347e+08 1.716605e+08 1.977501e+08 2.311828e+08 2.681059e+08 3.053645e+08 3.410374e+08 4.802034e+08 5.676228e+08 6.242321e+08 6.608486e+08 6.835514e+08 6.963341e+08 7.028143e+08 6.953149e+08 6.816890e+08 6.654742e+08 6.479830e+08 6.296677e+08
1.449907e+08 1.449907e+08 1.449907e+08 1.449907e+08 1.449907e+08 1.449904e+08 1.449899e+08 1.451676e+08 1.457200e+08 1.470442e+08 1.540613e+08 1.700635e+08 1.959821e+08 2.292247e+08 2.659636e+08 3.030573e+08 3.385881e+08 4.772647e+08 5.642828e+08 6.204995e+08 6.567790e+08 6.792270e+08 6.918321e+08 6.981071e+08 6.904968e+08 6.768249e+08 6.606554e+08 6.433161e+08 6.252429e+08
1.436177e+08 1.436177e+08 1.436177e+08 1.436177e+08 1.436177e+08 1.436175e+08 1.436171e+08 1.437935e+08 1.443407e+08 1.456519e+08 1.526038e+08 1.684718e+08 1.941946e+08 2.272087e+08 2.637159e+08 3.005935e+08 3.359321e+08 4.739456e+08 5.605141e+08 6.163525e+08 6.523315e+08 6.745665e+08 6.870354e+08 6.931815e+08 6.855239e+08 6.718522e+08 6.557564e+08 6.385841e+08 6.207606e+08
1.422642e+08 1.422642e+08 1.422642e+08 1.422642e+08 1.422642e+08 1.422640e+08 1.422636e+08 1.424384e+08 1.429802e+08 1.442785e+08 1.511637e+08 1.668894e+08 1.923970e+08 2.251518e+08 2.613885e+08 2.980078e+08 3.331117e+08 4.703047e+08 5.563702e+08 6.118363e+08 6.475438e+08 6.696014e+08 6.819703e+08 6.880556e+08 6.804085e+08 6.667800e+08 6.507847e+08 6.337934e+08 6.162260e+08
1.409293e+08 1.409293e+08 1.409293e+08 1.409293e+08 1.409293e+08 1.409291e+08 1.409288e+08 1.411021e+08 1.416388e+08 1.429243e+08 1.497419e+08 1.653192e+08 1.905967e+08 2.230682e+08 2.590036e+08 2.953301e+08 3.301640e+08 4.663975e+08 5.519046e+08 6.069963e+08 6.424538e+08 6.643633e+08 6.766633e+08 6.827476e+08 6.751632e+08 6.616174e+08 6.457476e+08 6.289500e+08 6.116445e+08
