5.198864e+06 2.587236e+06 1.999423e+06 1.338796e+06 1.199424e+06 9.177490e+05 8.775577e+05 9.046483e+05 9.217748e+05 9.375075e+05 9.655085e+05 9.910458e+05 1.015892e+06 1.040975e+06 1.066687e+06 1.093083e+06 1.120003e+06 1.252936e+06 1.370458e+06 1.483702e+06 1.616385e+06 1.789325e+06 2.021074e+06 2.729106e+06 3.816599e+06 5.211065e+06 6.726640e+06 8.164125e+06 9.380180e+06
8.929172e+05 8.929277e+05 8.929525e+05 8.929495e+05 8.899760e+05 8.649921e+05 8.693835e+05 9.078064e+05 9.252848e+05 9.409112e+05 9.685225e+05 9.937996e+05 1.018524e+06 1.043573e+06 1.069299e+06 1.095724e+06 1.122672e+06 1.255431e+06 1.372342e+06 1.484994e+06 1.617354e+06 1.790279e+06 2.022283e+06 2.731461e+06 3.820587e+06 5.216625e+06 6.733250e+06 8.171079e+06 9.386829e+06
8.384169e+05 8.384223e+05 8.384377e+05 8.388125e+05 8.395521e+05 8.536944e+05 8.687954e+05 9.115944e+05 9.292169e+05 9.446295e+05 9.717590e+05 9.967453e+05 1.021336e+06 1.046345e+06 1.072077e+06 1.098527e+06 1.125495e+06 1.258025e+06 1.374275e+06 1.486305e+06 1.618331e+06 1.791241e+06 2.023506e+06 2.733847e+06 3.824623e+06 5.222242e+06 6.739918e+06 8.178084e+06 9.393519e+06
8.555950e+05 8.555977e+05 8.556056e+05 8.558122e+05 8.563171e+05 8.609452e+05 8.882441e+05 9.162566e+05 9.333317e+05 9.484382e+05 9.751077e+05 9.998314e+05 1.024304e+06 1.049278e+06 1.075018e+06 1.101488e+06 1.128470e+06 1.260718e+06 1.376253e+06 1.487633e+06 1.619317e+06 1.792213e+06 2.024744e+06 2.736265e+06 3.828707e+06 5.227916e+06 6.746644e+06 8.185140e+06 9.400251e+06
8.833238e+05 8.833252e+05 8.833297e+05 8.834488e+05 8.837494e+05 8.851764e+05 9.030341e+05 9.254491e+05 9.382186e+05 9.523530e+05 9.784785e+05 1.003004e+06 1.027397e+06 1.052357e+06 1.078112e+06 1.104604e+06 1.131595e+06 1.263508e+06 1.378277e+06 1.488978e+06 1.620310e+06 1.793193e+06 2.025997e+06 2.738714e+06 3.832838e+06 5.233648e+06 6.753429e+06 8.192248e+06 9.407023e+06
9.079210e+05 9.079219e+05 9.079247e+05 9.079984e+05 9.081868e+05 9.091418e+05 9.153985e+05 9.401592e+05 9.466445e+05 9.571144e+05 9.819021e+05 1.006232e+06 1.030592e+06 1.055566e+06 1.081352e+06 1.107869e+06 1.134868e+06 1.266396e+06 1.380345e+06 1.490338e+06 1.621310e+06 1.794181e+06 2.027263e+06 2.741195e+06 3.837018e+06 5.239437e+06 6.760271e+06 8.199408e+06 9.413837e+06
9.273581e+05 9.273587e+05 9.273605e+05 9.274107e+05 9.275411e+05 9.285058e+05 9.287959e+05 9.536695e+05 9.587252e+05 9.648196e+05 9.856530e+05 1.009550e+06 1.033882e+06 1.058895e+06 1.084728e+06 1.111278e+06 1.138285e+06 1.269378e+06 1.382455e+06 1.491713e+06 1.622315e+06 1.795176e+06 2.028544e+06 2.743707e+06 3.841246e+06 5.245285e+06 6.767172e+06 8.206620e+06 9.420693e+06
9.426164e+05 9.426168e+05 9.426181e+05 9.426554e+05 9.427540e+05 9.437607e+05 9.422742e+05 9.635198e+05 9.705208e+05 9.751922e+05 9.903999e+05 1.013091e+06 1.037294e+06 1.062347e+06 1.088237e+06 1.114827e+06 1.141842e+06 1.272454e+06 1.384605e+06 1.493100e+06 1.623325e+06 1.796178e+06 2.029839e+06 2.746252e+06 3.845523e+06 5.251191e+06 6.774132e+06 8.213884e+06 9.427590e+06
9.549495e+05 9.549498e+05 9.549509e+05 9.549810e+05 9.550610e+05 9.560936e+05 9.547126e+05 9.705477e+05 9.801480e+05 9.857436e+05 9.973598e+05 1.017142e+06 1.040907e+06 1.065943e+06 1.091885e+06 1.118515e+06 1.145538e+06 1.275620e+06 1.386793e+06 1.494498e+06 1.624339e+06 1.797188e+06 2.031147e+06 2.748828e+06 3.849850e+06 5.257155e+06 6.781151e+06 8.221200e+06 9.434528e+06
9.653772e+05 9.653775e+05 9.653784e+05 9.654035e+05 9.654713e+05 9.665095e+05 9.658045e+05 9.764395e+05 9.875009e+05 9.951052e+05 1.006001e+06 1.022218e+06 1.044868e+06 1.069733e+06 1.095688e+06 1.122348e+06 1.149372e+06 1.278875e+06 1.389016e+06 1.495906e+06 1.625356e+06 1.798203e+06 2.032469e+06 2.751437e+06 3.854225e+06 5.263179e+06 6.788229e+06 8.228568e+06 9.441507e+06
9.746272e+05 9.746274e+05 9.746282e+05 9.746493e+05 9.747077e+05 9.757286e+05 9.757313e+05 9.823796e+05 9.934015e+05 1.002877e+06 1.015161e+06 1.029026e+06 1.049419e+06 1.073803e+06 1.099679e+06 1.126339e+06 1.153351e+06 1.282215e+06 1.391272e+06 1.497321e+06 1.626375e+06 1.799224e+06 2.033804e+06 2.754079e+06 3.858650e+06 5.269261e+06 6.795367e+06 8.235988e+06 9.448528e+06
1.016011e+06 1.016011e+06 1.016011e+06 1.016024e+06 1.016062e+06 1.016944e+06 1.018568e+06 1.020547e+06 1.024525e+06 1.032450e+06 1.053203e+06 1.071102e+06 1.086831e+06 1.104445e+06 1.125552e+06 1.150018e+06 1.176024e+06 1.300114e+06 1.402945e+06 1.504442e+06 1.631459e+06 1.804394e+06 2.040671e+06 2.767774e+06 3.881527e+06 5.300568e+06 6.831948e+06 8.273874e+06 9.484249e+06
1.059799e+06 1.059799e+06 1.059799e+06 1.059809e+06 1.059836e+06 1.060543e+06 1.062212e+06 1.065772e+06 1.067708e+06 1.071299e+06 1.086253e+06 1.107702e+06 1.129037e+06 1.148461e+06 1.167344e+06 1.187074e+06 1.208140e+06 1.319985e+06 1.414997e+06 1.511451e+06 1.636422e+06 1.809620e+06 2.047837e+06 2.782293e+06 3.905676e+06 5.333386e+06 6.870033e+06 8.313073e+06 9.520997e+06
1.107518e+06 1.107518e+06 1.107519e+06 1.107526e+06 1.107548e+06 1.108150e+06 1.109724e+06 1.114206e+06 1.116595e+06 1.119372e+06 1.129029e+06 1.146402e+06 1.168783e+06 1.191841e+06 1.213309e+06 1.233045e+06 1.251732e+06 1.342523e+06 1.427131e+06 1.518095e+06 1.641123e+06 1.814833e+06 2.055269e+06 2.797645e+06 3.931123e+06 5.367739e+06 6.909637e+06 8.353587e+06 9.558764e+06
1.160030e+06 1.160030e+06 1.160030e+06 1.160036e+06 1.160055e+06 1.160598e+06 1.162094e+06 1.166927e+06 1.169838e+06 1.172962e+06 1.180993e+06 1.194147e+06 1.213199e+06 1.235715e+06 1.258515e+06 1.279536e+06 1.298152e+06 1.370132e+06 1.439299e+06 1.524192e+06 1.645443e+06 1.819969e+06 2.062942e+06 2.813838e+06 3.957890e+06 5.403648e+06 6.950771e+06 8.395414e+06 9.597539e+06
1.218129e+06 1.218129e+06 1.218129e+06 1.218135e+06 1.218151e+06 1.218652e+06 1.220076e+06 1.224986e+06 1.228172e+06 1.231673e+06 1.239716e+06 1.250529e+06 1.265601e+06 1.284471e+06 1.305087e+06 1.325177e+06 1.343209e+06 1.401649e+06 1.451953e+06 1.529700e+06 1.649326e+06 1.824995e+06 2.070839e+06 2.830882e+06 3.985997e+06 5.441131e+06 6.993442e+06 8.438551e+06 9.637307e+06
1.282134e+06 1.282134e+06 1.282134e+06 1.282139e+06 1.282155e+06 1.282623e+06 1.283982e+06 1.288849e+06 1.292140e+06 1.295847e+06 1.304119e+06 1.313598e+06 1.325106e+06 1.339075e+06 1.354841e+06 1.371014e+06 1.386176e+06 1.432375e+06 1.466315e+06 1.534812e+06 1.652805e+06 1.829917e+06 2.078964e+06 2.848790e+06 4.015463e+06 5.480203e+06 7.037653e+06 8.482989e+06 9.678052e+06
1.352057e+06 1.352057e+06 1.352057e+06 1.352062e+06 1.352076e+06 1.352519e+06 1.353824e+06 1.358617e+06 1.361914e+06 1.365624e+06 1.373550e+06 1.381320e+06 1.389005e+06 1.397317e+06 1.406642e+06 1.416684e+06 1.426702e+06 1.458870e+06 1.481038e+06 1.540093e+06 1.656043e+06 1.834800e+06 2.087350e+06 2.867583e+06 4.046309e+06 5.520876e+06 7.083406e+06 8.528716e+06 9.719753e+06
1.427955e+06 1.427955e+06 1.427955e+06 1.427960e+06 1.427974e+06 1.428398e+06 1.429664e+06 1.434303e+06 1.437346e+06 1.440533e+06 1.446357e+06 1.450471e+06 1.452897e+06 1.454595e+06 1.456600e+06 1.459436e+06 1.463044e+06 1.479020e+06 1.493898e+06 1.546439e+06 1.659375e+06 1.839784e+06 2.096067e+06 2.887291e+06 4.078555e+06 5.563162e+06 7.130697e+06 8.575718e+06 9.762388e+06
1.509783e+06 1.509783e+06 1.509784e+06 1.509788e+06 1.509801e+06 1.510205e+06 1.511400e+06 1.514856e+06 1.516254e+06 1.517095e+06 1.516854e+06 1.514134e+06 1.509524e+06 1.504063e+06 1.498886e+06 1.494811e+06 1.492158e+06 1.491935e+06 1.503413e+06 1.552944e+06 1.663419e+06 1.845103e+06 2.105233e+06 2.907961e+06 4.112230e+06 5.607073e+06 7.179523e+06 8.623977e+06 9.805930e+06
1.596994e+06 1.596994e+06 1.596994e+06 1.596998e+06 1.597009e+06 1.596693e+06 1.594808e+06 1.588202e+06 1.584145e+06 1.579768e+06 1.570254e+06 1.559888e+06 1.548902e+06 1.537813e+06 1.527369e+06 1.518268e+06 1.510935e+06 1.497665e+06 1.508804e+06 1.558641e+06 1.668776e+06 1.851112e+06 2.115021e+06 2.929658e+06 4.147366e+06 5.652619e+06 7.229877e+06 8.673473e+06 9.850350e+06
1.618352e+06 1.618352e+06 1.618352e+06 1.618348e+06 1.618337e+06 1.617940e+06 1.616489e+06 1.609860e+06 1.605168e+06 1.599928e+06 1.588447e+06 1.576178e+06 1.563477e+06 1.550723e+06 1.538467e+06 1.527318e+06 1.517771e+06 1.496936e+06 1.509974e+06 1.562928e+06 1.674795e+06 1.858398e+06 2.125676e+06 2.952474e+06 4.184005e+06 5.699816e+06 7.281751e+06 8.724183e+06 9.895619e+06
1.588251e+06 1.588251e+06 1.588251e+06 1.588250e+06 1.588246e+06 1.588101e+06 1.587608e+06 1.585269e+06 1.583234e+06 1.580579e+06 1.573602e+06 1.564868e+06 1.554900e+06 1.544195e+06 1.533317e+06 1.522886e+06 1.513480e+06 1.490939e+06 1.507382e+06 1.565496e+06 1.680956e+06 1.867277e+06 2.137541e+06 2.976524e+06 4.222202e+06 5.748681e+06 7.335137e+06 8.776083e+06 9.941702e+06
1.548601e+06 1.548601e+06 1.548601e+06 1.548601e+06 1.548601e+06 1.548578e+06 1.548462e+06 1.547754e+06 1.547051e+06 1.546031e+06 1.542883e+06 1.538188e+06 1.532072e+06 1.524815e+06 1.516836e+06 1.508672e+06 1.500891e+06 1.481133e+06 1.501825e+06 1.566305e+06 1.686907e+06 1.877237e+06 2.151162e+06 3.001962e+06 4.262024e+06 5.799236e+06 7.390030e+06 8.829147e+06 9.988565e+06
1.510273e+06 1.510273e+06 1.510273e+06 1.510273e+06 1.510274e+06 1.510295e+06 1.510330e+06 1.510324e+06 1.510216e+06 1.509985e+06 1.508981e+06 1.507026e+06 1.503971e+06 1.499830e+06 1.494793e+06 1.489219e+06 1.483572e+06 1.469015e+06 1.494238e+06 1.565539e+06 1.692422e+06 1.887918e+06 2.166634e+06 3.028981e+06 4.303557e+06 5.851513e+06 7.446424e+06 8.883350e+06 1.003617e+07
1.476973e+06 1.476973e+06 1.476973e+06 1.476973e+06 1.476974e+06 1.477012e+06 1.477108e+06 1.477399e+06 1.477559e+06 1.477698e+06 1.477791e+06 1.477417e+06 1.476345e+06 1.474436e+06 1.471705e+06 1.468340e+06 1.464675e+06 1.455913e+06 1.485520e+06 1.563528e+06 1.697395e+06 1.899051e+06 2.183539e+06 3.057834e+06 4.346908e+06 5.905551e+06 7.504315e+06 8.938664e+06 1.008448e+07
1.449405e+06 1.449405e+06 1.449405e+06 1.449405e+06 1.449407e+06 1.449463e+06 1.449616e+06 1.450119e+06 1.450439e+06 1.450783e+06 1.451464e+06 1.451958e+06 1.452036e+06 1.451513e+06 1.450319e+06 1.448537e+06 1.446396e+06 1.442854e+06 1.476432e+06 1.560675e+06 1.701823e+06 1.910437e+06 2.201598e+06 3.088873e+06 4.392208e+06 5.961397e+06 7.563707e+06 8.995066e+06 1.013347e+07
1.427950e+06 1.427950e+06 1.427950e+06 1.427950e+06 1.427952e+06 1.428007e+06 1.428165e+06 1.428737e+06 1.429130e+06 1.429577e+06 1.430548e+06 1.431456e+06 1.432086e+06 1.432265e+06 1.431915e+06 1.431080e+06 1.429933e+06 1.430513e+06 1.467558e+06 1.557392e+06 1.705789e+06 1.921938e+06 2.220589e+06 3.122568e+06 4.439617e+06 6.019116e+06 7.624606e+06 9.052531e+06 1.018308e+07
1.411994e+06 1.411994e+06 1.411994e+06 1.411994e+06 1.411996e+06 1.412056e+06 1.412230e+06 1.412870e+06 1.413310e+06 1.413804e+06 1.414850e+06 1.415802e+06 1.416491e+06 1.416810e+06 1.416726e+06 1.416295e+06 1.415667e+06 1.419242e+06 1.459297e+06 1.554056e+06 1.709433e+06 1.933478e+06 2.240333e+06 3.158727e+06 4.489339e+06 6.078783e+06 7.687024e+06 9.111036e+06 1.023328e+07
1.401184e+06 1.401184e+06 1.401184e+06 1.401185e+06 1.401187e+06 1.401250e+06 1.401436e+06 1.402106e+06 1.402525e+06 1.402948e+06 1.403700e+06 1.404233e+06 1.404502e+06 1.404499e+06 1.404251e+06 1.403836e+06 1.403393e+06 1.409150e+06 1.451898e+06 1.550982e+06 1.712934e+06 1.945038e+06 2.260692e+06 3.197065e+06 4.541634e+06 6.140495e+06 7.750983e+06 9.170565e+06 1.028404e+07
1.395188e+06 1.395188e+06 1.395188e+06 1.395189e+06 1.395191e+06 1.395257e+06 1.395435e+06 1.395753e+06 1.395795e+06 1.395763e+06 1.395528e+06 1.395144e+06 1.394659e+06 1.394102e+06 1.393514e+06 1.392967e+06 1.392580e+06 1.400199e+06 1.445497e+06 1.548418e+06 1.716482e+06 1.956648e+06 2.281567e+06 3.237379e+06 4.596902e+06 6.204369e+06 7.816512e+06 9.231102e+06 1.033533e+07
1.392046e+06 1.392046e+06 1.392046e+06 1.392044e+06 1.392036e+06 1.391799e+06 1.391207e+06 1.389796e+06 1.389099e+06 1.388431e+06 1.387192e+06 1.386083e+06 1.385090e+06 1.384208e+06 1.383461e+06 1.382911e+06 1.382665e+06 1.392306e+06 1.440155e+06 1.546551e+06 1.720262e+06 1.968376e+06 2.302902e+06 3.279497e+06 4.655411e+06 6.270551e+06 7.883653e+06 9.292636e+06 1.038710e+07
1.377818e+06 1.377818e+06 1.377818e+06 1.377818e+06 1.377817e+06 1.377818e+06 1.377808e+06 1.377565e+06 1.377303e+06 1.376973e+06 1.376212e+06 1.375421e+06 1.374674e+06 1.374018e+06 1.373513e+06 1.373248e+06 1.373345e+06 1.385417e+06 1.435899e+06 1.545511e+06 1.724443e+06 1.980316e+06 2.324678e+06 3.323270e+06 4.716838e+06 6.339227e+06 7.952459e+06 9.355165e+06 1.043933e+07
1.363352e+06 1.363352e+06 1.363352e+06 1.363352e+06 1.363353e+06 1.363379e+06 1.363449e+06 1.363666e+06 1.363776e+06 1.363866e+06 1.363959e+06 1.363949e+06 1.363881e+06 1.363817e+06 1.363846e+06 1.364089e+06 1.364694e+06 1.379541e+06 1.432735e+06 1.545385e+06 1.729174e+06 1.992578e+06 2.346910e+06 3.368568e+06 4.780945e+06 6.410653e+06 8.022999e+06 9.418690e+06 1.049199e+07
1.351269e+06 1.351269e+06 1.351269e+06 1.351269e+06 1.351270e+06 1.351303e+06 1.351400e+06 1.351757e+06 1.352001e+06 1.352274e+06 1.352860e+06 1.353439e+06 1.353983e+06 1.354514e+06 1.355112e+06 1.355904e+06 1.357051e+06 1.374739e+06 1.430666e+06 1.546227e+06 1.734576e+06 2.005281e+06 2.369642e+06 3.415283e+06 4.847539e+06 6.485235e+06 8.095363e+06 9.483223e+06 1.054506e+07
1.342088e+06 1.342088e+06 1.342088e+06 1.342088e+06 1.342090e+06 1.342127e+06 1.342242e+06 1.342673e+06 1.342978e+06 1.343333e+06 1.344155e+06 1.345056e+06 1.345981e+06 1.346925e+06 1.347952e+06 1.349188e+06 1.350796e+06 1.371091e+06 1.429685e+06 1.548063e+06 1.740745e+06 2.018539e+06 2.392940e+06 3.463329e+06 4.916447e+06 6.562916e+06 8.169667e+06 9.548782e+06 1.059853e+07
1.335976e+06 1.335976e+06 1.335976e+06 1.335977e+06 1.335978e+06 1.336019e+06 1.336143e+06 1.336611e+06 1.336944e+06 1.337331e+06 1.338233e+06 1.339247e+06 1.340325e+06 1.341466e+06 1.342733e+06 1.344250e+06 1.346182e+06 1.368664e+06 1.429783e+06 1.550900e+06 1.747754e+06 2.032464e+06 2.416884e+06 3.512640e+06 4.987507e+06 6.643356e+06 8.246072e+06 9.615400e+06 1.065236e+07
1.332878e+06 1.332878e+06 1.332878e+06 1.332878e+06 1.332880e+06 1.332924e+06 1.333055e+06 1.333522e+06 1.333836e+06 1.334193e+06 1.335018e+06 1.335963e+06 1.337006e+06 1.338163e+06 1.339504e+06 1.341154e+06 1.343278e+06 1.367482e+06 1.430937e+06 1.554729e+06 1.755656e+06 2.047155e+06 2.441567e+06 3.563176e+06 5.060566e+06 6.726309e+06 8.324824e+06 9.683122e+06 1.070657e+07
1.332615e+06 1.332615e+06 1.332615e+06 1.332615e+06 1.332616e+06 1.332637e+06 1.332704e+06 1.332973e+06 1.333171e+06 1.333412e+06 1.334015e+06 1.334773e+06 1.335682e+06 1.336760e+06 1.338082e+06 1.339772e+06 1.341997e+06 1.367526e+06 1.433112e+06 1.559530e+06 1.764486e+06 2.062701e+06 2.467083e+06 3.614915e+06 5.135484e+06 6.811560e+06 8.406214e+06 9.752012e+06 1.076115e+07
1.333519e+06 1.333519e+06 1.333519e+06 1.333519e+06 1.333520e+06 1.333527e+06 1.333552e+06 1.333684e+06 1.333804e+06 1.333966e+06 1.334423e+06 1.335058e+06 1.335872e+06 1.336889e+06 1.338185e+06 1.339892e+06 1.342178e+06 1.368744e+06 1.436264e+06 1.565272e+06 1.774264e+06 2.079179e+06 2.493530e+06 3.667856e+06 5.212129e+06 6.898905e+06 8.489929e+06 9.822162e+06 1.081610e+07
1.334510e+06 1.334510e+06 1.334510e+06 1.334510e+06 1.334511e+06 1.334533e+06 1.334598e+06 1.334837e+06 1.335007e+06 1.335213e+06 1.335735e+06 1.336409e+06 1.337244e+06 1.338273e+06 1.339585e+06 1.341322e+06 1.343662e+06 1.371063e+06 1.440342e+06 1.571921e+06 1.785001e+06 2.096655e+06 2.521001e+06 3.722013e+06 5.290382e+06 6.988147e+06 8.575658e+06 9.893709e+06 1.087146e+07
1.336447e+06 1.336447e+06 1.336447e+06 1.336447e+06 1.336448e+06 1.336478e+06 1.336567e+06 1.336896e+06 1.337127e+06 1.337398e+06 1.338046e+06 1.338826e+06 1.339737e+06 1.340819e+06 1.342169e+06 1.343942e+06 1.346329e+06 1.374401e+06 1.445289e+06 1.579440e+06 1.796698e+06 2.115182e+06 2.549585e+06 3.777417e+06 5.370138e+06 7.079094e+06 8.663148e+06 9.966902e+06 1.092724e+07
1.339892e+06 1.339892e+06 1.339892e+06 1.339892e+06 1.339893e+06 1.339922e+06 1.340012e+06 1.340366e+06 1.340622e+06 1.340922e+06 1.341634e+06 1.342467e+06 1.343417e+06 1.344524e+06 1.345891e+06 1.347680e+06 1.350090e+06 1.378677e+06 1.451046e+06 1.587789e+06 1.809352e+06 2.134807e+06 2.579364e+06 3.834107e+06 5.451300e+06 7.171560e+06 8.752164e+06 1.004179e+07 1.098350e+07
1.344875e+06 1.344875e+06 1.344875e+06 1.344876e+06 1.344877e+06 1.344913e+06 1.345019e+06 1.345388e+06 1.345635e+06 1.345918e+06 1.346584e+06 1.347370e+06 1.348278e+06 1.349347e+06 1.350683e+06 1.352449e+06 1.354851e+06 1.383804e+06 1.457553e+06 1.596932e+06 1.822957e+06 2.155566e+06 2.610413e+06 3.892132e+06 5.533788e+06 7.265363e+06 8.842483e+06 1.011799e+07 1.104032e+07
1.351501e+06 1.351501e+06 1.351501e+06 1.351502e+06 1.351502e+06 1.351518e+06 1.351566e+06 1.351776e+06 1.351941e+06 1.352145e+06 1.352670e+06 1.353339e+06 1.354150e+06 1.355139e+06 1.356409e+06 1.358124e+06 1.360492e+06 1.389693e+06 1.464754e+06 1.606830e+06 1.837503e+06 2.177491e+06 2.642798e+06 3.951543e+06 5.617529e+06 7.360327e+06 8.933886e+06 1.019524e+07 1.109782e+07
1.358461e+06 1.358461e+06 1.358461e+06 1.358461e+06 1.358462e+06 1.358475e+06 1.358516e+06 1.358688e+06 1.358824e+06 1.358997e+06 1.359451e+06 1.360044e+06 1.360778e+06 1.361694e+06 1.362896e+06 1.364553e+06 1.366877e+06 1.396259e+06 1.472593e+06 1.617450e+06 1.852981e+06 2.200606e+06 2.676581e+06 4.012395e+06 5.702465e+06 7.456284e+06 9.026159e+06 1.027330e+07 1.115623e+07
1.365501e+06 1.365501e+06 1.365501e+06 1.365501e+06 1.365502e+06 1.365528e+06 1.365601e+06 1.365854e+06 1.366025e+06 1.366224e+06 1.366699e+06 1.367279e+06 1.367976e+06 1.368842e+06 1.369990e+06 1.371596e+06 1.373877e+06 1.403413e+06 1.481015e+06 1.628760e+06 1.869382e+06 2.224932e+06 2.711811e+06 4.074741e+06 5.788543e+06 7.553073e+06 9.119089e+06 1.035193e+07 1.121537e+07
1.373322e+06 1.373322e+06 1.373322e+06 1.373322e+06 1.373323e+06 1.373342e+06 1.373401e+06 1.373632e+06 1.373795e+06 1.373985e+06 1.374439e+06 1.374990e+06 1.375651e+06 1.376474e+06 1.377576e+06 1.379137e+06 1.381381e+06 1.411077e+06 1.489972e+06 1.640732e+06 1.886696e+06 2.250486e+06 2.748535e+06 4.138631e+06 5.875720e+06 7.650540e+06 9.212471e+06 1.043092e+07 1.127492e+07
1.381722e+06 1.381722e+06 1.381722e+06 1.381722e+06 1.381723e+06 1.381737e+06 1.381777e+06 1.381936e+06 1.382058e+06 1.382209e+06 1.382600e+06 1.383102e+06 1.383721e+06 1.384502e+06 1.385562e+06 1.387084e+06 1.389297e+06 1.419178e+06 1.499419e+06 1.653342e+06 1.904916e+06 2.277282e+06 2.786787e+06 4.204111e+06 5.963958e+06 7.748539e+06 9.306100e+06 1.051006e+07 1.133466e+07
1.390142e+06 1.390142e+06 1.390142e+06 1.390142e+06 1.390142e+06 1.390152e+06 1.390188e+06 1.390347e+06 1.390471e+06 1.390624e+06 1.391012e+06 1.391501e+06 1.392097e+06 1.392848e+06 1.393873e+06 1.395362e+06 1.397548e+06 1.427653e+06 1.509316e+06 1.666568e+06 1.924036e+06 2.305329e+06 2.826600e+06 4.271218e+06 6.053221e+06 7.846932e+06 9.399780e+06 1.058914e+07 1.139438e+07
1.398598e+06 1.398598e+06 1.398598e+06 1.398598e+06 1.398599e+06 1.398621e+06 1.398687e+06 1.398920e+06 1.399075e+06 1.399253e+06 1.399667e+06 1.400158e+06 1.400736e+06 1.401458e+06 1.402449e+06 1.403905e+06 1.406069e+06 1.436446e+06 1.519631e+06 1.680393e+06 1.944049e+06 2.334637e+06 2.867997e+06 4.339984e+06 6.143478e+06 7.945590e+06 9.493319e+06 1.066795e+07 1.145387e+07
1.407735e+06 1.407735e+06 1.407735e+06 1.407735e+06 1.407736e+06 1.407750e+06 1.407796e+06 1.407975e+06 1.408105e+06 1.408259e+06 1.408630e+06 1.409077e+06 1.409610e+06 1.410285e+06 1.411234e+06 1.412655e+06 1.414798e+06 1.445510e+06 1.530335e+06 1.694803e+06 1.964951e+06 2.365211e+06 2.910994e+06 4.410431e+06 6.234695e+06 8.044388e+06 9.586531e+06 1.074631e+07 1.151295e+07
1.417092e+06 1.417092e+06 1.417092e+06 1.417093e+06 1.417093e+06 1.417104e+06 1.417137e+06 1.417269e+06 1.417368e+06 1.417487e+06 1.417787e+06 1.418165e+06 1.418634e+06 1.419255e+06 1.420158e+06 1.421548e+06 1.423678e+06 1.454810e+06 1.541408e+06 1.709787e+06 1.986738e+06 2.397055e+06 2.955602e+06 4.482570e+06 6.326838e+06 8.143210e+06 9.679239e+06 1.082400e+07 1.157143e+07
1.426364e+06 1.426364e+06 1.426364e+06 1.426364e+06 1.426365e+06 1.426375e+06 1.426404e+06 1.426516e+06 1.426597e+06 1.426696e+06 1.426947e+06 1.427273e+06 1.427694e+06 1.428273e+06 1.429146e+06 1.430522e+06 1.432658e+06 1.464319e+06 1.552836e+06 1.725339e+06 2.009408e+06 2.430168e+06 3.001827e+06 4.556405e+06 6.419869e+06 8.241944e+06 9.771272e+06 1.090085e+07 1.162914e+07
1.435448e+06 1.435448e+06 1.435448e+06 1.435448e+06 1.435448e+06 1.435457e+06 1.435485e+06 1.435589e+06 1.435665e+06 1.435756e+06 1.435989e+06 1.436298e+06 1.436705e+06 1.437276e+06 1.438150e+06 1.439539e+06 1.441708e+06 1.474027e+06 1.564615e+06 1.741454e+06 2.032956e+06 2.464548e+06 3.049667e+06 4.631927e+06 6.513746e+06 8.340482e+06 9.862465e+06 1.097667e+07 1.168591e+07
1.444332e+06 1.444332e+06 1.444332e+06 1.444332e+06 1.444333e+06 1.444341e+06 1.444367e+06 1.444467e+06 1.444544e+06 1.444640e+06 1.444891e+06 1.445224e+06 1.445658e+06 1.446259e+06 1.447167e+06 1.448602e+06 1.450831e+06 1.483937e+06 1.576743e+06 1.758130e+06 2.057378e+06 2.500191e+06 3.099113e+06 4.709116e+06 6.608419e+06 8.438722e+06 9.952664e+06 1.105128e+07 1.174156e+07
1.452995e+06 1.452995e+06 1.452995e+06 1.452995e+06 1.452996e+06 1.453010e+06 1.453049e+06 1.453192e+06 1.453296e+06 1.453421e+06 1.453732e+06 1.454127e+06 1.454621e+06 1.455281e+06 1.456251e+06 1.457754e+06 1.460066e+06 1.494067e+06 1.589228e+06 1.775366e+06 2.082669e+06 2.537085e+06 3.150151e+06 4.787944e+06 6.703835e+06 8.536561e+06 1.004172e+07 1.112452e+07 1.179594e+07
1.461792e+06 1.461792e+06 1.461792e+06 1.461792e+06 1.461793e+06 1.461807e+06 1.461853e+06 1.462035e+06 1.462167e+06 1.462323e+06 1.462702e+06 1.463164e+06 1.463725e+06 1.464451e+06 1.465490e+06 1.467069e+06 1.469474e+06 1.504441e+06 1.602079e+06 1.793162e+06 2.108821e+06 2.575219e+06 3.202760e+06 4.868369e+06 6.799931e+06 8.633902e+06 1.012949e+07 1.119623e+07 1.184889e+07
1.470994e+06 1.470994e+06 1.470994e+06 1.470994e+06 1.470995e+06 1.471013e+06 1.471067e+06 1.471271e+06 1.471415e+06 1.471585e+06 1.471996e+06 1.472497e+06 1.473102e+06 1.473879e+06 1.474976e+06 1.476626e+06 1.479121e+06 1.515092e+06 1.615306e+06 1.811515e+06 2.135823e+06 2.614574e+06 3.256912e+06 4.950340e+06 6.896634e+06 8.730643e+06 1.021585e+07 1.126624e+07 1.190025e+07
1.480770e+06 1.480770e+06 1.480770e+06 1.480770e+06 1.480770e+06 1.480784e+06 1.480828e+06 1.481005e+06 1.481137e+06 1.481298e+06 1.481701e+06 1.482209e+06 1.482833e+06 1.483638e+06 1.484777e+06 1.486486e+06 1.489064e+06 1.526048e+06 1.628920e+06 1.830419e+06 2.163661e+06 2.655126e+06 3.312574e+06 5.033795e+06 6.993866e+06 8.826686e+06 1.030066e+07 1.133443e+07 1.194989e+07
1.490882e+06 1.490882e+06 1.490882e+06 1.490882e+06 1.490882e+06 1.490895e+06 1.490937e+06 1.491106e+06 1.491235e+06 1.491394e+06 1.491795e+06 1.492306e+06 1.492939e+06 1.493762e+06 1.494931e+06 1.496688e+06 1.499338e+06 1.537335e+06 1.642926e+06 1.849865e+06 2.192315e+06 2.696850e+06 3.369703e+06 5.118661e+06 7.091539e+06 8.921931e+06 1.038380e+07 1.140064e+07 1.199767e+07
1.501267e+06 1.501267e+06 1.501267e+06 1.501267e+06 1.501268e+06 1.501285e+06 1.501339e+06 1.501541e+06 1.501684e+06 1.501853e+06 1.502269e+06 1.502788e+06 1.503428e+06 1.504263e+06 1.505453e+06 1.507250e+06 1.509966e+06 1.548968e+06 1.657325e+06 1.869838e+06 2.221761e+06 2.739710e+06 3.428252e+06 5.204854e+06 7.189553e+06 9.016276e+06 1.046516e+07 1.146475e+07 1.204346e+07
1.512198e+06 1.512198e+06 1.512198e+06 1.512199e+06 1.512199e+06 1.512214e+06 1.512262e+06 1.512446e+06 1.512581e+06 1.512744e+06 1.513150e+06 1.513663e+06 1.514302e+06 1.515141e+06 1.516347e+06 1.518179e+06 1.520958e+06 1.560958e+06 1.672110e+06 1.890318e+06 2.251971e+06 2.783668e+06 3.488166e+06 5.292282e+06 7.287804e+06 9.109615e+06 1.054463e+07 1.152664e+07 1.208714e+07
1.523515e+06 1.523515e+06 1.523515e+06 1.523515e+06 1.523516e+06 1.523529e+06 1.523571e+06 1.523736e+06 1.523861e+06 1.524015e+06 1.524408e+06 1.524912e+06 1.525547e+06 1.526389e+06 1.527610e+06 1.529474e+06 1.532313e+06 1.573305e+06 1.687270e+06 1.911280e+06 2.282909e+06 2.828679e+06 3.549382e+06 5.380842e+06 7.386174e+06 9.201843e+06 1.062210e+07 1.158620e+07 1.212860e+07
1.535066e+06 1.535066e+06 1.535066e+06 1.535066e+06 1.535066e+06 1.535082e+06 1.535129e+06 1.535309e+06 1.535441e+06 1.535600e+06 1.536000e+06 1.536509e+06 1.537148e+06 1.537998e+06 1.539234e+06 1.541132e+06 1.544030e+06 1.586006e+06 1.702784e+06 1.932690e+06 2.314537e+06 2.874694e+06 3.611833e+06 5.470419e+06 7.484540e+06 9.292850e+06 1.069747e+07 1.164332e+07 1.216773e+07
1.546980e+06 1.546980e+06 1.546980e+06 1.546980e+06 1.546981e+06 1.546996e+06 1.547044e+06 1.547230e+06 1.547367e+06 1.547532e+06 1.547943e+06 1.548461e+06 1.549106e+06 1.549964e+06 1.551217e+06 1.553149e+06 1.556107e+06 1.599054e+06 1.718630e+06 1.954511e+06 2.346809e+06 2.921657e+06 3.675441e+06 5.560893e+06 7.582769e+06 9.382521e+06 1.077065e+07 1.169791e+07 1.220443e+07
1.559293e+06 1.559293e+06 1.559293e+06 1.559293e+06 1.559294e+06 1.559310e+06 1.559359e+06 1.559549e+06 1.559687e+06 1.559853e+06 1.560264e+06 1.560781e+06 1.561427e+06 1.562290e+06 1.563559e+06 1.565523e+06 1.568540e+06 1.612437e+06 1.734778e+06 1.976703e+06 2.379676e+06 2.969507e+06 3.740126e+06 5.652131e+06 7.680721e+06 9.470742e+06 1.084153e+07 1.174988e+07 1.223863e+07
1.572033e+06 1.572033e+06 1.572033e+06 1.572033e+06 1.572033e+06 1.572048e+06 1.572094e+06 1.572271e+06 1.572402e+06 1.572560e+06 1.572957e+06 1.573464e+06 1.574104e+06 1.574970e+06 1.576254e+06 1.578253e+06 1.581329e+06 1.626145e+06 1.751198e+06 1.999219e+06 2.413086e+06 3.018179e+06 3.805798e+06 5.743994e+06 7.778245e+06 9.557393e+06 1.091003e+07 1.179914e+07 1.227023e+07
1.585102e+06 1.585102e+06 1.585102e+06 1.585102e+06 1.585103e+06 1.585116e+06 1.585158e+06 1.585322e+06 1.585445e+06 1.585595e+06 1.585980e+06 1.586479e+06 1.587119e+06 1.587993e+06 1.589299e+06 1.591336e+06 1.594476e+06 1.640170e+06 1.767857e+06 2.022012e+06 2.446983e+06 3.067604e+06 3.872364e+06 5.836334e+06 7.875188e+06 9.642352e+06 1.097606e+07 1.184564e+07 1.229917e+07
1.598397e+06 1.598397e+06 1.598397e+06 1.598397e+06 1.598398e+06 1.598412e+06 1.598456e+06 1.598625e+06 1.598751e+06 1.598904e+06 1.599295e+06 1.599805e+06 1.600461e+06 1.601359e+06 1.602698e+06 1.604784e+06 1.607990e+06 1.654506e+06 1.784720e+06 2.045031e+06 2.481307e+06 3.117706e+06 3.939721e+06 5.928994e+06 7.971388e+06 9.725495e+06 1.103954e+07 1.188928e+07 1.232538e+07
1.611972e+06 1.611972e+06 1.611972e+06 1.611972e+06 1.611973e+06 1.611987e+06 1.612032e+06 1.612209e+06 1.612342e+06 1.612505e+06 1.612921e+06 1.613462e+06 1.614154e+06 1.615092e+06 1.616479e+06 1.618621e+06 1.621896e+06 1.669148e+06 1.801753e+06 2.068224e+06 2.515997e+06 3.168408e+06 4.007762e+06 6.021810e+06 8.066676e+06 9.806694e+06 1.110037e+07 1.193003e+07 1.234881e+07
1.625865e+06 1.625865e+06 1.625865e+06 1.625865e+06 1.625866e+06 1.625884e+06 1.625937e+06 1.626141e+06 1.626290e+06 1.626471e+06 1.626929e+06 1.627516e+06 1.628259e+06 1.629251e+06 1.630692e+06 1.632892e+06 1.636230e+06 1.684090e+06 1.818915e+06 2.091536e+06 2.550989e+06 3.219627e+06 4.076376e+06 6.114613e+06 8.160879e+06 9.885821e+06 1.115848e+07 1.196782e+07 1.236941e+07
1.640273e+06 1.640273e+06 1.640273e+06 1.640273e+06 1.640274e+06 1.640291e+06 1.640346e+06 1.640564e+06 1.640728e+06 1.640927e+06 1.641430e+06 1.642069e+06 1.642867e+06 1.643911e+06 1.645402e+06 1.647648e+06 1.651033e+06 1.699321e+06 1.836164e+06 2.114910e+06 2.586218e+06 3.271278e+06 4.145445e+06 6.207224e+06 8.253822e+06 9.962746e+06 1.121379e+07 1.200260e+07 1.238715e+07
1.655270e+06 1.655270e+06 1.655270e+06 1.655270e+06 1.655271e+06 1.655292e+06 1.655355e+06 1.655602e+06 1.655782e+06 1.656000e+06 1.656545e+06 1.657230e+06 1.658070e+06 1.659151e+06 1.660670e+06 1.662936e+06 1.666334e+06 1.714816e+06 1.853447e+06 2.138288e+06 2.621616e+06 3.323273e+06 4.214844e+06 6.299462e+06 8.345322e+06 1.003734e+07 1.126622e+07 1.203433e+07 1.240198e+07
1.671046e+06 1.671046e+06 1.671046e+06 1.671047e+06 1.671047e+06 1.671068e+06 1.671133e+06 1.671389e+06 1.671579e+06 1.671808e+06 1.672379e+06 1.673086e+06 1.673939e+06 1.675022e+06 1.676530e+06 1.678773e+06 1.682137e+06 1.730532e+06 1.870706e+06 2.161605e+06 2.657115e+06 3.375519e+06 4.284447e+06 6.391139e+06 8.435197e+06 1.010946e+07 1.131571e+07 1.206297e+07 1.241389e+07
1.687637e+06 1.687637e+06 1.687637e+06 1.687637e+06 1.687638e+06 1.687660e+06 1.687729e+06 1.687995e+06 1.688190e+06 1.688421e+06 1.688986e+06 1.689673e+06 1.690490e+06 1.691521e+06 1.692962e+06 1.695125e+06 1.698398e+06 1.746399e+06 1.887870e+06 2.184797e+06 2.692643e+06 3.427922e+06 4.354121e+06 6.482063e+06 8.523262e+06 1.017899e+07 1.136217e+07 1.208849e+07 1.242285e+07
1.705106e+06 1.705106e+06 1.705106e+06 1.705107e+06 1.705107e+06 1.705129e+06 1.705197e+06 1.705447e+06 1.705623e+06 1.705830e+06 1.706328e+06 1.706928e+06 1.707643e+06 1.708558e+06 1.709870e+06 1.711892e+06 1.715014e+06 1.762321e+06 1.904859e+06 2.207796e+06 2.728130e+06 3.480385e+06 4.423729e+06 6.572037e+06 8.609329e+06 1.024580e+07 1.140554e+07 1.211086e+07 1.242886e+07
1.723357e+06 1.723357e+06 1.723357e+06 1.723357e+06 1.723357e+06 1.723368e+06 1.723403e+06 1.723558e+06 1.723678e+06 1.723825e+06 1.724191e+06 1.724643e+06 1.725196e+06 1.725938e+06 1.727069e+06 1.728899e+06 1.731818e+06 1.778176e+06 1.921582e+06 2.230532e+06 2.763503e+06 3.532809e+06 4.493132e+06 6.660865e+06 8.693214e+06 1.030976e+07 1.144576e+07 1.213007e+07 1.243190e+07
1.741654e+06 1.741654e+06 1.741654e+06 1.741654e+06 1.741655e+06 1.741665e+06 1.741697e+06 1.741808e+06 1.741884e+06 1.741974e+06 1.742195e+06 1.742476e+06 1.742840e+06 1.743382e+06 1.744302e+06 1.745911e+06 1.748599e+06 1.793823e+06 1.937945e+06 2.252935e+06 2.798691e+06 3.585092e+06 4.562187e+06 6.748343e+06 8.774730e+06 1.037073e+07 1.148277e+07 1.214608e+07 1.243199e+07
1.759789e+06 1.759789e+06 1.759789e+06 1.759789e+06 1.759789e+06 1.759788e+06 1.759788e+06 1.759805e+06 1.759824e+06 1.759850e+06 1.759927e+06 1.760043e+06 1.760227e+06 1.760574e+06 1.761286e+06 1.762672e+06 1.765120e+06 1.809111e+06 1.953850e+06 2.274934e+06 2.833621e+06 3.637132e+06 4.630747e+06 6.834272e+06 8.853694e+06 1.042861e+07 1.151650e+07 1.215889e+07 1.242911e+07
1.777080e+06 1.777080e+06 1.777080e+06 1.777080e+06 1.777080e+06 1.777079e+06 1.777074e+06 1.777053e+06 1.777040e+06 1.777026e+06 1.777004e+06 1.776999e+06 1.777040e+06 1.777225e+06 1.777754e+06 1.778936e+06 1.781158e+06 1.823890e+06 1.969199e+06 2.296461e+06 2.868222e+06 3.688825e+06 4.698663e+06 6.918447e+06 8.929925e+06 1.048327e+07 1.154690e+07 1.216850e+07 1.242330e+07
1.793337e+06 1.793337e+06 1.793337e+06 1.793337e+06 1.793337e+06 1.793335e+06 1.793328e+06 1.793300e+06 1.793277e+06 1.793250e+06 1.793182e+06 1.793105e+06 1.793050e+06 1.793113e+06 1.793495e+06 1.794501e+06 1.796519e+06 1.838023e+06 1.983902e+06 2.317453e+06 2.902424e+06 3.740064e+06 4.765784e+06 7.000666e+06 9.003246e+06 1.053459e+07 1.157393e+07 1.217489e+07 1.241455e+07
1.808573e+06 1.808573e+06 1.808573e+06 1.808573e+06 1.808573e+06 1.808571e+06 1.808564e+06 1.808530e+06 1.808502e+06 1.808467e+06 1.808373e+06 1.808250e+06 1.808128e+06 1.808099e+06 1.808362e+06 1.809220e+06 1.811056e+06 1.851385e+06 1.997873e+06 2.337850e+06 2.936158e+06 3.790742e+06 4.831954e+06 7.080727e+06 9.073483e+06 1.058248e+07 1.159755e+07 1.217806e+07 1.240290e+07
1.822814e+06 1.822814e+06 1.822814e+06 1.822814e+06 1.822814e+06 1.822811e+06 1.822800e+06 1.822754e+06 1.822717e+06 1.822671e+06 1.822548e+06 1.822384e+06 1.822204e+06 1.822098e+06 1.822259e+06 1.822986e+06 1.824658e+06 1.863873e+06 2.011040e+06 2.357595e+06 2.969355e+06 3.840749e+06 4.897018e+06 7.158429e+06 9.140468e+06 1.062682e+07 1.161770e+07 1.217803e+07 1.238836e+07
1.836019e+06 1.836019e+06 1.836019e+06 1.836019e+06 1.836019e+06 1.836014e+06 1.836000e+06 1.835939e+06 1.835892e+06 1.835833e+06 1.835675e+06 1.835466e+06 1.835228e+06 1.835048e+06 1.835114e+06 1.835719e+06 1.837238e+06 1.875400e+06 2.023338e+06 2.376640e+06 3.001948e+06 3.889973e+06 4.960815e+06 7.233574e+06 9.204039e+06 1.066752e+07 1.163436e+07 1.217480e+07 1.237098e+07
1.848139e+06 1.848139e+06 1.848139e+06 1.848139e+06 1.848139e+06 1.848134e+06 1.848118e+06 1.848042e+06 1.847981e+06 1.847905e+06 1.847706e+06 1.847446e+06 1.847146e+06 1.846891e+06 1.846865e+06 1.847354e+06 1.848728e+06 1.885894e+06 2.034715e+06 2.394940e+06 3.033869e+06 3.938300e+06 5.023184e+06 7.305965e+06 9.264042e+06 1.070450e+07 1.164750e+07 1.216838e+07 1.235078e+07
1.859136e+06 1.859136e+06 1.859136e+06 1.859136e+06 1.859135e+06 1.859127e+06 1.859100e+06 1.858992e+06 1.858913e+06 1.858816e+06 1.858571e+06 1.858257e+06 1.857895e+06 1.857567e+06 1.857452e+06 1.857830e+06 1.859066e+06 1.895297e+06 2.045127e+06 2.412456e+06 3.065052e+06 3.985611e+06 5.083959e+06 7.375410e+06 9.320329e+06 1.073767e+07 1.165710e+07 1.215880e+07 1.232780e+07
1.868823e+06 1.868823e+06 1.868823e+06 1.868823e+06 1.868823e+06 1.868814e+06 1.868786e+06 1.868670e+06 1.868581e+06 1.868471e+06 1.868191e+06 1.867830e+06 1.867412e+06 1.867016e+06 1.866818e+06 1.867092e+06 1.868199e+06 1.903565e+06 2.054543e+06 2.429155e+06 3.095428e+06 4.031785e+06 5.142973e+06 7.441720e+06 9.372760e+06 1.076696e+07 1.166314e+07 1.214608e+07 1.230209e+07
1.877218e+06 1.877218e+06 1.877218e+06 1.877218e+06 1.877218e+06 1.877208e+06 1.877175e+06 1.877045e+06 1.876947e+06 1.876826e+06 1.876516e+06 1.876116e+06 1.875647e+06 1.875190e+06 1.874916e+06 1.875095e+06 1.876082e+06 1.910662e+06 2.062940e+06 2.445006e+06 3.124926e+06 4.076694e+06 5.200053e+06 7.504711e+06 9.421205e+06 1.079230e+07 1.166562e+07 1.213024e+07 1.227369e+07
