0.000000e+00 0.000000e+00 0.000000e+00 0.000000e+00 0.000000e+00 6.773063e-86 2.219107e-44 4.539441e-23 1.077512e-18 9.801602e-16 5.927100e-12 1.322917e-09 5.561038e-08 8.903248e-07 7.831941e-06 4.699072e-05 2.186016e-04 4.582548e-02 7.189180e-01 2.634018e+00 4.744365e+00 6.346574e+00 7.514543e+00 9.278584e+00 1.091319e+01 1.267458e+01 1.460778e+01 1.670410e+01 1.894685e+01
0.000000e+00 0.000000e+00 0.000000e+00 0.000000e+00 0.000000e+00 1.581875e-85 3.092769e-44 5.235152e-23 1.202731e-18 1.071330e-15 6.315088e-12 1.388609e-09 5.780189e-08 9.190212e-07 8.043651e-06 4.808527e-05 2.231195e-04 4.648532e-02 7.268150e-01 2.656913e+00 4.777885e+00 6.383742e+00 7.551597e+00 9.312364e+00 1.094402e+01 1.270359e+01 1.463581e+01 1.673169e+01 1.897434e+01
0.000000e+00 0.000000e+00 0.000000e+00 0.000000e+00 0.000000e+00 6.750981e-85 5.182438e-44 6.320362e-23 1.382056e-18 1.194516e-15 6.801633e-12 1.467293e-09 6.034677e-08 9.516134e-07 8.280161e-06 4.929276e-05 2.280556e-04 4.718629e-02 7.350806e-01 2.680655e+00 4.812425e+00 6.421864e+00 7.589466e+00 9.346715e+00 1.097527e+01 1.273292e+01 1.466410e+01 1.675950e+01 1.900204e+01
0.000000e+00 0.000000e+00 0.000000e+00 0.000000e+00 0.000000e+00 3.845499e-84 1.021060e-43 7.989254e-23 1.635619e-18 1.359263e-15 7.407690e-12 1.561093e-09 6.329157e-08 9.885288e-07 8.543797e-06 5.062249e-05 2.334407e-04 4.793051e-02 7.437293e-01 2.705271e+00 4.848011e+00 6.460960e+00 7.628166e+00 9.381644e+00 1.100694e+01 1.276258e+01 1.469266e+01 1.678754e+01 1.902993e+01
0.000000e+00 0.000000e+00 0.000000e+00 0.000000e+00 0.000000e+00 2.581102e-83 2.211679e-43 1.058063e-22 1.993049e-18 1.578344e-15 8.158562e-12 1.672440e-09 6.668781e-08 1.030230e-06 8.837034e-06 5.208425e-05 2.393073e-04 4.872021e-02 7.527760e-01 2.730787e+00 4.884669e+00 6.501049e+00 7.667710e+00 9.417157e+00 1.103903e+01 1.279256e+01 1.472149e+01 1.681581e+01 1.905803e+01
0.000000e+00 0.000000e+00 0.000000e+00 0.000000e+00 0.000000e+00 1.898420e-82 5.136581e-43 1.462290e-22 2.502750e-18 1.870056e-15 9.085888e-12 1.804169e-09 7.059315e-08 1.077220e-06 9.162526e-06 5.368842e-05 2.456896e-04 4.955768e-02 7.622360e-01 2.757231e+00 4.922425e+00 6.542151e+00 7.708113e+00 9.453263e+00 1.107155e+01 1.282288e+01 1.475059e+01 1.684432e+01 1.908633e+01
0.000000e+00 0.000000e+00 0.000000e+00 0.000000e+00 0.000000e+00 1.479555e-81 1.259802e-42 2.082646e-22 3.230286e-18 2.262668e-15 1.023085e-11 1.959672e-09 7.507318e-08 1.130054e-06 9.523132e-06 5.544603e-05 2.526235e-04 5.044532e-02 7.721250e-01 2.784631e+00 4.961306e+00 6.584288e+00 7.749389e+00 9.489967e+00 1.110450e+01 1.285353e+01 1.477996e+01 1.687305e+01 1.911483e+01
0.000000e+00 0.000000e+00 0.000000e+00 0.000000e+00 0.000000e+00 1.200800e-80 3.216133e-42 3.033887e-22 4.255238e-18 2.790231e-15 1.164945e-11 2.143117e-09 8.020403e-08 1.189353e-06 9.921970e-06 5.736892e-05 2.601475e-04 5.138562e-02 7.824594e-01 2.813015e+00 5.001339e+00 6.627480e+00 7.791554e+00 9.527278e+00 1.113789e+01 1.288451e+01 1.480960e+01 1.690202e+01 1.914355e+01
0.000000e+00 0.000000e+00 0.000000e+00 0.000000e+00 0.000000e+00 1.004288e-79 8.454838e-42 4.504715e-22 5.693900e-18 3.491549e-15 1.342087e-11 2.359770e-09 8.607583e-08 1.255821e-06 1.036248e-05 5.946989e-05 2.683022e-04 5.238117e-02 7.932559e-01 2.842413e+00 5.042554e+00 6.671748e+00 7.834621e+00 9.565202e+00 1.117172e+01 1.291584e+01 1.483952e+01 1.693122e+01 1.917246e+01
0.000000e+00 0.000000e+00 0.000000e+00 0.000000e+00 0.000000e+00 8.595984e-79 2.272321e-41 6.803039e-22 7.718313e-18 4.419639e-15 1.562283e-11 2.616547e-09 9.279747e-08 1.330271e-06 1.084850e-05 6.176293e-05 2.771318e-04 5.343469e-02 8.045317e-01 2.872855e+00 5.084977e+00 6.717114e+00 7.878607e+00 9.603746e+00 1.120598e+01 1.294750e+01 1.486972e+01 1.696066e+01 1.920159e+01
0.000000e+00 0.000000e+00 0.000000e+00 0.000000e+00 0.000000e+00 7.493299e-78 6.211492e-41 1.042700e-21 1.058210e-17 5.647253e-15 1.833907e-11 2.922483e-09 1.005034e-07 1.413655e-06 1.138440e-05 6.426353e-05 2.866841e-04 5.454904e-02 8.163049e-01 2.904371e+00 5.128638e+00 6.763599e+00 7.923525e+00 9.642918e+00 1.124070e+01 1.297950e+01 1.490019e+01 1.699033e+01 1.923092e+01
0.000000e+00 0.000000e+00 0.000000e+00 0.000000e+00 0.000000e+00 3.809177e-73 1.002508e-38 1.002090e-20 5.775658e-17 2.128146e-14 4.436941e-11 5.485298e-09 1.600179e-07 2.012856e-06 1.502175e-05 8.057597e-05 3.473451e-04 6.114400e-02 8.832999e-01 3.079203e+00 5.366564e+00 7.013592e+00 8.162651e+00 9.848443e+00 1.142109e+01 1.314470e+01 1.505675e+01 1.714226e+01 1.938071e+01
0.000000e+00 0.000000e+00 0.000000e+00 0.000000e+00 2.985226e-309 2.617570e-68 1.653793e-36 9.848972e-20 3.354940e-16 8.691279e-14 1.163088e-10 1.107941e-08 2.733467e-07 3.060797e-06 2.099911e-05 1.059694e-04 4.374841e-04 6.979558e-02 9.658231e-01 3.286010e+00 5.640116e+00 7.295004e+00 8.427455e+00 1.007074e+01 1.161317e+01 1.331872e+01 1.522042e+01 1.730020e+01 1.953577e+01
0.000000e+00 0.000000e+00 0.000000e+00 0.000000e+00 3.547860e-284 2.073226e-63 3.797977e-34 1.044513e-18 2.019540e-15 3.668495e-13 3.188825e-10 2.340267e-08 4.858584e-07 4.829575e-06 3.044136e-05 1.445376e-04 5.709709e-04 8.115160e-02 1.067119e+00 3.529776e+00 5.953667e+00 7.610944e+00 8.720009e+00 1.031072e+01 1.181737e+01 1.350178e+01 1.539133e+01 1.746424e+01 1.969617e+01
0.000000e+00 0.000000e+00 0.000000e+00 0.000000e+00 4.482790e-259 1.745716e-58 9.607436e-32 1.342315e-17 1.391023e-14 1.688803e-12 9.158803e-10 5.131167e-08 8.913162e-07 7.824295e-06 4.517955e-05 2.017520e-04 7.632258e-04 9.622230e-02 1.191428e+00 3.816484e+00 6.312195e+00 7.964828e+00 9.042526e+00 1.056930e+01 1.203411e+01 1.369411e+01 1.556961e+01 1.763446e+01 1.986196e+01
0.000000e+00 0.000000e+00 0.000000e+00 0.000000e+00 5.908560e-234 1.533344e-53 2.536919e-29 1.913677e-16 1.077449e-13 8.612340e-12 2.789438e-09 1.167344e-07 1.682186e-06 1.297349e-05 6.837263e-05 2.866341e-04 1.038183e-03 1.161686e-01 1.344569e+00 4.153545e+00 6.721509e+00 8.360472e+00 9.397390e+00 1.084742e+01 1.226378e+01 1.389589e+01 1.575535e+01 1.781093e+01 2.003321e+01
0.000000e+00 0.000000e+00 0.000000e+00 0.000000e+00 8.032433e-209 1.389094e-48 6.908869e-27 2.851273e-15 8.887133e-13 4.726913e-11 9.030174e-09 2.763384e-07 3.263667e-06 2.197971e-05 1.053588e-04 4.138583e-04 1.433913e-03 1.422509e-01 1.534869e+00 4.550420e+00 7.188545e+00 8.802223e+00 9.787218e+00 1.114605e+01 1.250677e+01 1.410729e+01 1.594866e+01 1.799371e+01 2.020995e+01
0.000000e+00 0.000000e+00 0.000000e+00 0.000000e+00 1.118077e-183 1.288486e-43 1.926405e-24 4.358733e-14 7.580239e-12 2.713028e-10 3.084361e-08 6.825477e-07 6.522731e-06 3.805589e-05 1.652431e-04 6.070895e-04 2.010259e-03 1.762178e-01 1.770312e+00 5.019693e+00 7.721768e+00 9.295125e+00 1.021492e+01 1.146617e+01 1.276345e+01 1.432848e+01 1.614961e+01 1.818285e+01 2.039222e+01
0.000000e+00 0.000000e+00 0.000000e+00 1.654728e-305 1.585582e-158 1.217638e-38 5.472298e-22 6.789755e-13 6.603314e-11 1.599708e-09 1.097428e-07 1.757303e-06 1.346961e-05 6.749270e-05 2.640501e-04 9.051437e-04 2.861372e-03 2.205146e-01 2.059526e+00 5.577976e+00 8.331744e+00 9.845123e+00 1.068378e+01 1.180882e+01 1.303418e+01 1.455960e+01 1.635826e+01 1.837838e+01 2.058004e+01
0.000000e+00 0.000000e+00 0.000000e+00 3.956799e-255 2.282721e-133 1.168161e-33 1.578092e-19 1.073676e-11 5.842320e-10 9.601923e-09 4.017023e-07 4.690391e-06 2.877520e-05 1.229909e-04 4.309054e-04 1.373367e-03 4.137451e-03 2.785707e-01 2.413631e+00 6.238754e+00 9.032325e+00 1.045934e+01 1.119757e+01 1.217511e+01 1.331931e+01 1.480075e+01 1.657466e+01 1.858033e+01 2.077345e+01
0.000000e+00 0.000000e+00 0.000000e+00 9.580044e-205 3.327540e-108 1.134731e-28 4.607831e-17 1.718997e-10 5.233865e-09 5.839790e-08 1.498877e-06 1.287690e-05 6.346023e-05 2.306920e-04 7.198901e-04 2.123927e-03 6.081441e-03 3.551679e-01 2.846887e+00 7.017021e+00 9.839838e+00 1.114649e+01 1.176065e+01 1.256621e+01 1.361917e+01 1.505204e+01 1.679884e+01 1.878871e+01 2.097244e+01
0.000000e+00 0.000000e+00 0.000000e+00 2.343855e-154 4.901549e-83 1.113838e-23 1.359557e-14 2.780979e-09 4.737710e-08 3.589244e-07 5.667163e-06 3.607103e-05 1.436914e-04 4.447474e-04 1.232124e-03 3.350775e-03 9.088943e-03 4.569323e-01 3.377683e+00 7.931138e+00 1.076573e+01 1.191799e+01 1.237814e+01 1.298340e+01 1.393410e+01 1.531356e+01 1.703083e+01 1.900353e+01 2.117703e+01
0.000000e+00 0.000000e+00 0.000000e+00 5.785755e-104 7.284665e-58 1.103105e-18 4.047273e-12 4.538787e-08 4.325701e-07 2.224587e-06 2.161774e-05 1.023337e-04 3.314587e-04 8.767834e-04 2.155648e-03 5.388096e-03 1.380370e-02 5.930169e-01 4.029708e+00 9.003356e+00 1.182316e+01 1.278510e+01 1.305623e+01 1.342808e+01 1.426445e+01 1.558538e+01 1.727063e+01 1.922479e+01 2.138721e+01
0.000000e+00 0.000000e+00 3.409308e-217 1.439202e-53 1.090983e-32 1.100888e-13 1.214001e-09 7.453828e-07 3.970157e-06 1.384604e-05 8.270967e-05 2.916347e-04 7.715783e-04 1.753068e-03 3.834479e-03 8.804885e-03 2.126675e-02 7.760547e-01 4.833350e+00 1.026071e+01 1.302751e+01 1.375460e+01 1.380306e+01 1.390180e+01 1.461055e+01 1.586758e+01 1.751824e+01 1.945247e+01 2.160299e+01
1.103757e-10 1.103789e-10 1.107525e-10 1.218939e-10 1.253133e-10 1.070358e-08 3.566301e-07 1.203485e-05 3.587279e-05 8.492309e-05 3.124831e-04 8.235173e-04 1.789527e-03 3.515531e-03 6.878634e-03 1.454998e-02 3.314369e-02 1.023488e+00 5.827386e+00 1.173603e+01 1.439648e+01 1.483444e+01 1.462462e+01 1.440630e+01 1.497278e+01 1.616019e+01 1.777365e+01 1.968656e+01 2.182434e+01
1.771032e-05 1.770244e-05 1.770390e-05 1.775062e-05 1.789659e-05 2.266635e-05 4.117237e-05 1.598035e-04 2.857754e-04 4.759534e-04 1.118326e-03 2.244545e-03 4.058400e-03 6.969761e-03 1.231598e-02 2.415854e-02 5.206157e-02 1.359416e+00 7.061090e+00 1.346905e+01 1.595039e+01 1.603343e+01 1.552366e+01 1.494360e+01 1.535153e+01 1.646329e+01 1.803685e+01 1.992703e+01 2.205125e+01
6.052430e-04 6.052461e-04 6.052587e-04 6.056636e-04 6.069287e-04 6.460414e-04 7.621686e-04 1.237737e-03 1.619281e-03 2.117375e-03 3.541225e-03 5.686386e-03 8.789805e-03 1.343977e-02 2.176457e-02 4.002985e-02 8.210615e-02 1.817162e+00 8.596865e+00 1.550749e+01 1.771246e+01 1.736106e+01 1.650352e+01 1.551624e+01 1.574722e+01 1.677693e+01 1.830781e+01 2.017385e+01 2.228372e+01
3.997485e-03 3.997493e-03 3.997518e-03 3.998323e-03 4.000836e-03 4.076843e-03 4.307930e-03 5.257383e-03 5.996581e-03 6.929691e-03 9.449657e-03 1.298922e-02 1.781910e-02 2.485549e-02 3.760311e-02 6.581204e-02 1.295795e-01 2.442853e+00 1.051354e+01 1.790824e+01 1.970905e+01 1.882742e+01 1.756757e+01 1.612742e+01 1.616034e+01 1.710117e+01 1.858652e+01 2.042701e+01 2.252171e+01
1.279232e-02 1.279233e-02 1.279237e-02 1.279347e-02 1.279692e-02 1.291479e-02 1.329658e-02 1.484120e-02 1.601711e-02 1.747958e-02 2.133574e-02 2.657310e-02 3.352765e-02 4.375976e-02 6.318183e-02 1.070107e-01 2.042222e-01 3.300389e+00 1.291042e+01 2.073846e+01 2.196973e+01 2.044312e+01 1.871897e+01 1.677689e+01 1.659147e+01 1.743610e+01 1.887296e+01 2.068647e+01 2.276520e+01
3.009021e-02 3.009023e-02 3.009028e-02 3.009196e-02 3.009720e-02 3.026492e-02 3.079411e-02 3.295854e-02 3.461693e-02 3.667746e-02 4.206177e-02 4.923946e-02 5.870932e-02 7.333421e-02 1.032270e-01 1.720754e-01 3.212725e-01 4.478378e+00 1.591219e+01 2.407665e+01 2.452711e+01 2.221906e+01 1.996055e+01 1.746359e+01 1.704138e+01 1.778182e+01 1.916714e+01 2.095222e+01 2.301419e+01
5.870491e-02 5.870494e-02 5.870502e-02 5.870757e-02 5.871528e-02 5.895182e-02 5.968525e-02 6.263943e-02 6.487905e-02 6.763884e-02 7.474200e-02 8.403794e-02 9.648661e-02 1.175932e-01 1.647144e-01 2.744168e-01 5.050005e-01 6.099736e+00 1.967469e+01 2.801350e+01 2.741652e+01 2.416616e+01 2.129465e+01 1.818646e+01 1.751131e+01 1.813850e+01 1.946906e+01 2.122423e+01 2.326866e+01
1.024120e-01 1.024120e-01 1.024121e-01 1.024152e-01 1.024247e-01 1.027307e-01 1.036880e-01 1.075180e-01 1.103864e-01 1.138811e-01 1.227127e-01 1.341250e-01 1.502840e-01 1.819452e-01 2.586957e-01 4.361551e-01 7.947904e-01 8.334908e+00 2.439139e+01 3.265225e+01 3.067519e+01 2.629492e+01 2.272294e+01 1.894418e+01 1.800197e+01 1.850633e+01 1.977875e+01 2.150251e+01 2.352859e+01
1.652335e-01 1.652335e-01 1.652337e-01 1.652372e-01 1.652482e-01 1.656181e-01 1.667875e-01 1.714031e-01 1.747918e-01 1.788691e-01 1.890357e-01 2.023476e-01 2.239014e-01 2.745895e-01 4.040562e-01 6.950674e-01 1.255606e+00 1.141983e+01 3.030039e+01 3.810837e+01 3.434117e+01 2.861482e+01 2.424616e+01 1.973507e+01 1.851171e+01 1.888563e+01 2.009628e+01 2.178706e+01 2.379399e+01
2.505960e-01 2.505960e-01 2.505961e-01 2.506000e-01 2.506119e-01 2.509948e-01 2.521945e-01 2.569237e-01 2.604280e-01 2.646814e-01 2.754392e-01 2.906947e-01 3.222567e-01 4.099948e-01 6.352398e-01 1.117445e+00 1.995949e+00 1.567981e+01 3.769085e+01 4.450784e+01 3.845162e+01 3.113357e+01 2.586391e+01 2.055706e+01 1.903903e+01 1.927693e+01 2.042173e+01 2.207791e+01 2.406488e+01
3.568714e-01 3.568714e-01 3.568715e-01 3.568747e-01 3.568846e-01 3.572044e-01 3.582569e-01 3.627857e-01 3.662757e-01 3.705589e-01 3.816546e-01 4.006492e-01 4.544383e-01 6.172334e-01 1.017926e+00 1.821714e+00 3.198477e+00 2.156034e+01 4.690772e+01 5.198378e+01 4.304056e+01 3.385621e+01 2.757436e+01 2.140768e+01 1.958242e+01 1.968117e+01 2.075526e+01 2.237510e+01 2.434126e+01
4.802006e-01 4.802006e-01 4.802007e-01 4.802052e-01 4.802192e-01 4.806575e-01 4.819912e-01 4.870551e-01 4.906825e-01 4.950219e-01 5.068205e-01 5.360357e-01 6.422626e-01 9.586995e-01 1.680175e+00 3.021312e+00 5.171593e+00 2.966444e+01 5.835204e+01 6.067031e+01 4.813600e+01 3.678415e+01 2.937394e+01 2.228404e+01 2.014031e+01 2.009795e+01 2.109710e+01 2.267872e+01 2.462317e+01
6.241837e-01 6.241837e-01 6.241838e-01 6.241864e-01 6.241947e-01 6.244863e-01 6.254582e-01 6.295417e-01 6.326979e-01 6.366609e-01 6.508770e-01 7.101690e-01 9.412144e-01 1.570788e+00 2.873403e+00 5.101548e+00 8.434981e+00 4.079378e+01 7.247323e+01 7.069331e+01 5.375636e+01 3.991409e+01 3.125709e+01 2.318286e+01 2.071101e+01 2.052591e+01 2.144758e+01 2.298887e+01 2.491068e+01
7.790003e-01 7.790004e-01 7.790005e-01 7.790041e-01 7.790152e-01 7.793670e-01 7.804206e-01 7.844928e-01 7.875358e-01 7.916656e-01 8.181202e-01 9.667811e-01 1.492509e+00 2.752084e+00 5.090666e+00 8.755060e+00 1.385760e+01 5.598447e+01 8.974810e+01 8.215730e+01 5.990651e+01 4.323697e+01 3.321603e+01 2.410048e+01 2.129275e+01 2.096396e+01 2.180730e+01 2.330571e+01 2.520385e+01
9.446782e-01 9.446782e-01 9.446784e-01 9.446819e-01 9.446928e-01 9.450429e-01 9.461135e-01 9.500678e-01 9.531304e-01 9.594808e-01 1.036545e+00 1.444724e+00 2.653210e+00 5.153179e+00 9.291951e+00 1.521299e+01 2.286925e+01 7.651821e+01 1.106406e+02 9.512859e+01 6.657352e+01 4.673715e+01 3.524061e+01 2.503293e+01 2.188368e+01 2.141107e+01 2.217699e+01 2.362944e+01 2.550278e+01
1.120766e+00 1.120766e+00 1.120766e+00 1.120767e+00 1.120772e+00 1.120917e+00 1.121403e+00 1.123876e+00 1.128594e+00 1.150389e+00 1.428718e+00 2.571831e+00 5.317078e+00 1.017593e+01 1.731610e+01 2.661403e+01 3.775276e+01 1.038736e+02 1.355374e+02 1.096154e+02 7.372266e+01 5.039169e+01 3.731827e+01 2.597595e+01 2.248189e+01 2.186620e+01 2.255579e+01 2.396036e+01 2.580760e+01
1.294465e+00 1.294465e+00 1.294465e+00 1.294467e+00 1.294473e+00 1.294652e+00 1.295211e+00 1.300075e+00 1.327883e+00 1.448657e+00 2.503017e+00 5.647234e+00 1.168535e+01 2.076882e+01 3.256733e+01 4.651148e+01 6.195732e+01 1.395663e+02 1.646574e+02 1.255476e+02 8.129439e+01 5.417020e+01 3.943412e+01 2.692509e+01 2.308547e+01 2.232832e+01 2.294286e+01 2.429889e+01 2.611848e+01
1.466709e+00 1.466709e+00 1.466709e+00 1.466712e+00 1.466719e+00 1.466938e+00 1.467635e+00 1.515419e+00 1.751138e+00 2.446579e+00 6.323045e+00 1.451865e+01 2.697369e+01 4.280356e+01 6.091742e+01 8.031968e+01 1.001877e+02 1.848247e+02 1.979454e+02 1.427590e+02 8.920286e+01 5.803507e+01 4.157126e+01 2.787577e+01 2.369251e+01 2.279643e+01 2.333751e+01 2.464576e+01 2.643562e+01
1.641545e+00 1.641545e+00 1.641545e+00 1.641548e+00 1.641556e+00 1.641827e+00 1.645510e+00 2.428417e+00 4.345618e+00 7.996860e+00 2.086692e+01 3.979108e+01 6.238158e+01 8.661221e+01 1.111012e+02 1.349789e+02 1.576918e+02 2.400937e+02 2.349699e+02 1.609778e+02 9.733685e+01 6.194245e+01 4.371118e+01 2.882340e+01 2.430116e+01 2.326951e+01 2.373907e+01 2.500120e+01 2.675928e+01
1.822908e+00 1.822908e+00 1.822908e+00 1.822911e+00 1.822920e+00 1.837101e+00 2.715057e+00 1.472426e+01 2.627185e+01 4.032447e+01 7.223126e+01 1.051685e+02 1.366768e+02 1.658376e+02 1.924196e+02 2.164478e+02 2.379915e+02 3.044751e+02 2.748616e+02 1.798301e+02 1.055635e+02 6.584375e+01 4.583434e+01 2.976346e+01 2.490965e+01 2.374661e+01 2.414694e+01 2.536446e+01 2.708983e+01
6.641766e+01 6.641822e+01 6.642000e+01 6.647685e+01 6.665450e+01 7.232221e+01 8.853762e+01 1.320929e+02 1.535632e+02 1.736307e+02 2.092483e+02 2.395009e+02 2.654029e+02 2.878047e+02 3.073341e+02 3.244108e+02 3.392587e+02 3.753681e+02 3.163304e+02 1.988589e+02 1.137349e+02 6.968775e+01 4.792092e+01 3.069162e+01 2.551631e+01 2.422680e+01 2.456053e+01 2.573500e+01 2.742775e+01
4.668478e+02 4.668475e+02 4.668465e+02 4.668139e+02 4.667122e+02 4.634905e+02 4.550933e+02 4.385126e+02 4.333288e+02 4.301817e+02 4.283508e+02 4.301645e+02 4.338330e+02 4.383573e+02 4.431577e+02 4.478352e+02 4.520298e+02 4.486280e+02 3.577831e+02 2.175589e+02 1.216971e+02 7.342314e+01 4.995157e+01 3.160385e+01 2.611963e+01 2.470921e+01 2.497927e+01 2.611236e+01 2.777379e+01
6.920598e+02 6.920597e+02 6.920595e+02 6.920526e+02 6.920311e+02 6.913039e+02 6.882321e+02 6.728120e+02 6.620227e+02 6.506471e+02 6.289297e+02 6.105580e+02 5.958795e+02 5.843740e+02 5.753320e+02 5.680405e+02 5.617973e+02 5.193558e+02 3.975274e+02 2.354227e+02 1.293008e+02 7.700120e+01 5.190825e+01 3.249652e+01 2.671826e+01 2.519306e+01 2.540263e+01 2.649614e+01 2.812773e+01
7.954123e+02 7.954122e+02 7.954121e+02 7.954073e+02 7.953926e+02 7.949027e+02 7.932568e+02 7.860409e+02 7.801653e+02 7.728346e+02 7.550647e+02 7.355367e+02 7.163780e+02 6.986769e+02 6.827677e+02 6.685192e+02 6.555095e+02 5.830379e+02 4.340133e+02 2.519893e+02 1.364112e+02 8.037835e+01 5.377495e+01 3.336647e+01 2.731107e+01 2.567763e+01 2.583010e+01 2.688597e+01 2.848902e+01
8.458025e+02 8.458025e+02 8.458023e+02 8.457988e+02 8.457879e+02 8.454370e+02 8.443415e+02 8.399244e+02 8.365090e+02 8.321961e+02 8.208777e+02 8.066231e+02 7.906504e+02 7.740954e+02 7.577155e+02 7.418423e+02 7.264286e+02 6.365089e+02 4.660396e+02 2.668862e+02 1.429173e+02 8.351835e+01 5.553833e+01 3.421115e+01 2.789709e+01 2.616230e+01 2.626122e+01 2.728150e+01 2.885730e+01
8.634889e+02 8.634888e+02 8.634888e+02 8.634865e+02 8.634795e+02 8.632604e+02 8.626412e+02 8.602865e+02 8.584509e+02 8.560918e+02 8.495856e+02 8.406107e+02 8.294950e+02 8.168362e+02 8.032142e+02 7.890065e+02 7.743072e+02 6.783501e+02 4.928739e+02 2.798567e+02 1.487380e+02 8.639390e+01 5.718821e+01 3.502857e+01 2.847561e+01 2.664655e+01 2.669557e+01 2.768240e+01 2.923229e+01
8.647110e+02 8.647110e+02 8.647110e+02 8.647101e+02 8.647076e+02 8.646250e+02 8.643688e+02 8.632777e+02 8.623683e+02 8.611580e+02 8.576413e+02 8.524062e+02 8.453602e+02 8.366540e+02 8.265447e+02 8.152347e+02 8.027571e+02 7.087108e+02 5.142673e+02 2.907698e+02 1.538247e+02 8.898745e+01 5.871779e+01 3.581744e+01 2.904611e+01 2.712997e+01 2.713278e+01 2.808836e+01 2.961371e+01
8.589648e+02 8.589648e+02 8.589648e+02 8.589644e+02 8.589631e+02 8.589198e+02 8.587796e+02 8.581561e+02 8.576408e+02 8.569605e+02 8.549812e+02 8.519478e+02 8.476405e+02 8.419650e+02 8.349188e+02 8.264948e+02 8.165835e+02 7.288040e+02 5.303837e+02 2.996128e+02 1.581617e+02 9.129139e+01 6.012380e+01 3.657710e+01 2.960833e+01 2.761225e+01 2.757252e+01 2.849910e+01 3.000132e+01
8.494400e+02 8.494400e+02 8.494400e+02 8.494396e+02 8.494385e+02 8.494013e+02 8.492812e+02 8.487933e+02 8.484264e+02 8.479704e+02 8.467294e+02 8.448949e+02 8.422562e+02 8.386307e+02 8.338705e+02 8.278130e+02 8.202127e+02 7.403611e+02 5.416828e+02 3.064723e+02 1.617622e+02 9.330738e+01 6.140630e+01 3.730754e+01 3.016220e+01 2.809319e+01 2.801453e+01 2.891437e+01 3.039491e+01
8.370730e+02 8.370730e+02 8.370730e+02 8.370726e+02 8.370715e+02 8.370400e+02 8.369569e+02 8.366505e+02 8.364233e+02 8.361410e+02 8.353782e+02 8.342604e+02 8.326381e+02 8.303366e+02 8.271604e+02 8.228657e+02 8.171152e+02 7.452109e+02 5.487957e+02 3.115080e+02 1.646638e+02 9.504534e+01 6.256845e+01 3.800938e+01 3.070787e+01 2.857270e+01 2.845861e+01 2.933395e+01 3.079426e+01
8.232592e+02 8.232592e+02 8.232592e+02 8.232591e+02 8.232590e+02 8.232535e+02 8.232348e+02 8.231330e+02 8.230333e+02 8.228926e+02 8.224659e+02 8.217972e+02 8.207962e+02 8.193284e+02 8.172035e+02 8.141502e+02 8.097838e+02 7.450268e+02 5.524183e+02 3.149259e+02 1.669226e+02 9.652200e+01 6.361609e+01 3.868380e+01 3.124569e+01 2.905080e+01 2.890461e+01 2.975763e+01 3.119919e+01
8.096038e+02 8.096038e+02 8.096038e+02 8.096037e+02 8.096035e+02 8.095964e+02 8.095733e+02 8.094774e+02 8.094006e+02 8.093000e+02 8.090108e+02 8.085708e+02 8.079193e+02 8.069533e+02 8.055005e+02 8.032888e+02 7.999153e+02 7.412139e+02 5.532351e+02 3.169546e+02 1.686066e+02 9.775931e+01 6.455731e+01 3.933248e+01 3.177619e+01 2.952760e+01 2.935243e+01 3.018525e+01 3.160953e+01
7.959954e+02 7.959954e+02 7.959954e+02 7.959953e+02 7.959950e+02 7.959867e+02 7.959604e+02 7.958547e+02 7.957765e+02 7.956817e+02 7.954383e+02 7.951063e+02 7.946461e+02 7.939778e+02 7.929490e+02 7.912981e+02 7.886217e+02 7.348874e+02 5.518718e+02 3.178265e+02 1.697911e+02 9.878285e+01 6.540192e+01 3.995755e+01 3.230006e+01 3.000331e+01 2.980205e+01 3.061668e+01 3.202512e+01
7.823377e+02 7.823377e+02 7.823377e+02 7.823376e+02 7.823373e+02 7.823287e+02 7.823032e+02 7.822122e+02 7.821481e+02 7.820718e+02 7.818811e+02 7.816319e+02 7.813001e+02 7.808251e+02 7.800744e+02 7.788026e+02 7.766160e+02 7.268994e+02 5.488726e+02 3.177643e+02 1.705533e+02 9.962046e+01 6.616100e+01 4.056149e+01 3.281815e+01 3.047824e+01 3.025351e+01 3.105182e+01 3.244581e+01
7.687104e+02 7.687104e+02 7.687104e+02 7.687104e+02 7.687104e+02 7.687088e+02 7.687030e+02 7.686690e+02 7.686372e+02 7.685946e+02 7.684764e+02 7.683116e+02 7.680861e+02 7.677535e+02 7.671982e+02 7.661918e+02 7.643555e+02 7.178842e+02 5.446948e+02 3.169730e+02 1.709696e+02 1.003009e+02 6.684642e+01 4.114709e+01 3.333142e+01 3.095277e+01 3.070688e+01 3.149061e+01 3.287149e+01
7.555339e+02 7.555339e+02 7.555339e+02 7.555339e+02 7.555338e+02 7.555327e+02 7.555281e+02 7.555070e+02 7.554896e+02 7.554671e+02 7.554035e+02 7.553090e+02 7.551700e+02 7.549464e+02 7.545342e+02 7.537194e+02 7.521386e+02 7.083066e+02 5.397133e+02 3.156357e+02 1.711125e+02 1.008531e+02 6.747050e+01 4.171737e+01 3.384096e+01 3.142735e+01 3.116231e+01 3.193303e+01 3.330207e+01
7.428300e+02 7.428300e+02 7.428300e+02 7.428300e+02 7.428300e+02 7.428288e+02 7.428258e+02 7.428196e+02 7.428161e+02 7.428112e+02 7.427920e+02 7.427522e+02 7.426790e+02 7.425365e+02 7.422288e+02 7.415539e+02 7.401626e+02 6.985035e+02 5.342306e+02 3.139130e+02 1.710499e+02 1.013051e+02 6.804566e+01 4.227547e+01 3.434792e+01 3.190250e+01 3.161998e+01 3.237906e+01 3.373744e+01
7.306534e+02 7.306534e+02 7.306534e+02 7.306535e+02 7.306536e+02 7.306571e+02 7.306673e+02 7.306967e+02 7.307106e+02 7.307219e+02 7.307339e+02 7.307286e+02 7.306977e+02 7.306102e+02 7.303765e+02 7.298038e+02 7.285553e+02 6.887183e+02 5.284884e+02 3.119436e+02 1.708438e+02 1.016838e+02 6.858419e+01 4.282468e+01 3.485355e+01 3.237879e+01 3.208014e+01 3.282876e+01 3.417756e+01
7.192587e+02 7.192587e+02 7.192587e+02 7.192587e+02 7.192586e+02 7.192589e+02 7.192601e+02 7.192637e+02 7.192657e+02 7.192679e+02 7.192721e+02 7.192734e+02 7.192627e+02 7.192098e+02 7.190282e+02 7.185323e+02 7.173955e+02 6.791276e+02 5.226807e+02 3.098468e+02 1.705504e+02 1.020146e+02 6.909804e+01 4.336831e+01 3.535914e+01 3.285684e+01 3.254307e+01 3.328219e+01 3.462239e+01
7.083822e+02 7.083822e+02 7.083822e+02 7.083822e+02 7.083821e+02 7.083800e+02 7.083735e+02 7.083567e+02 7.083510e+02 7.083483e+02 7.083512e+02 7.083609e+02 7.083679e+02 7.083433e+02 7.082046e+02 7.077725e+02 7.067301e+02 6.698619e+02 5.169639e+02 3.077252e+02 1.702205e+02 1.023213e+02 6.959872e+01 4.390968e+01 3.586601e+01 3.333733e+01 3.300907e+01 3.373947e+01 3.507189e+01
6.978097e+02 6.978097e+02 6.978097e+02 6.978098e+02 6.978099e+02 6.978146e+02 6.978272e+02 6.978624e+02 6.978815e+02 6.979005e+02 6.979373e+02 6.979733e+02 6.980057e+02 6.980117e+02 6.979152e+02 6.975439e+02 6.965901e+02 6.610228e+02 5.114678e+02 3.056676e+02 1.698997e+02 1.026259e+02 7.009717e+01 4.445208e+01 3.637550e+01 3.382092e+01 3.347851e+01 3.420070e+01 3.552606e+01
6.879416e+02 6.879416e+02 6.879417e+02 6.879417e+02 6.879419e+02 6.879465e+02 6.879587e+02 6.879949e+02 6.880158e+02 6.880377e+02 6.880831e+02 6.881327e+02 6.881858e+02 6.882227e+02 6.881709e+02 6.878642e+02 6.870022e+02 6.526965e+02 5.063036e+02 3.037524e+02 1.696291e+02 1.029487e+02 7.060375e+01 4.499874e+01 3.688899e+01 3.430835e+01 3.395177e+01 3.466607e+01 3.598493e+01
6.787377e+02 6.787377e+02 6.787377e+02 6.787377e+02 6.787377e+02 6.787371e+02 6.787352e+02 6.787334e+02 6.787374e+02 6.787462e+02 6.787792e+02 6.788340e+02 6.789086e+02 6.789828e+02 6.789861e+02 6.787559e+02 6.779981e+02 6.449644e+02 5.015710e+02 3.020492e+02 1.694461e+02 1.033086e+02 7.112821e+01 4.555280e+01 3.740782e+01 3.480035e+01 3.442924e+01 3.513574e+01 3.644852e+01
6.698477e+02 6.698477e+02 6.698477e+02 6.698477e+02 6.698477e+02 6.698488e+02 6.698533e+02 6.698722e+02 6.698874e+02 6.699076e+02 6.699663e+02 6.700548e+02 6.701745e+02 6.703083e+02 6.703884e+02 6.702564e+02 6.696240e+02 6.379120e+02 4.973638e+02 3.006219e+02 1.693846e+02 1.037228e+02 7.167962e+01 4.611728e+01 3.793333e+01 3.529764e+01 3.491135e+01 3.560992e+01 3.691690e+01
6.614231e+02 6.614231e+02 6.614231e+02 6.614231e+02 6.614233e+02 6.614276e+02 6.614408e+02 6.614916e+02 6.615283e+02 6.615726e+02 6.616856e+02 6.618368e+02 6.620301e+02 6.622513e+02 6.624363e+02 6.624306e+02 6.619509e+02 6.316351e+02 4.937740e+02 2.995296e+02 1.694757e+02 1.042072e+02 7.226646e+01 4.669509e+01 3.846685e+01 3.580098e+01 3.539855e+01 3.608884e+01 3.739013e+01
6.536620e+02 6.536620e+02 6.536620e+02 6.536621e+02 6.536623e+02 6.536693e+02 6.536893e+02 6.537642e+02 6.538192e+02 6.538863e+02 6.540589e+02 6.542873e+02 6.545751e+02 6.549091e+02 6.552272e+02 6.553775e+02 6.550803e+02 6.262443e+02 4.908941e+02 2.988281e+02 1.697479e+02 1.047764e+02 7.289654e+01 4.728899e+01 3.900965e+01 3.631111e+01 3.589128e+01 3.657273e+01 3.786829e+01
6.466879e+02 6.466879e+02 6.466879e+02 6.466879e+02 6.466882e+02 6.466955e+02 6.467182e+02 6.468137e+02 6.468882e+02 6.469811e+02 6.472228e+02 6.475426e+02 6.479441e+02 6.484150e+02 6.488938e+02 6.492302e+02 6.491459e+02 6.218665e+02 4.888186e+02 2.985701e+02 1.702275e+02 1.054437e+02 7.357703e+01 4.790156e+01 3.956297e+01 3.682876e+01 3.638999e+01 3.706185e+01 3.835150e+01
6.405732e+02 6.405732e+02 6.405732e+02 6.405733e+02 6.405737e+02 6.405873e+02 6.406270e+02 6.407738e+02 6.408801e+02 6.410087e+02 6.413362e+02 6.417645e+02 6.423006e+02 6.429334e+02 6.436018e+02 6.441545e+02 6.443126e+02 6.186449e+02 4.876437e+02 2.988056e+02 1.709382e+02 1.062210e+02 7.431443e+01 4.853524e+01 4.012801e+01 3.735463e+01 3.689515e+01 3.755647e+01 3.883985e+01
6.356543e+02 6.356543e+02 6.356543e+02 6.356544e+02 6.356549e+02 6.356685e+02 6.357113e+02 6.358853e+02 6.360167e+02 6.361780e+02 6.365943e+02 6.371448e+02 6.378379e+02 6.386609e+02 6.395493e+02 6.403483e+02 6.407759e+02 6.167354e+02 4.874650e+02 2.995811e+02 1.719017e+02 1.071190e+02 7.511461e+01 4.919228e+01 4.070591e+01 3.788945e+01 3.740721e+01 3.805685e+01 3.933348e+01
6.320353e+02 6.320353e+02 6.320353e+02 6.320355e+02 6.320361e+02 6.320538e+02 6.321081e+02 6.323191e+02 6.324781e+02 6.326760e+02 6.331976e+02 6.338982e+02 6.347822e+02 6.358303e+02 6.369710e+02 6.380436e+02 6.387612e+02 6.163022e+02 4.883752e+02 3.009393e+02 1.731369e+02 1.081470e+02 7.598271e+01 4.987474e+01 4.129775e+01 3.843387e+01 3.792663e+01 3.856328e+01 3.983253e+01
6.299115e+02 6.299115e+02 6.299115e+02 6.299117e+02 6.299122e+02 6.299301e+02 6.299874e+02 6.302425e+02 6.304478e+02 6.307070e+02 6.313902e+02 6.322952e+02 6.334163e+02 6.347256e+02 6.361444e+02 6.375059e+02 6.385191e+02 6.175079e+02 4.904602e+02 3.029174e+02 1.746601e+02 1.093132e+02 7.692323e+01 5.058448e+01 4.190453e+01 3.898857e+01 3.845385e+01 3.907604e+01 4.033713e+01
6.294390e+02 6.294390e+02 6.294390e+02 6.294394e+02 6.294405e+02 6.294774e+02 6.295890e+02 6.300039e+02 6.303028e+02 6.306632e+02 6.315700e+02 6.327221e+02 6.341067e+02 6.356887e+02 6.373841e+02 6.390225e+02 6.403099e+02 6.205025e+02 4.937938e+02 3.055464e+02 1.764845e+02 1.106239e+02 7.793989e+01 5.132316e+01 4.252720e+01 3.955415e+01 3.898931e+01 3.959542e+01 4.084745e+01
6.317416e+02 6.317416e+02 6.317416e+02 6.317420e+02 6.317432e+02 6.317803e+02 6.318970e+02 6.323754e+02 6.327370e+02 6.331769e+02 6.342773e+02 6.356491e+02 6.372637e+02 6.390776e+02 6.410025e+02 6.428657e+02 6.443715e+02 6.254083e+02 4.984341e+02 3.088500e+02 1.786201e+02 1.120843e+02 7.903573e+01 5.209224e+01 4.316663e+01 4.013122e+01 3.953344e+01 4.012169e+01 4.136363e+01
6.370462e+02 6.370462e+02 6.370463e+02 6.370467e+02 6.370483e+02 6.370966e+02 6.372453e+02 6.378186e+02 6.382363e+02 6.387363e+02 6.399655e+02 6.414726e+02 6.432246e+02 6.451760e+02 6.472377e+02 6.492362e+02 6.508740e+02 6.323069e+02 5.044191e+02 3.128437e+02 1.810737e+02 1.136980e+02 8.021304e+01 5.289295e+01 4.382362e+01 4.072034e+01 4.008664e+01 4.065515e+01 4.188583e+01
6.459347e+02 6.459348e+02 6.459348e+02 6.459353e+02 6.459368e+02 6.459854e+02 6.461364e+02 6.467196e+02 6.471409e+02 6.476426e+02 6.488722e+02 6.503800e+02 6.521372e+02 6.541009e+02 6.561829e+02 6.582094e+02 6.598795e+02 6.412295e+02 5.117652e+02 3.175342e+02 1.838484e+02 1.154669e+02 8.147337e+01 5.372634e+01 4.449889e+01 4.132204e+01 4.064930e+01 4.119606e+01 4.241423e+01
6.583684e+02 6.583684e+02 6.583684e+02 6.583688e+02 6.583698e+02 6.584034e+02 6.585131e+02 6.589773e+02 6.593325e+02 6.597673e+02 6.608645e+02 6.622462e+02 6.638886e+02 6.657526e+02 6.677522e+02 6.697121e+02 6.713268e+02 6.521561e+02 5.204668e+02 3.229197e+02 1.869438e+02 1.173916e+02 8.281754e+01 5.459323e+01 4.519309e+01 4.193681e+01 4.122181e+01 4.174470e+01 4.294899e+01
6.732936e+02 6.732936e+02 6.732936e+02 6.732939e+02 6.732950e+02 6.733285e+02 6.734326e+02 6.738419e+02 6.741453e+02 6.745152e+02 6.754565e+02 6.766669e+02 6.781400e+02 6.798473e+02 6.817079e+02 6.835460e+02 6.850510e+02 6.650226e+02 5.304985e+02 3.289902e+02 1.903565e+02 1.194712e+02 8.424568e+01 5.549425e+01 4.590678e+01 4.256510e+01 4.180452e+01 4.230132e+01 4.349026e+01
6.903149e+02 6.903150e+02 6.903150e+02 6.903152e+02 6.903159e+02 6.903389e+02 6.904165e+02 6.907423e+02 6.909915e+02 6.912996e+02 6.920982e+02 6.931509e+02 6.944640e+02 6.960190e+02 6.977399e+02 6.994503e+02 7.008332e+02 6.797367e+02 5.418190e+02 3.357280e+02 1.940795e+02 1.217032e+02 8.575725e+01 5.642983e+01 4.664048e+01 4.320736e+01 4.239777e+01 4.286618e+01 4.403823e+01
7.087451e+02 7.087451e+02 7.087451e+02 7.087453e+02 7.087460e+02 7.087682e+02 7.088374e+02 7.091174e+02 7.093326e+02 7.096013e+02 7.103095e+02 7.112624e+02 7.124736e+02 7.139298e+02 7.155566e+02 7.171748e+02 7.184594e+02 6.961950e+02 5.543749e+02 3.431088e+02 1.981030e+02 1.240840e+02 8.735108e+01 5.740024e+01 4.739461e+01 4.386395e+01 4.300187e+01 4.343952e+01 4.459303e+01
7.282225e+02 7.282225e+02 7.282225e+02 7.282227e+02 7.282234e+02 7.282461e+02 7.283173e+02 7.286022e+02 7.288171e+02 7.290831e+02 7.297801e+02 7.307182e+02 7.319132e+02 7.333516e+02 7.349555e+02 7.365396e+02 7.377694e+02 7.142974e+02 5.681044e+02 3.511026e+02 2.024147e+02 1.266088e+02 8.902543e+01 5.840557e+01 4.816954e+01 4.453525e+01 4.361713e+01 4.402158e+01 4.515485e+01
7.487735e+02 7.487735e+02 7.487735e+02 7.487738e+02 7.487745e+02 7.487982e+02 7.488720e+02 7.491694e+02 7.493974e+02 7.496825e+02 7.504338e+02 7.514398e+02 7.527054e+02 7.542072e+02 7.558586e+02 7.574650e+02 7.586806e+02 7.339545e+02 5.829391e+02 3.596740e+02 2.069995e+02 1.292716e+02 9.077807e+01 5.944575e+01 4.896559e+01 4.522158e+01 4.424383e+01 4.461256e+01 4.572381e+01
7.704333e+02 7.704333e+02 7.704333e+02 7.704335e+02 7.704342e+02 7.704582e+02 7.705386e+02 7.708917e+02 7.711679e+02 7.715109e+02 7.723966e+02 7.735457e+02 7.749479e+02 7.765675e+02 7.783081e+02 7.799655e+02 7.811830e+02 7.550847e+02 5.988037e+02 3.687831e+02 2.118406e+02 1.320656e+02 9.260632e+01 6.052063e+01 4.978301e+01 4.592323e+01 4.488222e+01 4.521269e+01 4.630009e+01
7.935164e+02 7.935164e+02 7.935165e+02 7.935169e+02 7.935182e+02 7.935596e+02 7.936880e+02 7.941811e+02 7.945370e+02 7.949625e+02 7.960152e+02 7.973243e+02 7.988681e+02 8.006012e+02 8.024188e+02 8.041084e+02 8.053026e+02 7.776032e+02 6.156150e+02 3.783853e+02 2.169190e+02 1.349831e+02 9.450717e+01 6.162991e+01 5.062202e+01 4.664048e+01 4.553255e+01 4.582215e+01 4.688380e+01
8.190447e+02 8.190447e+02 8.190447e+02 8.190451e+02 8.190464e+02 8.190880e+02 8.192175e+02 8.197314e+02 8.201118e+02 8.205698e+02 8.217020e+02 8.230915e+02 8.246998e+02 8.264705e+02 8.282913e+02 8.299418e+02 8.310442e+02 8.014058e+02 6.332789e+02 3.884319e+02 2.222145e+02 1.380161e+02 9.647736e+01 6.277325e+01 5.148280e+01 4.737357e+01 4.619503e+01 4.644112e+01 4.747510e+01
8.470154e+02 8.470154e+02 8.470154e+02 8.470158e+02 8.470171e+02 8.470573e+02 8.471832e+02 8.476874e+02 8.480625e+02 8.485144e+02 8.496259e+02 8.509765e+02 8.525230e+02 8.542071e+02 8.559139e+02 8.574178e+02 8.583306e+02 8.263542e+02 6.516892e+02 3.988707e+02 2.277058e+02 1.411560e+02 9.851348e+01 6.395025e+01 5.236549e+01 4.812272e+01 4.686988e+01 4.706978e+01 4.807411e+01
