1.182191e+09 1.177596e+09 1.174127e+09 1.139197e+09 1.117424e+09 1.016718e+09 9.573261e+08 8.906135e+08 8.696775e+08 8.541085e+08 8.351667e+08 8.289928e+08 8.346426e+08 8.534970e+08 8.865198e+08 9.316483e+08 9.835718e+08 1.194492e+09 1.295963e+09 1.354789e+09 1.393677e+09 1.419541e+09 1.435696e+09 1.446911e+09 1.438836e+09 1.418518e+09 1.390534e+09 1.357935e+09 1.322776e+09
1.018560e+09 1.018572e+09 1.018599e+09 1.018560e+09 1.015100e+09 9.789611e+08 9.383413e+08 8.819563e+08 8.630269e+08 8.488285e+08 8.316822e+08 8.266594e+08 8.331170e+08 8.525656e+08 8.860394e+08 9.315199e+08 9.837255e+08 1.195421e+09 1.297063e+09 1.355814e+09 1.394545e+09 1.420236e+09 1.436227e+09 1.447168e+09 1.438893e+09 1.418430e+09 1.390343e+09 1.357672e+09 1.322463e+09
9.601667e+08 9.601692e+08 9.601760e+08 9.602574e+08 9.600283e+08 9.485762e+08 9.144978e+08 8.703442e+08 8.545582e+08 8.423623e+08 8.276342e+08 8.240405e+08 8.314484e+08 8.515701e+08 8.855405e+08 9.314004e+08 9.839045e+08 1.196394e+09 1.298196e+09 1.356861e+09 1.395426e+09 1.420938e+09 1.436761e+09 1.447425e+09 1.438946e+09 1.418338e+09 1.390148e+09 1.357405e+09 1.322147e+09
9.207057e+08 9.207069e+08 9.207101e+08 9.207602e+08 9.207574e+08 9.092849e+08 9.008111e+08 8.567434e+08 8.444665e+08 8.347569e+08 8.230304e+08 8.211426e+08 8.296431e+08 8.505161e+08 8.850279e+08 9.312935e+08 9.841120e+08 1.197411e+09 1.299362e+09 1.357928e+09 1.396319e+09 1.421646e+09 1.437297e+09 1.447680e+09 1.438996e+09 1.418242e+09 1.389950e+09 1.357135e+09 1.321827e+09
8.908235e+08 8.908241e+08 8.908258e+08 8.908585e+08 8.908888e+08 8.837288e+08 8.784383e+08 8.457226e+08 8.339241e+08 8.263919e+08 8.179357e+08 8.179860e+08 8.277115e+08 8.494103e+08 8.845065e+08 9.312030e+08 9.843507e+08 1.198474e+09 1.300561e+09 1.359016e+09 1.397224e+09 1.422360e+09 1.437836e+09 1.447933e+09 1.439043e+09 1.418143e+09 1.389747e+09 1.356860e+09 1.321504e+09
8.671224e+08 8.671229e+08 8.671241e+08 8.671484e+08 8.671833e+08 8.634480e+08 8.555784e+08 8.391828e+08 8.260174e+08 8.183079e+08 8.125380e+08 8.146218e+08 8.256729e+08 8.482625e+08 8.839820e+08 9.311325e+08 9.846231e+08 1.199582e+09 1.301792e+09 1.360124e+09 1.398140e+09 1.423080e+09 1.438377e+09 1.448184e+09 1.439087e+09 1.418040e+09 1.389541e+09 1.356582e+09 1.321177e+09
8.478704e+08 8.478707e+08 8.478715e+08 8.478900e+08 8.479241e+08 8.460606e+08 8.377918e+08 8.319279e+08 8.212866e+08 8.126215e+08 8.072264e+08 8.111559e+08 8.235648e+08 8.470888e+08 8.834625e+08 9.310866e+08 9.849317e+08 1.200736e+09 1.303056e+09 1.361253e+09 1.399068e+09 1.423806e+09 1.438920e+09 1.448434e+09 1.439127e+09 1.417933e+09 1.389330e+09 1.356301e+09 1.320847e+09
8.320382e+08 8.320385e+08 8.320391e+08 8.320542e+08 8.320862e+08 8.312026e+08 8.243083e+08 8.225424e+08 8.166927e+08 8.093027e+08 8.026869e+08 8.077751e+08 8.214521e+08 8.459159e+08 8.829605e+08 9.310715e+08 9.852800e+08 1.201934e+09 1.304351e+09 1.362400e+09 1.400006e+09 1.424536e+09 1.439464e+09 1.448681e+09 1.439163e+09 1.417821e+09 1.389116e+09 1.356015e+09 1.320513e+09
8.189479e+08 8.189481e+08 8.189486e+08 8.189623e+08 8.189926e+08 8.186480e+08 8.135856e+08 8.121872e+08 8.109672e+08 8.064440e+08 8.000001e+08 8.047745e+08 8.194385e+08 8.447861e+08 8.824952e+08 9.310965e+08 9.856724e+08 1.203176e+09 1.305676e+09 1.363566e+09 1.400955e+09 1.425272e+09 1.440010e+09 1.448926e+09 1.439196e+09 1.417706e+09 1.388897e+09 1.355725e+09 1.320175e+09
8.081401e+08 8.081403e+08 8.081408e+08 8.081528e+08 8.081814e+08 8.081471e+08 8.047194e+08 8.024065e+08 8.042429e+08 8.030796e+08 7.987925e+08 8.026149e+08 8.176773e+08 8.437628e+08 8.820955e+08 9.311758e+08 9.861161e+08 1.204463e+09 1.307031e+09 1.364749e+09 1.401913e+09 1.426011e+09 1.440556e+09 1.449168e+09 1.439225e+09 1.417586e+09 1.388675e+09 1.355432e+09 1.319834e+09
7.992680e+08 7.992681e+08 7.992685e+08 7.992789e+08 7.993052e+08 7.994559e+08 7.972934e+08 7.940992e+08 7.972891e+08 7.990055e+08 7.981888e+08 8.018833e+08 8.163870e+08 8.429356e+08 8.818027e+08 9.313295e+08 9.866211e+08 1.205792e+09 1.308415e+09 1.365949e+09 1.402879e+09 1.426755e+09 1.441103e+09 1.449408e+09 1.439250e+09 1.417462e+09 1.388448e+09 1.355134e+09 1.319489e+09
7.757111e+08 7.757112e+08 7.757114e+08 7.757187e+08 7.757393e+08 7.761589e+08 7.765930e+08 7.750849e+08 7.762603e+08 7.805019e+08 7.934866e+08 8.063826e+08 8.220438e+08 8.469427e+08 8.847518e+08 9.345900e+08 9.907890e+08 1.213086e+09 1.315723e+09 1.372173e+09 1.407826e+09 1.430513e+09 1.443834e+09 1.450556e+09 1.439310e+09 1.416774e+09 1.387248e+09 1.353586e+09 1.317709e+09
7.752572e+08 7.752572e+08 7.752574e+08 7.752632e+08 7.752802e+08 7.757063e+08 7.766390e+08 7.781474e+08 7.790322e+08 7.813826e+08 7.928513e+08 8.111203e+08 8.334552e+08 8.619566e+08 9.001104e+08 9.480955e+08 1.001998e+09 1.221658e+09 1.323592e+09 1.378677e+09 1.412890e+09 1.434290e+09 1.446523e+09 1.451605e+09 1.439251e+09 1.415967e+09 1.385934e+09 1.351933e+09 1.315834e+09
7.892641e+08 7.892641e+08 7.892643e+08 7.892688e+08 7.892822e+08 7.896459e+08 7.905588e+08 7.929909e+08 7.944369e+08 7.965005e+08 8.048668e+08 8.209704e+08 8.449111e+08 8.770849e+08 9.184520e+08 9.680255e+08 1.021833e+09 1.232491e+09 1.332002e+09 1.385351e+09 1.417979e+09 1.438016e+09 1.449119e+09 1.452523e+09 1.439056e+09 1.415029e+09 1.384499e+09 1.350170e+09 1.313861e+09
8.113453e+08 8.113453e+08 8.113454e+08 8.113487e+08 8.113584e+08 8.116323e+08 8.123674e+08 8.146822e+08 8.163100e+08 8.184600e+08 8.254595e+08 8.384748e+08 8.601111e+08 8.922608e+08 9.354250e+08 9.873280e+08 1.042922e+09 1.248165e+09 1.341201e+09 1.392141e+09 1.423011e+09 1.441624e+09 1.451570e+09 1.453284e+09 1.438709e+09 1.413950e+09 1.382936e+09 1.348292e+09 1.311785e+09
8.365690e+08 8.365691e+08 8.365691e+08 8.365718e+08 8.365799e+08 8.368018e+08 8.373951e+08 8.393742e+08 8.409337e+08 8.430797e+08 8.496017e+08 8.606615e+08 8.794766e+08 9.094329e+08 9.519393e+08 1.004661e+09 1.061868e+09 1.268065e+09 1.351923e+09 1.399118e+09 1.427941e+09 1.445056e+09 1.453828e+09 1.453857e+09 1.438191e+09 1.412719e+09 1.381239e+09 1.346296e+09 1.309604e+09
8.623515e+08 8.623515e+08 8.623516e+08 8.623534e+08 8.623589e+08 8.625178e+08 8.629515e+08 8.644842e+08 8.658485e+08 8.678614e+08 8.740907e+08 8.841028e+08 9.008233e+08 9.283126e+08 9.689206e+08 1.020885e+09 1.078494e+09 1.288558e+09 1.365618e+09 1.406540e+09 1.432790e+09 1.448282e+09 1.455856e+09 1.454217e+09 1.437487e+09 1.411325e+09 1.379400e+09 1.344175e+09 1.307315e+09
8.865626e+08 8.865626e+08 8.865626e+08 8.865640e+08 8.865681e+08 8.866844e+08 8.869928e+08 8.880984e+08 8.892260e+08 8.910305e+08 8.969042e+08 9.062757e+08 9.216523e+08 9.472172e+08 9.858737e+08 1.036427e+09 1.093481e+09 1.307350e+09 1.381329e+09 1.414975e+09 1.437667e+09 1.451307e+09 1.457634e+09 1.454340e+09 1.436580e+09 1.409759e+09 1.377413e+09 1.341927e+09 1.304915e+09
9.078638e+08 9.078638e+08 9.078638e+08 9.078646e+08 9.078668e+08 9.079275e+08 9.080922e+08 9.087675e+08 9.096374e+08 9.111765e+08 9.165446e+08 9.253653e+08 9.399007e+08 9.642493e+08 1.001519e+09 1.050839e+09 1.107082e+09 1.323387e+09 1.397212e+09 1.425257e+09 1.442811e+09 1.454187e+09 1.459162e+09 1.454210e+09 1.435458e+09 1.408011e+09 1.375271e+09 1.339546e+09 1.302400e+09
9.250120e+08 9.250120e+08 9.250120e+08 9.250127e+08 9.250146e+08 9.250651e+08 9.251744e+08 9.253698e+08 9.258400e+08 9.269552e+08 9.315817e+08 9.398761e+08 9.539738e+08 9.778246e+08 1.014521e+09 1.063267e+09 1.119031e+09 1.336561e+09 1.411991e+09 1.436511e+09 1.448687e+09 1.457042e+09 1.460474e+09 1.453819e+09 1.434109e+09 1.406072e+09 1.372969e+09 1.337029e+09 1.299769e+09
9.372527e+08 9.372527e+08 9.372526e+08 9.372493e+08 9.372390e+08 9.369951e+08 9.364869e+08 9.354366e+08 9.354255e+08 9.361716e+08 9.403708e+08 9.485794e+08 9.628216e+08 9.869363e+08 1.023935e+09 1.072951e+09 1.128885e+09 1.347249e+09 1.424866e+09 1.447737e+09 1.455721e+09 1.460080e+09 1.461637e+09 1.453168e+09 1.432527e+09 1.403938e+09 1.370501e+09 1.334371e+09 1.297018e+09
9.365980e+08 9.365980e+08 9.365980e+08 9.365980e+08 9.365980e+08 9.365889e+08 9.365358e+08 9.363374e+08 9.366606e+08 9.377053e+08 9.424798e+08 9.513243e+08 9.663342e+08 9.913781e+08 1.029431e+09 1.079502e+09 1.136311e+09 1.355937e+09 1.435492e+09 1.458197e+09 1.463233e+09 1.463684e+09 1.462765e+09 1.452273e+09 1.430710e+09 1.401602e+09 1.367865e+09 1.331571e+09 1.294145e+09
9.328340e+08 9.328340e+08 9.328340e+08 9.328339e+08 9.328335e+08 9.328155e+08 9.327411e+08 9.325952e+08 9.330503e+08 9.343033e+08 9.396794e+08 9.493205e+08 9.653391e+08 9.916573e+08 1.031235e+09 1.082928e+09 1.141203e+09 1.363029e+09 1.443872e+09 1.467369e+09 1.470638e+09 1.468017e+09 1.464036e+09 1.451162e+09 1.428659e+09 1.399062e+09 1.365055e+09 1.328625e+09 1.291149e+09
9.262205e+08 9.262205e+08 9.262205e+08 9.262204e+08 9.262199e+08 9.261986e+08 9.261162e+08 9.259654e+08 9.264613e+08 9.278128e+08 9.335868e+08 9.438932e+08 9.608803e+08 9.885447e+08 1.029851e+09 1.083494e+09 1.143646e+09 1.368797e+09 1.450224e+09 1.474941e+09 1.477485e+09 1.472587e+09 1.465765e+09 1.449880e+09 1.426383e+09 1.396317e+09 1.362072e+09 1.325531e+09 1.288027e+09
9.171890e+08 9.171890e+08 9.171890e+08 9.171888e+08 9.171882e+08 9.171660e+08 9.170836e+08 9.169511e+08 9.174887e+08 9.189240e+08 9.250234e+08 9.358952e+08 9.537630e+08 9.827358e+08 1.025819e+09 1.081564e+09 1.143837e+09 1.373398e+09 1.454856e+09 1.480797e+09 1.483431e+09 1.477026e+09 1.467951e+09 1.448490e+09 1.423897e+09 1.393371e+09 1.358913e+09 1.322289e+09 1.284779e+09
9.062364e+08 9.062364e+08 9.062364e+08 9.062362e+08 9.062356e+08 9.062121e+08 9.061288e+08 9.060160e+08 9.065954e+08 9.081106e+08 9.145077e+08 9.258898e+08 9.445673e+08 9.747852e+08 1.019619e+09 1.077509e+09 1.142026e+09 1.376918e+09 1.458076e+09 1.484969e+09 1.488243e+09 1.481043e+09 1.470249e+09 1.447084e+09 1.421225e+09 1.390230e+09 1.355580e+09 1.318897e+09 1.281404e+09
8.937284e+08 8.937284e+08 8.937284e+08 8.937282e+08 8.937276e+08 8.937054e+08 8.936270e+08 8.935488e+08 8.941761e+08 8.957741e+08 9.024593e+08 9.143185e+08 9.337507e+08 9.651464e+08 1.011673e+09 1.071683e+09 1.138476e+09 1.379403e+09 1.460152e+09 1.487591e+09 1.491792e+09 1.484408e+09 1.472415e+09 1.445795e+09 1.418396e+09 1.386902e+09 1.352076e+09 1.315357e+09 1.277903e+09
8.800523e+08 8.800523e+08 8.800523e+08 8.800522e+08 8.800517e+08 8.800331e+08 8.799658e+08 8.799381e+08 8.806194e+08 8.823024e+08 8.892657e+08 9.015713e+08 9.217058e+08 9.542077e+08 1.002346e+09 1.064410e+09 1.133449e+09 1.380886e+09 1.461290e+09 1.488852e+09 1.494041e+09 1.486952e+09 1.474253e+09 1.444805e+09 1.415450e+09 1.383402e+09 1.348405e+09 1.311670e+09 1.274274e+09
8.656411e+08 8.656411e+08 8.656411e+08 8.656410e+08 8.656405e+08 8.656234e+08 8.655643e+08 8.655812e+08 8.663117e+08 8.680722e+08 8.752884e+08 8.879995e+08 9.087777e+08 9.423065e+08 9.919619e+08 1.055982e+09 1.127196e+09 1.381402e+09 1.461642e+09 1.488952e+09 1.495027e+09 1.488565e+09 1.475604e+09 1.443987e+09 1.412439e+09 1.379745e+09 1.344573e+09 1.307837e+09 1.270519e+09
8.508116e+08 8.508116e+08 8.508116e+08 8.508115e+08 8.508111e+08 8.507957e+08 8.507425e+08 8.507949e+08 8.515672e+08 8.533944e+08 8.608309e+08 8.739007e+08 8.952589e+08 9.297300e+08 9.807965e+08 1.046659e+09 1.119944e+09 1.380991e+09 1.461311e+09 1.488085e+09 1.494838e+09 1.489190e+09 1.476344e+09 1.443175e+09 1.409431e+09 1.375953e+09 1.340590e+09 1.303864e+09 1.266641e+09
8.357802e+08 8.357802e+08 8.357802e+08 8.357801e+08 8.357798e+08 8.357670e+08 8.357217e+08 8.358089e+08 8.366179e+08 8.385029e+08 8.461296e+08 8.595122e+08 8.813869e+08 9.167141e+08 9.690816e+08 1.036661e+09 1.111895e+09 1.379704e+09 1.460366e+09 1.486418e+09 1.493593e+09 1.488821e+09 1.476384e+09 1.442248e+09 1.406535e+09 1.372053e+09 1.336465e+09 1.299754e+09 1.262640e+09
8.207377e+08 8.207377e+08 8.207377e+08 8.207376e+08 8.207373e+08 8.207256e+08 8.206851e+08 8.208006e+08 8.216414e+08 8.235764e+08 8.313664e+08 8.450195e+08 8.673500e+08 9.034489e+08 9.570066e+08 1.026173e+09 1.103224e+09 1.377596e+09 1.458855e+09 1.484090e+09 1.491425e+09 1.487491e+09 1.475670e+09 1.441107e+09 1.403811e+09 1.368078e+09 1.332213e+09 1.295514e+09 1.258521e+09
8.058076e+08 8.058076e+08 8.058076e+08 8.058075e+08 8.058072e+08 8.057975e+08 8.057635e+08 8.059080e+08 8.067775e+08 8.087558e+08 8.166846e+08 8.305683e+08 8.532966e+08 8.900853e+08 9.447241e+08 1.015346e+09 1.094079e+09 1.374730e+09 1.456809e+09 1.481210e+09 1.488464e+09 1.485260e+09 1.474179e+09 1.439669e+09 1.401145e+09 1.364067e+09 1.327847e+09 1.291151e+09 1.254286e+09
7.911181e+08 7.911181e+08 7.911181e+08 7.911180e+08 7.911178e+08 7.911099e+08 7.910810e+08 7.912483e+08 7.921409e+08 7.941543e+08 8.021958e+08 8.162706e+08 8.393409e+08 8.767406e+08 9.323548e+08 1.004305e+09 1.084582e+09 1.371170e+09 1.454252e+09 1.477860e+09 1.484832e+09 1.482207e+09 1.471916e+09 1.437865e+09 1.398450e+09 1.360074e+09 1.323388e+09 1.286674e+09 1.249942e+09
7.767484e+08 7.767484e+08 7.767484e+08 7.767483e+08 7.767481e+08 7.767407e+08 7.767144e+08 7.768982e+08 7.778084e+08 7.798487e+08 7.879777e+08 8.022064e+08 8.255660e+08 8.635022e+08 9.199908e+08 9.931453e+08 1.074833e+09 1.366979e+09 1.451206e+09 1.474102e+09 1.480639e+09 1.478419e+09 1.468906e+09 1.435640e+09 1.395660e+09 1.356182e+09 1.318856e+09 1.282092e+09 1.245492e+09
7.627321e+08 7.627321e+08 7.627321e+08 7.627321e+08 7.627319e+08 7.627249e+08 7.627011e+08 7.628975e+08 7.638208e+08 7.658812e+08 7.740763e+08 7.884262e+08 8.120276e+08 8.504317e+08 9.077004e+08 9.819422e+08 1.064914e+09 1.362219e+09 1.447688e+09 1.469980e+09 1.475974e+09 1.473986e+09 1.465191e+09 1.432955e+09 1.392720e+09 1.352375e+09 1.314277e+09 1.277419e+09 1.240944e+09
7.490802e+08 7.490802e+08 7.490802e+08 7.490801e+08 7.490800e+08 7.490742e+08 7.490533e+08 7.492616e+08 7.501957e+08 7.522715e+08 7.605156e+08 7.749589e+08 7.987606e+08 8.375707e+08 8.955324e+08 9.707522e+08 1.054886e+09 1.356949e+09 1.443718e+09 1.465526e+09 1.470914e+09 1.468996e+09 1.460827e+09 1.429782e+09 1.389582e+09 1.348580e+09 1.309684e+09 1.272666e+09 1.236304e+09
7.358106e+08 7.358106e+08 7.358106e+08 7.358106e+08 7.358104e+08 7.358049e+08 7.357851e+08 7.360010e+08 7.369426e+08 7.390291e+08 7.473075e+08 7.618207e+08 7.857865e+08 8.249470e+08 8.835219e+08 9.596178e+08 1.044800e+09 1.351224e+09 1.439316e+09 1.460761e+09 1.465517e+09 1.463528e+09 1.455873e+09 1.426109e+09 1.386205e+09 1.344748e+09 1.305121e+09 1.267850e+09 1.231580e+09
7.229086e+08 7.229086e+08 7.229086e+08 7.229086e+08 7.229084e+08 7.229035e+08 7.228861e+08 7.231113e+08 7.240599e+08 7.261549e+08 7.344569e+08 7.490207e+08 7.731189e+08 8.125795e+08 8.716943e+08 9.485715e+08 1.034696e+09 1.345092e+09 1.434503e+09 1.455703e+09 1.459832e+09 1.457653e+09 1.450391e+09 1.421934e+09 1.382556e+09 1.340840e+09 1.300639e+09 1.262988e+09 1.226782e+09
7.103837e+08 7.103837e+08 7.103837e+08 7.103837e+08 7.103836e+08 7.103792e+08 7.103639e+08 7.105982e+08 7.115527e+08 7.136536e+08 7.219693e+08 7.365660e+08 7.607676e+08 8.004821e+08 8.600682e+08 9.376381e+08 1.024604e+09 1.338600e+09 1.429299e+09 1.450362e+09 1.453893e+09 1.451433e+09 1.444445e+09 1.417266e+09 1.378607e+09 1.336823e+09 1.296194e+09 1.258101e+09 1.221919e+09
6.982479e+08 6.982479e+08 6.982479e+08 6.982479e+08 6.982478e+08 6.982438e+08 6.982298e+08 6.984704e+08 6.994283e+08 7.015317e+08 7.098498e+08 7.244617e+08 7.487390e+08 7.886636e+08 8.486570e+08 9.268364e+08 1.014550e+09 1.331786e+09 1.423726e+09 1.444748e+09 1.447726e+09 1.444919e+09 1.438091e+09 1.412120e+09 1.374339e+09 1.332667e+09 1.291744e+09 1.253216e+09 1.217004e+09
6.864958e+08 6.864958e+08 6.864958e+08 6.864958e+08 6.864957e+08 6.864921e+08 6.864794e+08 6.867249e+08 6.876843e+08 6.897869e+08 6.980969e+08 7.127071e+08 7.370341e+08 7.771280e+08 8.374685e+08 9.161791e+08 1.004552e+09 1.324688e+09 1.417806e+09 1.438870e+09 1.441351e+09 1.438153e+09 1.431385e+09 1.406520e+09 1.369737e+09 1.328349e+09 1.287260e+09 1.248372e+09 1.212048e+09
6.751189e+08 6.751189e+08 6.751189e+08 6.751189e+08 6.751188e+08 6.751155e+08 6.751038e+08 6.753523e+08 6.763113e+08 6.784100e+08 6.867021e+08 7.012954e+08 7.256484e+08 7.658738e+08 8.265054e+08 9.056744e+08 9.946233e+08 1.317336e+09 1.411559e+09 1.432735e+09 1.434781e+09 1.431171e+09 1.424374e+09 1.400494e+09 1.364795e+09 1.323845e+09 1.282719e+09 1.243582e+09 1.207066e+09
6.641008e+08 6.641008e+08 6.641008e+08 6.641008e+08 6.641007e+08 6.640974e+08 6.640860e+08 6.643354e+08 6.652921e+08 6.673845e+08 6.756506e+08 6.902141e+08 7.145722e+08 7.548951e+08 8.157665e+08 8.953260e+08 9.847737e+08 1.309759e+09 1.405008e+09 1.426348e+09 1.428026e+09 1.423998e+09 1.417101e+09 1.394075e+09 1.359511e+09 1.319140e+09 1.278098e+09 1.238809e+09 1.202076e+09
6.534137e+08 6.534137e+08 6.534137e+08 6.534137e+08 6.534136e+08 6.534105e+08 6.533997e+08 6.536504e+08 6.546047e+08 6.566894e+08 6.649244e+08 6.794481e+08 7.037937e+08 7.441837e+08 8.052477e+08 8.851350e+08 9.750094e+08 1.301979e+09 1.398170e+09 1.419719e+09 1.421093e+09 1.416655e+09 1.409602e+09 1.387293e+09 1.353887e+09 1.314218e+09 1.273380e+09 1.234028e+09 1.197100e+09
6.430393e+08 6.430393e+08 6.430393e+08 6.430393e+08 6.430392e+08 6.430365e+08 6.430268e+08 6.432801e+08 6.442317e+08 6.463082e+08 6.545079e+08 6.689836e+08 6.933011e+08 7.337307e+08 7.949440e+08 8.751008e+08 9.653343e+08 1.294018e+09 1.391065e+09 1.412852e+09 1.413987e+09 1.409159e+09 1.401908e+09 1.380184e+09 1.347932e+09 1.309070e+09 1.268549e+09 1.229221e+09 1.192170e+09
6.329727e+08 6.329727e+08 6.329727e+08 6.329727e+08 6.329726e+08 6.329700e+08 6.329607e+08 6.332147e+08 6.341626e+08 6.362293e+08 6.443891e+08 6.588088e+08 6.830838e+08 7.235274e+08 7.848497e+08 8.652213e+08 9.557507e+08 1.285894e+09 1.383709e+09 1.405756e+09 1.406711e+09 1.401521e+09 1.394043e+09 1.372780e+09 1.341658e+09 1.303689e+09 1.263591e+09 1.224373e+09 1.187274e+09
6.231962e+08 6.231962e+08 6.231962e+08 6.231961e+08 6.231961e+08 6.231937e+08 6.231853e+08 6.234405e+08 6.243844e+08 6.264405e+08 6.345564e+08 6.489125e+08 6.731317e+08 7.135655e+08 7.749588e+08 8.554937e+08 9.462594e+08 1.277622e+09 1.376120e+09 1.398438e+09 1.399267e+09 1.393750e+09 1.386030e+09 1.365113e+09 1.335079e+09 1.298071e+09 1.258495e+09 1.219468e+09 1.182389e+09
6.137022e+08 6.137022e+08 6.137022e+08 6.137022e+08 6.137021e+08 6.136998e+08 6.136918e+08 6.139477e+08 6.148870e+08 6.169312e+08 6.249990e+08 6.392844e+08 6.634349e+08 7.038363e+08 7.652648e+08 8.459144e+08 9.368600e+08 1.269216e+09 1.368312e+09 1.390905e+09 1.391658e+09 1.385851e+09 1.377883e+09 1.357213e+09 1.328211e+09 1.292214e+09 1.253252e+09 1.214497e+09 1.177498e+09
6.044815e+08 6.044815e+08 6.044815e+08 6.044814e+08 6.044814e+08 6.044791e+08 6.044713e+08 6.047261e+08 6.056595e+08 6.076901e+08 6.157052e+08 6.299126e+08 6.539826e+08 6.943305e+08 7.557605e+08 8.364791e+08 9.275513e+08 1.260686e+09 1.360299e+09 1.383165e+09 1.383885e+09 1.377829e+09 1.369617e+09 1.349108e+09 1.321075e+09 1.286123e+09 1.247854e+09 1.209449e+09 1.172589e+09
5.955152e+08 5.955152e+08 5.955152e+08 5.955152e+08 5.955151e+08 5.955127e+08 5.955049e+08 5.957579e+08 5.966846e+08 5.987006e+08 6.066598e+08 6.207840e+08 6.447630e+08 6.850382e+08 7.464384e+08 8.271829e+08 9.183315e+08 1.252043e+09 1.352093e+09 1.375226e+09 1.375950e+09 1.369687e+09 1.361242e+09 1.340823e+09 1.313691e+09 1.279800e+09 1.242297e+09 1.204315e+09 1.167653e+09
5.867804e+08 5.867804e+08 5.867804e+08 5.867804e+08 5.867804e+08 5.867782e+08 5.867709e+08 5.870238e+08 5.879444e+08 5.899460e+08 5.978481e+08 6.118852e+08 6.357647e+08 6.759500e+08 7.372913e+08 8.180211e+08 9.091986e+08 1.243296e+09 1.343706e+09 1.367095e+09 1.367856e+09 1.361426e+09 1.352766e+09 1.332381e+09 1.306077e+09 1.273254e+09 1.236576e+09 1.199087e+09 1.162680e+09
5.782700e+08 5.782700e+08 5.782700e+08 5.782700e+08 5.782699e+08 5.782679e+08 5.782612e+08 5.785138e+08 5.794283e+08 5.814153e+08 5.892591e+08 6.032059e+08 6.269783e+08 6.670576e+08 7.283126e+08 8.089895e+08 9.001510e+08 1.234452e+09 1.335149e+09 1.358778e+09 1.359605e+09 1.353049e+09 1.344195e+09 1.323803e+09 1.298257e+09 1.266493e+09 1.230691e+09 1.193759e+09 1.157663e+09
5.699779e+08 5.699779e+08 5.699779e+08 5.699779e+08 5.699778e+08 5.699758e+08 5.699693e+08 5.702211e+08 5.711292e+08 5.731011e+08 5.808850e+08 5.947384e+08 6.183961e+08 6.583541e+08 7.194969e+08 8.000844e+08 8.911870e+08 1.225519e+09 1.326431e+09 1.350283e+09 1.351200e+09 1.344555e+09 1.335534e+09 1.315107e+09 1.290249e+09 1.259528e+09 1.224642e+09 1.188327e+09 1.152594e+09
5.618957e+08 5.618957e+08 5.618957e+08 5.618957e+08 5.618956e+08 5.618937e+08 5.618876e+08 5.621387e+08 5.630402e+08 5.649966e+08 5.727192e+08 5.864756e+08 6.100114e+08 6.498334e+08 7.108390e+08 7.913023e+08 8.823051e+08 1.216502e+09 1.317560e+09 1.341617e+09 1.342642e+09 1.335948e+09 1.326788e+09 1.306309e+09 1.282075e+09 1.252371e+09 1.218431e+09 1.182786e+09 1.147469e+09
5.540170e+08 5.540170e+08 5.540170e+08 5.540170e+08 5.540169e+08 5.540153e+08 5.540098e+08 5.542606e+08 5.551553e+08 5.570958e+08 5.647551e+08 5.784110e+08 6.018177e+08 6.414895e+08 7.023338e+08 7.826397e+08 8.735035e+08 1.207406e+09 1.308544e+09 1.332787e+09 1.333937e+09 1.327227e+09 1.317959e+09 1.297424e+09 1.273753e+09 1.245035e+09 1.212061e+09 1.177135e+09 1.142281e+09
5.463394e+08 5.463394e+08 5.463394e+08 5.463394e+08 5.463393e+08 5.463377e+08 5.463323e+08 5.465813e+08 5.474684e+08 5.493921e+08 5.569856e+08 5.705373e+08 5.938077e+08 6.333156e+08 6.939762e+08 7.740928e+08 8.647802e+08 1.198235e+09 1.299389e+09 1.323798e+09 1.325087e+09 1.318396e+09 1.309050e+09 1.288464e+09 1.265303e+09 1.237533e+09 1.205538e+09 1.171372e+09 1.137027e+09
5.388509e+08 5.388509e+08 5.388509e+08 5.388508e+08 5.388508e+08 5.388491e+08 5.388436e+08 5.390903e+08 5.399692e+08 5.418753e+08 5.494010e+08 5.628453e+08 5.859731e+08 6.253047e+08 6.857601e+08 7.656575e+08 8.561327e+08 1.188991e+09 1.290101e+09 1.314657e+09 1.316096e+09 1.309455e+09 1.300064e+09 1.279440e+09 1.256740e+09 1.229880e+09 1.198867e+09 1.165497e+09 1.131704e+09
5.315369e+08 5.315369e+08 5.315369e+08 5.315369e+08 5.315369e+08 5.315352e+08 5.315297e+08 5.317739e+08 5.326446e+08 5.345328e+08 5.419900e+08 5.553248e+08 5.783050e+08 6.174491e+08 6.776796e+08 7.573292e+08 8.475580e+08 1.179678e+09 1.280684e+09 1.305370e+09 1.306970e+09 1.300407e+09 1.291003e+09 1.270362e+09 1.248083e+09 1.222090e+09 1.192056e+09 1.159510e+09 1.126309e+09
5.243837e+08 5.243837e+08 5.243837e+08 5.243837e+08 5.243837e+08 5.243821e+08 5.243770e+08 5.246196e+08 5.254825e+08 5.273533e+08 5.347420e+08 5.479663e+08 5.707948e+08 6.097415e+08 6.697286e+08 7.491033e+08 8.390525e+08 1.170295e+09 1.271145e+09 1.295943e+09 1.297713e+09 1.291257e+09 1.281871e+09 1.261238e+09 1.239346e+09 1.214177e+09 1.185114e+09 1.153414e+09 1.120840e+09
5.173864e+08 5.173864e+08 5.173864e+08 5.173864e+08 5.173863e+08 5.173848e+08 5.173796e+08 5.176207e+08 5.184759e+08 5.203294e+08 5.276500e+08 5.407629e+08 5.634361e+08 6.021759e+08 6.619019e+08 7.409752e+08 8.306127e+08 1.160843e+09 1.261487e+09 1.286383e+09 1.288331e+09 1.282007e+09 1.272671e+09 1.252077e+09 1.230542e+09 1.206156e+09 1.178047e+09 1.147212e+09 1.115297e+09
5.105394e+08 5.105394e+08 5.105394e+08 5.105394e+08 5.105393e+08 5.105380e+08 5.105334e+08 5.107735e+08 5.116211e+08 5.134573e+08 5.207093e+08 5.337097e+08 5.562239e+08 5.947475e+08 6.541947e+08 7.329405e+08 8.222346e+08 1.151323e+09 1.251714e+09 1.276697e+09 1.278830e+09 1.272663e+09 1.263406e+09 1.242885e+09 1.221686e+09 1.198040e+09 1.170868e+09 1.140906e+09 1.109678e+09
5.038428e+08 5.038428e+08 5.038428e+08 5.038428e+08 5.038428e+08 5.038414e+08 5.038370e+08 5.040754e+08 5.049152e+08 5.067338e+08 5.139164e+08 5.268029e+08 5.491539e+08 5.874517e+08 6.466024e+08 7.249949e+08 8.139140e+08 1.141734e+09 1.241832e+09 1.266891e+09 1.269219e+09 1.263229e+09 1.254081e+09 1.233669e+09 1.212790e+09 1.189843e+09 1.163584e+09 1.134503e+09 1.103984e+09
4.972917e+08 4.972917e+08 4.972917e+08 4.972917e+08 4.972917e+08 4.972904e+08 4.972861e+08 4.975225e+08 4.983541e+08 5.001548e+08 5.072672e+08 5.200380e+08 5.422218e+08 5.802841e+08 6.391207e+08 7.171339e+08 8.056470e+08 1.132079e+09 1.231846e+09 1.256974e+09 1.259504e+09 1.253713e+09 1.244700e+09 1.224436e+09 1.203864e+09 1.181579e+09 1.156206e+09 1.128005e+09 1.098216e+09
4.908802e+08 4.908802e+08 4.908802e+08 4.908802e+08 4.908801e+08 4.908789e+08 4.908747e+08 4.911088e+08 4.919320e+08 4.937145e+08 5.007562e+08 5.134102e+08 5.354229e+08 5.732402e+08 6.317448e+08 7.093531e+08 7.974298e+08 1.122358e+09 1.221763e+09 1.246956e+09 1.249694e+09 1.244121e+09 1.235268e+09 1.215190e+09 1.194919e+09 1.173259e+09 1.148744e+09 1.121420e+09 1.092376e+09
4.846002e+08 4.846002e+08 4.846002e+08 4.846002e+08 4.846002e+08 4.845988e+08 4.845946e+08 4.848268e+08 4.856419e+08 4.874065e+08 4.943779e+08 5.069144e+08 5.287523e+08 5.663152e+08 6.244705e+08 7.016486e+08 7.892593e+08 1.112575e+09 1.211592e+09 1.236845e+09 1.239798e+09 1.234460e+09 1.225792e+09 1.205938e+09 1.185964e+09 1.164897e+09 1.141209e+09 1.114754e+09 1.086466e+09
4.784462e+08 4.784462e+08 4.784462e+08 4.784462e+08 4.784461e+08 4.784450e+08 4.784413e+08 4.786725e+08 4.794799e+08 4.812269e+08 4.881281e+08 5.005465e+08 5.222060e+08 5.595051e+08 6.172937e+08 6.940173e+08 7.811333e+08 1.102736e+09 1.201340e+09 1.226652e+09 1.229828e+09 1.224739e+09 1.216277e+09 1.196685e+09 1.177008e+09 1.156502e+09 1.133610e+09 1.108012e+09 1.080489e+09
4.724215e+08 4.724215e+08 4.724215e+08 4.724215e+08 4.724214e+08 4.724203e+08 4.724167e+08 4.726457e+08 4.734449e+08 4.751738e+08 4.820042e+08 4.943029e+08 5.157800e+08 5.528058e+08 6.102111e+08 6.864566e+08 7.730511e+08 1.092847e+09 1.191018e+09 1.216388e+09 1.219792e+09 1.214967e+09 1.206731e+09 1.187436e+09 1.168059e+09 1.148086e+09 1.125959e+09 1.101202e+09 1.074447e+09
4.665199e+08 4.665199e+08 4.665199e+08 4.665199e+08 4.665198e+08 4.665187e+08 4.665152e+08 4.667419e+08 4.675327e+08 4.692433e+08 4.760021e+08 4.881794e+08 5.094698e+08 5.462131e+08 6.032193e+08 6.789647e+08 7.650125e+08 1.082917e+09 1.180638e+09 1.206066e+09 1.209703e+09 1.205153e+09 1.197160e+09 1.178197e+09 1.159125e+09 1.139658e+09 1.118264e+09 1.094331e+09 1.068345e+09
4.607356e+08 4.607356e+08 4.607356e+08 4.607356e+08 4.607356e+08 4.607345e+08 4.607310e+08 4.609553e+08 4.617376e+08 4.634297e+08 4.701160e+08 4.821704e+08 5.032701e+08 5.397224e+08 5.963147e+08 6.715400e+08 7.570184e+08 1.072955e+09 1.170212e+09 1.195698e+09 1.199573e+09 1.195307e+09 1.187573e+09 1.168973e+09 1.150212e+09 1.131229e+09 1.110535e+09 1.087405e+09 1.062186e+09
4.550627e+08 4.550627e+08 4.550627e+08 4.550626e+08 4.550626e+08 4.550615e+08 4.550580e+08 4.552797e+08 4.560532e+08 4.577266e+08 4.643397e+08 4.762696e+08 4.971749e+08 5.333284e+08 5.894938e+08 6.641813e+08 7.490700e+08 1.062972e+09 1.159754e+09 1.185297e+09 1.189413e+09 1.185440e+09 1.177977e+09 1.159770e+09 1.141327e+09 1.122807e+09 1.102781e+09 1.080433e+09 1.055974e+09
4.494940e+08 4.494940e+08 4.494940e+08 4.494939e+08 4.494939e+08 4.494928e+08 4.494892e+08 4.497080e+08 4.504726e+08 4.521269e+08 4.586661e+08 4.704699e+08 4.911777e+08 5.270258e+08 5.827531e+08 6.568874e+08 7.411693e+08 1.052980e+09 1.149276e+09 1.174878e+09 1.179236e+09 1.175560e+09 1.168380e+09 1.150592e+09 1.132476e+09 1.114399e+09 1.095012e+09 1.073422e+09 1.049715e+09
4.440212e+08 4.440212e+08 4.440212e+08 4.440212e+08 4.440212e+08 4.440200e+08 4.440164e+08 4.442322e+08 4.449878e+08 4.466229e+08 4.530875e+08 4.647642e+08 4.852719e+08 5.208092e+08 5.760892e+08 6.496577e+08 7.333186e+08 1.042992e+09 1.138794e+09 1.164453e+09 1.169054e+09 1.165680e+09 1.158791e+09 1.141445e+09 1.123664e+09 1.106014e+09 1.087236e+09 1.066378e+09 1.043413e+09
4.386367e+08 4.386367e+08 4.386367e+08 4.386367e+08 4.386366e+08 4.386354e+08 4.386317e+08 4.388447e+08 4.395912e+08 4.412071e+08 4.475969e+08 4.591459e+08 4.794516e+08 5.146740e+08 5.694995e+08 6.424922e+08 7.255206e+08 1.033019e+09 1.128321e+09 1.154036e+09 1.158880e+09 1.155810e+09 1.149218e+09 1.132334e+09 1.114896e+09 1.097658e+09 1.079460e+09 1.059309e+09 1.037072e+09
4.333332e+08 4.333332e+08 4.333332e+08 4.333331e+08 4.333331e+08 4.333319e+08 4.333281e+08 4.335384e+08 4.342760e+08 4.358729e+08 4.421882e+08 4.536093e+08 4.737120e+08 5.086166e+08 5.629823e+08 6.353917e+08 7.177789e+08 1.023075e+09 1.117872e+09 1.143642e+09 1.148725e+09 1.145960e+09 1.139669e+09 1.123264e+09 1.106178e+09 1.089338e+09 1.071692e+09 1.052222e+09 1.030699e+09
4.281050e+08 4.281050e+08 4.281050e+08 4.281050e+08 4.281049e+08 4.281038e+08 4.281004e+08 4.283087e+08 4.290379e+08 4.306160e+08 4.368573e+08 4.481508e+08 4.680502e+08 5.026351e+08 5.565372e+08 6.283578e+08 7.100979e+08 1.013173e+09 1.107461e+09 1.133282e+09 1.138603e+09 1.136139e+09 1.130153e+09 1.114241e+09 1.097513e+09 1.081060e+09 1.063939e+09 1.045123e+09 1.024296e+09
4.229539e+08 4.229539e+08 4.229539e+08 4.229539e+08 4.229538e+08 4.229527e+08 4.229492e+08 4.231552e+08 4.238758e+08 4.254351e+08 4.316026e+08 4.427688e+08 4.624645e+08 4.967287e+08 5.501648e+08 6.213933e+08 7.024823e+08 1.003324e+09 1.097100e+09 1.122970e+09 1.128523e+09 1.126359e+09 1.120678e+09 1.105269e+09 1.088906e+09 1.072829e+09 1.056208e+09 1.038019e+09 1.017871e+09
4.178763e+08 4.178763e+08 4.178763e+08 4.178763e+08 4.178763e+08 4.178753e+08 4.178721e+08 4.180763e+08 4.187885e+08 4.203293e+08 4.264233e+08 4.374624e+08 4.569546e+08 4.908976e+08 5.438667e+08 6.145014e+08 6.949374e+08 9.935405e+08 1.086804e+09 1.112718e+09 1.118498e+09 1.116629e+09 1.111251e+09 1.096352e+09 1.080361e+09 1.064649e+09 1.048505e+09 1.030916e+09 1.011428e+09
4.128749e+08 4.128749e+08 4.128749e+08 4.128749e+08 4.128748e+08 4.128738e+08 4.128706e+08 4.130724e+08 4.137760e+08 4.152981e+08 4.213187e+08 4.322312e+08 4.515203e+08 4.851424e+08 5.376446e+08 6.076854e+08 6.874684e+08 9.838340e+08 1.076583e+09 1.102537e+09 1.108537e+09 1.106958e+09 1.101881e+09 1.087497e+09 1.071882e+09 1.056526e+09 1.040835e+09 1.023821e+09 1.004972e+09
4.079461e+08 4.079461e+08 4.079461e+08 4.079460e+08 4.079460e+08 4.079451e+08 4.079421e+08 4.081420e+08 4.088372e+08 4.103408e+08 4.162884e+08 4.270748e+08 4.461617e+08 4.794639e+08 5.315004e+08 6.009488e+08 6.800804e+08 9.742148e+08 1.066449e+09 1.092438e+09 1.098651e+09 1.097354e+09 1.092574e+09 1.078707e+09 1.063470e+09 1.048463e+09 1.033205e+09 1.016738e+09 9.985070e+08
4.030910e+08 4.030910e+08 4.030910e+08 4.030910e+08 4.030910e+08 4.030900e+08 4.030871e+08 4.032846e+08 4.039714e+08 4.054565e+08 4.113317e+08 4.219929e+08 4.408788e+08 4.738630e+08 5.254360e+08 5.942949e+08 6.727781e+08 9.646927e+08 1.056413e+09 1.082431e+09 1.088849e+09 1.087825e+09 1.083337e+09 1.069986e+09 1.055131e+09 1.040464e+09 1.025618e+09 1.009674e+09 9.920391e+08
3.983068e+08 3.983068e+08 3.983068e+08 3.983068e+08 3.983067e+08 3.983059e+08 3.983032e+08 3.984990e+08 3.991777e+08 4.006447e+08 4.064484e+08 4.169856e+08 4.356722e+08 4.683406e+08 5.194534e+08 5.877267e+08 6.655662e+08 9.552765e+08 1.046483e+09 1.072524e+09 1.079138e+09 1.078379e+09 1.074177e+09 1.061338e+09 1.046866e+09 1.032532e+09 1.018079e+09 1.002633e+09 9.855725e+08
3.935962e+08 3.935962e+08 3.935962e+08 3.935962e+08 3.935961e+08 3.935953e+08 3.935927e+08 3.937864e+08 3.944569e+08 3.959060e+08 4.016387e+08 4.120533e+08 4.305425e+08 4.628980e+08 5.135547e+08 5.812476e+08 6.584490e+08 9.459741e+08 1.036668e+09 1.062726e+09 1.069526e+09 1.069024e+09 1.065099e+09 1.052767e+09 1.038678e+09 1.024670e+09 1.010592e+09 9.956194e+08 9.791117e+08
3.889583e+08 3.889583e+08 3.889583e+08 3.889583e+08 3.889582e+08 3.889574e+08 3.889550e+08 3.891468e+08 3.898092e+08 3.912406e+08 3.969033e+08 4.071966e+08 4.254906e+08 4.575365e+08 5.077418e+08 5.748604e+08 6.514303e+08 9.367924e+08 1.026976e+09 1.053044e+09 1.060020e+09 1.059764e+09 1.056109e+09 1.044278e+09 1.030570e+09 1.016881e+09 1.003161e+09 9.886386e+08 9.726611e+08
3.843937e+08 3.843937e+08 3.843937e+08 3.843936e+08 3.843936e+08 3.843929e+08 3.843907e+08 3.845806e+08 3.852352e+08 3.866491e+08 3.922427e+08 4.024162e+08 4.205174e+08 4.522574e+08 5.020167e+08 5.685677e+08 6.445136e+08 9.277373e+08 1.017412e+09 1.043483e+09 1.050627e+09 1.050605e+09 1.047212e+09 1.035871e+09 1.022543e+09 1.009167e+09 9.957891e+08 9.816942e+08 9.662247e+08
3.799038e+08 3.799038e+08 3.799038e+08 3.799038e+08 3.799038e+08 3.799031e+08 3.799008e+08 3.800887e+08 3.807354e+08 3.821320e+08 3.876574e+08 3.977127e+08 4.156237e+08 4.470619e+08 4.963810e+08 5.623719e+08 6.377020e+08 9.188138e+08 1.007982e+09 1.034050e+09 1.041350e+09 1.041554e+09 1.038411e+09 1.027552e+09 1.014599e+09 1.001529e+09 9.884787e+08 9.747900e+08 9.598066e+08
3.754870e+08 3.754870e+08 3.754870e+08 3.754869e+08 3.754869e+08 3.754863e+08 3.754845e+08 3.756709e+08 3.763100e+08 3.776897e+08 3.831480e+08 3.930869e+08 4.108104e+08 4.419511e+08 4.908362e+08 5.562749e+08 6.309976e+08 9.100258e+08 9.986900e+08 1.024748e+09 1.032195e+09 1.032612e+09 1.029712e+09 1.019322e+09 1.006741e+09 9.939705e+08 9.812325e+08 9.679294e+08 9.534103e+08
3.711474e+08 3.711474e+08 3.711474e+08 3.711473e+08 3.711473e+08 3.711467e+08 3.711448e+08 3.713291e+08 3.719604e+08 3.733233e+08 3.787152e+08 3.885394e+08 4.060781e+08 4.369257e+08 4.853834e+08 5.502780e+08 6.244026e+08 9.013763e+08 9.895398e+08 1.015582e+09 1.023165e+09 1.023786e+09 1.021117e+09 1.011183e+09 9.989683e+08 9.864916e+08 9.740528e+08 9.611156e+08 9.470395e+08
3.668816e+08 3.668816e+08 3.668816e+08 3.668816e+08 3.668816e+08 3.668811e+08 3.668795e+08 3.670622e+08 3.676860e+08 3.690324e+08 3.743591e+08 3.840703e+08 4.014273e+08 4.319864e+08 4.800233e+08 5.443824e+08 6.179181e+08 8.928678e+08 9.805338e+08 1.006553e+09 1.014264e+09 1.015076e+09 1.012630e+09 1.003138e+09 9.912834e+08 9.790938e+08 9.669416e+08 9.543512e+08 9.406974e+08
