1.607856e+07 1.583578e+07 1.581243e+07 1.538932e+07 1.510055e+07 1.370961e+07 1.286472e+07 1.188957e+07 1.157320e+07 1.133257e+07 1.103173e+07 1.091430e+07 1.092167e+07 1.100791e+07 1.114085e+07 1.129949e+07 1.147051e+07 1.230414e+07 1.293302e+07 1.333573e+07 1.355574e+07 1.364102e+07 1.363108e+07 1.343633e+07 1.312303e+07 1.276754e+07 1.240732e+07 1.206004e+07 1.173326e+07
1.374312e+07 1.374328e+07 1.374363e+07 1.374276e+07 1.369500e+07 1.318328e+07 1.259630e+07 1.176385e+07 1.147547e+07 1.125402e+07 1.097825e+07 1.087673e+07 1.089516e+07 1.098953e+07 1.112864e+07 1.129205e+07 1.146678e+07 1.230941e+07 1.293962e+07 1.334108e+07 1.355919e+07 1.364262e+07 1.363110e+07 1.343414e+07 1.311960e+07 1.276351e+07 1.240307e+07 1.205578e+07 1.172911e+07
1.291666e+07 1.291670e+07 1.291678e+07 1.291771e+07 1.291411e+07 1.274564e+07 1.225642e+07 1.159588e+07 1.135146e+07 1.115811e+07 1.091625e+07 1.083459e+07 1.086614e+07 1.096979e+07 1.111576e+07 1.128435e+07 1.146304e+07 1.231496e+07 1.294640e+07 1.334651e+07 1.356264e+07 1.364418e+07 1.363106e+07 1.343187e+07 1.311610e+07 1.275942e+07 1.239876e+07 1.205147e+07 1.172493e+07
1.234845e+07 1.234847e+07 1.234851e+07 1.234908e+07 1.234875e+07 1.218590e+07 1.204859e+07 1.139897e+07 1.120398e+07 1.104559e+07 1.084589e+07 1.078802e+07 1.083471e+07 1.094878e+07 1.110226e+07 1.127643e+07 1.145932e+07 1.232080e+07 1.295337e+07 1.335200e+07 1.356609e+07 1.364569e+07 1.363095e+07 1.342952e+07 1.311253e+07 1.275527e+07 1.239440e+07 1.204713e+07 1.172071e+07
1.191316e+07 1.191316e+07 1.191319e+07 1.191356e+07 1.191376e+07 1.181166e+07 1.172285e+07 1.123451e+07 1.104896e+07 1.092172e+07 1.076812e+07 1.073732e+07 1.080103e+07 1.092659e+07 1.108823e+07 1.126835e+07 1.145566e+07 1.232694e+07 1.296051e+07 1.335757e+07 1.356953e+07 1.364715e+07 1.363078e+07 1.342710e+07 1.310890e+07 1.275106e+07 1.239000e+07 1.204274e+07 1.171646e+07
1.156381e+07 1.156382e+07 1.156383e+07 1.156411e+07 1.156442e+07 1.150969e+07 1.139068e+07 1.112821e+07 1.092770e+07 1.080054e+07 1.068556e+07 1.068325e+07 1.076540e+07 1.090338e+07 1.107374e+07 1.126017e+07 1.145211e+07 1.233338e+07 1.296783e+07 1.336319e+07 1.357296e+07 1.364856e+07 1.363053e+07 1.342459e+07 1.310519e+07 1.274679e+07 1.238554e+07 1.203831e+07 1.171217e+07
1.127577e+07 1.127578e+07 1.127579e+07 1.127600e+07 1.127634e+07 1.124786e+07 1.112691e+07 1.101161e+07 1.084759e+07 1.071025e+07 1.060350e+07 1.062727e+07 1.072836e+07 1.087940e+07 1.105894e+07 1.125196e+07 1.144870e+07 1.234012e+07 1.297531e+07 1.336886e+07 1.357637e+07 1.364991e+07 1.363021e+07 1.342201e+07 1.310140e+07 1.274245e+07 1.238104e+07 1.203385e+07 1.170786e+07
1.103571e+07 1.103571e+07 1.103572e+07 1.103589e+07 1.103623e+07 1.102168e+07 1.092152e+07 1.086660e+07 1.076877e+07 1.065062e+07 1.053108e+07 1.057193e+07 1.069081e+07 1.085501e+07 1.104399e+07 1.124381e+07 1.144550e+07 1.234716e+07 1.298295e+07 1.337458e+07 1.357975e+07 1.365120e+07 1.362981e+07 1.341934e+07 1.309754e+07 1.273806e+07 1.237648e+07 1.202933e+07 1.170350e+07
1.083466e+07 1.083466e+07 1.083467e+07 1.083482e+07 1.083515e+07 1.082822e+07 1.075409e+07 1.070907e+07 1.067489e+07 1.059671e+07 1.048260e+07 1.052119e+07 1.065416e+07 1.083081e+07 1.102917e+07 1.123586e+07 1.144256e+07 1.235450e+07 1.299074e+07 1.338033e+07 1.358311e+07 1.365243e+07 1.362932e+07 1.341658e+07 1.309361e+07 1.273360e+07 1.237187e+07 1.202478e+07 1.169912e+07
1.066573e+07 1.066573e+07 1.066574e+07 1.066588e+07 1.066619e+07 1.066377e+07 1.061257e+07 1.055977e+07 1.056809e+07 1.053610e+07 1.045324e+07 1.048114e+07 1.062047e+07 1.080766e+07 1.101487e+07 1.122831e+07 1.144000e+07 1.236213e+07 1.299867e+07 1.338612e+07 1.358642e+07 1.365358e+07 1.362875e+07 1.341374e+07 1.308960e+07 1.272908e+07 1.236721e+07 1.202019e+07 1.169470e+07
1.052405e+07 1.052405e+07 1.052406e+07 1.052418e+07 1.052447e+07 1.052482e+07 1.049138e+07 1.043073e+07 1.045877e+07 1.046634e+07 1.043162e+07 1.045949e+07 1.059262e+07 1.078673e+07 1.100165e+07 1.122143e+07 1.143795e+07 1.237005e+07 1.300673e+07 1.339191e+07 1.358969e+07 1.365466e+07 1.362809e+07 1.341081e+07 1.308551e+07 1.272449e+07 1.236250e+07 1.201555e+07 1.169024e+07
1.011589e+07 1.011589e+07 1.011590e+07 1.011599e+07 1.011624e+07 1.012109e+07 1.012492e+07 1.009655e+07 1.010367e+07 1.014931e+07 1.030272e+07 1.045588e+07 1.060767e+07 1.078331e+07 1.098776e+07 1.121446e+07 1.144441e+07 1.241412e+07 1.304857e+07 1.342084e+07 1.360511e+07 1.365872e+07 1.362333e+07 1.339475e+07 1.306389e+07 1.270059e+07 1.233815e+07 1.199173e+07 1.166744e+07
1.004117e+07 1.004117e+07 1.004117e+07 1.004124e+07 1.004144e+07 1.004645e+07 1.005697e+07 1.006945e+07 1.007415e+07 1.009664e+07 1.023263e+07 1.045692e+07 1.069608e+07 1.091812e+07 1.112587e+07 1.132838e+07 1.153021e+07 1.246806e+07 1.309203e+07 1.344866e+07 1.361826e+07 1.366005e+07 1.361577e+07 1.337617e+07 1.304017e+07 1.267501e+07 1.231245e+07 1.196682e+07 1.164377e+07
1.016065e+07 1.016065e+07 1.016065e+07 1.016070e+07 1.016087e+07 1.016527e+07 1.017611e+07 1.020257e+07 1.021572e+07 1.023552e+07 1.033259e+07 1.052899e+07 1.078836e+07 1.105631e+07 1.130195e+07 1.151965e+07 1.171537e+07 1.254233e+07 1.313689e+07 1.347420e+07 1.362816e+07 1.365796e+07 1.360490e+07 1.335482e+07 1.301425e+07 1.264769e+07 1.228537e+07 1.194081e+07 1.161920e+07
1.039206e+07 1.039206e+07 1.039206e+07 1.039211e+07 1.039223e+07 1.039581e+07 1.040519e+07 1.043250e+07 1.044906e+07 1.047069e+07 1.055050e+07 1.070644e+07 1.093480e+07 1.120044e+07 1.146545e+07 1.170659e+07 1.191686e+07 1.266336e+07 1.318558e+07 1.349690e+07 1.363399e+07 1.365178e+07 1.359025e+07 1.333047e+07 1.298600e+07 1.261855e+07 1.225688e+07 1.191368e+07 1.159374e+07
1.067995e+07 1.067995e+07 1.067995e+07 1.067998e+07 1.068008e+07 1.068282e+07 1.069018e+07 1.071316e+07 1.072882e+07 1.075016e+07 1.082275e+07 1.095203e+07 1.114228e+07 1.137728e+07 1.163010e+07 1.187558e+07 1.209762e+07 1.282473e+07 1.324521e+07 1.351741e+07 1.363532e+07 1.364101e+07 1.357142e+07 1.330289e+07 1.295530e+07 1.258755e+07 1.222693e+07 1.188542e+07 1.156738e+07
1.098211e+07 1.098211e+07 1.098211e+07 1.098214e+07 1.098221e+07 1.098426e+07 1.098978e+07 1.100752e+07 1.102071e+07 1.104011e+07 1.110789e+07 1.122245e+07 1.138419e+07 1.158493e+07 1.180924e+07 1.203877e+07 1.225725e+07 1.298952e+07 1.332977e+07 1.353819e+07 1.363240e+07 1.362542e+07 1.354811e+07 1.327191e+07 1.292207e+07 1.255463e+07 1.219552e+07 1.185600e+07 1.154010e+07
1.127173e+07 1.127173e+07 1.127173e+07 1.127175e+07 1.127180e+07 1.127329e+07 1.127728e+07 1.129019e+07 1.130067e+07 1.131760e+07 1.138096e+07 1.148736e+07 1.163128e+07 1.180488e+07 1.199913e+07 1.220306e+07 1.240488e+07 1.313459e+07 1.342959e+07 1.356469e+07 1.362634e+07 1.360514e+07 1.352023e+07 1.323740e+07 1.288621e+07 1.251975e+07 1.216261e+07 1.182542e+07 1.151190e+07
1.153261e+07 1.153261e+07 1.153261e+07 1.153262e+07 1.153266e+07 1.153370e+07 1.153643e+07 1.154524e+07 1.155330e+07 1.156785e+07 1.162710e+07 1.172860e+07 1.186227e+07 1.201755e+07 1.218725e+07 1.236524e+07 1.254466e+07 1.324939e+07 1.352651e+07 1.360480e+07 1.361947e+07 1.358081e+07 1.348791e+07 1.319929e+07 1.284769e+07 1.248288e+07 1.212819e+07 1.179368e+07 1.148278e+07
1.175535e+07 1.175535e+07 1.175535e+07 1.175536e+07 1.175539e+07 1.175611e+07 1.175792e+07 1.176361e+07 1.176972e+07 1.178228e+07 1.183802e+07 1.193628e+07 1.206431e+07 1.220844e+07 1.236073e+07 1.251716e+07 1.267449e+07 1.333292e+07 1.360814e+07 1.365005e+07 1.361625e+07 1.355370e+07 1.345159e+07 1.315763e+07 1.280649e+07 1.244401e+07 1.209226e+07 1.176076e+07 1.145274e+07
1.193680e+07 1.193680e+07 1.193680e+07 1.193681e+07 1.193683e+07 1.193727e+07 1.193832e+07 1.194142e+07 1.194594e+07 1.195688e+07 1.200976e+07 1.210579e+07 1.223086e+07 1.236881e+07 1.251000e+07 1.265064e+07 1.278946e+07 1.338896e+07 1.366698e+07 1.369097e+07 1.362074e+07 1.352587e+07 1.341204e+07 1.311254e+07 1.276263e+07 1.240314e+07 1.205480e+07 1.172668e+07 1.142179e+07
1.207514e+07 1.207514e+07 1.207514e+07 1.207514e+07 1.207515e+07 1.207541e+07 1.207591e+07 1.207722e+07 1.208063e+07 1.209043e+07 1.214130e+07 1.223593e+07 1.235963e+07 1.249461e+07 1.262945e+07 1.275966e+07 1.288461e+07 1.342232e+07 1.370001e+07 1.372076e+07 1.362665e+07 1.350103e+07 1.337047e+07 1.306429e+07 1.271617e+07 1.236029e+07 1.201585e+07 1.169143e+07 1.138993e+07
1.217204e+07 1.217204e+07 1.217204e+07 1.217204e+07 1.217204e+07 1.217218e+07 1.217236e+07 1.217257e+07 1.217529e+07 1.218439e+07 1.223402e+07 1.232791e+07 1.245119e+07 1.258513e+07 1.271690e+07 1.284094e+07 1.295648e+07 1.343696e+07 1.370771e+07 1.373483e+07 1.362867e+07 1.348078e+07 1.332868e+07 1.301327e+07 1.266725e+07 1.231552e+07 1.197541e+07 1.165504e+07 1.135716e+07
1.223173e+07 1.223173e+07 1.223173e+07 1.223173e+07 1.223173e+07 1.223179e+07 1.223176e+07 1.223122e+07 1.223347e+07 1.224211e+07 1.229096e+07 1.238449e+07 1.250788e+07 1.264186e+07 1.277264e+07 1.289360e+07 1.300339e+07 1.343552e+07 1.369267e+07 1.373073e+07 1.362291e+07 1.346075e+07 1.328968e+07 1.296004e+07 1.261603e+07 1.226888e+07 1.193352e+07 1.161752e+07 1.132350e+07
1.225865e+07 1.225865e+07 1.225865e+07 1.225865e+07 1.225865e+07 1.225861e+07 1.225832e+07 1.225711e+07 1.225900e+07 1.226731e+07 1.231570e+07 1.240916e+07 1.253294e+07 1.266757e+07 1.279858e+07 1.291851e+07 1.302533e+07 1.341967e+07 1.365834e+07 1.370790e+07 1.360656e+07 1.343780e+07 1.325361e+07 1.290531e+07 1.256276e+07 1.222048e+07 1.189023e+07 1.157889e+07 1.128898e+07
1.225545e+07 1.225545e+07 1.225545e+07 1.225545e+07 1.225545e+07 1.225539e+07 1.225504e+07 1.225364e+07 1.225544e+07 1.226368e+07 1.231203e+07 1.240572e+07 1.253009e+07 1.266564e+07 1.279755e+07 1.291774e+07 1.302350e+07 1.339045e+07 1.360822e+07 1.366723e+07 1.357791e+07 1.340955e+07 1.321752e+07 1.285003e+07 1.250776e+07 1.217045e+07 1.184561e+07 1.153920e+07 1.125360e+07
1.222713e+07 1.222713e+07 1.222713e+07 1.222713e+07 1.222713e+07 1.222705e+07 1.222670e+07 1.222537e+07 1.222725e+07 1.223558e+07 1.228419e+07 1.237826e+07 1.250328e+07 1.263980e+07 1.277286e+07 1.289398e+07 1.299991e+07 1.334865e+07 1.354540e+07 1.361060e+07 1.353625e+07 1.337423e+07 1.317942e+07 1.279553e+07 1.245138e+07 1.211895e+07 1.179972e+07 1.149848e+07 1.121739e+07
1.217887e+07 1.217887e+07 1.217887e+07 1.217887e+07 1.217887e+07 1.217881e+07 1.217848e+07 1.217727e+07 1.217924e+07 1.218769e+07 1.223652e+07 1.233087e+07 1.245638e+07 1.259371e+07 1.272791e+07 1.285021e+07 1.295699e+07 1.329504e+07 1.347240e+07 1.354034e+07 1.348178e+07 1.333067e+07 1.313781e+07 1.274357e+07 1.239411e+07 1.206617e+07 1.175266e+07 1.145679e+07 1.118039e+07
1.211509e+07 1.211509e+07 1.211509e+07 1.211509e+07 1.211509e+07 1.211500e+07 1.211463e+07 1.211338e+07 1.211538e+07 1.212386e+07 1.217276e+07 1.226717e+07 1.239290e+07 1.253078e+07 1.266590e+07 1.278939e+07 1.289732e+07 1.323047e+07 1.339121e+07 1.345890e+07 1.341535e+07 1.327828e+07 1.309153e+07 1.269313e+07 1.233649e+07 1.201233e+07 1.170455e+07 1.141418e+07 1.114263e+07
1.203800e+07 1.203800e+07 1.203800e+07 1.203800e+07 1.203800e+07 1.203791e+07 1.203754e+07 1.203637e+07 1.203843e+07 1.204696e+07 1.209583e+07 1.219012e+07 1.231582e+07 1.245395e+07 1.258974e+07 1.271426e+07 1.282341e+07 1.315591e+07 1.330336e+07 1.336859e+07 1.333825e+07 1.321696e+07 1.303975e+07 1.264290e+07 1.227923e+07 1.195771e+07 1.165550e+07 1.137073e+07 1.110415e+07
1.195027e+07 1.195027e+07 1.195027e+07 1.195027e+07 1.195027e+07 1.195019e+07 1.194984e+07 1.194875e+07 1.195086e+07 1.195940e+07 1.200815e+07 1.210216e+07 1.222760e+07 1.236574e+07 1.250194e+07 1.262731e+07 1.273762e+07 1.307241e+07 1.321007e+07 1.327147e+07 1.325207e+07 1.314706e+07 1.298201e+07 1.259198e+07 1.222337e+07 1.190259e+07 1.160568e+07 1.132651e+07 1.106500e+07
1.185403e+07 1.185403e+07 1.185403e+07 1.185403e+07 1.185402e+07 1.185393e+07 1.185356e+07 1.185246e+07 1.185458e+07 1.186311e+07 1.191168e+07 1.200530e+07 1.213035e+07 1.226831e+07 1.240472e+07 1.253074e+07 1.264209e+07 1.298111e+07 1.311229e+07 1.316928e+07 1.315843e+07 1.306925e+07 1.291812e+07 1.253966e+07 1.216954e+07 1.184735e+07 1.155524e+07 1.128162e+07 1.102522e+07
1.175027e+07 1.175027e+07 1.175027e+07 1.175027e+07 1.175027e+07 1.175018e+07 1.174984e+07 1.174886e+07 1.175106e+07 1.175963e+07 1.180808e+07 1.190131e+07 1.202590e+07 1.216357e+07 1.230002e+07 1.242653e+07 1.253877e+07 1.288316e+07 1.301083e+07 1.306344e+07 1.305893e+07 1.298444e+07 1.284819e+07 1.248538e+07 1.211681e+07 1.179240e+07 1.150437e+07 1.123615e+07 1.098489e+07
1.164077e+07 1.164077e+07 1.164077e+07 1.164077e+07 1.164077e+07 1.164071e+07 1.164043e+07 1.163966e+07 1.164197e+07 1.165062e+07 1.169901e+07 1.179187e+07 1.191596e+07 1.205325e+07 1.218962e+07 1.231645e+07 1.242942e+07 1.277971e+07 1.290639e+07 1.295511e+07 1.295503e+07 1.289367e+07 1.277253e+07 1.242872e+07 1.206455e+07 1.173827e+07 1.145328e+07 1.119022e+07 1.094406e+07
1.152773e+07 1.152773e+07 1.152773e+07 1.152773e+07 1.152773e+07 1.152765e+07 1.152738e+07 1.152673e+07 1.152913e+07 1.153784e+07 1.158613e+07 1.167858e+07 1.180212e+07 1.193895e+07 1.207511e+07 1.220209e+07 1.231563e+07 1.267189e+07 1.279960e+07 1.284520e+07 1.284803e+07 1.279805e+07 1.269166e+07 1.236936e+07 1.201228e+07 1.168574e+07 1.140220e+07 1.114394e+07 1.090281e+07
1.141224e+07 1.141224e+07 1.141224e+07 1.141224e+07 1.141224e+07 1.141218e+07 1.141195e+07 1.141146e+07 1.141395e+07 1.142272e+07 1.147089e+07 1.156289e+07 1.168580e+07 1.182205e+07 1.195788e+07 1.208486e+07 1.219879e+07 1.256074e+07 1.269102e+07 1.273443e+07 1.273904e+07 1.269863e+07 1.260620e+07 1.230713e+07 1.195963e+07 1.163473e+07 1.135141e+07 1.109746e+07 1.086120e+07
1.129564e+07 1.129564e+07 1.129564e+07 1.129564e+07 1.129564e+07 1.129560e+07 1.129541e+07 1.129510e+07 1.129770e+07 1.130652e+07 1.135454e+07 1.144602e+07 1.156823e+07 1.170380e+07 1.183914e+07 1.196596e+07 1.208010e+07 1.244722e+07 1.258119e+07 1.262337e+07 1.262898e+07 1.259643e+07 1.251685e+07 1.224196e+07 1.190627e+07 1.158467e+07 1.130123e+07 1.105091e+07 1.081933e+07
1.117928e+07 1.117928e+07 1.117928e+07 1.117928e+07 1.117928e+07 1.117924e+07 1.117907e+07 1.117886e+07 1.118151e+07 1.119035e+07 1.123814e+07 1.132903e+07 1.145042e+07 1.158518e+07 1.171990e+07 1.184640e+07 1.196057e+07 1.233220e+07 1.247057e+07 1.251248e+07 1.251859e+07 1.249237e+07 1.242435e+07 1.217390e+07 1.185195e+07 1.153520e+07 1.125207e+07 1.100446e+07 1.077729e+07
1.106368e+07 1.106368e+07 1.106368e+07 1.106368e+07 1.106368e+07 1.106365e+07 1.106352e+07 1.106343e+07 1.106614e+07 1.107499e+07 1.112251e+07 1.121271e+07 1.133319e+07 1.146702e+07 1.160099e+07 1.172702e+07 1.184105e+07 1.221643e+07 1.235962e+07 1.240210e+07 1.240848e+07 1.238725e+07 1.232942e+07 1.210307e+07 1.179648e+07 1.148604e+07 1.120442e+07 1.095830e+07 1.073517e+07
1.094965e+07 1.094965e+07 1.094965e+07 1.094965e+07 1.094965e+07 1.094963e+07 1.094952e+07 1.094952e+07 1.095226e+07 1.096108e+07 1.100824e+07 1.109767e+07 1.121713e+07 1.134994e+07 1.148303e+07 1.160845e+07 1.172218e+07 1.210056e+07 1.224872e+07 1.229253e+07 1.229912e+07 1.228176e+07 1.223276e+07 1.202968e+07 1.173972e+07 1.143696e+07 1.115793e+07 1.091263e+07 1.069308e+07
1.083765e+07 1.083765e+07 1.083765e+07 1.083765e+07 1.083765e+07 1.083762e+07 1.083750e+07 1.083748e+07 1.084021e+07 1.084896e+07 1.089569e+07 1.098428e+07 1.110267e+07 1.123437e+07 1.136650e+07 1.149119e+07 1.160450e+07 1.198514e+07 1.213824e+07 1.218400e+07 1.219088e+07 1.217649e+07 1.213500e+07 1.195398e+07 1.168158e+07 1.138777e+07 1.111228e+07 1.086770e+07 1.065114e+07
1.072734e+07 1.072734e+07 1.072734e+07 1.072734e+07 1.072734e+07 1.072731e+07 1.072719e+07 1.072722e+07 1.072995e+07 1.073865e+07 1.078497e+07 1.087274e+07 1.099004e+07 1.112060e+07 1.125171e+07 1.137561e+07 1.148840e+07 1.187060e+07 1.202849e+07 1.207669e+07 1.208403e+07 1.207190e+07 1.203673e+07 1.187629e+07 1.162201e+07 1.133830e+07 1.106725e+07 1.082388e+07 1.060947e+07
1.061884e+07 1.061884e+07 1.061884e+07 1.061884e+07 1.061884e+07 1.061882e+07 1.061873e+07 1.061886e+07 1.062162e+07 1.063029e+07 1.067626e+07 1.076323e+07 1.087946e+07 1.100889e+07 1.113894e+07 1.126198e+07 1.137416e+07 1.175733e+07 1.191973e+07 1.197076e+07 1.197877e+07 1.196838e+07 1.193845e+07 1.179693e+07 1.156104e+07 1.128843e+07 1.102267e+07 1.078131e+07 1.056822e+07
1.051269e+07 1.051269e+07 1.051269e+07 1.051269e+07 1.051269e+07 1.051267e+07 1.051260e+07 1.051279e+07 1.051558e+07 1.052421e+07 1.056982e+07 1.065601e+07 1.077117e+07 1.089943e+07 1.102840e+07 1.115053e+07 1.126203e+07 1.164562e+07 1.181221e+07 1.186632e+07 1.187525e+07 1.186623e+07 1.184060e+07 1.171627e+07 1.149869e+07 1.123803e+07 1.097837e+07 1.073967e+07 1.052755e+07
1.040911e+07 1.040911e+07 1.040911e+07 1.040911e+07 1.040910e+07 1.040909e+07 1.040903e+07 1.040928e+07 1.041208e+07 1.042067e+07 1.046589e+07 1.055127e+07 1.066533e+07 1.079241e+07 1.092025e+07 1.104142e+07 1.115219e+07 1.153569e+07 1.170612e+07 1.176349e+07 1.177359e+07 1.176568e+07 1.174355e+07 1.163463e+07 1.143507e+07 1.118704e+07 1.093423e+07 1.069878e+07 1.048766e+07
1.030824e+07 1.030824e+07 1.030824e+07 1.030824e+07 1.030824e+07 1.030823e+07 1.030819e+07 1.030848e+07 1.031129e+07 1.031983e+07 1.036463e+07 1.044917e+07 1.056209e+07 1.068794e+07 1.081463e+07 1.093480e+07 1.104477e+07 1.142775e+07 1.160162e+07 1.166235e+07 1.167384e+07 1.166690e+07 1.164759e+07 1.155236e+07 1.137028e+07 1.113539e+07 1.089015e+07 1.065849e+07 1.044886e+07
1.021024e+07 1.021024e+07 1.021024e+07 1.021024e+07 1.021024e+07 1.021023e+07 1.021019e+07 1.021049e+07 1.021328e+07 1.022174e+07 1.026610e+07 1.034975e+07 1.046152e+07 1.058612e+07 1.071160e+07 1.083073e+07 1.093986e+07 1.132192e+07 1.149886e+07 1.156297e+07 1.157607e+07 1.157002e+07 1.155298e+07 1.146979e+07 1.130446e+07 1.108307e+07 1.084601e+07 1.061868e+07 1.041105e+07
1.011493e+07 1.011493e+07 1.011493e+07 1.011493e+07 1.011493e+07 1.011492e+07 1.011488e+07 1.011520e+07 1.011797e+07 1.012636e+07 1.017026e+07 1.025303e+07 1.036362e+07 1.048694e+07 1.061121e+07 1.072926e+07 1.083751e+07 1.121831e+07 1.139795e+07 1.146539e+07 1.148029e+07 1.147511e+07 1.145991e+07 1.138721e+07 1.123777e+07 1.103005e+07 1.080175e+07 1.057924e+07 1.037402e+07
1.002220e+07 1.002220e+07 1.002220e+07 1.002220e+07 1.002220e+07 1.002219e+07 1.002217e+07 1.002252e+07 1.002529e+07 1.003361e+07 1.007707e+07 1.015896e+07 1.026838e+07 1.039042e+07 1.051346e+07 1.063041e+07 1.073775e+07 1.111700e+07 1.129897e+07 1.136966e+07 1.138651e+07 1.138224e+07 1.136853e+07 1.130489e+07 1.117038e+07 1.097637e+07 1.075729e+07 1.054008e+07 1.033764e+07
9.932170e+06 9.932170e+06 9.932170e+06 9.932170e+06 9.932170e+06 9.932167e+06 9.932144e+06 9.932520e+06 9.935275e+06 9.943520e+06 9.986522e+06 1.006753e+07 1.017577e+07 1.029653e+07 1.041833e+07 1.053417e+07 1.064057e+07 1.101803e+07 1.120200e+07 1.127582e+07 1.129474e+07 1.129141e+07 1.127894e+07 1.122309e+07 1.110247e+07 1.092204e+07 1.071259e+07 1.050112e+07 1.030182e+07
9.844838e+06 9.844838e+06 9.844838e+06 9.844838e+06 9.844838e+06 9.844833e+06 9.844804e+06 9.845160e+06 9.847879e+06 9.856029e+06 9.898549e+06 9.978658e+06 1.008573e+07 1.020522e+07 1.032577e+07 1.044050e+07 1.054595e+07 1.092142e+07 1.110707e+07 1.118389e+07 1.120497e+07 1.120266e+07 1.119122e+07 1.114201e+07 1.103421e+07 1.086713e+07 1.066761e+07 1.046229e+07 1.026646e+07
9.759877e+06 9.759877e+06 9.759877e+06 9.759877e+06 9.759877e+06 9.759871e+06 9.759840e+06 9.760187e+06 9.762875e+06 9.770936e+06 9.812991e+06 9.892228e+06 9.998148e+06 1.011639e+07 1.023572e+07 1.034934e+07 1.045385e+07 1.082720e+07 1.101424e+07 1.109389e+07 1.111717e+07 1.111595e+07 1.110543e+07 1.106185e+07 1.096578e+07 1.081170e+07 1.062232e+07 1.042352e+07 1.023149e+07
9.677068e+06 9.677068e+06 9.677068e+06 9.677068e+06 9.677068e+06 9.677066e+06 9.677046e+06 9.677418e+06 9.680094e+06 9.688084e+06 9.729714e+06 9.808124e+06 9.912938e+06 1.002996e+07 1.014811e+07 1.026064e+07 1.036421e+07 1.073534e+07 1.092351e+07 1.100581e+07 1.103133e+07 1.103129e+07 1.102158e+07 1.098276e+07 1.089735e+07 1.075582e+07 1.057671e+07 1.038477e+07 1.019685e+07
9.596491e+06 9.596491e+06 9.596491e+06 9.596491e+06 9.596491e+06 9.596488e+06 9.596469e+06 9.596858e+06 9.599522e+06 9.607447e+06 9.648673e+06 9.726288e+06 9.830037e+06 9.945888e+06 1.006288e+07 1.017436e+07 1.027701e+07 1.064584e+07 1.083490e+07 1.091968e+07 1.094743e+07 1.094863e+07 1.093969e+07 1.090487e+07 1.082909e+07 1.069958e+07 1.053078e+07 1.034599e+07 1.016247e+07
9.518133e+06 9.518133e+06 9.518133e+06 9.518133e+06 9.518133e+06 9.518131e+06 9.518115e+06 9.518516e+06 9.521167e+06 9.529026e+06 9.569858e+06 9.646705e+06 9.749423e+06 9.864136e+06 9.980006e+06 1.009045e+07 1.019220e+07 1.055867e+07 1.074841e+07 1.083547e+07 1.086544e+07 1.086794e+07 1.085975e+07 1.082830e+07 1.076114e+07 1.064307e+07 1.048455e+07 1.030714e+07 1.012830e+07
9.441954e+06 9.441954e+06 9.441954e+06 9.441954e+06 9.441954e+06 9.441955e+06 9.441948e+06 9.442374e+06 9.445016e+06 9.452815e+06 9.493271e+06 9.569374e+06 9.671092e+06 9.784698e+06 9.899472e+06 1.000890e+07 1.010976e+07 1.047383e+07 1.066403e+07 1.075318e+07 1.078532e+07 1.078919e+07 1.078174e+07 1.075313e+07 1.069366e+07 1.058638e+07 1.043803e+07 1.026819e+07 1.009429e+07
9.368002e+06 9.368002e+06 9.368002e+06 9.368002e+06 9.368003e+06 9.368006e+06 9.368007e+06 9.368456e+06 9.371093e+06 9.378836e+06 9.418932e+06 9.494314e+06 9.595056e+06 9.707578e+06 9.821275e+06 9.929708e+06 1.002968e+07 1.039127e+07 1.058175e+07 1.067279e+07 1.070705e+07 1.071233e+07 1.070564e+07 1.067942e+07 1.062676e+07 1.052962e+07 1.039126e+07 1.022913e+07 1.006039e+07
9.296337e+06 9.296337e+06 9.296337e+06 9.296337e+06 9.296337e+06 9.296340e+06 9.296343e+06 9.296814e+06 9.299445e+06 9.307135e+06 9.346879e+06 9.421553e+06 9.521332e+06 9.632781e+06 9.745409e+06 9.852847e+06 9.951935e+06 1.031097e+07 1.050154e+07 1.059430e+07 1.063060e+07 1.063732e+07 1.063141e+07 1.060723e+07 1.056057e+07 1.047288e+07 1.034426e+07 1.018994e+07 1.002657e+07
9.226983e+06 9.226983e+06 9.226983e+06 9.226983e+06 9.226983e+06 9.226990e+06 9.227004e+06 9.227504e+06 9.230131e+06 9.237766e+06 9.277154e+06 9.351114e+06 9.449927e+06 9.560299e+06 9.671853e+06 9.778290e+06 9.876485e+06 1.023288e+07 1.042336e+07 1.051766e+07 1.055592e+07 1.056411e+07 1.055902e+07 1.053659e+07 1.049518e+07 1.041626e+07 1.029710e+07 1.015062e+07 9.992797e+06
9.160040e+06 9.160040e+06 9.160040e+06 9.160040e+06 9.160040e+06 9.160049e+06 9.160067e+06 9.160578e+06 9.163188e+06 9.170756e+06 9.209760e+06 9.282982e+06 9.380809e+06 9.490089e+06 9.600557e+06 9.705983e+06 9.803275e+06 1.015695e+07 1.034719e+07 1.044285e+07 1.048299e+07 1.049266e+07 1.048841e+07 1.046752e+07 1.043069e+07 1.035985e+07 1.024981e+07 1.011116e+07 9.959042e+06
9.095479e+06 9.095479e+06 9.095479e+06 9.095479e+06 9.095479e+06 9.095487e+06 9.095502e+06 9.095992e+06 9.098561e+06 9.106036e+06 9.144610e+06 9.217060e+06 9.313879e+06 9.422055e+06 9.531430e+06 9.635838e+06 9.732221e+06 1.008311e+07 1.027298e+07 1.036984e+07 1.041176e+07 1.042292e+07 1.041956e+07 1.040002e+07 1.036717e+07 1.030375e+07 1.020244e+07 1.007158e+07 9.925284e+06
9.033062e+06 9.033062e+06 9.033062e+06 9.033062e+06 9.033062e+06 9.033061e+06 9.033054e+06 9.033475e+06 9.035985e+06 9.043352e+06 9.081479e+06 9.153155e+06 9.248972e+06 9.356054e+06 9.464345e+06 9.567744e+06 9.663223e+06 1.001129e+07 1.020068e+07 1.029859e+07 1.034221e+07 1.035485e+07 1.035240e+07 1.033410e+07 1.030468e+07 1.024803e+07 1.015506e+07 1.003188e+07 9.891505e+06
8.972169e+06 8.972169e+06 8.972169e+06 8.972169e+06 8.972169e+06 8.972170e+06 8.972167e+06 8.972590e+06 8.975074e+06 8.982364e+06 9.020100e+06 9.091052e+06 9.185911e+06 9.291936e+06 9.399174e+06 9.501585e+06 9.596176e+06 9.941435e+06 1.013024e+07 1.022907e+07 1.027429e+07 1.028840e+07 1.028690e+07 1.026975e+07 1.024329e+07 1.019279e+07 1.010772e+07 9.992089e+06 9.857692e+06
8.912800e+06 8.912800e+06 8.912800e+06 8.912800e+06 8.912800e+06 8.912802e+06 8.912803e+06 8.913240e+06 8.915714e+06 8.922947e+06 8.960341e+06 9.030621e+06 9.124574e+06 9.229586e+06 9.335808e+06 9.437262e+06 9.530987e+06 9.873462e+06 1.006161e+07 1.016124e+07 1.020797e+07 1.022353e+07 1.022302e+07 1.020695e+07 1.018303e+07 1.013807e+07 1.006047e+07 9.952223e+06 9.823837e+06
8.855005e+06 8.855005e+06 8.855005e+06 8.855005e+06 8.855006e+06 8.855010e+06 8.855018e+06 8.855473e+06 8.857937e+06 8.865116e+06 8.902184e+06 8.971822e+06 9.064903e+06 9.168939e+06 9.274176e+06 9.374702e+06 9.467583e+06 9.807309e+06 9.994745e+06 1.009507e+07 1.014321e+07 1.016021e+07 1.016069e+07 1.014568e+07 1.012393e+07 1.008397e+07 1.001338e+07 9.912309e+06 9.789936e+06
8.798855e+06 8.798855e+06 8.798855e+06 8.798855e+06 8.798855e+06 8.798859e+06 8.798866e+06 8.799326e+06 8.801777e+06 8.808901e+06 8.845646e+06 8.914653e+06 9.006881e+06 9.109961e+06 9.214237e+06 9.313852e+06 9.405908e+06 9.742918e+06 9.929592e+06 1.003051e+07 1.007999e+07 1.009838e+07 1.009989e+07 1.008593e+07 1.006602e+07 1.003053e+07 9.966491e+06 9.872374e+06 9.755990e+06
8.744316e+06 8.744316e+06 8.744316e+06 8.744317e+06 8.744317e+06 8.744323e+06 8.744335e+06 8.744807e+06 8.747245e+06 8.754313e+06 8.790736e+06 8.859115e+06 8.950498e+06 9.052633e+06 9.155959e+06 9.254677e+06 9.345918e+06 9.680238e+06 9.866108e+06 9.967526e+06 1.001825e+07 1.003801e+07 1.004057e+07 1.002765e+07 1.000933e+07 9.977811e+06 9.919870e+06 9.832451e+06 9.722002e+06
8.691426e+06 8.691426e+06 8.691426e+06 8.691426e+06 8.691426e+06 8.691432e+06 8.691446e+06 8.691925e+06 8.694348e+06 8.701359e+06 8.737456e+06 8.805206e+06 8.895743e+06 8.996936e+06 9.099317e+06 9.197144e+06 9.287576e+06 9.619219e+06 9.804248e+06 9.906087e+06 9.957981e+06 9.979076e+06 9.982685e+06 9.970816e+06 9.953851e+06 9.925857e+06 9.873566e+06 9.792571e+06 9.687979e+06
8.640168e+06 8.640168e+06 8.640168e+06 8.640168e+06 8.640168e+06 8.640175e+06 8.640192e+06 8.640676e+06 8.643082e+06 8.650031e+06 8.685792e+06 8.752906e+06 8.842592e+06 8.942841e+06 9.044277e+06 9.141215e+06 9.230841e+06 9.559817e+06 9.743972e+06 9.846156e+06 9.899140e+06 9.921529e+06 9.926198e+06 9.915404e+06 9.899598e+06 9.874708e+06 9.827628e+06 9.752769e+06 9.653932e+06
8.590539e+06 8.590539e+06 8.590539e+06 8.590539e+06 8.590539e+06 8.590546e+06 8.590560e+06 8.591031e+06 8.593410e+06 8.600288e+06 8.635698e+06 8.702163e+06 8.790993e+06 8.890296e+06 8.990790e+06 9.086843e+06 9.175668e+06 9.501987e+06 9.685238e+06 9.787700e+06 9.841698e+06 9.865340e+06 9.871071e+06 9.861377e+06 9.846567e+06 9.824399e+06 9.782102e+06 9.713080e+06 9.619872e+06
8.542398e+06 8.542398e+06 8.542398e+06 8.542398e+06 8.542398e+06 8.542404e+06 8.542416e+06 8.542871e+06 8.545217e+06 8.552019e+06 8.587069e+06 8.652883e+06 8.740861e+06 8.839227e+06 8.938788e+06 9.033966e+06 9.122000e+06 9.445686e+06 9.628010e+06 9.730686e+06 9.785627e+06 9.810477e+06 9.817268e+06 9.808701e+06 9.794753e+06 9.774960e+06 9.737033e+06 9.673537e+06 9.585814e+06
8.495607e+06 8.495607e+06 8.495607e+06 8.495607e+06 8.495607e+06 8.495609e+06 8.495612e+06 8.496036e+06 8.498345e+06 8.505067e+06 8.539761e+06 8.604941e+06 8.692089e+06 8.789543e+06 8.888194e+06 8.982518e+06 9.069777e+06 9.390871e+06 9.572250e+06 9.675084e+06 9.730897e+06 9.756911e+06 9.764755e+06 9.757342e+06 9.744147e+06 9.726412e+06 9.692461e+06 9.634176e+06 9.551776e+06
8.449899e+06 8.449899e+06 8.449899e+06 8.449899e+06 8.449899e+06 8.449900e+06 8.449901e+06 8.450312e+06 8.452597e+06 8.459256e+06 8.493631e+06 8.558219e+06 8.644582e+06 8.741163e+06 8.838939e+06 8.932438e+06 9.018947e+06 9.337502e+06 9.517924e+06 9.620861e+06 9.677482e+06 9.704612e+06 9.713499e+06 9.707267e+06 9.694736e+06 9.678774e+06 9.648420e+06 9.595030e+06 9.517776e+06
8.405157e+06 8.405157e+06 8.405157e+06 8.405157e+06 8.405157e+06 8.405163e+06 8.405176e+06 8.405618e+06 8.407900e+06 8.414517e+06 8.448620e+06 8.512664e+06 8.598287e+06 8.694039e+06 8.790979e+06 8.883684e+06 8.969467e+06 9.285542e+06 9.464997e+06 9.567991e+06 9.625354e+06 9.653553e+06 9.663469e+06 9.658441e+06 9.646505e+06 9.632059e+06 9.604945e+06 9.556132e+06 9.483834e+06
8.361606e+06 8.361606e+06 8.361606e+06 8.361607e+06 8.361607e+06 8.361612e+06 8.361624e+06 8.362074e+06 8.364349e+06 8.370925e+06 8.404769e+06 8.468294e+06 8.553210e+06 8.648166e+06 8.744299e+06 8.836236e+06 8.921315e+06 9.234960e+06 9.413439e+06 9.516443e+06 9.574489e+06 9.603708e+06 9.614634e+06 9.610833e+06 9.599436e+06 9.586277e+06 9.562064e+06 9.517514e+06 9.449969e+06
8.319254e+06 8.319254e+06 8.319254e+06 8.319254e+06 8.319254e+06 8.319262e+06 8.319281e+06 8.319750e+06 8.322019e+06 8.328553e+06 8.362141e+06 8.425159e+06 8.509384e+06 8.603562e+06 8.698906e+06 8.790090e+06 8.874479e+06 9.185727e+06 9.363219e+06 9.466190e+06 9.524861e+06 9.555052e+06 9.566967e+06 9.564408e+06 9.553508e+06 9.541433e+06 9.519803e+06 9.479206e+06 9.416203e+06
8.278209e+06 8.278209e+06 8.278209e+06 8.278209e+06 8.278209e+06 8.278216e+06 8.278235e+06 8.278708e+06 8.280968e+06 8.287460e+06 8.320794e+06 8.383308e+06 8.466847e+06 8.560251e+06 8.654811e+06 8.745249e+06 8.828952e+06 9.137816e+06 9.314307e+06 9.417206e+06 9.476447e+06 9.507560e+06 9.520440e+06 9.519137e+06 9.508702e+06 9.497529e+06 9.478183e+06 9.441235e+06 9.382557e+06
8.238450e+06 8.238450e+06 8.238450e+06 8.238450e+06 8.238451e+06 8.238461e+06 8.238490e+06 8.238987e+06 8.241244e+06 8.247696e+06 8.280775e+06 8.342780e+06 8.425625e+06 8.518250e+06 8.612021e+06 8.701709e+06 8.784725e+06 9.091201e+06 9.266676e+06 9.369465e+06 9.429222e+06 9.461209e+06 9.475027e+06 9.474987e+06 9.464994e+06 9.454562e+06 9.437224e+06 9.403630e+06 9.349053e+06
8.200140e+06 8.200140e+06 8.200140e+06 8.200140e+06 8.200141e+06 8.200151e+06 8.200179e+06 8.200676e+06 8.202918e+06 8.209320e+06 8.242121e+06 8.303595e+06 8.385728e+06 8.477557e+06 8.570527e+06 8.659456e+06 8.741778e+06 9.045855e+06 9.220298e+06 9.322942e+06 9.383164e+06 9.415977e+06 9.430704e+06 9.431929e+06 9.422361e+06 9.412529e+06 9.396939e+06 9.366413e+06 9.315712e+06
8.163240e+06 8.163240e+06 8.163240e+06 8.163240e+06 8.163241e+06 8.163250e+06 8.163275e+06 8.163760e+06 8.165976e+06 8.172316e+06 8.204813e+06 8.265729e+06 8.347125e+06 8.438140e+06 8.530297e+06 8.618457e+06 8.700080e+06 9.001747e+06 9.175145e+06 9.277611e+06 9.338250e+06 9.371841e+06 9.387446e+06 9.389933e+06 9.380779e+06 9.371422e+06 9.357342e+06 9.329607e+06 9.282554e+06
8.127629e+06 8.127629e+06 8.127629e+06 8.127629e+06 8.127629e+06 8.127638e+06 8.127662e+06 8.128132e+06 8.130318e+06 8.136587e+06 8.168760e+06 8.229099e+06 8.309745e+06 8.399937e+06 8.491274e+06 8.578663e+06 8.659586e+06 8.958846e+06 9.131191e+06 9.233449e+06 9.294460e+06 9.328780e+06 9.345230e+06 9.348971e+06 9.340222e+06 9.331233e+06 9.318441e+06 9.293232e+06 9.249599e+06
8.093207e+06 8.093207e+06 8.093207e+06 8.093207e+06 8.093208e+06 8.093211e+06 8.093221e+06 8.093644e+06 8.095786e+06 8.101972e+06 8.133809e+06 8.193571e+06 8.273472e+06 8.362850e+06 8.453378e+06 8.540007e+06 8.620238e+06 8.917117e+06 9.088407e+06 9.190432e+06 9.251770e+06 9.286774e+06 9.304034e+06 9.309015e+06 9.300666e+06 9.291949e+06 9.280244e+06 9.257307e+06 9.216867e+06
8.059608e+06 8.059608e+06 8.059608e+06 8.059608e+06 8.059608e+06 8.059610e+06 8.059615e+06 8.060010e+06 8.062118e+06 8.068235e+06 8.099766e+06 8.158987e+06 8.238181e+06 8.326779e+06 8.416526e+06 8.502419e+06 8.581978e+06 8.876529e+06 9.046769e+06 9.148537e+06 9.210161e+06 9.245801e+06 9.263837e+06 9.270039e+06 9.262086e+06 9.253559e+06 9.242753e+06 9.221846e+06 9.184376e+06
8.026620e+06 8.026620e+06 8.026620e+06 8.026620e+06 8.026620e+06 8.026623e+06 8.026633e+06 8.027045e+06 8.029146e+06 8.035223e+06 8.066507e+06 8.125244e+06 8.203784e+06 8.291650e+06 8.380658e+06 8.465848e+06 8.544762e+06 8.837053e+06 9.006251e+06 9.107743e+06 9.169613e+06 9.205843e+06 9.224616e+06 9.232016e+06 9.224455e+06 9.216047e+06 9.205969e+06 9.186864e+06 9.152144e+06
7.994377e+06 7.994377e+06 7.994377e+06 7.994378e+06 7.994378e+06 7.994384e+06 7.994401e+06 7.994835e+06 7.996936e+06 8.002981e+06 8.034048e+06 8.092340e+06 8.170270e+06 8.257445e+06 8.345751e+06 8.430269e+06 8.508566e+06 8.798665e+06 8.966832e+06 9.068026e+06 9.130104e+06 9.166880e+06 9.186352e+06 9.194920e+06 9.187749e+06 9.179398e+06 9.169893e+06 9.152372e+06 9.120185e+06
7.963043e+06 7.963043e+06 7.963043e+06 7.963043e+06 7.963043e+06 7.963049e+06 7.963067e+06 7.963509e+06 7.965605e+06 7.971617e+06 8.002471e+06 8.060336e+06 8.137678e+06 8.224188e+06 8.311817e+06 8.395687e+06 8.473385e+06 8.761348e+06 8.928491e+06 9.029368e+06 9.091615e+06 9.128891e+06 9.149024e+06 9.158728e+06 9.151942e+06 9.143595e+06 9.134521e+06 9.118379e+06 9.088517e+06
7.932636e+06 7.932636e+06 7.932636e+06 7.932637e+06 7.932637e+06 7.932646e+06 7.932673e+06 7.933140e+06 7.935236e+06 7.941218e+06 7.971864e+06 8.029306e+06 8.106070e+06 8.191925e+06 8.278888e+06 8.362120e+06 8.439229e+06 8.725087e+06 8.891208e+06 8.991747e+06 9.054126e+06 9.091859e+06 9.112612e+06 9.123414e+06 9.117008e+06 9.108619e+06 9.099848e+06 9.084893e+06 9.057151e+06
7.903338e+06 7.903338e+06 7.903338e+06 7.903338e+06 7.903338e+06 7.903347e+06 7.903374e+06 7.903844e+06 7.905932e+06 7.911878e+06 7.942311e+06 7.999326e+06 8.075506e+06 8.160703e+06 8.246998e+06 8.329592e+06 8.406113e+06 8.689870e+06 8.854964e+06 8.955143e+06 9.017618e+06 9.055762e+06 9.077095e+06 9.088954e+06 9.082922e+06 9.074452e+06 9.065868e+06 9.051919e+06 9.026100e+06
7.875119e+06 7.875119e+06 7.875119e+06 7.875119e+06 7.875120e+06 7.875132e+06 7.875168e+06 7.875662e+06 7.877749e+06 7.883662e+06 7.913875e+06 7.970450e+06 8.046031e+06 8.130555e+06 8.216169e+06 8.298114e+06 8.374040e+06 8.655683e+06 8.819740e+06 8.919536e+06 8.982071e+06 9.020583e+06 9.042455e+06 9.055325e+06 9.049659e+06 9.041074e+06 9.032572e+06 9.019462e+06 8.995375e+06
