3.104773e+05 1.760809e+05 1.469060e+05 9.598971e+04 7.890533e+04 4.969514e+04 4.079309e+04 3.413647e+04 3.259184e+04 3.155932e+04 3.026093e+04 2.926608e+04 2.808847e+04 2.652033e+04 2.456350e+04 2.235769e+04 2.009221e+04 1.165339e+04 8.147639e+03 6.767291e+03 6.186739e+03 5.937706e+03 5.842001e+03 5.862084e+03 6.053018e+03 6.423205e+03 7.035633e+03 7.969733e+03 9.306398e+03
4.922792e+04 4.922799e+04 4.922777e+04 4.917694e+04 4.885868e+04 4.382654e+04 3.854150e+04 3.339363e+04 3.209261e+04 3.120698e+04 3.006661e+04 2.914316e+04 2.799693e+04 2.644186e+04 2.449122e+04 2.229023e+04 2.003022e+04 1.162259e+04 8.134923e+03 6.762736e+03 6.185957e+03 5.938717e+03 5.843870e+03 5.864590e+03 6.055897e+03 6.426741e+03 7.040312e+03 7.976118e+03 9.315073e+03
4.023259e+04 4.023260e+04 4.023257e+04 4.022614e+04 4.018586e+04 3.888688e+04 3.601213e+04 3.251901e+04 3.151987e+04 3.081140e+04 2.985472e+04 2.901059e+04 2.789803e+04 2.635676e+04 2.441286e+04 2.221741e+04 1.996370e+04 1.159040e+04 8.121832e+03 6.758097e+03 6.185178e+03 5.939758e+03 5.845772e+03 5.867126e+03 6.058804e+03 6.430310e+03 7.045035e+03 7.982561e+03 9.323821e+03
3.565081e+04 3.565084e+04 3.565090e+04 3.565093e+04 3.564508e+04 3.503128e+04 3.418344e+04 3.160409e+04 3.090618e+04 3.038721e+04 2.962937e+04 2.886959e+04 2.779193e+04 2.626482e+04 2.432815e+04 2.213900e+04 1.989248e+04 1.155681e+04 8.108366e+03 6.753377e+03 6.184405e+03 5.940828e+03 5.847709e+03 5.869693e+03 6.061741e+03 6.433914e+03 7.049801e+03 7.989061e+03 9.332642e+03
3.307072e+04 3.307074e+04 3.307079e+04 3.307170e+04 3.307186e+04 3.277051e+04 3.243042e+04 3.085704e+04 3.031556e+04 2.995955e+04 2.939627e+04 2.872156e+04 2.767873e+04 2.616579e+04 2.423680e+04 2.205475e+04 1.981638e+04 1.152179e+04 8.094531e+03 6.748578e+03 6.183640e+03 5.941930e+03 5.849680e+03 5.872290e+03 6.064707e+03 6.437552e+03 7.054611e+03 7.995618e+03 9.341537e+03
3.142512e+04 3.142514e+04 3.142519e+04 3.142619e+04 3.142781e+04 3.130034e+04 3.101201e+04 3.036211e+04 2.987226e+04 2.957384e+04 2.916450e+04 2.856856e+04 2.755866e+04 2.605942e+04 2.413848e+04 2.196442e+04 1.973525e+04 1.148535e+04 8.080330e+03 6.743703e+03 6.182883e+03 5.943062e+03 5.851686e+03 5.874917e+03 6.067703e+03 6.441224e+03 7.059466e+03 8.002234e+03 9.350507e+03
3.032533e+04 3.032534e+04 3.032538e+04 3.032624e+04 3.032805e+04 3.027959e+04 3.003010e+04 2.993077e+04 2.959886e+04 2.930981e+04 2.894903e+04 2.841400e+04 2.743227e+04 2.594551e+04 2.403292e+04 2.186776e+04 1.964891e+04 1.144749e+04 8.065767e+03 6.738754e+03 6.182136e+03 5.944227e+03 5.853727e+03 5.877574e+03 6.070727e+03 6.444930e+03 7.064366e+03 8.008908e+03 9.359551e+03
2.956217e+04 2.956218e+04 2.956221e+04 2.956294e+04 2.956466e+04 2.955320e+04 2.937344e+04 2.950474e+04 2.938374e+04 2.916595e+04 2.877403e+04 2.826349e+04 2.730075e+04 2.582413e+04 2.391992e+04 2.176460e+04 1.955726e+04 1.140820e+04 8.050850e+03 6.733736e+03 6.181400e+03 5.945425e+03 5.855803e+03 5.880262e+03 6.073781e+03 6.448671e+03 7.069310e+03 8.015641e+03 9.368671e+03
2.901915e+04 2.901916e+04 2.901918e+04 2.901983e+04 2.902152e+04 2.903684e+04 2.893365e+04 2.911350e+04 2.917607e+04 2.907074e+04 2.867646e+04 2.812577e+04 2.716628e+04 2.569568e+04 2.379945e+04 2.165483e+04 1.946020e+04 1.136749e+04 8.035585e+03 6.728652e+03 6.180677e+03 5.946655e+03 5.857915e+03 5.882980e+03 6.076863e+03 6.452446e+03 7.074300e+03 8.022434e+03 9.377866e+03
2.866524e+04 2.866525e+04 2.866527e+04 2.866592e+04 2.866762e+04 2.869234e+04 2.864565e+04 2.879859e+04 2.897309e+04 2.898474e+04 2.864002e+04 2.801471e+04 2.703240e+04 2.556111e+04 2.367171e+04 2.153848e+04 1.935772e+04 1.132537e+04 8.019980e+03 6.723504e+03 6.179968e+03 5.947919e+03 5.860062e+03 5.885727e+03 6.079975e+03 6.456257e+03 7.079335e+03 8.029286e+03 9.387138e+03
2.845111e+04 2.845111e+04 2.845114e+04 2.845173e+04 2.845335e+04 2.847994e+04 2.846935e+04 2.857931e+04 2.879374e+04 2.889444e+04 2.862945e+04 2.794796e+04 2.690451e+04 2.542207e+04 2.353724e+04 2.141574e+04 1.924992e+04 1.128188e+04 8.004044e+03 6.718297e+03 6.179275e+03 5.949217e+03 5.862244e+03 5.888505e+03 6.083116e+03 6.460102e+03 7.084416e+03 8.036198e+03 9.396487e+03
2.849801e+04 2.849801e+04 2.849802e+04 2.849844e+04 2.849967e+04 2.852993e+04 2.858938e+04 2.858354e+04 2.855950e+04 2.855737e+04 2.838965e+04 2.769130e+04 2.644394e+04 2.477461e+04 2.281912e+04 2.072971e+04 1.864277e+04 1.104511e+04 7.919804e+03 6.691511e+03 6.176095e+03 5.956229e+03 5.873684e+03 5.902833e+03 6.099254e+03 6.479854e+03 7.110514e+03 8.071674e+03 9.444400e+03
2.962706e+04 2.962703e+04 2.962693e+04 2.962422e+04 2.961744e+04 2.949427e+04 2.927834e+04 2.873704e+04 2.842236e+04 2.811337e+04 2.753205e+04 2.679338e+04 2.564415e+04 2.404343e+04 2.211716e+04 2.004791e+04 1.800592e+04 1.078375e+04 7.829537e+03 6.663929e+03 6.173526e+03 5.964142e+03 5.885995e+03 5.917876e+03 6.116109e+03 6.500493e+03 7.137792e+03 8.108709e+03 9.494309e+03
2.739201e+04 2.739201e+04 2.739200e+04 2.739185e+04 2.739135e+04 2.737782e+04 2.733737e+04 2.710616e+04 2.690079e+04 2.664729e+04 2.604895e+04 2.531423e+04 2.430736e+04 2.292657e+04 2.121003e+04 1.930569e+04 1.738704e+04 1.051677e+04 7.736588e+03 6.636389e+03 6.171790e+03 5.972987e+03 5.899150e+03 5.933597e+03 6.133665e+03 6.522029e+03 7.166283e+03 8.147354e+03 9.546276e+03
2.512518e+04 2.512518e+04 2.512518e+04 2.512517e+04 2.512516e+04 2.512178e+04 2.510102e+04 2.498464e+04 2.487692e+04 2.472734e+04 2.429072e+04 2.365733e+04 2.277630e+04 2.159019e+04 2.010947e+04 1.843316e+04 1.670492e+04 1.027731e+04 7.646285e+03 6.610144e+03 6.171197e+03 5.982810e+03 5.913117e+03 5.949952e+03 6.151907e+03 6.544472e+03 7.196019e+03 8.187659e+03 9.600368e+03
2.314270e+04 2.314269e+04 2.314269e+04 2.314265e+04 2.314251e+04 2.313799e+04 2.312267e+04 2.305026e+04 2.298688e+04 2.289624e+04 2.259451e+04 2.208144e+04 2.131518e+04 2.027330e+04 1.897704e+04 1.750530e+04 1.597247e+04 1.007037e+04 7.566622e+03 6.587031e+03 6.172216e+03 5.993695e+03 5.927868e+03 5.966892e+03 6.170815e+03 6.567831e+03 7.227032e+03 8.229674e+03 9.656650e+03
2.140865e+04 2.140865e+04 2.140865e+04 2.140865e+04 2.140866e+04 2.140827e+04 2.140465e+04 2.137688e+04 2.134640e+04 2.129639e+04 2.109497e+04 2.068923e+04 2.002701e+04 1.909781e+04 1.793642e+04 1.662042e+04 1.524983e+04 9.877383e+03 7.508978e+03 6.569677e+03 6.175550e+03 6.005804e+03 5.943403e+03 5.984371e+03 6.190367e+03 6.592116e+03 7.259356e+03 8.273454e+03 9.715191e+03
2.003868e+04 2.003868e+04 2.003868e+04 2.003869e+04 2.003871e+04 2.003862e+04 2.003713e+04 2.002548e+04 2.001032e+04 1.998124e+04 1.983958e+04 1.951159e+04 1.893464e+04 1.809648e+04 1.703709e+04 1.583635e+04 1.458933e+04 9.691337e+03 7.470676e+03 6.561946e+03 6.182224e+03 6.019417e+03 5.959767e+03 6.002352e+03 6.210548e+03 6.617338e+03 7.293027e+03 8.319052e+03 9.776059e+03
1.896354e+04 1.896354e+04 1.896354e+04 1.896355e+04 1.896358e+04 1.896411e+04 1.896404e+04 1.895676e+04 1.894651e+04 1.892576e+04 1.881488e+04 1.853759e+04 1.802573e+04 1.726131e+04 1.628282e+04 1.517018e+04 1.401654e+04 9.513321e+03 7.444092e+03 6.568635e+03 6.193708e+03 6.034976e+03 5.977075e+03 6.020813e+03 6.231346e+03 6.643512e+03 7.328083e+03 8.366526e+03 9.839327e+03
1.809532e+04 1.809532e+04 1.809532e+04 1.809533e+04 1.809533e+04 1.809536e+04 1.809477e+04 1.808962e+04 1.808286e+04 1.806779e+04 1.797743e+04 1.773604e+04 1.727453e+04 1.657052e+04 1.565867e+04 1.461665e+04 1.353577e+04 9.348681e+03 7.424455e+03 6.586395e+03 6.212335e+03 6.053136e+03 5.995536e+03 6.039757e+03 6.252758e+03 6.670657e+03 7.364565e+03 8.415934e+03 9.905068e+03
1.737164e+04 1.737164e+04 1.737164e+04 1.737165e+04 1.737168e+04 1.737247e+04 1.737428e+04 1.737699e+04 1.737526e+04 1.736620e+04 1.729283e+04 1.707871e+04 1.665657e+04 1.600200e+04 1.514586e+04 1.416238e+04 1.314033e+04 9.203205e+03 7.409056e+03 6.611158e+03 6.240161e+03 6.074868e+03 6.015482e+03 6.059223e+03 6.274794e+03 6.698799e+03 7.402519e+03 8.467341e+03 9.973359e+03
1.680239e+04 1.680239e+04 1.680239e+04 1.680240e+04 1.680243e+04 1.680317e+04 1.680479e+04 1.680920e+04 1.680970e+04 1.680382e+04 1.674078e+04 1.654517e+04 1.615223e+04 1.553697e+04 1.472703e+04 1.379272e+04 1.281962e+04 9.080841e+03 7.396923e+03 6.639869e+03 6.274399e+03 6.101830e+03 6.037407e+03 6.079293e+03 6.297483e+03 6.727972e+03 7.441995e+03 8.520811e+03 1.004428e+04
1.635524e+04 1.635524e+04 1.635524e+04 1.635526e+04 1.635529e+04 1.635641e+04 1.635913e+04 1.636450e+04 1.636499e+04 1.635944e+04 1.630012e+04 1.611544e+04 1.574329e+04 1.515876e+04 1.438691e+04 1.349414e+04 1.256245e+04 8.983088e+03 7.388237e+03 6.670231e+03 6.312560e+03 6.134712e+03 6.062054e+03 6.100102e+03 6.320874e+03 6.758222e+03 7.483050e+03 8.576416e+03 1.011791e+04
1.600977e+04 1.600977e+04 1.600977e+04 1.600978e+04 1.600980e+04 1.601003e+04 1.600984e+04 1.600950e+04 1.600839e+04 1.600216e+04 1.594474e+04 1.576799e+04 1.541191e+04 1.485219e+04 1.411213e+04 1.325475e+04 1.235856e+04 8.909353e+03 7.383677e+03 6.700681e+03 6.352631e+03 6.171440e+03 6.090710e+03 6.121852e+03 6.345041e+03 6.789605e+03 7.525749e+03 8.634232e+03 1.019435e+04
1.570012e+04 1.570012e+04 1.570012e+04 1.570013e+04 1.570016e+04 1.570100e+04 1.570326e+04 1.570943e+04 1.571104e+04 1.570719e+04 1.565479e+04 1.548607e+04 1.514379e+04 1.460489e+04 1.389173e+04 1.306465e+04 1.219904e+04 8.857612e+03 7.383904e+03 6.730321e+03 6.392962e+03 6.210395e+03 6.123360e+03 6.144822e+03 6.370090e+03 6.822196e+03 7.570165e+03 8.694340e+03 1.027367e+04
1.547255e+04 1.547255e+04 1.547255e+04 1.547255e+04 1.547255e+04 1.547256e+04 1.547295e+04 1.547584e+04 1.547682e+04 1.547306e+04 1.542305e+04 1.526037e+04 1.492927e+04 1.440759e+04 1.371702e+04 1.291573e+04 1.207636e+04 8.825028e+03 7.389255e+03 6.758764e+03 6.432281e+03 6.250231e+03 6.158533e+03 6.169407e+03 6.396162e+03 6.856084e+03 7.616383e+03 8.756829e+03 1.035598e+04
1.528159e+04 1.528159e+04 1.528159e+04 1.528160e+04 1.528162e+04 1.528235e+04 1.528427e+04 1.528995e+04 1.529193e+04 1.528905e+04 1.524123e+04 1.508302e+04 1.476054e+04 1.425267e+04 1.358072e+04 1.280110e+04 1.198404e+04 8.808394e+03 7.399640e+03 6.785949e+03 6.469690e+03 6.289814e+03 6.195147e+03 6.196194e+03 6.423435e+03 6.891379e+03 7.664497e+03 8.821797e+03 1.044137e+04
1.514446e+04 1.514446e+04 1.514446e+04 1.514446e+04 1.514448e+04 1.514511e+04 1.514685e+04 1.515187e+04 1.515340e+04 1.515011e+04 1.510227e+04 1.494637e+04 1.463001e+04 1.413292e+04 1.347612e+04 1.271450e+04 1.191628e+04 8.804427e+03 7.414566e+03 6.811979e+03 6.504639e+03 6.328231e+03 6.232298e+03 6.225998e+03 6.452140e+03 6.928214e+03 7.714615e+03 8.889346e+03 1.052997e+04
1.504870e+04 1.504870e+04 1.504870e+04 1.504870e+04 1.504870e+04 1.504864e+04 1.504865e+04 1.504974e+04 1.504969e+04 1.504518e+04 1.499620e+04 1.484150e+04 1.452966e+04 1.404112e+04 1.339668e+04 1.265004e+04 1.186768e+04 8.809944e+03 7.433237e+03 6.836994e+03 6.536867e+03 6.364793e+03 6.269220e+03 6.258304e+03 6.482565e+03 6.966747e+03 7.766862e+03 8.959591e+03 1.062187e+04
1.495784e+04 1.495784e+04 1.495784e+04 1.495784e+04 1.495786e+04 1.495835e+04 1.495972e+04 1.496384e+04 1.496489e+04 1.496116e+04 1.491319e+04 1.476009e+04 1.445204e+04 1.397048e+04 1.333625e+04 1.260215e+04 1.183323e+04 8.821972e+03 7.454661e+03 6.861092e+03 6.566332e+03 6.399038e+03 6.305285e+03 6.292430e+03 6.515092e+03 7.007162e+03 7.821374e+03 9.032657e+03 1.071720e+04
1.489705e+04 1.489705e+04 1.489705e+04 1.489705e+04 1.489707e+04 1.489756e+04 1.489891e+04 1.490260e+04 1.490312e+04 1.489872e+04 1.484959e+04 1.469656e+04 1.439094e+04 1.391488e+04 1.328913e+04 1.256568e+04 1.180830e+04 8.837810e+03 7.477761e+03 6.884303e+03 6.593140e+03 6.430710e+03 6.340008e+03 6.327885e+03 6.550294e+03 7.049678e+03 7.878309e+03 9.108680e+03 1.081609e+04
1.486161e+04 1.486161e+04 1.486161e+04 1.486161e+04 1.486159e+04 1.486115e+04 1.486011e+04 1.485813e+04 1.485615e+04 1.484963e+04 1.479753e+04 1.464360e+04 1.433966e+04 1.386822e+04 1.324986e+04 1.253577e+04 1.178863e+04 8.855074e+03 7.501467e+03 6.906585e+03 6.617487e+03 6.459729e+03 6.373052e+03 6.364261e+03 6.588559e+03 7.094553e+03 7.937841e+03 9.187808e+03 1.091868e+04
1.480467e+04 1.480467e+04 1.480467e+04 1.480467e+04 1.480467e+04 1.480482e+04 1.480519e+04 1.480577e+04 1.480451e+04 1.479839e+04 1.474663e+04 1.459343e+04 1.429180e+04 1.382494e+04 1.321351e+04 1.250810e+04 1.177042e+04 8.871718e+03 7.524781e+03 6.927836e+03 6.639612e+03 6.486163e+03 6.404222e+03 6.401219e+03 6.629441e+03 7.142097e+03 8.000169e+03 9.270203e+03 1.102512e+04
1.475108e+04 1.475108e+04 1.475108e+04 1.475108e+04 1.475109e+04 1.475128e+04 1.475182e+04 1.475325e+04 1.475245e+04 1.474663e+04 1.469514e+04 1.454261e+04 1.424316e+04 1.378071e+04 1.317596e+04 1.247891e+04 1.175036e+04 8.886050e+03 7.546828e+03 6.947925e+03 6.659764e+03 6.510182e+03 6.433448e+03 6.438483e+03 6.672642e+03 7.192709e+03 8.065515e+03 9.356042e+03 1.113555e+04
1.470687e+04 1.470687e+04 1.470687e+04 1.470687e+04 1.470688e+04 1.470706e+04 1.470724e+04 1.470606e+04 1.470344e+04 1.469581e+04 1.464144e+04 1.448785e+04 1.418983e+04 1.373159e+04 1.313355e+04 1.244498e+04 1.172568e+04 8.896736e+03 7.566887e+03 6.966713e+03 6.678187e+03 6.532034e+03 6.460776e+03 6.475844e+03 6.717946e+03 7.246957e+03 8.134131e+03 9.445518e+03 1.125017e+04
1.465334e+04 1.465334e+04 1.465334e+04 1.465334e+04 1.465331e+04 1.465272e+04 1.465116e+04 1.464613e+04 1.464180e+04 1.463269e+04 1.457630e+04 1.442253e+04 1.412678e+04 1.367355e+04 1.308298e+04 1.240355e+04 1.169410e+04 8.902797e+03 7.584405e+03 6.984080e+03 6.695111e+03 6.552013e+03 6.486345e+03 6.513158e+03 6.765184e+03 7.304901e+03 8.206306e+03 9.538843e+03 1.136913e+04
1.456131e+04 1.456131e+04 1.456131e+04 1.456131e+04 1.456131e+04 1.456128e+04 1.456108e+04 1.455944e+04 1.455651e+04 1.454848e+04 1.449381e+04 1.434229e+04 1.405057e+04 1.360378e+04 1.302191e+04 1.235272e+04 1.165405e+04 8.903594e+03 7.599000e+03 6.999933e+03 6.710753e+03 6.570437e+03 6.510363e+03 6.550348e+03 6.814228e+03 7.366300e+03 8.282380e+03 9.636249e+03 1.149265e+04
1.446432e+04 1.446432e+04 1.446432e+04 1.446432e+04 1.446432e+04 1.446425e+04 1.446398e+04 1.446218e+04 1.445919e+04 1.445119e+04 1.439714e+04 1.424781e+04 1.396073e+04 1.352134e+04 1.294932e+04 1.229152e+04 1.160471e+04 8.898807e+03 7.610454e+03 7.014230e+03 6.725315e+03 6.587631e+03 6.533097e+03 6.587403e+03 6.864980e+03 7.431035e+03 8.362794e+03 9.737991e+03 1.162092e+04
1.436090e+04 1.436090e+04 1.436090e+04 1.436090e+04 1.436088e+04 1.436049e+04 1.435929e+04 1.435487e+04 1.435061e+04 1.434156e+04 1.428671e+04 1.413918e+04 1.385710e+04 1.342600e+04 1.286494e+04 1.221970e+04 1.154586e+04 8.888401e+03 7.618699e+03 7.026973e+03 6.738991e+03 6.603921e+03 6.554845e+03 6.624371e+03 6.917379e+03 7.499037e+03 8.448046e+03 9.844356e+03 1.175417e+04
1.423171e+04 1.423171e+04 1.423171e+04 1.423171e+04 1.423170e+04 1.423136e+04 1.423029e+04 1.422603e+04 1.422182e+04 1.421293e+04 1.415927e+04 1.401510e+04 1.373942e+04 1.331791e+04 1.276908e+04 1.213762e+04 1.147785e+04 8.872579e+03 7.623800e+03 7.038221e+03 6.751972e+03 6.619622e+03 6.575930e+03 6.661358e+03 6.971397e+03 7.570266e+03 8.538035e+03 9.955665e+03 1.189265e+04
1.408051e+04 1.408051e+04 1.408051e+04 1.408051e+04 1.408051e+04 1.408039e+04 1.407997e+04 1.407771e+04 1.407466e+04 1.406700e+04 1.401646e+04 1.387721e+04 1.360920e+04 1.319842e+04 1.266291e+04 1.204624e+04 1.140150e+04 8.851733e+03 7.625934e+03 7.048081e+03 6.764451e+03 6.635039e+03 6.596684e+03 6.698515e+03 7.027040e+03 7.644705e+03 8.632675e+03 1.007230e+04 1.203662e+04
1.392399e+04 1.392399e+04 1.392399e+04 1.392399e+04 1.392399e+04 1.392389e+04 1.392359e+04 1.392205e+04 1.391960e+04 1.391271e+04 1.386461e+04 1.372995e+04 1.346963e+04 1.306992e+04 1.254824e+04 1.194701e+04 1.131797e+04 8.826399e+03 7.625364e+03 7.056707e+03 6.776622e+03 6.650463e+03 6.617443e+03 6.736040e+03 7.084351e+03 7.722356e+03 8.731952e+03 1.019478e+04 1.218637e+04
1.376701e+04 1.376701e+04 1.376701e+04 1.376701e+04 1.376701e+04 1.376697e+04 1.376674e+04 1.376495e+04 1.376222e+04 1.375514e+04 1.370775e+04 1.357650e+04 1.332328e+04 1.293448e+04 1.242682e+04 1.184141e+04 1.122852e+04 8.797199e+03 7.622421e+03 7.064291e+03 6.788687e+03 6.666176e+03 6.638537e+03 6.774161e+03 7.143404e+03 7.803242e+03 8.835878e+03 1.032340e+04 1.234222e+04
1.360855e+04 1.360855e+04 1.360855e+04 1.360855e+04 1.360853e+04 1.360816e+04 1.360702e+04 1.360310e+04 1.359952e+04 1.359189e+04 1.354487e+04 1.341699e+04 1.317098e+04 1.279333e+04 1.230000e+04 1.173073e+04 1.113436e+04 8.764812e+03 7.617486e+03 7.071061e+03 6.800857e+03 6.682448e+03 6.660290e+03 6.813137e+03 7.204307e+03 7.887408e+03 8.944490e+03 1.045808e+04 1.250453e+04
1.343133e+04 1.343133e+04 1.343133e+04 1.343133e+04 1.343133e+04 1.343119e+04 1.343071e+04 1.342841e+04 1.342561e+04 1.341882e+04 1.337434e+04 1.325131e+04 1.301351e+04 1.264767e+04 1.216911e+04 1.161633e+04 1.103674e+04 8.729937e+03 7.610969e+03 7.077274e+03 6.813350e+03 6.699540e+03 6.683017e+03 6.853244e+03 7.267198e+03 7.974916e+03 9.057837e+03 1.059882e+04 1.267372e+04
1.324966e+04 1.324966e+04 1.324966e+04 1.324966e+04 1.324966e+04 1.324963e+04 1.324949e+04 1.324855e+04 1.324671e+04 1.324109e+04 1.319989e+04 1.308238e+04 1.285326e+04 1.249951e+04 1.203589e+04 1.149969e+04 1.093695e+04 8.693275e+03 7.603299e+03 7.083206e+03 6.826391e+03 6.717708e+03 6.707023e+03 6.894777e+03 7.332245e+03 8.065851e+03 9.175983e+03 1.074567e+04 1.285037e+04
1.307284e+04 1.307284e+04 1.307284e+04 1.307284e+04 1.307284e+04 1.307285e+04 1.307283e+04 1.307243e+04 1.307104e+04 1.306606e+04 1.302721e+04 1.291445e+04 1.269342e+04 1.235133e+04 1.190230e+04 1.138242e+04 1.083632e+04 8.655502e+03 7.594912e+03 7.089149e+03 6.840218e+03 6.737203e+03 6.732603e+03 6.938037e+03 7.399639e+03 8.160315e+03 9.299005e+03 1.089868e+04 1.303458e+04
1.290396e+04 1.290396e+04 1.290396e+04 1.290396e+04 1.290396e+04 1.290394e+04 1.290386e+04 1.290330e+04 1.290185e+04 1.289691e+04 1.285916e+04 1.275002e+04 1.253613e+04 1.220491e+04 1.176987e+04 1.126581e+04 1.073599e+04 8.617257e+03 7.586239e+03 7.095410e+03 6.855072e+03 6.758273e+03 6.760043e+03 6.983334e+03 7.469596e+03 8.258435e+03 9.426992e+03 1.105794e+04 1.322630e+04
1.274140e+04 1.274140e+04 1.274140e+04 1.274140e+04 1.274140e+04 1.274130e+04 1.274097e+04 1.273953e+04 1.273762e+04 1.273238e+04 1.269514e+04 1.258911e+04 1.238186e+04 1.206103e+04 1.163947e+04 1.115077e+04 1.063680e+04 8.579124e+03 7.577704e+03 7.102299e+03 6.871204e+03 6.781165e+03 6.789620e+03 7.030980e+03 7.542351e+03 8.360353e+03 9.560047e+03 1.122355e+04 1.342561e+04
1.257781e+04 1.257781e+04 1.257781e+04 1.257781e+04 1.257781e+04 1.257765e+04 1.257722e+04 1.257578e+04 1.257398e+04 1.256899e+04 1.253319e+04 1.243083e+04 1.223047e+04 1.191996e+04 1.151163e+04 1.103792e+04 1.053942e+04 8.541634e+03 7.569718e+03 7.110133e+03 6.888871e+03 6.806124e+03 6.821606e+03 7.081286e+03 7.618156e+03 8.466235e+03 9.698285e+03 1.139561e+04 1.363258e+04
1.241268e+04 1.241268e+04 1.241268e+04 1.241268e+04 1.241268e+04 1.241272e+04 1.241280e+04 1.241273e+04 1.241164e+04 1.240743e+04 1.237388e+04 1.227575e+04 1.208249e+04 1.178227e+04 1.138692e+04 1.092786e+04 1.044444e+04 8.505269e+03 7.562677e+03 7.119230e+03 6.908334e+03 6.833398e+03 6.856268e+03 7.134561e+03 7.697276e+03 8.576261e+03 9.841837e+03 1.157422e+04 1.384730e+04
1.225695e+04 1.225695e+04 1.225695e+04 1.225695e+04 1.225695e+04 1.225693e+04 1.225688e+04 1.225662e+04 1.225564e+04 1.225175e+04 1.221991e+04 1.212568e+04 1.193923e+04 1.164892e+04 1.126611e+04 1.082121e+04 1.035241e+04 8.470467e+03 7.556962e+03 7.129912e+03 6.929862e+03 6.863235e+03 6.893867e+03 7.191114e+03 7.779991e+03 8.690633e+03 9.990844e+03 1.175952e+04 1.406990e+04
1.210722e+04 1.210722e+04 1.210722e+04 1.210722e+04 1.210722e+04 1.210725e+04 1.210732e+04 1.210737e+04 1.210662e+04 1.210308e+04 1.207276e+04 1.198202e+04 1.180185e+04 1.152083e+04 1.114992e+04 1.071858e+04 1.026386e+04 8.437629e+03 7.552943e+03 7.142495e+03 6.953724e+03 6.895883e+03 6.934662e+03 7.251249e+03 7.866586e+03 8.809565e+03 1.014546e+04 1.195162e+04 1.430048e+04
1.196536e+04 1.196536e+04 1.196536e+04 1.196536e+04 1.196536e+04 1.196541e+04 1.196557e+04 1.196608e+04 1.196562e+04 1.196243e+04 1.193339e+04 1.184561e+04 1.167100e+04 1.139853e+04 1.103880e+04 1.062036e+04 1.017914e+04 8.407115e+03 7.550973e+03 7.157297e+03 6.980196e+03 6.931597e+03 6.978912e+03 7.315267e+03 7.957357e+03 8.933290e+03 1.030586e+04 1.215067e+04 1.453919e+04
1.183412e+04 1.183412e+04 1.183412e+04 1.183412e+04 1.183412e+04 1.183422e+04 1.183446e+04 1.183489e+04 1.183424e+04 1.183088e+04 1.180212e+04 1.171641e+04 1.154660e+04 1.128200e+04 1.093281e+04 1.052669e+04 1.009848e+04 8.379258e+03 7.551396e+03 7.174633e+03 7.009554e+03 6.970630e+03 7.026872e+03 7.383466e+03 8.052604e+03 9.062052e+03 1.047223e+04 1.235681e+04 1.478614e+04
1.171297e+04 1.171297e+04 1.171297e+04 1.171297e+04 1.171296e+04 1.171283e+04 1.171241e+04 1.171109e+04 1.170965e+04 1.170568e+04 1.167666e+04 1.159277e+04 1.142758e+04 1.117060e+04 1.083165e+04 1.043750e+04 1.002193e+04 8.354364e+03 7.554546e+03 7.194817e+03 7.042077e+03 7.013238e+03 7.078800e+03 7.456140e+03 8.152631e+03 9.196109e+03 1.064476e+04 1.257020e+04 1.504148e+04
1.158692e+04 1.158692e+04 1.158692e+04 1.158692e+04 1.158692e+04 1.158693e+04 1.158688e+04 1.158638e+04 1.158529e+04 1.158169e+04 1.155391e+04 1.147283e+04 1.131285e+04 1.106375e+04 1.073506e+04 1.035273e+04 9.949563e+03 8.332734e+03 7.560749e+03 7.218157e+03 7.078047e+03 7.059683e+03 7.134952e+03 7.533581e+03 8.257748e+03 9.335731e+03 1.082366e+04 1.279101e+04 1.530535e+04
1.146338e+04 1.146338e+04 1.146338e+04 1.146338e+04 1.146338e+04 1.146343e+04 1.146355e+04 1.146385e+04 1.146332e+04 1.146038e+04 1.143457e+04 1.135696e+04 1.120265e+04 1.096167e+04 1.064324e+04 1.027258e+04 9.881611e+03 8.314668e+03 7.570326e+03 7.244963e+03 7.117743e+03 7.110224e+03 7.195588e+03 7.616081e+03 8.368264e+03 9.481196e+03 1.100916e+04 1.301942e+04 1.557791e+04
1.134785e+04 1.134785e+04 1.134785e+04 1.134785e+04 1.134785e+04 1.134788e+04 1.134799e+04 1.134839e+04 1.134808e+04 1.134556e+04 1.132142e+04 1.124716e+04 1.109837e+04 1.086529e+04 1.055683e+04 1.019753e+04 9.818448e+03 8.300474e+03 7.583592e+03 7.275536e+03 7.161450e+03 7.165128e+03 7.260968e+03 7.703929e+03 8.484492e+03 9.632792e+03 1.120148e+04 1.325560e+04 1.585931e+04
1.123951e+04 1.123951e+04 1.123951e+04 1.123951e+04 1.123951e+04 1.123965e+04 1.124000e+04 1.124114e+04 1.124127e+04 1.123924e+04 1.121662e+04 1.114526e+04 1.100143e+04 1.077563e+04 1.047656e+04 1.012811e+04 9.760494e+03 8.290458e+03 7.600856e+03 7.310177e+03 7.209448e+03 7.224659e+03 7.331354e+03 7.797413e+03 8.606748e+03 9.790817e+03 1.140088e+04 1.349976e+04 1.614972e+04
1.114365e+04 1.114365e+04 1.114365e+04 1.114365e+04 1.114365e+04 1.114380e+04 1.114421e+04 1.114548e+04 1.114566e+04 1.114372e+04 1.112174e+04 1.105236e+04 1.091258e+04 1.069325e+04 1.040287e+04 1.006469e+04 9.708074e+03 8.284918e+03 7.622418e+03 7.349181e+03 7.262019e+03 7.289089e+03 7.407013e+03 7.896823e+03 8.735345e+03 9.955571e+03 1.160761e+04 1.375211e+04 1.644932e+04
1.106072e+04 1.106072e+04 1.106072e+04 1.106072e+04 1.106072e+04 1.106074e+04 1.106081e+04 1.106108e+04 1.106074e+04 1.105835e+04 1.103605e+04 1.096783e+04 1.083142e+04 1.061794e+04 1.033571e+04 1.000734e+04 9.661347e+03 8.284135e+03 7.648572e+03 7.392841e+03 7.319446e+03 7.358687e+03 7.488213e+03 8.002450e+03 8.870602e+03 1.012737e+04 1.182193e+04 1.401285e+04 1.675827e+04
1.098245e+04 1.098245e+04 1.098245e+04 1.098245e+04 1.098245e+04 1.098244e+04 1.098241e+04 1.098223e+04 1.098157e+04 1.097889e+04 1.095653e+04 1.088967e+04 1.075667e+04 1.054898e+04 1.027475e+04 9.955967e+03 9.620372e+03 8.288374e+03 7.679603e+03 7.441441e+03 7.382009e+03 7.433730e+03 7.575228e+03 8.114586e+03 9.012837e+03 1.030652e+04 1.204413e+04 1.428222e+04 1.707677e+04
1.090563e+04 1.090563e+04 1.090563e+04 1.090563e+04 1.090563e+04 1.090560e+04 1.090551e+04 1.090534e+04 1.090482e+04 1.090240e+04 1.088109e+04 1.081647e+04 1.068750e+04 1.048593e+04 1.021979e+04 9.910561e+03 9.585241e+03 8.297889e+03 7.715789e+03 7.495266e+03 7.449991e+03 7.514495e+03 7.668334e+03 8.233527e+03 9.162371e+03 1.049334e+04 1.227449e+04 1.456046e+04 1.740502e+04
1.082939e+04 1.082939e+04 1.082939e+04 1.082939e+04 1.082940e+04 1.082957e+04 1.083004e+04 1.083145e+04 1.083176e+04 1.083019e+04 1.081082e+04 1.074903e+04 1.062443e+04 1.042914e+04 1.017110e+04 9.871338e+03 9.556160e+03 8.312929e+03 7.757400e+03 7.554594e+03 7.523673e+03 7.601264e+03 7.767815e+03 8.359570e+03 9.319526e+03 1.068816e+04 1.251329e+04 1.484779e+04 1.774320e+04
1.076599e+04 1.076599e+04 1.076599e+04 1.076599e+04 1.076599e+04 1.076616e+04 1.076663e+04 1.076819e+04 1.076866e+04 1.076734e+04 1.074899e+04 1.068941e+04 1.056874e+04 1.037939e+04 1.012919e+04 9.838658e+03 9.533417e+03 8.333742e+03 7.804701e+03 7.619703e+03 7.603339e+03 7.694322e+03 7.873958e+03 8.493019e+03 9.484625e+03 1.089131e+04 1.276085e+04 1.514449e+04 1.809154e+04
1.071549e+04 1.071549e+04 1.071549e+04 1.071549e+04 1.071549e+04 1.071554e+04 1.071570e+04 1.071637e+04 1.071642e+04 1.071478e+04 1.069645e+04 1.063830e+04 1.052099e+04 1.033714e+04 1.009442e+04 9.812822e+03 9.517277e+03 8.360575e+03 7.857955e+03 7.690868e+03 7.689275e+03 7.793961e+03 7.987057e+03 8.634179e+03 9.657997e+03 1.110311e+04 1.301746e+04 1.545080e+04 1.845024e+04
1.067025e+04 1.067025e+04 1.067025e+04 1.067025e+04 1.067025e+04 1.067031e+04 1.067048e+04 1.067110e+04 1.067109e+04 1.066942e+04 1.065145e+04 1.059485e+04 1.048086e+04 1.030237e+04 1.006692e+04 9.794034e+03 9.507975e+03 8.393678e+03 7.917420e+03 7.768364e+03 7.781769e+03 7.900476e+03 8.107412e+03 8.783363e+03 9.839969e+03 1.132391e+04 1.328345e+04 1.576701e+04 1.881953e+04
1.063017e+04 1.063017e+04 1.063017e+04 1.063017e+04 1.063018e+04 1.063024e+04 1.063044e+04 1.063127e+04 1.063147e+04 1.063011e+04 1.061320e+04 1.055867e+04 1.044826e+04 1.027516e+04 1.004688e+04 9.782532e+03 9.505768e+03 8.433305e+03 7.983356e+03 7.852469e+03 7.881115e+03 8.014171e+03 8.235332e+03 8.940889e+03 1.003087e+04 1.155403e+04 1.355912e+04 1.609339e+04 1.919964e+04
1.059587e+04 1.059587e+04 1.059587e+04 1.059588e+04 1.059588e+04 1.059608e+04 1.059660e+04 1.059843e+04 1.059921e+04 1.059846e+04 1.058303e+04 1.053074e+04 1.042389e+04 1.025605e+04 1.003472e+04 9.778674e+03 9.510977e+03 8.479716e+03 8.056024e+03 7.943464e+03 7.987611e+03 8.135357e+03 8.371134e+03 9.107080e+03 1.023105e+04 1.179383e+04 1.384480e+04 1.643022e+04 1.959081e+04
1.057465e+04 1.057465e+04 1.057465e+04 1.057465e+04 1.057465e+04 1.057486e+04 1.057550e+04 1.057770e+04 1.057865e+04 1.057809e+04 1.056329e+04 1.051253e+04 1.040870e+04 1.024567e+04 1.003092e+04 9.782847e+03 9.523941e+03 8.533172e+03 8.135688e+03 8.041633e+03 8.101566e+03 8.264353e+03 8.515143e+03 9.282268e+03 1.044083e+04 1.204363e+04 1.414082e+04 1.677780e+04 1.999329e+04
1.056932e+04 1.056932e+04 1.056932e+04 1.056932e+04 1.056932e+04 1.056933e+04 1.056944e+04 1.057016e+04 1.057040e+04 1.056924e+04 1.055398e+04 1.050408e+04 1.040281e+04 1.024423e+04 1.003574e+04 9.795349e+03 9.544963e+03 8.593933e+03 8.222612e+03 8.147268e+03 8.223292e+03 8.401488e+03 8.667693e+03 9.466789e+03 1.066056e+04 1.230380e+04 1.444751e+04 1.713642e+04 2.040733e+04
1.056745e+04 1.056745e+04 1.056745e+04 1.056745e+04 1.056745e+04 1.056746e+04 1.056750e+04 1.056802e+04 1.056824e+04 1.056716e+04 1.055251e+04 1.050419e+04 1.040581e+04 1.025174e+04 1.004938e+04 9.816437e+03 9.574318e+03 8.662254e+03 8.317067e+03 8.260669e+03 8.353116e+03 8.547102e+03 8.829130e+03 9.660987e+03 1.089059e+04 1.257467e+04 1.476521e+04 1.750638e+04 2.083318e+04
1.056672e+04 1.056672e+04 1.056672e+04 1.056672e+04 1.056673e+04 1.056702e+04 1.056784e+04 1.057056e+04 1.057192e+04 1.057193e+04 1.055938e+04 1.051342e+04 1.041825e+04 1.026867e+04 1.007222e+04 9.846445e+03 9.612300e+03 8.738375e+03 8.419328e+03 8.382147e+03 8.491374e+03 8.701546e+03 8.999809e+03 9.865214e+03 1.113126e+04 1.285659e+04 1.509426e+04 1.788801e+04 2.127112e+04
1.058424e+04 1.058424e+04 1.058424e+04 1.058425e+04 1.058426e+04 1.058454e+04 1.058541e+04 1.058850e+04 1.059013e+04 1.059047e+04 1.057877e+04 1.053424e+04 1.044154e+04 1.029582e+04 1.010478e+04 9.885712e+03 9.659164e+03 8.822526e+03 8.529674e+03 8.512022e+03 8.638415e+03 8.865184e+03 9.180098e+03 1.007983e+04 1.138293e+04 1.314991e+04 1.543499e+04 1.828160e+04 2.172142e+04
1.062183e+04 1.062183e+04 1.062183e+04 1.062183e+04 1.062184e+04 1.062193e+04 1.062225e+04 1.062379e+04 1.062464e+04 1.062428e+04 1.061169e+04 1.056725e+04 1.047601e+04 1.033340e+04 1.014715e+04 9.934329e+03 9.715011e+03 8.914921e+03 8.648395e+03 8.650629e+03 8.794604e+03 9.038393e+03 9.370374e+03 1.030520e+04 1.164595e+04 1.345500e+04 1.578775e+04 1.868748e+04 2.218434e+04
1.066657e+04 1.066657e+04 1.066657e+04 1.066657e+04 1.066658e+04 1.066667e+04 1.066695e+04 1.066810e+04 1.066859e+04 1.066784e+04 1.065463e+04 1.061028e+04 1.052036e+04 1.038064e+04 1.019893e+04 9.992092e+03 9.779771e+03 9.015770e+03 8.775792e+03 8.798320e+03 8.960319e+03 9.221564e+03 9.571027e+03 1.054169e+04 1.192069e+04 1.377220e+04 1.615289e+04 1.910598e+04 2.266019e+04
1.071586e+04 1.071586e+04 1.071586e+04 1.071586e+04 1.071586e+04 1.071598e+04 1.071634e+04 1.071768e+04 1.071827e+04 1.071762e+04 1.070476e+04 1.066131e+04 1.057325e+04 1.043671e+04 1.025964e+04 1.005876e+04 9.853360e+03 9.125297e+03 8.912183e+03 8.955463e+03 9.135958e+03 9.415102e+03 9.782458e+03 1.078969e+04 1.220750e+04 1.410186e+04 1.653075e+04 1.953741e+04 2.314924e+04
1.077116e+04 1.077116e+04 1.077116e+04 1.077116e+04 1.077116e+04 1.077128e+04 1.077165e+04 1.077324e+04 1.077412e+04 1.077386e+04 1.076210e+04 1.072025e+04 1.063459e+04 1.050154e+04 1.032924e+04 1.013434e+04 9.935844e+03 9.243755e+03 9.057907e+03 9.122448e+03 9.321935e+03 9.619426e+03 1.000508e+04 1.104958e+04 1.250676e+04 1.444436e+04 1.692169e+04 1.998210e+04 2.365179e+04
1.083328e+04 1.083328e+04 1.083328e+04 1.083328e+04 1.083329e+04 1.083356e+04 1.083435e+04 1.083715e+04 1.083870e+04 1.083914e+04 1.082883e+04 1.078873e+04 1.070545e+04 1.057582e+04 1.040818e+04 1.021917e+04 1.002749e+04 9.371440e+03 9.213329e+03 9.299687e+03 9.518684e+03 9.834972e+03 1.023931e+04 1.132175e+04 1.281882e+04 1.480003e+04 1.732604e+04 2.044040e+04 2.416813e+04
1.091123e+04 1.091123e+04 1.091123e+04 1.091123e+04 1.091124e+04 1.091151e+04 1.091235e+04 1.091546e+04 1.091720e+04 1.091781e+04 1.090795e+04 1.086872e+04 1.078715e+04 1.066041e+04 1.049706e+04 1.031367e+04 1.012866e+04 9.508686e+03 9.378842e+03 9.487618e+03 9.726658e+03 1.006219e+04 1.048560e+04 1.160660e+04 1.314407e+04 1.516925e+04 1.774417e+04 2.091262e+04 2.469858e+04
1.100713e+04 1.100713e+04 1.100713e+04 1.100714e+04 1.100714e+04 1.100724e+04 1.100764e+04 1.100944e+04 1.101048e+04 1.101046e+04 1.099973e+04 1.096044e+04 1.087990e+04 1.075559e+04 1.059620e+04 1.041821e+04 1.023973e+04 9.655865e+03 9.554873e+03 9.686707e+03 9.946332e+03 1.030154e+04 1.074437e+04 1.190452e+04 1.348286e+04 1.555237e+04 1.817642e+04 2.139911e+04 2.524342e+04
1.111018e+04 1.111018e+04 1.111018e+04 1.111018e+04 1.111018e+04 1.111026e+04 1.111052e+04 1.111169e+04 1.111237e+04 1.111207e+04 1.110113e+04 1.106226e+04 1.098304e+04 1.086123e+04 1.070576e+04 1.053310e+04 1.036105e+04 9.813389e+03 9.741885e+03 9.897448e+03 1.017820e+04 1.055350e+04 1.101608e+04 1.221591e+04 1.383558e+04 1.594975e+04 1.862315e+04 2.190020e+04 2.580298e+04
1.121487e+04 1.121487e+04 1.121487e+04 1.121487e+04 1.121488e+04 1.121505e+04 1.121568e+04 1.121825e+04 1.121980e+04 1.122037e+04 1.121112e+04 1.117393e+04 1.109671e+04 1.097770e+04 1.082621e+04 1.065881e+04 1.049312e+04 9.981711e+03 9.940380e+03 1.012036e+04 1.042277e+04 1.081855e+04 1.130118e+04 1.254119e+04 1.420259e+04 1.636175e+04 1.908471e+04 2.241624e+04 2.637757e+04
1.133173e+04 1.133173e+04 1.133173e+04 1.133174e+04 1.133175e+04 1.133210e+04 1.133321e+04 1.133736e+04 1.133985e+04 1.134135e+04 1.133380e+04 1.129816e+04 1.122272e+04 1.110625e+04 1.095847e+04 1.079608e+04 1.063655e+04 1.016133e+04 1.015090e+04 1.035600e+04 1.068057e+04 1.109719e+04 1.160014e+04 1.288075e+04 1.458426e+04 1.678873e+04 1.956145e+04 2.294756e+04 2.696750e+04
1.147256e+04 1.147256e+04 1.147256e+04 1.147257e+04 1.147258e+04 1.147293e+04 1.147397e+04 1.147766e+04 1.147987e+04 1.148111e+04 1.147322e+04 1.143760e+04 1.136284e+04 1.124810e+04 1.110344e+04 1.094564e+04 1.079195e+04 1.035278e+04 1.037404e+04 1.060494e+04 1.095215e+04 1.138991e+04 1.191341e+04 1.323500e+04 1.498097e+04 1.723104e+04 2.005372e+04 2.349450e+04 2.757308e+04
1.163269e+04 1.163269e+04 1.163269e+04 1.163269e+04 1.163270e+04 1.163285e+04 1.163334e+04 1.163548e+04 1.163685e+04 1.163732e+04 1.162812e+04 1.159175e+04 1.151704e+04 1.140353e+04 1.126155e+04 1.110796e+04 1.095985e+04 1.055667e+04 1.061041e+04 1.086778e+04 1.123804e+04 1.169722e+04 1.224146e+04 1.360433e+04 1.539309e+04 1.768904e+04 2.056187e+04 2.405741e+04 2.819464e+04
1.179944e+04 1.179944e+04 1.179944e+04 1.179944e+04 1.179944e+04 1.179960e+04 1.180009e+04 1.180222e+04 1.180360e+04 1.180406e+04 1.179487e+04 1.175861e+04 1.168443e+04 1.157229e+04 1.143293e+04 1.128338e+04 1.114067e+04 1.077363e+04 1.086067e+04 1.114512e+04 1.153881e+04 1.201962e+04 1.258474e+04 1.398915e+04 1.582098e+04 1.816309e+04 2.108626e+04 2.463663e+04 2.883250e+04
1.197261e+04 1.197261e+04 1.197261e+04 1.197261e+04 1.197262e+04 1.197297e+04 1.197399e+04 1.197765e+04 1.197985e+04 1.198112e+04 1.197333e+04 1.193820e+04 1.186518e+04 1.175468e+04 1.161796e+04 1.147238e+04 1.133496e+04 1.100436e+04 1.112552e+04 1.143758e+04 1.185499e+04 1.235760e+04 1.294370e+04 1.438984e+04 1.626500e+04 1.865354e+04 2.162724e+04 2.523250e+04 2.948697e+04
