1.010824e+09 9.503010e+08 9.204883e+08 8.111364e+08 7.536743e+08 5.931568e+08 5.334084e+08 4.879962e+08 4.768464e+08 4.685713e+08 4.555077e+08 4.436710e+08 4.318255e+08 4.198927e+08 4.080976e+08 3.966879e+08 3.858501e+08 3.424120e+08 3.144942e+08 2.956634e+08 2.811121e+08 2.683587e+08 2.563784e+08 2.337261e+08 2.128933e+08 1.942100e+08 1.777374e+08 1.633276e+08 1.507458e+08
5.908485e+08 5.908526e+08 5.908600e+08 5.905723e+08 5.877417e+08 5.504812e+08 5.159633e+08 4.820930e+08 4.728869e+08 4.657820e+08 4.539555e+08 4.426845e+08 4.311215e+08 4.193410e+08 4.076348e+08 3.962820e+08 3.854842e+08 3.421634e+08 3.143149e+08 2.955202e+08 2.809797e+08 2.682225e+08 2.562325e+08 2.335615e+08 2.127204e+08 1.940384e+08 1.775733e+08 1.631742e+08 1.506041e+08
5.241523e+08 5.241533e+08 5.241559e+08 5.241668e+08 5.239357e+08 5.154626e+08 4.959491e+08 4.748224e+08 4.681710e+08 4.625420e+08 4.522057e+08 4.415880e+08 4.303446e+08 4.187350e+08 4.071288e+08 3.958403e+08 3.850881e+08 3.418995e+08 3.141268e+08 2.953711e+08 2.808426e+08 2.680822e+08 2.560830e+08 2.333939e+08 2.125450e+08 1.938649e+08 1.774077e+08 1.630195e+08 1.504614e+08
4.894708e+08 4.894714e+08 4.894730e+08 4.894982e+08 4.894921e+08 4.841575e+08 4.836029e+08 4.670072e+08 4.629335e+08 4.589341e+08 4.502706e+08 4.403814e+08 4.294922e+08 4.180721e+08 4.065773e+08 3.953608e+08 3.846598e+08 3.416195e+08 3.139295e+08 2.952160e+08 2.807008e+08 2.679379e+08 2.559297e+08 2.332232e+08 2.123671e+08 1.936894e+08 1.772406e+08 1.628636e+08 1.503177e+08
4.683582e+08 4.683586e+08 4.683597e+08 4.683828e+08 4.684174e+08 4.661762e+08 4.692583e+08 4.613226e+08 4.578963e+08 4.551970e+08 4.481833e+08 4.390676e+08 4.285619e+08 4.173492e+08 4.059774e+08 3.948412e+08 3.841977e+08 3.413228e+08 3.137228e+08 2.950545e+08 2.805542e+08 2.677894e+08 2.557727e+08 2.330494e+08 2.121867e+08 1.935120e+08 1.770719e+08 1.627065e+08 1.501731e+08
4.548236e+08 4.548239e+08 4.548247e+08 4.548453e+08 4.548882e+08 4.546500e+08 4.569779e+08 4.588516e+08 4.547688e+08 4.518988e+08 4.460325e+08 4.376613e+08 4.275540e+08 4.165638e+08 4.053263e+08 3.942790e+08 3.836996e+08 3.410086e+08 3.135063e+08 2.948866e+08 2.804025e+08 2.676366e+08 2.556119e+08 2.328725e+08 2.120038e+08 1.933325e+08 1.769016e+08 1.625481e+08 1.500275e+08
4.461492e+08 4.461494e+08 4.461501e+08 4.461679e+08 4.462108e+08 4.469724e+08 4.491424e+08 4.566827e+08 4.538086e+08 4.501725e+08 4.440055e+08 4.362020e+08 4.264761e+08 4.157157e+08 4.046223e+08 3.936721e+08 3.831636e+08 3.406761e+08 3.132796e+08 2.947121e+08 2.802458e+08 2.674794e+08 2.554472e+08 2.326924e+08 2.118183e+08 1.931511e+08 1.767298e+08 1.623886e+08 1.498809e+08
4.408604e+08 4.408606e+08 4.408611e+08 4.408767e+08 4.409173e+08 4.421467e+08 4.448150e+08 4.538605e+08 4.532457e+08 4.499443e+08 4.424444e+08 4.347692e+08 4.253489e+08 4.148094e+08 4.038650e+08 3.930192e+08 3.825882e+08 3.403246e+08 3.130425e+08 2.945308e+08 2.800838e+08 2.673178e+08 2.552785e+08 2.325091e+08 2.116303e+08 1.929676e+08 1.765564e+08 1.622277e+08 1.497334e+08
4.380484e+08 4.380485e+08 4.380490e+08 4.380632e+08 4.381011e+08 4.395262e+08 4.426953e+08 4.507871e+08 4.522366e+08 4.500744e+08 4.419052e+08 4.334980e+08 4.242118e+08 4.138570e+08 4.030576e+08 3.923201e+08 3.819723e+08 3.399533e+08 3.127945e+08 2.943424e+08 2.799165e+08 2.671517e+08 2.551058e+08 2.323225e+08 2.114397e+08 1.927821e+08 1.763814e+08 1.620657e+08 1.495849e+08
4.371157e+08 4.371158e+08 4.371163e+08 4.371290e+08 4.371638e+08 4.384992e+08 4.417851e+08 4.480780e+08 4.506969e+08 4.499262e+08 4.421398e+08 4.326119e+08 4.231294e+08 4.128801e+08 4.022072e+08 3.915768e+08 3.813159e+08 3.395616e+08 3.125353e+08 2.941468e+08 2.797437e+08 2.669809e+08 2.549290e+08 2.321326e+08 2.112465e+08 1.925946e+08 1.762048e+08 1.619024e+08 1.494354e+08
4.372598e+08 4.372598e+08 4.372598e+08 4.372581e+08 4.372499e+08 4.380202e+08 4.413007e+08 4.460321e+08 4.489113e+08 4.492855e+08 4.426198e+08 4.324028e+08 4.222001e+08 4.119137e+08 4.013271e+08 3.907943e+08 3.806205e+08 3.391487e+08 3.122646e+08 2.939438e+08 2.795653e+08 2.668055e+08 2.547480e+08 2.319395e+08 2.110507e+08 1.924050e+08 1.760267e+08 1.617379e+08 1.492850e+08
4.292190e+08 4.292190e+08 4.292191e+08 4.292216e+08 4.292286e+08 4.308790e+08 4.375781e+08 4.427742e+08 4.431445e+08 4.433978e+08 4.414106e+08 4.335934e+08 4.219680e+08 4.094712e+08 3.975686e+08 3.867508e+08 3.767622e+08 3.367574e+08 3.107279e+08 2.928109e+08 2.785844e+08 2.658540e+08 2.537785e+08 2.309226e+08 2.100316e+08 1.914262e+08 1.751120e+08 1.608967e+08 1.485181e+08
4.266953e+08 4.266953e+08 4.266954e+08 4.266978e+08 4.267047e+08 4.283404e+08 4.353376e+08 4.422872e+08 4.421643e+08 4.407847e+08 4.364903e+08 4.301467e+08 4.207904e+08 4.091376e+08 3.967381e+08 3.847577e+08 3.737586e+08 3.338733e+08 3.088705e+08 2.914668e+08 2.774446e+08 2.647709e+08 2.526950e+08 2.298174e+08 2.089444e+08 1.903950e+08 1.741569e+08 1.600242e+08 1.477268e+08
4.276611e+08 4.276610e+08 4.276609e+08 4.276582e+08 4.276495e+08 4.289477e+08 4.353668e+08 4.416674e+08 4.413550e+08 4.393482e+08 4.325080e+08 4.243799e+08 4.154792e+08 4.054319e+08 3.944096e+08 3.830729e+08 3.720901e+08 3.308007e+08 3.067123e+08 2.899005e+08 2.761330e+08 2.635458e+08 2.514897e+08 2.286198e+08 2.077868e+08 1.893104e+08 1.731612e+08 1.591205e+08 1.469111e+08
4.202737e+08 4.202737e+08 4.202737e+08 4.202734e+08 4.202724e+08 4.218659e+08 4.291516e+08 4.365597e+08 4.366380e+08 4.348764e+08 4.275713e+08 4.180949e+08 4.084020e+08 3.987972e+08 3.890470e+08 3.790978e+08 3.691687e+08 3.282945e+08 3.043529e+08 2.881217e+08 2.746437e+08 2.621708e+08 2.501558e+08 2.273260e+08 2.065572e+08 1.881716e+08 1.721244e+08 1.581854e+08 1.460712e+08
4.098345e+08 4.098345e+08 4.098345e+08 4.098346e+08 4.098350e+08 4.116011e+08 4.195760e+08 4.279612e+08 4.284602e+08 4.271322e+08 4.204396e+08 4.108503e+08 4.006799e+08 3.909511e+08 3.817573e+08 3.728889e+08 3.642070e+08 3.262649e+08 3.020104e+08 2.861715e+08 2.729808e+08 2.606419e+08 2.486884e+08 2.259330e+08 2.052540e+08 1.869782e+08 1.710466e+08 1.572189e+08 1.452070e+08
3.981984e+08 3.981984e+08 3.981984e+08 3.981982e+08 3.981974e+08 4.000315e+08 4.083860e+08 4.172623e+08 4.180252e+08 4.170524e+08 4.112359e+08 4.023079e+08 3.923565e+08 3.826683e+08 3.737118e+08 3.654568e+08 3.577097e+08 3.238943e+08 3.000586e+08 2.841321e+08 2.711631e+08 2.589613e+08 2.470856e+08 2.244386e+08 2.038762e+08 1.857296e+08 1.699276e+08 1.562213e+08 1.443189e+08
3.841304e+08 3.841304e+08 3.841304e+08 3.841302e+08 3.841297e+08 3.860691e+08 3.949154e+08 4.046089e+08 4.057602e+08 4.052300e+08 4.004693e+08 3.925913e+08 3.833848e+08 3.741141e+08 3.654524e+08 3.575928e+08 3.504546e+08 3.207825e+08 2.983315e+08 2.821473e+08 2.692275e+08 2.571387e+08 2.453488e+08 2.228417e+08 2.024234e+08 1.844259e+08 1.687675e+08 1.551928e+08 1.434071e+08
3.686965e+08 3.686965e+08 3.686965e+08 3.686962e+08 3.686949e+08 3.707866e+08 3.803919e+08 3.911615e+08 3.927341e+08 3.926472e+08 3.889089e+08 3.821402e+08 3.739037e+08 3.653310e+08 3.571410e+08 3.496713e+08 3.429780e+08 3.168699e+08 2.964868e+08 2.804060e+08 2.672338e+08 2.551930e+08 2.434841e+08 2.211429e+08 2.008954e+08 1.830673e+08 1.675669e+08 1.541336e+08 1.424718e+08
3.534021e+08 3.534021e+08 3.534021e+08 3.534019e+08 3.534014e+08 3.556724e+08 3.660555e+08 3.778325e+08 3.797579e+08 3.800335e+08 3.771446e+08 3.713685e+08 3.641177e+08 3.563739e+08 3.488084e+08 3.418115e+08 3.355355e+08 3.123176e+08 2.943219e+08 2.787546e+08 2.652809e+08 2.531543e+08 2.415031e+08 2.193442e+08 1.992933e+08 1.816543e+08 1.663260e+08 1.530443e+08 1.415135e+08
3.386964e+08 3.386964e+08 3.386964e+08 3.386962e+08 3.386956e+08 3.411121e+08 3.521605e+08 3.647742e+08 3.669874e+08 3.675625e+08 3.653925e+08 3.604918e+08 3.541761e+08 3.473017e+08 3.404588e+08 3.340299e+08 3.282134e+08 3.073664e+08 2.917421e+08 2.770217e+08 2.634558e+08 2.510664e+08 2.394229e+08 2.174496e+08 1.976184e+08 1.801879e+08 1.650458e+08 1.519254e+08 1.405326e+08
3.243588e+08 3.243588e+08 3.243588e+08 3.243586e+08 3.243580e+08 3.268995e+08 3.385116e+08 3.518644e+08 3.543459e+08 3.552024e+08 3.537016e+08 3.496107e+08 3.441809e+08 3.381766e+08 3.321090e+08 3.263240e+08 3.210281e+08 3.022380e+08 2.887434e+08 2.750915e+08 2.616421e+08 2.490016e+08 2.372681e+08 2.154654e+08 1.958731e+08 1.786694e+08 1.637270e+08 1.507777e+08 1.395297e+08
3.105520e+08 3.105520e+08 3.105520e+08 3.105519e+08 3.105514e+08 3.131904e+08 3.252435e+08 3.391906e+08 3.419062e+08 3.430198e+08 3.421460e+08 3.388169e+08 3.342281e+08 3.290744e+08 3.237999e+08 3.187049e+08 3.139823e+08 2.970942e+08 2.853831e+08 2.728916e+08 2.597439e+08 2.469910e+08 2.350727e+08 2.133999e+08 1.940610e+08 1.771007e+08 1.623708e+08 1.496018e+08 1.385053e+08
2.973866e+08 2.973866e+08 2.973866e+08 2.973865e+08 2.973861e+08 3.000969e+08 3.124740e+08 3.268694e+08 3.297794e+08 3.311193e+08 3.308227e+08 3.282083e+08 3.244150e+08 3.200796e+08 3.155904e+08 3.112030e+08 3.070855e+08 2.920339e+08 2.817469e+08 2.703887e+08 2.576921e+08 2.449552e+08 2.328908e+08 2.112640e+08 1.921861e+08 1.754840e+08 1.609786e+08 1.483988e+08 1.374602e+08
2.848990e+08 2.848990e+08 2.848990e+08 2.848989e+08 2.848986e+08 2.876590e+08 3.002585e+08 3.149757e+08 3.180448e+08 3.195830e+08 3.198162e+08 3.178716e+08 3.148291e+08 3.112732e+08 3.075451e+08 3.038598e+08 3.003572e+08 2.871074e+08 2.779226e+08 2.675827e+08 2.554380e+08 2.428378e+08 2.307251e+08 2.090713e+08 1.902540e+08 1.738219e+08 1.595521e+08 1.471697e+08 1.363951e+08
2.731155e+08 2.731155e+08 2.731155e+08 2.731154e+08 2.731152e+08 2.759042e+08 2.886332e+08 3.035573e+08 3.067542e+08 3.084662e+08 3.091876e+08 3.078731e+08 3.055403e+08 3.027237e+08 2.997230e+08 2.967178e+08 2.938207e+08 2.823310e+08 2.739840e+08 2.644969e+08 2.529531e+08 2.405974e+08 2.285243e+08 2.068389e+08 1.882710e+08 1.721177e+08 1.580930e+08 1.459158e+08 1.353108e+08
2.620144e+08 2.620144e+08 2.620144e+08 2.620143e+08 2.620141e+08 2.648156e+08 2.775990e+08 2.926375e+08 2.959368e+08 2.978023e+08 2.989775e+08 2.982593e+08 2.965997e+08 2.944832e+08 2.921717e+08 2.898138e+08 2.874977e+08 2.777001e+08 2.699848e+08 2.611678e+08 2.502266e+08 2.382040e+08 2.262548e+08 2.045896e+08 1.862445e+08 1.703751e+08 1.566036e+08 1.446384e+08 1.342083e+08
2.515894e+08 2.515894e+08 2.515894e+08 2.515894e+08 2.515892e+08 2.543887e+08 2.671614e+08 2.822335e+08 2.856129e+08 2.876143e+08 2.892132e+08 2.890616e+08 2.880421e+08 2.865878e+08 2.849243e+08 2.831734e+08 2.814029e+08 2.731974e+08 2.659580e+08 2.576364e+08 2.472631e+08 2.356387e+08 2.238922e+08 2.023525e+08 1.841834e+08 1.685983e+08 1.550863e+08 1.433390e+08 1.330886e+08
2.418159e+08 2.418159e+08 2.418159e+08 2.418158e+08 2.418157e+08 2.446010e+08 2.573096e+08 2.723488e+08 2.757897e+08 2.779121e+08 2.799089e+08 2.802977e+08 2.798873e+08 2.790575e+08 2.779986e+08 2.768089e+08 2.755403e+08 2.687980e+08 2.619194e+08 2.539421e+08 2.440786e+08 2.328928e+08 2.214187e+08 2.001125e+08 1.820975e+08 1.667920e+08 1.535436e+08 1.420192e+08 1.319526e+08
2.326529e+08 2.326529e+08 2.326529e+08 2.326528e+08 2.326527e+08 2.354152e+08 2.480184e+08 2.629729e+08 2.664611e+08 2.686929e+08 2.710667e+08 2.719725e+08 2.721410e+08 2.718969e+08 2.713965e+08 2.707180e+08 2.699023e+08 2.644729e+08 2.578724e+08 2.501194e+08 2.406965e+08 2.299673e+08 2.188231e+08 1.978501e+08 1.799990e+08 1.649614e+08 1.519784e+08 1.406808e+08 1.308017e+08
2.240664e+08 2.240664e+08 2.240664e+08 2.240664e+08 2.240663e+08 2.267986e+08 2.392636e+08 2.540926e+08 2.576163e+08 2.599481e+08 2.626810e+08 2.640810e+08 2.647963e+08 2.650960e+08 2.651044e+08 2.648839e+08 2.644688e+08 2.601916e+08 2.538122e+08 2.461962e+08 2.371441e+08 2.268706e+08 2.161003e+08 1.955532e+08 1.779045e+08 1.631122e+08 1.503938e+08 1.393256e+08 1.296370e+08
2.160176e+08 2.160176e+08 2.160176e+08 2.160175e+08 2.160175e+08 2.187143e+08 2.310170e+08 2.456899e+08 2.492405e+08 2.516645e+08 2.547394e+08 2.566080e+08 2.578333e+08 2.586300e+08 2.590942e+08 2.592767e+08 2.592091e+08 2.559243e+08 2.497296e+08 2.421943e+08 2.334501e+08 2.236176e+08 2.132511e+08 1.932130e+08 1.758246e+08 1.612508e+08 1.487933e+08 1.379558e+08 1.284598e+08
2.084715e+08 2.084715e+08 2.084715e+08 2.084714e+08 2.084714e+08 2.111286e+08 2.232504e+08 2.377441e+08 2.413144e+08 2.438236e+08 2.472207e+08 2.495262e+08 2.512182e+08 2.524605e+08 2.533255e+08 2.538563e+08 2.540852e+08 2.516437e+08 2.456147e+08 2.381305e+08 2.296421e+08 2.202270e+08 2.102810e+08 1.908237e+08 1.737471e+08 1.593843e+08 1.471804e+08 1.365734e+08 1.272715e+08
2.013935e+08 2.013935e+08 2.013935e+08 2.013934e+08 2.013934e+08 2.040083e+08 2.159362e+08 2.302332e+08 2.338160e+08 2.364016e+08 2.400938e+08 2.427962e+08 2.449053e+08 2.465392e+08 2.477504e+08 2.485778e+08 2.490563e+08 2.473275e+08 2.414590e+08 2.340180e+08 2.257459e+08 2.167201e+08 2.071998e+08 1.883816e+08 1.716646e+08 1.575212e+08 1.455589e+08 1.351807e+08 1.260736e+08
1.947518e+08 1.947518e+08 1.947518e+08 1.947518e+08 1.947517e+08 1.973221e+08 2.090473e+08 2.231337e+08 2.267204e+08 2.293700e+08 2.333211e+08 2.363722e+08 2.388446e+08 2.408155e+08 2.423213e+08 2.433983e+08 2.440851e+08 2.429597e+08 2.372571e+08 2.298673e+08 2.217850e+08 2.131194e+08 2.040205e+08 1.858857e+08 1.695721e+08 1.556732e+08 1.439330e+08 1.337802e+08 1.248675e+08
1.885155e+08 1.885155e+08 1.885155e+08 1.885155e+08 1.885155e+08 1.910400e+08 2.025563e+08 2.164200e+08 2.200004e+08 2.226989e+08 2.268659e+08 2.302124e+08 2.329921e+08 2.352466e+08 2.369988e+08 2.382834e+08 2.391430e+08 2.385319e+08 2.330073e+08 2.256882e+08 2.177800e+08 2.094469e+08 2.007581e+08 1.833368e+08 1.674664e+08 1.538402e+08 1.423072e+08 1.323742e+08 1.236549e+08
1.826461e+08 1.826461e+08 1.826461e+08 1.826461e+08 1.826460e+08 1.851244e+08 1.964292e+08 2.100634e+08 2.136281e+08 2.163605e+08 2.206985e+08 2.242851e+08 2.273162e+08 2.298029e+08 2.317568e+08 2.332114e+08 2.342129e+08 2.340435e+08 2.287124e+08 2.214897e+08 2.137493e+08 2.057238e+08 1.974289e+08 1.807379e+08 1.653452e+08 1.520159e+08 1.406866e+08 1.309654e+08 1.224374e+08
1.771183e+08 1.771183e+08 1.771183e+08 1.771183e+08 1.771183e+08 1.795500e+08 1.906422e+08 2.040408e+08 2.075806e+08 2.103318e+08 2.147965e+08 2.185696e+08 2.217981e+08 2.244685e+08 2.265826e+08 2.281733e+08 2.292896e+08 2.295007e+08 2.243789e+08 2.172810e+08 2.097090e+08 2.019698e+08 1.940496e+08 1.780934e+08 1.632073e+08 1.501967e+08 1.390773e+08 1.295566e+08 1.212167e+08
1.719050e+08 1.719050e+08 1.719050e+08 1.719050e+08 1.719049e+08 1.742900e+08 1.851695e+08 1.983285e+08 2.018353e+08 2.045918e+08 2.091427e+08 2.130524e+08 2.164287e+08 2.192380e+08 2.214747e+08 2.231708e+08 2.243776e+08 2.249158e+08 2.200167e+08 2.130718e+08 2.056734e+08 1.982029e+08 1.906366e+08 1.754092e+08 1.610525e+08 1.483804e+08 1.374860e+08 1.281507e+08 1.199944e+08
1.669816e+08 1.669816e+08 1.669816e+08 1.669816e+08 1.669815e+08 1.693202e+08 1.799880e+08 1.929055e+08 1.963725e+08 1.991224e+08 2.037235e+08 2.077256e+08 2.112051e+08 2.141130e+08 2.164384e+08 2.182124e+08 2.194880e+08 2.203049e+08 2.156384e+08 2.088719e+08 2.016552e+08 1.944390e+08 1.872057e+08 1.726923e+08 1.588814e+08 1.465655e+08 1.359092e+08 1.267509e+08 1.187725e+08
1.623287e+08 1.623287e+08 1.623287e+08 1.623287e+08 1.623287e+08 1.646213e+08 1.750794e+08 1.877540e+08 1.911753e+08 1.939082e+08 1.985280e+08 2.025838e+08 2.061273e+08 2.090986e+08 2.114827e+08 2.133103e+08 2.146354e+08 2.156867e+08 2.112579e+08 2.046916e+08 1.976655e+08 1.906923e+08 1.837715e+08 1.699504e+08 1.566954e+08 1.447510e+08 1.343438e+08 1.253608e+08 1.175529e+08
1.579248e+08 1.579248e+08 1.579248e+08 1.579247e+08 1.579247e+08 1.601720e+08 1.704227e+08 1.828549e+08 1.862257e+08 1.889330e+08 1.935451e+08 1.976216e+08 2.011960e+08 2.042006e+08 2.066176e+08 2.084778e+08 2.098356e+08 2.110804e+08 2.068902e+08 2.005412e+08 1.937143e+08 1.869751e+08 1.803473e+08 1.671917e+08 1.544964e+08 1.429362e+08 1.327881e+08 1.239851e+08 1.163374e+08
1.537489e+08 1.537489e+08 1.537489e+08 1.537488e+08 1.537488e+08 1.559513e+08 1.659979e+08 1.781889e+08 1.815056e+08 1.841804e+08 1.887630e+08 1.928332e+08 1.964109e+08 1.994237e+08 2.018523e+08 2.037272e+08 2.051034e+08 2.065051e+08 2.025501e+08 1.964304e+08 1.898105e+08 1.832979e+08 1.769451e+08 1.644245e+08 1.522870e+08 1.411212e+08 1.312407e+08 1.226261e+08 1.151282e+08
1.497830e+08 1.497830e+08 1.497830e+08 1.497830e+08 1.497830e+08 1.519413e+08 1.617865e+08 1.737379e+08 1.769975e+08 1.796342e+08 1.841698e+08 1.882118e+08 1.917709e+08 1.947716e+08 1.971944e+08 1.990696e+08 2.004522e+08 2.019781e+08 1.982517e+08 1.923690e+08 1.859619e+08 1.796698e+08 1.735753e+08 1.616571e+08 1.500704e+08 1.393059e+08 1.297008e+08 1.212805e+08 1.139275e+08
1.460081e+08 1.460081e+08 1.460081e+08 1.460081e+08 1.460081e+08 1.481230e+08 1.577698e+08 1.694837e+08 1.726842e+08 1.752785e+08 1.797536e+08 1.837505e+08 1.872736e+08 1.902467e+08 1.926499e+08 1.945139e+08 1.958936e+08 1.975153e+08 1.940082e+08 1.883656e+08 1.821754e+08 1.760983e+08 1.702470e+08 1.588973e+08 1.478500e+08 1.374911e+08 1.281679e+08 1.199469e+08 1.127381e+08
1.424077e+08 1.424077e+08 1.424077e+08 1.424077e+08 1.424077e+08 1.444797e+08 1.539309e+08 1.654095e+08 1.685495e+08 1.710983e+08 1.755029e+08 1.794420e+08 1.829164e+08 1.858499e+08 1.882234e+08 1.900673e+08 1.914366e+08 1.931301e+08 1.898313e+08 1.844285e+08 1.784570e+08 1.725897e+08 1.669677e+08 1.561527e+08 1.456295e+08 1.356775e+08 1.266414e+08 1.186241e+08 1.115634e+08
1.389640e+08 1.389640e+08 1.389640e+08 1.389639e+08 1.389639e+08 1.409937e+08 1.502527e+08 1.614993e+08 1.645783e+08 1.670798e+08 1.714070e+08 1.752795e+08 1.786961e+08 1.815816e+08 1.839178e+08 1.857353e+08 1.870886e+08 1.888338e+08 1.857311e+08 1.805645e+08 1.748115e+08 1.691492e+08 1.637438e+08 1.534301e+08 1.434129e+08 1.338663e+08 1.251212e+08 1.173113e+08 1.104027e+08
1.356626e+08 1.356626e+08 1.356626e+08 1.356626e+08 1.356626e+08 1.376510e+08 1.467214e+08 1.577401e+08 1.607582e+08 1.632114e+08 1.674570e+08 1.712570e+08 1.746096e+08 1.774414e+08 1.797352e+08 1.815218e+08 1.828550e+08 1.846354e+08 1.817161e+08 1.767798e+08 1.712434e+08 1.657809e+08 1.605806e+08 1.507360e+08 1.412040e+08 1.320587e+08 1.236074e+08 1.160080e+08 1.092542e+08
1.324947e+08 1.324947e+08 1.324947e+08 1.324947e+08 1.324947e+08 1.344426e+08 1.433279e+08 1.541226e+08 1.570801e+08 1.594845e+08 1.636456e+08 1.673695e+08 1.706542e+08 1.734287e+08 1.756768e+08 1.774294e+08 1.787398e+08 1.805422e+08 1.777934e+08 1.730794e+08 1.677559e+08 1.624879e+08 1.574821e+08 1.480759e+08 1.390068e+08 1.302562e+08 1.221000e+08 1.147137e+08 1.081169e+08
1.294519e+08 1.294519e+08 1.294519e+08 1.294519e+08 1.294518e+08 1.313600e+08 1.400640e+08 1.506388e+08 1.535362e+08 1.558916e+08 1.599670e+08 1.636125e+08 1.668272e+08 1.695423e+08 1.717428e+08 1.734597e+08 1.747455e+08 1.765591e+08 1.739681e+08 1.694673e+08 1.643516e+08 1.592726e+08 1.544517e+08 1.454546e+08 1.368251e+08 1.284606e+08 1.205993e+08 1.134281e+08 1.069901e+08
1.265252e+08 1.265252e+08 1.265252e+08 1.265252e+08 1.265252e+08 1.283944e+08 1.369211e+08 1.472807e+08 1.501190e+08 1.524258e+08 1.564154e+08 1.599822e+08 1.631261e+08 1.657810e+08 1.679332e+08 1.696134e+08 1.708735e+08 1.726898e+08 1.702444e+08 1.659466e+08 1.610326e+08 1.561367e+08 1.514915e+08 1.428763e+08 1.346624e+08 1.266736e+08 1.191057e+08 1.121509e+08 1.058732e+08
1.237079e+08 1.237079e+08 1.237079e+08 1.237079e+08 1.237079e+08 1.255392e+08 1.338929e+08 1.440425e+08 1.468230e+08 1.490821e+08 1.529868e+08 1.564751e+08 1.595486e+08 1.621435e+08 1.642472e+08 1.658905e+08 1.671244e+08 1.689364e+08 1.666249e+08 1.625194e+08 1.578000e+08 1.530813e+08 1.486034e+08 1.403446e+08 1.325223e+08 1.248970e+08 1.176198e+08 1.108821e+08 1.047658e+08
1.209976e+08 1.209976e+08 1.209976e+08 1.209975e+08 1.209975e+08 1.227918e+08 1.309764e+08 1.409208e+08 1.436446e+08 1.458567e+08 1.496777e+08 1.530887e+08 1.560924e+08 1.586280e+08 1.606837e+08 1.622901e+08 1.634975e+08 1.652997e+08 1.631110e+08 1.591871e+08 1.546546e+08 1.501067e+08 1.457883e+08 1.378622e+08 1.304077e+08 1.231326e+08 1.161421e+08 1.096216e+08 1.036676e+08
1.183889e+08 1.183889e+08 1.183889e+08 1.183889e+08 1.183889e+08 1.201471e+08 1.281672e+08 1.379117e+08 1.405801e+08 1.427463e+08 1.464851e+08 1.498200e+08 1.527553e+08 1.552325e+08 1.572408e+08 1.588107e+08 1.599918e+08 1.617795e+08 1.597033e+08 1.559501e+08 1.515964e+08 1.472130e+08 1.430466e+08 1.354315e+08 1.283215e+08 1.213824e+08 1.146734e+08 1.083694e+08 1.025782e+08
1.158772e+08 1.158772e+08 1.158772e+08 1.158772e+08 1.158772e+08 1.176004e+08 1.254607e+08 1.350111e+08 1.376255e+08 1.397470e+08 1.434056e+08 1.466662e+08 1.495345e+08 1.519544e+08 1.539163e+08 1.554503e+08 1.566052e+08 1.583748e+08 1.564016e+08 1.528084e+08 1.486253e+08 1.443998e+08 1.403784e+08 1.330541e+08 1.262662e+08 1.196482e+08 1.132145e+08 1.071256e+08 1.014976e+08
1.134593e+08 1.134593e+08 1.134593e+08 1.134593e+08 1.134592e+08 1.151484e+08 1.228537e+08 1.322156e+08 1.347776e+08 1.368554e+08 1.404359e+08 1.436239e+08 1.464269e+08 1.487910e+08 1.507074e+08 1.522061e+08 1.533352e+08 1.550836e+08 1.532047e+08 1.497613e+08 1.457404e+08 1.416663e+08 1.377832e+08 1.307313e+08 1.242441e+08 1.179317e+08 1.117662e+08 1.058904e+08 1.004254e+08
1.111323e+08 1.111323e+08 1.111323e+08 1.111323e+08 1.111323e+08 1.127885e+08 1.203431e+08 1.295218e+08 1.320328e+08 1.340683e+08 1.375725e+08 1.406898e+08 1.434291e+08 1.457387e+08 1.476108e+08 1.490751e+08 1.501787e+08 1.519036e+08 1.501111e+08 1.468078e+08 1.429407e+08 1.390114e+08 1.352603e+08 1.284638e+08 1.222569e+08 1.162345e+08 1.103294e+08 1.046641e+08 9.936152e+07
1.088926e+08 1.088926e+08 1.088926e+08 1.088925e+08 1.088925e+08 1.105167e+08 1.179252e+08 1.269261e+08 1.293875e+08 1.313816e+08 1.348116e+08 1.378601e+08 1.405375e+08 1.427941e+08 1.446230e+08 1.460536e+08 1.471324e+08 1.488319e+08 1.471186e+08 1.439462e+08 1.402248e+08 1.364339e+08 1.328088e+08 1.262520e+08 1.203062e+08 1.145582e+08 1.089048e+08 1.034468e+08 9.830600e+07
1.067352e+08 1.067352e+08 1.067352e+08 1.067352e+08 1.067352e+08 1.083283e+08 1.155953e+08 1.244238e+08 1.268371e+08 1.287911e+08 1.321491e+08 1.351308e+08 1.377479e+08 1.399531e+08 1.417400e+08 1.431379e+08 1.441924e+08 1.458654e+08 1.442249e+08 1.411747e+08 1.375911e+08 1.339323e+08 1.304274e+08 1.240961e+08 1.183933e+08 1.129042e+08 1.074936e+08 1.022390e+08 9.725875e+07
1.046555e+08 1.046555e+08 1.046555e+08 1.046555e+08 1.046555e+08 1.062186e+08 1.133486e+08 1.220105e+08 1.243772e+08 1.262924e+08 1.295806e+08 1.324976e+08 1.350564e+08 1.372118e+08 1.389580e+08 1.403241e+08 1.413549e+08 1.430008e+08 1.414272e+08 1.384912e+08 1.350378e+08 1.315048e+08 1.281146e+08 1.219957e+08 1.165191e+08 1.112739e+08 1.060964e+08 1.010409e+08 9.621976e+07
1.026505e+08 1.026505e+08 1.026505e+08 1.026505e+08 1.026505e+08 1.041845e+08 1.111819e+08 1.196823e+08 1.220040e+08 1.238816e+08 1.271022e+08 1.299565e+08 1.324589e+08 1.345660e+08 1.362729e+08 1.376082e+08 1.386160e+08 1.402344e+08 1.387227e+08 1.358934e+08 1.325628e+08 1.291497e+08 1.258691e+08 1.199503e+08 1.146844e+08 1.096683e+08 1.047142e+08 9.985292e+07 9.518909e+07
1.007167e+08 1.007167e+08 1.007167e+08 1.007167e+08 1.007167e+08 1.022226e+08 1.090917e+08 1.174358e+08 1.197137e+08 1.215549e+08 1.247100e+08 1.275035e+08 1.299514e+08 1.320118e+08 1.336806e+08 1.349863e+08 1.359719e+08 1.375628e+08 1.361084e+08 1.333789e+08 1.301642e+08 1.268651e+08 1.236889e+08 1.179594e+08 1.128897e+08 1.080885e+08 1.033477e+08 9.867551e+07 9.416681e+07
9.885100e+07 9.885100e+07 9.885100e+07 9.885100e+07 9.885100e+07 1.003297e+08 1.070744e+08 1.152671e+08 1.175027e+08 1.193085e+08 1.224000e+08 1.251349e+08 1.275299e+08 1.295454e+08 1.311775e+08 1.324545e+08 1.334188e+08 1.349824e+08 1.335811e+08 1.309450e+08 1.278396e+08 1.246490e+08 1.215726e+08 1.160220e+08 1.111351e+08 1.065352e+08 1.019978e+08 9.750906e+07 9.315301e+07
9.704960e+07 9.704960e+07 9.704960e+07 9.704960e+07 9.704960e+07 9.850186e+07 1.051262e+08 1.131721e+08 1.153667e+08 1.171383e+08 1.201685e+08 1.228467e+08 1.251909e+08 1.271630e+08 1.287598e+08 1.300092e+08 1.309528e+08 1.324896e+08 1.311378e+08 1.285891e+08 1.255869e+08 1.224995e+08 1.195182e+08 1.141372e+08 1.094209e+08 1.050093e+08 1.006653e+08 9.635400e+07 9.214781e+07
9.530888e+07 9.530888e+07 9.530888e+07 9.530888e+07 9.530888e+07 9.673558e+07 1.032433e+08 1.111472e+08 1.133021e+08 1.150407e+08 1.180118e+08 1.206354e+08 1.229307e+08 1.248610e+08 1.264239e+08 1.276468e+08 1.285706e+08 1.300811e+08 1.287753e+08 1.263087e+08 1.234038e+08 1.204143e+08 1.175239e+08 1.123037e+08 1.077467e+08 1.035113e+08 9.935064e+07 9.521075e+07 9.115138e+07
9.362701e+07 9.362701e+07 9.362701e+07 9.362700e+07 9.362700e+07 9.502890e+07 1.014235e+08 1.091897e+08 1.113062e+08 1.130129e+08 1.159269e+08 1.184979e+08 1.207461e+08 1.226363e+08 1.241666e+08 1.253639e+08 1.262687e+08 1.277534e+08 1.264906e+08 1.241010e+08 1.212879e+08 1.183916e+08 1.155879e+08 1.105206e+08 1.061125e+08 1.020416e+08 9.805457e+07 9.407974e+07 9.016386e+07
9.200127e+07 9.200127e+07 9.200127e+07 9.200127e+07 9.200126e+07 9.337916e+07 9.966421e+07 1.072970e+08 1.093764e+08 1.110521e+08 1.139110e+08 1.164313e+08 1.186341e+08 1.204858e+08 1.219847e+08 1.231574e+08 1.240438e+08 1.255032e+08 1.242806e+08 1.219635e+08 1.192371e+08 1.164292e+08 1.137083e+08 1.087863e+08 1.045178e+08 1.006004e+08 9.677760e+07 9.296138e+07 8.918545e+07
9.042991e+07 9.042991e+07 9.042991e+07 9.042991e+07 9.042991e+07 9.178450e+07 9.796331e+07 1.054667e+08 1.075101e+08 1.091560e+08 1.119615e+08 1.144329e+08 1.165920e+08 1.184065e+08 1.198751e+08 1.210242e+08 1.218928e+08 1.233274e+08 1.221424e+08 1.198934e+08 1.172490e+08 1.145251e+08 1.118833e+08 1.070998e+08 1.029621e+08 9.918814e+07 9.552019e+07 9.185606e+07 8.821634e+07
8.891071e+07 8.891071e+07 8.891071e+07 8.891070e+07 8.891070e+07 9.024272e+07 9.631850e+07 1.036965e+08 1.057050e+08 1.073219e+08 1.100760e+08 1.125001e+08 1.146171e+08 1.163957e+08 1.178350e+08 1.189612e+08 1.198126e+08 1.212228e+08 1.200731e+08 1.178883e+08 1.153213e+08 1.126774e+08 1.101110e+08 1.054595e+08 1.014448e+08 9.780473e+07 9.428275e+07 9.076415e+07 8.725672e+07
8.744172e+07 8.744172e+07 8.744172e+07 8.744172e+07 8.744172e+07 8.875185e+07 9.472773e+07 1.019842e+08 1.039588e+08 1.055477e+08 1.082520e+08 1.106305e+08 1.127066e+08 1.144505e+08 1.158615e+08 1.169656e+08 1.178003e+08 1.191864e+08 1.180699e+08 1.159457e+08 1.134520e+08 1.108840e+08 1.083897e+08 1.038642e+08 9.996514e+07 9.645019e+07 9.306561e+07 8.968602e+07 8.630680e+07
8.602151e+07 8.602151e+07 8.602151e+07 8.602151e+07 8.602150e+07 8.731037e+07 9.318930e+07 1.003277e+08 1.022695e+08 1.038312e+08 1.064872e+08 1.088213e+08 1.108579e+08 1.125681e+08 1.139518e+08 1.150344e+08 1.158530e+08 1.172154e+08 1.161301e+08 1.140631e+08 1.116387e+08 1.091429e+08 1.067175e+08 1.023124e+08 9.852249e+07 9.512440e+07 9.186903e+07 8.862196e+07 8.536679e+07
8.464797e+07 8.464797e+07 8.464797e+07 8.464797e+07 8.464797e+07 8.591620e+07 9.170102e+07 9.872476e+07 1.006346e+08 1.021699e+08 1.047789e+08 1.070701e+08 1.090683e+08 1.107459e+08 1.121030e+08 1.131648e+08 1.139677e+08 1.153068e+08 1.142509e+08 1.122382e+08 1.098795e+08 1.074524e+08 1.050928e+08 1.008029e+08 9.711600e+07 9.382719e+07 9.069321e+07 8.757229e+07 8.443689e+07
8.331797e+07 8.331797e+07 8.331797e+07 8.331797e+07 8.331797e+07 8.456619e+07 9.025973e+07 9.717226e+07 9.905117e+07 1.005608e+08 1.031243e+08 1.053739e+08 1.073350e+08 1.089811e+08 1.103125e+08 1.113541e+08 1.121418e+08 1.134581e+08 1.124300e+08 1.104686e+08 1.081723e+08 1.058106e+08 1.035139e+08 9.933425e+07 9.574484e+07 9.255828e+07 8.953827e+07 8.653726e+07 8.351729e+07
8.202894e+07 8.202894e+07 8.202894e+07 8.202893e+07 8.202893e+07 8.325775e+07 8.886277e+07 9.566755e+07 9.751651e+07 9.900137e+07 1.015209e+08 1.037302e+08 1.056554e+08 1.072709e+08 1.085774e+08 1.095995e+08 1.103725e+08 1.116666e+08 1.106649e+08 1.087523e+08 1.065151e+08 1.042156e+08 1.019792e+08 9.790511e+07 9.440813e+07 9.131735e+07 8.840430e+07 8.551709e+07 8.260820e+07
8.077965e+07 8.077965e+07 8.077965e+07 8.077965e+07 8.077965e+07 8.198962e+07 8.750869e+07 9.420881e+07 9.602868e+07 9.748948e+07 9.996632e+07 1.021367e+08 1.040271e+08 1.056131e+08 1.068955e+08 1.078987e+08 1.086574e+08 1.099299e+08 1.089532e+08 1.070869e+08 1.049059e+08 1.026658e+08 1.004869e+08 9.651417e+07 9.310497e+07 9.010401e+07 8.729131e+07 8.451198e+07 8.170980e+07
7.956818e+07 7.956818e+07 7.956818e+07 7.956818e+07 7.956818e+07 8.075986e+07 8.619551e+07 9.279402e+07 9.458564e+07 9.602307e+07 9.845851e+07 1.005911e+08 1.024478e+08 1.040051e+08 1.052642e+08 1.062491e+08 1.069941e+08 1.082456e+08 1.072928e+08 1.054705e+08 1.033431e+08 1.011595e+08 9.903571e+07 9.516014e+07 9.183447e+07 8.891784e+07 8.619927e+07 8.352208e+07 8.082225e+07
7.839289e+07 7.839289e+07 7.839289e+07 7.839289e+07 7.839289e+07 7.956680e+07 8.492137e+07 9.142115e+07 9.318532e+07 9.460007e+07 9.699533e+07 9.909124e+07 1.009154e+08 1.024449e+08 1.036815e+08 1.046488e+08 1.053805e+08 1.066117e+08 1.056815e+08 1.039012e+08 1.018247e+08 9.969509e+07 9.762401e+07 9.384176e+07 9.059571e+07 8.775836e+07 8.512808e+07 8.254752e+07 7.994571e+07
7.725195e+07 7.725195e+07 7.725195e+07 7.725195e+07 7.725195e+07 7.840859e+07 8.368439e+07 9.008825e+07 9.182578e+07 9.321852e+07 9.557482e+07 9.763522e+07 9.942773e+07 1.009305e+08 1.021453e+08 1.030955e+08 1.038144e+08 1.050259e+08 1.041173e+08 1.023771e+08 1.003491e+08 9.827096e+07 9.625038e+07 9.255782e+07 8.938777e+07 8.662507e+07 8.407763e+07 8.158839e+07 7.908033e+07
7.614427e+07 7.614427e+07 7.614427e+07 7.614427e+07 7.614427e+07 7.728410e+07 8.248324e+07 8.879375e+07 9.050536e+07 9.187670e+07 9.419520e+07 9.622119e+07 9.798310e+07 9.945995e+07 1.006537e+08 1.015874e+08 1.022939e+08 1.034862e+08 1.025982e+08 1.008963e+08 9.891456e+07 9.688563e+07 9.491345e+07 9.130711e+07 8.820974e+07 8.551745e+07 8.304773e+07 8.064474e+07 7.822623e+07
7.506824e+07 7.506824e+07 7.506824e+07 7.506824e+07 7.506824e+07 7.619172e+07 8.131627e+07 8.753598e+07 8.922240e+07 9.057296e+07 9.285478e+07 9.484742e+07 9.657974e+07 9.803151e+07 9.920486e+07 1.001227e+08 1.008171e+08 1.019909e+08 1.011226e+08 9.945707e+07 9.751959e+07 9.553767e+07 9.361186e+07 9.008849e+07 8.706072e+07 8.443493e+07 8.203819e+07 7.971660e+07 7.738353e+07
7.402265e+07 7.402265e+07 7.402265e+07 7.402265e+07 7.402265e+07 7.513021e+07 8.018215e+07 8.631346e+07 8.797538e+07 8.930574e+07 9.155199e+07 9.351235e+07 9.521603e+07 9.664355e+07 9.779721e+07 9.869963e+07 9.938249e+07 1.005381e+08 9.968845e+07 9.805786e+07 9.616263e+07 9.422568e+07 9.234435e+07 8.890082e+07 8.593981e+07 8.337695e+07 8.104876e+07 7.880396e+07 7.655231e+07
7.300606e+07 7.300606e+07 7.300606e+07 7.300605e+07 7.300605e+07 7.409813e+07 7.907941e+07 8.512475e+07 8.676286e+07 8.807363e+07 9.028540e+07 9.221452e+07 9.389048e+07 9.529453e+07 9.642914e+07 9.731663e+07 9.798824e+07 9.912611e+07 9.829423e+07 9.669703e+07 9.484222e+07 9.294831e+07 9.110966e+07 8.774304e+07 8.484614e+07 8.234293e+07 8.007917e+07 7.790679e+07 7.573266e+07
7.201787e+07 7.201787e+07 7.201787e+07 7.201787e+07 7.201787e+07 7.309485e+07 7.800727e+07 8.396881e+07 8.558375e+07 8.687546e+07 8.905378e+07 9.095260e+07 9.260171e+07 9.398303e+07 9.509915e+07 9.597216e+07 9.663281e+07 9.775321e+07 9.693829e+07 9.537308e+07 9.355697e+07 9.170430e+07 8.990661e+07 8.661410e+07 8.377884e+07 8.133227e+07 7.912914e+07 7.702502e+07 7.492463e+07
7.105712e+07 7.105712e+07 7.105712e+07 7.105712e+07 7.105712e+07 7.211938e+07 7.696468e+07 8.284457e+07 8.443694e+07 8.571013e+07 8.785594e+07 8.972536e+07 9.134841e+07 9.270763e+07 9.380579e+07 9.466470e+07 9.531468e+07 9.641785e+07 9.561908e+07 9.408454e+07 9.230553e+07 9.049239e+07 8.873406e+07 8.551298e+07 8.273708e+07 8.034438e+07 7.819834e+07 7.615857e+07 7.412825e+07
7.012295e+07 7.012295e+07 7.012295e+07 7.012295e+07 7.012295e+07 7.117087e+07 7.595074e+07 8.175102e+07 8.332141e+07 8.457656e+07 8.669074e+07 8.853156e+07 9.012925e+07 9.146698e+07 9.254763e+07 9.339278e+07 9.403235e+07 9.511848e+07 9.433512e+07 9.283003e+07 9.108663e+07 8.931142e+07 8.759090e+07 8.443871e+07 8.172003e+07 7.937867e+07 7.728645e+07 7.530732e+07 7.334356e+07
6.921467e+07 6.921467e+07 6.921467e+07 6.921467e+07 6.921467e+07 7.024859e+07 7.496463e+07 8.068723e+07 8.223615e+07 8.347368e+07 8.555700e+07 8.736994e+07 8.894291e+07 9.025967e+07 9.132323e+07 9.215495e+07 9.278432e+07 9.385362e+07 9.308500e+07 9.160822e+07 8.989903e+07 8.816025e+07 8.647608e+07 8.339037e+07 8.072689e+07 7.843453e+07 7.639311e+07 7.447116e+07 7.257054e+07
6.833098e+07 6.833098e+07 6.833098e+07 6.833098e+07 6.833098e+07 6.935125e+07 7.400503e+07 7.965186e+07 8.117983e+07 8.240018e+07 8.445341e+07 8.623916e+07 8.778801e+07 8.908430e+07 9.013118e+07 9.094977e+07 9.156916e+07 9.262186e+07 9.186736e+07 9.041785e+07 8.874156e+07 8.703778e+07 8.538859e+07 8.236705e+07 7.975688e+07 7.751138e+07 7.551796e+07 7.364992e+07 7.180920e+07
6.747064e+07 6.747064e+07 6.747064e+07 6.747064e+07 6.747064e+07 6.847760e+07 7.307065e+07 7.864356e+07 8.015111e+07 8.135471e+07 8.337861e+07 8.513784e+07 8.666316e+07 8.793948e+07 8.897007e+07 8.977582e+07 9.038545e+07 9.142182e+07 9.068091e+07 8.925771e+07 8.761309e+07 8.594298e+07 8.432746e+07 8.136788e+07 7.880925e+07 7.660863e+07 7.466064e+07 7.284343e+07 7.105950e+07
6.663252e+07 6.663252e+07 6.663252e+07 6.663252e+07 6.663252e+07 6.762649e+07 7.216028e+07 7.766108e+07 7.914872e+07 8.033597e+07 8.233127e+07 8.406464e+07 8.556701e+07 8.682383e+07 8.783851e+07 8.863173e+07 8.923182e+07 9.025221e+07 8.952444e+07 8.812664e+07 8.651255e+07 8.487484e+07 8.329175e+07 8.039203e+07 7.788326e+07 7.572571e+07 7.382075e+07 7.205151e+07 7.032140e+07
