1.284809e+05 8.582228e+04 6.957279e+04 3.721482e+04 2.785502e+04 1.477342e+04 1.180251e+04 9.857380e+03 9.409413e+03 9.102968e+03 8.732235e+03 8.547369e+03 8.463140e+03 8.427702e+03 8.405163e+03 8.370954e+03 8.309870e+03 7.518124e+03 6.389011e+03 5.466635e+03 4.839440e+03 4.428848e+03 4.156289e+03 3.850751e+03 3.746875e+03 3.808494e+03 4.044336e+03 4.476920e+03 5.130413e+03
1.431300e+04 1.431301e+04 1.431292e+04 1.429739e+04 1.420218e+04 1.264654e+04 1.109518e+04 9.643351e+03 9.265434e+03 8.999906e+03 8.673938e+03 8.512706e+03 8.442750e+03 8.416384e+03 8.399585e+03 8.368837e+03 8.309633e+03 7.517519e+03 6.386640e+03 5.464340e+03 4.837771e+03 4.427722e+03 4.155532e+03 3.850459e+03 3.747033e+03 3.809277e+03 4.045977e+03 4.479663e+03 5.134492e+03
1.140635e+04 1.140637e+04 1.140639e+04 1.140577e+04 1.139952e+04 1.111033e+04 1.035510e+04 9.394573e+03 9.100621e+03 8.883745e+03 8.609985e+03 8.475562e+03 8.421396e+03 8.404832e+03 8.394095e+03 8.366911e+03 8.309579e+03 7.516786e+03 6.384091e+03 5.461922e+03 4.836028e+03 4.426551e+03 4.154746e+03 3.850154e+03 3.747190e+03 3.810069e+03 4.047636e+03 4.482434e+03 5.138608e+03
1.022530e+04 1.022531e+04 1.022534e+04 1.022565e+04 1.022483e+04 1.006344e+04 9.855043e+03 9.135904e+03 8.923412e+03 8.758121e+03 8.541456e+03 8.436418e+03 8.399338e+03 8.393201e+03 8.388784e+03 8.365226e+03 8.309729e+03 7.515909e+03 6.381354e+03 5.459378e+03 4.834210e+03 4.425334e+03 4.153932e+03 3.849838e+03 3.747346e+03 3.810869e+03 4.049313e+03 4.485231e+03 5.142761e+03
9.557086e+03 9.557092e+03 9.557109e+03 9.557387e+03 9.557485e+03 9.472687e+03 9.382796e+03 8.924559e+03 8.750922e+03 8.629611e+03 8.469928e+03 8.395866e+03 8.376869e+03 8.381651e+03 8.383739e+03 8.363822e+03 8.310095e+03 7.514866e+03 6.378418e+03 5.456702e+03 4.832314e+03 4.424071e+03 4.153087e+03 3.849510e+03 3.747500e+03 3.811677e+03 4.051007e+03 4.488056e+03 5.146951e+03
9.122557e+03 9.122561e+03 9.122573e+03 9.122822e+03 9.123168e+03 9.083962e+03 8.996157e+03 8.782058e+03 8.617655e+03 8.510678e+03 8.398054e+03 8.354764e+03 8.354353e+03 8.370357e+03 8.379044e+03 8.362734e+03 8.310683e+03 7.513634e+03 6.375270e+03 5.453889e+03 4.830338e+03 4.422760e+03 4.152213e+03 3.849169e+03 3.747653e+03 3.812494e+03 4.052720e+03 4.490909e+03 5.151179e+03
8.820596e+03 8.820599e+03 8.820608e+03 8.820815e+03 8.821230e+03 8.804366e+03 8.721975e+03 8.651921e+03 8.529081e+03 8.423838e+03 8.330315e+03 8.314457e+03 8.332301e+03 8.359542e+03 8.374797e+03 8.361997e+03 8.311494e+03 7.512187e+03 6.371897e+03 5.450935e+03 4.828279e+03 4.421399e+03 4.151307e+03 3.848815e+03 3.747805e+03 3.813319e+03 4.054451e+03 4.493790e+03 5.155444e+03
8.602474e+03 8.602476e+03 8.602483e+03 8.602656e+03 8.603037e+03 8.595641e+03 8.529286e+03 8.516430e+03 8.452471e+03 8.368468e+03 8.273996e+03 8.277033e+03 8.311475e+03 8.349517e+03 8.371124e+03 8.361654e+03 8.312529e+03 7.510497e+03 6.368287e+03 5.447833e+03 4.826136e+03 4.419988e+03 4.150370e+03 3.848448e+03 3.747955e+03 3.814153e+03 4.056200e+03 4.496699e+03 5.159747e+03
8.436396e+03 8.436399e+03 8.436405e+03 8.436564e+03 8.436932e+03 8.435002e+03 8.387550e+03 8.384177e+03 8.373276e+03 8.324216e+03 8.240244e+03 8.245615e+03 8.292989e+03 8.340725e+03 8.368203e+03 8.361763e+03 8.313791e+03 7.508535e+03 6.364427e+03 5.444578e+03 4.823906e+03 4.418526e+03 4.149400e+03 3.848069e+03 3.748104e+03 3.814996e+03 4.057968e+03 4.499637e+03 5.164089e+03
8.308346e+03 8.308348e+03 8.308353e+03 8.308490e+03 8.308826e+03 8.309836e+03 8.278782e+03 8.267858e+03 8.291351e+03 8.280416e+03 8.225103e+03 8.224961e+03 8.278427e+03 8.333793e+03 8.366286e+03 8.362414e+03 8.315298e+03 7.506268e+03 6.360302e+03 5.441165e+03 4.821586e+03 4.417011e+03 4.148398e+03 3.847676e+03 3.748251e+03 3.815848e+03 4.059755e+03 4.502603e+03 5.168469e+03
8.208970e+03 8.208972e+03 8.208976e+03 8.209097e+03 8.209407e+03 8.212160e+03 8.193614e+03 8.174104e+03 8.213200e+03 8.234250e+03 8.219417e+03 8.221083e+03 8.270000e+03 8.329588e+03 8.365729e+03 8.363743e+03 8.317085e+03 7.503665e+03 6.355899e+03 5.437588e+03 4.819175e+03 4.415443e+03 4.147362e+03 3.847270e+03 3.748397e+03 3.816708e+03 4.061561e+03 4.505599e+03 5.172888e+03
7.983925e+03 7.983925e+03 7.983928e+03 7.984009e+03 7.984241e+03 7.989477e+03 7.998085e+03 8.001472e+03 8.025079e+03 8.078333e+03 8.216481e+03 8.315619e+03 8.369599e+03 8.398884e+03 8.407606e+03 8.390429e+03 8.333951e+03 7.484597e+03 6.329237e+03 5.417071e+03 4.805665e+03 4.406754e+03 4.141657e+03 3.845027e+03 3.749106e+03 3.821150e+03 4.070884e+03 4.521021e+03 5.195576e+03
8.068370e+03 8.068371e+03 8.068376e+03 8.068523e+03 8.068924e+03 8.077590e+03 8.095910e+03 8.138821e+03 8.162148e+03 8.196578e+03 8.312879e+03 8.450809e+03 8.547732e+03 8.582150e+03 8.561112e+03 8.495362e+03 8.391782e+03 7.454029e+03 6.293811e+03 5.391739e+03 4.789543e+03 4.396558e+03 4.135018e+03 3.842415e+03 3.749777e+03 3.825833e+03 4.080712e+03 4.537206e+03 5.219281e+03
8.406652e+03 8.406653e+03 8.406655e+03 8.406712e+03 8.406884e+03 8.412599e+03 8.428431e+03 8.474074e+03 8.496001e+03 8.516458e+03 8.568372e+03 8.643689e+03 8.714563e+03 8.743887e+03 8.713786e+03 8.625549e+03 8.488883e+03 7.414630e+03 6.249066e+03 5.361240e+03 4.770624e+03 4.384746e+03 4.127379e+03 3.839410e+03 3.750411e+03 3.830773e+03 4.091070e+03 4.554186e+03 5.244039e+03
8.866460e+03 8.866461e+03 8.866462e+03 8.866513e+03 8.866667e+03 8.871108e+03 8.881343e+03 8.897650e+03 8.898483e+03 8.893339e+03 8.873879e+03 8.861766e+03 8.859651e+03 8.846137e+03 8.796514e+03 8.697358e+03 8.548314e+03 7.379191e+03 6.196226e+03 5.325685e+03 4.748868e+03 4.371263e+03 4.118694e+03 3.835993e+03 3.751011e+03 3.835986e+03 4.101984e+03 4.571996e+03 5.269889e+03
9.254845e+03 9.254845e+03 9.254845e+03 9.254861e+03 9.254879e+03 9.252005e+03 9.240722e+03 9.201882e+03 9.176181e+03 9.146350e+03 9.076891e+03 9.005372e+03 8.940988e+03 8.877368e+03 8.797590e+03 8.685544e+03 8.533049e+03 7.342365e+03 6.139226e+03 5.285872e+03 4.724459e+03 4.356137e+03 4.108953e+03 3.832155e+03 3.751583e+03 3.841491e+03 4.113483e+03 4.590668e+03 5.296871e+03
9.256861e+03 9.256860e+03 9.256859e+03 9.256815e+03 9.256677e+03 9.253409e+03 9.245806e+03 9.217080e+03 9.194978e+03 9.167661e+03 9.098192e+03 9.014041e+03 8.923480e+03 8.828875e+03 8.723907e+03 8.598208e+03 8.443327e+03 7.283745e+03 6.085528e+03 5.243501e+03 4.697875e+03 4.339508e+03 4.098191e+03 3.827897e+03 3.752137e+03 3.847310e+03 4.125596e+03 4.610240e+03 5.325025e+03
9.071708e+03 9.071708e+03 9.071708e+03 9.071707e+03 9.071701e+03 9.071352e+03 9.069867e+03 9.058718e+03 9.046833e+03 9.029716e+03 8.978191e+03 8.904094e+03 8.811937e+03 8.706357e+03 8.587783e+03 8.452517e+03 8.295699e+03 7.194069e+03 6.032023e+03 5.201524e+03 4.669955e+03 4.321659e+03 4.086509e+03 3.823238e+03 3.752690e+03 3.853465e+03 4.138354e+03 4.630748e+03 5.354393e+03
8.867040e+03 8.867040e+03 8.867040e+03 8.867039e+03 8.867036e+03 8.866808e+03 8.865266e+03 8.854272e+03 8.843432e+03 8.828271e+03 8.783378e+03 8.717352e+03 8.630395e+03 8.524852e+03 8.402737e+03 8.264142e+03 8.107745e+03 7.073491e+03 5.972483e+03 5.163843e+03 4.641975e+03 4.303039e+03 4.074083e+03 3.818219e+03 3.753266e+03 3.859985e+03 4.151791e+03 4.652230e+03 5.385016e+03
8.641403e+03 8.641403e+03 8.641403e+03 8.641401e+03 8.641386e+03 8.640239e+03 8.635476e+03 8.615074e+03 8.600186e+03 8.582334e+03 8.537009e+03 8.476255e+03 8.396962e+03 8.298071e+03 8.180385e+03 8.045126e+03 7.893153e+03 6.928433e+03 5.903920e+03 5.128139e+03 4.615931e+03 4.284294e+03 4.061179e+03 3.812903e+03 3.753899e+03 3.866903e+03 4.165942e+03 4.674727e+03 5.416940e+03
8.326316e+03 8.326316e+03 8.326315e+03 8.326303e+03 8.326264e+03 8.325051e+03 8.321146e+03 8.305089e+03 8.293132e+03 8.278652e+03 8.241716e+03 8.191838e+03 8.125071e+03 8.038534e+03 7.931675e+03 7.805690e+03 7.662507e+03 6.767776e+03 5.825811e+03 5.091847e+03 4.593640e+03 4.266321e+03 4.048163e+03 3.807385e+03 3.754635e+03 3.874255e+03 4.180847e+03 4.698281e+03 5.450209e+03
7.966982e+03 7.966982e+03 7.966982e+03 7.966977e+03 7.966961e+03 7.966453e+03 7.965109e+03 7.958662e+03 7.952650e+03 7.944431e+03 7.920615e+03 7.884780e+03 7.832979e+03 7.761592e+03 7.669072e+03 7.556136e+03 7.425001e+03 6.600103e+03 5.739587e+03 5.053478e+03 4.573394e+03 4.250506e+03 4.035522e+03 3.801793e+03 3.755530e+03 3.882086e+03 4.196548e+03 4.722936e+03 5.484870e+03
7.635401e+03 7.635401e+03 7.635400e+03 7.635397e+03 7.635387e+03 7.635055e+03 7.633977e+03 7.629356e+03 7.625460e+03 7.620218e+03 7.604623e+03 7.579531e+03 7.540520e+03 7.483264e+03 7.405269e+03 7.306475e+03 7.188810e+03 6.432365e+03 5.647880e+03 5.012331e+03 4.553823e+03 4.237550e+03 4.023913e+03 3.796290e+03 3.756659e+03 3.890447e+03 4.213091e+03 4.748740e+03 5.520972e+03
7.329950e+03 7.329950e+03 7.329950e+03 7.329949e+03 7.329948e+03 7.329836e+03 7.329246e+03 7.326068e+03 7.323315e+03 7.319658e+03 7.308844e+03 7.290868e+03 7.261302e+03 7.215493e+03 7.150277e+03 7.064816e+03 6.960467e+03 6.269581e+03 5.553743e+03 4.968392e+03 4.533993e+03 4.226255e+03 4.014345e+03 3.791086e+03 3.758110e+03 3.899395e+03 4.230527e+03 4.775741e+03 5.558566e+03
7.051811e+03 7.051811e+03 7.051811e+03 7.051810e+03 7.051806e+03 7.051668e+03 7.051210e+03 7.049169e+03 7.047415e+03 7.045037e+03 7.037708e+03 7.024726e+03 7.002001e+03 6.965000e+03 6.910298e+03 6.836514e+03 6.744417e+03 6.115015e+03 5.460055e+03 4.922178e+03 4.513288e+03 4.215782e+03 4.006950e+03 3.786436e+03 3.759992e+03 3.908999e+03 4.248912e+03 4.803993e+03 5.597703e+03
6.800779e+03 6.800779e+03 6.800779e+03 6.800779e+03 6.800777e+03 6.800718e+03 6.800562e+03 6.799766e+03 6.798860e+03 6.797458e+03 6.792565e+03 6.782977e+03 6.765072e+03 6.734656e+03 6.688325e+03 6.624390e+03 6.543134e+03 5.970549e+03 5.369172e+03 4.874546e+03 4.491387e+03 4.205507e+03 4.000914e+03 3.782661e+03 3.762431e+03 3.919336e+03 4.268307e+03 4.833551e+03 5.638440e+03
6.579434e+03 6.579434e+03 6.579434e+03 6.579433e+03 6.579432e+03 6.579391e+03 6.579279e+03 6.578552e+03 6.577769e+03 6.576613e+03 6.572712e+03 6.565048e+03 6.550371e+03 6.524815e+03 6.485098e+03 6.429376e+03 6.357559e+03 5.837055e+03 5.282819e+03 4.826492e+03 4.468226e+03 4.194966e+03 3.995695e+03 3.780196e+03 3.765579e+03 3.930494e+03 4.288779e+03 4.864476e+03 5.680833e+03
6.381582e+03 6.381582e+03 6.381582e+03 6.381582e+03 6.381583e+03 6.381559e+03 6.381369e+03 6.380279e+03 6.379368e+03 6.378197e+03 6.374746e+03 6.368364e+03 6.356078e+03 6.334323e+03 6.299997e+03 6.251215e+03 6.187631e+03 5.714731e+03 5.202109e+03 4.778994e+03 4.443955e+03 4.183844e+03 3.990875e+03 3.779604e+03 3.769611e+03 3.942574e+03 4.310402e+03 4.896832e+03 5.724943e+03
6.199790e+03 6.199790e+03 6.199790e+03 6.199790e+03 6.199789e+03 6.199736e+03 6.199545e+03 6.198781e+03 6.198200e+03 6.197444e+03 6.195056e+03 6.190164e+03 6.180089e+03 6.161615e+03 6.131897e+03 6.089116e+03 6.032782e+03 5.603357e+03 5.127645e+03 4.732903e+03 4.418866e+03 4.171966e+03 3.986129e+03 3.780631e+03 3.774738e+03 3.955686e+03 4.333256e+03 4.930687e+03 5.770834e+03
6.032730e+03 6.032730e+03 6.032730e+03 6.032732e+03 6.032736e+03 6.032864e+03 6.033150e+03 6.033660e+03 6.033739e+03 6.033632e+03 6.032550e+03 6.029146e+03 6.021066e+03 6.005445e+03 5.979718e+03 5.942180e+03 5.892261e+03 5.502475e+03 5.059640e+03 4.688888e+03 4.393336e+03 4.159285e+03 3.981213e+03 3.782927e+03 3.781215e+03 3.969960e+03 4.357432e+03 4.966115e+03 5.818572e+03
5.887526e+03 5.887526e+03 5.887526e+03 5.887525e+03 5.887526e+03 5.887550e+03 5.887612e+03 5.887797e+03 5.887856e+03 5.887826e+03 5.887175e+03 5.884639e+03 5.878046e+03 5.864774e+03 5.842464e+03 5.809505e+03 5.765270e+03 5.411506e+03 4.998028e+03 4.647424e+03 4.367764e+03 4.145862e+03 3.975972e+03 3.786256e+03 3.789410e+03 3.985538e+03 4.383027e+03 5.003196e+03 5.868229e+03
5.757602e+03 5.757602e+03 5.757602e+03 5.757603e+03 5.757605e+03 5.757667e+03 5.757787e+03 5.757870e+03 5.757810e+03 5.757690e+03 5.757108e+03 5.755117e+03 5.749703e+03 5.738428e+03 5.719093e+03 5.690169e+03 5.650984e+03 5.329819e+03 4.942554e+03 4.608798e+03 4.342537e+03 4.131839e+03 3.970327e+03 3.790434e+03 3.799571e+03 4.002585e+03 4.410148e+03 5.042014e+03 5.919879e+03
5.640430e+03 5.640430e+03 5.640430e+03 5.640430e+03 5.640430e+03 5.640403e+03 5.640275e+03 5.640007e+03 5.639984e+03 5.640022e+03 5.640000e+03 5.638849e+03 5.634678e+03 5.625266e+03 5.608610e+03 5.583283e+03 5.548599e+03 5.256764e+03 4.892846e+03 4.573145e+03 4.317991e+03 4.117412e+03 3.964274e+03 3.795316e+03 3.811467e+03 4.021290e+03 4.438913e+03 5.082661e+03 5.973601e+03
5.529919e+03 5.529919e+03 5.529919e+03 5.529922e+03 5.529933e+03 5.530253e+03 5.531006e+03 5.532744e+03 5.533562e+03 5.534306e+03 5.535404e+03 5.535239e+03 5.532245e+03 5.524496e+03 5.510205e+03 5.488057e+03 5.457359e+03 5.191693e+03 4.848463e+03 4.540474e+03 4.294406e+03 4.102810e+03 3.957871e+03 3.800791e+03 3.824949e+03 4.041891e+03 4.469451e+03 5.125237e+03 6.029481e+03
5.441516e+03 5.441516e+03 5.441516e+03 5.441517e+03 5.441517e+03 5.441537e+03 5.441617e+03 5.442201e+03 5.442670e+03 5.443191e+03 5.444136e+03 5.444196e+03 5.441889e+03 5.435422e+03 5.423124e+03 5.403733e+03 5.376526e+03 5.133967e+03 4.808939e+03 4.510704e+03 4.271998e+03 4.088273e+03 3.951227e+03 3.806784e+03 3.839915e+03 4.064717e+03 4.501908e+03 5.169847e+03 6.087607e+03
5.363130e+03 5.363130e+03 5.363131e+03 5.363131e+03 5.363131e+03 5.363145e+03 5.363186e+03 5.363308e+03 5.363422e+03 5.363611e+03 5.364140e+03 5.364220e+03 5.362433e+03 5.357059e+03 5.346497e+03 5.329513e+03 5.305354e+03 5.082964e+03 4.773800e+03 4.483692e+03 4.250923e+03 4.074035e+03 3.944489e+03 3.813252e+03 3.856290e+03 4.089810e+03 4.536446e+03 5.216608e+03 6.148075e+03
5.290834e+03 5.290834e+03 5.290834e+03 5.290834e+03 5.290833e+03 5.290819e+03 5.290798e+03 5.290986e+03 5.291299e+03 5.291756e+03 5.292906e+03 5.293664e+03 5.292708e+03 5.288479e+03 5.279514e+03 5.264649e+03 5.243129e+03 5.038087e+03 4.742590e+03 4.459263e+03 4.231286e+03 4.060317e+03 3.937829e+03 3.820186e+03 3.874018e+03 4.117037e+03 4.573256e+03 5.265645e+03 6.210986e+03
5.222914e+03 5.222914e+03 5.222914e+03 5.222918e+03 5.222929e+03 5.223264e+03 5.224097e+03 5.226337e+03 5.227547e+03 5.228762e+03 5.231055e+03 5.232648e+03 5.232483e+03 5.229236e+03 5.221606e+03 5.208511e+03 5.189199e+03 4.998763e+03 4.714881e+03 4.437224e+03 4.213154e+03 4.047321e+03 3.931434e+03 3.827610e+03 3.893058e+03 4.146338e+03 4.612580e+03 5.317094e+03 6.276449e+03
5.175796e+03 5.175796e+03 5.175796e+03 5.175797e+03 5.175797e+03 5.175812e+03 5.175933e+03 5.176847e+03 5.177583e+03 5.178432e+03 5.180248e+03 5.181660e+03 5.181632e+03 5.178894e+03 5.172191e+03 5.160455e+03 5.142905e+03 4.964454e+03 4.690285e+03 4.417387e+03 4.196561e+03 4.035225e+03 3.925497e+03 3.835575e+03 3.913386e+03 4.177677e+03 4.654690e+03 5.371108e+03 6.344579e+03
5.136586e+03 5.136586e+03 5.136586e+03 5.136586e+03 5.136587e+03 5.136609e+03 5.136659e+03 5.136812e+03 5.136986e+03 5.137277e+03 5.138185e+03 5.139071e+03 5.138913e+03 5.136442e+03 5.130400e+03 5.119702e+03 5.103531e+03 4.934660e+03 4.668459e+03 4.399575e+03 4.181526e+03 4.024187e+03 3.920213e+03 3.844158e+03 3.934996e+03 4.211031e+03 4.699526e+03 5.427858e+03 6.415503e+03
5.099439e+03 5.099439e+03 5.099439e+03 5.099439e+03 5.099439e+03 5.099438e+03 5.099449e+03 5.099709e+03 5.100010e+03 5.100437e+03 5.101591e+03 5.102699e+03 5.102815e+03 5.100754e+03 5.095325e+03 5.085474e+03 5.070383e+03 4.908927e+03 4.649110e+03 4.383636e+03 4.168055e+03 4.014344e+03 3.915766e+03 3.853456e+03 3.957896e+03 4.246389e+03 4.747035e+03 5.487546e+03 6.489355e+03
5.064690e+03 5.064690e+03 5.064690e+03 5.064691e+03 5.064695e+03 5.064828e+03 5.065226e+03 5.066615e+03 5.067512e+03 5.068493e+03 5.070553e+03 5.072305e+03 5.072907e+03 5.071299e+03 5.066388e+03 5.057180e+03 5.042878e+03 4.886853e+03 4.631994e+03 4.369443e+03 4.156151e+03 4.005819e+03 3.912336e+03 3.863584e+03 3.982110e+03 4.283750e+03 4.797203e+03 5.550441e+03 6.566282e+03
5.040638e+03 5.040638e+03 5.040638e+03 5.040639e+03 5.040645e+03 5.040809e+03 5.041283e+03 5.042805e+03 5.043746e+03 5.044761e+03 5.046873e+03 5.048674e+03 5.049350e+03 5.047880e+03 5.043202e+03 5.034342e+03 5.020510e+03 4.868087e+03 4.616923e+03 4.356902e+03 4.145823e+03 3.998718e+03 3.910090e+03 3.874671e+03 4.007678e+03 4.323120e+03 4.850028e+03 5.616705e+03 6.646448e+03
5.027483e+03 5.027483e+03 5.027483e+03 5.027484e+03 5.027484e+03 5.027499e+03 5.027548e+03 5.027898e+03 5.028255e+03 5.028745e+03 5.030024e+03 5.031258e+03 5.031578e+03 5.029916e+03 5.025185e+03 5.016397e+03 5.002744e+03 4.852330e+03 4.603756e+03 4.345951e+03 4.137083e+03 3.993140e+03 3.909184e+03 3.886854e+03 4.034653e+03 4.364515e+03 4.905521e+03 5.686276e+03 6.730037e+03
5.015379e+03 5.015379e+03 5.015379e+03 5.015379e+03 5.015379e+03 5.015386e+03 5.015409e+03 5.015654e+03 5.015927e+03 5.016309e+03 5.017319e+03 5.018258e+03 5.018305e+03 5.016424e+03 5.011544e+03 5.002677e+03 4.989013e+03 4.839341e+03 4.592404e+03 4.336556e+03 4.129954e+03 3.989175e+03 3.909763e+03 3.900277e+03 4.063103e+03 4.407958e+03 4.963698e+03 5.759144e+03 6.817273e+03
5.003631e+03 5.003631e+03 5.003631e+03 5.003632e+03 5.003636e+03 5.003764e+03 5.004126e+03 5.005189e+03 5.005789e+03 5.006411e+03 5.007667e+03 5.008629e+03 5.008588e+03 5.006580e+03 5.001571e+03 4.992586e+03 4.978819e+03 4.828944e+03 4.582823e+03 4.328716e+03 4.124467e+03 3.986907e+03 3.911962e+03 3.915086e+03 4.093106e+03 4.453485e+03 5.024580e+03 5.835321e+03 6.908441e+03
4.999127e+03 4.999127e+03 4.999127e+03 4.999127e+03 4.999128e+03 4.999132e+03 4.999177e+03 4.999564e+03 4.999913e+03 5.000344e+03 5.001338e+03 5.002133e+03 5.001978e+03 4.999887e+03 4.994799e+03 4.985716e+03 4.971818e+03 4.821045e+03 4.575013e+03 4.322455e+03 4.120666e+03 3.986420e+03 3.915905e+03 3.931427e+03 4.124753e+03 4.501135e+03 5.088197e+03 5.914829e+03 7.003586e+03
4.995560e+03 4.995560e+03 4.995560e+03 4.995561e+03 4.995563e+03 4.995617e+03 4.995748e+03 4.996144e+03 4.996407e+03 4.996723e+03 4.997503e+03 4.998195e+03 4.998051e+03 4.996025e+03 4.990986e+03 4.981887e+03 4.967880e+03 4.815629e+03 4.569009e+03 4.317816e+03 4.118604e+03 3.987792e+03 3.921710e+03 3.949445e+03 4.158140e+03 4.550961e+03 5.154581e+03 5.997700e+03 7.102679e+03
4.993584e+03 4.993584e+03 4.993584e+03 4.993585e+03 4.993585e+03 4.993609e+03 4.993675e+03 4.993929e+03 4.994150e+03 4.994464e+03 4.995386e+03 4.996394e+03 4.996651e+03 4.995001e+03 4.990223e+03 4.981216e+03 4.967117e+03 4.812752e+03 4.564875e+03 4.314863e+03 4.118342e+03 3.991102e+03 3.929486e+03 3.969282e+03 4.193375e+03 4.603022e+03 5.223772e+03 6.083968e+03 7.205734e+03
4.991857e+03 4.991857e+03 4.991857e+03 4.991857e+03 4.991856e+03 4.991852e+03 4.991903e+03 4.992382e+03 4.992867e+03 4.993537e+03 4.995355e+03 4.997332e+03 4.998459e+03 4.997465e+03 4.993069e+03 4.984154e+03 4.969878e+03 4.812507e+03 4.562689e+03 4.313673e+03 4.119949e+03 3.996430e+03 3.939335e+03 3.991075e+03 4.230569e+03 4.657386e+03 5.295814e+03 6.173672e+03 7.312779e+03
4.991413e+03 4.991413e+03 4.991413e+03 4.991414e+03 4.991418e+03 4.991556e+03 4.991996e+03 4.993788e+03 4.995075e+03 4.996563e+03 4.999903e+03 5.003116e+03 5.005129e+03 5.004651e+03 5.000412e+03 4.991321e+03 4.976585e+03 4.814978e+03 4.562537e+03 4.314329e+03 4.123501e+03 4.003853e+03 3.951354e+03 4.014958e+03 4.269839e+03 4.714129e+03 5.370760e+03 6.266858e+03 7.423854e+03
5.001867e+03 5.001867e+03 5.001867e+03 5.001870e+03 5.001878e+03 5.002135e+03 5.002913e+03 5.005575e+03 5.007255e+03 5.009074e+03 5.012881e+03 5.016318e+03 5.018320e+03 5.017597e+03 5.012873e+03 5.003072e+03 4.987430e+03 4.820194e+03 4.564497e+03 4.316924e+03 4.129078e+03 4.013449e+03 3.965636e+03 4.041059e+03 4.311303e+03 4.773334e+03 5.448664e+03 6.363571e+03 7.539001e+03
5.029649e+03 5.029649e+03 5.029649e+03 5.029649e+03 5.029649e+03 5.029670e+03 5.029832e+03 5.030834e+03 5.031650e+03 5.032635e+03 5.034925e+03 5.037041e+03 5.037857e+03 5.035994e+03 5.030103e+03 5.019067e+03 5.002111e+03 4.828112e+03 4.568648e+03 4.321551e+03 4.136762e+03 4.025298e+03 3.982270e+03 4.069500e+03 4.355086e+03 4.835092e+03 5.529592e+03 6.463864e+03 7.658268e+03
5.060737e+03 5.060737e+03 5.060737e+03 5.060738e+03 5.060738e+03 5.060740e+03 5.060727e+03 5.060683e+03 5.060732e+03 5.060879e+03 5.061455e+03 5.061954e+03 5.061278e+03 5.058003e+03 5.050724e+03 5.038278e+03 5.019869e+03 4.838643e+03 4.575065e+03 4.328309e+03 4.146641e+03 4.039477e+03 4.001339e+03 4.100399e+03 4.401310e+03 4.899501e+03 5.613612e+03 6.567793e+03 7.781705e+03
5.087953e+03 5.087953e+03 5.087953e+03 5.087953e+03 5.087952e+03 5.087926e+03 5.087849e+03 5.087644e+03 5.087560e+03 5.087512e+03 5.087511e+03 5.087247e+03 5.085693e+03 5.081455e+03 5.073124e+03 5.059524e+03 5.039858e+03 4.851717e+03 4.583834e+03 4.337300e+03 4.158802e+03 4.056065e+03 4.022927e+03 4.133869e+03 4.450100e+03 4.966663e+03 5.700801e+03 6.675418e+03 7.909367e+03
5.110610e+03 5.110610e+03 5.110610e+03 5.110610e+03 5.110611e+03 5.110644e+03 5.110736e+03 5.110991e+03 5.111126e+03 5.111264e+03 5.111499e+03 5.111289e+03 5.109628e+03 5.105123e+03 5.096345e+03 5.082100e+03 5.061585e+03 4.867350e+03 4.595057e+03 4.348626e+03 4.173335e+03 4.075141e+03 4.047114e+03 4.170020e+03 4.501581e+03 5.036687e+03 5.791240e+03 6.786804e+03 8.041311e+03
5.132708e+03 5.132708e+03 5.132708e+03 5.132708e+03 5.132709e+03 5.132738e+03 5.132826e+03 5.133149e+03 5.133370e+03 5.133626e+03 5.134190e+03 5.134406e+03 5.133190e+03 5.129041e+03 5.120427e+03 5.106078e+03 5.085158e+03 4.885693e+03 4.608858e+03 4.362395e+03 4.190327e+03 4.096781e+03 4.073977e+03 4.208956e+03 4.555878e+03 5.109687e+03 5.885019e+03 6.902020e+03 8.177595e+03
5.154614e+03 5.154614e+03 5.154614e+03 5.154614e+03 5.154615e+03 5.154642e+03 5.154720e+03 5.155014e+03 5.155264e+03 5.155621e+03 5.156674e+03 5.157718e+03 5.157487e+03 5.154262e+03 5.146329e+03 5.132302e+03 5.111300e+03 4.907025e+03 4.625373e+03 4.378711e+03 4.209870e+03 4.121063e+03 4.103594e+03 4.250780e+03 4.613116e+03 5.185781e+03 5.982233e+03 7.021140e+03 8.318284e+03
5.176067e+03 5.176067e+03 5.176067e+03 5.176067e+03 5.176068e+03 5.176087e+03 5.176147e+03 5.176635e+03 5.177215e+03 5.178071e+03 5.180504e+03 5.183191e+03 5.184584e+03 5.182736e+03 5.175773e+03 5.162227e+03 5.141199e+03 4.931691e+03 4.644743e+03 4.397679e+03 4.232049e+03 4.148065e+03 4.136039e+03 4.295591e+03 4.673418e+03 5.265091e+03 6.082982e+03 7.144245e+03 8.463442e+03
5.196972e+03 5.196972e+03 5.196972e+03 5.196975e+03 5.196986e+03 5.197297e+03 5.198098e+03 5.200823e+03 5.202687e+03 5.204837e+03 5.209739e+03 5.214596e+03 5.217753e+03 5.217180e+03 5.210949e+03 5.197572e+03 5.176179e+03 4.960012e+03 4.667091e+03 4.419394e+03 4.256950e+03 4.177862e+03 4.171389e+03 4.343486e+03 4.736910e+03 5.347744e+03 6.187373e+03 7.271418e+03 8.613140e+03
5.234506e+03 5.234506e+03 5.234506e+03 5.234510e+03 5.234520e+03 5.234863e+03 5.235887e+03 5.239558e+03 5.242020e+03 5.244785e+03 5.250849e+03 5.256653e+03 5.260447e+03 5.260124e+03 5.253701e+03 5.239676e+03 5.217205e+03 4.992176e+03 4.692510e+03 4.443947e+03 4.284657e+03 4.210531e+03 4.209717e+03 4.394562e+03 4.803714e+03 5.433867e+03 6.295518e+03 7.402749e+03 8.767450e+03
5.294642e+03 5.294642e+03 5.294642e+03 5.294644e+03 5.294649e+03 5.294831e+03 5.295403e+03 5.297769e+03 5.299529e+03 5.301611e+03 5.306420e+03 5.311099e+03 5.313794e+03 5.312272e+03 5.304451e+03 5.288772e+03 5.264391e+03 5.028179e+03 4.721052e+03 4.471417e+03 4.315252e+03 4.246146e+03 4.251098e+03 4.448914e+03 4.873955e+03 5.523594e+03 6.407535e+03 7.538334e+03 8.926447e+03
5.366349e+03 5.366349e+03 5.366349e+03 5.366349e+03 5.366350e+03 5.366430e+03 5.366701e+03 5.367809e+03 5.368664e+03 5.369732e+03 5.372380e+03 5.374902e+03 5.375485e+03 5.371836e+03 5.361794e+03 5.343755e+03 5.316868e+03 5.067820e+03 4.752737e+03 4.501880e+03 4.348814e+03 4.284785e+03 4.295609e+03 4.506638e+03 4.947757e+03 5.617061e+03 6.523548e+03 7.678272e+03 9.090213e+03
5.440538e+03 5.440538e+03 5.440538e+03 5.440538e+03 5.440538e+03 5.440544e+03 5.440560e+03 5.440703e+03 5.440903e+03 5.441229e+03 5.442188e+03 5.442833e+03 5.441397e+03 5.435582e+03 5.423208e+03 5.402668e+03 5.373133e+03 5.110782e+03 4.787571e+03 4.535408e+03 4.385423e+03 4.326522e+03 4.343324e+03 4.567829e+03 5.025245e+03 5.714404e+03 6.643684e+03 7.822670e+03 9.258830e+03
5.510248e+03 5.510248e+03 5.510248e+03 5.510249e+03 5.510249e+03 5.510264e+03 5.510304e+03 5.510435e+03 5.510535e+03 5.510672e+03 5.510979e+03 5.510630e+03 5.507893e+03 5.500482e+03 5.486230e+03 5.463549e+03 5.431655e+03 5.156752e+03 4.825564e+03 4.572076e+03 4.425159e+03 4.371436e+03 4.394322e+03 4.632584e+03 5.106545e+03 5.815765e+03 6.768075e+03 7.971637e+03 9.432387e+03
5.576331e+03 5.576331e+03 5.576331e+03 5.576332e+03 5.576332e+03 5.576346e+03 5.576387e+03 5.576546e+03 5.576658e+03 5.576786e+03 5.576963e+03 5.576283e+03 5.572970e+03 5.564698e+03 5.549266e+03 5.525083e+03 5.491390e+03 5.205542e+03 4.866758e+03 4.611965e+03 4.468105e+03 4.419604e+03 4.448682e+03 4.701003e+03 5.191785e+03 5.921287e+03 6.896859e+03 8.125290e+03 9.610975e+03
5.639245e+03 5.639245e+03 5.639245e+03 5.639246e+03 5.639246e+03 5.639265e+03 5.639319e+03 5.639507e+03 5.639628e+03 5.639766e+03 5.639988e+03 5.639384e+03 5.636098e+03 5.627684e+03 5.611829e+03 5.586870e+03 5.552034e+03 5.257168e+03 4.911239e+03 4.655164e+03 4.514344e+03 4.471109e+03 4.506488e+03 4.773186e+03 5.281093e+03 6.031117e+03 7.030177e+03 8.283749e+03 9.794691e+03
5.699505e+03 5.699505e+03 5.699505e+03 5.699505e+03 5.699506e+03 5.699516e+03 5.699540e+03 5.699627e+03 5.699724e+03 5.699893e+03 5.700417e+03 5.700403e+03 5.697830e+03 5.690029e+03 5.674498e+03 5.649453e+03 5.614079e+03 5.311869e+03 4.959140e+03 4.701772e+03 4.563963e+03 4.526031e+03 4.567822e+03 4.849237e+03 5.374602e+03 6.145402e+03 7.168175e+03 8.447140e+03 9.983633e+03
5.756464e+03 5.756464e+03 5.756464e+03 5.756464e+03 5.756464e+03 5.756460e+03 5.756452e+03 5.756654e+03 5.757021e+03 5.757621e+03 5.759397e+03 5.760940e+03 5.759944e+03 5.753490e+03 5.738886e+03 5.714243e+03 5.678716e+03 5.370057e+03 5.010629e+03 4.751896e+03 4.617052e+03 4.584458e+03 4.632775e+03 4.929265e+03 5.472445e+03 6.264295e+03 7.311001e+03 8.615591e+03 1.017791e+04
5.809690e+03 5.809690e+03 5.809690e+03 5.809693e+03 5.809703e+03 5.809974e+03 5.810661e+03 5.812982e+03 5.814592e+03 5.816477e+03 5.820816e+03 5.824758e+03 5.825843e+03 5.821011e+03 5.807465e+03 5.783266e+03 5.747576e+03 5.432223e+03 5.065886e+03 4.805644e+03 4.673701e+03 4.646477e+03 4.701437e+03 5.013380e+03 5.574760e+03 6.387950e+03 7.458810e+03 8.789238e+03 1.037762e+04
5.875571e+03 5.875571e+03 5.875571e+03 5.875575e+03 5.875584e+03 5.875885e+03 5.876818e+03 5.880342e+03 5.882773e+03 5.885545e+03 5.891698e+03 5.897328e+03 5.899808e+03 5.895946e+03 5.882857e+03 5.858562e+03 5.822242e+03 5.498815e+03 5.125085e+03 4.863127e+03 4.734005e+03 4.712180e+03 4.773906e+03 5.101699e+03 5.681688e+03 6.516525e+03 7.611756e+03 8.968218e+03 1.058288e+04
5.962181e+03 5.962181e+03 5.962181e+03 5.962183e+03 5.962190e+03 5.962405e+03 5.963106e+03 5.966029e+03 5.968209e+03 5.970795e+03 5.976745e+03 5.982285e+03 5.984627e+03 5.980427e+03 5.966689e+03 5.941375e+03 5.903666e+03 5.570129e+03 5.188374e+03 4.924452e+03 4.798060e+03 4.781664e+03 4.850282e+03 5.194343e+03 5.793372e+03 6.650179e+03 7.770000e+03 9.152675e+03 1.079380e+04
6.063464e+03 6.063464e+03 6.063464e+03 6.063466e+03 6.063473e+03 6.063687e+03 6.064341e+03 6.066736e+03 6.068416e+03 6.070394e+03 6.074968e+03 6.079079e+03 6.079974e+03 6.074249e+03 6.058831e+03 6.031631e+03 5.991818e+03 5.646263e+03 5.255872e+03 4.989726e+03 4.865966e+03 4.855029e+03 4.930672e+03 5.291438e+03 5.909962e+03 6.789076e+03 7.933706e+03 9.342753e+03 1.101051e+04
6.175951e+03 6.175951e+03 6.175951e+03 6.175952e+03 6.175953e+03 6.176002e+03 6.176187e+03 6.177201e+03 6.178070e+03 6.179181e+03 6.181904e+03 6.184082e+03 6.182992e+03 6.175207e+03 6.157611e+03 6.128084e+03 6.085794e+03 5.727151e+03 5.327672e+03 5.059053e+03 4.937824e+03 4.932380e+03 5.015190e+03 5.393116e+03 6.031611e+03 6.933384e+03 8.103038e+03 9.538602e+03 1.123313e+04
6.288917e+03 6.288917e+03 6.288917e+03 6.288917e+03 6.288919e+03 6.288966e+03 6.289108e+03 6.289661e+03 6.290102e+03 6.290678e+03 6.292090e+03 6.292738e+03 6.289959e+03 6.280331e+03 6.260717e+03 6.228984e+03 6.184305e+03 5.812664e+03 5.403866e+03 5.132543e+03 5.013743e+03 5.013829e+03 5.103954e+03 5.499516e+03 6.158476e+03 7.083271e+03 8.278167e+03 9.740375e+03 1.146178e+04
6.399727e+03 6.399727e+03 6.399727e+03 6.399727e+03 6.399728e+03 6.399755e+03 6.399839e+03 6.400198e+03 6.400487e+03 6.400859e+03 6.401711e+03 6.401618e+03 6.397932e+03 6.387200e+03 6.366237e+03 6.332877e+03 6.286290e+03 5.902741e+03 5.484566e+03 5.210313e+03 5.093837e+03 5.099494e+03 5.197089e+03 5.610785e+03 6.290721e+03 7.238913e+03 8.459264e+03 9.948228e+03 1.169658e+04
6.507277e+03 6.507277e+03 6.507277e+03 6.507277e+03 6.507278e+03 6.507304e+03 6.507383e+03 6.507722e+03 6.508001e+03 6.508370e+03 6.509255e+03 6.509244e+03 6.505605e+03 6.494752e+03 6.473369e+03 6.439204e+03 6.391394e+03 5.997497e+03 5.569919e+03 5.292491e+03 5.178226e+03 5.189500e+03 5.294731e+03 5.727074e+03 6.428515e+03 7.400486e+03 8.646503e+03 1.016232e+04 1.193768e+04
6.611616e+03 6.611616e+03 6.611616e+03 6.611617e+03 6.611618e+03 6.611664e+03 6.611802e+03 6.612331e+03 6.612770e+03 6.613377e+03 6.615015e+03 6.616050e+03 6.613527e+03 6.603604e+03 6.582755e+03 6.548593e+03 6.500211e+03 6.097268e+03 5.660115e+03 5.379214e+03 5.267038e+03 5.283979e+03 5.397021e+03 5.848543e+03 6.572030e+03 7.568170e+03 8.840061e+03 1.038280e+04 1.218521e+04
6.714228e+03 6.714228e+03 6.714228e+03 6.714229e+03 6.714230e+03 6.714276e+03 6.714432e+03 6.715428e+03 6.716426e+03 6.717793e+03 6.721388e+03 6.724651e+03 6.724280e+03 6.716138e+03 6.696487e+03 6.662824e+03 6.614218e+03 6.202569e+03 5.755376e+03 5.470632e+03 5.360409e+03 5.383072e+03 5.504109e+03 5.975362e+03 6.721446e+03 7.742150e+03 9.040118e+03 1.060985e+04 1.243929e+04
6.816960e+03 6.816960e+03 6.816960e+03 6.816964e+03 6.816976e+03 6.817354e+03 6.818425e+03 6.822091e+03 6.824601e+03 6.827517e+03 6.834185e+03 6.840318e+03 6.842418e+03 6.836164e+03 6.817682e+03 6.784402e+03 6.735403e+03 6.313993e+03 5.855937e+03 5.566901e+03 5.458484e+03 5.486930e+03 5.616154e+03 6.107705e+03 6.876950e+03 7.922613e+03 9.246855e+03 1.084363e+04 1.270008e+04
6.940174e+03 6.940174e+03 6.940174e+03 6.940178e+03 6.940190e+03 6.940574e+03 6.941768e+03 6.946359e+03 6.949587e+03 6.953315e+03 6.961724e+03 6.969529e+03 6.973004e+03 6.967635e+03 6.949413e+03 6.915704e+03 6.865595e+03 6.432057e+03 5.962020e+03 5.668182e+03 5.561414e+03 5.595711e+03 5.733326e+03 6.245756e+03 7.038731e+03 8.109752e+03 9.460455e+03 1.108429e+04 1.296770e+04
7.089489e+03 7.089489e+03 7.089489e+03 7.089492e+03 7.089500e+03 7.089765e+03 7.090658e+03 7.094394e+03 7.097203e+03 7.100571e+03 7.108434e+03 7.115820e+03 7.118808e+03 7.112695e+03 7.093327e+03 7.057991e+03 7.005765e+03 6.557091e+03 6.073818e+03 5.774635e+03 5.669360e+03 5.709584e+03 5.855803e+03 6.389708e+03 7.206987e+03 8.303760e+03 9.681105e+03 1.133201e+04 1.324230e+04
7.256973e+03 7.256973e+03 7.256973e+03 7.256975e+03 7.256983e+03 7.257239e+03 7.258036e+03 7.261146e+03 7.263402e+03 7.266080e+03 7.272295e+03 7.277848e+03 7.278883e+03 7.270650e+03 7.248911e+03 7.210897e+03 7.155665e+03 6.689184e+03 6.191494e+03 5.886427e+03 5.782492e+03 5.828728e+03 5.983775e+03 6.539763e+03 7.381921e+03 8.504836e+03 9.908990e+03 1.158696e+04 1.352402e+04
7.438416e+03 7.438416e+03 7.438417e+03 7.438419e+03 7.438427e+03 7.438606e+03 7.439101e+03 7.440976e+03 7.442356e+03 7.444027e+03 7.447963e+03 7.451036e+03 7.449478e+03 7.438520e+03 7.413867e+03 7.372693e+03 7.314036e+03 6.828248e+03 6.315188e+03 6.003728e+03 5.900989e+03 5.953333e+03 6.117439e+03 6.696129e+03 7.563741e+03 8.713181e+03 1.014430e+04 1.184930e+04 1.381301e+04
7.624753e+03 7.624753e+03 7.624753e+03 7.624754e+03 7.624755e+03 7.624788e+03 7.624892e+03 7.625423e+03 7.625946e+03 7.626685e+03 7.628607e+03 7.629557e+03 7.625784e+03 7.612466e+03 7.585220e+03 7.541147e+03 7.479256e+03 6.974152e+03 6.445047e+03 6.126719e+03 6.025041e+03 6.083600e+03 6.257008e+03 6.859025e+03 7.752663e+03 8.928999e+03 1.038722e+04 1.211921e+04 1.410940e+04
7.805871e+03 7.805871e+03 7.805871e+03 7.805871e+03 7.805872e+03 7.805905e+03 7.806007e+03 7.806434e+03 7.806787e+03 7.807270e+03 7.808507e+03 7.808646e+03 7.803941e+03 7.789458e+03 7.760674e+03 7.714582e+03 7.650146e+03 7.126886e+03 6.581247e+03 6.255595e+03 6.154852e+03 6.219741e+03 6.402701e+03 7.028677e+03 7.948905e+03 9.152497e+03 1.063795e+04 1.239686e+04 1.441335e+04
7.982154e+03 7.982154e+03 7.982154e+03 7.982154e+03 7.982156e+03 7.982197e+03 7.982324e+03 7.982842e+03 7.983298e+03 7.983952e+03 7.985761e+03 7.986678e+03 7.982713e+03 7.968644e+03 7.939702e+03 7.892725e+03 7.826624e+03 7.286683e+03 6.724014e+03 6.390567e+03 6.290636e+03 6.361982e+03 6.554752e+03 7.205320e+03 8.152694e+03 9.383886e+03 1.089668e+04 1.268241e+04 1.472498e+04
8.154393e+03 8.154393e+03 8.154393e+03 8.154393e+03 8.154395e+03 8.154435e+03 8.154580e+03 8.155618e+03 8.156713e+03 8.158243e+03 8.162308e+03 8.165770e+03 8.164189e+03 8.151954e+03 8.124015e+03 8.077049e+03 8.009932e+03 7.454044e+03 6.873620e+03 6.531863e+03 6.432623e+03 6.510559e+03 6.713402e+03 7.389199e+03 8.364260e+03 9.623378e+03 1.116359e+04 1.297603e+04 1.504446e+04
8.324587e+03 8.324587e+03 8.324587e+03 8.324592e+03 8.324606e+03 8.325053e+03 8.326318e+03 8.330626e+03 8.333581e+03 8.337029e+03 8.344953e+03 8.352076e+03 8.353659e+03 8.343794e+03 8.317197e+03 8.270421e+03 8.202334e+03 7.629644e+03 7.030373e+03 6.679729e+03 6.581054e+03 6.665722e+03 6.878909e+03 7.580563e+03 8.583838e+03 9.871186e+03 1.143888e+04 1.327789e+04 1.537191e+04
