1.876755e+04 1.123705e+04 8.626510e+03 4.286020e+03 3.379878e+03 2.307490e+03 1.966336e+03 1.729679e+03 1.669595e+03 1.626342e+03 1.574569e+03 1.556834e+03 1.564281e+03 1.591058e+03 1.633085e+03 1.687304e+03 1.751100e+03 2.116509e+03 2.281946e+03 2.107449e+03 1.812466e+03 1.570597e+03 1.411900e+03 1.275352e+03 1.289936e+03 1.416499e+03 1.654885e+03 2.018962e+03 2.526003e+03
2.318509e+03 2.318511e+03 2.318495e+03 2.315822e+03 2.299881e+03 2.072265e+03 1.880466e+03 1.702786e+03 1.650631e+03 1.612146e+03 1.566227e+03 1.552300e+03 1.562560e+03 1.591520e+03 1.635283e+03 1.690899e+03 1.755822e+03 2.123632e+03 2.287395e+03 2.110161e+03 1.813477e+03 1.570909e+03 1.412017e+03 1.275599e+03 1.290536e+03 1.417574e+03 1.656562e+03 2.021383e+03 2.529313e+03
1.900513e+03 1.900513e+03 1.900510e+03 1.900171e+03 1.898741e+03 1.875352e+03 1.790019e+03 1.670332e+03 1.628076e+03 1.595582e+03 1.556876e+03 1.547439e+03 1.560878e+03 1.592222e+03 1.637833e+03 1.694909e+03 1.760986e+03 2.131129e+03 2.293036e+03 2.112935e+03 1.814500e+03 1.571219e+03 1.412130e+03 1.275848e+03 1.291144e+03 1.418662e+03 1.658258e+03 2.023827e+03 2.532652e+03
1.773793e+03 1.773794e+03 1.773799e+03 1.773849e+03 1.773700e+03 1.754484e+03 1.738038e+03 1.635186e+03 1.602710e+03 1.576950e+03 1.546633e+03 1.542334e+03 1.559303e+03 1.593220e+03 1.640780e+03 1.699366e+03 1.766622e+03 2.139011e+03 2.298870e+03 2.115772e+03 1.815532e+03 1.571526e+03 1.412240e+03 1.276099e+03 1.291760e+03 1.419764e+03 1.659972e+03 2.026295e+03 2.536020e+03
1.712181e+03 1.712182e+03 1.712184e+03 1.712215e+03 1.712176e+03 1.695974e+03 1.681942e+03 1.606284e+03 1.576982e+03 1.557137e+03 1.535728e+03 1.537103e+03 1.557911e+03 1.594570e+03 1.644167e+03 1.704307e+03 1.772756e+03 2.147288e+03 2.304900e+03 2.118669e+03 1.816574e+03 1.571830e+03 1.412346e+03 1.276352e+03 1.292384e+03 1.420878e+03 1.661704e+03 2.028787e+03 2.539417e+03
1.657147e+03 1.657148e+03 1.657150e+03 1.657181e+03 1.657195e+03 1.648256e+03 1.628927e+03 1.586900e+03 1.556773e+03 1.538225e+03 1.524626e+03 1.531925e+03 1.556801e+03 1.596335e+03 1.648038e+03 1.709762e+03 1.779414e+03 2.155967e+03 2.311127e+03 2.121626e+03 1.817623e+03 1.572129e+03 1.412447e+03 1.276607e+03 1.293015e+03 1.422005e+03 1.663454e+03 2.031302e+03 2.542844e+03
1.610215e+03 1.610215e+03 1.610216e+03 1.610240e+03 1.610266e+03 1.605495e+03 1.586518e+03 1.566875e+03 1.543069e+03 1.524284e+03 1.514170e+03 1.527084e+03 1.556104e+03 1.598587e+03 1.652440e+03 1.715767e+03 1.786621e+03 2.165056e+03 2.317549e+03 2.124641e+03 1.818680e+03 1.572424e+03 1.412545e+03 1.276864e+03 1.293655e+03 1.423146e+03 1.665223e+03 2.033841e+03 2.546301e+03
1.570463e+03 1.570464e+03 1.570465e+03 1.570486e+03 1.570523e+03 1.568108e+03 1.552916e+03 1.543479e+03 1.530179e+03 1.515342e+03 1.505764e+03 1.523020e+03 1.556001e+03 1.601419e+03 1.657426e+03 1.722356e+03 1.794403e+03 2.174562e+03 2.324168e+03 2.127714e+03 1.819743e+03 1.572714e+03 1.412638e+03 1.277123e+03 1.294302e+03 1.424300e+03 1.667011e+03 2.036405e+03 2.549787e+03
1.537252e+03 1.537253e+03 1.537254e+03 1.537274e+03 1.537317e+03 1.536242e+03 1.525406e+03 1.518978e+03 1.515840e+03 1.507950e+03 1.501564e+03 1.520379e+03 1.556747e+03 1.604951e+03 1.663063e+03 1.729569e+03 1.802786e+03 2.184489e+03 2.330982e+03 2.130842e+03 1.820812e+03 1.572999e+03 1.412727e+03 1.277385e+03 1.294958e+03 1.425468e+03 1.668818e+03 2.038993e+03 2.553304e+03
1.509829e+03 1.509829e+03 1.509830e+03 1.509850e+03 1.509897e+03 1.509626e+03 1.502423e+03 1.496380e+03 1.500464e+03 1.500468e+03 1.501006e+03 1.520122e+03 1.558690e+03 1.609339e+03 1.669428e+03 1.737450e+03 1.811799e+03 2.194843e+03 2.337991e+03 2.134023e+03 1.821884e+03 1.573277e+03 1.412810e+03 1.277648e+03 1.295622e+03 1.426650e+03 1.670644e+03 2.041606e+03 2.556851e+03
1.487533e+03 1.487533e+03 1.487534e+03 1.487551e+03 1.487595e+03 1.487695e+03 1.483157e+03 1.477492e+03 1.485677e+03 1.492706e+03 1.502594e+03 1.523459e+03 1.562300e+03 1.614786e+03 1.676623e+03 1.746056e+03 1.821474e+03 2.205628e+03 2.345192e+03 2.137255e+03 1.822958e+03 1.573548e+03 1.412888e+03 1.277913e+03 1.296295e+03 1.427845e+03 1.672490e+03 2.044244e+03 2.560428e+03
1.426986e+03 1.426986e+03 1.426986e+03 1.427000e+03 1.427038e+03 1.428357e+03 1.433795e+03 1.448773e+03 1.461601e+03 1.480476e+03 1.526721e+03 1.571519e+03 1.616706e+03 1.668940e+03 1.731085e+03 1.803041e+03 1.881540e+03 2.266145e+03 2.383998e+03 2.154095e+03 1.828319e+03 1.574776e+03 1.413187e+03 1.279270e+03 1.299785e+03 1.434035e+03 1.682010e+03 2.057811e+03 2.578781e+03
1.506482e+03 1.506482e+03 1.506482e+03 1.506501e+03 1.506558e+03 1.508159e+03 1.512626e+03 1.527620e+03 1.537662e+03 1.551172e+03 1.592236e+03 1.646556e+03 1.704803e+03 1.764506e+03 1.827718e+03 1.896271e+03 1.970234e+03 2.338177e+03 2.427147e+03 2.171789e+03 1.833514e+03 1.575725e+03 1.413306e+03 1.280676e+03 1.303496e+03 1.440590e+03 1.692036e+03 2.072026e+03 2.597929e+03
1.635795e+03 1.635795e+03 1.635796e+03 1.635811e+03 1.635857e+03 1.637184e+03 1.640887e+03 1.653371e+03 1.661655e+03 1.671883e+03 1.702683e+03 1.750633e+03 1.811645e+03 1.879004e+03 1.948779e+03 2.019927e+03 2.092316e+03 2.423509e+03 2.474179e+03 2.189908e+03 1.838330e+03 1.576301e+03 1.413206e+03 1.282131e+03 1.307438e+03 1.447526e+03 1.702587e+03 2.086912e+03 2.617897e+03
1.774889e+03 1.774889e+03 1.774890e+03 1.774903e+03 1.774944e+03 1.776190e+03 1.779810e+03 1.793108e+03 1.802518e+03 1.813678e+03 1.842936e+03 1.885593e+03 1.942969e+03 2.011333e+03 2.085261e+03 2.160433e+03 2.234250e+03 2.526901e+03 2.524867e+03 2.208035e+03 1.842555e+03 1.576413e+03 1.412850e+03 1.283634e+03 1.311623e+03 1.454862e+03 1.713685e+03 2.102495e+03 2.638713e+03
1.927217e+03 1.927217e+03 1.927217e+03 1.927230e+03 1.927274e+03 1.929228e+03 1.934831e+03 1.953024e+03 1.964881e+03 1.978271e+03 2.009868e+03 2.050503e+03 2.103204e+03 2.167545e+03 2.239800e+03 2.315051e+03 2.388896e+03 2.646592e+03 2.579655e+03 2.225863e+03 1.846014e+03 1.575988e+03 1.412212e+03 1.285189e+03 1.316064e+03 1.462614e+03 1.725351e+03 2.118797e+03 2.660403e+03
2.129050e+03 2.129051e+03 2.129051e+03 2.129065e+03 2.129107e+03 2.130422e+03 2.134394e+03 2.149824e+03 2.160934e+03 2.173968e+03 2.205200e+03 2.243874e+03 2.291863e+03 2.349788e+03 2.415652e+03 2.485505e+03 2.554775e+03 2.773589e+03 2.640166e+03 2.243325e+03 1.848610e+03 1.574983e+03 1.411278e+03 1.286803e+03 1.320775e+03 1.470801e+03 1.737606e+03 2.135844e+03 2.682995e+03
2.352377e+03 2.352377e+03 2.352378e+03 2.352391e+03 2.352432e+03 2.353680e+03 2.357400e+03 2.371602e+03 2.381923e+03 2.394251e+03 2.424377e+03 2.461201e+03 2.504840e+03 2.555460e+03 2.611998e+03 2.671838e+03 2.731317e+03 2.900142e+03 2.703188e+03 2.260809e+03 1.850364e+03 1.573405e+03 1.410057e+03 1.288489e+03 1.325771e+03 1.479441e+03 1.750472e+03 2.153661e+03 2.706517e+03
2.590659e+03 2.590659e+03 2.590660e+03 2.590673e+03 2.590715e+03 2.591987e+03 2.595779e+03 2.610134e+03 2.620486e+03 2.632812e+03 2.662686e+03 2.697958e+03 2.737100e+03 2.779401e+03 2.824265e+03 2.870379e+03 2.915467e+03 3.019838e+03 2.763449e+03 2.279117e+03 1.851472e+03 1.571320e+03 1.408583e+03 1.290267e+03 1.331072e+03 1.488556e+03 1.763974e+03 2.172274e+03 2.730997e+03
2.848070e+03 2.848070e+03 2.848070e+03 2.848083e+03 2.848122e+03 2.849324e+03 2.852976e+03 2.867191e+03 2.877573e+03 2.889898e+03 2.918983e+03 2.951077e+03 2.983324e+03 3.014519e+03 3.044603e+03 3.073522e+03 3.100453e+03 3.127449e+03 2.816551e+03 2.296338e+03 1.852436e+03 1.568875e+03 1.406927e+03 1.292165e+03 1.336699e+03 1.498167e+03 1.778134e+03 2.191709e+03 2.756464e+03
3.124341e+03 3.124341e+03 3.124341e+03 3.124355e+03 3.124396e+03 3.125678e+03 3.129528e+03 3.144147e+03 3.154488e+03 3.166249e+03 3.191477e+03 3.215199e+03 3.234728e+03 3.249621e+03 3.260806e+03 3.269354e+03 3.275577e+03 3.218476e+03 2.859071e+03 2.310428e+03 1.853731e+03 1.566324e+03 1.405199e+03 1.294223e+03 1.342677e+03 1.508299e+03 1.792979e+03 2.211994e+03 2.782948e+03
3.423999e+03 3.424000e+03 3.424000e+03 3.424013e+03 3.424052e+03 3.425277e+03 3.429016e+03 3.442708e+03 3.450959e+03 3.458766e+03 3.470453e+03 3.475237e+03 3.473254e+03 3.465848e+03 3.454791e+03 3.441590e+03 3.426925e+03 3.289026e+03 2.888792e+03 2.319889e+03 1.854459e+03 1.564117e+03 1.403555e+03 1.296492e+03 1.349038e+03 1.518976e+03 1.808534e+03 2.233158e+03 2.810479e+03
3.746490e+03 3.746490e+03 3.746491e+03 3.746504e+03 3.746546e+03 3.747834e+03 3.750817e+03 3.751716e+03 3.747618e+03 3.740761e+03 3.720835e+03 3.695372e+03 3.666505e+03 3.635621e+03 3.603811e+03 3.571852e+03 3.539933e+03 3.336208e+03 2.904763e+03 2.323746e+03 1.853901e+03 1.562477e+03 1.402222e+03 1.299039e+03 1.355817e+03 1.530228e+03 1.824827e+03 2.255229e+03 2.839088e+03
4.033967e+03 4.033966e+03 4.033964e+03 4.033888e+03 4.033651e+03 4.026750e+03 4.009601e+03 3.964444e+03 3.940311e+03 3.916070e+03 3.868139e+03 3.821413e+03 3.775915e+03 3.731530e+03 3.688206e+03 3.645869e+03 3.604179e+03 3.358832e+03 2.907185e+03 2.321578e+03 1.851573e+03 1.560945e+03 1.401557e+03 1.301944e+03 1.363055e+03 1.542087e+03 1.841889e+03 2.278237e+03 2.868807e+03
3.941857e+03 3.941857e+03 3.941856e+03 3.941854e+03 3.941847e+03 3.941551e+03 3.939895e+03 3.927031e+03 3.915290e+03 3.900812e+03 3.866340e+03 3.827656e+03 3.786947e+03 3.745301e+03 3.703244e+03 3.660937e+03 3.618156e+03 3.357896e+03 2.897194e+03 2.313479e+03 1.847192e+03 1.559216e+03 1.401621e+03 1.305309e+03 1.370802e+03 1.554587e+03 1.859750e+03 2.302216e+03 2.899670e+03
3.793652e+03 3.793652e+03 3.793652e+03 3.793652e+03 3.793651e+03 3.793609e+03 3.793404e+03 3.791682e+03 3.789240e+03 3.785149e+03 3.771464e+03 3.751015e+03 3.725234e+03 3.695492e+03 3.662764e+03 3.627574e+03 3.589974e+03 3.336477e+03 2.876577e+03 2.299967e+03 1.840663e+03 1.557083e+03 1.402150e+03 1.309257e+03 1.379113e+03 1.567767e+03 1.878446e+03 2.327197e+03 2.931709e+03
3.658626e+03 3.658626e+03 3.658626e+03 3.658627e+03 3.658631e+03 3.658725e+03 3.658883e+03 3.658818e+03 3.658348e+03 3.657321e+03 3.652690e+03 3.643641e+03 3.629844e+03 3.611564e+03 3.589215e+03 3.563058e+03 3.533042e+03 3.299028e+03 2.847476e+03 2.281847e+03 1.832064e+03 1.554417e+03 1.402981e+03 1.313956e+03 1.388054e+03 1.581670e+03 1.898012e+03 2.353218e+03 2.964962e+03
3.541427e+03 3.541427e+03 3.541427e+03 3.541427e+03 3.541426e+03 3.541392e+03 3.541271e+03 3.540886e+03 3.540596e+03 3.540145e+03 3.538255e+03 3.534141e+03 3.526963e+03 3.516261e+03 3.501799e+03 3.483338e+03 3.460480e+03 3.250398e+03 2.812103e+03 2.260071e+03 1.821608e+03 1.551159e+03 1.403998e+03 1.319620e+03 1.397700e+03 1.596346e+03 1.918488e+03 2.380313e+03 2.999464e+03
3.435285e+03 3.435285e+03 3.435285e+03 3.435286e+03 3.435288e+03 3.435341e+03 3.435454e+03 3.435571e+03 3.435492e+03 3.435286e+03 3.434318e+03 3.432144e+03 3.428124e+03 3.421668e+03 3.412239e+03 3.399250e+03 3.381975e+03 3.195001e+03 2.772521e+03 2.235621e+03 1.809607e+03 1.547315e+03 1.405122e+03 1.326182e+03 1.408141e+03 1.611847e+03 1.939918e+03 2.408524e+03 3.035255e+03
3.342349e+03 3.342349e+03 3.342349e+03 3.342349e+03 3.342349e+03 3.342334e+03 3.342292e+03 3.342148e+03 3.342010e+03 3.341797e+03 3.341029e+03 3.339542e+03 3.336919e+03 3.332661e+03 3.326177e+03 3.316735e+03 3.303408e+03 3.136359e+03 2.730498e+03 2.209413e+03 1.796422e+03 1.542949e+03 1.406304e+03 1.333539e+03 1.419485e+03 1.628233e+03 1.962348e+03 2.437893e+03 3.072375e+03
3.258178e+03 3.258178e+03 3.258178e+03 3.258178e+03 3.258178e+03 3.258182e+03 3.258176e+03 3.258041e+03 3.257885e+03 3.257656e+03 3.256920e+03 3.255669e+03 3.253653e+03 3.250504e+03 3.245692e+03 3.238460e+03 3.227800e+03 3.076996e+03 2.687443e+03 2.182248e+03 1.782433e+03 1.538165e+03 1.407527e+03 1.341626e+03 1.431884e+03 1.645574e+03 1.985829e+03 2.468463e+03 3.110867e+03
3.181562e+03 3.181562e+03 3.181562e+03 3.181562e+03 3.181562e+03 3.181563e+03 3.181555e+03 3.181457e+03 3.181323e+03 3.181110e+03 3.180406e+03 3.179259e+03 3.177533e+03 3.174973e+03 3.171129e+03 3.165280e+03 3.156408e+03 3.018554e+03 2.644407e+03 2.154783e+03 1.768002e+03 1.533099e+03 1.408803e+03 1.350398e+03 1.445447e+03 1.663944e+03 2.010417e+03 2.500284e+03 3.150775e+03
3.111690e+03 3.111690e+03 3.111690e+03 3.111691e+03 3.111692e+03 3.111695e+03 3.111666e+03 3.111442e+03 3.111237e+03 3.110969e+03 3.110215e+03 3.109115e+03 3.107565e+03 3.105366e+03 3.102130e+03 3.097188e+03 3.089545e+03 2.962002e+03 2.602121e+03 2.127529e+03 1.753456e+03 1.527906e+03 1.410165e+03 1.359816e+03 1.460105e+03 1.683436e+03 2.036173e+03 2.533407e+03 3.192146e+03
3.046614e+03 3.046614e+03 3.046614e+03 3.046614e+03 3.046614e+03 3.046598e+03 3.046529e+03 3.046261e+03 3.046071e+03 3.045835e+03 3.045177e+03 3.044211e+03 3.042852e+03 3.040943e+03 3.038148e+03 3.033847e+03 3.027086e+03 2.907836e+03 2.561054e+03 2.100863e+03 1.739079e+03 1.522743e+03 1.411668e+03 1.369857e+03 1.475815e+03 1.704158e+03 2.063165e+03 2.567888e+03 3.235032e+03
2.985034e+03 2.985034e+03 2.985034e+03 2.985034e+03 2.985036e+03 2.985092e+03 2.985209e+03 2.985336e+03 2.985297e+03 2.985181e+03 2.984716e+03 2.983926e+03 2.982765e+03 2.981109e+03 2.978660e+03 2.974839e+03 2.968737e+03 2.856248e+03 2.521475e+03 2.075046e+03 1.725102e+03 1.517767e+03 1.413385e+03 1.380506e+03 1.492551e+03 1.726262e+03 2.091468e+03 2.603785e+03 3.279485e+03
2.929734e+03 2.929734e+03 2.929734e+03 2.929733e+03 2.929732e+03 2.929701e+03 2.929619e+03 2.929374e+03 2.929223e+03 2.929045e+03 2.928567e+03 2.927862e+03 2.926849e+03 2.925395e+03 2.923215e+03 2.919759e+03 2.914153e+03 2.807234e+03 2.483507e+03 2.050247e+03 1.711710e+03 1.513124e+03 1.415393e+03 1.391757e+03 1.510294e+03 1.749783e+03 2.121166e+03 2.641165e+03 3.325561e+03
2.876727e+03 2.876727e+03 2.876727e+03 2.876727e+03 2.876727e+03 2.876733e+03 2.876741e+03 2.876692e+03 2.876616e+03 2.876500e+03 2.876136e+03 2.875553e+03 2.874680e+03 2.873389e+03 2.871409e+03 2.868219e+03 2.862980e+03 2.760677e+03 2.447170e+03 2.026561e+03 1.699042e+03 1.508945e+03 1.417781e+03 1.403616e+03 1.529034e+03 1.774677e+03 2.152359e+03 2.680098e+03 3.373322e+03
2.827531e+03 2.827531e+03 2.827531e+03 2.827531e+03 2.827531e+03 2.827528e+03 2.827518e+03 2.827489e+03 2.827460e+03 2.827406e+03 2.827168e+03 2.826696e+03 2.825920e+03 2.824726e+03 2.822864e+03 2.819840e+03 2.814852e+03 2.716385e+03 2.412416e+03 2.004032e+03 1.687201e+03 1.505347e+03 1.420636e+03 1.416098e+03 1.548764e+03 1.800932e+03 2.185172e+03 2.720662e+03 3.422831e+03
2.781524e+03 2.781524e+03 2.781524e+03 2.781524e+03 2.781526e+03 2.781563e+03 2.781655e+03 2.781806e+03 2.781820e+03 2.781784e+03 2.781541e+03 2.781042e+03 2.780239e+03 2.779032e+03 2.777184e+03 2.774223e+03 2.769379e+03 2.674128e+03 2.379157e+03 1.982665e+03 1.676262e+03 1.502430e+03 1.424044e+03 1.429228e+03 1.569480e+03 1.828543e+03 2.219748e+03 2.762941e+03 3.474159e+03
2.739997e+03 2.739997e+03 2.739997e+03 2.739996e+03 2.739996e+03 2.739963e+03 2.739868e+03 2.739599e+03 2.739437e+03 2.739250e+03 2.738766e+03 2.738085e+03 2.737138e+03 2.735820e+03 2.733900e+03 2.730921e+03 2.726139e+03 2.633653e+03 2.347284e+03 1.962443e+03 1.666272e+03 1.500278e+03 1.428089e+03 1.443037e+03 1.591187e+03 1.857511e+03 2.256071e+03 2.807034e+03 3.527380e+03
2.699136e+03 2.699136e+03 2.699136e+03 2.699136e+03 2.699136e+03 2.699127e+03 2.699091e+03 2.698881e+03 2.698703e+03 2.698478e+03 2.697884e+03 2.697066e+03 2.695974e+03 2.694519e+03 2.692491e+03 2.689455e+03 2.684695e+03 2.594711e+03 2.316682e+03 1.943337e+03 1.657266e+03 1.498961e+03 1.432849e+03 1.457564e+03 1.613893e+03 1.887841e+03 2.294131e+03 2.853054e+03 3.582574e+03
2.659504e+03 2.659504e+03 2.659504e+03 2.659504e+03 2.659503e+03 2.659490e+03 2.659447e+03 2.659279e+03 2.659133e+03 2.658929e+03 2.658315e+03 2.657404e+03 2.656184e+03 2.654598e+03 2.652463e+03 2.649369e+03 2.644629e+03 2.557071e+03 2.287244e+03 1.925311e+03 1.649262e+03 1.498538e+03 1.438396e+03 1.472854e+03 1.637612e+03 1.919541e+03 2.333931e+03 2.901154e+03 3.639830e+03
2.621208e+03 2.621208e+03 2.621208e+03 2.621208e+03 2.621208e+03 2.621216e+03 2.621221e+03 2.621057e+03 2.620857e+03 2.620576e+03 2.619779e+03 2.618686e+03 2.617306e+03 2.615596e+03 2.613381e+03 2.610267e+03 2.605583e+03 2.520541e+03 2.258879e+03 1.908333e+03 1.642273e+03 1.499057e+03 1.444796e+03 1.488955e+03 1.662361e+03 1.952623e+03 2.375483e+03 2.951429e+03 3.699247e+03
2.584422e+03 2.584422e+03 2.584422e+03 2.584422e+03 2.584420e+03 2.584352e+03 2.584151e+03 2.583510e+03 2.583108e+03 2.582656e+03 2.581599e+03 2.580337e+03 2.578858e+03 2.577104e+03 2.574897e+03 2.571846e+03 2.567295e+03 2.484984e+03 2.231519e+03 1.892374e+03 1.636307e+03 1.500557e+03 1.452110e+03 1.505920e+03 1.688167e+03 1.987099e+03 2.418802e+03 3.003861e+03 3.760935e+03
2.545123e+03 2.545123e+03 2.545123e+03 2.545123e+03 2.545122e+03 2.545107e+03 2.545046e+03 2.544685e+03 2.544374e+03 2.543989e+03 2.543038e+03 2.541878e+03 2.540512e+03 2.538888e+03 2.536829e+03 2.533957e+03 2.529637e+03 2.450323e+03 2.205121e+03 1.877414e+03 1.631369e+03 1.503074e+03 1.460391e+03 1.523803e+03 1.715059e+03 2.022989e+03 2.463907e+03 3.058454e+03 3.825029e+03
2.505940e+03 2.505940e+03 2.505940e+03 2.505940e+03 2.505939e+03 2.505902e+03 2.505790e+03 2.505435e+03 2.505214e+03 2.504958e+03 2.504315e+03 2.503467e+03 2.502392e+03 2.501039e+03 2.499244e+03 2.496646e+03 2.492633e+03 2.416543e+03 2.179664e+03 1.863441e+03 1.627465e+03 1.506635e+03 1.469688e+03 1.542659e+03 1.743070e+03 2.060313e+03 2.510817e+03 3.115229e+03 3.891698e+03
2.466333e+03 2.466333e+03 2.466333e+03 2.466333e+03 2.466335e+03 2.466372e+03 2.466460e+03 2.466604e+03 2.466612e+03 2.466562e+03 2.466280e+03 2.465750e+03 2.464971e+03 2.463903e+03 2.462394e+03 2.460097e+03 2.456423e+03 2.383671e+03 2.155151e+03 1.850450e+03 1.624601e+03 1.511266e+03 1.480046e+03 1.562545e+03 1.772240e+03 2.099096e+03 2.559558e+03 3.174206e+03 3.960979e+03
2.430424e+03 2.430424e+03 2.430424e+03 2.430423e+03 2.430422e+03 2.430397e+03 2.430349e+03 2.430234e+03 2.430156e+03 2.430055e+03 2.429759e+03 2.429313e+03 2.428687e+03 2.427819e+03 2.426547e+03 2.424526e+03 2.421178e+03 2.351767e+03 2.131597e+03 1.838445e+03 1.622784e+03 1.516990e+03 1.491505e+03 1.583517e+03 1.802613e+03 2.139368e+03 2.610153e+03 3.235413e+03 4.032867e+03
2.395620e+03 2.395620e+03 2.395620e+03 2.395620e+03 2.395619e+03 2.395599e+03 2.395534e+03 2.395289e+03 2.395134e+03 2.394971e+03 2.394617e+03 2.394198e+03 2.393667e+03 2.392947e+03 2.391870e+03 2.390091e+03 2.387044e+03 2.320901e+03 2.109030e+03 1.827434e+03 1.622023e+03 1.523827e+03 1.504102e+03 1.605630e+03 1.834235e+03 2.181161e+03 2.662631e+03 3.298878e+03 4.107378e+03
2.360845e+03 2.360845e+03 2.360845e+03 2.360845e+03 2.360845e+03 2.360837e+03 2.360828e+03 2.360816e+03 2.360795e+03 2.360753e+03 2.360592e+03 2.360319e+03 2.359923e+03 2.359353e+03 2.358453e+03 2.356894e+03 2.354122e+03 2.291139e+03 2.087480e+03 1.817428e+03 1.622327e+03 1.531797e+03 1.517870e+03 1.628941e+03 1.867158e+03 2.224513e+03 2.717024e+03 3.364632e+03 4.184540e+03
2.327865e+03 2.327865e+03 2.327865e+03 2.327865e+03 2.327866e+03 2.327892e+03 2.327960e+03 2.328098e+03 2.328131e+03 2.328134e+03 2.328048e+03 2.327855e+03 2.327557e+03 2.327112e+03 2.326369e+03 2.325008e+03 2.322491e+03 2.262541e+03 2.066979e+03 1.808443e+03 1.623708e+03 1.540918e+03 1.532844e+03 1.653503e+03 1.901434e+03 2.269466e+03 2.773365e+03 3.432709e+03 4.264383e+03
2.297809e+03 2.297809e+03 2.297809e+03 2.297808e+03 2.297808e+03 2.297780e+03 2.297697e+03 2.297464e+03 2.297347e+03 2.297237e+03 2.297036e+03 2.296835e+03 2.296600e+03 2.296263e+03 2.295666e+03 2.294488e+03 2.292207e+03 2.235155e+03 2.047555e+03 1.800495e+03 1.626178e+03 1.551209e+03 1.549051e+03 1.679370e+03 1.937121e+03 2.316064e+03 2.831692e+03 3.503143e+03 4.346942e+03
2.267308e+03 2.267308e+03 2.267308e+03 2.267308e+03 2.267308e+03 2.267316e+03 2.267323e+03 2.267291e+03 2.267262e+03 2.267233e+03 2.267180e+03 2.267120e+03 2.267024e+03 2.266828e+03 2.266381e+03 2.265378e+03 2.263315e+03 2.209017e+03 2.029233e+03 1.793598e+03 1.629751e+03 1.562689e+03 1.566523e+03 1.706595e+03 1.974276e+03 2.364358e+03 2.892045e+03 3.575972e+03 4.432251e+03
2.238043e+03 2.238043e+03 2.238043e+03 2.238043e+03 2.238044e+03 2.238057e+03 2.238109e+03 2.238312e+03 2.238437e+03 2.238560e+03 2.238768e+03 2.238906e+03 2.238963e+03 2.238898e+03 2.238582e+03 2.237727e+03 2.235851e+03 2.184146e+03 2.012032e+03 1.787769e+03 1.634440e+03 1.575376e+03 1.585288e+03 1.735230e+03 2.012961e+03 2.414401e+03 2.954467e+03 3.651235e+03 4.520349e+03
2.211584e+03 2.211584e+03 2.211584e+03 2.211584e+03 2.211585e+03 2.211618e+03 2.211707e+03 2.211952e+03 2.212075e+03 2.212188e+03 2.212376e+03 2.212509e+03 2.212583e+03 2.212558e+03 2.212308e+03 2.211553e+03 2.209826e+03 2.160549e+03 1.995966e+03 1.783022e+03 1.640261e+03 1.589288e+03 1.605373e+03 1.765326e+03 2.053239e+03 2.466252e+03 3.019008e+03 3.728973e+03 4.611275e+03
2.188211e+03 2.188211e+03 2.188211e+03 2.188211e+03 2.188210e+03 2.188190e+03 2.188130e+03 2.187973e+03 2.187905e+03 2.187851e+03 2.187787e+03 2.187770e+03 2.187770e+03 2.187727e+03 2.187500e+03 2.186810e+03 2.185202e+03 2.138220e+03 1.981043e+03 1.779373e+03 1.647229e+03 1.604447e+03 1.626807e+03 1.796935e+03 2.095174e+03 2.519970e+03 3.085718e+03 3.809231e+03 4.705070e+03
2.164483e+03 2.164483e+03 2.164483e+03 2.164483e+03 2.164484e+03 2.164484e+03 2.164469e+03 2.164389e+03 2.164338e+03 2.164292e+03 2.164235e+03 2.164227e+03 2.164243e+03 2.164224e+03 2.164036e+03 2.163412e+03 2.161914e+03 2.117141e+03 1.967271e+03 1.776835e+03 1.655362e+03 1.620872e+03 1.649619e+03 1.830107e+03 2.138832e+03 2.575620e+03 3.154652e+03 3.892056e+03 4.801776e+03
2.141172e+03 2.141172e+03 2.141172e+03 2.141172e+03 2.141172e+03 2.141176e+03 2.141194e+03 2.141302e+03 2.141382e+03 2.141470e+03 2.141647e+03 2.141803e+03 2.141925e+03 2.141977e+03 2.141848e+03 2.141295e+03 2.139903e+03 2.097292e+03 1.954654e+03 1.775423e+03 1.664675e+03 1.638584e+03 1.673837e+03 1.864895e+03 2.184281e+03 2.633272e+03 3.225870e+03 3.977496e+03 4.901437e+03
2.119531e+03 2.119531e+03 2.119531e+03 2.119532e+03 2.119533e+03 2.119565e+03 2.119661e+03 2.119966e+03 2.120135e+03 2.120297e+03 2.120578e+03 2.120793e+03 2.120945e+03 2.121017e+03 2.120916e+03 2.120414e+03 2.119120e+03 2.078651e+03 1.943198e+03 1.775152e+03 1.675188e+03 1.657607e+03 1.699491e+03 1.901349e+03 2.231590e+03 2.692997e+03 3.299433e+03 4.065606e+03 5.004099e+03
2.101128e+03 2.101128e+03 2.101128e+03 2.101128e+03 2.101127e+03 2.101116e+03 2.101104e+03 2.101110e+03 2.101125e+03 2.101144e+03 2.101186e+03 2.101228e+03 2.101268e+03 2.101280e+03 2.101166e+03 2.100701e+03 2.099503e+03 2.061205e+03 1.932913e+03 1.776039e+03 1.686921e+03 1.677963e+03 1.726613e+03 1.939523e+03 2.280830e+03 2.754869e+03 3.375410e+03 4.156441e+03 5.109810e+03
2.083366e+03 2.083366e+03 2.083366e+03 2.083366e+03 2.083365e+03 2.083349e+03 2.083299e+03 2.083123e+03 2.083017e+03 2.082913e+03 2.082734e+03 2.082618e+03 2.082567e+03 2.082546e+03 2.082451e+03 2.082056e+03 2.080986e+03 2.044956e+03 1.923812e+03 1.778103e+03 1.699894e+03 1.699678e+03 1.755234e+03 1.979469e+03 2.332074e+03 2.818965e+03 3.453869e+03 4.250058e+03 5.218620e+03
2.064927e+03 2.064927e+03 2.064927e+03 2.064927e+03 2.064926e+03 2.064918e+03 2.064890e+03 2.064782e+03 2.064717e+03 2.064654e+03 2.064559e+03 2.064528e+03 2.064569e+03 2.064653e+03 2.064680e+03 2.064433e+03 2.063551e+03 2.029922e+03 1.915916e+03 1.781362e+03 1.714129e+03 1.722778e+03 1.785388e+03 2.021244e+03 2.385396e+03 2.885368e+03 3.534886e+03 4.346522e+03 5.330579e+03
2.046317e+03 2.046317e+03 2.046317e+03 2.046317e+03 2.046318e+03 2.046331e+03 2.046364e+03 2.046484e+03 2.046565e+03 2.046655e+03 2.046862e+03 2.047106e+03 2.047392e+03 2.047699e+03 2.047940e+03 2.047910e+03 2.047268e+03 2.016145e+03 1.909250e+03 1.785839e+03 1.729649e+03 1.747291e+03 1.817110e+03 2.064902e+03 2.440871e+03 2.954160e+03 3.618537e+03 4.445896e+03 5.445743e+03
2.029190e+03 2.029190e+03 2.029190e+03 2.029190e+03 2.029191e+03 2.029219e+03 2.029305e+03 2.029603e+03 2.029792e+03 2.029996e+03 2.030442e+03 2.030931e+03 2.031459e+03 2.032000e+03 2.032470e+03 2.032675e+03 2.032289e+03 2.003685e+03 1.903842e+03 1.791553e+03 1.746476e+03 1.773245e+03 1.850438e+03 2.110503e+03 2.498578e+03 3.025427e+03 3.704904e+03 4.548250e+03 5.564166e+03
2.014825e+03 2.014825e+03 2.014825e+03 2.014825e+03 2.014826e+03 2.014837e+03 2.014875e+03 2.015057e+03 2.015207e+03 2.015398e+03 2.015885e+03 2.016483e+03 2.017159e+03 2.017871e+03 2.018526e+03 2.018933e+03 2.018778e+03 1.992606e+03 1.899722e+03 1.798527e+03 1.764635e+03 1.800672e+03 1.885410e+03 2.158105e+03 2.558596e+03 3.099259e+03 3.794070e+03 4.653654e+03 5.685907e+03
2.002024e+03 2.002024e+03 2.002024e+03 2.002024e+03 2.002025e+03 2.002036e+03 2.002080e+03 2.002299e+03 2.002477e+03 2.002698e+03 2.003249e+03 2.003919e+03 2.004679e+03 2.005493e+03 2.006272e+03 2.006830e+03 2.006863e+03 1.982965e+03 1.896915e+03 1.806779e+03 1.784151e+03 1.829601e+03 1.922067e+03 2.207773e+03 2.621008e+03 3.175747e+03 3.886125e+03 4.762185e+03 5.811028e+03
1.990956e+03 1.990956e+03 1.990956e+03 1.990957e+03 1.990958e+03 1.990994e+03 1.991106e+03 1.991499e+03 1.991747e+03 1.992016e+03 1.992612e+03 1.993292e+03 1.994068e+03 1.994920e+03 1.995767e+03 1.996429e+03 1.996608e+03 1.974802e+03 1.895440e+03 1.816326e+03 1.805046e+03 1.860068e+03 1.960452e+03 2.259571e+03 2.685899e+03 3.254984e+03 3.981157e+03 4.873920e+03 5.939590e+03
1.983042e+03 1.983042e+03 1.983042e+03 1.983042e+03 1.983043e+03 1.983063e+03 1.983110e+03 1.983273e+03 1.983391e+03 1.983539e+03 1.983942e+03 1.984507e+03 1.985235e+03 1.986091e+03 1.986983e+03 1.987725e+03 1.988024e+03 1.968136e+03 1.895305e+03 1.827182e+03 1.827345e+03 1.892107e+03 2.000611e+03 2.313567e+03 2.753356e+03 3.337069e+03 4.079262e+03 4.988940e+03 6.071660e+03
1.976347e+03 1.976347e+03 1.976347e+03 1.976347e+03 1.976347e+03 1.976335e+03 1.976298e+03 1.976224e+03 1.976239e+03 1.976310e+03 1.976636e+03 1.977201e+03 1.977972e+03 1.978893e+03 1.979861e+03 1.980690e+03 1.981099e+03 1.962961e+03 1.896506e+03 1.839356e+03 1.851070e+03 1.925753e+03 2.042593e+03 2.369833e+03 2.823468e+03 3.422101e+03 4.180536e+03 5.107329e+03 6.207306e+03
1.968715e+03 1.968715e+03 1.968715e+03 1.968716e+03 1.968718e+03 1.968766e+03 1.968882e+03 1.969249e+03 1.969496e+03 1.969782e+03 1.970473e+03 1.971311e+03 1.972282e+03 1.973346e+03 1.974419e+03 1.975334e+03 1.975832e+03 1.959247e+03 1.899024e+03 1.852851e+03 1.876246e+03 1.961046e+03 2.086449e+03 2.428442e+03 2.896328e+03 3.510181e+03 4.285078e+03 5.229175e+03 6.346597e+03
1.963748e+03 1.963748e+03 1.963748e+03 1.963749e+03 1.963751e+03 1.963806e+03 1.963975e+03 1.964582e+03 1.964976e+03 1.965408e+03 1.966356e+03 1.967389e+03 1.968491e+03 1.969636e+03 1.970750e+03 1.971689e+03 1.972215e+03 1.956938e+03 1.902831e+03 1.867668e+03 1.902896e+03 1.998026e+03 2.132232e+03 2.489473e+03 2.972033e+03 3.601413e+03 4.392990e+03 5.354566e+03 6.489607e+03
1.963144e+03 1.963144e+03 1.963144e+03 1.963144e+03 1.963144e+03 1.963161e+03 1.963226e+03 1.963547e+03 1.963805e+03 1.964119e+03 1.964886e+03 1.965792e+03 1.966791e+03 1.967837e+03 1.968856e+03 1.969708e+03 1.970172e+03 1.955944e+03 1.907883e+03 1.883807e+03 1.931045e+03 2.036735e+03 2.180003e+03 2.553008e+03 3.050681e+03 3.695906e+03 4.504376e+03 5.483594e+03 6.636410e+03
1.964384e+03 1.964384e+03 1.964384e+03 1.964385e+03 1.964385e+03 1.964401e+03 1.964449e+03 1.964642e+03 1.964794e+03 1.964987e+03 1.965494e+03 1.966140e+03 1.966891e+03 1.967706e+03 1.968513e+03 1.969182e+03 1.969509e+03 1.956146e+03 1.914134e+03 1.901264e+03 1.960717e+03 2.077221e+03 2.229821e+03 2.619133e+03 3.132374e+03 3.793768e+03 4.619343e+03 5.616355e+03 6.787083e+03
1.966572e+03 1.966572e+03 1.966572e+03 1.966572e+03 1.966573e+03 1.966585e+03 1.966623e+03 1.966777e+03 1.966889e+03 1.967022e+03 1.967349e+03 1.967754e+03 1.968234e+03 1.968773e+03 1.969322e+03 1.969770e+03 1.969929e+03 1.957410e+03 1.921533e+03 1.920037e+03 1.991942e+03 2.119531e+03 2.281754e+03 2.687939e+03 3.217219e+03 3.895112e+03 4.738000e+03 5.752945e+03 6.941706e+03
1.969454e+03 1.969454e+03 1.969454e+03 1.969454e+03 1.969455e+03 1.969467e+03 1.969502e+03 1.969608e+03 1.969668e+03 1.969731e+03 1.969867e+03 1.970030e+03 1.970243e+03 1.970519e+03 1.970831e+03 1.971083e+03 1.971104e+03 1.959604e+03 1.930038e+03 1.940129e+03 2.024751e+03 2.163720e+03 2.335872e+03 2.759521e+03 3.305325e+03 4.000052e+03 4.860458e+03 5.893462e+03 7.100359e+03
1.972771e+03 1.972771e+03 1.972771e+03 1.972771e+03 1.972770e+03 1.972761e+03 1.972734e+03 1.972659e+03 1.972615e+03 1.972567e+03 1.972467e+03 1.972391e+03 1.972382e+03 1.972467e+03 1.972627e+03 1.972775e+03 1.972750e+03 1.962631e+03 1.939617e+03 1.961547e+03 2.059179e+03 2.209846e+03 2.392250e+03 2.833980e+03 3.396804e+03 4.108705e+03 4.986828e+03 6.038007e+03 7.263125e+03
1.975155e+03 1.975155e+03 1.975155e+03 1.975155e+03 1.975154e+03 1.975145e+03 1.975112e+03 1.974972e+03 1.974866e+03 1.974744e+03 1.974491e+03 1.974292e+03 1.974207e+03 1.974263e+03 1.974436e+03 1.974636e+03 1.974707e+03 1.966444e+03 1.950258e+03 1.984304e+03 2.095266e+03 2.257972e+03 2.450971e+03 2.911420e+03 3.491774e+03 4.221191e+03 5.117227e+03 6.186682e+03 7.430088e+03
1.976291e+03 1.976291e+03 1.976291e+03 1.976291e+03 1.976290e+03 1.976272e+03 1.976215e+03 1.976005e+03 1.975872e+03 1.975739e+03 1.975529e+03 1.975456e+03 1.975559e+03 1.975837e+03 1.976244e+03 1.976684e+03 1.977008e+03 1.971066e+03 1.961968e+03 2.008423e+03 2.133059e+03 2.308165e+03 2.512121e+03 2.991951e+03 3.590355e+03 4.337631e+03 5.251769e+03 6.339589e+03 7.601335e+03
1.975688e+03 1.975688e+03 1.975688e+03 1.975688e+03 1.975688e+03 1.975669e+03 1.975614e+03 1.975503e+03 1.975497e+03 1.975538e+03 1.975774e+03 1.976206e+03 1.976811e+03 1.977557e+03 1.978389e+03 1.979215e+03 1.979902e+03 1.976573e+03 1.974771e+03 2.033932e+03 2.172607e+03 2.360501e+03 2.575792e+03 3.075690e+03 3.692670e+03 4.458150e+03 5.390572e+03 6.496835e+03 7.776952e+03
1.973707e+03 1.973707e+03 1.973707e+03 1.973708e+03 1.973710e+03 1.973787e+03 1.973996e+03 1.974651e+03 1.975070e+03 1.975537e+03 1.976581e+03 1.977732e+03 1.978959e+03 1.980235e+03 1.981521e+03 1.982744e+03 1.983796e+03 1.983077e+03 1.988701e+03 2.060866e+03 2.213970e+03 2.415059e+03 2.642085e+03 3.162757e+03 3.798847e+03 4.582872e+03 5.533754e+03 6.658524e+03 7.957027e+03
1.976256e+03 1.976256e+03 1.976256e+03 1.976257e+03 1.976260e+03 1.976338e+03 1.976582e+03 1.977478e+03 1.978070e+03 1.978723e+03 1.980142e+03 1.981651e+03 1.983204e+03 1.984775e+03 1.986324e+03 1.987791e+03 1.989085e+03 1.990679e+03 2.003793e+03 2.089266e+03 2.257209e+03 2.471926e+03 2.711105e+03 3.253279e+03 3.909019e+03 4.711926e+03 5.681435e+03 6.824762e+03 8.141650e+03
1.984954e+03 1.984954e+03 1.984954e+03 1.984954e+03 1.984955e+03 1.984973e+03 1.985064e+03 1.985515e+03 1.985874e+03 1.986313e+03 1.987396e+03 1.988685e+03 1.990110e+03 1.991613e+03 1.993140e+03 1.994622e+03 1.995976e+03 1.999441e+03 2.020082e+03 2.119177e+03 2.302394e+03 2.531198e+03 2.782964e+03 3.347389e+03 4.023319e+03 4.845442e+03 5.833735e+03 6.995657e+03 8.330910e+03
1.996028e+03 1.996028e+03 1.996028e+03 1.996028e+03 1.996029e+03 1.996042e+03 1.996084e+03 1.996270e+03 1.996437e+03 1.996667e+03 1.997322e+03 1.998216e+03 1.999301e+03 2.000523e+03 2.001826e+03 2.003147e+03 2.004412e+03 2.009361e+03 2.037592e+03 2.150650e+03 2.349602e+03 2.592974e+03 2.857784e+03 3.445224e+03 4.141886e+03 4.983551e+03 5.990775e+03 7.171316e+03 8.524898e+03
2.007569e+03 2.007569e+03 2.007569e+03 2.007569e+03 2.007570e+03 2.007585e+03 2.007632e+03 2.007822e+03 2.007966e+03 2.008145e+03 2.008615e+03 2.009240e+03 2.010012e+03 2.010919e+03 2.011935e+03 2.013021e+03 2.014127e+03 2.020388e+03 2.056347e+03 2.183738e+03 2.398917e+03 2.657363e+03 2.935691e+03 3.546927e+03 4.264861e+03 5.126386e+03 6.152677e+03 7.351847e+03 8.723703e+03
2.019738e+03 2.019738e+03 2.019738e+03 2.019738e+03 2.019739e+03 2.019757e+03 2.019812e+03 2.020020e+03 2.020160e+03 2.020316e+03 2.020668e+03 2.021082e+03 2.021587e+03 2.022207e+03 2.022954e+03 2.023819e+03 2.024777e+03 2.032450e+03 2.076368e+03 2.218502e+03 2.450427e+03 2.724481e+03 3.016819e+03 3.652647e+03 4.392388e+03 5.274079e+03 6.319560e+03 7.537355e+03 8.927417e+03
2.032718e+03 2.032718e+03 2.032718e+03 2.032718e+03 2.032719e+03 2.032736e+03 2.032779e+03 2.032881e+03 2.032933e+03 2.032984e+03 2.033096e+03 2.033249e+03 2.033492e+03 2.033874e+03 2.034424e+03 2.035149e+03 2.036044e+03 2.045486e+03 2.097689e+03 2.255011e+03 2.504230e+03 2.794453e+03 3.101311e+03 3.762536e+03 4.524615e+03 5.426767e+03 6.491548e+03 7.727949e+03 9.136129e+03
2.045805e+03 2.045805e+03 2.045805e+03 2.045804e+03 2.045804e+03 2.045787e+03 2.045735e+03 2.045564e+03 2.045465e+03 2.045368e+03 2.045206e+03 2.045135e+03 2.045213e+03 2.045491e+03 2.045996e+03 2.046740e+03 2.047721e+03 2.059489e+03 2.120356e+03 2.293337e+03 2.560432e+03 2.867409e+03 3.189315e+03 3.876754e+03 4.661691e+03 5.584585e+03 6.668760e+03 7.923733e+03 9.349930e+03
2.056910e+03 2.056910e+03 2.056910e+03 2.056910e+03 2.056910e+03 2.056892e+03 2.056839e+03 2.056658e+03 2.056549e+03 2.056441e+03 2.056272e+03 2.056239e+03 2.056415e+03 2.056846e+03 2.057552e+03 2.058535e+03 2.059801e+03 2.074525e+03 2.144437e+03 2.333564e+03 2.619144e+03 2.943489e+03 3.280988e+03 3.995463e+03 4.803767e+03 5.747667e+03 6.851317e+03 8.124815e+03 9.568909e+03
2.066068e+03 2.066068e+03 2.066068e+03 2.066068e+03 2.066068e+03 2.066077e+03 2.066097e+03 2.066129e+03 2.066144e+03 2.066171e+03 2.066317e+03 2.066666e+03 2.067277e+03 2.068172e+03 2.069349e+03 2.070801e+03 2.072537e+03 2.090736e+03 2.170017e+03 2.375782e+03 2.680486e+03 3.022840e+03 3.376492e+03 4.118830e+03 4.950996e+03 5.916150e+03 7.039339e+03 8.331297e+03 9.793154e+03
