5.554681e+07 3.138741e+07 2.432921e+07 1.380858e+07 1.146211e+07 7.967854e+06 6.778960e+06 5.765581e+06 5.464317e+06 5.206862e+06 4.753607e+06 4.359200e+06 4.023026e+06 3.743315e+06 3.513986e+06 3.327245e+06 3.175449e+06 2.745431e+06 2.587017e+06 2.541849e+06 2.556354e+06 2.608844e+06 2.688145e+06 2.894530e+06 3.111352e+06 3.283805e+06 3.382804e+06 3.405964e+06 3.366826e+06
7.952039e+06 7.952066e+06 7.952079e+06 7.945465e+06 7.899016e+06 7.208734e+06 6.465839e+06 5.650731e+06 5.382330e+06 5.144571e+06 4.712606e+06 4.328965e+06 3.999222e+06 3.723852e+06 3.497710e+06 3.313443e+06 3.163638e+06 2.739587e+06 2.583868e+06 2.540072e+06 2.555398e+06 2.608457e+06 2.688185e+06 2.895112e+06 3.112111e+06 3.284449e+06 3.383161e+06 3.405980e+06 3.366521e+06
6.742138e+06 6.742144e+06 6.742153e+06 6.741524e+06 6.736164e+06 6.545293e+06 6.100983e+06 5.511216e+06 5.285300e+06 5.072214e+06 4.666090e+06 4.295203e+06 3.972984e+06 3.702635e+06 3.480134e+06 3.298659e+06 3.151074e+06 2.733508e+06 2.580625e+06 2.538251e+06 2.554420e+06 2.608060e+06 2.688222e+06 2.895700e+06 3.112875e+06 3.285095e+06 3.383518e+06 3.405993e+06 3.366210e+06
6.085709e+06 6.085713e+06 6.085724e+06 6.085732e+06 6.084707e+06 5.976179e+06 5.832215e+06 5.359975e+06 5.177321e+06 4.991330e+06 4.614304e+06 4.257933e+06 3.944292e+06 3.679645e+06 3.461247e+06 3.282886e+06 3.137752e+06 2.727193e+06 2.577290e+06 2.536386e+06 2.553420e+06 2.607654e+06 2.688258e+06 2.896293e+06 3.113646e+06 3.285745e+06 3.383876e+06 3.406003e+06 3.365895e+06
5.675183e+06 5.675186e+06 5.675195e+06 5.675313e+06 5.675226e+06 5.619946e+06 5.552709e+06 5.230693e+06 5.068019e+06 4.905289e+06 4.557792e+06 4.217253e+06 3.913161e+06 3.654881e+06 3.441045e+06 3.266122e+06 3.123674e+06 2.720646e+06 2.573861e+06 2.534477e+06 2.552397e+06 2.607238e+06 2.688292e+06 2.896892e+06 3.114422e+06 3.286398e+06 3.384233e+06 3.406010e+06 3.365576e+06
5.399214e+06 5.399216e+06 5.399223e+06 5.399356e+06 5.399514e+06 5.373937e+06 5.313662e+06 5.136868e+06 4.977306e+06 4.820883e+06 4.497711e+06 4.173420e+06 3.879660e+06 3.628364e+06 3.419536e+06 3.248372e+06 3.108842e+06 2.713866e+06 2.570341e+06 2.532522e+06 2.551352e+06 2.606811e+06 2.688323e+06 2.897496e+06 3.115204e+06 3.287053e+06 3.384590e+06 3.406014e+06 3.365251e+06
5.204102e+06 5.204104e+06 5.204109e+06 5.204223e+06 5.204435e+06 5.192892e+06 5.138822e+06 5.046091e+06 4.908090e+06 4.750487e+06 4.436208e+06 4.126967e+06 3.843952e+06 3.600156e+06 3.396749e+06 3.229653e+06 3.093267e+06 2.706859e+06 2.566729e+06 2.530524e+06 2.550284e+06 2.606375e+06 2.688352e+06 2.898104e+06 3.115991e+06 3.287712e+06 3.384946e+06 3.406015e+06 3.364921e+06
5.060550e+06 5.060552e+06 5.060556e+06 5.060653e+06 5.060861e+06 5.055836e+06 5.012182e+06 4.948083e+06 4.841003e+06 4.693157e+06 4.376906e+06 4.078822e+06 3.806345e+06 3.570379e+06 3.372740e+06 3.209993e+06 3.076968e+06 2.699627e+06 2.563026e+06 2.528480e+06 2.549193e+06 2.605928e+06 2.688379e+06 2.898718e+06 3.116784e+06 3.288374e+06 3.385303e+06 3.406013e+06 3.364586e+06
4.951430e+06 4.951431e+06 4.951434e+06 4.951519e+06 4.951711e+06 4.949756e+06 4.915310e+06 4.847136e+06 4.767043e+06 4.636825e+06 4.325394e+06 4.030442e+06 3.767333e+06 3.539230e+06 3.347601e+06 3.189441e+06 3.059972e+06 2.692176e+06 2.559234e+06 2.526392e+06 2.548079e+06 2.605471e+06 2.688404e+06 2.899337e+06 3.117583e+06 3.289039e+06 3.385658e+06 3.406008e+06 3.364246e+06
4.866243e+06 4.866244e+06 4.866247e+06 4.866319e+06 4.866490e+06 4.865426e+06 4.834857e+06 4.749227e+06 4.685412e+06 4.575050e+06 4.279247e+06 3.984076e+06 3.727642e+06 3.507007e+06 3.321469e+06 3.168068e+06 3.042321e+06 2.684510e+06 2.555353e+06 2.524260e+06 2.546942e+06 2.605003e+06 2.688426e+06 2.899961e+06 3.118387e+06 3.289707e+06 3.386013e+06 3.405999e+06 3.363901e+06
4.798321e+06 4.798321e+06 4.798321e+06 4.798314e+06 4.798257e+06 4.793185e+06 4.759963e+06 4.656570e+06 4.599190e+06 4.506029e+06 4.233487e+06 3.942538e+06 3.688288e+06 3.474119e+06 3.294536e+06 3.145974e+06 3.024069e+06 2.676638e+06 2.551384e+06 2.522083e+06 2.545781e+06 2.604525e+06 2.688445e+06 2.900590e+06 3.119197e+06 3.290377e+06 3.386368e+06 3.405987e+06 3.363551e+06
4.326677e+06 4.326677e+06 4.326677e+06 4.326677e+06 4.326664e+06 4.324894e+06 4.314074e+06 4.242358e+06 4.186733e+06 4.122802e+06 3.956614e+06 3.741923e+06 3.519614e+06 3.322233e+06 3.159772e+06 3.030675e+06 2.927173e+06 2.634560e+06 2.530293e+06 2.510529e+06 2.539615e+06 2.601961e+06 2.688493e+06 2.903804e+06 3.123324e+06 3.293768e+06 3.388129e+06 3.405872e+06 3.361718e+06
3.950560e+06 3.950561e+06 3.950561e+06 3.950569e+06 3.950587e+06 3.950578e+06 3.947940e+06 3.910890e+06 3.865448e+06 3.804822e+06 3.661104e+06 3.504133e+06 3.341639e+06 3.185500e+06 3.046969e+06 2.930951e+06 2.837077e+06 2.589645e+06 2.507386e+06 2.497887e+06 2.532829e+06 2.599094e+06 2.688451e+06 2.907127e+06 3.127576e+06 3.297216e+06 3.389862e+06 3.405662e+06 3.359744e+06
3.674614e+06 3.674614e+06 3.674614e+06 3.674605e+06 3.674573e+06 3.672943e+06 3.665974e+06 3.630677e+06 3.592968e+06 3.539991e+06 3.408032e+06 3.272725e+06 3.148163e+06 3.034503e+06 2.931524e+06 2.840652e+06 2.763034e+06 2.545930e+06 2.483326e+06 2.484260e+06 2.525422e+06 2.595907e+06 2.688298e+06 2.910546e+06 3.131941e+06 3.300708e+06 3.391556e+06 3.405344e+06 3.357622e+06
3.377634e+06 3.377634e+06 3.377634e+06 3.377634e+06 3.377634e+06 3.377449e+06 3.376242e+06 3.360865e+06 3.336605e+06 3.298091e+06 3.191178e+06 3.074942e+06 2.971613e+06 2.885003e+06 2.811413e+06 2.747169e+06 2.690544e+06 2.510536e+06 2.459328e+06 2.469899e+06 2.517438e+06 2.592394e+06 2.688023e+06 2.914048e+06 3.136404e+06 3.304232e+06 3.393199e+06 3.404909e+06 3.355342e+06
3.154073e+06 3.154073e+06 3.154073e+06 3.154074e+06 3.154078e+06 3.154104e+06 3.153807e+06 3.144821e+06 3.127544e+06 3.098495e+06 3.013186e+06 2.915411e+06 2.827172e+06 2.756153e+06 2.700569e+06 2.655682e+06 2.617466e+06 2.483550e+06 2.437415e+06 2.455279e+06 2.509001e+06 2.588587e+06 2.687628e+06 2.917620e+06 3.140954e+06 3.307773e+06 3.394776e+06 3.404346e+06 3.352896e+06
2.987948e+06 2.987948e+06 2.987948e+06 2.987951e+06 2.987957e+06 2.988080e+06 2.988197e+06 2.982103e+06 2.968378e+06 2.944701e+06 2.873987e+06 2.791162e+06 2.714969e+06 2.653916e+06 2.608350e+06 2.574693e+06 2.548673e+06 2.459020e+06 2.420703e+06 2.441188e+06 2.500357e+06 2.584567e+06 2.687135e+06 2.921257e+06 3.145575e+06 3.311316e+06 3.396275e+06 3.403643e+06 3.350273e+06
2.864810e+06 2.864810e+06 2.864811e+06 2.864813e+06 2.864819e+06 2.864963e+06 2.865229e+06 2.860596e+06 2.848934e+06 2.828550e+06 2.767579e+06 2.696034e+06 2.629555e+06 2.575773e+06 2.536024e+06 2.508125e+06 2.488640e+06 2.433693e+06 2.407814e+06 2.428905e+06 2.491907e+06 2.580483e+06 2.686601e+06 2.924958e+06 3.150254e+06 3.314844e+06 3.397680e+06 3.402786e+06 3.347466e+06
2.773255e+06 2.773255e+06 2.773255e+06 2.773257e+06 2.773263e+06 2.773412e+06 2.773724e+06 2.769868e+06 2.759512e+06 2.741301e+06 2.687004e+06 2.623690e+06 2.564753e+06 2.516531e+06 2.480471e+06 2.455324e+06 2.438654e+06 2.406448e+06 2.395842e+06 2.420083e+06 2.484257e+06 2.576573e+06 2.686127e+06 2.928734e+06 3.154982e+06 3.318344e+06 3.398976e+06 3.401765e+06 3.344463e+06
2.704728e+06 2.704728e+06 2.704728e+06 2.704730e+06 2.704736e+06 2.704887e+06 2.705254e+06 2.702003e+06 2.692590e+06 2.675912e+06 2.626232e+06 2.568643e+06 2.515123e+06 2.470937e+06 2.437275e+06 2.413337e+06 2.397450e+06 2.377554e+06 2.382934e+06 2.413417e+06 2.478385e+06 2.573184e+06 2.685864e+06 2.932611e+06 3.159752e+06 3.321801e+06 3.400149e+06 3.400567e+06 3.341256e+06
2.654322e+06 2.654322e+06 2.654322e+06 2.654324e+06 2.654329e+06 2.654489e+06 2.654890e+06 2.651927e+06 2.643025e+06 2.627237e+06 2.580313e+06 2.526173e+06 2.475994e+06 2.434354e+06 2.402116e+06 2.378601e+06 2.362572e+06 2.347800e+06 2.368079e+06 2.407430e+06 2.475173e+06 2.570809e+06 2.686028e+06 2.936633e+06 3.164564e+06 3.325201e+06 3.401185e+06 3.399178e+06 3.337835e+06
2.618512e+06 2.618512e+06 2.618512e+06 2.618512e+06 2.618511e+06 2.618481e+06 2.618469e+06 2.614742e+06 2.605781e+06 2.590215e+06 2.544359e+06 2.491707e+06 2.443072e+06 2.402703e+06 2.371186e+06 2.347769e+06 2.331369e+06 2.317933e+06 2.351019e+06 2.401126e+06 2.473607e+06 2.570243e+06 2.686913e+06 2.940867e+06 3.169422e+06 3.328534e+06 3.402069e+06 3.397587e+06 3.334190e+06
2.587020e+06 2.587020e+06 2.587020e+06 2.587021e+06 2.587024e+06 2.587100e+06 2.587270e+06 2.583700e+06 2.574700e+06 2.559057e+06 2.513065e+06 2.460480e+06 2.412201e+06 2.372358e+06 2.341298e+06 2.318069e+06 2.301545e+06 2.288462e+06 2.332052e+06 2.393887e+06 2.472850e+06 2.571877e+06 2.688929e+06 2.945402e+06 3.174343e+06 3.331791e+06 3.402789e+06 3.395783e+06 3.330312e+06
2.560851e+06 2.560851e+06 2.560851e+06 2.560852e+06 2.560855e+06 2.560923e+06 2.560828e+06 2.555384e+06 2.545173e+06 2.528419e+06 2.480864e+06 2.427667e+06 2.379535e+06 2.340315e+06 2.310046e+06 2.287522e+06 2.271471e+06 2.259694e+06 2.311799e+06 2.385447e+06 2.472300e+06 2.574952e+06 2.692725e+06 2.950360e+06 3.179350e+06 3.334969e+06 3.403334e+06 3.393753e+06 3.326193e+06
2.525697e+06 2.525697e+06 2.525697e+06 2.525695e+06 2.525686e+06 2.525382e+06 2.524276e+06 2.516656e+06 2.505725e+06 2.488588e+06 2.441175e+06 2.388968e+06 2.342298e+06 2.304752e+06 2.276169e+06 2.255166e+06 2.240360e+06 2.231848e+06 2.290988e+06 2.375845e+06 2.471537e+06 2.578925e+06 2.698372e+06 2.955898e+06 3.184481e+06 3.338069e+06 3.403694e+06 3.391489e+06 3.321824e+06
2.465932e+06 2.465932e+06 2.465932e+06 2.465932e+06 2.465931e+06 2.465879e+06 2.465657e+06 2.460892e+06 2.451631e+06 2.436263e+06 2.392501e+06 2.343825e+06 2.300406e+06 2.265806e+06 2.239859e+06 2.221162e+06 2.208295e+06 2.205137e+06 2.270323e+06 2.365343e+06 2.470315e+06 2.583382e+06 2.705301e+06 2.962222e+06 3.189784e+06 3.341096e+06 3.403862e+06 3.388980e+06 3.317197e+06
2.406530e+06 2.406530e+06 2.406530e+06 2.406530e+06 2.406529e+06 2.406514e+06 2.406430e+06 2.402631e+06 2.394453e+06 2.380582e+06 2.340601e+06 2.296006e+06 2.256451e+06 2.225337e+06 2.202491e+06 2.186519e+06 2.176003e+06 2.179804e+06 2.250407e+06 2.354332e+06 2.468548e+06 2.588006e+06 2.713121e+06 2.969627e+06 3.195327e+06 3.344062e+06 3.403835e+06 3.386221e+06 3.312306e+06
2.351335e+06 2.351335e+06 2.351335e+06 2.351335e+06 2.351336e+06 2.351351e+06 2.351361e+06 2.348082e+06 2.340557e+06 2.327693e+06 2.290583e+06 2.249432e+06 2.213372e+06 2.185562e+06 2.165750e+06 2.152524e+06 2.144453e+06 2.156104e+06 2.231717e+06 2.343253e+06 2.466282e+06 2.592574e+06 2.721520e+06 2.978507e+06 3.201193e+06 3.346986e+06 3.403612e+06 3.383204e+06 3.307146e+06
2.301799e+06 2.301799e+06 2.301799e+06 2.301799e+06 2.301800e+06 2.301815e+06 2.301833e+06 2.298767e+06 2.291652e+06 2.279487e+06 2.244525e+06 2.206113e+06 2.172968e+06 2.148023e+06 2.130933e+06 2.120248e+06 2.114514e+06 2.134276e+06 2.214600e+06 2.332529e+06 2.463662e+06 2.596949e+06 2.730239e+06 2.988614e+06 3.207492e+06 3.349897e+06 3.403195e+06 3.379926e+06 3.301710e+06
2.257337e+06 2.257337e+06 2.257337e+06 2.257337e+06 2.257338e+06 2.257338e+06 2.257324e+06 2.254329e+06 2.247515e+06 2.235905e+06 2.202712e+06 2.166596e+06 2.135933e+06 2.113470e+06 2.098782e+06 2.090384e+06 2.086798e+06 2.114511e+06 2.199290e+06 2.322534e+06 2.460894e+06 2.601078e+06 2.739075e+06 2.999616e+06 3.214369e+06 3.352829e+06 3.402592e+06 3.376385e+06 3.295997e+06
2.216599e+06 2.216599e+06 2.216599e+06 2.216600e+06 2.216600e+06 2.216615e+06 2.216640e+06 2.213869e+06 2.207395e+06 2.196343e+06 2.164822e+06 2.130812e+06 2.102397e+06 2.082169e+06 2.069641e+06 2.063308e+06 2.061676e+06 2.096941e+06 2.185922e+06 2.313565e+06 2.458210e+06 2.604973e+06 2.747879e+06 3.011263e+06 3.222060e+06 3.355829e+06 3.401814e+06 3.372583e+06 3.290003e+06
2.179802e+06 2.179802e+06 2.179802e+06 2.179802e+06 2.179803e+06 2.179820e+06 2.179854e+06 2.177257e+06 2.171102e+06 2.160583e+06 2.130660e+06 2.098649e+06 2.072345e+06 2.054194e+06 2.043653e+06 2.039202e+06 2.039349e+06 2.081632e+06 2.174555e+06 2.305842e+06 2.455838e+06 2.608698e+06 2.756550e+06 3.023342e+06 3.230698e+06 3.358959e+06 3.400878e+06 3.368522e+06 3.283730e+06
2.146752e+06 2.146752e+06 2.146752e+06 2.146752e+06 2.146753e+06 2.146774e+06 2.146825e+06 2.144409e+06 2.138563e+06 2.128559e+06 2.100173e+06 2.070077e+06 2.045781e+06 2.029580e+06 2.020878e+06 2.018150e+06 2.019908e+06 2.068596e+06 2.165185e+06 2.299512e+06 2.453990e+06 2.612354e+06 2.765035e+06 3.035661e+06 3.240001e+06 3.362297e+06 3.399806e+06 3.364209e+06 3.277177e+06
2.117410e+06 2.117410e+06 2.117410e+06 2.117410e+06 2.117411e+06 2.117445e+06 2.117529e+06 2.115333e+06 2.109804e+06 2.100307e+06 2.073405e+06 2.045134e+06 2.022730e+06 2.008345e+06 2.001333e+06 2.000164e+06 2.003365e+06 2.057789e+06 2.157762e+06 2.294657e+06 2.452842e+06 2.616059e+06 2.773317e+06 3.048053e+06 3.249756e+06 3.365958e+06 3.398628e+06 3.359653e+06 3.270347e+06
2.092147e+06 2.092147e+06 2.092147e+06 2.092148e+06 2.092149e+06 2.092187e+06 2.092290e+06 2.090269e+06 2.085025e+06 2.075992e+06 2.050464e+06 2.023879e+06 2.003211e+06 1.990477e+06 1.984982e+06 1.985195e+06 1.989662e+06 2.049124e+06 2.152198e+06 2.291306e+06 2.452531e+06 2.619935e+06 2.781415e+06 3.060373e+06 3.259785e+06 3.370126e+06 3.397381e+06 3.354868e+06 3.263247e+06
2.071022e+06 2.071022e+06 2.071022e+06 2.071022e+06 2.071024e+06 2.071064e+06 2.071179e+06 2.069301e+06 2.064306e+06 2.055687e+06 2.031386e+06 2.006304e+06 1.987172e+06 1.975886e+06 1.971710e+06 1.973116e+06 1.978666e+06 2.042472e+06 2.148386e+06 2.289446e+06 2.453158e+06 2.624099e+06 2.789367e+06 3.072497e+06 3.269931e+06 3.374743e+06 3.396114e+06 3.349870e+06 3.255883e+06
2.053934e+06 2.053934e+06 2.053934e+06 2.053935e+06 2.053936e+06 2.053983e+06 2.054114e+06 2.052363e+06 2.047582e+06 2.039317e+06 2.016066e+06 1.992265e+06 1.974439e+06 1.964379e+06 1.961314e+06 1.963718e+06 1.970173e+06 2.037678e+06 2.146201e+06 2.289036e+06 2.454788e+06 2.628655e+06 2.797227e+06 3.084326e+06 3.280049e+06 3.379605e+06 3.394891e+06 3.344680e+06 3.248265e+06
2.040852e+06 2.040852e+06 2.040852e+06 2.040852e+06 2.040854e+06 2.040894e+06 2.041012e+06 2.039291e+06 2.034649e+06 2.026644e+06 2.004213e+06 1.981447e+06 1.964691e+06 1.955640e+06 1.953490e+06 1.956718e+06 1.963921e+06 2.034568e+06 2.145513e+06 2.290013e+06 2.457452e+06 2.633690e+06 2.805055e+06 3.095783e+06 3.290008e+06 3.384569e+06 3.393810e+06 3.339326e+06 3.240403e+06
2.031124e+06 2.031124e+06 2.031124e+06 2.031124e+06 2.031125e+06 2.031159e+06 2.031254e+06 2.029490e+06 2.024918e+06 2.017088e+06 1.995281e+06 1.973351e+06 1.957475e+06 1.949261e+06 1.947873e+06 1.951787e+06 1.959613e+06 2.032966e+06 2.146196e+06 2.292301e+06 2.461159e+06 2.639269e+06 2.812913e+06 3.106809e+06 3.299688e+06 3.389509e+06 3.392986e+06 3.333839e+06 3.232314e+06
2.023777e+06 2.023777e+06 2.023777e+06 2.023777e+06 2.023777e+06 2.023793e+06 2.023836e+06 2.021985e+06 2.017469e+06 2.009796e+06 1.988561e+06 1.967386e+06 1.952295e+06 1.944816e+06 1.944090e+06 1.948594e+06 1.956957e+06 2.032706e+06 2.148131e+06 2.295822e+06 2.465896e+06 2.645442e+06 2.820858e+06 3.117367e+06 3.308984e+06 3.394313e+06 3.392286e+06 3.328262e+06 3.224013e+06
2.017550e+06 2.017550e+06 2.017550e+06 2.017550e+06 2.017551e+06 2.017577e+06 2.017647e+06 2.015900e+06 2.011524e+06 2.004075e+06 1.983489e+06 1.963081e+06 1.948744e+06 1.941949e+06 1.941824e+06 1.946860e+06 1.955703e+06 2.033641e+06 2.151212e+06 2.300494e+06 2.471633e+06 2.652236e+06 2.828941e+06 3.127433e+06 3.317803e+06 3.398878e+06 3.391585e+06 3.322651e+06 3.215522e+06
2.012828e+06 2.012828e+06 2.012828e+06 2.012828e+06 2.012829e+06 2.012857e+06 2.012933e+06 2.011270e+06 2.007031e+06 1.999806e+06 1.979856e+06 1.960187e+06 1.946564e+06 1.940408e+06 1.940841e+06 1.946367e+06 1.955652e+06 2.035655e+06 2.155350e+06 2.306242e+06 2.478333e+06 2.659665e+06 2.837205e+06 3.137000e+06 3.326067e+06 3.403110e+06 3.390786e+06 3.317099e+06 3.206866e+06
2.009742e+06 2.009742e+06 2.009742e+06 2.009743e+06 2.009744e+06 2.009773e+06 2.009849e+06 2.008201e+06 2.004044e+06 1.996980e+06 1.977555e+06 1.958539e+06 1.945568e+06 1.940004e+06 1.940957e+06 1.946944e+06 1.956650e+06 2.038654e+06 2.160472e+06 2.312996e+06 2.485951e+06 2.667730e+06 2.845680e+06 3.146069e+06 3.333710e+06 3.406923e+06 3.389806e+06 3.311629e+06 3.198073e+06
2.008014e+06 2.008014e+06 2.008014e+06 2.008014e+06 2.008014e+06 2.008022e+06 2.008040e+06 2.006300e+06 2.002188e+06 1.995257e+06 1.976310e+06 1.957908e+06 1.945559e+06 1.940563e+06 1.942021e+06 1.948458e+06 1.958577e+06 2.042575e+06 2.166522e+06 2.320693e+06 2.494441e+06 2.676418e+06 2.854391e+06 3.154650e+06 3.340679e+06 3.410240e+06 3.388569e+06 3.306129e+06 3.189183e+06
2.006466e+06 2.006466e+06 2.006466e+06 2.006466e+06 2.006467e+06 2.006491e+06 2.006556e+06 2.004947e+06 2.000962e+06 1.994225e+06 1.975824e+06 1.958069e+06 1.946355e+06 1.941936e+06 1.943907e+06 1.950803e+06 1.961345e+06 2.047375e+06 2.173462e+06 2.329283e+06 2.503754e+06 2.685713e+06 2.863351e+06 3.162758e+06 3.346936e+06 3.412992e+06 3.387006e+06 3.300521e+06 3.180246e+06
2.005908e+06 2.005908e+06 2.005908e+06 2.005908e+06 2.005908e+06 2.005920e+06 2.005951e+06 2.004323e+06 2.000428e+06 1.993863e+06 1.976006e+06 1.958908e+06 1.947847e+06 1.944027e+06 1.946533e+06 1.953911e+06 1.964899e+06 2.053037e+06 2.181268e+06 2.338722e+06 2.513845e+06 2.695589e+06 2.872566e+06 3.170413e+06 3.352453e+06 3.415118e+06 3.385055e+06 3.294742e+06 3.171339e+06
2.005715e+06 2.005715e+06 2.005715e+06 2.005715e+06 2.005716e+06 2.005738e+06 2.005796e+06 2.004261e+06 2.000483e+06 1.994107e+06 1.976802e+06 1.960373e+06 1.949984e+06 1.946789e+06 1.949862e+06 1.957756e+06 1.969221e+06 2.059564e+06 2.189932e+06 2.348978e+06 2.524673e+06 2.706019e+06 2.882035e+06 3.177634e+06 3.357210e+06 3.416569e+06 3.382659e+06 3.288739e+06 3.162424e+06
2.006350e+06 2.006350e+06 2.006350e+06 2.006350e+06 2.006350e+06 2.006362e+06 2.006398e+06 2.004864e+06 2.001170e+06 1.994962e+06 1.978193e+06 1.962440e+06 1.952750e+06 1.950217e+06 1.953896e+06 1.962347e+06 1.974327e+06 2.066978e+06 2.199457e+06 2.360029e+06 2.536201e+06 2.716975e+06 2.891753e+06 3.184442e+06 3.361199e+06 3.417302e+06 3.379766e+06 3.282462e+06 3.153430e+06
2.007402e+06 2.007402e+06 2.007402e+06 2.007402e+06 2.007403e+06 2.007417e+06 2.007453e+06 2.005952e+06 2.002359e+06 1.996333e+06 1.980137e+06 1.965106e+06 1.956164e+06 1.954342e+06 1.958677e+06 1.967729e+06 1.980264e+06 2.075318e+06 2.209858e+06 2.371861e+06 2.548397e+06 2.728426e+06 2.901707e+06 3.190858e+06 3.364420e+06 3.417284e+06 3.376331e+06 3.275869e+06 3.144308e+06
2.008797e+06 2.008797e+06 2.008797e+06 2.008797e+06 2.008798e+06 2.008814e+06 2.008862e+06 2.007461e+06 2.004011e+06 1.998212e+06 1.982672e+06 1.968435e+06 1.960302e+06 1.959246e+06 1.964285e+06 1.973979e+06 1.987106e+06 2.084635e+06 2.221159e+06 2.384468e+06 2.561234e+06 2.740343e+06 2.911884e+06 3.196898e+06 3.366876e+06 3.416488e+06 3.372313e+06 3.268918e+06 3.135017e+06
2.010921e+06 2.010921e+06 2.010921e+06 2.010922e+06 2.010922e+06 2.010945e+06 2.011011e+06 2.009717e+06 2.006418e+06 2.000858e+06 1.986005e+06 1.972595e+06 1.965308e+06 1.965054e+06 1.970831e+06 1.981200e+06 1.994944e+06 2.094986e+06 2.233388e+06 2.397848e+06 2.574688e+06 2.752697e+06 2.922266e+06 3.202579e+06 3.368578e+06 3.414897e+06 3.367680e+06 3.261575e+06 3.125525e+06
2.014171e+06 2.014171e+06 2.014171e+06 2.014172e+06 2.014172e+06 2.014200e+06 2.014277e+06 2.013069e+06 2.009907e+06 2.004569e+06 1.990378e+06 1.977786e+06 1.971347e+06 1.971907e+06 1.978438e+06 1.989498e+06 2.003877e+06 2.106430e+06 2.246575e+06 2.412005e+06 2.588739e+06 2.765460e+06 2.932831e+06 3.207911e+06 3.369539e+06 3.412501e+06 3.362403e+06 3.253808e+06 3.115801e+06
2.018764e+06 2.018764e+06 2.018764e+06 2.018764e+06 2.018765e+06 2.018791e+06 2.018866e+06 2.017704e+06 2.014655e+06 2.009520e+06 1.995952e+06 1.984154e+06 1.978552e+06 1.979924e+06 1.987216e+06 1.998975e+06 2.013994e+06 2.119023e+06 2.260749e+06 2.426940e+06 2.603369e+06 2.778603e+06 2.943558e+06 3.212903e+06 3.369776e+06 3.409295e+06 3.356460e+06 3.245588e+06 3.105816e+06
2.024608e+06 2.024608e+06 2.024608e+06 2.024609e+06 2.024610e+06 2.024636e+06 2.024714e+06 2.023610e+06 2.020678e+06 2.015744e+06 2.002795e+06 1.991782e+06 1.987013e+06 1.989198e+06 1.997251e+06 2.009711e+06 2.025370e+06 2.132806e+06 2.275931e+06 2.442655e+06 2.618557e+06 2.792096e+06 2.954419e+06 3.217561e+06 3.369305e+06 3.405281e+06 3.349834e+06 3.236891e+06 3.095548e+06
2.031738e+06 2.031738e+06 2.031738e+06 2.031738e+06 2.031739e+06 2.031768e+06 2.031853e+06 2.030820e+06 2.028011e+06 2.023283e+06 2.010959e+06 2.000733e+06 1.996797e+06 1.999793e+06 2.008607e+06 2.021766e+06 2.038060e+06 2.147809e+06 2.292131e+06 2.459143e+06 2.634283e+06 2.805909e+06 2.965387e+06 3.221884e+06 3.368144e+06 3.400463e+06 3.342512e+06 3.227697e+06 3.084975e+06
2.040284e+06 2.040284e+06 2.040284e+06 2.040285e+06 2.040286e+06 2.040317e+06 2.040407e+06 2.039435e+06 2.036744e+06 2.032217e+06 2.020508e+06 2.011063e+06 2.007956e+06 2.011761e+06 2.021330e+06 2.035180e+06 2.052096e+06 2.164039e+06 2.309347e+06 2.476393e+06 2.650519e+06 2.820006e+06 2.976429e+06 3.225870e+06 3.366311e+06 3.394852e+06 3.334488e+06 3.217990e+06 3.074078e+06
2.050293e+06 2.050293e+06 2.050293e+06 2.050294e+06 2.050295e+06 2.050327e+06 2.050421e+06 2.049505e+06 2.046927e+06 2.042597e+06 2.031492e+06 2.022816e+06 2.020526e+06 2.025127e+06 2.035438e+06 2.049961e+06 2.067481e+06 2.181475e+06 2.327557e+06 2.494379e+06 2.667234e+06 2.834350e+06 2.987511e+06 3.229513e+06 3.363823e+06 3.388461e+06 3.325761e+06 3.207756e+06 3.062840e+06
2.061788e+06 2.061788e+06 2.061788e+06 2.061789e+06 2.061790e+06 2.061822e+06 2.061917e+06 2.061054e+06 2.058588e+06 2.054450e+06 2.043934e+06 2.036009e+06 2.034513e+06 2.039886e+06 2.050912e+06 2.066083e+06 2.084179e+06 2.200071e+06 2.346721e+06 2.513065e+06 2.684389e+06 2.848899e+06 2.998593e+06 3.232800e+06 3.360694e+06 3.381307e+06 3.316332e+06 3.196987e+06 3.051247e+06
2.074776e+06 2.074776e+06 2.074776e+06 2.074776e+06 2.074777e+06 2.074810e+06 2.074910e+06 2.074099e+06 2.071738e+06 2.067781e+06 2.057825e+06 2.050612e+06 2.049871e+06 2.055975e+06 2.067680e+06 2.083464e+06 2.102104e+06 2.219742e+06 2.366776e+06 2.532403e+06 2.701936e+06 2.863604e+06 3.009632e+06 3.235717e+06 3.356937e+06 3.373406e+06 3.306206e+06 3.185676e+06 3.039290e+06
2.089280e+06 2.089280e+06 2.089280e+06 2.089280e+06 2.089281e+06 2.089312e+06 2.089404e+06 2.088613e+06 2.086334e+06 2.082532e+06 2.073074e+06 2.066508e+06 2.066463e+06 2.073249e+06 2.085590e+06 2.101950e+06 2.121104e+06 2.240370e+06 2.387639e+06 2.552326e+06 2.719817e+06 2.878411e+06 3.020581e+06 3.238246e+06 3.352565e+06 3.364777e+06 3.295393e+06 3.173821e+06 3.026957e+06
2.105085e+06 2.105085e+06 2.105085e+06 2.105086e+06 2.105087e+06 2.105117e+06 2.105201e+06 2.104383e+06 2.102147e+06 2.098456e+06 2.089409e+06 2.083418e+06 2.084013e+06 2.091439e+06 2.104386e+06 2.121302e+06 2.140954e+06 2.261801e+06 2.409205e+06 2.572759e+06 2.737966e+06 2.893260e+06 3.031387e+06 3.240365e+06 3.347586e+06 3.355441e+06 3.283906e+06 3.161422e+06 3.014245e+06
2.121724e+06 2.121724e+06 2.121724e+06 2.121724e+06 2.121725e+06 2.121735e+06 2.121762e+06 2.120816e+06 2.118583e+06 2.114970e+06 2.106289e+06 2.100850e+06 2.102077e+06 2.110146e+06 2.123708e+06 2.141194e+06 2.161359e+06 2.283854e+06 2.431355e+06 2.593611e+06 2.756307e+06 2.908084e+06 3.041995e+06 3.242048e+06 3.342007e+06 3.345416e+06 3.271758e+06 3.148485e+06 3.001147e+06
2.137939e+06 2.137939e+06 2.137939e+06 2.137939e+06 2.137939e+06 2.137940e+06 2.137941e+06 2.136927e+06 2.134723e+06 2.131217e+06 2.122968e+06 2.118153e+06 2.120086e+06 2.128870e+06 2.143118e+06 2.161238e+06 2.181978e+06 2.306327e+06 2.453955e+06 2.614781e+06 2.774757e+06 2.922811e+06 3.052343e+06 3.243267e+06 3.335833e+06 3.334725e+06 3.258967e+06 3.135014e+06 2.987664e+06
2.153001e+06 2.153001e+06 2.153001e+06 2.153001e+06 2.153001e+06 2.152996e+06 2.152973e+06 2.151907e+06 2.149757e+06 2.146399e+06 2.138698e+06 2.134652e+06 2.137440e+06 2.147086e+06 2.162153e+06 2.181029e+06 2.202451e+06 2.329015e+06 2.476865e+06 2.636161e+06 2.793223e+06 2.937361e+06 3.062366e+06 3.243991e+06 3.329066e+06 3.323385e+06 3.245551e+06 3.121020e+06 2.973794e+06
2.166287e+06 2.166287e+06 2.166287e+06 2.166287e+06 2.166287e+06 2.166265e+06 2.166196e+06 2.165052e+06 2.162974e+06 2.159807e+06 2.152807e+06 2.149729e+06 2.153590e+06 2.164305e+06 2.180384e+06 2.200187e+06 2.222443e+06 2.351717e+06 2.499943e+06 2.657633e+06 2.811606e+06 2.951651e+06 3.071996e+06 3.244187e+06 3.321707e+06 3.311418e+06 3.231530e+06 3.106512e+06 2.959542e+06
2.176880e+06 2.176880e+06 2.176880e+06 2.176880e+06 2.176879e+06 2.176857e+06 2.176780e+06 2.175649e+06 2.173706e+06 2.170812e+06 2.164733e+06 2.162887e+06 2.168089e+06 2.180130e+06 2.197455e+06 2.218396e+06 2.241670e+06 2.374254e+06 2.523050e+06 2.679079e+06 2.829802e+06 2.965592e+06 3.081160e+06 3.243819e+06 3.313755e+06 3.298840e+06 3.216925e+06 3.091505e+06 2.944911e+06
2.184527e+06 2.184527e+06 2.184527e+06 2.184526e+06 2.184525e+06 2.184497e+06 2.184404e+06 2.183317e+06 2.181565e+06 2.179031e+06 2.174116e+06 2.173793e+06 2.180636e+06 2.194287e+06 2.213118e+06 2.235427e+06 2.259922e+06 2.396472e+06 2.546051e+06 2.700375e+06 2.847701e+06 2.979090e+06 3.089786e+06 3.242852e+06 3.305207e+06 3.285671e+06 3.201757e+06 3.076014e+06 2.929908e+06
2.189035e+06 2.189035e+06 2.189034e+06 2.189034e+06 2.189033e+06 2.189004e+06 2.188910e+06 2.187919e+06 2.186414e+06 2.184325e+06 2.180811e+06 2.182300e+06 2.191082e+06 2.206631e+06 2.227230e+06 2.251143e+06 2.277067e+06 2.418249e+06 2.568820e+06 2.721395e+06 2.865189e+06 2.992051e+06 3.097796e+06 3.241248e+06 3.296059e+06 3.271928e+06 3.186049e+06 3.060055e+06 2.914541e+06
2.190525e+06 2.190525e+06 2.190525e+06 2.190525e+06 2.190524e+06 2.190495e+06 2.190400e+06 2.189528e+06 2.188311e+06 2.186737e+06 2.184837e+06 2.188405e+06 2.199410e+06 2.217130e+06 2.239750e+06 2.265494e+06 2.293047e+06 2.439490e+06 2.591237e+06 2.742012e+06 2.882148e+06 3.004374e+06 3.105112e+06 3.238968e+06 3.286308e+06 3.257627e+06 3.169824e+06 3.043645e+06 2.898821e+06
2.189137e+06 2.189137e+06 2.189137e+06 2.189136e+06 2.189135e+06 2.189108e+06 2.189018e+06 2.188291e+06 2.187403e+06 2.186407e+06 2.186315e+06 2.192209e+06 2.205697e+06 2.225839e+06 2.250713e+06 2.278497e+06 2.307861e+06 2.460124e+06 2.613184e+06 2.762097e+06 2.898459e+06 3.015960e+06 3.111656e+06 3.235976e+06 3.275947e+06 3.242784e+06 3.153105e+06 3.026805e+06 2.882759e+06
2.185112e+06 2.185112e+06 2.185112e+06 2.185112e+06 2.185111e+06 2.185083e+06 2.184995e+06 2.184424e+06 2.183896e+06 2.183536e+06 2.185427e+06 2.193870e+06 2.210078e+06 2.232872e+06 2.260209e+06 2.290217e+06 2.321552e+06 2.480095e+06 2.634548e+06 2.781518e+06 2.913999e+06 3.026708e+06 3.117351e+06 3.232234e+06 3.264971e+06 3.227414e+06 3.135913e+06 3.009554e+06 2.866367e+06
2.178639e+06 2.178639e+06 2.178639e+06 2.178639e+06 2.178638e+06 2.178614e+06 2.178537e+06 2.178156e+06 2.178024e+06 2.178355e+06 2.182393e+06 2.193588e+06 2.212728e+06 2.238375e+06 2.268358e+06 2.300747e+06 2.334185e+06 2.499351e+06 2.655212e+06 2.800139e+06 2.928644e+06 3.036515e+06 3.122119e+06 3.227707e+06 3.253376e+06 3.211533e+06 3.118272e+06 2.991912e+06 2.849659e+06
2.170078e+06 2.170078e+06 2.170078e+06 2.170078e+06 2.170077e+06 2.170054e+06 2.169978e+06 2.169779e+06 2.170065e+06 2.171130e+06 2.177455e+06 2.191581e+06 2.213838e+06 2.242512e+06 2.275291e+06 2.310189e+06 2.345832e+06 2.517836e+06 2.675053e+06 2.817823e+06 2.942270e+06 3.045283e+06 3.125885e+06 3.222361e+06 3.241156e+06 3.195154e+06 3.100205e+06 2.973901e+06 2.832650e+06
2.159619e+06 2.159619e+06 2.159619e+06 2.159619e+06 2.159618e+06 2.159598e+06 2.159532e+06 2.159539e+06 2.160267e+06 2.162109e+06 2.170848e+06 2.188064e+06 2.213598e+06 2.245442e+06 2.281136e+06 2.318635e+06 2.356553e+06 2.535481e+06 2.693937e+06 2.834427e+06 2.954751e+06 3.052912e+06 3.128578e+06 3.216164e+06 3.228307e+06 3.178292e+06 3.081733e+06 2.955542e+06 2.815355e+06
2.147557e+06 2.147557e+06 2.147557e+06 2.147556e+06 2.147556e+06 2.147535e+06 2.147470e+06 2.147676e+06 2.148866e+06 2.151523e+06 2.162794e+06 2.183239e+06 2.212182e+06 2.247306e+06 2.285999e+06 2.326158e+06 2.366386e+06 2.552195e+06 2.711722e+06 2.849805e+06 2.965965e+06 3.059309e+06 3.130131e+06 3.209089e+06 3.214827e+06 3.160960e+06 3.062880e+06 2.936858e+06 2.797792e+06
2.134032e+06 2.134032e+06 2.134032e+06 2.134032e+06 2.134031e+06 2.134015e+06 2.133962e+06 2.134398e+06 2.136077e+06 2.139586e+06 2.153495e+06 2.177286e+06 2.209737e+06 2.248213e+06 2.289951e+06 2.332792e+06 2.375331e+06 2.567863e+06 2.728252e+06 2.863810e+06 2.975791e+06 3.064385e+06 3.130479e+06 3.201111e+06 3.200715e+06 3.143174e+06 3.043665e+06 2.917869e+06 2.779978e+06
2.119370e+06 2.119370e+06 2.119370e+06 2.119370e+06 2.119369e+06 2.119353e+06 2.119301e+06 2.119952e+06 2.122130e+06 2.126518e+06 2.143139e+06 2.170352e+06 2.206370e+06 2.248230e+06 2.293020e+06 2.338529e+06 2.383351e+06 2.582345e+06 2.743363e+06 2.876294e+06 2.984114e+06 3.068054e+06 3.129568e+06 3.192209e+06 3.185971e+06 3.124946e+06 3.024112e+06 2.898597e+06 2.761929e+06
2.103685e+06 2.103685e+06 2.103685e+06 2.103685e+06 2.103684e+06 2.103671e+06 2.103629e+06 2.104515e+06 2.107205e+06 2.112490e+06 2.131869e+06 2.162539e+06 2.202138e+06 2.247374e+06 2.295186e+06 2.343318e+06 2.390363e+06 2.595478e+06 2.756885e+06 2.887113e+06 2.990825e+06 3.070244e+06 3.127347e+06 3.182365e+06 3.170597e+06 3.106292e+06 3.004241e+06 2.879066e+06 2.743664e+06
2.087221e+06 2.087221e+06 2.087221e+06 2.087221e+06 2.087221e+06 2.087207e+06 2.087166e+06 2.088266e+06 2.091464e+06 2.097642e+06 2.119777e+06 2.153899e+06 2.197054e+06 2.245620e+06 2.296392e+06 2.347070e+06 2.396255e+06 2.607080e+06 2.768642e+06 2.896130e+06 2.995826e+06 3.070886e+06 3.123774e+06 3.171570e+06 3.154598e+06 3.087227e+06 2.984074e+06 2.859295e+06 2.725201e+06
2.070043e+06 2.070043e+06 2.070043e+06 2.070043e+06 2.070042e+06 2.070028e+06 2.069985e+06 2.071290e+06 2.074984e+06 2.082046e+06 2.106912e+06 2.144445e+06 2.191097e+06 2.242913e+06 2.296549e+06 2.349668e+06 2.400884e+06 2.616960e+06 2.778466e+06 2.903217e+06 2.999030e+06 3.069927e+06 3.118818e+06 3.159816e+06 3.137980e+06 3.067766e+06 2.963630e+06 2.839307e+06 2.706558e+06
2.052138e+06 2.052138e+06 2.052138e+06 2.052138e+06 2.052137e+06 2.052123e+06 2.052080e+06 2.053592e+06 2.057785e+06 2.065727e+06 2.093296e+06 2.134180e+06 2.184235e+06 2.239185e+06 2.295553e+06 2.350977e+06 2.404092e+06 2.624924e+06 2.786199e+06 2.908263e+06 3.000364e+06 3.067322e+06 3.112455e+06 3.147101e+06 3.120752e+06 3.047924e+06 2.942930e+06 2.819123e+06 2.687753e+06
2.033520e+06 2.033520e+06 2.033520e+06 2.033520e+06 2.033519e+06 2.033510e+06 2.033481e+06 2.035235e+06 2.039935e+06 2.048754e+06 2.078981e+06 2.123117e+06 2.176437e+06 2.234357e+06 2.293288e+06 2.350853e+06 2.405713e+06 2.630788e+06 2.791699e+06 2.911174e+06 2.999774e+06 3.063043e+06 3.104673e+06 3.133431e+06 3.102927e+06 3.027719e+06 2.921994e+06 2.798763e+06 2.668805e+06
2.014513e+06 2.014513e+06 2.014513e+06 2.014513e+06 2.014513e+06 2.014504e+06 2.014479e+06 2.016451e+06 2.021636e+06 2.031296e+06 2.064064e+06 2.111286e+06 2.167669e+06 2.228348e+06 2.289634e+06 2.349147e+06 2.405582e+06 2.634390e+06 2.794854e+06 2.911882e+06 2.997221e+06 3.057073e+06 3.095470e+06 3.118816e+06 3.084518e+06 3.007168e+06 2.900843e+06 2.778249e+06 2.649732e+06
1.995279e+06 1.995279e+06 1.995279e+06 1.995279e+06 1.995279e+06 1.995270e+06 1.995248e+06 1.997415e+06 2.003049e+06 2.013492e+06 2.048623e+06 2.098695e+06 2.157884e+06 2.221064e+06 2.284468e+06 2.345719e+06 2.403549e+06 2.635599e+06 2.795581e+06 2.910345e+06 2.992691e+06 3.049414e+06 3.084854e+06 3.103270e+06 3.065542e+06 2.986289e+06 2.879495e+06 2.757599e+06 2.630553e+06
1.975883e+06 1.975883e+06 1.975883e+06 1.975883e+06 1.975883e+06 1.975875e+06 1.975856e+06 1.978203e+06 1.984247e+06 1.995404e+06 2.032678e+06 2.085317e+06 2.147014e+06 2.212413e+06 2.277681e+06 2.340451e+06 2.399495e+06 2.634330e+06 2.793836e+06 2.906548e+06 2.986187e+06 3.040079e+06 3.072845e+06 3.086815e+06 3.046018e+06 2.965100e+06 2.857971e+06 2.736834e+06 2.611283e+06
1.956400e+06 1.956400e+06 1.956400e+06 1.956399e+06 1.956399e+06 1.956392e+06 1.956373e+06 1.958874e+06 1.965279e+06 1.977065e+06 2.016230e+06 2.071123e+06 2.135007e+06 2.202329e+06 2.269202e+06 2.333275e+06 2.393354e+06 2.630553e+06 2.789620e+06 2.900508e+06 2.977736e+06 3.029099e+06 3.059474e+06 3.069477e+06 3.025967e+06 2.943621e+06 2.836289e+06 2.715972e+06 2.591943e+06
1.936849e+06 1.936849e+06 1.936849e+06 1.936849e+06 1.936849e+06 1.936843e+06 1.936828e+06 1.939469e+06 1.946185e+06 1.958514e+06 1.999299e+06 2.056116e+06 2.121857e+06 2.190801e+06 2.259021e+06 2.324183e+06 2.385127e+06 2.624293e+06 2.782971e+06 2.892271e+06 2.967385e+06 3.016519e+06 3.044780e+06 3.051287e+06 3.005414e+06 2.921872e+06 2.814470e+06 2.695033e+06 2.572547e+06
1.917311e+06 1.917311e+06 1.917311e+06 1.917311e+06 1.917311e+06 1.917305e+06 1.917290e+06 1.920041e+06 1.927016e+06 1.939796e+06 1.981930e+06 2.040341e+06 2.107611e+06 2.177881e+06 2.247197e+06 2.313240e+06 2.374881e+06 2.615633e+06 2.773971e+06 2.881912e+06 2.955199e+06 3.002395e+06 3.028815e+06 3.032281e+06 2.984383e+06 2.899873e+06 2.792531e+06 2.674035e+06 2.553113e+06
1.897786e+06 1.897786e+06 1.897786e+06 1.897786e+06 1.897786e+06 1.897780e+06 1.897769e+06 1.900616e+06 1.907803e+06 1.920951e+06 1.964178e+06 2.023872e+06 2.092360e+06 2.163675e+06 2.233846e+06 2.300570e+06 2.362746e+06 2.604703e+06 2.762737e+06 2.869531e+06 2.941263e+06 2.986798e+06 3.011635e+06 3.012499e+06 2.962904e+06 2.877647e+06 2.770491e+06 2.652995e+06 2.533658e+06
