3.580398e+05 2.270664e+05 2.188299e+05 2.122891e+05 2.111212e+05 2.053217e+05 2.033518e+05 2.030182e+05 2.036787e+05 2.046375e+05 2.071487e+05 2.101775e+05 2.134757e+05 2.167976e+05 2.198964e+05 2.225481e+05 2.245717e+05 2.226261e+05 2.041166e+05 1.795406e+05 1.557602e+05 1.350295e+05 1.175125e+05 9.038671e+04 7.103199e+04 5.708482e+04 4.692741e+04 3.942078e+04 3.377181e+04
2.043872e+05 2.043903e+05 2.043984e+05 2.044767e+05 2.040468e+05 2.024992e+05 2.021515e+05 2.028077e+05 2.036333e+05 2.046956e+05 2.073304e+05 2.104328e+05 2.137813e+05 2.171398e+05 2.202659e+05 2.229377e+05 2.249753e+05 2.230334e+05 2.044658e+05 1.798191e+05 1.559768e+05 1.351972e+05 1.176430e+05 9.046765e+04 7.108404e+04 5.711952e+04 4.695134e+04 3.943779e+04 3.378421e+04
2.024275e+05 2.024283e+05 2.024305e+05 2.024671e+05 2.024897e+05 2.025904e+05 2.009015e+05 2.023546e+05 2.034704e+05 2.046979e+05 2.075077e+05 2.107018e+05 2.141079e+05 2.175060e+05 2.206601e+05 2.233516e+05 2.254024e+05 2.234575e+05 2.048259e+05 1.801045e+05 1.561977e+05 1.353677e+05 1.177754e+05 9.054950e+04 7.113656e+04 5.715448e+04 4.697542e+04 3.945488e+04 3.379666e+04
2.011738e+05 2.011743e+05 2.011755e+05 2.012023e+05 2.012515e+05 2.002529e+05 2.023417e+05 2.017811e+05 2.031831e+05 2.046245e+05 2.076689e+05 2.109791e+05 2.144530e+05 2.178947e+05 2.210784e+05 2.237896e+05 2.258528e+05 2.238985e+05 2.051971e+05 1.803968e+05 1.564230e+05 1.355411e+05 1.179097e+05 9.063225e+04 7.118955e+04 5.718969e+04 4.699964e+04 3.947206e+04 3.380916e+04
2.007629e+05 2.007631e+05 2.007638e+05 2.007813e+05 2.008200e+05 2.002157e+05 2.018876e+05 2.020405e+05 2.029769e+05 2.045214e+05 2.078099e+05 2.112595e+05 2.148131e+05 2.183041e+05 2.215194e+05 2.242510e+05 2.263263e+05 2.243565e+05 2.055792e+05 1.806960e+05 1.566526e+05 1.357174e+05 1.180459e+05 9.071591e+04 7.124300e+04 5.722516e+04 4.702401e+04 3.948933e+04 3.382173e+04
2.008513e+05 2.008515e+05 2.008521e+05 2.008688e+05 2.009065e+05 2.008137e+05 2.011130e+05 2.034971e+05 2.035306e+05 2.045934e+05 2.079538e+05 2.115433e+05 2.151861e+05 2.187323e+05 2.219821e+05 2.247350e+05 2.268222e+05 2.248313e+05 2.059723e+05 1.810022e+05 1.568867e+05 1.358965e+05 1.181839e+05 9.080047e+04 7.129691e+04 5.726088e+04 4.704853e+04 3.950669e+04 3.383434e+04
2.015078e+05 2.015079e+05 2.015082e+05 2.015177e+05 2.015415e+05 2.016224e+05 2.012189e+05 2.048126e+05 2.049275e+05 2.053257e+05 2.081738e+05 2.118438e+05 2.155737e+05 2.191784e+05 2.224653e+05 2.252406e+05 2.273400e+05 2.253230e+05 2.063763e+05 1.813152e+05 1.571252e+05 1.360784e+05 1.183239e+05 9.088593e+04 7.135129e+04 5.729685e+04 4.707319e+04 3.952414e+04 3.384701e+04
2.023228e+05 2.023229e+05 2.023232e+05 2.023311e+05 2.023516e+05 2.025230e+05 2.020036e+05 2.055382e+05 2.063635e+05 2.066815e+05 2.086229e+05 2.121952e+05 2.159841e+05 2.196442e+05 2.229689e+05 2.257673e+05 2.278790e+05 2.258313e+05 2.067912e+05 1.816352e+05 1.573681e+05 1.362632e+05 1.184658e+05 9.097228e+04 7.140612e+04 5.733308e+04 4.709800e+04 3.954167e+04 3.385974e+04
2.032575e+05 2.032576e+05 2.032578e+05 2.032640e+05 2.032804e+05 2.034790e+05 2.030951e+05 2.058808e+05 2.074618e+05 2.081456e+05 2.095643e+05 2.126614e+05 2.164359e+05 2.201352e+05 2.234943e+05 2.263152e+05 2.284388e+05 2.263559e+05 2.072170e+05 1.819619e+05 1.576152e+05 1.364508e+05 1.186095e+05 9.105953e+04 7.146141e+04 5.736955e+04 4.712295e+04 3.955929e+04 3.387251e+04
2.042574e+05 2.042574e+05 2.042576e+05 2.042628e+05 2.042769e+05 2.044856e+05 2.042892e+05 2.061854e+05 2.082060e+05 2.094356e+05 2.108884e+05 2.133528e+05 2.169614e+05 2.206625e+05 2.240453e+05 2.268854e+05 2.290197e+05 2.268967e+05 2.076535e+05 1.822955e+05 1.578668e+05 1.366412e+05 1.187551e+05 9.114765e+04 7.151715e+04 5.740627e+04 4.714805e+04 3.957699e+04 3.388535e+04
2.053210e+05 2.053211e+05 2.053212e+05 2.053256e+05 2.053377e+05 2.055448e+05 2.055110e+05 2.066692e+05 2.087611e+05 2.104672e+05 2.123521e+05 2.144173e+05 2.176113e+05 2.212445e+05 2.246290e+05 2.274807e+05 2.296225e+05 2.274535e+05 2.081006e+05 1.826358e+05 1.581226e+05 1.368344e+05 1.189026e+05 9.123666e+04 7.157335e+04 5.744324e+04 4.717328e+04 3.959478e+04 3.389823e+04
2.114403e+05 2.114403e+05 2.114404e+05 2.114432e+05 2.114512e+05 2.116485e+05 2.119870e+05 2.122960e+05 2.130245e+05 2.145389e+05 2.184588e+05 2.215670e+05 2.239154e+05 2.262159e+05 2.286609e+05 2.311026e+05 2.330897e+05 2.304720e+05 2.104908e+05 1.844361e+05 1.594647e+05 1.378415e+05 1.196673e+05 9.169468e+04 7.186097e+04 5.763171e+04 4.730155e+04 3.968499e+04 3.396342e+04
2.192540e+05 2.192540e+05 2.192541e+05 2.192558e+05 2.192607e+05 2.193869e+05 2.196819e+05 2.202829e+05 2.205836e+05 2.211923e+05 2.238829e+05 2.276816e+05 2.311342e+05 2.337580e+05 2.357201e+05 2.372078e+05 2.382524e+05 2.339132e+05 2.131289e+05 1.863934e+05 1.609075e+05 1.389143e+05 1.204759e+05 9.217364e+04 7.215935e+04 5.782606e+04 4.743321e+04 3.977722e+04 3.402986e+04
2.279440e+05 2.279440e+05 2.279440e+05 2.279453e+05 2.279491e+05 2.280519e+05 2.283213e+05 2.290483e+05 2.293856e+05 2.297600e+05 2.312138e+05 2.340300e+05 2.375758e+05 2.408622e+05 2.433226e+05 2.448405e+05 2.454907e+05 2.379691e+05 2.160186e+05 1.884984e+05 1.624442e+05 1.400487e+05 1.213259e+05 9.267243e+04 7.246796e+04 5.802602e+04 4.756809e+04 3.987139e+04 3.409749e+04
2.371824e+05 2.371824e+05 2.371825e+05 2.371834e+05 2.371864e+05 2.372699e+05 2.374972e+05 2.381831e+05 2.385561e+05 2.389277e+05 2.399016e+05 2.417239e+05 2.444990e+05 2.476476e+05 2.504247e+05 2.523188e+05 2.531292e+05 2.431656e+05 2.192096e+05 1.907494e+05 1.640687e+05 1.412401e+05 1.222141e+05 9.318974e+04 7.278618e+04 5.823128e+04 4.770603e+04 3.996738e+04 3.416625e+04
2.465074e+05 2.465074e+05 2.465074e+05 2.465082e+05 2.465106e+05 2.465787e+05 2.467704e+05 2.474289e+05 2.478373e+05 2.482617e+05 2.491793e+05 2.504810e+05 2.524610e+05 2.549696e+05 2.574948e+05 2.594659e+05 2.604732e+05 2.494352e+05 2.228349e+05 1.931609e+05 1.657786e+05 1.424844e+05 1.231375e+05 9.372411e+04 7.311334e+04 5.844147e+04 4.784683e+04 4.006508e+04 3.423605e+04
2.559680e+05 2.559680e+05 2.559681e+05 2.559690e+05 2.559716e+05 2.560517e+05 2.562700e+05 2.569679e+05 2.573992e+05 2.578569e+05 2.588075e+05 2.598907e+05 2.613170e+05 2.631269e+05 2.650675e+05 2.667097e+05 2.676273e+05 2.561179e+05 2.271527e+05 1.957739e+05 1.675783e+05 1.437798e+05 1.240936e+05 9.427410e+04 7.344870e+04 5.865623e+04 4.799028e+04 4.016437e+04 3.430682e+04
2.661646e+05 2.661646e+05 2.661647e+05 2.661653e+05 2.661674e+05 2.662271e+05 2.663909e+05 2.669704e+05 2.673593e+05 2.677899e+05 2.687104e+05 2.696744e+05 2.707488e+05 2.719859e+05 2.732805e+05 2.743655e+05 2.749050e+05 2.627968e+05 2.320270e+05 1.986735e+05 1.694825e+05 1.451274e+05 1.250809e+05 9.483833e+04 7.379151e+04 5.887515e+04 4.813615e+04 4.026512e+04 3.437848e+04
2.763677e+05 2.763677e+05 2.763677e+05 2.763685e+05 2.763707e+05 2.764332e+05 2.766007e+05 2.771456e+05 2.774981e+05 2.778893e+05 2.787384e+05 2.796051e+05 2.804521e+05 2.812709e+05 2.820005e+05 2.824832e+05 2.824896e+05 2.692806e+05 2.371657e+05 2.019848e+05 1.715205e+05 1.465330e+05 1.260995e+05 9.541566e+04 7.414107e+04 5.909784e+04 4.828422e+04 4.036718e+04 3.445094e+04
2.867230e+05 2.867230e+05 2.867231e+05 2.867235e+05 2.867249e+05 2.867691e+05 2.868944e+05 2.873312e+05 2.876270e+05 2.879631e+05 2.887151e+05 2.894898e+05 2.901844e+05 2.907163e+05 2.910075e+05 2.909495e+05 2.903945e+05 2.755520e+05 2.423590e+05 2.055924e+05 1.737497e+05 1.480085e+05 1.271519e+05 9.600535e+04 7.449672e+04 5.932390e+04 4.843426e+04 4.047042e+04 3.452411e+04
2.967436e+05 2.967436e+05 2.967436e+05 2.967440e+05 2.967452e+05 2.967799e+05 2.968810e+05 2.972522e+05 2.975096e+05 2.978058e+05 2.984812e+05 2.991853e+05 2.997813e+05 3.001261e+05 3.001010e+05 2.996046e+05 2.985361e+05 2.816804e+05 2.474675e+05 2.093575e+05 1.762240e+05 1.495751e+05 1.282435e+05 9.660719e+04 7.485792e+04 5.955296e+04 4.858604e+04 4.057470e+04 3.459790e+04
3.063401e+05 3.063402e+05 3.063402e+05 3.063405e+05 3.063417e+05 3.063757e+05 3.064746e+05 3.068258e+05 3.070656e+05 3.073411e+05 3.079714e+05 3.086290e+05 3.091620e+05 3.093862e+05 3.091402e+05 3.083066e+05 3.068031e+05 2.877496e+05 2.524201e+05 2.131725e+05 1.788640e+05 1.512723e+05 1.293836e+05 9.722165e+04 7.522429e+04 5.978469e+04 4.873933e+04 4.067987e+04 3.467221e+04
3.157001e+05 3.157001e+05 3.157001e+05 3.157004e+05 3.157013e+05 3.157275e+05 3.158082e+05 3.161289e+05 3.163553e+05 3.166158e+05 3.172099e+05 3.178261e+05 3.183079e+05 3.184456e+05 3.180413e+05 3.169517e+05 3.150929e+05 2.938204e+05 2.572005e+05 2.169552e+05 1.815979e+05 1.531177e+05 1.305874e+05 9.785010e+04 7.559568e+04 6.001882e+04 4.889394e+04 4.078580e+04 3.474697e+04
3.248512e+05 3.248512e+05 3.248513e+05 3.248515e+05 3.248523e+05 3.248783e+05 3.249612e+05 3.252602e+05 3.254632e+05 3.256961e+05 3.262316e+05 3.267917e+05 3.272175e+05 3.272819e+05 3.267564e+05 3.254694e+05 3.233241e+05 2.999212e+05 2.618265e+05 2.206500e+05 1.843676e+05 1.550606e+05 1.318827e+05 9.849493e+04 7.597218e+04 6.025514e+04 4.904968e+04 4.089235e+04 3.482207e+04
3.338413e+05 3.338413e+05 3.338414e+05 3.338416e+05 3.338423e+05 3.338628e+05 3.339246e+05 3.341598e+05 3.343286e+05 3.345280e+05 3.350010e+05 3.355052e+05 3.358780e+05 3.358787e+05 3.352563e+05 3.338134e+05 3.314360e+05 3.060525e+05 2.663308e+05 2.242263e+05 1.871254e+05 1.570610e+05 1.332696e+05 9.915988e+04 7.635419e+04 6.049356e+04 4.920640e+04 4.099942e+04 3.489743e+04
3.423757e+05 3.423757e+05 3.423757e+05 3.423759e+05 3.423765e+05 3.423946e+05 3.424517e+05 3.426768e+05 3.428386e+05 3.430289e+05 3.434769e+05 3.439490e+05 3.442822e+05 3.442298e+05 3.435266e+05 3.419558e+05 3.393867e+05 3.121961e+05 2.707464e+05 2.276744e+05 1.898349e+05 1.590858e+05 1.347164e+05 9.985048e+04 7.674249e+04 6.073408e+04 4.936400e+04 4.110689e+04 3.497298e+04
3.505721e+05 3.505721e+05 3.505721e+05 3.505724e+05 3.505733e+05 3.506002e+05 3.506736e+05 3.509182e+05 3.510825e+05 3.512716e+05 3.517066e+05 3.521531e+05 3.524487e+05 3.523443e+05 3.515655e+05 3.498819e+05 3.471481e+05 3.183233e+05 2.750994e+05 2.309989e+05 1.924714e+05 1.611066e+05 1.361998e+05 1.005754e+05 7.713829e+04 6.097684e+04 4.952240e+04 4.121467e+04 3.504863e+04
3.587473e+05 3.587473e+05 3.587473e+05 3.587475e+05 3.587481e+05 3.587672e+05 3.588221e+05 3.590319e+05 3.591809e+05 3.593537e+05 3.597512e+05 3.601526e+05 3.603957e+05 3.602288e+05 3.593708e+05 3.575801e+05 3.546987e+05 3.244018e+05 2.794064e+05 2.342128e+05 1.950205e+05 1.631005e+05 1.376998e+05 1.013473e+05 7.754332e+04 6.122213e+04 4.968160e+04 4.132271e+04 3.512433e+04
3.667346e+05 3.667346e+05 3.667346e+05 3.667348e+05 3.667355e+05 3.667545e+05 3.668078e+05 3.669922e+05 3.671169e+05 3.672609e+05 3.675946e+05 3.679302e+05 3.681065e+05 3.678683e+05 3.669279e+05 3.650342e+05 3.620181e+05 3.303993e+05 2.836744e+05 2.373325e+05 1.974770e+05 1.650499e+05 1.391990e+05 1.021567e+05 7.795998e+04 6.147042e+04 4.984166e+04 4.143095e+04 3.520002e+04
3.745163e+05 3.745163e+05 3.745163e+05 3.745164e+05 3.745166e+05 3.745238e+05 3.745490e+05 3.746674e+05 3.747599e+05 3.748725e+05 3.751449e+05 3.754201e+05 3.755350e+05 3.752306e+05 3.742135e+05 3.722253e+05 3.690880e+05 3.362872e+05 2.879035e+05 2.403739e+05 1.998424e+05 1.669430e+05 1.406828e+05 1.029916e+05 7.839167e+04 6.172236e+04 5.000268e+04 4.153940e+04 3.527566e+04
3.816864e+05 3.816864e+05 3.816864e+05 3.816865e+05 3.816869e+05 3.817001e+05 3.817390e+05 3.818764e+05 3.819697e+05 3.820778e+05 3.823293e+05 3.825728e+05 3.826474e+05 3.822927e+05 3.812119e+05 3.791414e+05 3.758972e+05 3.420422e+05 2.920888e+05 2.433508e+05 2.021228e+05 1.687728e+05 1.421393e+05 1.038427e+05 7.884410e+04 6.197885e+04 5.016486e+04 4.164805e+04 3.535122e+04
3.885716e+05 3.885716e+05 3.885716e+05 3.885717e+05 3.885721e+05 3.885838e+05 3.886179e+05 3.887430e+05 3.888310e+05 3.889340e+05 3.891739e+05 3.894006e+05 3.894501e+05 3.890587e+05 3.879259e+05 3.857843e+05 3.824455e+05 3.476471e+05 2.962225e+05 2.462739e+05 2.043268e+05 1.705364e+05 1.435596e+05 1.047019e+05 7.932058e+04 6.224105e+04 5.032850e+04 4.175697e+04 3.542668e+04
3.951547e+05 3.951547e+05 3.951547e+05 3.951548e+05 3.951552e+05 3.951658e+05 3.951963e+05 3.953125e+05 3.953967e+05 3.954963e+05 3.957287e+05 3.959438e+05 3.959738e+05 3.955514e+05 3.943726e+05 3.921665e+05 3.887412e+05 3.530906e+05 3.002957e+05 2.491503e+05 2.064636e+05 1.722347e+05 1.449375e+05 1.055619e+05 7.981435e+04 6.251055e+04 5.049398e+04 4.186626e+04 3.550206e+04
4.014415e+05 4.014415e+05 4.014415e+05 4.014417e+05 4.014422e+05 4.014569e+05 4.014974e+05 4.016302e+05 4.017179e+05 4.018179e+05 4.020438e+05 4.022446e+05 4.022522e+05 4.017971e+05 4.005722e+05 3.983035e+05 3.947963e+05 3.583659e+05 3.042996e+05 2.519846e+05 2.085424e+05 1.738707e+05 1.462694e+05 1.064164e+05 8.032025e+04 6.278959e+04 5.066178e+04 4.197603e+04 3.557737e+04
4.076630e+05 4.076630e+05 4.076630e+05 4.076631e+05 4.076633e+05 4.076707e+05 4.076943e+05 4.077948e+05 4.078690e+05 4.079561e+05 4.081560e+05 4.083288e+05 4.083048e+05 4.078115e+05 4.065380e+05 4.042069e+05 4.006204e+05 3.634701e+05 3.082264e+05 2.547786e+05 2.105715e+05 1.754491e+05 1.475539e+05 1.072598e+05 8.083408e+04 6.308183e+04 5.083254e+04 4.208648e+04 3.565267e+04
4.136179e+05 4.136179e+05 4.136179e+05 4.136180e+05 4.136183e+05 4.136278e+05 4.136543e+05 4.137456e+05 4.138078e+05 4.138802e+05 4.140472e+05 4.141863e+05 4.141274e+05 4.135948e+05 4.122734e+05 4.098822e+05 4.062202e+05 3.684028e+05 3.120692e+05 2.575327e+05 2.125576e+05 1.769755e+05 1.487913e+05 1.080876e+05 8.135208e+04 6.338640e+04 5.100709e+04 4.219785e+04 3.572802e+04
4.193376e+05 4.193376e+05 4.193377e+05 4.193377e+05 4.193379e+05 4.193434e+05 4.193597e+05 4.194240e+05 4.194729e+05 4.195327e+05 4.196759e+05 4.197913e+05 4.197063e+05 4.191417e+05 4.177787e+05 4.153331e+05 4.116015e+05 3.731661e+05 3.158228e+05 2.602458e+05 2.145061e+05 1.784553e+05 1.499833e+05 1.088961e+05 8.187086e+04 6.369974e+04 5.118648e+04 4.231041e+04 3.580351e+04
4.246545e+05 4.246545e+05 4.246545e+05 4.246546e+05 4.246549e+05 4.246633e+05 4.246863e+05 4.247666e+05 4.248217e+05 4.248857e+05 4.250312e+05 4.251414e+05 4.250437e+05 4.244572e+05 4.230609e+05 4.205680e+05 4.167734e+05 3.777642e+05 3.194834e+05 2.629163e+05 2.164210e+05 1.798942e+05 1.511327e+05 1.096825e+05 8.238734e+04 6.401933e+04 5.137234e+04 4.242455e+04 3.587927e+04
4.297756e+05 4.297756e+05 4.297756e+05 4.297756e+05 4.297759e+05 4.297842e+05 4.298085e+05 4.298940e+05 4.299516e+05 4.300175e+05 4.301642e+05 4.302714e+05 4.301649e+05 4.295613e+05 4.281365e+05 4.256013e+05 4.217489e+05 3.822030e+05 3.230487e+05 2.655420e+05 2.183051e+05 1.812970e+05 1.522426e+05 1.104448e+05 8.289880e+04 6.434306e+04 5.156655e+04 4.254071e+04 3.595544e+04
4.347909e+05 4.347909e+05 4.347909e+05 4.347910e+05 4.347911e+05 4.347961e+05 4.348113e+05 4.348756e+05 4.349243e+05 4.349828e+05 4.351181e+05 4.352157e+05 4.350978e+05 4.344770e+05 4.330253e+05 4.304504e+05 4.265434e+05 3.864898e+05 3.265176e+05 2.681206e+05 2.201599e+05 1.826680e+05 1.533166e+05 1.111819e+05 8.340281e+04 6.466899e+04 5.176726e+04 4.265947e+04 3.603220e+04
4.395621e+05 4.395621e+05 4.395621e+05 4.395622e+05 4.395625e+05 4.395698e+05 4.395912e+05 4.396645e+05 4.397139e+05 4.397711e+05 4.399002e+05 4.399893e+05 4.398600e+05 4.392221e+05 4.377444e+05 4.351312e+05 4.311716e+05 3.906321e+05 3.298898e+05 2.706498e+05 2.219863e+05 1.840107e+05 1.543580e+05 1.118934e+05 8.389733e+04 6.499537e+04 5.197271e+04 4.278160e+04 3.610979e+04
4.442219e+05 4.442219e+05 4.442219e+05 4.442219e+05 4.442221e+05 4.442274e+05 4.442431e+05 4.443038e+05 4.443482e+05 4.444012e+05 4.445230e+05 4.446046e+05 4.444651e+05 4.438112e+05 4.423081e+05 4.396576e+05 4.356467e+05 3.946373e+05 3.331657e+05 2.731276e+05 2.237844e+05 1.853280e+05 1.553702e+05 1.125793e+05 8.438064e+04 6.532060e+04 5.218154e+04 4.290838e+04 3.618847e+04
4.486969e+05 4.486969e+05 4.486969e+05 4.486969e+05 4.486971e+05 4.487024e+05 4.487182e+05 4.487800e+05 4.488248e+05 4.488777e+05 4.489979e+05 4.490750e+05 4.489268e+05 4.482573e+05 4.467292e+05 4.440414e+05 4.399796e+05 3.985119e+05 3.363461e+05 2.755520e+05 2.255537e+05 1.866220e+05 1.563563e+05 1.132404e+05 8.485137e+04 6.564321e+04 5.239260e+04 4.304016e+04 3.626858e+04
4.530310e+05 4.530310e+05 4.530310e+05 4.530311e+05 4.530313e+05 4.530384e+05 4.530590e+05 4.531293e+05 4.531760e+05 4.532293e+05 4.533468e+05 4.534177e+05 4.532590e+05 4.525725e+05 4.510180e+05 4.482921e+05 4.441789e+05 4.022612e+05 3.394320e+05 2.779213e+05 2.272936e+05 1.878942e+05 1.573190e+05 1.138774e+05 8.530851e+04 6.596187e+04 5.260481e+04 4.317557e+04 3.635053e+04
4.573307e+05 4.573307e+05 4.573307e+05 4.573308e+05 4.573309e+05 4.573348e+05 4.573464e+05 4.573957e+05 4.574335e+05 4.574792e+05 4.575841e+05 4.576431e+05 4.574702e+05 4.567639e+05 4.551809e+05 4.524154e+05 4.482500e+05 4.058892e+05 3.424242e+05 2.802339e+05 2.290030e+05 1.891456e+05 1.582606e+05 1.144917e+05 8.575132e+04 6.627540e+04 5.281719e+04 4.331364e+04 3.643494e+04
4.614430e+05 4.614430e+05 4.614430e+05 4.614431e+05 4.614432e+05 4.614485e+05 4.614640e+05 4.615188e+05 4.615567e+05 4.616010e+05 4.616994e+05 4.617480e+05 4.615600e+05 4.608322e+05 4.592190e+05 4.564127e+05 4.521945e+05 4.093986e+05 3.453239e+05 2.824888e+05 2.306809e+05 1.903767e+05 1.591830e+05 1.150847e+05 8.617939e+04 6.658278e+04 5.302883e+04 4.345359e+04 3.652268e+04
4.654547e+05 4.654547e+05 4.654547e+05 4.654547e+05 4.654549e+05 4.654595e+05 4.654734e+05 4.655254e+05 4.655617e+05 4.656037e+05 4.656943e+05 4.657306e+05 4.655254e+05 4.647742e+05 4.631295e+05 4.602817e+05 4.560109e+05 4.127911e+05 3.481319e+05 2.846849e+05 2.323263e+05 1.915880e+05 1.600878e+05 1.156577e+05 8.659253e+04 6.688313e+04 5.323889e+04 4.359473e+04 3.661334e+04
4.693662e+05 4.693662e+05 4.693662e+05 4.693662e+05 4.693664e+05 4.693703e+05 4.693822e+05 4.694262e+05 4.694566e+05 4.694917e+05 4.695663e+05 4.695845e+05 4.693586e+05 4.685823e+05 4.669058e+05 4.640174e+05 4.596957e+05 4.160679e+05 3.508497e+05 2.868218e+05 2.339382e+05 1.927793e+05 1.609762e+05 1.162124e+05 8.699080e+04 6.717572e+04 5.344659e+04 4.373644e+04 3.670609e+04
4.731468e+05 4.731468e+05 4.731468e+05 4.731468e+05 4.731469e+05 4.731498e+05 4.731580e+05 4.731879e+05 4.732093e+05 4.732348e+05 4.732902e+05 4.732893e+05 4.730437e+05 4.722447e+05 4.705395e+05 4.676141e+05 4.632453e+05 4.192308e+05 3.534786e+05 2.888993e+05 2.355157e+05 1.939505e+05 1.618491e+05 1.167501e+05 8.737445e+04 6.745997e+04 5.365124e+04 4.387811e+04 3.680037e+04
4.767170e+05 4.767170e+05 4.767170e+05 4.767171e+05 4.767171e+05 4.767190e+05 4.767247e+05 4.767476e+05 4.767650e+05 4.767864e+05 4.768333e+05 4.768233e+05 4.765667e+05 4.757526e+05 4.740255e+05 4.710692e+05 4.666589e+05 4.222822e+05 3.560207e+05 2.909176e+05 2.370580e+05 1.951013e+05 1.627072e+05 1.172722e+05 8.774385e+04 6.773545e+04 5.385218e+04 4.401920e+04 3.689570e+04
4.800505e+05 4.800505e+05 4.800505e+05 4.800505e+05 4.800506e+05 4.800535e+05 4.800620e+05 4.800934e+05 4.801154e+05 4.801409e+05 4.801941e+05 4.801876e+05 4.799304e+05 4.791097e+05 4.773681e+05 4.743872e+05 4.699412e+05 4.252259e+05 3.584784e+05 2.928770e+05 2.385647e+05 1.962314e+05 1.635511e+05 1.177801e+05 8.809951e+04 6.800184e+04 5.404888e+04 4.415921e+04 3.699164e+04
4.832417e+05 4.832417e+05 4.832417e+05 4.832417e+05 4.832418e+05 4.832454e+05 4.832559e+05 4.832936e+05 4.833193e+05 4.833487e+05 4.834099e+05 4.834102e+05 4.831566e+05 4.823338e+05 4.805817e+05 4.775802e+05 4.731021e+05 4.280669e+05 3.608544e+05 2.947786e+05 2.400353e+05 1.973405e+05 1.643809e+05 1.182749e+05 8.844204e+04 6.825895e+04 5.424083e+04 4.429764e+04 3.708780e+04
4.863533e+05 4.863533e+05 4.863533e+05 4.863533e+05 4.863534e+05 4.863565e+05 4.863656e+05 4.864006e+05 4.864259e+05 4.864559e+05 4.865203e+05 4.865248e+05 4.862734e+05 4.854477e+05 4.836850e+05 4.806631e+05 4.761538e+05 4.308104e+05 3.631518e+05 2.966234e+05 2.414699e+05 1.984282e+05 1.651968e+05 1.187576e+05 8.877208e+04 6.850670e+04 5.442762e+04 4.443406e+04 3.718380e+04
4.893731e+05 4.893731e+05 4.893731e+05 4.893731e+05 4.893732e+05 4.893763e+05 4.893860e+05 4.894233e+05 4.894503e+05 4.894822e+05 4.895501e+05 4.895564e+05 4.893033e+05 4.884707e+05 4.866939e+05 4.836491e+05 4.791072e+05 4.334616e+05 3.653735e+05 2.984126e+05 2.428683e+05 1.994941e+05 1.659990e+05 1.192292e+05 8.909031e+04 6.874512e+04 5.460891e+04 4.456807e+04 3.727929e+04
4.923323e+05 4.923323e+05 4.923323e+05 4.923323e+05 4.923325e+05 4.923363e+05 4.923478e+05 4.923906e+05 4.924200e+05 4.924534e+05 4.925209e+05 4.925220e+05 4.922596e+05 4.914130e+05 4.896164e+05 4.865448e+05 4.819679e+05 4.360247e+05 3.675228e+05 3.001479e+05 2.442307e+05 2.005381e+05 1.667873e+05 1.196905e+05 8.939742e+04 6.897429e+04 5.478441e+04 4.469930e+04 3.737395e+04
4.952861e+05 4.952861e+05 4.952861e+05 4.952861e+05 4.952863e+05 4.952900e+05 4.953011e+05 4.953395e+05 4.953638e+05 4.953902e+05 4.954398e+05 4.954213e+05 4.951388e+05 4.942709e+05 4.924500e+05 4.893491e+05 4.847363e+05 4.385031e+05 3.696027e+05 3.018307e+05 2.455575e+05 2.015598e+05 1.675616e+05 1.201421e+05 8.969410e+04 6.919439e+04 5.495391e+04 4.482742e+04 3.746747e+04
4.982305e+05 4.982305e+05 4.982305e+05 4.982305e+05 4.982305e+05 4.982298e+05 4.982298e+05 4.982340e+05 4.982392e+05 4.982470e+05 4.982641e+05 4.982193e+05 4.979149e+05 4.970263e+05 4.951829e+05 4.920549e+05 4.874086e+05 4.409000e+05 3.716162e+05 3.034628e+05 2.468491e+05 2.025592e+05 1.683219e+05 1.205846e+05 8.998100e+04 6.940565e+04 5.511727e+04 4.495214e+04 3.755956e+04
5.009101e+05 5.009101e+05 5.009101e+05 5.009101e+05 5.009100e+05 5.009085e+05 5.009050e+05 5.009004e+05 5.009018e+05 5.009065e+05 5.009185e+05 5.008692e+05 5.005592e+05 4.996621e+05 4.978053e+05 4.946575e+05 4.899836e+05 4.432189e+05 3.735663e+05 3.050459e+05 2.481060e+05 2.035360e+05 1.690679e+05 1.210184e+05 9.025875e+04 6.960833e+04 5.527439e+04 4.507320e+04 3.764996e+04
5.032747e+05 5.032747e+05 5.032747e+05 5.032748e+05 5.032749e+05 5.032785e+05 5.032892e+05 5.033235e+05 5.033442e+05 5.033661e+05 5.034059e+05 5.033756e+05 5.030769e+05 5.021838e+05 5.003229e+05 4.971623e+05 4.924666e+05 4.454643e+05 3.754564e+05 3.065818e+05 2.493287e+05 2.044902e+05 1.697995e+05 1.214439e+05 9.052794e+04 6.980274e+04 5.542521e+04 4.519040e+04 3.773841e+04
5.056590e+05 5.056590e+05 5.056590e+05 5.056590e+05 5.056591e+05 5.056621e+05 5.056714e+05 5.057069e+05 5.057314e+05 5.057590e+05 5.058123e+05 5.057951e+05 5.055065e+05 5.046182e+05 5.027554e+05 4.995845e+05 4.948695e+05 4.476418e+05 3.772895e+05 3.080721e+05 2.505179e+05 2.054217e+05 1.705164e+05 1.218613e+05 9.078911e+04 6.998919e+04 5.556976e+04 4.530355e+04 3.782470e+04
5.080534e+05 5.080534e+05 5.080534e+05 5.080535e+05 5.080536e+05 5.080564e+05 5.080646e+05 5.080940e+05 5.081145e+05 5.081384e+05 5.081869e+05 5.081688e+05 5.078807e+05 5.069914e+05 5.051233e+05 5.019406e+05 4.972057e+05 4.497568e+05 3.790686e+05 3.095185e+05 2.516741e+05 2.063305e+05 1.712184e+05 1.222709e+05 9.104272e+04 7.016804e+04 5.570806e+04 4.541251e+04 3.790862e+04
5.104208e+05 5.104208e+05 5.104208e+05 5.104208e+05 5.104209e+05 5.104225e+05 5.104275e+05 5.104476e+05 5.104634e+05 5.104829e+05 5.105244e+05 5.105016e+05 5.102100e+05 5.093160e+05 5.074394e+05 5.042423e+05 4.994857e+05 4.518144e+05 3.807964e+05 3.109225e+05 2.527979e+05 2.072166e+05 1.719053e+05 1.226726e+05 9.128922e+04 7.033962e+04 5.584021e+04 4.551716e+04 3.798999e+04
5.126949e+05 5.126949e+05 5.126949e+05 5.126949e+05 5.126950e+05 5.126974e+05 5.127041e+05 5.127293e+05 5.127474e+05 5.127687e+05 5.128124e+05 5.127898e+05 5.124961e+05 5.115968e+05 5.097100e+05 5.064964e+05 5.017160e+05 4.538182e+05 3.824749e+05 3.122852e+05 2.538899e+05 2.080799e+05 1.725769e+05 1.230666e+05 9.152899e+04 7.050427e+04 5.596630e+04 4.561742e+04 3.806865e+04
5.149288e+05 5.149288e+05 5.149288e+05 5.149288e+05 5.149289e+05 5.149317e+05 5.149401e+05 5.149706e+05 5.149915e+05 5.150154e+05 5.150625e+05 5.150406e+05 5.147442e+05 5.138378e+05 5.119385e+05 5.087060e+05 5.038996e+05 4.557703e+05 3.841057e+05 3.136078e+05 2.549504e+05 2.089204e+05 1.732329e+05 1.234528e+05 9.176234e+04 7.066233e+04 5.608646e+04 4.571325e+04 3.814446e+04
5.171712e+05 5.171712e+05 5.171712e+05 5.171712e+05 5.171713e+05 5.171735e+05 5.171802e+05 5.172062e+05 5.172249e+05 5.172467e+05 5.172895e+05 5.172622e+05 5.169582e+05 5.160405e+05 5.141252e+05 5.108707e+05 5.060358e+05 4.576709e+05 3.856898e+05 3.148910e+05 2.559798e+05 2.097382e+05 1.738732e+05 1.238313e+05 9.198956e+04 7.081410e+04 5.620086e+04 4.580461e+04 3.821730e+04
5.193892e+05 5.193892e+05 5.193892e+05 5.193892e+05 5.193893e+05 5.193914e+05 5.193976e+05 5.194197e+05 5.194352e+05 5.194532e+05 5.194868e+05 5.194487e+05 5.191320e+05 5.181989e+05 5.162642e+05 5.129853e+05 5.081202e+05 4.595192e+05 3.872275e+05 3.161354e+05 2.569786e+05 2.105332e+05 1.744976e+05 1.242018e+05 9.221088e+04 7.095991e+04 5.630966e+04 4.589152e+04 3.828706e+04
5.215639e+05 5.215639e+05 5.215639e+05 5.215640e+05 5.215640e+05 5.215656e+05 5.215701e+05 5.215869e+05 5.215984e+05 5.216115e+05 5.216334e+05 5.215817e+05 5.212498e+05 5.202994e+05 5.183441e+05 5.150404e+05 5.101452e+05 4.613133e+05 3.887189e+05 3.173416e+05 2.579470e+05 2.113054e+05 1.751057e+05 1.245644e+05 9.242648e+04 7.110002e+04 5.641303e+04 4.597399e+04 3.835369e+04
5.236663e+05 5.236663e+05 5.236663e+05 5.236663e+05 5.236664e+05 5.236674e+05 5.236701e+05 5.236792e+05 5.236853e+05 5.236924e+05 5.237014e+05 5.236363e+05 5.232906e+05 5.223249e+05 5.203515e+05 5.170254e+05 5.121026e+05 4.630515e+05 3.901642e+05 3.185100e+05 2.588853e+05 2.120548e+05 1.756975e+05 1.249189e+05 9.263651e+04 7.123471e+04 5.651116e+04 4.605206e+04 3.841710e+04
5.256508e+05 5.256508e+05 5.256508e+05 5.256508e+05 5.256508e+05 5.256511e+05 5.256515e+05 5.256536e+05 5.256560e+05 5.256594e+05 5.256615e+05 5.255899e+05 5.252370e+05 5.242622e+05 5.222762e+05 5.189327e+05 5.139868e+05 4.647327e+05 3.915634e+05 3.196409e+05 2.597937e+05 2.127814e+05 1.762728e+05 1.252651e+05 9.284108e+04 7.136421e+04 5.660422e+04 4.612579e+04 3.847726e+04
5.274703e+05 5.274703e+05 5.274703e+05 5.274703e+05 5.274703e+05 5.274716e+05 5.274745e+05 5.274835e+05 5.274893e+05 5.274960e+05 5.275036e+05 5.274360e+05 5.270851e+05 5.261090e+05 5.241169e+05 5.207617e+05 5.157974e+05 4.663572e+05 3.929169e+05 3.207346e+05 2.606724e+05 2.134852e+05 1.768314e+05 1.256028e+05 9.304027e+04 7.148874e+04 5.669242e+04 4.619525e+04 3.853414e+04
5.291931e+05 5.291931e+05 5.291931e+05 5.291931e+05 5.291931e+05 5.291944e+05 5.291981e+05 5.292121e+05 5.292220e+05 5.292333e+05 5.292509e+05 5.291926e+05 5.288487e+05 5.278760e+05 5.258823e+05 5.225191e+05 5.175400e+05 4.679267e+05 3.942252e+05 3.217915e+05 2.615216e+05 2.141663e+05 1.773732e+05 1.259320e+05 9.323413e+04 7.160850e+04 5.677592e+04 4.626053e+04 3.858772e+04
5.308589e+05 5.308589e+05 5.308589e+05 5.308589e+05 5.308590e+05 5.308609e+05 5.308663e+05 5.308854e+05 5.308984e+05 5.309133e+05 5.309386e+05 5.308882e+05 5.305509e+05 5.295817e+05 5.275868e+05 5.242164e+05 5.192233e+05 4.694433e+05 3.954890e+05 3.228119e+05 2.623416e+05 2.148247e+05 1.778980e+05 1.262524e+05 9.342268e+04 7.172367e+04 5.685492e+04 4.632171e+04 3.863802e+04
5.325099e+05 5.325099e+05 5.325099e+05 5.325099e+05 5.325100e+05 5.325118e+05 5.325173e+05 5.325372e+05 5.325510e+05 5.325667e+05 5.325944e+05 5.325470e+05 5.322121e+05 5.312430e+05 5.292443e+05 5.258646e+05 5.208561e+05 4.709093e+05 3.967088e+05 3.237962e+05 2.631326e+05 2.154603e+05 1.784058e+05 1.265639e+05 9.360592e+04 7.183439e+04 5.692957e+04 4.637891e+04 3.868503e+04
5.341562e+05 5.341562e+05 5.341562e+05 5.341562e+05 5.341563e+05 5.341576e+05 5.341617e+05 5.341776e+05 5.341894e+05 5.342034e+05 5.342289e+05 5.341801e+05 5.338433e+05 5.328700e+05 5.308633e+05 5.274710e+05 5.224441e+05 4.723260e+05 3.978850e+05 3.247446e+05 2.638946e+05 2.160734e+05 1.788965e+05 1.268662e+05 9.378383e+04 7.194080e+04 5.700005e+04 4.643222e+04 3.872880e+04
5.357691e+05 5.357691e+05 5.357691e+05 5.357691e+05 5.357691e+05 5.357704e+05 5.357743e+05 5.357898e+05 5.358015e+05 5.358155e+05 5.358401e+05 5.357887e+05 5.354466e+05 5.344649e+05 5.324458e+05 5.290366e+05 5.239880e+05 4.736933e+05 3.990177e+05 3.256573e+05 2.646280e+05 2.166639e+05 1.793700e+05 1.271594e+05 9.395640e+04 7.204301e+04 5.706652e+04 4.648175e+04 3.876935e+04
5.373483e+05 5.373483e+05 5.373483e+05 5.373483e+05 5.373484e+05 5.373504e+05 5.373563e+05 5.373774e+05 5.373913e+05 5.374063e+05 5.374291e+05 5.373709e+05 5.370182e+05 5.360226e+05 5.339865e+05 5.305566e+05 5.254834e+05 4.750097e+05 4.001066e+05 3.265345e+05 2.653329e+05 2.172319e+05 1.798262e+05 1.274431e+05 9.412357e+04 7.214112e+04 5.712911e+04 4.652763e+04 3.880672e+04
5.389436e+05 5.389436e+05 5.389436e+05 5.389436e+05 5.389437e+05 5.389457e+05 5.389513e+05 5.389679e+05 5.389767e+05 5.389851e+05 5.389915e+05 5.389151e+05 5.385437e+05 5.375288e+05 5.354721e+05 5.320196e+05 5.269211e+05 4.762728e+05 4.011515e+05 3.273763e+05 2.660095e+05 2.177775e+05 1.802651e+05 1.277173e+05 9.428528e+04 7.223520e+04 5.718796e+04 4.656995e+04 3.884098e+04
5.405370e+05 5.405370e+05 5.405370e+05 5.405370e+05 5.405370e+05 5.405354e+05 5.405308e+05 5.405180e+05 5.405111e+05 5.405041e+05 5.404829e+05 5.403833e+05 5.399920e+05 5.389588e+05 5.368836e+05 5.334110e+05 5.282897e+05 4.774801e+05 4.021521e+05 3.281829e+05 2.666581e+05 2.183009e+05 1.806868e+05 1.279818e+05 9.444149e+04 7.232533e+04 5.724321e+04 4.660883e+04 3.887217e+04
5.419065e+05 5.419065e+05 5.419065e+05 5.419065e+05 5.419065e+05 5.419048e+05 5.418995e+05 5.418817e+05 5.418715e+05 5.418612e+05 5.418337e+05 5.417281e+05 5.413306e+05 5.402898e+05 5.382048e+05 5.347191e+05 5.295810e+05 4.786301e+05 4.031085e+05 3.289548e+05 2.672789e+05 2.188022e+05 1.810912e+05 1.282365e+05 9.459212e+04 7.241153e+04 5.729496e+04 4.664438e+04 3.890036e+04
5.430240e+05 5.430240e+05 5.430240e+05 5.430240e+05 5.430241e+05 5.430256e+05 5.430292e+05 5.430366e+05 5.430395e+05 5.430415e+05 5.430346e+05 5.429437e+05 5.425555e+05 5.415192e+05 5.394337e+05 5.359426e+05 5.307941e+05 4.797233e+05 4.040211e+05 3.296922e+05 2.678722e+05 2.192815e+05 1.814784e+05 1.284813e+05 9.473710e+04 7.249387e+04 5.734333e+04 4.667671e+04 3.892561e+04
5.440980e+05 5.440980e+05 5.440980e+05 5.440980e+05 5.440980e+05 5.440996e+05 5.441042e+05 5.441202e+05 5.441299e+05 5.441395e+05 5.441479e+05 5.440710e+05 5.436942e+05 5.426655e+05 5.405835e+05 5.370910e+05 5.319358e+05 4.807619e+05 4.048912e+05 3.303958e+05 2.684384e+05 2.197391e+05 1.818484e+05 1.287161e+05 9.487637e+04 7.257236e+04 5.738840e+04 4.670592e+04 3.894800e+04
5.451912e+05 5.451912e+05 5.451912e+05 5.451912e+05 5.451912e+05 5.451917e+05 5.451936e+05 5.452020e+05 5.452082e+05 5.452153e+05 5.452224e+05 5.451481e+05 5.447757e+05 5.437514e+05 5.416715e+05 5.381778e+05 5.330172e+05 4.817493e+05 4.057199e+05 3.310662e+05 2.689778e+05 2.201751e+05 1.822012e+05 1.289408e+05 9.500984e+04 7.264702e+04 5.743027e+04 4.673211e+04 3.896760e+04
5.462421e+05 5.462421e+05 5.462421e+05 5.462421e+05 5.462421e+05 5.462424e+05 5.462434e+05 5.462473e+05 5.462509e+05 5.462555e+05 5.462595e+05 5.461848e+05 5.458138e+05 5.447911e+05 5.427114e+05 5.392151e+05 5.340483e+05 4.826896e+05 4.065088e+05 3.317040e+05 2.694906e+05 2.205896e+05 1.825370e+05 1.291553e+05 9.513745e+04 7.271785e+04 5.746902e+04 4.675539e+04 3.898448e+04
5.472200e+05 5.472200e+05 5.472200e+05 5.472200e+05 5.472201e+05 5.472207e+05 5.472230e+05 5.472319e+05 5.472382e+05 5.472456e+05 5.472542e+05 5.471831e+05 5.468146e+05 5.457929e+05 5.437121e+05 5.402117e+05 5.350373e+05 4.835864e+05 4.072592e+05 3.323099e+05 2.699774e+05 2.209830e+05 1.828558e+05 1.293595e+05 9.525912e+04 7.278487e+04 5.750470e+04 4.677583e+04 3.899871e+04
5.481677e+05 5.481677e+05 5.481677e+05 5.481677e+05 5.481677e+05 5.481691e+05 5.481731e+05 5.481878e+05 5.481975e+05 5.482080e+05 5.482219e+05 5.481542e+05 5.477871e+05 5.467645e+05 5.446803e+05 5.411735e+05 5.359895e+05 4.844422e+05 4.079723e+05 3.328843e+05 2.704382e+05 2.213552e+05 1.831576e+05 1.295535e+05 9.537480e+04 7.284807e+04 5.753740e+04 4.679354e+04 3.901038e+04
5.491326e+05 5.491326e+05 5.491326e+05 5.491326e+05 5.491327e+05 5.491340e+05 5.491377e+05 5.491502e+05 5.491586e+05 5.491679e+05 5.491792e+05 5.491086e+05 5.487379e+05 5.477103e+05 5.456191e+05 5.421030e+05 5.369069e+05 4.852582e+05 4.086488e+05 3.334277e+05 2.708735e+05 2.217065e+05 1.834426e+05 1.297371e+05 9.548441e+04 7.290744e+04 5.756715e+04 4.680858e+04 3.901954e+04
5.500989e+05 5.500989e+05 5.500989e+05 5.500989e+05 5.500989e+05 5.500994e+05 5.501010e+05 5.501073e+05 5.501121e+05 5.501176e+05 5.501211e+05 5.500425e+05 5.496635e+05 5.486271e+05 5.465258e+05 5.429978e+05 5.377877e+05 4.860344e+05 4.092889e+05 3.339402e+05 2.712833e+05 2.220371e+05 1.837108e+05 1.299103e+05 9.558790e+04 7.296297e+04 5.759400e+04 4.682104e+04 3.902629e+04
5.510210e+05 5.510210e+05 5.510210e+05 5.510210e+05 5.510210e+05 5.510215e+05 5.510229e+05 5.510272e+05 5.510296e+05 5.510319e+05 5.510274e+05 5.509398e+05 5.505513e+05 5.495047e+05 5.473923e+05 5.438517e+05 5.386270e+05 4.867697e+05 4.098924e+05 3.344220e+05 2.716678e+05 2.223470e+05 1.839623e+05 1.300731e+05 9.568522e+04 7.301465e+04 5.761800e+04 4.683100e+04 3.903068e+04
5.518935e+05 5.518935e+05 5.518935e+05 5.518935e+05 5.518935e+05 5.518933e+05 5.518929e+05 5.518915e+05 5.518906e+05 5.518894e+05 5.518775e+05 5.517824e+05 5.513860e+05 5.503311e+05 5.482091e+05 5.446573e+05 5.394191e+05 4.874624e+05 4.104590e+05 3.348729e+05 2.720271e+05 2.226364e+05 1.841972e+05 1.302255e+05 9.577631e+04 7.306246e+04 5.763919e+04 4.683851e+04 3.903279e+04
