2.866051e+05 2.078170e+05 1.813206e+05 1.135445e+05 8.799924e+04 4.714795e+04 3.856932e+04 3.298716e+04 3.160604e+04 3.059448e+04 2.918483e+04 2.823083e+04 2.753425e+04 2.700231e+04 2.658512e+04 2.625294e+04 2.598656e+04 2.528617e+04 2.519900e+04 2.546322e+04 2.595840e+04 2.660166e+04 2.732768e+04 2.886165e+04 3.041989e+04 3.207664e+04 3.396490e+04 3.617779e+04 3.873572e+04
4.507058e+04 4.507083e+04 4.507119e+04 4.504238e+04 4.480163e+04 4.076389e+04 3.654982e+04 3.236159e+04 3.117158e+04 3.027053e+04 2.897960e+04 2.808621e+04 2.742552e+04 2.691705e+04 2.651633e+04 2.619635e+04 2.593937e+04 2.526572e+04 2.519140e+04 2.546338e+04 2.596384e+04 2.661084e+04 2.733947e+04 2.887631e+04 3.043566e+04 3.209296e+04 3.398178e+04 3.619536e+04 3.875400e+04
3.741557e+04 3.741564e+04 3.741581e+04 3.741615e+04 3.739834e+04 3.662089e+04 3.447092e+04 3.162093e+04 3.066438e+04 2.989784e+04 2.874906e+04 2.792656e+04 2.730706e+04 2.682509e+04 2.644274e+04 2.613620e+04 2.588950e+04 2.524454e+04 2.518364e+04 2.546362e+04 2.596946e+04 2.662024e+04 2.735149e+04 2.889118e+04 3.045162e+04 3.210944e+04 3.399881e+04 3.621306e+04 3.877240e+04
3.428055e+04 3.428058e+04 3.428066e+04 3.428101e+04 3.427620e+04 3.372324e+04 3.310988e+04 3.083367e+04 3.010573e+04 2.948473e+04 2.849518e+04 2.775254e+04 2.717912e+04 2.672655e+04 2.636440e+04 2.607254e+04 2.583699e+04 2.522262e+04 2.517574e+04 2.546394e+04 2.597526e+04 2.662987e+04 2.736375e+04 2.890628e+04 3.046776e+04 3.212609e+04 3.401597e+04 3.623088e+04 3.879092e+04
3.224749e+04 3.224750e+04 3.224753e+04 3.224858e+04 3.225201e+04 3.200194e+04 3.172487e+04 3.018207e+04 2.954743e+04 2.904991e+04 2.822173e+04 2.756524e+04 2.704210e+04 2.662161e+04 2.628141e+04 2.600543e+04 2.578186e+04 2.519999e+04 2.516769e+04 2.546434e+04 2.598125e+04 2.663972e+04 2.737625e+04 2.892159e+04 3.048409e+04 3.214289e+04 3.403329e+04 3.624884e+04 3.880957e+04
3.099455e+04 3.099456e+04 3.099460e+04 3.099527e+04 3.099588e+04 3.085370e+04 3.053854e+04 2.973441e+04 2.910233e+04 2.863283e+04 2.793628e+04 2.736674e+04 2.689673e+04 2.651055e+04 2.619390e+04 2.593493e+04 2.572416e+04 2.517667e+04 2.515952e+04 2.546483e+04 2.598742e+04 2.664981e+04 2.738900e+04 2.893713e+04 3.050061e+04 3.215986e+04 3.405074e+04 3.626694e+04 3.882834e+04
3.006156e+04 3.006157e+04 3.006159e+04 3.006213e+04 3.006298e+04 2.998622e+04 2.966382e+04 2.929885e+04 2.878729e+04 2.830771e+04 2.765277e+04 2.716082e+04 2.674427e+04 2.639388e+04 2.610210e+04 2.586116e+04 2.566396e+04 2.515265e+04 2.515123e+04 2.546543e+04 2.599380e+04 2.666013e+04 2.740199e+04 2.895289e+04 3.051732e+04 3.217698e+04 3.406834e+04 3.628516e+04 3.884723e+04
2.931829e+04 2.931830e+04 2.931832e+04 2.931877e+04 2.931964e+04 2.928023e+04 2.901081e+04 2.881716e+04 2.849157e+04 2.807148e+04 2.739462e+04 2.695381e+04 2.658687e+04 2.627245e+04 2.600639e+04 2.578431e+04 2.560136e+04 2.512797e+04 2.514282e+04 2.546612e+04 2.600037e+04 2.667069e+04 2.741523e+04 2.896888e+04 3.053422e+04 3.219427e+04 3.408608e+04 3.630352e+04 3.886626e+04
2.871399e+04 2.871400e+04 2.871401e+04 2.871442e+04 2.871524e+04 2.869535e+04 2.849218e+04 2.832182e+04 2.816703e+04 2.785545e+04 2.719796e+04 2.675544e+04 2.642789e+04 2.614760e+04 2.590736e+04 2.570466e+04 2.553651e+04 2.510264e+04 2.513430e+04 2.546693e+04 2.600714e+04 2.668149e+04 2.742872e+04 2.898510e+04 3.055131e+04 3.221173e+04 3.410397e+04 3.632201e+04 3.888540e+04
2.821330e+04 2.821331e+04 2.821332e+04 2.821366e+04 2.821441e+04 2.820492e+04 2.805874e+04 2.785937e+04 2.781473e+04 2.762411e+04 2.704884e+04 2.658073e+04 2.627223e+04 2.602130e+04 2.580591e+04 2.562267e+04 2.546965e+04 2.507668e+04 2.512569e+04 2.546785e+04 2.601413e+04 2.669254e+04 2.744246e+04 2.900154e+04 3.056859e+04 3.222934e+04 3.412200e+04 3.634064e+04 3.890467e+04
2.779132e+04 2.779133e+04 2.779134e+04 2.779161e+04 2.779223e+04 2.778835e+04 2.768533e+04 2.745497e+04 2.745809e+04 2.736860e+04 2.691649e+04 2.644854e+04 2.612679e+04 2.589634e+04 2.570330e+04 2.553894e+04 2.540110e+04 2.505013e+04 2.511698e+04 2.546889e+04 2.602132e+04 2.670384e+04 2.745646e+04 2.901822e+04 3.058606e+04 3.224712e+04 3.414018e+04 3.635940e+04 3.892407e+04
2.638999e+04 2.638999e+04 2.639000e+04 2.639013e+04 2.639048e+04 2.639351e+04 2.637379e+04 2.618433e+04 2.611123e+04 2.610420e+04 2.612098e+04 2.597068e+04 2.570565e+04 2.544962e+04 2.525671e+04 2.513534e+04 2.505513e+04 2.491042e+04 2.507253e+04 2.547604e+04 2.606059e+04 2.676416e+04 2.753038e+04 2.910508e+04 3.067634e+04 3.233847e+04 3.423325e+04 3.645520e+04 3.902295e+04
2.555365e+04 2.555365e+04 2.555365e+04 2.555373e+04 2.555394e+04 2.555721e+04 2.555475e+04 2.547029e+04 2.539122e+04 2.532630e+04 2.530920e+04 2.535837e+04 2.533581e+04 2.522252e+04 2.507115e+04 2.493015e+04 2.482345e+04 2.476995e+04 2.502850e+04 2.548713e+04 2.610571e+04 2.683110e+04 2.761101e+04 2.919784e+04 3.077148e+04 3.243392e+04 3.432995e+04 3.655437e+04 3.912500e+04
2.498192e+04 2.498192e+04 2.498192e+04 2.498197e+04 2.498212e+04 2.498469e+04 2.498596e+04 2.495318e+04 2.490947e+04 2.485509e+04 2.478173e+04 2.480768e+04 2.488082e+04 2.492220e+04 2.490313e+04 2.483985e+04 2.476178e+04 2.465963e+04 2.499040e+04 2.550364e+04 2.615730e+04 2.690503e+04 2.769856e+04 2.929659e+04 3.087152e+04 3.253349e+04 3.443031e+04 3.665692e+04 3.923024e+04
2.455973e+04 2.455973e+04 2.455973e+04 2.455977e+04 2.455988e+04 2.456245e+04 2.456933e+04 2.457528e+04 2.456329e+04 2.453859e+04 2.447664e+04 2.446008e+04 2.451434e+04 2.460314e+04 2.467839e+04 2.471504e+04 2.471420e+04 2.464238e+04 2.496949e+04 2.552855e+04 2.621641e+04 2.698640e+04 2.779328e+04 2.940138e+04 3.097643e+04 3.263715e+04 3.453432e+04 3.676286e+04 3.933868e+04
2.434864e+04 2.434864e+04 2.434864e+04 2.434867e+04 2.434878e+04 2.435125e+04 2.435686e+04 2.436774e+04 2.436647e+04 2.435706e+04 2.431739e+04 2.428458e+04 2.430059e+04 2.437060e+04 2.446850e+04 2.456243e+04 2.463230e+04 2.471640e+04 2.498607e+04 2.556721e+04 2.628484e+04 2.707594e+04 2.789549e+04 2.951224e+04 3.108621e+04 3.274487e+04 3.464194e+04 3.687217e+04 3.945032e+04
2.425360e+04 2.425360e+04 2.425360e+04 2.425363e+04 2.425371e+04 2.425589e+04 2.426096e+04 2.427086e+04 2.427228e+04 2.426934e+04 2.424801e+04 2.421901e+04 2.421337e+04 2.425245e+04 2.433369e+04 2.443790e+04 2.454297e+04 2.482175e+04 2.507302e+04 2.562835e+04 2.636559e+04 2.717483e+04 2.800566e+04 2.962924e+04 3.120079e+04 3.285660e+04 3.475315e+04 3.698486e+04 3.956517e+04
2.420731e+04 2.420731e+04 2.420731e+04 2.420733e+04 2.420741e+04 2.420927e+04 2.421373e+04 2.422608e+04 2.423212e+04 2.423643e+04 2.423527e+04 2.422215e+04 2.421388e+04 2.423238e+04 2.428841e+04 2.437756e+04 2.448591e+04 2.492564e+04 2.521819e+04 2.572617e+04 2.646324e+04 2.728486e+04 2.812455e+04 2.975244e+04 3.132013e+04 3.297228e+04 3.486792e+04 3.710089e+04 3.968323e+04
2.419808e+04 2.419808e+04 2.419808e+04 2.419810e+04 2.419817e+04 2.420098e+04 2.421015e+04 2.423659e+04 2.425016e+04 2.426229e+04 2.427835e+04 2.428120e+04 2.427863e+04 2.428741e+04 2.432248e+04 2.438924e+04 2.448325e+04 2.501801e+04 2.539317e+04 2.587929e+04 2.658457e+04 2.740869e+04 2.825327e+04 2.988200e+04 3.144417e+04 3.309183e+04 3.498619e+04 3.722025e+04 3.980448e+04
2.431941e+04 2.431941e+04 2.431941e+04 2.431943e+04 2.431948e+04 2.432104e+04 2.432551e+04 2.434231e+04 2.435300e+04 2.436379e+04 2.438184e+04 2.439101e+04 2.439285e+04 2.439745e+04 2.441813e+04 2.446436e+04 2.453844e+04 2.510430e+04 2.557964e+04 2.607504e+04 2.674038e+04 2.755008e+04 2.839341e+04 3.001817e+04 3.157287e+04 3.321519e+04 3.510790e+04 3.734290e+04 3.992891e+04
2.447515e+04 2.447515e+04 2.447515e+04 2.447516e+04 2.447521e+04 2.447673e+04 2.448087e+04 2.449374e+04 2.450156e+04 2.450974e+04 2.452513e+04 2.453578e+04 2.454052e+04 2.454437e+04 2.455707e+04 2.458843e+04 2.464428e+04 2.519623e+04 2.576727e+04 2.629823e+04 2.694068e+04 2.771432e+04 2.854719e+04 3.016134e+04 3.170624e+04 3.334228e+04 3.523301e+04 3.746882e+04 4.005651e+04
2.463750e+04 2.463750e+04 2.463750e+04 2.463752e+04 2.463756e+04 2.463890e+04 2.464252e+04 2.465456e+04 2.466211e+04 2.467014e+04 2.468605e+04 2.469920e+04 2.470788e+04 2.471421e+04 2.472470e+04 2.474777e+04 2.479043e+04 2.530513e+04 2.595295e+04 2.653800e+04 2.717484e+04 2.790999e+04 2.871758e+04 3.031208e+04 3.184433e+04 3.347306e+04 3.536147e+04 3.759797e+04 4.018726e+04
2.480585e+04 2.480585e+04 2.480585e+04 2.480586e+04 2.480591e+04 2.480727e+04 2.481103e+04 2.482369e+04 2.483173e+04 2.484041e+04 2.485832e+04 2.487492e+04 2.488849e+04 2.489959e+04 2.491219e+04 2.493275e+04 2.496800e+04 2.543917e+04 2.613890e+04 2.678686e+04 2.743363e+04 2.814137e+04 2.890877e+04 3.047119e+04 3.198724e+04 3.360749e+04 3.549323e+04 3.773033e+04 4.032116e+04
2.498900e+04 2.498900e+04 2.498900e+04 2.498901e+04 2.498906e+04 2.499031e+04 2.499397e+04 2.500650e+04 2.501464e+04 2.502364e+04 2.504311e+04 2.506295e+04 2.508155e+04 2.509855e+04 2.511599e+04 2.513833e+04 2.517119e+04 2.560307e+04 2.633033e+04 2.704057e+04 2.770990e+04 2.840012e+04 2.912757e+04 3.063972e+04 3.213516e+04 3.374557e+04 3.562826e+04 3.786587e+04 4.045818e+04
2.518748e+04 2.518748e+04 2.518748e+04 2.518749e+04 2.518753e+04 2.518868e+04 2.519199e+04 2.520380e+04 2.521182e+04 2.522097e+04 2.524188e+04 2.526498e+04 2.528874e+04 2.531223e+04 2.533611e+04 2.536306e+04 2.539735e+04 2.579899e+04 2.653334e+04 2.729781e+04 2.799806e+04 2.867988e+04 2.937455e+04 3.081908e+04 3.228841e+04 3.388734e+04 3.576654e+04 3.800458e+04 4.059831e+04
2.539771e+04 2.539771e+04 2.539771e+04 2.539773e+04 2.539776e+04 2.539890e+04 2.540226e+04 2.541453e+04 2.542307e+04 2.543302e+04 2.545659e+04 2.548387e+04 2.551338e+04 2.554382e+04 2.557493e+04 2.560808e+04 2.564623e+04 2.602744e+04 2.675354e+04 2.755943e+04 2.829410e+04 2.897543e+04 2.964324e+04 3.101118e+04 3.244739e+04 3.403287e+04 3.590808e+04 3.814645e+04 4.074155e+04
2.562479e+04 2.562479e+04 2.562479e+04 2.562480e+04 2.562484e+04 2.562594e+04 2.562941e+04 2.564335e+04 2.565331e+04 2.566498e+04 2.569274e+04 2.572519e+04 2.576078e+04 2.579809e+04 2.583635e+04 2.587606e+04 2.591914e+04 2.628798e+04 2.699528e+04 2.782770e+04 2.859552e+04 2.928232e+04 2.992884e+04 3.121883e+04 3.261267e+04 3.418233e+04 3.605293e+04 3.829148e+04 4.088790e+04
2.588136e+04 2.588136e+04 2.588136e+04 2.588138e+04 2.588142e+04 2.588276e+04 2.588702e+04 2.590301e+04 2.591435e+04 2.592770e+04 2.595952e+04 2.599665e+04 2.603741e+04 2.608036e+04 2.612456e+04 2.617000e+04 2.621783e+04 2.657957e+04 2.726150e+04 2.810542e+04 2.890112e+04 2.959695e+04 3.022724e+04 3.144594e+04 3.278502e+04 3.433592e+04 3.620114e+04 3.843971e+04 4.103737e+04
2.617826e+04 2.617826e+04 2.617826e+04 2.617827e+04 2.617831e+04 2.617976e+04 2.618466e+04 2.620315e+04 2.621592e+04 2.623064e+04 2.626503e+04 2.630467e+04 2.634819e+04 2.639441e+04 2.644240e+04 2.649187e+04 2.654339e+04 2.690076e+04 2.755377e+04 2.839538e+04 2.921075e+04 2.991648e+04 3.053477e+04 3.168962e+04 3.296545e+04 3.449395e+04 3.635283e+04 3.859118e+04 4.118998e+04
2.653287e+04 2.653287e+04 2.653287e+04 2.653288e+04 2.653292e+04 2.653408e+04 2.653797e+04 2.655420e+04 2.656590e+04 2.657960e+04 2.661216e+04 2.665058e+04 2.669371e+04 2.674047e+04 2.678995e+04 2.684159e+04 2.689552e+04 2.724977e+04 2.787255e+04 2.869993e+04 2.952492e+04 3.023885e+04 3.084819e+04 3.194600e+04 3.315535e+04 3.465682e+04 3.650815e+04 3.874596e+04 4.134577e+04
2.692583e+04 2.692583e+04 2.692583e+04 2.692585e+04 2.692588e+04 2.692701e+04 2.693039e+04 2.694322e+04 2.695267e+04 2.696410e+04 2.699262e+04 2.702796e+04 2.706909e+04 2.711494e+04 2.716453e+04 2.721713e+04 2.727253e+04 2.762465e+04 2.821740e+04 2.902076e+04 2.984451e+04 3.056267e+04 3.116471e+04 3.221204e+04 3.335707e+04 3.482504e+04 3.666733e+04 3.890415e+04 4.150478e+04
2.733027e+04 2.733027e+04 2.733027e+04 2.733028e+04 2.733032e+04 2.733141e+04 2.733467e+04 2.734699e+04 2.735595e+04 2.736676e+04 2.739380e+04 2.742766e+04 2.746762e+04 2.751282e+04 2.756240e+04 2.761564e+04 2.767214e+04 2.802343e+04 2.858732e+04 2.935882e+04 3.017042e+04 3.088708e+04 3.148201e+04 3.248497e+04 3.357193e+04 3.499929e+04 3.683061e+04 3.906588e+04 4.166709e+04
2.774530e+04 2.774530e+04 2.774530e+04 2.774531e+04 2.774534e+04 2.774644e+04 2.774976e+04 2.776265e+04 2.777207e+04 2.778335e+04 2.781114e+04 2.784538e+04 2.788548e+04 2.793082e+04 2.798080e+04 2.803480e+04 2.809241e+04 2.844432e+04 2.898087e+04 2.971438e+04 3.050339e+04 3.121158e+04 3.179820e+04 3.276224e+04 3.379695e+04 3.518047e+04 3.699836e+04 3.923132e+04 4.183277e+04
2.817600e+04 2.817600e+04 2.817600e+04 2.817602e+04 2.817606e+04 2.817743e+04 2.818145e+04 2.819602e+04 2.820619e+04 2.821811e+04 2.824685e+04 2.828166e+04 2.832214e+04 2.836788e+04 2.841843e+04 2.847331e+04 2.853209e+04 2.888580e+04 2.939640e+04 3.008704e+04 3.084381e+04 3.153587e+04 3.211178e+04 3.304148e+04 3.402983e+04 3.536983e+04 3.717099e+04 3.940067e+04 4.200194e+04
2.863727e+04 2.863727e+04 2.863727e+04 2.863728e+04 2.863731e+04 2.863840e+04 2.864171e+04 2.865463e+04 2.866408e+04 2.867539e+04 2.870321e+04 2.873749e+04 2.877777e+04 2.882366e+04 2.887473e+04 2.893050e+04 2.899047e+04 2.934662e+04 2.983207e+04 3.047582e+04 3.119166e+04 3.185971e+04 3.242155e+04 3.332054e+04 3.426861e+04 3.556945e+04 3.734904e+04 3.957420e+04 4.217474e+04
2.911539e+04 2.911539e+04 2.911539e+04 2.911540e+04 2.911543e+04 2.911646e+04 2.911958e+04 2.913163e+04 2.914047e+04 2.915114e+04 2.917782e+04 2.921135e+04 2.925138e+04 2.929749e+04 2.934921e+04 2.940600e+04 2.946725e+04 2.982580e+04 3.028593e+04 3.087918e+04 3.154642e+04 3.218277e+04 3.272657e+04 3.359748e+04 3.451153e+04 3.577884e+04 3.753317e+04 3.975219e+04 4.235132e+04
2.960556e+04 2.960556e+04 2.960556e+04 2.960558e+04 2.960561e+04 2.960664e+04 2.960976e+04 2.962175e+04 2.963051e+04 2.964110e+04 2.966769e+04 2.970140e+04 2.974194e+04 2.978890e+04 2.984176e+04 2.989987e+04 2.996252e+04 3.032245e+04 3.075581e+04 3.129515e+04 3.190709e+04 3.250458e+04 3.302607e+04 3.387062e+04 3.475699e+04 3.599602e+04 3.772424e+04 3.993503e+04 4.253188e+04
3.010891e+04 3.010891e+04 3.010891e+04 3.010892e+04 3.010895e+04 3.010999e+04 3.011313e+04 3.012528e+04 3.013428e+04 3.014525e+04 3.017294e+04 3.020805e+04 3.025014e+04 3.029870e+04 3.035316e+04 3.041282e+04 3.047685e+04 3.083568e+04 3.123934e+04 3.172124e+04 3.227219e+04 3.282442e+04 3.331936e+04 3.413850e+04 3.500349e+04 3.621956e+04 3.792353e+04 4.012314e+04 4.271663e+04
3.062700e+04 3.062700e+04 3.062700e+04 3.062701e+04 3.062705e+04 3.062813e+04 3.063145e+04 3.064487e+04 3.065492e+04 3.066705e+04 3.069717e+04 3.073455e+04 3.077869e+04 3.082909e+04 3.088516e+04 3.094614e+04 3.101112e+04 3.136434e+04 3.173372e+04 3.215454e+04 3.263979e+04 3.314136e+04 3.360579e+04 3.439993e+04 3.524968e+04 3.644828e+04 3.813253e+04 4.031705e+04 4.290586e+04
3.116822e+04 3.116822e+04 3.116822e+04 3.116824e+04 3.116829e+04 3.116984e+04 3.117446e+04 3.119085e+04 3.120212e+04 3.121528e+04 3.124705e+04 3.128578e+04 3.133113e+04 3.138262e+04 3.143956e+04 3.150104e+04 3.156600e+04 3.190672e+04 3.223570e+04 3.259166e+04 3.300753e+04 3.345420e+04 3.388474e+04 3.465396e+04 3.549437e+04 3.668112e+04 3.834997e+04 4.051741e+04 4.309985e+04
3.175668e+04 3.175668e+04 3.175668e+04 3.175670e+04 3.175673e+04 3.175775e+04 3.176092e+04 3.177396e+04 3.178384e+04 3.179587e+04 3.182608e+04 3.186403e+04 3.190909e+04 3.196046e+04 3.201710e+04 3.207780e+04 3.214128e+04 3.246026e+04 3.274135e+04 3.302880e+04 3.337273e+04 3.376153e+04 3.415553e+04 3.489986e+04 3.573652e+04 3.691711e+04 3.857466e+04 4.072506e+04 4.329898e+04
3.236340e+04 3.236340e+04 3.236340e+04 3.236341e+04 3.236344e+04 3.236447e+04 3.236761e+04 3.237995e+04 3.238921e+04 3.240060e+04 3.242969e+04 3.246683e+04 3.251123e+04 3.256172e+04 3.261692e+04 3.267533e+04 3.273546e+04 3.302120e+04 3.324599e+04 3.346171e+04 3.373244e+04 3.406175e+04 3.441751e+04 3.513714e+04 3.597527e+04 3.715538e+04 3.880572e+04 4.094133e+04 4.350365e+04
3.298496e+04 3.298496e+04 3.298496e+04 3.298497e+04 3.298501e+04 3.298606e+04 3.298934e+04 3.300260e+04 3.301250e+04 3.302450e+04 3.305448e+04 3.309192e+04 3.313581e+04 3.318474e+04 3.323707e+04 3.329117e+04 3.334550e+04 3.358428e+04 3.374415e+04 3.388584e+04 3.408349e+04 3.435319e+04 3.466998e+04 3.536547e+04 3.620994e+04 3.739515e+04 3.904238e+04 4.116670e+04 4.371436e+04
3.362817e+04 3.362817e+04 3.362817e+04 3.362819e+04 3.362823e+04 3.362960e+04 3.363373e+04 3.364888e+04 3.365952e+04 3.367208e+04 3.370266e+04 3.373977e+04 3.378197e+04 3.382746e+04 3.387439e+04 3.392112e+04 3.396631e+04 3.414244e+04 3.422956e+04 3.429636e+04 3.442270e+04 3.463412e+04 3.491229e+04 3.558474e+04 3.644001e+04 3.763574e+04 3.928398e+04 4.139999e+04 4.393173e+04
3.430872e+04 3.430872e+04 3.430872e+04 3.430873e+04 3.430876e+04 3.430976e+04 3.431286e+04 3.432549e+04 3.433502e+04 3.434661e+04 3.437530e+04 3.440964e+04 3.444718e+04 3.448559e+04 3.452297e+04 3.455797e+04 3.458968e+04 3.468670e+04 3.469527e+04 3.468841e+04 3.474692e+04 3.490285e+04 3.514382e+04 3.579499e+04 3.666515e+04 3.787657e+04 3.952991e+04 4.164042e+04 4.415659e+04
3.500514e+04 3.500514e+04 3.500514e+04 3.500515e+04 3.500518e+04 3.500618e+04 3.500925e+04 3.502144e+04 3.503053e+04 3.504144e+04 3.506734e+04 3.509591e+04 3.512412e+04 3.514986e+04 3.517190e+04 3.518965e+04 3.520291e+04 3.520619e+04 3.513399e+04 3.505723e+04 3.505323e+04 3.515788e+04 3.536408e+04 3.599641e+04 3.688521e+04 3.811717e+04 3.977963e+04 4.188736e+04 4.439014e+04
3.571535e+04 3.571535e+04 3.571536e+04 3.571537e+04 3.571540e+04 3.571657e+04 3.572009e+04 3.573329e+04 3.574224e+04 3.575196e+04 3.577114e+04 3.578701e+04 3.579774e+04 3.580286e+04 3.580258e+04 3.579735e+04 3.578771e+04 3.568869e+04 3.553852e+04 3.539852e+04 3.533905e+04 3.539788e+04 3.557269e+04 3.618935e+04 3.710018e+04 3.835716e+04 4.003264e+04 4.214029e+04 4.463200e+04
3.644985e+04 3.644985e+04 3.644985e+04 3.644986e+04 3.644989e+04 3.645094e+04 3.645419e+04 3.646390e+04 3.646777e+04 3.646978e+04 3.646726e+04 3.645630e+04 3.643824e+04 3.641454e+04 3.638640e+04 3.635479e+04 3.632041e+04 3.612171e+04 3.590235e+04 3.570863e+04 3.560231e+04 3.562187e+04 3.576943e+04 3.637424e+04 3.731022e+04 3.859630e+04 4.028852e+04 4.239873e+04 4.488128e+04
3.720501e+04 3.720501e+04 3.720501e+04 3.720499e+04 3.720494e+04 3.720303e+04 3.719696e+04 3.717310e+04 3.715640e+04 3.713735e+04 3.709404e+04 3.704592e+04 3.699464e+04 3.694132e+04 3.688667e+04 3.683120e+04 3.677526e+04 3.649423e+04 3.622029e+04 3.598488e+04 3.584158e+04 3.582923e+04 3.595433e+04 3.655169e+04 3.751562e+04 3.883441e+04 4.054689e+04 4.266224e+04 4.513742e+04
3.773214e+04 3.773214e+04 3.773214e+04 3.773209e+04 3.773194e+04 3.772721e+04 3.771405e+04 3.767018e+04 3.764239e+04 3.761224e+04 3.754749e+04 3.747945e+04 3.740991e+04 3.733984e+04 3.726984e+04 3.720026e+04 3.713130e+04 3.679859e+04 3.648915e+04 3.622577e+04 3.605611e+04 3.601973e+04 3.612760e+04 3.672236e+04 3.771679e+04 3.907145e+04 4.080743e+04 4.293043e+04 4.539994e+04
3.789441e+04 3.789441e+04 3.789441e+04 3.789440e+04 3.789435e+04 3.789290e+04 3.788835e+04 3.786858e+04 3.785254e+04 3.783260e+04 3.778309e+04 3.772431e+04 3.765973e+04 3.759169e+04 3.752175e+04 3.745092e+04 3.737986e+04 3.703197e+04 3.670804e+04 3.643107e+04 3.624593e+04 3.619360e+04 3.628972e+04 3.688704e+04 3.791424e+04 3.930746e+04 4.106989e+04 4.320294e+04 4.566842e+04
3.791646e+04 3.791646e+04 3.791645e+04 3.791645e+04 3.791643e+04 3.791577e+04 3.791359e+04 3.790364e+04 3.789531e+04 3.788441e+04 3.785455e+04 3.781469e+04 3.776658e+04 3.771220e+04 3.765328e+04 3.759120e+04 3.752704e+04 3.719683e+04 3.687849e+04 3.660186e+04 3.641181e+04 3.635151e+04 3.644140e+04 3.704659e+04 3.810859e+04 3.954257e+04 4.133408e+04 4.347942e+04 4.594247e+04
3.786455e+04 3.786455e+04 3.786455e+04 3.786455e+04 3.786454e+04 3.786417e+04 3.786285e+04 3.785690e+04 3.785217e+04 3.784608e+04 3.782910e+04 3.780490e+04 3.777333e+04 3.773500e+04 3.769092e+04 3.764217e+04 3.758980e+04 3.730012e+04 3.700425e+04 3.674040e+04 3.655522e+04 3.649452e+04 3.658357e+04 3.720194e+04 3.830052e+04 3.977701e+04 4.159984e+04 4.375958e+04 4.622175e+04
3.776788e+04 3.776788e+04 3.776788e+04 3.776788e+04 3.776787e+04 3.776758e+04 3.776687e+04 3.776420e+04 3.776205e+04 3.775919e+04 3.775069e+04 3.773745e+04 3.771863e+04 3.769401e+04 3.766384e+04 3.762869e+04 3.758928e+04 3.735176e+04 3.709069e+04 3.684994e+04 3.667823e+04 3.662407e+04 3.671739e+04 3.735409e+04 3.849077e+04 4.001106e+04 4.186710e+04 4.404315e+04 4.650593e+04
3.765125e+04 3.765125e+04 3.765125e+04 3.765125e+04 3.765126e+04 3.765132e+04 3.765148e+04 3.765154e+04 3.765115e+04 3.765033e+04 3.764692e+04 3.764047e+04 3.763019e+04 3.761559e+04 3.759649e+04 3.757302e+04 3.754548e+04 3.736291e+04 3.714427e+04 3.693446e+04 3.678339e+04 3.674190e+04 3.684417e+04 3.750409e+04 3.868012e+04 4.024508e+04 4.213583e+04 4.432989e+04 4.679468e+04
3.753625e+04 3.753625e+04 3.753625e+04 3.753625e+04 3.753625e+04 3.753625e+04 3.753622e+04 3.753599e+04 3.753574e+04 3.753533e+04 3.753375e+04 3.753066e+04 3.752545e+04 3.751757e+04 3.750660e+04 3.749235e+04 3.747478e+04 3.734454e+04 3.717191e+04 3.699837e+04 3.687360e+04 3.684997e+04 3.696537e+04 3.765300e+04 3.886940e+04 4.047946e+04 4.240606e+04 4.461961e+04 4.708773e+04
3.741878e+04 3.741878e+04 3.741878e+04 3.741878e+04 3.741878e+04 3.741878e+04 3.741876e+04 3.741849e+04 3.741826e+04 3.741797e+04 3.741721e+04 3.741606e+04 3.741413e+04 3.741095e+04 3.740603e+04 3.739899e+04 3.738957e+04 3.730662e+04 3.718045e+04 3.704628e+04 3.695194e+04 3.695042e+04 3.708256e+04 3.780194e+04 3.905943e+04 4.071467e+04 4.267785e+04 4.491213e+04 4.738479e+04
3.729891e+04 3.729891e+04 3.729891e+04 3.729891e+04 3.729892e+04 3.729892e+04 3.729892e+04 3.729902e+04 3.729914e+04 3.729932e+04 3.729997e+04 3.730097e+04 3.730207e+04 3.730287e+04 3.730291e+04 3.730177e+04 3.729909e+04 3.725772e+04 3.717633e+04 3.708273e+04 3.702159e+04 3.704548e+04 3.719737e+04 3.795199e+04 3.925106e+04 4.095118e+04 4.295131e+04 4.520733e+04 4.768562e+04
3.717913e+04 3.717913e+04 3.717913e+04 3.717913e+04 3.717914e+04 3.717925e+04 3.717957e+04 3.718080e+04 3.718177e+04 3.718300e+04 3.718615e+04 3.719008e+04 3.719453e+04 3.719915e+04 3.720358e+04 3.720745e+04 3.721041e+04 3.720497e+04 3.716536e+04 3.711209e+04 3.708568e+04 3.713738e+04 3.731145e+04 3.810426e+04 3.944511e+04 4.118950e+04 4.322661e+04 4.550509e+04 4.798999e+04
3.706655e+04 3.706655e+04 3.706655e+04 3.706655e+04 3.706656e+04 3.706695e+04 3.706797e+04 3.707146e+04 3.707382e+04 3.707652e+04 3.708272e+04 3.708976e+04 3.709740e+04 3.710541e+04 3.711356e+04 3.712156e+04 3.712916e+04 3.715417e+04 3.715262e+04 3.713835e+04 3.714723e+04 3.722834e+04 3.742645e+04 3.825983e+04 3.964240e+04 4.143015e+04 4.350392e+04 4.580534e+04 4.829768e+04
3.697750e+04 3.697750e+04 3.697750e+04 3.697750e+04 3.697751e+04 3.697793e+04 3.697915e+04 3.698352e+04 3.698648e+04 3.698985e+04 3.699757e+04 3.700637e+04 3.701604e+04 3.702640e+04 3.703726e+04 3.704842e+04 3.705963e+04 3.710991e+04 3.714241e+04 3.716514e+04 3.720905e+04 3.732049e+04 3.754399e+04 3.841974e+04 3.984373e+04 4.167365e+04 4.378345e+04 4.610805e+04 4.860851e+04
3.691712e+04 3.691712e+04 3.691712e+04 3.691713e+04 3.691714e+04 3.691740e+04 3.691819e+04 3.692140e+04 3.692381e+04 3.692673e+04 3.693399e+04 3.694292e+04 3.695330e+04 3.696489e+04 3.697748e+04 3.699085e+04 3.700477e+04 3.707570e+04 3.713834e+04 3.719564e+04 3.727376e+04 3.741586e+04 3.766561e+04 3.858500e+04 4.004986e+04 4.192054e+04 4.406544e+04 4.641319e+04 4.892230e+04
3.687465e+04 3.687465e+04 3.687465e+04 3.687465e+04 3.687466e+04 3.687489e+04 3.687560e+04 3.687837e+04 3.688045e+04 3.688304e+04 3.688979e+04 3.689859e+04 3.690927e+04 3.692161e+04 3.693538e+04 3.695035e+04 3.696632e+04 3.705417e+04 3.714335e+04 3.723264e+04 3.734370e+04 3.751631e+04 3.779278e+04 3.875657e+04 4.026152e+04 4.217132e+04 4.435015e+04 4.672077e+04 4.923890e+04
3.684655e+04 3.684655e+04 3.684655e+04 3.684655e+04 3.684656e+04 3.684678e+04 3.684744e+04 3.685027e+04 3.685251e+04 3.685531e+04 3.686259e+04 3.687199e+04 3.688335e+04 3.689652e+04 3.691133e+04 3.692764e+04 3.694527e+04 3.704727e+04 3.715979e+04 3.727850e+04 3.742097e+04 3.762359e+04 3.792687e+04 3.893535e+04 4.047939e+04 4.242651e+04 4.463784e+04 4.703082e+04 4.955819e+04
3.683182e+04 3.683182e+04 3.683182e+04 3.683183e+04 3.683184e+04 3.683226e+04 3.683349e+04 3.683793e+04 3.684100e+04 3.684457e+04 3.685317e+04 3.686360e+04 3.687585e+04 3.688990e+04 3.690570e+04 3.692318e+04 3.694225e+04 3.705640e+04 3.718957e+04 3.733522e+04 3.750743e+04 3.773925e+04 3.806916e+04 3.912220e+04 4.070413e+04 4.268660e+04 4.492878e+04 4.734341e+04 4.988007e+04
3.684249e+04 3.684249e+04 3.684249e+04 3.684249e+04 3.684250e+04 3.684292e+04 3.684414e+04 3.684858e+04 3.685169e+04 3.685534e+04 3.686415e+04 3.687489e+04 3.688758e+04 3.690222e+04 3.691882e+04 3.693733e+04 3.695767e+04 3.708263e+04 3.723421e+04 3.740448e+04 3.760468e+04 3.786470e+04 3.822080e+04 3.931789e+04 4.093633e+04 4.295203e+04 4.522325e+04 4.765860e+04 5.020443e+04
3.687730e+04 3.687730e+04 3.687730e+04 3.687730e+04 3.687731e+04 3.687757e+04 3.687836e+04 3.688160e+04 3.688411e+04 3.688722e+04 3.689524e+04 3.690564e+04 3.691838e+04 3.693344e+04 3.695075e+04 3.697025e+04 3.699184e+04 3.712677e+04 3.729492e+04 3.748770e+04 3.771413e+04 3.800120e+04 3.838285e+04 3.952314e+04 4.117655e+04 4.322326e+04 4.552154e+04 4.797648e+04 5.053122e+04
3.692578e+04 3.692578e+04 3.692578e+04 3.692578e+04 3.692579e+04 3.692605e+04 3.692688e+04 3.693013e+04 3.693258e+04 3.693561e+04 3.694356e+04 3.695413e+04 3.696734e+04 3.698312e+04 3.700140e+04 3.702207e+04 3.704501e+04 3.718952e+04 3.737269e+04 3.758604e+04 3.783696e+04 3.814984e+04 3.855624e+04 3.973860e+04 4.142528e+04 4.350070e+04 4.582391e+04 4.829716e+04 5.086038e+04
3.698812e+04 3.698812e+04 3.698812e+04 3.698812e+04 3.698813e+04 3.698842e+04 3.698931e+04 3.699292e+04 3.699571e+04 3.699917e+04 3.700817e+04 3.701993e+04 3.703439e+04 3.705150e+04 3.707115e+04 3.709325e+04 3.711771e+04 3.727148e+04 3.746829e+04 3.770045e+04 3.797419e+04 3.831158e+04 3.874182e+04 3.996486e+04 4.168298e+04 4.378471e+04 4.613064e+04 4.862075e+04 5.119188e+04
3.706557e+04 3.706557e+04 3.706557e+04 3.706558e+04 3.706559e+04 3.706607e+04 3.706744e+04 3.707252e+04 3.707619e+04 3.708058e+04 3.709145e+04 3.710500e+04 3.712116e+04 3.713988e+04 3.716110e+04 3.718474e+04 3.721073e+04 3.737320e+04 3.758238e+04 3.783172e+04 3.812668e+04 3.848724e+04 3.894032e+04 4.020245e+04 4.195006e+04 4.407566e+04 4.644198e+04 4.894737e+04 5.152570e+04
3.716866e+04 3.716866e+04 3.716866e+04 3.716866e+04 3.716868e+04 3.716917e+04 3.717070e+04 3.717657e+04 3.718076e+04 3.718572e+04 3.719780e+04 3.721264e+04 3.723012e+04 3.725017e+04 3.727270e+04 3.729766e+04 3.732499e+04 3.749513e+04 3.771543e+04 3.798048e+04 3.829514e+04 3.867755e+04 3.915237e+04 4.045181e+04 4.222687e+04 4.437387e+04 4.675820e+04 4.927716e+04 5.186185e+04
3.730207e+04 3.730207e+04 3.730207e+04 3.730207e+04 3.730208e+04 3.730249e+04 3.730377e+04 3.730899e+04 3.731291e+04 3.731769e+04 3.732972e+04 3.734485e+04 3.736288e+04 3.738363e+04 3.740697e+04 3.743282e+04 3.746112e+04 3.763758e+04 3.786782e+04 3.814722e+04 3.848017e+04 3.888310e+04 3.937853e+04 4.071334e+04 4.251374e+04 4.467961e+04 4.707951e+04 4.961025e+04 5.220033e+04
3.745915e+04 3.745915e+04 3.745915e+04 3.745916e+04 3.745917e+04 3.745957e+04 3.746082e+04 3.746584e+04 3.746965e+04 3.747432e+04 3.748622e+04 3.750133e+04 3.751946e+04 3.754043e+04 3.756410e+04 3.759041e+04 3.761927e+04 3.780067e+04 3.803979e+04 3.833235e+04 3.868225e+04 3.910439e+04 3.961927e+04 4.098739e+04 4.281093e+04 4.499314e+04 4.740615e+04 4.994678e+04 5.254118e+04
3.763757e+04 3.763757e+04 3.763757e+04 3.763757e+04 3.763759e+04 3.763806e+04 3.763950e+04 3.764505e+04 3.764909e+04 3.765394e+04 3.766600e+04 3.768108e+04 3.769908e+04 3.771993e+04 3.774358e+04 3.776999e+04 3.779911e+04 3.798433e+04 3.823147e+04 3.853614e+04 3.890176e+04 3.934185e+04 3.987497e+04 4.127425e+04 4.311867e+04 4.531469e+04 4.773833e+04 5.028688e+04 5.288442e+04
3.784081e+04 3.784081e+04 3.784081e+04 3.784081e+04 3.784083e+04 3.784130e+04 3.784274e+04 3.784822e+04 3.785217e+04 3.785688e+04 3.786853e+04 3.788310e+04 3.790060e+04 3.792103e+04 3.794440e+04 3.797069e+04 3.799990e+04 3.818837e+04 3.844294e+04 3.875884e+04 3.913902e+04 3.959581e+04 4.014596e+04 4.157414e+04 4.343715e+04 4.564446e+04 4.807623e+04 5.063070e+04 5.323011e+04
3.806788e+04 3.806788e+04 3.806788e+04 3.806789e+04 3.806790e+04 3.806824e+04 3.806931e+04 3.807372e+04 3.807709e+04 3.808122e+04 3.809180e+04 3.810545e+04 3.812222e+04 3.814212e+04 3.816519e+04 3.819140e+04 3.822073e+04 3.841255e+04 3.867422e+04 3.900060e+04 3.939428e+04 3.986654e+04 4.043249e+04 4.188725e+04 4.376653e+04 4.598262e+04 4.842003e+04 5.097838e+04 5.357830e+04
3.830980e+04 3.830980e+04 3.830980e+04 3.830980e+04 3.830981e+04 3.831015e+04 3.831119e+04 3.831531e+04 3.831842e+04 3.832225e+04 3.833219e+04 3.834531e+04 3.836173e+04 3.838149e+04 3.840461e+04 3.843106e+04 3.846080e+04 3.865668e+04 3.892535e+04 3.926155e+04 3.966772e+04 4.015426e+04 4.073477e+04 4.221373e+04 4.410692e+04 4.632930e+04 4.876990e+04 5.133004e+04 5.392906e+04
3.856442e+04 3.856442e+04 3.856442e+04 3.856442e+04 3.856443e+04 3.856478e+04 3.856586e+04 3.857008e+04 3.857325e+04 3.857716e+04 3.858734e+04 3.860084e+04 3.861776e+04 3.863813e+04 3.866194e+04 3.868915e+04 3.871972e+04 3.892069e+04 3.919636e+04 3.954180e+04 3.995948e+04 4.045913e+04 4.105295e+04 4.255367e+04 4.445840e+04 4.668461e+04 4.912598e+04 5.168583e+04 5.428246e+04
3.883223e+04 3.883223e+04 3.883223e+04 3.883224e+04 3.883225e+04 3.883259e+04 3.883368e+04 3.883820e+04 3.884173e+04 3.884613e+04 3.885754e+04 3.887242e+04 3.889073e+04 3.891245e+04 3.893755e+04 3.896600e+04 3.899776e+04 3.920471e+04 3.948732e+04 3.984142e+04 4.026966e+04 4.078123e+04 4.138712e+04 4.290715e+04 4.482103e+04 4.704866e+04 4.948840e+04 5.204585e+04 5.463856e+04
3.911396e+04 3.911396e+04 3.911396e+04 3.911396e+04 3.911398e+04 3.911455e+04 3.911625e+04 3.912257e+04 3.912712e+04 3.913254e+04 3.914598e+04 3.916277e+04 3.918284e+04 3.920619e+04 3.923280e+04 3.926267e+04 3.929577e+04 3.950898e+04 3.979832e+04 4.016045e+04 4.059831e+04 4.112065e+04 4.173733e+04 4.327418e+04 4.519485e+04 4.742151e+04 4.985726e+04 5.241024e+04 5.499746e+04
3.942295e+04 3.942295e+04 3.942295e+04 3.942296e+04 3.942298e+04 3.942355e+04 3.942533e+04 3.943224e+04 3.943723e+04 3.944316e+04 3.945770e+04 3.947566e+04 3.949696e+04 3.952154e+04 3.954938e+04 3.958045e+04 3.961473e+04 3.983379e+04 4.012944e+04 4.049894e+04 4.094545e+04 4.147738e+04 4.210360e+04 4.365476e+04 4.557985e+04 4.780321e+04 5.023267e+04 5.277911e+04 5.535923e+04
3.976253e+04 3.976253e+04 3.976253e+04 3.976253e+04 3.976255e+04 3.976301e+04 3.976452e+04 3.977065e+04 3.977525e+04 3.978087e+04 3.979507e+04 3.981307e+04 3.983472e+04 3.985986e+04 3.988840e+04 3.992027e+04 3.995542e+04 4.017938e+04 4.048074e+04 4.085687e+04 4.131105e+04 4.185140e+04 4.248588e+04 4.404886e+04 4.597601e+04 4.819378e+04 5.061471e+04 5.315256e+04 5.572396e+04
4.012542e+04 4.012542e+04 4.012542e+04 4.012543e+04 4.012544e+04 4.012590e+04 4.012732e+04 4.013301e+04 4.013734e+04 4.014269e+04 4.015649e+04 4.017429e+04 4.019595e+04 4.022127e+04 4.025013e+04 4.028243e+04 4.031812e+04 4.054587e+04 4.085224e+04 4.123420e+04 4.169505e+04 4.224263e+04 4.288412e+04 4.445640e+04 4.638329e+04 4.859324e+04 5.100345e+04 5.353070e+04 5.609173e+04
4.050767e+04 4.050767e+04 4.050767e+04 4.050768e+04 4.050769e+04 4.050818e+04 4.050972e+04 4.051586e+04 4.052044e+04 4.052602e+04 4.054015e+04 4.055814e+04 4.057987e+04 4.060526e+04 4.063423e+04 4.066671e+04 4.070267e+04 4.093323e+04 4.124388e+04 4.163083e+04 4.209733e+04 4.265097e+04 4.329821e+04 4.487729e+04 4.680163e+04 4.900159e+04 5.139895e+04 5.391361e+04 5.646263e+04
4.091225e+04 4.091225e+04 4.091225e+04 4.091226e+04 4.091227e+04 4.091282e+04 4.091452e+04 4.092117e+04 4.092602e+04 4.093184e+04 4.094628e+04 4.096434e+04 4.098600e+04 4.101126e+04 4.104012e+04 4.107258e+04 4.110863e+04 4.134131e+04 4.165555e+04 4.204663e+04 4.251772e+04 4.307625e+04 4.372800e+04 4.531143e+04 4.723095e+04 4.941879e+04 5.180125e+04 5.430138e+04 5.683675e+04
4.134259e+04 4.134259e+04 4.134259e+04 4.134260e+04 4.134261e+04 4.134316e+04 4.134481e+04 4.135109e+04 4.135567e+04 4.136120e+04 4.137501e+04 4.139247e+04 4.141358e+04 4.143839e+04 4.146695e+04 4.149928e+04 4.153535e+04 4.176985e+04 4.208708e+04 4.248140e+04 4.295604e+04 4.351829e+04 4.417331e+04 4.575866e+04 4.767115e+04 4.984481e+04 5.221038e+04 5.469409e+04 5.721416e+04
4.179535e+04 4.179535e+04 4.179535e+04 4.179536e+04 4.179537e+04 4.179578e+04 4.179707e+04 4.180232e+04 4.180632e+04 4.181126e+04 4.182398e+04 4.184051e+04 4.186092e+04 4.188526e+04 4.191358e+04 4.194586e+04 4.198208e+04 4.221861e+04 4.253827e+04 4.293489e+04 4.341201e+04 4.397683e+04 4.463394e+04 4.621883e+04 4.812211e+04 5.027961e+04 5.262637e+04 5.509182e+04 5.759496e+04
4.226201e+04 4.226201e+04 4.226201e+04 4.226202e+04 4.226203e+04 4.226244e+04 4.226372e+04 4.226883e+04 4.227267e+04 4.227742e+04 4.228968e+04 4.230582e+04 4.232603e+04 4.235038e+04 4.237891e+04 4.241156e+04 4.244825e+04 4.268740e+04 4.300885e+04 4.340680e+04 4.388533e+04 4.445161e+04 4.510963e+04 4.669176e+04 4.858372e+04 5.072313e+04 5.304921e+04 5.549462e+04 5.797923e+04
4.274176e+04 4.274176e+04 4.274176e+04 4.274176e+04 4.274178e+04 4.274222e+04 4.274357e+04 4.274890e+04 4.275287e+04 4.275775e+04 4.277037e+04 4.278704e+04 4.280795e+04 4.283316e+04 4.286262e+04 4.289622e+04 4.293382e+04 4.317611e+04 4.349855e+04 4.389675e+04 4.437563e+04 4.494230e+04 4.560012e+04 4.717725e+04 4.905583e+04 5.117529e+04 5.347892e+04 5.590254e+04 5.836703e+04
