1.034969e+04 6.041810e+03 4.585893e+03 2.362949e+03 2.317631e+03 3.664042e+03 4.165105e+03 4.373410e+03 4.369879e+03 4.353753e+03 4.337216e+03 4.366296e+03 4.439564e+03 4.547414e+03 4.680950e+03 4.833536e+03 5.000583e+03 5.978382e+03 7.149767e+03 8.532601e+03 1.009721e+04 1.167854e+04 1.301760e+04 1.444434e+04 1.487443e+04 1.532171e+04 1.613019e+04 1.735572e+04 1.901829e+04
3.694764e+03 3.694826e+03 3.694988e+03 3.696935e+03 3.693319e+03 3.967079e+03 4.262472e+03 4.385221e+03 4.370353e+03 4.349655e+03 4.332822e+03 4.365649e+03 4.443177e+03 4.554772e+03 4.691346e+03 4.846338e+03 5.015284e+03 5.998537e+03 7.173144e+03 8.558684e+03 1.012504e+04 1.170632e+04 1.304336e+04 1.446338e+04 1.488859e+04 1.533392e+04 1.614221e+04 1.736860e+04 1.903274e+04
4.234919e+03 4.234944e+03 4.235014e+03 4.236575e+03 4.239143e+03 4.304449e+03 4.358478e+03 4.385533e+03 4.362877e+03 4.340161e+03 4.326279e+03 4.364580e+03 4.447251e+03 4.563017e+03 4.702820e+03 4.860285e+03 5.031140e+03 6.019669e+03 7.197360e+03 8.585524e+03 1.015354e+04 1.173470e+04 1.306961e+04 1.448270e+04 1.490292e+04 1.534625e+04 1.615435e+04 1.738158e+04 1.904731e+04
4.468443e+03 4.468451e+03 4.468473e+03 4.468934e+03 4.469607e+03 4.438233e+03 4.468936e+03 4.371625e+03 4.345131e+03 4.323985e+03 4.317331e+03 4.363128e+03 4.451885e+03 4.572245e+03 4.715451e+03 4.875441e+03 5.048197e+03 6.041799e+03 7.222428e+03 8.613132e+03 1.018274e+04 1.176367e+04 1.309634e+04 1.450231e+04 1.491743e+04 1.535870e+04 1.616659e+04 1.739467e+04 1.906198e+04
4.524662e+03 4.524666e+03 4.524675e+03 4.524864e+03 4.525086e+03 4.491765e+03 4.481382e+03 4.361243e+03 4.320447e+03 4.301835e+03 4.306116e+03 4.361437e+03 4.457206e+03 4.582558e+03 4.729313e+03 4.891862e+03 5.066500e+03 6.064944e+03 7.248361e+03 8.641518e+03 1.021264e+04 1.179324e+04 1.312357e+04 1.452220e+04 1.493210e+04 1.537128e+04 1.617894e+04 1.740786e+04 1.907676e+04
4.506770e+03 4.506772e+03 4.506778e+03 4.506878e+03 4.506976e+03 4.485132e+03 4.441081e+03 4.362192e+03 4.303504e+03 4.278472e+03 4.293578e+03 4.359862e+03 4.463403e+03 4.594067e+03 4.744482e+03 4.909599e+03 5.086087e+03 6.089117e+03 7.275168e+03 8.670691e+03 1.024325e+04 1.182343e+04 1.315129e+04 1.454238e+04 1.494695e+04 1.538398e+04 1.619139e+04 1.742115e+04 1.909165e+04
4.456994e+03 4.456995e+03 4.456998e+03 4.457056e+03 4.457112e+03 4.443577e+03 4.390828e+03 4.347948e+03 4.297271e+03 4.265066e+03 4.281930e+03 4.359103e+03 4.470765e+03 4.606918e+03 4.761037e+03 4.928703e+03 5.106990e+03 6.114331e+03 7.302859e+03 8.700660e+03 1.027457e+04 1.185424e+04 1.317951e+04 1.456285e+04 1.496197e+04 1.539681e+04 1.620396e+04 1.743455e+04 1.910665e+04
4.394341e+03 4.394342e+03 4.394344e+03 4.394385e+03 4.394433e+03 4.385974e+03 4.339007e+03 4.312917e+03 4.286966e+03 4.262251e+03 4.275179e+03 4.360347e+03 4.479740e+03 4.621306e+03 4.779076e+03 4.949226e+03 5.129242e+03 6.140595e+03 7.331443e+03 8.731434e+03 1.030662e+04 1.188567e+04 1.320823e+04 1.458361e+04 1.497717e+04 1.540977e+04 1.621663e+04 1.744806e+04 1.912176e+04
4.328061e+03 4.328062e+03 4.328064e+03 4.328102e+03 4.328154e+03 4.322808e+03 4.286021e+03 4.265974e+03 4.267662e+03 4.261211e+03 4.279651e+03 4.365416e+03 4.490988e+03 4.637503e+03 4.798722e+03 4.971229e+03 5.152875e+03 6.167916e+03 7.360926e+03 8.763019e+03 1.033939e+04 1.191772e+04 1.323746e+04 1.460466e+04 1.499253e+04 1.542284e+04 1.622941e+04 1.746167e+04 1.913698e+04
4.262788e+03 4.262789e+03 4.262790e+03 4.262821e+03 4.262870e+03 4.259436e+03 4.232826e+03 4.218570e+03 4.242263e+03 4.258316e+03 4.294054e+03 4.377068e+03 4.505440e+03 4.655889e+03 4.820143e+03 4.994792e+03 5.177928e+03 6.196299e+03 7.391315e+03 8.795423e+03 1.037291e+04 1.195041e+04 1.326721e+04 1.462600e+04 1.500808e+04 1.543605e+04 1.624230e+04 1.747539e+04 1.915231e+04
4.200518e+03 4.200519e+03 4.200520e+03 4.200545e+03 4.200591e+03 4.198461e+03 4.181588e+03 4.179056e+03 4.217284e+03 4.254046e+03 4.314374e+03 4.398795e+03 4.524384e+03 4.676978e+03 4.843565e+03 5.020019e+03 5.204454e+03 6.225747e+03 7.422614e+03 8.828652e+03 1.040717e+04 1.198374e+04 1.329747e+04 1.464764e+04 1.502380e+04 1.544938e+04 1.625530e+04 1.748922e+04 1.916775e+04
4.126666e+03 4.126666e+03 4.126669e+03 4.126746e+03 4.126977e+03 4.133860e+03 4.155189e+03 4.212256e+03 4.255774e+03 4.316122e+03 4.458643e+03 4.591234e+03 4.716631e+03 4.852264e+03 5.005830e+03 5.178096e+03 5.362607e+03 6.389135e+03 7.592912e+03 9.007377e+03 1.058982e+04 1.216016e+04 1.345665e+04 1.476033e+04 1.510504e+04 1.551795e+04 1.632196e+04 1.755996e+04 1.924663e+04
4.470711e+03 4.470711e+03 4.470713e+03 4.470768e+03 4.470932e+03 4.475546e+03 4.487741e+03 4.523878e+03 4.548049e+03 4.582419e+03 4.691822e+03 4.836111e+03 4.984174e+03 5.126816e+03 5.270175e+03 5.421671e+03 5.585320e+03 6.580675e+03 7.786561e+03 9.207515e+03 1.079188e+04 1.235325e+04 1.362923e+04 1.488060e+04 1.519075e+04 1.558973e+04 1.639140e+04 1.763342e+04 1.932834e+04
4.846742e+03 4.846742e+03 4.846744e+03 4.846783e+03 4.846902e+03 4.850305e+03 4.859702e+03 4.891726e+03 4.912737e+03 4.938178e+03 5.013945e+03 5.130730e+03 5.275039e+03 5.427239e+03 5.577810e+03 5.727407e+03 5.880695e+03 6.805910e+03 8.004561e+03 9.429696e+03 1.101393e+04 1.256349e+04 1.381555e+04 1.500856e+04 1.528096e+04 1.566475e+04 1.646366e+04 1.770964e+04 1.941295e+04
5.222643e+03 5.222644e+03 5.222647e+03 5.222738e+03 5.223014e+03 5.229243e+03 5.242635e+03 5.281408e+03 5.304717e+03 5.330037e+03 5.391727e+03 5.480657e+03 5.601260e+03 5.744143e+03 5.896699e+03 6.051227e+03 6.206233e+03 7.080196e+03 8.249612e+03 9.674922e+03 1.125659e+04 1.279131e+04 1.401588e+04 1.514428e+04 1.537568e+04 1.574302e+04 1.653875e+04 1.778865e+04 1.950048e+04
5.670948e+03 5.670949e+03 5.670950e+03 5.670981e+03 5.671077e+03 5.673858e+03 5.681778e+03 5.710347e+03 5.729727e+03 5.751569e+03 5.802817e+03 5.871264e+03 5.965992e+03 6.087689e+03 6.229400e+03 6.382398e+03 6.540556e+03 7.402617e+03 8.527805e+03 9.945063e+03 1.152072e+04 1.303718e+04 1.423046e+04 1.528779e+04 1.547491e+04 1.582453e+04 1.661670e+04 1.787049e+04 1.959099e+04
6.112145e+03 6.112145e+03 6.112146e+03 6.112171e+03 6.112248e+03 6.114549e+03 6.121251e+03 6.145510e+03 6.162179e+03 6.181297e+03 6.226054e+03 6.282443e+03 6.358127e+03 6.458565e+03 6.583080e+03 6.726457e+03 6.882360e+03 7.754814e+03 8.850689e+03 1.024348e+04 1.180766e+04 1.330169e+04 1.445955e+04 1.543911e+04 1.557861e+04 1.590929e+04 1.669752e+04 1.795518e+04 1.968452e+04
6.544219e+03 6.544219e+03 6.544220e+03 6.544242e+03 6.544310e+03 6.546376e+03 6.552450e+03 6.574718e+03 6.590206e+03 6.608142e+03 6.650295e+03 6.701388e+03 6.766272e+03 6.851197e+03 6.959365e+03 7.089677e+03 7.238138e+03 8.125115e+03 9.215263e+03 1.057616e+04 1.211951e+04 1.358572e+04 1.470346e+04 1.559821e+04 1.568675e+04 1.599726e+04 1.678120e+04 1.804275e+04 1.978110e+04
6.972660e+03 6.972661e+03 6.972661e+03 6.972682e+03 6.972744e+03 6.974644e+03 6.980315e+03 7.001560e+03 7.016522e+03 7.033976e+03 7.075345e+03 7.124855e+03 7.184980e+03 7.260808e+03 7.356905e+03 7.475036e+03 7.613964e+03 8.508688e+03 9.612233e+03 1.095169e+04 1.245952e+04 1.389052e+04 1.496269e+04 1.576509e+04 1.579927e+04 1.608843e+04 1.686776e+04 1.813322e+04 1.988078e+04
7.404501e+03 7.404501e+03 7.404502e+03 7.404522e+03 7.404583e+03 7.406434e+03 7.411943e+03 7.432495e+03 7.447018e+03 7.464085e+03 7.505142e+03 7.554744e+03 7.613802e+03 7.685652e+03 7.774555e+03 7.883596e+03 8.013632e+03 8.906444e+03 1.003512e+04 1.136607e+04 1.283313e+04 1.421795e+04 1.523790e+04 1.593976e+04 1.591612e+04 1.618276e+04 1.695718e+04 1.822661e+04 1.998360e+04
7.845336e+03 7.845336e+03 7.845337e+03 7.845355e+03 7.845410e+03 7.847112e+03 7.852216e+03 7.871582e+03 7.885588e+03 7.902353e+03 7.943717e+03 7.994729e+03 8.055196e+03 8.126786e+03 8.212703e+03 8.316236e+03 8.439457e+03 9.322557e+03 1.047992e+04 1.181370e+04 1.324588e+04 1.457072e+04 1.553008e+04 1.612228e+04 1.603725e+04 1.628023e+04 1.704947e+04 1.832293e+04 2.008958e+04
8.293820e+03 8.293820e+03 8.293821e+03 8.293838e+03 8.293891e+03 8.295535e+03 8.300497e+03 8.319953e+03 8.334483e+03 8.352107e+03 8.395980e+03 8.450192e+03 8.513876e+03 8.587582e+03 8.673472e+03 8.774497e+03 8.893248e+03 9.762127e+03 1.094518e+04 1.229019e+04 1.369337e+04 1.495347e+04 1.584064e+04 1.631279e+04 1.616264e+04 1.638081e+04 1.714463e+04 1.842222e+04 2.019877e+04
8.753625e+03 8.753625e+03 8.753626e+03 8.753644e+03 8.753706e+03 8.755898e+03 8.762592e+03 8.786889e+03 8.803810e+03 8.823645e+03 8.871468e+03 8.929297e+03 8.996386e+03 9.072844e+03 9.160070e+03 9.260469e+03 9.376653e+03 1.022976e+04 1.143156e+04 1.279217e+04 1.417141e+04 1.536875e+04 1.617169e+04 1.651150e+04 1.629228e+04 1.648449e+04 1.724266e+04 1.852448e+04 2.031121e+04
9.266441e+03 9.266441e+03 9.266441e+03 9.266460e+03 9.266519e+03 9.268339e+03 9.273959e+03 9.296403e+03 9.312869e+03 9.332521e+03 9.380644e+03 9.439545e+03 9.508335e+03 9.586712e+03 9.675372e+03 9.776036e+03 9.890976e+03 1.072900e+04 1.194117e+04 1.331736e+04 1.467637e+04 1.581222e+04 1.652688e+04 1.671877e+04 1.642618e+04 1.659125e+04 1.734355e+04 1.862975e+04 2.042693e+04
9.815277e+03 9.815278e+03 9.815278e+03 9.815296e+03 9.815352e+03 9.817091e+03 9.822405e+03 9.843181e+03 9.858555e+03 9.877180e+03 9.923806e+03 9.982182e+03 1.005141e+04 1.013093e+04 1.022087e+04 1.032231e+04 1.043701e+04 1.126234e+04 1.247672e+04 1.386459e+04 1.520501e+04 1.628024e+04 1.690643e+04 1.693513e+04 1.656443e+04 1.670112e+04 1.744734e+04 1.873804e+04 2.054597e+04
1.038832e+04 1.038832e+04 1.038832e+04 1.038834e+04 1.038839e+04 1.039015e+04 1.039551e+04 1.041636e+04 1.043169e+04 1.045022e+04 1.049665e+04 1.055511e+04 1.062497e+04 1.070568e+04 1.079712e+04 1.089988e+04 1.101525e+04 1.183143e+04 1.304097e+04 1.443362e+04 1.575453e+04 1.676943e+04 1.730641e+04 1.716138e+04 1.670716e+04 1.681412e+04 1.755404e+04 1.884940e+04 2.066838e+04
1.098879e+04 1.098879e+04 1.098879e+04 1.098881e+04 1.098886e+04 1.099062e+04 1.099600e+04 1.101714e+04 1.103273e+04 1.105156e+04 1.109869e+04 1.115803e+04 1.122909e+04 1.131141e+04 1.140477e+04 1.150944e+04 1.162632e+04 1.243739e+04 1.363636e+04 1.502482e+04 1.632260e+04 1.727655e+04 1.772358e+04 1.739885e+04 1.685458e+04 1.693033e+04 1.766368e+04 1.896386e+04 2.079421e+04
1.161970e+04 1.161970e+04 1.161970e+04 1.161972e+04 1.161978e+04 1.162161e+04 1.162720e+04 1.164891e+04 1.166484e+04 1.168405e+04 1.173211e+04 1.179264e+04 1.186523e+04 1.194947e+04 1.204510e+04 1.215218e+04 1.227125e+04 1.308104e+04 1.426475e+04 1.563887e+04 1.690736e+04 1.779849e+04 1.815487e+04 1.764947e+04 1.700698e+04 1.704984e+04 1.777634e+04 1.908147e+04 2.092350e+04
1.228592e+04 1.228592e+04 1.228592e+04 1.228594e+04 1.228600e+04 1.228779e+04 1.229332e+04 1.231505e+04 1.233111e+04 1.235057e+04 1.239941e+04 1.246116e+04 1.253540e+04 1.262174e+04 1.271988e+04 1.282970e+04 1.295144e+04 1.376306e+04 1.492742e+04 1.627640e+04 1.750729e+04 1.833235e+04 1.859726e+04 1.791139e+04 1.716482e+04 1.717279e+04 1.789207e+04 1.920229e+04 2.105633e+04
1.298704e+04 1.298704e+04 1.298704e+04 1.298706e+04 1.298711e+04 1.298895e+04 1.299457e+04 1.301661e+04 1.303293e+04 1.305271e+04 1.310252e+04 1.316564e+04 1.324168e+04 1.333028e+04 1.343109e+04 1.354387e+04 1.366859e+04 1.448403e+04 1.562499e+04 1.693774e+04 1.812108e+04 1.887542e+04 1.904779e+04 1.818215e+04 1.732874e+04 1.729939e+04 1.801099e+04 1.932639e+04 2.119276e+04
1.372506e+04 1.372506e+04 1.372506e+04 1.372508e+04 1.372514e+04 1.372702e+04 1.373280e+04 1.375547e+04 1.377224e+04 1.379255e+04 1.384361e+04 1.390830e+04 1.398630e+04 1.407727e+04 1.418086e+04 1.429670e+04 1.442454e+04 1.524437e+04 1.635740e+04 1.762271e+04 1.874743e+04 1.942517e+04 1.950360e+04 1.845968e+04 1.749989e+04 1.742987e+04 1.813322e+04 1.945387e+04 2.133286e+04
1.450414e+04 1.450414e+04 1.450415e+04 1.450416e+04 1.450423e+04 1.450615e+04 1.451206e+04 1.453525e+04 1.455239e+04 1.457316e+04 1.462539e+04 1.469164e+04 1.477162e+04 1.486500e+04 1.497138e+04 1.509027e+04 1.522118e+04 1.604432e+04 1.712389e+04 1.833044e+04 1.938488e+04 1.997922e+04 1.996194e+04 1.874200e+04 1.767891e+04 1.756459e+04 1.825891e+04 1.958481e+04 2.147672e+04
1.532707e+04 1.532707e+04 1.532707e+04 1.532709e+04 1.532715e+04 1.532906e+04 1.533498e+04 1.535837e+04 1.537575e+04 1.539686e+04 1.545014e+04 1.551790e+04 1.559986e+04 1.569565e+04 1.580479e+04 1.592661e+04 1.606032e+04 1.688374e+04 1.792292e+04 1.905930e+04 2.003167e+04 2.053526e+04 2.042024e+04 1.902722e+04 1.786417e+04 1.770398e+04 1.838827e+04 1.971936e+04 2.162445e+04
1.619371e+04 1.619371e+04 1.619371e+04 1.619373e+04 1.619380e+04 1.619577e+04 1.620185e+04 1.622579e+04 1.624356e+04 1.626514e+04 1.631965e+04 1.638908e+04 1.647313e+04 1.657138e+04 1.668317e+04 1.680761e+04 1.694362e+04 1.776191e+04 1.875203e+04 1.980679e+04 2.068561e+04 2.109099e+04 2.087605e+04 1.931352e+04 1.805438e+04 1.784870e+04 1.852152e+04 1.985766e+04 2.177615e+04
1.710707e+04 1.710707e+04 1.710708e+04 1.710710e+04 1.710716e+04 1.710915e+04 1.711533e+04 1.713980e+04 1.715801e+04 1.718016e+04 1.723612e+04 1.730740e+04 1.739367e+04 1.749433e+04 1.760850e+04 1.773498e+04 1.787237e+04 1.867725e+04 1.960776e+04 2.056950e+04 2.134400e+04 2.164407e+04 2.132710e+04 1.959918e+04 1.824843e+04 1.799980e+04 1.865896e+04 1.999986e+04 2.193195e+04
1.806922e+04 1.806922e+04 1.806922e+04 1.806924e+04 1.806931e+04 1.807137e+04 1.807777e+04 1.810305e+04 1.812182e+04 1.814462e+04 1.820218e+04 1.827543e+04 1.836388e+04 1.846667e+04 1.858257e+04 1.871001e+04 1.884727e+04 1.962700e+04 2.048546e+04 2.134309e+04 2.200362e+04 2.219202e+04 2.177124e+04 1.988257e+04 1.844528e+04 1.815705e+04 1.880095e+04 2.014618e+04 2.209198e+04
1.908431e+04 1.908431e+04 1.908431e+04 1.908433e+04 1.908440e+04 1.908653e+04 1.909309e+04 1.911900e+04 1.913824e+04 1.916164e+04 1.922071e+04 1.929580e+04 1.938608e+04 1.949024e+04 1.960658e+04 1.973312e+04 1.986786e+04 2.060674e+04 2.137916e+04 2.212228e+04 2.266072e+04 2.273227e+04 2.220646e+04 2.016224e+04 1.864399e+04 1.831946e+04 1.894796e+04 2.029684e+04 2.225642e+04
2.015474e+04 2.015474e+04 2.015474e+04 2.015477e+04 2.015483e+04 2.015701e+04 2.016370e+04 2.019015e+04 2.020982e+04 2.023376e+04 2.029422e+04 2.037079e+04 2.046205e+04 2.056603e+04 2.068048e+04 2.080312e+04 2.093180e+04 2.160993e+04 2.228148e+04 2.290096e+04 2.331108e+04 2.326213e+04 2.263084e+04 2.043686e+04 1.884365e+04 1.848632e+04 1.910066e+04 2.045212e+04 2.242545e+04
2.128223e+04 2.128223e+04 2.128223e+04 2.128226e+04 2.128233e+04 2.128452e+04 2.129132e+04 2.131833e+04 2.133850e+04 2.136304e+04 2.142478e+04 2.150201e+04 2.159237e+04 2.169316e+04 2.180180e+04 2.191594e+04 2.203360e+04 2.262743e+04 2.318360e+04 2.367225e+04 2.395014e+04 2.377880e+04 2.304262e+04 2.070528e+04 1.904345e+04 1.865702e+04 1.925985e+04 2.061232e+04 2.259925e+04
2.246832e+04 2.246832e+04 2.246832e+04 2.246835e+04 2.246842e+04 2.247072e+04 2.247786e+04 2.250598e+04 2.252680e+04 2.255195e+04 2.261412e+04 2.268953e+04 2.277482e+04 2.286698e+04 2.296361e+04 2.306279e+04 2.316302e+04 2.364715e+04 2.407540e+04 2.442875e+04 2.457307e+04 2.427948e+04 2.344013e+04 2.096654e+04 1.924262e+04 1.883101e+04 1.942493e+04 2.077784e+04 2.277808e+04
2.371911e+04 2.371911e+04 2.371911e+04 2.371913e+04 2.371921e+04 2.372156e+04 2.372882e+04 2.375726e+04 2.377810e+04 2.380283e+04 2.386149e+04 2.392855e+04 2.400055e+04 2.407528e+04 2.415129e+04 2.422755e+04 2.430322e+04 2.465411e+04 2.494575e+04 2.516273e+04 2.517502e+04 2.476140e+04 2.382184e+04 2.121981e+04 1.944051e+04 1.900779e+04 1.959534e+04 2.094917e+04 2.296217e+04
2.503461e+04 2.503461e+04 2.503461e+04 2.503463e+04 2.503470e+04 2.503690e+04 2.504387e+04 2.507149e+04 2.509036e+04 2.511107e+04 2.515513e+04 2.520051e+04 2.524637e+04 2.529249e+04 2.533865e+04 2.538448e+04 2.542955e+04 2.563104e+04 2.578303e+04 2.586653e+04 2.575123e+04 2.522191e+04 2.418638e+04 2.146448e+04 1.963654e+04 1.918690e+04 1.977067e+04 2.112705e+04 2.315184e+04
2.641269e+04 2.641269e+04 2.641269e+04 2.641272e+04 2.641280e+04 2.641560e+04 2.642275e+04 2.643664e+04 2.644138e+04 2.644501e+04 2.645096e+04 2.645738e+04 2.646549e+04 2.647540e+04 2.648668e+04 2.649871e+04 2.651089e+04 2.655967e+04 2.657583e+04 2.653287e+04 2.629727e+04 2.565860e+04 2.453257e+04 2.170008e+04 1.983024e+04 1.936791e+04 1.995055e+04 2.131180e+04 2.334742e+04
2.778118e+04 2.778118e+04 2.778118e+04 2.778113e+04 2.778096e+04 2.777563e+04 2.776046e+04 2.771953e+04 2.769902e+04 2.767967e+04 2.764517e+04 2.761612e+04 2.759150e+04 2.757009e+04 2.755076e+04 2.753260e+04 2.751494e+04 2.742254e+04 2.731364e+04 2.715521e+04 2.680924e+04 2.606937e+04 2.485943e+04 2.192630e+04 2.002123e+04 1.955043e+04 2.013466e+04 2.150289e+04 2.354932e+04
2.871032e+04 2.871032e+04 2.871032e+04 2.871032e+04 2.871032e+04 2.871029e+04 2.870953e+04 2.869907e+04 2.868865e+04 2.867561e+04 2.864454e+04 2.860984e+04 2.857325e+04 2.853537e+04 2.849639e+04 2.845646e+04 2.841572e+04 2.820491e+04 2.798767e+04 2.772815e+04 2.728389e+04 2.645249e+04 2.516621e+04 2.214297e+04 2.020921e+04 1.973415e+04 2.032273e+04 2.169997e+04 2.375809e+04
2.950081e+04 2.950081e+04 2.950081e+04 2.950081e+04 2.950081e+04 2.950068e+04 2.950021e+04 2.949730e+04 2.949379e+04 2.948819e+04 2.946966e+04 2.944122e+04 2.940393e+04 2.935940e+04 2.930928e+04 2.925505e+04 2.919795e+04 2.889598e+04 2.859135e+04 2.824764e+04 2.771877e+04 2.680669e+04 2.545241e+04 2.235008e+04 2.039401e+04 1.991875e+04 2.051448e+04 2.190278e+04 2.397446e+04
3.020619e+04 3.020619e+04 3.020619e+04 3.020619e+04 3.020617e+04 3.020570e+04 3.020426e+04 3.019901e+04 3.019488e+04 3.018910e+04 3.017047e+04 3.014046e+04 3.009905e+04 3.004781e+04 2.998882e+04 2.992411e+04 2.985541e+04 2.948946e+04 2.912071e+04 2.871115e+04 2.811235e+04 2.713119e+04 2.571779e+04 2.254770e+04 2.057551e+04 2.010401e+04 2.070968e+04 2.211111e+04 2.419833e+04
3.081280e+04 3.081280e+04 3.081280e+04 3.081280e+04 3.081280e+04 3.081263e+04 3.081186e+04 3.080588e+04 3.079902e+04 3.078894e+04 3.075898e+04 3.071687e+04 3.066432e+04 3.060325e+04 3.053552e+04 3.046279e+04 3.038650e+04 2.998348e+04 2.957449e+04 2.911778e+04 2.846400e+04 2.742568e+04 2.596238e+04 2.273604e+04 2.075369e+04 2.028974e+04 2.090811e+04 2.232477e+04 2.442934e+04
3.134157e+04 3.134157e+04 3.134156e+04 3.134154e+04 3.134147e+04 3.133923e+04 3.133216e+04 3.130442e+04 3.128492e+04 3.126255e+04 3.121107e+04 3.115261e+04 3.108853e+04 3.101973e+04 3.094698e+04 3.087098e+04 3.079246e+04 3.038033e+04 2.995407e+04 2.946817e+04 2.877398e+04 2.769037e+04 2.618645e+04 2.291540e+04 2.092861e+04 2.047580e+04 2.110959e+04 2.254360e+04 2.466726e+04
3.163441e+04 3.163441e+04 3.163440e+04 3.163436e+04 3.163423e+04 3.163004e+04 3.161883e+04 3.158265e+04 3.155986e+04 3.153499e+04 3.148066e+04 3.142179e+04 3.135925e+04 3.129347e+04 3.122474e+04 3.115335e+04 3.107960e+04 3.068622e+04 3.026320e+04 2.976433e+04 2.904336e+04 2.792593e+04 2.639050e+04 2.308614e+04 2.110038e+04 2.066210e+04 2.131394e+04 2.276743e+04 2.491194e+04
3.163647e+04 3.163647e+04 3.163647e+04 3.163647e+04 3.163645e+04 3.163601e+04 3.163452e+04 3.162587e+04 3.161736e+04 3.160590e+04 3.157514e+04 3.153591e+04 3.149017e+04 3.143922e+04 3.138389e+04 3.132476e+04 3.126226e+04 3.091078e+04 3.050754e+04 3.000947e+04 2.927394e+04 2.813340e+04 2.657528e+04 2.324872e+04 2.126918e+04 2.084859e+04 2.152104e+04 2.299614e+04 2.516326e+04
3.158821e+04 3.158821e+04 3.158821e+04 3.158821e+04 3.158821e+04 3.158815e+04 3.158789e+04 3.158607e+04 3.158394e+04 3.158053e+04 3.156876e+04 3.154975e+04 3.152372e+04 3.149129e+04 3.145314e+04 3.140986e+04 3.136193e+04 3.106608e+04 3.069409e+04 3.020765e+04 2.946806e+04 2.831418e+04 2.674169e+04 2.340362e+04 2.143523e+04 2.103527e+04 2.173079e+04 2.322960e+04 2.542111e+04
3.152532e+04 3.152532e+04 3.152532e+04 3.152532e+04 3.152533e+04 3.152544e+04 3.152567e+04 3.152609e+04 3.152610e+04 3.152575e+04 3.152311e+04 3.151647e+04 3.150477e+04 3.148754e+04 3.146467e+04 3.143629e+04 3.140263e+04 3.116522e+04 3.083056e+04 3.036345e+04 2.962845e+04 2.846995e+04 2.689078e+04 2.355139e+04 2.159881e+04 2.122220e+04 2.194310e+04 2.346770e+04 2.568538e+04
3.146244e+04 3.146244e+04 3.146244e+04 3.146244e+04 3.146244e+04 3.146257e+04 3.146295e+04 3.146435e+04 3.146524e+04 3.146614e+04 3.146747e+04 3.146711e+04 3.146381e+04 3.145655e+04 3.144466e+04 3.142775e+04 3.140565e+04 3.122081e+04 3.092468e+04 3.048171e+04 2.975812e+04 2.860253e+04 2.702373e+04 2.369261e+04 2.176019e+04 2.140944e+04 2.215793e+04 2.371037e+04 2.595599e+04
3.140599e+04 3.140599e+04 3.140599e+04 3.140599e+04 3.140599e+04 3.140617e+04 3.140667e+04 3.140846e+04 3.140968e+04 3.141104e+04 3.141395e+04 3.141639e+04 3.141732e+04 3.141563e+04 3.141040e+04 3.140097e+04 3.138690e+04 3.124375e+04 3.098367e+04 3.056719e+04 2.986015e+04 2.871389e+04 2.714180e+04 2.382786e+04 2.191970e+04 2.159712e+04 2.237526e+04 2.395752e+04 2.623288e+04
3.135845e+04 3.135845e+04 3.135845e+04 3.135845e+04 3.135846e+04 3.135861e+04 3.135906e+04 3.136080e+04 3.136207e+04 3.136356e+04 3.136699e+04 3.137040e+04 3.137292e+04 3.137358e+04 3.137151e+04 3.136599e+04 3.135651e+04 3.124258e+04 3.101388e+04 3.062441e+04 2.993761e+04 2.880604e+04 2.724627e+04 2.395775e+04 2.207768e+04 2.178538e+04 2.259510e+04 2.420911e+04 2.651598e+04
3.131836e+04 3.131836e+04 3.131836e+04 3.131836e+04 3.131837e+04 3.131859e+04 3.131920e+04 3.132137e+04 3.132282e+04 3.132443e+04 3.132782e+04 3.133094e+04 3.133314e+04 3.133372e+04 3.133204e+04 3.132753e+04 3.131974e+04 3.122334e+04 3.102058e+04 3.065746e+04 2.999345e+04 2.888099e+04 2.733845e+04 2.408290e+04 2.223447e+04 2.197438e+04 2.281749e+04 2.446511e+04 2.680525e+04
3.128914e+04 3.128914e+04 3.128914e+04 3.128915e+04 3.128915e+04 3.128938e+04 3.128998e+04 3.129181e+04 3.129287e+04 3.129394e+04 3.129583e+04 3.129698e+04 3.129700e+04 3.129548e+04 3.129205e+04 3.128635e+04 3.127804e+04 3.118986e+04 3.100798e+04 3.066999e+04 3.003047e+04 2.894070e+04 2.741967e+04 2.420390e+04 2.239042e+04 2.216434e+04 2.304248e+04 2.472549e+04 2.710063e+04
3.126859e+04 3.126859e+04 3.126859e+04 3.126859e+04 3.126859e+04 3.126859e+04 3.126857e+04 3.126839e+04 3.126815e+04 3.126775e+04 3.126631e+04 3.126384e+04 3.126017e+04 3.125514e+04 3.124861e+04 3.124037e+04 3.123022e+04 3.114427e+04 3.097935e+04 3.066518e+04 3.005125e+04 2.898705e+04 2.749119e+04 2.432136e+04 2.254590e+04 2.235544e+04 2.327016e+04 2.499026e+04 2.740210e+04
3.124255e+04 3.124255e+04 3.124255e+04 3.124255e+04 3.124254e+04 3.124228e+04 3.124160e+04 3.123914e+04 3.123735e+04 3.123521e+04 3.122991e+04 3.122336e+04 3.121565e+04 3.120684e+04 3.119695e+04 3.118591e+04 3.117362e+04 3.108757e+04 3.093725e+04 3.064582e+04 3.005818e+04 2.902184e+04 2.755427e+04 2.443585e+04 2.270124e+04 2.254792e+04 2.350064e+04 2.525945e+04 2.770966e+04
3.119546e+04 3.119546e+04 3.119546e+04 3.119545e+04 3.119544e+04 3.119515e+04 3.119422e+04 3.119040e+04 3.118760e+04 3.118427e+04 3.117625e+04 3.116676e+04 3.115612e+04 3.114457e+04 3.113225e+04 3.111920e+04 3.110540e+04 3.102036e+04 3.088379e+04 3.061435e+04 3.005345e+04 2.904676e+04 2.761010e+04 2.454794e+04 2.285680e+04 2.274202e+04 2.373405e+04 2.553310e+04 2.802328e+04
3.111962e+04 3.111962e+04 3.111962e+04 3.111961e+04 3.111960e+04 3.111928e+04 3.111824e+04 3.111409e+04 3.111105e+04 3.110743e+04 3.109869e+04 3.108833e+04 3.107679e+04 3.106439e+04 3.105136e+04 3.103783e+04 3.102382e+04 3.094331e+04 3.082083e+04 3.057297e+04 3.003908e+04 2.906341e+04 2.765981e+04 2.465817e+04 2.301292e+04 2.293798e+04 2.397053e+04 2.581126e+04 2.834299e+04
3.101437e+04 3.101437e+04 3.101437e+04 3.101437e+04 3.101436e+04 3.101410e+04 3.101327e+04 3.100982e+04 3.100724e+04 3.100413e+04 3.099651e+04 3.098734e+04 3.097700e+04 3.096579e+04 3.095395e+04 3.094166e+04 3.092897e+04 3.085756e+04 3.075020e+04 3.052371e+04 3.001691e+04 2.907326e+04 2.770448e+04 2.476705e+04 2.316991e+04 2.313605e+04 2.421025e+04 2.609401e+04 2.866880e+04
3.088663e+04 3.088663e+04 3.088663e+04 3.088663e+04 3.088662e+04 3.088642e+04 3.088578e+04 3.088335e+04 3.088160e+04 3.087950e+04 3.087425e+04 3.086773e+04 3.086015e+04 3.085171e+04 3.084261e+04 3.083299e+04 3.082293e+04 3.076486e+04 3.067374e+04 3.046844e+04 2.998866e+04 2.907771e+04 2.774512e+04 2.487508e+04 2.332811e+04 2.333647e+04 2.445337e+04 2.638144e+04 2.900075e+04
3.074402e+04 3.074402e+04 3.074402e+04 3.074402e+04 3.074402e+04 3.074404e+04 3.074403e+04 3.074350e+04 3.074291e+04 3.074209e+04 3.073976e+04 3.073650e+04 3.073240e+04 3.072755e+04 3.072204e+04 3.071596e+04 3.070935e+04 3.066750e+04 3.059337e+04 3.040895e+04 2.995593e+04 2.907805e+04 2.778269e+04 2.498274e+04 2.348781e+04 2.353952e+04 2.470010e+04 2.667367e+04 2.933889e+04
3.060110e+04 3.060110e+04 3.060110e+04 3.060110e+04 3.060110e+04 3.060112e+04 3.060118e+04 3.060146e+04 3.060162e+04 3.060175e+04 3.060183e+04 3.060157e+04 3.060087e+04 3.059967e+04 3.059792e+04 3.059561e+04 3.059270e+04 3.056809e+04 3.051102e+04 3.034691e+04 2.992016e+04 2.907545e+04 2.781806e+04 2.509045e+04 2.364930e+04 2.374543e+04 2.495062e+04 2.697082e+04 2.968327e+04
3.046281e+04 3.046281e+04 3.046281e+04 3.046281e+04 3.046282e+04 3.046291e+04 3.046316e+04 3.046411e+04 3.046479e+04 3.046561e+04 3.046759e+04 3.046984e+04 3.047210e+04 3.047414e+04 3.047579e+04 3.047693e+04 3.047747e+04 3.046929e+04 3.042854e+04 3.028387e+04 2.988270e+04 2.907100e+04 2.785206e+04 2.519863e+04 2.381288e+04 2.395446e+04 2.520515e+04 2.727303e+04 3.003398e+04
3.033317e+04 3.033317e+04 3.033317e+04 3.033317e+04 3.033317e+04 3.033331e+04 3.033377e+04 3.033561e+04 3.033695e+04 3.033854e+04 3.034235e+04 3.034674e+04 3.035139e+04 3.035601e+04 3.036036e+04 3.036426e+04 3.036761e+04 3.037351e+04 3.034763e+04 3.022122e+04 2.984475e+04 2.906572e+04 2.788544e+04 2.530768e+04 2.397880e+04 2.416685e+04 2.546389e+04 2.758044e+04 3.039109e+04
3.021783e+04 3.021783e+04 3.021783e+04 3.021783e+04 3.021784e+04 3.021808e+04 3.021881e+04 3.022155e+04 3.022346e+04 3.022568e+04 3.023083e+04 3.023665e+04 3.024281e+04 3.024902e+04 3.025506e+04 3.026077e+04 3.026601e+04 3.028270e+04 3.026975e+04 3.016020e+04 2.980740e+04 2.906048e+04 2.791889e+04 2.541795e+04 2.414732e+04 2.438285e+04 2.572707e+04 2.789321e+04 3.075470e+04
3.012289e+04 3.012289e+04 3.012289e+04 3.012289e+04 3.012290e+04 3.012313e+04 3.012383e+04 3.012657e+04 3.012853e+04 3.013081e+04 3.013614e+04 3.014216e+04 3.014857e+04 3.015515e+04 3.016173e+04 3.016816e+04 3.017433e+04 3.019823e+04 3.019607e+04 3.010186e+04 2.977159e+04 2.905611e+04 2.795304e+04 2.552979e+04 2.431869e+04 2.460271e+04 2.599491e+04 2.821153e+04 3.112493e+04
3.004685e+04 3.004685e+04 3.004685e+04 3.004685e+04 3.004686e+04 3.004709e+04 3.004777e+04 3.005020e+04 3.005184e+04 3.005369e+04 3.005799e+04 3.006293e+04 3.006840e+04 3.007425e+04 3.008036e+04 3.008661e+04 3.009288e+04 3.012087e+04 3.012747e+04 3.004708e+04 2.973815e+04 2.905331e+04 2.798846e+04 2.564351e+04 2.449314e+04 2.482665e+04 2.626763e+04 2.853557e+04 3.150190e+04
2.998771e+04 2.998771e+04 2.998771e+04 2.998771e+04 2.998771e+04 2.998773e+04 2.998786e+04 2.998865e+04 2.998934e+04 2.999023e+04 2.999261e+04 2.999577e+04 2.999968e+04 3.000427e+04 3.000942e+04 3.001502e+04 3.002093e+04 3.005091e+04 3.006454e+04 2.999656e+04 2.970779e+04 2.905272e+04 2.802566e+04 2.575940e+04 2.467088e+04 2.505490e+04 2.654547e+04 2.886553e+04 3.188573e+04
2.993234e+04 2.993234e+04 2.993234e+04 2.993234e+04 2.993234e+04 2.993236e+04 2.993239e+04 2.993255e+04 2.993273e+04 2.993304e+04 2.993414e+04 2.993603e+04 2.993879e+04 2.994238e+04 2.994673e+04 2.995174e+04 2.995726e+04 2.998830e+04 3.000767e+04 2.995083e+04 2.968108e+04 2.905490e+04 2.806511e+04 2.587773e+04 2.485213e+04 2.528768e+04 2.682865e+04 2.920159e+04 3.227657e+04
2.987645e+04 2.987645e+04 2.987645e+04 2.987646e+04 2.987646e+04 2.987650e+04 2.987661e+04 2.987697e+04 2.987723e+04 2.987758e+04 2.987868e+04 2.988047e+04 2.988305e+04 2.988644e+04 2.989057e+04 2.989539e+04 2.990078e+04 2.993285e+04 2.995706e+04 2.991031e+04 2.965853e+04 2.906031e+04 2.810720e+04 2.599876e+04 2.503710e+04 2.552523e+04 2.711739e+04 2.954395e+04 3.267457e+04
2.982186e+04 2.982186e+04 2.982186e+04 2.982186e+04 2.982186e+04 2.982190e+04 2.982203e+04 2.982270e+04 2.982329e+04 2.982404e+04 2.982605e+04 2.982869e+04 2.983196e+04 2.983584e+04 2.984032e+04 2.984536e+04 2.985092e+04 2.988434e+04 2.991284e+04 2.987533e+04 2.964055e+04 2.906938e+04 2.815230e+04 2.612272e+04 2.522596e+04 2.576773e+04 2.741194e+04 2.989284e+04 3.307989e+04
2.977011e+04 2.977011e+04 2.977011e+04 2.977011e+04 2.977012e+04 2.977031e+04 2.977087e+04 2.977279e+04 2.977406e+04 2.977550e+04 2.977881e+04 2.978258e+04 2.978676e+04 2.979135e+04 2.979634e+04 2.980176e+04 2.980762e+04 2.984261e+04 2.987508e+04 2.984613e+04 2.962747e+04 2.908247e+04 2.820074e+04 2.624982e+04 2.541892e+04 2.601542e+04 2.771250e+04 3.024845e+04 3.349270e+04
2.973065e+04 2.973065e+04 2.973065e+04 2.973065e+04 2.973065e+04 2.973085e+04 2.973142e+04 2.973353e+04 2.973496e+04 2.973659e+04 2.974031e+04 2.974451e+04 2.974908e+04 2.975400e+04 2.975928e+04 2.976494e+04 2.977102e+04 2.980756e+04 2.984381e+04 2.982290e+04 2.961957e+04 2.909987e+04 2.825280e+04 2.638026e+04 2.561614e+04 2.626848e+04 2.801931e+04 3.061101e+04 3.391317e+04
2.970422e+04 2.970422e+04 2.970422e+04 2.970423e+04 2.970423e+04 2.970433e+04 2.970464e+04 2.970600e+04 2.970704e+04 2.970830e+04 2.971141e+04 2.971515e+04 2.971941e+04 2.972413e+04 2.972932e+04 2.973496e+04 2.974110e+04 2.977908e+04 2.981906e+04 2.980580e+04 2.961710e+04 2.912186e+04 2.830872e+04 2.651424e+04 2.581779e+04 2.652711e+04 2.833259e+04 3.098072e+04 3.434148e+04
2.968456e+04 2.968456e+04 2.968456e+04 2.968456e+04 2.968457e+04 2.968466e+04 2.968495e+04 2.968602e+04 2.968680e+04 2.968773e+04 2.969010e+04 2.969312e+04 2.969678e+04 2.970105e+04 2.970594e+04 2.971145e+04 2.971759e+04 2.975711e+04 2.980090e+04 2.979497e+04 2.962027e+04 2.914867e+04 2.836873e+04 2.665191e+04 2.602404e+04 2.679152e+04 2.865255e+04 3.135781e+04 3.477782e+04
2.966988e+04 2.966988e+04 2.966988e+04 2.966988e+04 2.966988e+04 2.966994e+04 2.967013e+04 2.967088e+04 2.967144e+04 2.967214e+04 2.967398e+04 2.967647e+04 2.967966e+04 2.968361e+04 2.968832e+04 2.969381e+04 2.970006e+04 2.974164e+04 2.978938e+04 2.979054e+04 2.962923e+04 2.918049e+04 2.843302e+04 2.679344e+04 2.623505e+04 2.706188e+04 2.897942e+04 3.174249e+04 3.522238e+04
2.965770e+04 2.965770e+04 2.965770e+04 2.965770e+04 2.965770e+04 2.965776e+04 2.965792e+04 2.965857e+04 2.965906e+04 2.965968e+04 2.966137e+04 2.966374e+04 2.966691e+04 2.967093e+04 2.967584e+04 2.968163e+04 2.968827e+04 2.973272e+04 2.978464e+04 2.979265e+04 2.964416e+04 2.921749e+04 2.850176e+04 2.693897e+04 2.645097e+04 2.733838e+04 2.931341e+04 3.213498e+04 3.567535e+04
2.964718e+04 2.964718e+04 2.964718e+04 2.964718e+04 2.964719e+04 2.964727e+04 2.964750e+04 2.964834e+04 2.964895e+04 2.964970e+04 2.965172e+04 2.965454e+04 2.965826e+04 2.966290e+04 2.966848e+04 2.967497e+04 2.968233e+04 2.973056e+04 2.978681e+04 2.980143e+04 2.966517e+04 2.925981e+04 2.857508e+04 2.708865e+04 2.667195e+04 2.762121e+04 2.965473e+04 3.253551e+04 3.613694e+04
2.963985e+04 2.963985e+04 2.963985e+04 2.963985e+04 2.963985e+04 2.963994e+04 2.964019e+04 2.964121e+04 2.964203e+04 2.964309e+04 2.964594e+04 2.964978e+04 2.965459e+04 2.966035e+04 2.966701e+04 2.967453e+04 2.968288e+04 2.973547e+04 2.979606e+04 2.981699e+04 2.969239e+04 2.930757e+04 2.865313e+04 2.724260e+04 2.689814e+04 2.791054e+04 3.000358e+04 3.294428e+04 3.660733e+04
2.963637e+04 2.963637e+04 2.963637e+04 2.963637e+04 2.963638e+04 2.963652e+04 2.963699e+04 2.963890e+04 2.964033e+04 2.964206e+04 2.964635e+04 2.965166e+04 2.965789e+04 2.966497e+04 2.967285e+04 2.968150e+04 2.969088e+04 2.974786e+04 2.981259e+04 2.983944e+04 2.972591e+04 2.936087e+04 2.873599e+04 2.740094e+04 2.712967e+04 2.820655e+04 3.036018e+04 3.336152e+04 3.708675e+04
2.964303e+04 2.964303e+04 2.964303e+04 2.964304e+04 2.964304e+04 2.964329e+04 2.964405e+04 2.964695e+04 2.964897e+04 2.965131e+04 2.965684e+04 2.966332e+04 2.967067e+04 2.967878e+04 2.968763e+04 2.969717e+04 2.970740e+04 2.976809e+04 2.983655e+04 2.986886e+04 2.976579e+04 2.941978e+04 2.882376e+04 2.756378e+04 2.736669e+04 2.850941e+04 3.072472e+04 3.378745e+04 3.757538e+04
2.966693e+04 2.966693e+04 2.966694e+04 2.966694e+04 2.966695e+04 2.966719e+04 2.966792e+04 2.967065e+04 2.967259e+04 2.967490e+04 2.968047e+04 2.968714e+04 2.969477e+04 2.970325e+04 2.971250e+04 2.972248e+04 2.973317e+04 2.979646e+04 2.986806e+04 2.990532e+04 2.981207e+04 2.948435e+04 2.891651e+04 2.773122e+04 2.760934e+04 2.881928e+04 3.109740e+04 3.422227e+04 3.807345e+04
2.970584e+04 2.970584e+04 2.970584e+04 2.970585e+04 2.970585e+04 2.970601e+04 2.970652e+04 2.970858e+04 2.971016e+04 2.971210e+04 2.971700e+04 2.972313e+04 2.973035e+04 2.973856e+04 2.974767e+04 2.975763e+04 2.976839e+04 2.983307e+04 2.990718e+04 2.994884e+04 2.986477e+04 2.955461e+04 2.901428e+04 2.790337e+04 2.785774e+04 2.913635e+04 3.147843e+04 3.466620e+04 3.858115e+04
2.975424e+04 2.975424e+04 2.975424e+04 2.975425e+04 2.975425e+04 2.975441e+04 2.975491e+04 2.975681e+04 2.975821e+04 2.975990e+04 2.976416e+04 2.976960e+04 2.977616e+04 2.978381e+04 2.979249e+04 2.980214e+04 2.981272e+04 2.987788e+04 2.995389e+04 2.999939e+04 2.992387e+04 2.963056e+04 2.911711e+04 2.808032e+04 2.811204e+04 2.946078e+04 3.186800e+04 3.511945e+04 3.909870e+04
2.981126e+04 2.981126e+04 2.981126e+04 2.981126e+04 2.981127e+04 2.981139e+04 2.981178e+04 2.981337e+04 2.981456e+04 2.981602e+04 2.981976e+04 2.982460e+04 2.983056e+04 2.983766e+04 2.984587e+04 2.985516e+04 2.986550e+04 2.993070e+04 3.000811e+04 3.005692e+04 2.998933e+04 2.971220e+04 2.922503e+04 2.826215e+04 2.837236e+04 2.979272e+04 3.226629e+04 3.558223e+04 3.962631e+04
