3.025668e+05 1.126428e+05 1.009218e+05 9.740707e+04 1.009021e+05 1.303889e+05 1.672923e+05 2.361105e+05 2.680202e+05 2.983016e+05 3.539193e+05 4.030890e+05 4.463212e+05 4.842879e+05 5.176623e+05 5.470567e+05 5.730065e+05 6.649398e+05 7.158611e+05 7.388253e+05 7.353141e+05 7.045089e+05 6.503051e+05 5.122995e+05 3.924886e+05 3.103489e+05 2.572118e+05 2.223369e+05 1.985493e+05
1.230350e+05 1.230397e+05 1.230534e+05 1.233826e+05 1.239906e+05 1.432382e+05 1.773791e+05 2.444164e+05 2.757892e+05 3.056245e+05 3.604770e+05 4.089714e+05 4.515978e+05 4.890244e+05 5.219200e+05 5.508910e+05 5.764664e+05 6.670721e+05 7.172332e+05 7.397365e+05 7.359307e+05 7.049296e+05 6.505931e+05 5.124378e+05 3.925599e+05 3.103887e+05 2.572353e+05 2.223506e+05 1.985567e+05
1.539326e+05 1.539346e+05 1.539406e+05 1.541104e+05 1.545634e+05 1.669611e+05 1.928612e+05 2.549532e+05 2.852962e+05 3.143427e+05 3.679828e+05 4.155273e+05 4.573680e+05 4.941318e+05 5.264621e+05 5.549470e+05 5.801013e+05 6.692659e+05 7.186300e+05 7.406583e+05 7.365520e+05 7.053523e+05 6.508820e+05 5.125763e+05 3.926312e+05 3.104286e+05 2.572586e+05 2.223643e+05 1.985640e+05
1.842646e+05 1.842658e+05 1.842695e+05 1.843785e+05 1.846869e+05 1.918129e+05 2.148790e+05 2.676071e+05 2.964089e+05 3.243631e+05 3.763902e+05 4.227282e+05 4.636121e+05 4.995954e+05 5.312772e+05 5.592154e+05 5.839039e+05 6.715183e+05 7.200501e+05 7.415899e+05 7.371774e+05 7.057768e+05 6.511716e+05 5.127148e+05 3.927026e+05 3.104684e+05 2.572820e+05 2.223779e+05 1.985712e+05
2.136672e+05 2.136680e+05 2.136707e+05 2.137487e+05 2.139749e+05 2.190683e+05 2.370177e+05 2.832267e+05 3.091748e+05 3.356081e+05 3.856257e+05 4.305263e+05 4.702982e+05 5.053930e+05 5.363490e+05 5.636842e+05 5.878646e+05 6.738258e+05 7.214918e+05 7.425304e+05 7.378066e+05 7.062028e+05 6.514617e+05 5.128534e+05 3.927739e+05 3.105082e+05 2.573053e+05 2.223914e+05 1.985784e+05
2.420628e+05 2.420634e+05 2.420654e+05 2.421248e+05 2.422994e+05 2.464383e+05 2.593181e+05 3.020258e+05 3.243738e+05 3.482189e+05 3.956325e+05 4.388660e+05 4.773860e+05 5.114960e+05 5.416570e+05 5.683379e+05 5.919719e+05 6.761843e+05 7.229534e+05 7.434791e+05 7.384391e+05 7.066300e+05 6.517523e+05 5.129920e+05 3.928451e+05 3.105479e+05 2.573285e+05 2.224049e+05 1.985855e+05
2.694271e+05 2.694276e+05 2.694292e+05 2.694763e+05 2.696157e+05 2.730929e+05 2.825615e+05 3.217382e+05 3.419833e+05 3.628543e+05 4.064312e+05 4.477040e+05 4.848346e+05 5.178731e+05 5.471779e+05 5.731592e+05 5.962123e+05 6.785896e+05 7.244331e+05 7.444349e+05 7.390743e+05 7.070583e+05 6.520432e+05 5.131306e+05 3.929163e+05 3.105876e+05 2.573516e+05 2.224183e+05 1.985925e+05
2.957472e+05 2.957476e+05 2.957489e+05 2.957875e+05 2.959027e+05 2.988697e+05 3.063576e+05 3.412060e+05 3.604933e+05 3.793440e+05 4.182011e+05 4.570320e+05 4.926113e+05 5.244940e+05 5.528873e+05 5.781294e+05 6.005715e+05 6.810368e+05 7.259288e+05 7.453970e+05 7.397119e+05 7.074872e+05 6.523342e+05 5.132691e+05 3.929875e+05 3.106272e+05 2.573747e+05 2.224316e+05 1.985995e+05
3.210855e+05 3.210859e+05 3.210869e+05 3.211194e+05 3.212159e+05 3.237619e+05 3.301879e+05 3.603428e+05 3.789573e+05 3.966096e+05 4.313738e+05 4.669054e+05 5.007026e+05 5.313342e+05 5.587629e+05 5.832298e+05 6.050346e+05 6.835209e+05 7.274384e+05 7.463643e+05 7.403512e+05 7.079166e+05 6.526252e+05 5.134074e+05 3.930585e+05 3.106667e+05 2.573978e+05 2.224449e+05 1.986063e+05
3.454401e+05 3.454404e+05 3.454413e+05 3.454682e+05 3.455486e+05 3.478107e+05 3.538513e+05 3.794509e+05 3.970188e+05 4.138989e+05 4.456514e+05 4.774910e+05 5.091269e+05 5.383815e+05 5.647864e+05 5.884434e+05 6.095871e+05 6.860367e+05 7.289598e+05 7.473358e+05 7.409918e+05 7.083462e+05 6.529160e+05 5.135456e+05 3.931294e+05 3.107062e+05 2.574207e+05 2.224581e+05 1.986131e+05
3.687556e+05 3.687559e+05 3.687568e+05 3.687836e+05 3.688656e+05 3.714574e+05 3.774833e+05 3.987253e+05 4.146891e+05 4.307938e+05 4.604266e+05 4.890607e+05 5.179494e+05 5.456408e+05 5.709475e+05 5.937567e+05 6.142163e+05 6.885788e+05 7.304907e+05 7.483103e+05 7.416330e+05 7.087756e+05 6.532065e+05 5.136835e+05 3.932002e+05 3.107456e+05 2.574436e+05 2.224712e+05 1.986198e+05
4.814206e+05 4.814207e+05 4.814211e+05 4.814330e+05 4.814687e+05 4.824640e+05 4.849460e+05 4.924079e+05 4.989855e+05 5.081844e+05 5.302063e+05 5.509462e+05 5.694103e+05 5.870238e+05 6.044731e+05 6.218085e+05 6.382950e+05 7.015043e+05 7.382062e+05 7.531907e+05 7.448297e+05 7.109102e+05 6.546484e+05 5.143678e+05 3.935517e+05 3.109408e+05 2.575567e+05 2.225355e+05 1.986522e+05
5.642462e+05 5.642462e+05 5.642465e+05 5.642531e+05 5.642732e+05 5.648326e+05 5.662862e+05 5.703576e+05 5.729373e+05 5.766475e+05 5.887003e+05 6.043084e+05 6.192678e+05 6.321831e+05 6.436624e+05 6.545301e+05 6.652205e+05 7.144584e+05 7.458258e+05 7.579823e+05 7.479574e+05 7.129954e+05 6.560569e+05 5.150382e+05 3.938970e+05 3.111327e+05 2.576672e+05 2.225975e+05 1.986822e+05
6.282537e+05 6.282538e+05 6.282539e+05 6.282580e+05 6.282702e+05 6.286073e+05 6.294843e+05 6.319430e+05 6.332135e+05 6.346567e+05 6.396474e+05 6.485477e+05 6.596594e+05 6.704817e+05 6.798089e+05 6.877112e+05 6.947367e+05 7.275204e+05 7.531672e+05 7.625652e+05 7.509483e+05 7.149935e+05 6.574112e+05 5.156880e+05 3.942337e+05 3.113199e+05 2.577745e+05 2.226567e+05 1.987097e+05
6.777710e+05 6.777710e+05 6.777711e+05 6.777737e+05 6.777815e+05 6.779919e+05 6.785327e+05 6.800211e+05 6.807100e+05 6.812934e+05 6.828368e+05 6.865355e+05 6.929582e+05 7.008947e+05 7.087586e+05 7.156059e+05 7.212649e+05 7.419274e+05 7.602570e+05 7.668731e+05 7.537503e+05 7.168721e+05 6.586920e+05 5.163106e+05 3.945593e+05 3.115015e+05 2.578780e+05 2.227129e+05 1.987345e+05
7.159163e+05 7.159163e+05 7.159163e+05 7.159181e+05 7.159233e+05 7.160588e+05 7.163598e+05 7.170873e+05 7.173814e+05 7.175497e+05 7.176435e+05 7.184333e+05 7.211152e+05 7.257700e+05 7.315256e+05 7.373196e+05 7.424326e+05 7.572461e+05 7.674646e+05 7.709309e+05 7.563417e+05 7.186096e+05 6.598845e+05 5.169001e+05 3.948715e+05 3.116763e+05 2.579771e+05 2.227656e+05 1.987562e+05
7.438606e+05 7.438606e+05 7.438607e+05 7.438619e+05 7.438654e+05 7.439589e+05 7.441784e+05 7.446678e+05 7.448329e+05 7.448824e+05 7.445727e+05 7.441483e+05 7.445975e+05 7.465910e+05 7.500347e+05 7.542996e+05 7.586494e+05 7.713936e+05 7.756334e+05 7.748936e+05 7.587454e+05 7.202014e+05 6.609804e+05 5.174519e+05 3.951679e+05 3.118431e+05 2.580711e+05 2.228145e+05 1.987746e+05
7.646172e+05 7.646172e+05 7.646173e+05 7.646181e+05 7.646206e+05 7.646860e+05 7.648431e+05 7.652241e+05 7.653592e+05 7.654004e+05 7.650804e+05 7.643138e+05 7.636949e+05 7.639571e+05 7.654571e+05 7.680507e+05 7.712767e+05 7.831989e+05 7.842896e+05 7.791103e+05 7.610427e+05 7.216662e+05 6.619813e+05 5.179631e+05 3.954470e+05 3.120011e+05 2.581595e+05 2.228591e+05 1.987895e+05
7.804600e+05 7.804600e+05 7.804601e+05 7.804607e+05 7.804626e+05 7.805112e+05 7.806278e+05 7.809052e+05 7.809999e+05 7.810214e+05 7.807277e+05 7.799274e+05 7.788967e+05 7.782002e+05 7.783327e+05 7.794700e+05 7.814602e+05 7.923164e+05 7.924939e+05 7.840920e+05 7.633904e+05 7.230513e+05 6.629010e+05 5.184334e+05 3.957074e+05 3.121493e+05 2.582417e+05 2.228990e+05 1.988005e+05
7.925605e+05 7.925605e+05 7.925606e+05 7.925611e+05 7.925625e+05 7.926006e+05 7.926904e+05 7.928901e+05 7.929439e+05 7.929344e+05 7.926387e+05 7.918842e+05 7.907611e+05 7.896270e+05 7.889328e+05 7.889935e+05 7.898817e+05 7.990042e+05 7.996550e+05 7.894219e+05 7.660720e+05 7.244391e+05 6.637683e+05 5.188656e+05 3.959487e+05 3.122871e+05 2.583173e+05 2.229340e+05 1.988073e+05
8.018022e+05 8.018022e+05 8.018022e+05 8.018026e+05 8.018038e+05 8.018246e+05 8.018580e+05 8.019111e+05 8.019037e+05 8.018517e+05 8.015444e+05 8.008698e+05 7.998161e+05 7.985710e+05 7.974721e+05 7.968496e+05 7.968971e+05 8.038007e+05 8.054682e+05 7.946237e+05 7.693547e+05 7.259580e+05 6.646295e+05 5.192664e+05 3.961716e+05 3.124142e+05 2.583856e+05 2.229636e+05 1.988098e+05
8.080609e+05 8.080609e+05 8.080609e+05 8.080613e+05 8.080623e+05 8.080883e+05 8.081443e+05 8.082392e+05 8.082492e+05 8.082192e+05 8.079905e+05 8.074574e+05 8.065708e+05 8.054102e+05 8.041991e+05 8.032215e+05 8.027118e+05 8.072703e+05 8.098859e+05 7.993705e+05 7.729227e+05 7.278257e+05 6.655523e+05 5.196469e+05 3.963775e+05 3.125304e+05 2.584466e+05 2.229875e+05 1.988076e+05
8.124948e+05 8.124948e+05 8.124948e+05 8.124951e+05 8.124959e+05 8.125164e+05 8.125636e+05 8.126739e+05 8.127113e+05 8.127197e+05 8.126022e+05 8.122316e+05 8.115455e+05 8.105608e+05 8.094101e+05 8.083104e+05 8.074863e+05 8.098750e+05 8.130489e+05 8.034533e+05 7.765112e+05 7.301492e+05 6.666343e+05 5.200233e+05 3.965696e+05 3.126361e+05 2.584999e+05 2.230056e+05 1.988006e+05
8.157054e+05 8.157054e+05 8.157054e+05 8.157057e+05 8.157065e+05 8.157280e+05 8.157802e+05 8.159122e+05 8.159677e+05 8.160020e+05 8.159664e+05 8.157266e+05 8.152187e+05 8.144254e+05 8.134134e+05 8.123332e+05 8.113736e+05 8.119442e+05 8.152009e+05 8.067761e+05 7.799257e+05 7.327111e+05 6.680344e+05 5.204174e+05 3.967523e+05 3.127323e+05 2.585457e+05 2.230176e+05 1.987885e+05
8.182143e+05 8.182143e+05 8.182143e+05 8.182145e+05 8.182151e+05 8.182300e+05 8.182694e+05 8.183843e+05 8.184399e+05 8.184811e+05 8.184858e+05 8.183316e+05 8.179594e+05 8.173358e+05 8.164839e+05 8.154974e+05 8.145209e+05 8.136918e+05 8.166143e+05 8.093409e+05 7.830266e+05 7.353535e+05 6.697688e+05 5.208579e+05 3.969319e+05 3.128202e+05 2.585840e+05 2.230233e+05 1.987712e+05
8.201127e+05 8.201128e+05 8.201128e+05 8.201130e+05 8.201137e+05 8.201319e+05 8.201749e+05 8.202810e+05 8.203299e+05 8.203682e+05 8.203882e+05 8.202893e+05 8.200192e+05 8.195382e+05 8.188427e+05 8.179839e+05 8.170634e+05 8.152482e+05 8.175413e+05 8.112229e+05 7.857276e+05 7.379553e+05 6.716952e+05 5.213826e+05 3.971165e+05 3.129018e+05 2.586153e+05 2.230229e+05 1.987485e+05
8.215428e+05 8.215428e+05 8.215428e+05 8.215430e+05 8.215435e+05 8.215569e+05 8.215877e+05 8.216730e+05 8.217183e+05 8.217585e+05 8.218009e+05 8.217540e+05 8.215716e+05 8.212142e+05 8.206645e+05 8.199449e+05 8.191221e+05 8.166898e+05 8.181894e+05 8.125417e+05 7.879926e+05 7.404227e+05 6.737161e+05 5.220447e+05 3.973163e+05 3.129799e+05 2.586402e+05 2.230164e+05 1.987204e+05
8.224828e+05 8.224828e+05 8.224828e+05 8.224830e+05 8.224835e+05 8.224989e+05 8.225384e+05 8.226525e+05 8.227140e+05 8.227713e+05 8.228542e+05 8.228631e+05 8.227601e+05 8.225105e+05 8.220923e+05 8.215104e+05 8.208050e+05 8.180612e+05 8.187159e+05 8.134354e+05 7.898281e+05 7.426889e+05 6.757536e+05 5.229156e+05 3.975440e+05 3.130578e+05 2.586599e+05 2.230040e+05 1.986869e+05
8.233074e+05 8.233074e+05 8.233074e+05 8.233076e+05 8.233080e+05 8.233208e+05 8.233551e+05 8.234645e+05 8.235293e+05 8.235937e+05 8.237016e+05 8.237516e+05 8.237110e+05 8.235496e+05 8.232446e+05 8.227904e+05 8.222075e+05 8.193907e+05 8.192316e+05 8.140407e+05 7.912738e+05 7.447128e+05 6.777443e+05 5.239534e+05 3.978156e+05 3.131398e+05 2.586753e+05 2.229860e+05 1.986479e+05
8.240315e+05 8.240315e+05 8.240315e+05 8.240316e+05 8.240321e+05 8.240464e+05 8.240843e+05 8.241989e+05 8.242640e+05 8.243286e+05 8.244421e+05 8.245131e+05 8.245156e+05 8.244235e+05 8.242138e+05 8.238743e+05 8.234114e+05 8.206988e+05 8.198100e+05 8.144797e+05 7.923905e+05 7.464774e+05 6.796391e+05 5.251022e+05 3.981515e+05 3.132309e+05 2.586883e+05 2.229629e+05 1.986037e+05
8.247975e+05 8.247975e+05 8.247975e+05 8.247976e+05 8.247978e+05 8.248059e+05 8.248275e+05 8.249017e+05 8.249503e+05 8.250026e+05 8.251066e+05 8.251895e+05 8.252271e+05 8.251949e+05 8.250696e+05 8.248345e+05 8.244863e+05 8.220033e+05 8.204965e+05 8.148544e+05 7.932503e+05 7.479864e+05 6.814024e+05 5.263214e+05 3.985834e+05 3.133374e+05 2.587007e+05 2.229355e+05 1.985543e+05
8.253125e+05 8.253125e+05 8.253126e+05 8.253127e+05 8.253132e+05 8.253270e+05 8.253615e+05 8.254564e+05 8.255117e+05 8.255706e+05 8.256922e+05 8.258045e+05 8.258867e+05 8.259165e+05 8.258717e+05 8.257341e+05 8.254945e+05 8.233217e+05 8.213162e+05 8.152441e+05 7.939272e+05 7.492592e+05 6.830121e+05 5.275766e+05 3.991303e+05 3.134667e+05 2.587149e+05 2.229045e+05 1.985002e+05
8.258220e+05 8.258220e+05 8.258220e+05 8.258221e+05 8.258225e+05 8.258325e+05 8.258610e+05 8.259615e+05 8.260284e+05 8.261028e+05 8.262627e+05 8.264207e+05 8.265566e+05 8.266504e+05 8.266821e+05 8.266340e+05 8.264940e+05 8.246711e+05 8.222805e+05 8.157069e+05 7.944911e+05 7.503267e+05 6.844583e+05 5.288385e+05 3.997599e+05 3.136280e+05 2.587338e+05 2.228709e+05 1.984416e+05
8.263794e+05 8.263794e+05 8.263794e+05 8.263796e+05 8.263800e+05 8.263938e+05 8.264321e+05 8.265609e+05 8.266444e+05 8.267362e+05 8.269342e+05 8.271342e+05 8.273176e+05 8.274665e+05 8.275632e+05 8.275913e+05 8.275374e+05 8.260676e+05 8.233914e+05 8.162824e+05 7.950033e+05 7.512260e+05 6.857413e+05 5.300818e+05 4.004487e+05 3.138339e+05 2.587606e+05 2.228360e+05 1.983790e+05
8.272337e+05 8.272337e+05 8.272337e+05 8.272339e+05 8.272343e+05 8.272477e+05 8.272854e+05 8.274159e+05 8.275017e+05 8.275971e+05 8.278067e+05 8.280252e+05 8.282353e+05 8.284204e+05 8.285639e+05 8.286502e+05 8.286653e+05 8.275245e+05 8.246449e+05 8.169945e+05 7.955150e+05 7.519969e+05 6.868701e+05 5.312856e+05 4.011778e+05 3.141035e+05 2.587993e+05 2.228011e+05 1.983129e+05
8.283907e+05 8.283907e+05 8.283907e+05 8.283909e+05 8.283913e+05 8.284024e+05 8.284335e+05 8.285433e+05 8.286185e+05 8.287046e+05 8.289013e+05 8.291163e+05 8.293332e+05 8.295357e+05 8.297082e+05 8.298351e+05 8.299020e+05 8.290508e+05 8.260328e+05 8.178551e+05 7.960660e+05 7.526780e+05 6.878595e+05 5.324332e+05 4.019308e+05 3.144330e+05 2.588546e+05 2.227681e+05 1.982442e+05
8.296933e+05 8.296933e+05 8.296933e+05 8.296935e+05 8.296938e+05 8.297046e+05 8.297344e+05 8.298380e+05 8.299082e+05 8.299886e+05 8.301741e+05 8.303818e+05 8.305978e+05 8.308080e+05 8.309975e+05 8.311518e+05 8.312563e+05 8.306512e+05 8.275441e+05 8.188665e+05 7.966857e+05 7.533053e+05 6.887285e+05 5.335122e+05 4.026930e+05 3.148056e+05 2.589325e+05 2.227388e+05 1.981736e+05
8.311252e+05 8.311252e+05 8.311252e+05 8.311253e+05 8.311257e+05 8.311351e+05 8.311626e+05 8.312615e+05 8.313293e+05 8.314073e+05 8.315878e+05 8.317918e+05 8.320073e+05 8.322217e+05 8.324221e+05 8.325951e+05 8.327268e+05 8.323259e+05 8.291660e+05 8.200241e+05 7.973939e+05 7.539096e+05 6.894980e+05 5.345142e+05 4.034514e+05 3.152094e+05 2.590417e+05 2.227156e+05 1.981019e+05
8.326684e+05 8.326684e+05 8.326684e+05 8.326685e+05 8.326688e+05 8.326785e+05 8.327059e+05 8.328036e+05 8.328706e+05 8.329479e+05 8.331273e+05 8.333304e+05 8.335460e+05 8.337631e+05 8.339703e+05 8.341558e+05 8.343068e+05 8.340719e+05 8.308851e+05 8.213184e+05 7.982021e+05 7.545169e+05 6.901894e+05 5.354343e+05 4.041946e+05 3.156347e+05 2.591919e+05 2.227011e+05 1.980304e+05
8.343287e+05 8.343287e+05 8.343287e+05 8.343288e+05 8.343291e+05 8.343388e+05 8.343666e+05 8.344661e+05 8.345340e+05 8.346117e+05 8.347904e+05 8.349912e+05 8.352045e+05 8.354210e+05 8.356308e+05 8.358233e+05 8.359871e+05 8.358833e+05 8.326871e+05 8.227366e+05 7.991150e+05 7.551474e+05 6.908230e+05 5.362708e+05 4.049126e+05 3.160728e+05 2.593740e+05 2.226986e+05 1.979603e+05
8.361360e+05 8.361360e+05 8.361360e+05 8.361361e+05 8.361364e+05 8.361458e+05 8.361730e+05 8.362685e+05 8.363328e+05 8.364061e+05 8.365748e+05 8.367659e+05 8.369714e+05 8.371826e+05 8.373905e+05 8.375854e+05 8.377562e+05 8.377528e+05 8.345581e+05 8.242640e+05 8.001317e+05 7.558158e+05 6.914172e+05 5.370250e+05 4.055973e+05 3.165158e+05 2.595793e+05 2.227125e+05 1.978930e+05
8.380782e+05 8.380782e+05 8.380782e+05 8.380783e+05 8.380785e+05 8.380862e+05 8.381082e+05 8.381859e+05 8.382397e+05 8.383028e+05 8.384535e+05 8.386307e+05 8.388259e+05 8.390299e+05 8.392336e+05 8.394275e+05 8.396014e+05 8.396717e+05 8.364843e+05 8.258845e+05 8.012473e+05 7.565323e+05 6.919883e+05 5.376998e+05 4.062417e+05 3.169567e+05 2.598015e+05 2.227494e+05 1.978303e+05
8.400377e+05 8.400377e+05 8.400377e+05 8.400378e+05 8.400380e+05 8.400436e+05 8.400601e+05 8.401267e+05 8.401767e+05 8.402367e+05 8.403829e+05 8.405558e+05 8.407461e+05 8.409450e+05 8.411443e+05 8.413354e+05 8.415092e+05 8.416303e+05 8.384523e+05 8.275821e+05 8.024537e+05 7.573022e+05 6.925496e+05 5.383003e+05 4.068409e+05 3.173889e+05 2.600350e+05 2.228114e+05 1.977740e+05
8.419428e+05 8.419428e+05 8.419428e+05 8.419429e+05 8.419432e+05 8.419524e+05 8.419789e+05 8.420713e+05 8.421328e+05 8.422022e+05 8.423598e+05 8.425359e+05 8.427238e+05 8.429174e+05 8.431105e+05 8.432964e+05 8.434670e+05 8.436187e+05 8.404496e+05 8.293407e+05 8.037407e+05 7.581276e+05 6.931117e+05 5.388322e+05 4.073908e+05 3.178066e+05 2.602747e+05 2.228913e+05 1.977267e+05
8.440223e+05 8.440223e+05 8.440223e+05 8.440224e+05 8.440227e+05 8.440316e+05 8.440574e+05 8.441464e+05 8.442049e+05 8.442704e+05 8.444180e+05 8.445821e+05 8.447572e+05 8.449383e+05 8.451203e+05 8.452971e+05 8.454612e+05 8.456268e+05 8.424642e+05 8.311446e+05 8.050966e+05 7.590072e+05 6.936824e+05 5.393021e+05 4.078893e+05 3.182047e+05 2.605161e+05 2.229844e+05 1.976917e+05
8.462606e+05 8.462606e+05 8.462606e+05 8.462606e+05 8.462608e+05 8.462653e+05 8.462785e+05 8.463316e+05 8.463711e+05 8.464184e+05 8.465335e+05 8.466707e+05 8.468239e+05 8.469873e+05 8.471551e+05 8.473207e+05 8.474766e+05 8.476444e+05 8.444850e+05 8.329790e+05 8.065089e+05 7.599375e+05 6.942670e+05 5.397166e+05 4.083349e+05 3.185788e+05 2.607549e+05 2.230867e+05 1.976740e+05
8.483908e+05 8.483908e+05 8.483908e+05 8.483909e+05 8.483910e+05 8.483958e+05 8.484089e+05 8.484556e+05 8.484887e+05 8.485283e+05 8.486264e+05 8.487469e+05 8.488851e+05 8.490356e+05 8.491924e+05 8.493490e+05 8.494979e+05 8.496621e+05 8.465017e+05 8.348300e+05 8.079646e+05 7.609129e+05 6.948685e+05 5.400826e+05 4.087275e+05 3.189252e+05 2.609873e+05 2.231948e+05 1.976712e+05
8.504008e+05 8.504008e+05 8.504009e+05 8.504009e+05 8.504011e+05 8.504068e+05 8.504226e+05 8.504774e+05 8.505149e+05 8.505581e+05 8.506607e+05 8.507820e+05 8.509183e+05 8.510652e+05 8.512175e+05 8.513695e+05 8.515140e+05 8.516717e+05 8.485044e+05 8.366842e+05 8.094508e+05 7.619265e+05 6.954879e+05 5.404062e+05 4.090678e+05 3.192409e+05 2.612097e+05 2.233056e+05 1.976791e+05
8.523788e+05 8.523788e+05 8.523788e+05 8.523789e+05 8.523791e+05 8.523848e+05 8.524013e+05 8.524612e+05 8.525025e+05 8.525500e+05 8.526608e+05 8.527886e+05 8.529287e+05 8.530770e+05 8.532287e+05 8.533786e+05 8.535201e+05 8.536658e+05 8.504841e+05 8.385293e+05 8.109546e+05 7.629705e+05 6.961246e+05 5.406933e+05 4.093572e+05 3.195235e+05 2.614189e+05 2.234163e+05 1.976946e+05
8.543751e+05 8.543751e+05 8.543751e+05 8.543752e+05 8.543754e+05 8.543810e+05 8.543974e+05 8.544577e+05 8.544996e+05 8.545481e+05 8.546614e+05 8.547914e+05 8.549328e+05 8.550809e+05 8.552308e+05 8.553775e+05 8.555147e+05 8.556374e+05 8.524321e+05 8.403536e+05 8.124637e+05 7.640363e+05 6.967765e+05 5.409490e+05 4.095976e+05 3.197712e+05 2.616122e+05 2.235241e+05 1.977152e+05
8.564031e+05 8.564031e+05 8.564031e+05 8.564032e+05 8.564034e+05 8.564089e+05 8.564249e+05 8.564829e+05 8.565230e+05 8.565694e+05 8.566783e+05 8.568038e+05 8.569404e+05 8.570831e+05 8.572268e+05 8.573664e+05 8.574957e+05 8.575793e+05 8.543396e+05 8.421463e+05 8.139662e+05 7.651149e+05 6.974404e+05 5.411777e+05 4.097915e+05 3.199829e+05 2.617871e+05 2.236268e+05 1.977387e+05
8.584586e+05 8.584586e+05 8.584586e+05 8.584586e+05 8.584588e+05 8.584636e+05 8.584776e+05 8.585290e+05 8.585649e+05 8.586068e+05 8.587062e+05 8.588219e+05 8.589484e+05 8.590803e+05 8.592126e+05 8.593402e+05 8.594572e+05 8.594828e+05 8.561978e+05 8.438971e+05 8.154509e+05 7.661976e+05 6.981124e+05 5.413831e+05 4.099413e+05 3.201580e+05 2.619413e+05 2.237219e+05 1.977631e+05
8.605046e+05 8.605046e+05 8.605046e+05 8.605047e+05 8.605048e+05 8.605090e+05 8.605212e+05 8.605665e+05 8.605987e+05 8.606365e+05 8.607264e+05 8.608305e+05 8.609435e+05 8.610603e+05 8.611766e+05 8.612876e+05 8.613878e+05 8.613379e+05 8.579976e+05 8.455962e+05 8.169072e+05 7.672753e+05 6.987880e+05 5.415682e+05 4.100500e+05 3.202962e+05 2.620731e+05 2.238074e+05 1.977865e+05
8.625087e+05 8.625087e+05 8.625087e+05 8.625087e+05 8.625088e+05 8.625130e+05 8.625254e+05 8.625714e+05 8.626030e+05 8.626389e+05 8.627206e+05 8.628112e+05 8.629072e+05 8.630051e+05 8.631013e+05 8.631919e+05 8.632719e+05 8.631326e+05 8.597299e+05 8.472346e+05 8.183255e+05 7.683398e+05 6.994621e+05 5.417353e+05 4.101202e+05 3.203978e+05 2.621811e+05 2.238816e+05 1.978072e+05
8.644941e+05 8.644941e+05 8.644941e+05 8.644941e+05 8.644943e+05 8.644990e+05 8.645124e+05 8.645549e+05 8.645811e+05 8.646096e+05 8.646727e+05 8.647421e+05 8.648156e+05 8.648907e+05 8.649642e+05 8.650323e+05 8.650903e+05 8.648544e+05 8.613856e+05 8.488041e+05 8.196970e+05 7.693828e+05 7.001296e+05 5.418859e+05 4.101549e+05 3.204634e+05 2.622642e+05 2.239426e+05 1.978235e+05
8.664635e+05 8.664635e+05 8.664635e+05 8.664635e+05 8.664636e+05 8.664644e+05 8.664668e+05 8.664785e+05 8.664890e+05 8.665027e+05 8.665387e+05 8.665837e+05 8.666346e+05 8.666878e+05 8.667397e+05 8.667862e+05 8.668226e+05 8.664905e+05 8.629562e+05 8.502973e+05 8.210137e+05 7.703968e+05 7.007854e+05 5.420213e+05 4.101567e+05 3.204939e+05 2.623215e+05 2.239891e+05 1.978339e+05
8.681854e+05 8.681854e+05 8.681854e+05 8.681854e+05 8.681855e+05 8.681877e+05 8.681928e+05 8.682079e+05 8.682177e+05 8.682294e+05 8.682582e+05 8.682932e+05 8.683317e+05 8.683701e+05 8.684052e+05 8.684336e+05 8.684510e+05 8.680293e+05 8.644340e+05 8.517078e+05 8.222687e+05 7.713751e+05 7.014245e+05 5.421419e+05 4.101281e+05 3.204905e+05 2.623524e+05 2.240197e+05 1.978371e+05
8.697255e+05 8.697255e+05 8.697255e+05 8.697255e+05 8.697256e+05 8.697278e+05 8.697342e+05 8.697571e+05 8.697721e+05 8.697887e+05 8.698248e+05 8.698617e+05 8.698963e+05 8.699258e+05 8.699483e+05 8.699614e+05 8.699622e+05 8.694605e+05 8.658126e+05 8.530305e+05 8.234563e+05 7.723114e+05 7.020418e+05 5.422478e+05 4.100714e+05 3.204543e+05 2.623569e+05 2.240334e+05 1.978318e+05
8.711574e+05 8.711574e+05 8.711574e+05 8.711574e+05 8.711575e+05 8.711603e+05 8.711681e+05 8.711954e+05 8.712133e+05 8.712327e+05 8.712724e+05 8.713080e+05 8.713360e+05 8.713547e+05 8.713635e+05 8.713615e+05 8.713466e+05 8.707763e+05 8.670873e+05 8.542615e+05 8.245716e+05 7.732002e+05 7.026329e+05 5.423389e+05 4.099889e+05 3.203868e+05 2.623347e+05 2.240293e+05 1.978168e+05
8.725248e+05 8.725248e+05 8.725248e+05 8.725249e+05 8.725250e+05 8.725278e+05 8.725358e+05 8.725628e+05 8.725791e+05 8.725952e+05 8.726233e+05 8.726426e+05 8.726521e+05 8.726522e+05 8.726432e+05 8.726247e+05 8.725949e+05 8.719712e+05 8.682553e+05 8.553981e+05 8.256109e+05 7.740370e+05 7.031933e+05 5.424147e+05 4.098823e+05 3.202895e+05 2.622861e+05 2.240067e+05 1.977911e+05
8.738433e+05 8.738433e+05 8.738433e+05 8.738433e+05 8.738434e+05 8.738461e+05 8.738521e+05 8.738614e+05 8.738626e+05 8.738613e+05 8.738529e+05 8.738387e+05 8.738201e+05 8.737976e+05 8.737708e+05 8.737382e+05 8.736971e+05 8.730428e+05 8.693158e+05 8.564393e+05 8.265715e+05 7.748176e+05 7.037193e+05 5.424742e+05 4.097534e+05 3.201639e+05 2.622115e+05 2.239650e+05 1.977539e+05
8.750146e+05 8.750146e+05 8.750146e+05 8.750146e+05 8.750145e+05 8.750106e+05 8.749985e+05 8.749583e+05 8.749354e+05 8.749126e+05 8.748696e+05 8.748307e+05 8.747952e+05 8.747614e+05 8.747274e+05 8.746904e+05 8.746469e+05 8.739928e+05 8.702704e+05 8.573849e+05 8.274514e+05 7.755388e+05 7.042071e+05 5.425167e+05 4.096035e+05 3.200117e+05 2.621114e+05 2.239038e+05 1.977042e+05
8.756529e+05 8.756529e+05 8.756529e+05 8.756530e+05 8.756530e+05 8.756529e+05 8.756510e+05 8.756402e+05 8.756316e+05 8.756217e+05 8.756002e+05 8.755782e+05 8.755567e+05 8.755349e+05 8.755114e+05 8.754841e+05 8.754493e+05 8.748272e+05 8.711224e+05 8.582362e+05 8.282497e+05 7.761978e+05 7.046537e+05 5.425410e+05 4.094341e+05 3.198343e+05 2.619865e+05 2.238230e+05 1.976414e+05
8.760371e+05 8.760371e+05 8.760371e+05 8.760371e+05 8.760372e+05 8.760398e+05 8.760473e+05 8.760717e+05 8.760852e+05 8.760980e+05 8.761198e+05 8.761357e+05 8.761462e+05 8.761514e+05 8.761506e+05 8.761426e+05 8.761244e+05 8.755561e+05 8.718768e+05 8.589949e+05 8.289657e+05 7.767924e+05 7.050560e+05 5.425460e+05 4.092460e+05 3.196333e+05 2.618376e+05 2.237226e+05 1.975651e+05
8.764444e+05 8.764444e+05 8.764444e+05 8.764445e+05 8.764445e+05 8.764471e+05 8.764546e+05 8.764814e+05 8.764995e+05 8.765195e+05 8.765619e+05 8.766028e+05 8.766391e+05 8.766688e+05 8.766906e+05 8.767026e+05 8.767021e+05 8.761922e+05 8.725392e+05 8.596633e+05 8.295995e+05 7.773207e+05 7.054116e+05 5.425304e+05 4.090401e+05 3.194100e+05 2.616654e+05 2.236025e+05 1.974746e+05
8.768750e+05 8.768750e+05 8.768750e+05 8.768750e+05 8.768751e+05 8.768776e+05 8.768847e+05 8.769105e+05 8.769283e+05 8.769488e+05 8.769954e+05 8.770450e+05 8.770934e+05 8.771370e+05 8.771732e+05 8.771994e+05 8.772120e+05 8.767481e+05 8.731154e+05 8.602438e+05 8.301511e+05 7.777813e+05 7.057183e+05 5.424930e+05 4.088172e+05 3.191659e+05 2.614710e+05 2.234630e+05 1.973697e+05
8.773239e+05 8.773239e+05 8.773239e+05 8.773239e+05 8.773240e+05 8.773263e+05 8.773330e+05 8.773571e+05 8.773737e+05 8.773928e+05 8.774368e+05 8.774857e+05 8.775356e+05 8.775829e+05 8.776243e+05 8.776564e+05 8.776751e+05 8.772342e+05 8.736100e+05 8.607381e+05 8.306208e+05 7.781731e+05 7.059739e+05 5.424325e+05 4.085777e+05 3.189022e+05 2.612553e+05 2.233043e+05 1.972502e+05
8.777845e+05 8.777845e+05 8.777845e+05 8.777845e+05 8.777846e+05 8.777866e+05 8.777924e+05 8.778129e+05 8.778270e+05 8.778434e+05 8.778816e+05 8.779249e+05 8.779703e+05 8.780142e+05 8.780534e+05 8.780841e+05 8.781019e+05 8.776569e+05 8.740260e+05 8.611477e+05 8.310085e+05 7.784950e+05 7.061769e+05 5.423479e+05 4.083220e+05 3.186201e+05 2.610194e+05 2.231268e+05 1.971158e+05
8.782351e+05 8.782351e+05 8.782351e+05 8.782351e+05 8.782352e+05 8.782368e+05 8.782415e+05 8.782584e+05 8.782701e+05 8.782838e+05 8.783160e+05 8.783525e+05 8.783905e+05 8.784270e+05 8.784589e+05 8.784826e+05 8.784937e+05 8.780183e+05 8.743646e+05 8.614731e+05 8.313144e+05 7.787461e+05 7.063258e+05 5.422378e+05 4.080504e+05 3.183207e+05 2.607641e+05 2.229311e+05 1.969666e+05
8.786531e+05 8.786531e+05 8.786531e+05 8.786532e+05 8.786532e+05 8.786549e+05 8.786596e+05 8.786760e+05 8.786869e+05 8.786992e+05 8.787266e+05 8.787559e+05 8.787851e+05 8.788116e+05 8.788327e+05 8.788451e+05 8.788449e+05 8.783160e+05 8.746247e+05 8.617140e+05 8.315382e+05 7.789257e+05 7.064192e+05 5.421012e+05 4.077631e+05 3.180051e+05 2.604905e+05 2.227176e+05 1.968026e+05
8.790441e+05 8.790441e+05 8.790441e+05 8.790441e+05 8.790441e+05 8.790457e+05 8.790502e+05 8.790647e+05 8.790735e+05 8.790830e+05 8.791029e+05 8.791229e+05 8.791410e+05 8.791551e+05 8.791624e+05 8.791603e+05 8.791449e+05 8.785442e+05 8.748037e+05 8.618696e+05 8.316796e+05 7.790333e+05 7.064561e+05 5.419371e+05 4.074602e+05 3.176742e+05 2.601997e+05 2.224869e+05 1.966238e+05
8.794051e+05 8.794051e+05 8.794051e+05 8.794051e+05 8.794051e+05 8.794055e+05 8.794065e+05 8.794109e+05 8.794142e+05 8.794181e+05 8.794273e+05 8.794362e+05 8.794419e+05 8.794416e+05 8.794328e+05 8.794133e+05 8.793798e+05 8.786941e+05 8.748975e+05 8.619383e+05 8.317381e+05 7.790685e+05 7.064357e+05 5.417446e+05 4.071417e+05 3.173287e+05 2.598925e+05 2.222397e+05 1.964306e+05
8.796643e+05 8.796643e+05 8.796643e+05 8.796643e+05 8.796643e+05 8.796646e+05 8.796650e+05 8.796669e+05 8.796689e+05 8.796713e+05 8.796758e+05 8.796763e+05 8.796696e+05 8.796533e+05 8.796262e+05 8.795868e+05 8.795330e+05 8.787555e+05 8.749011e+05 8.619185e+05 8.317134e+05 7.790311e+05 7.063575e+05 5.415228e+05 4.068077e+05 3.169695e+05 2.595699e+05 2.219765e+05 1.962230e+05
8.798090e+05 8.798090e+05 8.798090e+05 8.798090e+05 8.798091e+05 8.798107e+05 8.798152e+05 8.798280e+05 8.798343e+05 8.798391e+05 8.798412e+05 8.798310e+05 8.798075e+05 8.797711e+05 8.797223e+05 8.796608e+05 8.795853e+05 8.787172e+05 8.748099e+05 8.618088e+05 8.316055e+05 7.789210e+05 7.062210e+05 5.412712e+05 4.064581e+05 3.165973e+05 2.592329e+05 2.216982e+05 1.960015e+05
8.799367e+05 8.799367e+05 8.799367e+05 8.799367e+05 8.799368e+05 8.799384e+05 8.799424e+05 8.799484e+05 8.799471e+05 8.799418e+05 8.799193e+05 8.798816e+05 8.798308e+05 8.797685e+05 8.796955e+05 8.796118e+05 8.795157e+05 8.785693e+05 8.746198e+05 8.616082e+05 8.314146e+05 7.787386e+05 7.060263e+05 5.409890e+05 4.060928e+05 3.162126e+05 2.588823e+05 2.214054e+05 1.957663e+05
8.800216e+05 8.800216e+05 8.800216e+05 8.800216e+05 8.800214e+05 8.800173e+05 8.800051e+05 8.799643e+05 8.799380e+05 8.799088e+05 8.798437e+05 8.797715e+05 8.796928e+05 8.796076e+05 8.795154e+05 8.794151e+05 8.793043e+05 8.783041e+05 8.743283e+05 8.613164e+05 8.311413e+05 7.784846e+05 7.057734e+05 5.406759e+05 4.057118e+05 3.158160e+05 2.585188e+05 2.210988e+05 1.955178e+05
8.797093e+05 8.797093e+05 8.797093e+05 8.797093e+05 8.797091e+05 8.797049e+05 8.796917e+05 8.796451e+05 8.796149e+05 8.795817e+05 8.795091e+05 8.794304e+05 8.793462e+05 8.792561e+05 8.791592e+05 8.790543e+05 8.789389e+05 8.779181e+05 8.739348e+05 8.609344e+05 8.307870e+05 7.781599e+05 7.054628e+05 5.403315e+05 4.053149e+05 3.154080e+05 2.581434e+05 2.207791e+05 1.952566e+05
8.789755e+05 8.789755e+05 8.789755e+05 8.789755e+05 8.789755e+05 8.789762e+05 8.789769e+05 8.789698e+05 8.789602e+05 8.789465e+05 8.789076e+05 8.788552e+05 8.787908e+05 8.787152e+05 8.786287e+05 8.785312e+05 8.784211e+05 8.774127e+05 8.734411e+05 8.604641e+05 8.303534e+05 7.777659e+05 7.050952e+05 5.399556e+05 4.049022e+05 3.149890e+05 2.577567e+05 2.204470e+05 1.949829e+05
8.781462e+05 8.781462e+05 8.781462e+05 8.781462e+05 8.781462e+05 8.781468e+05 8.781484e+05 8.781526e+05 8.781537e+05 8.781528e+05 8.781423e+05 8.781173e+05 8.780767e+05 8.780207e+05 8.779502e+05 8.778657e+05 8.777663e+05 8.767941e+05 8.728511e+05 8.599086e+05 8.298430e+05 7.773042e+05 7.046713e+05 5.395480e+05 4.044735e+05 3.145594e+05 2.573594e+05 2.201032e+05 1.946974e+05
8.772927e+05 8.772927e+05 8.772927e+05 8.772928e+05 8.772928e+05 8.772935e+05 8.772954e+05 8.773009e+05 8.773037e+05 8.773055e+05 8.773031e+05 8.772888e+05 8.772599e+05 8.772158e+05 8.771570e+05 8.770837e+05 8.769952e+05 8.760716e+05 8.721708e+05 8.592720e+05 8.292586e+05 7.767768e+05 7.041922e+05 5.391088e+05 4.040288e+05 3.141195e+05 2.569521e+05 2.197484e+05 1.944005e+05
8.764241e+05 8.764241e+05 8.764241e+05 8.764241e+05 8.764242e+05 8.764248e+05 8.764265e+05 8.764300e+05 8.764302e+05 8.764286e+05 8.764189e+05 8.763991e+05 8.763682e+05 8.763258e+05 8.762718e+05 8.762058e+05 8.761262e+05 8.752566e+05 8.714074e+05 8.585591e+05 8.286034e+05 7.761857e+05 7.036592e+05 5.386380e+05 4.035680e+05 3.136697e+05 2.565355e+05 2.193832e+05 1.940927e+05
8.755384e+05 8.755384e+05 8.755384e+05 8.755384e+05 8.755383e+05 8.755368e+05 8.755329e+05 8.755194e+05 8.755098e+05 8.754984e+05 8.754709e+05 8.754380e+05 8.753995e+05 8.753550e+05 8.753033e+05 8.752433e+05 8.751723e+05 8.743612e+05 8.705691e+05 8.577751e+05 8.278811e+05 7.755331e+05 7.030736e+05 5.381358e+05 4.030912e+05 3.132101e+05 2.561102e+05 2.190083e+05 1.937745e+05
8.745089e+05 8.745089e+05 8.745089e+05 8.745089e+05 8.745088e+05 8.745071e+05 8.745013e+05 8.744791e+05 8.744644e+05 8.744483e+05 8.744140e+05 8.743779e+05 8.743401e+05 8.742997e+05 8.742551e+05 8.742045e+05 8.741447e+05 8.733978e+05 8.696646e+05 8.569257e+05 8.270951e+05 7.748215e+05 7.024368e+05 5.376024e+05 4.025983e+05 3.127412e+05 2.556765e+05 2.186242e+05 1.934464e+05
8.732739e+05 8.732739e+05 8.732739e+05 8.732739e+05 8.732738e+05 8.732730e+05 8.732712e+05 8.732641e+05 8.732587e+05 8.732520e+05 8.732357e+05 8.732162e+05 8.731939e+05 8.731684e+05 8.731386e+05 8.731027e+05 8.730575e+05 8.723793e+05 8.687021e+05 8.560160e+05 8.262488e+05 7.740531e+05 7.017500e+05 5.370383e+05 4.020894e+05 3.122630e+05 2.552350e+05 2.182316e+05 1.931090e+05
8.719569e+05 8.719569e+05 8.719569e+05 8.719569e+05 8.719569e+05 8.719581e+05 8.719615e+05 8.719723e+05 8.719780e+05 8.719833e+05 8.719912e+05 8.719951e+05 8.719946e+05 8.719893e+05 8.719782e+05 8.719596e+05 8.719306e+05 8.713180e+05 8.676895e+05 8.550509e+05 8.253455e+05 7.732299e+05 7.010149e+05 5.364436e+05 4.015646e+05 3.117758e+05 2.547862e+05 2.178310e+05 1.927627e+05
8.706960e+05 8.706960e+05 8.706960e+05 8.706960e+05 8.706960e+05 8.706972e+05 8.707005e+05 8.707131e+05 8.707217e+05 8.707313e+05 8.707517e+05 8.707713e+05 8.707879e+05 8.707996e+05 8.708046e+05 8.708010e+05 8.707858e+05 8.702252e+05 8.666332e+05 8.540344e+05 8.243878e+05 7.723540e+05 7.002326e+05 5.358189e+05 4.010238e+05 3.112798e+05 2.543304e+05 2.174230e+05 1.924081e+05
8.694909e+05 8.694909e+05 8.694909e+05 8.694909e+05 8.694909e+05 8.694922e+05 8.694960e+05 8.695097e+05 8.695192e+05 8.695301e+05 8.695552e+05 8.695820e+05 8.696075e+05 8.696288e+05 8.696433e+05 8.696487e+05 8.696415e+05 8.691096e+05 8.655379e+05 8.529694e+05 8.233780e+05 7.714272e+05 6.994045e+05 5.351646e+05 4.004673e+05 3.107752e+05 2.538681e+05 2.170080e+05 1.920456e+05
8.683492e+05 8.683492e+05 8.683492e+05 8.683492e+05 8.683492e+05 8.683505e+05 8.683541e+05 8.683677e+05 8.683773e+05 8.683885e+05 8.684146e+05 8.684428e+05 8.684698e+05 8.684926e+05 8.685086e+05 8.685150e+05 8.685085e+05 8.679757e+05 8.644060e+05 8.518579e+05 8.223177e+05 7.704508e+05 6.985318e+05 5.344812e+05 3.998951e+05 3.102620e+05 2.533995e+05 2.165865e+05 1.916758e+05
8.672678e+05 8.672678e+05 8.672678e+05 8.672678e+05 8.672679e+05 8.672692e+05 8.672730e+05 8.672869e+05 8.672965e+05 8.673074e+05 8.673313e+05 8.673554e+05 8.673768e+05 8.673931e+05 8.674021e+05 8.674013e+05 8.673877e+05 8.668237e+05 8.632378e+05 8.507006e+05 8.212081e+05 7.694263e+05 6.976157e+05 5.337692e+05 3.993074e+05 3.097405e+05 2.529250e+05 2.161590e+05 1.912990e+05
