6.452225e+05 4.405085e+05 3.625650e+05 1.992093e+05 1.486668e+05 7.534299e+04 6.063893e+04 5.207226e+04 5.014536e+04 4.877929e+04 4.695396e+04 4.581973e+04 4.510632e+04 4.468044e+04 4.445916e+04 4.438313e+04 4.440594e+04 4.475311e+04 4.301255e+04 3.822206e+04 3.233460e+04 2.719576e+04 2.330431e+04 1.845350e+04 1.588469e+04 1.450762e+04 1.386359e+04 1.377239e+04 1.417544e+04
7.172145e+04 7.172168e+04 7.172176e+04 7.166082e+04 7.123893e+04 6.417224e+04 5.725908e+04 5.113648e+04 4.951993e+04 4.832576e+04 4.667848e+04 4.563469e+04 4.497684e+04 4.458911e+04 4.439564e+04 4.434048e+04 4.437906e+04 4.475858e+04 4.301093e+04 3.820512e+04 3.230878e+04 2.716813e+04 2.327852e+04 1.843399e+04 1.587073e+04 1.449797e+04 1.385747e+04 1.376943e+04 1.417554e+04
5.814993e+04 5.815005e+04 5.815035e+04 5.815188e+04 5.812728e+04 5.701493e+04 5.392115e+04 5.005533e+04 4.880101e+04 4.780881e+04 4.637005e+04 4.543094e+04 4.483638e+04 4.449134e+04 4.432847e+04 4.429591e+04 4.435135e+04 4.476437e+04 4.300896e+04 3.818741e+04 3.228216e+04 2.713984e+04 2.325224e+04 1.841422e+04 1.585664e+04 1.448825e+04 1.385132e+04 1.376646e+04 1.417567e+04
5.314681e+04 5.314688e+04 5.314709e+04 5.315063e+04 5.315245e+04 5.251938e+04 5.191823e+04 4.893682e+04 4.802045e+04 4.724003e+04 4.603105e+04 4.520930e+04 4.468536e+04 4.438742e+04 4.425788e+04 4.424962e+04 4.432294e+04 4.477048e+04 4.300661e+04 3.816890e+04 3.225472e+04 2.711089e+04 2.322546e+04 1.839418e+04 1.584240e+04 1.447846e+04 1.384514e+04 1.376350e+04 1.417583e+04
5.057315e+04 5.057319e+04 5.057332e+04 5.057589e+04 5.057982e+04 5.023407e+04 5.001511e+04 4.805984e+04 4.725493e+04 4.664585e+04 4.566632e+04 4.497117e+04 4.452441e+04 4.427774e+04 4.418413e+04 4.420178e+04 4.429396e+04 4.477691e+04 4.300385e+04 3.814956e+04 3.222646e+04 2.708128e+04 2.319819e+04 1.837389e+04 1.582802e+04 1.446860e+04 1.383894e+04 1.376054e+04 1.417600e+04
4.898693e+04 4.898696e+04 4.898704e+04 4.898878e+04 4.899191e+04 4.881621e+04 4.844570e+04 4.751946e+04 4.667744e+04 4.608527e+04 4.528665e+04 4.471949e+04 4.435465e+04 4.416285e+04 4.410755e+04 4.415261e+04 4.426457e+04 4.478364e+04 4.300064e+04 3.812936e+04 3.219735e+04 2.705099e+04 2.317042e+04 1.835333e+04 1.581350e+04 1.445867e+04 1.383270e+04 1.375758e+04 1.417621e+04
4.786060e+04 4.786061e+04 4.786066e+04 4.786184e+04 4.786415e+04 4.777179e+04 4.733806e+04 4.699636e+04 4.630868e+04 4.567385e+04 4.491322e+04 4.446000e+04 4.417808e+04 4.404361e+04 4.402858e+04 4.410237e+04 4.423491e+04 4.479066e+04 4.299694e+04 3.810828e+04 3.216738e+04 2.702001e+04 2.314214e+04 1.833251e+04 1.579885e+04 1.444867e+04 1.382644e+04 1.375462e+04 1.417643e+04
4.697771e+04 4.697772e+04 4.697775e+04 4.697860e+04 4.698038e+04 4.692987e+04 4.653977e+04 4.638622e+04 4.596554e+04 4.540411e+04 4.458300e+04 4.420273e+04 4.399822e+04 4.392151e+04 4.394794e+04 4.405142e+04 4.420518e+04 4.479793e+04 4.299269e+04 3.808626e+04 3.213652e+04 2.698834e+04 2.311335e+04 1.831142e+04 1.578406e+04 1.443859e+04 1.382014e+04 1.375166e+04 1.417669e+04
4.624356e+04 4.624357e+04 4.624360e+04 4.624428e+04 4.624572e+04 4.621784e+04 4.590937e+04 4.573492e+04 4.556646e+04 4.516334e+04 4.435441e+04 4.396351e+04 4.382061e+04 4.379882e+04 4.386668e+04 4.400031e+04 4.417567e+04 4.480544e+04 4.298785e+04 3.806329e+04 3.210477e+04 2.695597e+04 2.308405e+04 1.829007e+04 1.576913e+04 1.442845e+04 1.381382e+04 1.374871e+04 1.417696e+04
4.561194e+04 4.561195e+04 4.561197e+04 4.561252e+04 4.561373e+04 4.559952e+04 4.537157e+04 4.511611e+04 4.511131e+04 4.489305e+04 4.420498e+04 4.376710e+04 4.365348e+04 4.367893e+04 4.378634e+04 4.394978e+04 4.414676e+04 4.481314e+04 4.298236e+04 3.803933e+04 3.207209e+04 2.692289e+04 2.305423e+04 1.826846e+04 1.575406e+04 1.441824e+04 1.380748e+04 1.374575e+04 1.417727e+04
4.505845e+04 4.505846e+04 4.505848e+04 4.505897e+04 4.506012e+04 4.505604e+04 4.489410e+04 4.457271e+04 4.463844e+04 4.457891e+04 4.408498e+04 4.364506e+04 4.350847e+04 4.356661e+04 4.370914e+04 4.390093e+04 4.411900e+04 4.482100e+04 4.297617e+04 3.801434e+04 3.203848e+04 2.688909e+04 2.302390e+04 1.824659e+04 1.573886e+04 1.440797e+04 1.380110e+04 1.374281e+04 1.417760e+04
4.314912e+04 4.314912e+04 4.314913e+04 4.314943e+04 4.315027e+04 4.316710e+04 4.316621e+04 4.296770e+04 4.293138e+04 4.302414e+04 4.332406e+04 4.342304e+04 4.338480e+04 4.339166e+04 4.351464e+04 4.375137e+04 4.403344e+04 4.486262e+04 4.293270e+04 3.787269e+04 3.185577e+04 2.670905e+04 2.286435e+04 1.813327e+04 1.566083e+04 1.435558e+04 1.376886e+04 1.372813e+04 1.417969e+04
4.241443e+04 4.241444e+04 4.241444e+04 4.241469e+04 4.241544e+04 4.243311e+04 4.246484e+04 4.246388e+04 4.243402e+04 4.244740e+04 4.271732e+04 4.316036e+04 4.352293e+04 4.374780e+04 4.390366e+04 4.405760e+04 4.423743e+04 4.491497e+04 4.286389e+04 3.770002e+04 3.164709e+04 2.651000e+04 2.269147e+04 1.801340e+04 1.557949e+04 1.430158e+04 1.373605e+04 1.371362e+04 1.418255e+04
4.246185e+04 4.246185e+04 4.246186e+04 4.246206e+04 4.246267e+04 4.247868e+04 4.251711e+04 4.260195e+04 4.262874e+04 4.265575e+04 4.281756e+04 4.319680e+04 4.368328e+04 4.412015e+04 4.443990e+04 4.465671e+04 4.480985e+04 4.501292e+04 4.276741e+04 3.749287e+04 3.141072e+04 2.629129e+04 2.250509e+04 1.788709e+04 1.549494e+04 1.424605e+04 1.370273e+04 1.369934e+04 1.418623e+04
4.304759e+04 4.304759e+04 4.304760e+04 4.304778e+04 4.304833e+04 4.306405e+04 4.310583e+04 4.322996e+04 4.329519e+04 4.335536e+04 4.349106e+04 4.373381e+04 4.410928e+04 4.454101e+04 4.493371e+04 4.523288e+04 4.542947e+04 4.524715e+04 4.265005e+04 3.725007e+04 3.114573e+04 2.605265e+04 2.230526e+04 1.775449e+04 1.540732e+04 1.418911e+04 1.366901e+04 1.368537e+04 1.419081e+04
4.408354e+04 4.408355e+04 4.408355e+04 4.408372e+04 4.408422e+04 4.409909e+04 4.414133e+04 4.427821e+04 4.435376e+04 4.442113e+04 4.452365e+04 4.463423e+04 4.482522e+04 4.510580e+04 4.542599e+04 4.572115e+04 4.594394e+04 4.558948e+04 4.253388e+04 3.697425e+04 3.085251e+04 2.579433e+04 2.209225e+04 1.761584e+04 1.531679e+04 1.413086e+04 1.363496e+04 1.367180e+04 1.419638e+04
4.550485e+04 4.550486e+04 4.550486e+04 4.550502e+04 4.550550e+04 4.551974e+04 4.555812e+04 4.564324e+04 4.567142e+04 4.568584e+04 4.567449e+04 4.564255e+04 4.565513e+04 4.575426e+04 4.593182e+04 4.614362e+04 4.633568e+04 4.590445e+04 4.246257e+04 3.667325e+04 3.053316e+04 2.551731e+04 2.186670e+04 1.747146e+04 1.522354e+04 1.407143e+04 1.360068e+04 1.365869e+04 1.420300e+04
4.700222e+04 4.700222e+04 4.700222e+04 4.700216e+04 4.700193e+04 4.698502e+04 4.693713e+04 4.682543e+04 4.676965e+04 4.671333e+04 4.659441e+04 4.647251e+04 4.637932e+04 4.635167e+04 4.640130e+04 4.650783e+04 4.663001e+04 4.610945e+04 4.240351e+04 3.636283e+04 3.019195e+04 2.522340e+04 2.162959e+04 1.732178e+04 1.512779e+04 1.401097e+04 1.356628e+04 1.364614e+04 1.421075e+04
4.721931e+04 4.721931e+04 4.721931e+04 4.721932e+04 4.721935e+04 4.722005e+04 4.722047e+04 4.720453e+04 4.718416e+04 4.715628e+04 4.708132e+04 4.698628e+04 4.688873e+04 4.681672e+04 4.679059e+04 4.680939e+04 4.685094e+04 4.616974e+04 4.229852e+04 3.606464e+04 2.983582e+04 2.491542e+04 2.138239e+04 1.716735e+04 1.502982e+04 1.394962e+04 1.353187e+04 1.363424e+04 1.421972e+04
4.724657e+04 4.724657e+04 4.724658e+04 4.724661e+04 4.724672e+04 4.724981e+04 4.725844e+04 4.728578e+04 4.729994e+04 4.731125e+04 4.731714e+04 4.729165e+04 4.723574e+04 4.716541e+04 4.710082e+04 4.705243e+04 4.701455e+04 4.608482e+04 4.210902e+04 3.575640e+04 2.947616e+04 2.459732e+04 2.112701e+04 1.700883e+04 1.492992e+04 1.388756e+04 1.349756e+04 1.362309e+04 1.423000e+04
4.736350e+04 4.736350e+04 4.736351e+04 4.736356e+04 4.736374e+04 4.736910e+04 4.738444e+04 4.743580e+04 4.746698e+04 4.749779e+04 4.754547e+04 4.755751e+04 4.752415e+04 4.745057e+04 4.735168e+04 4.724132e+04 4.712370e+04 4.586850e+04 4.181238e+04 3.541418e+04 2.912303e+04 2.427444e+04 2.086594e+04 1.684702e+04 1.482845e+04 1.382498e+04 1.346348e+04 1.361278e+04 1.424167e+04
4.770709e+04 4.770709e+04 4.770709e+04 4.770715e+04 4.770733e+04 4.771275e+04 4.772858e+04 4.777991e+04 4.780761e+04 4.783216e+04 4.786186e+04 4.785271e+04 4.779462e+04 4.768686e+04 4.753797e+04 4.735981e+04 4.716017e+04 4.553342e+04 4.140023e+04 3.502211e+04 2.876421e+04 2.395484e+04 2.060224e+04 1.668287e+04 1.472579e+04 1.376209e+04 1.342976e+04 1.360342e+04 1.425482e+04
4.827070e+04 4.827070e+04 4.827071e+04 4.827076e+04 4.827085e+04 4.827153e+04 4.827081e+04 4.826015e+04 4.824976e+04 4.823531e+04 4.818973e+04 4.811240e+04 4.799278e+04 4.782567e+04 4.761354e+04 4.736404e+04 4.708457e+04 4.508461e+04 4.087493e+04 3.457091e+04 2.839028e+04 2.364259e+04 2.033979e+04 1.651746e+04 1.462241e+04 1.369912e+04 1.339656e+04 1.359511e+04 1.426956e+04
4.859171e+04 4.859171e+04 4.859171e+04 4.859168e+04 4.859158e+04 4.858767e+04 4.857366e+04 4.852073e+04 4.848405e+04 4.844081e+04 4.833286e+04 4.819126e+04 4.800913e+04 4.778168e+04 4.750898e+04 4.719569e+04 4.684776e+04 4.452049e+04 4.024553e+04 3.405762e+04 2.799530e+04 2.333126e+04 2.008415e+04 1.635205e+04 1.451878e+04 1.363632e+04 1.336403e+04 1.358799e+04 1.428599e+04
4.843444e+04 4.843444e+04 4.843444e+04 4.843444e+04 4.843446e+04 4.843451e+04 4.842920e+04 4.838539e+04 4.834593e+04 4.829494e+04 4.815902e+04 4.797840e+04 4.775252e+04 4.748047e+04 4.716306e+04 4.680372e+04 4.640710e+04 4.383748e+04 3.952457e+04 3.348477e+04 2.757616e+04 2.301685e+04 1.983639e+04 1.618806e+04 1.441548e+04 1.357397e+04 1.333234e+04 1.358217e+04 1.430419e+04
4.798833e+04 4.798833e+04 4.798833e+04 4.798831e+04 4.798822e+04 4.798493e+04 4.797071e+04 4.790658e+04 4.785759e+04 4.779673e+04 4.763841e+04 4.743218e+04 4.717988e+04 4.688268e+04 4.654173e+04 4.615929e+04 4.573837e+04 4.303499e+04 3.872622e+04 3.285920e+04 2.713232e+04 2.269689e+04 1.959292e+04 1.602713e+04 1.431310e+04 1.351235e+04 1.330166e+04 1.357777e+04 1.432430e+04
4.714382e+04 4.714382e+04 4.714382e+04 4.714380e+04 4.714374e+04 4.714140e+04 4.712973e+04 4.706247e+04 4.700677e+04 4.693760e+04 4.676252e+04 4.654313e+04 4.628263e+04 4.598193e+04 4.564102e+04 4.526029e+04 4.484072e+04 4.211896e+04 3.786541e+04 3.219058e+04 2.666559e+04 2.237012e+04 1.935171e+04 1.587133e+04 1.421231e+04 1.345181e+04 1.327219e+04 1.357495e+04 1.434642e+04
4.596621e+04 4.596621e+04 4.596620e+04 4.596615e+04 4.596597e+04 4.595880e+04 4.593370e+04 4.584118e+04 4.577838e+04 4.570580e+04 4.553293e+04 4.532467e+04 4.508155e+04 4.480264e+04 4.448636e+04 4.413138e+04 4.373689e+04 4.110325e+04 3.695753e+04 3.149012e+04 2.617963e+04 2.203631e+04 1.911144e+04 1.572315e+04 1.411384e+04 1.339268e+04 1.324415e+04 1.357385e+04 1.437066e+04
4.429509e+04 4.429509e+04 4.429509e+04 4.429505e+04 4.429494e+04 4.429131e+04 4.427950e+04 4.422755e+04 4.418625e+04 4.413493e+04 4.400413e+04 4.383823e+04 4.363832e+04 4.340351e+04 4.313190e+04 4.282140e+04 4.247010e+04 4.000892e+04 3.601818e+04 3.076942e+04 2.567939e+04 2.169621e+04 1.887133e+04 1.558164e+04 1.401853e+04 1.333535e+04 1.321774e+04 1.357461e+04 1.439717e+04
4.250168e+04 4.250168e+04 4.250168e+04 4.250166e+04 4.250159e+04 4.249926e+04 4.249164e+04 4.245964e+04 4.243446e+04 4.240246e+04 4.231655e+04 4.220010e+04 4.205189e+04 4.187004e+04 4.165204e+04 4.139516e+04 4.109663e+04 3.886201e+04 3.506279e+04 3.003969e+04 2.517057e+04 2.135133e+04 1.863107e+04 1.544545e+04 1.392733e+04 1.328022e+04 1.319320e+04 1.357741e+04 1.442606e+04
4.071077e+04 4.071077e+04 4.071077e+04 4.071077e+04 4.071075e+04 4.070983e+04 4.070654e+04 4.069036e+04 4.067620e+04 4.065732e+04 4.060370e+04 4.052658e+04 4.042310e+04 4.028994e+04 4.012342e+04 3.991976e+04 3.967515e+04 3.769036e+04 3.410615e+04 2.931120e+04 2.465903e+04 2.100372e+04 1.839075e+04 1.531371e+04 1.384156e+04 1.322774e+04 1.317080e+04 1.358243e+04 1.445747e+04
3.902260e+04 3.902260e+04 3.902260e+04 3.902260e+04 3.902257e+04 3.902154e+04 3.901835e+04 3.900564e+04 3.899566e+04 3.898285e+04 3.894747e+04 3.889652e+04 3.882624e+04 3.873209e+04 3.860917e+04 3.845255e+04 3.825728e+04 3.652065e+04 3.316177e+04 2.859296e+04 2.415039e+04 2.065581e+04 1.815082e+04 1.518580e+04 1.376205e+04 1.317840e+04 1.315080e+04 1.358984e+04 1.449157e+04
3.743345e+04 3.743345e+04 3.743344e+04 3.743344e+04 3.743342e+04 3.743281e+04 3.743070e+04 3.742163e+04 3.741469e+04 3.740612e+04 3.738343e+04 3.735122e+04 3.730560e+04 3.724157e+04 3.715357e+04 3.703591e+04 3.688282e+04 3.537609e+04 3.224136e+04 2.789250e+04 2.364973e+04 2.031014e+04 1.791201e+04 1.506123e+04 1.368786e+04 1.313277e+04 1.313351e+04 1.359986e+04 1.452849e+04
3.594731e+04 3.594731e+04 3.594731e+04 3.594731e+04 3.594731e+04 3.594725e+04 3.594676e+04 3.594416e+04 3.594189e+04 3.593872e+04 3.592888e+04 3.591253e+04 3.588631e+04 3.584555e+04 3.578476e+04 3.569810e+04 3.557940e+04 3.427515e+04 3.135453e+04 2.721583e+04 2.316139e+04 1.996922e+04 1.767522e+04 1.493962e+04 1.361836e+04 1.309151e+04 1.311923e+04 1.361268e+04 1.456840e+04
3.459051e+04 3.459051e+04 3.459051e+04 3.459052e+04 3.459055e+04 3.459129e+04 3.459314e+04 3.459737e+04 3.459907e+04 3.460020e+04 3.460012e+04 3.459544e+04 3.458333e+04 3.455958e+04 3.451903e+04 3.445595e+04 3.436411e+04 3.323120e+04 3.050854e+04 2.656749e+04 2.268890e+04 1.963534e+04 1.744149e+04 1.482073e+04 1.355308e+04 1.305558e+04 1.310831e+04 1.362854e+04 1.461148e+04
3.339428e+04 3.339428e+04 3.339428e+04 3.339428e+04 3.339429e+04 3.339446e+04 3.339500e+04 3.339733e+04 3.339905e+04 3.340096e+04 3.340450e+04 3.340595e+04 3.340242e+04 3.338988e+04 3.336336e+04 3.331729e+04 3.324550e+04 3.225275e+04 2.970837e+04 2.595062e+04 2.223491e+04 1.931052e+04 1.721188e+04 1.470443e+04 1.349166e+04 1.302496e+04 1.310115e+04 1.364767e+04 1.465790e+04
3.231901e+04 3.231901e+04 3.231901e+04 3.231902e+04 3.231903e+04 3.231942e+04 3.232049e+04 3.232409e+04 3.232643e+04 3.232902e+04 3.233446e+04 3.233907e+04 3.234037e+04 3.233465e+04 3.231726e+04 3.228285e+04 3.222544e+04 3.134407e+04 2.895690e+04 2.536711e+04 2.180130e+04 1.899640e+04 1.698743e+04 1.459066e+04 1.343380e+04 1.299910e+04 1.309819e+04 1.367035e+04 1.470787e+04
3.136101e+04 3.136101e+04 3.136101e+04 3.136102e+04 3.136103e+04 3.136146e+04 3.136269e+04 3.136681e+04 3.136947e+04 3.137240e+04 3.137879e+04 3.138496e+04 3.138881e+04 3.138701e+04 3.137525e+04 3.134850e+04 3.130098e+04 3.050603e+04 2.825515e+04 2.481778e+04 2.138923e+04 1.869429e+04 1.676908e+04 1.447949e+04 1.337923e+04 1.297765e+04 1.310001e+04 1.369685e+04 1.476159e+04
3.051024e+04 3.051024e+04 3.051024e+04 3.051025e+04 3.051025e+04 3.051052e+04 3.051130e+04 3.051447e+04 3.051678e+04 3.051951e+04 3.052584e+04 3.053245e+04 3.053742e+04 3.053767e+04 3.052917e+04 3.050719e+04 3.046625e+04 2.973691e+04 2.760263e+04 2.430252e+04 2.099923e+04 1.840509e+04 1.655766e+04 1.437102e+04 1.332776e+04 1.296037e+04 1.310725e+04 1.372748e+04 1.481928e+04
2.974673e+04 2.974673e+04 2.974673e+04 2.974673e+04 2.974674e+04 2.974712e+04 2.974819e+04 2.975185e+04 2.975428e+04 2.975707e+04 2.976343e+04 2.977013e+04 2.977546e+04 2.977659e+04 2.976977e+04 2.975055e+04 2.971372e+04 2.903316e+04 2.699764e+04 2.382052e+04 2.063130e+04 1.812939e+04 1.635387e+04 1.426544e+04 1.327925e+04 1.294705e+04 1.311961e+04 1.376260e+04 1.488117e+04
2.906533e+04 2.906533e+04 2.906533e+04 2.906533e+04 2.906535e+04 2.906567e+04 2.906662e+04 2.907007e+04 2.907243e+04 2.907512e+04 2.908121e+04 2.908760e+04 2.909270e+04 2.909390e+04 2.908767e+04 2.906977e+04 2.903528e+04 2.839006e+04 2.643763e+04 2.337040e+04 2.028504e+04 1.786749e+04 1.615825e+04 1.416297e+04 1.323357e+04 1.293751e+04 1.313680e+04 1.380261e+04 1.494753e+04
2.845590e+04 2.845590e+04 2.845590e+04 2.845590e+04 2.845591e+04 2.845622e+04 2.845708e+04 2.846010e+04 2.846212e+04 2.846440e+04 2.846962e+04 2.847515e+04 2.847953e+04 2.848020e+04 2.847376e+04 2.845617e+04 2.842269e+04 2.780221e+04 2.591944e+04 2.295039e+04 1.995972e+04 1.761940e+04 1.597119e+04 1.406385e+04 1.319068e+04 1.293163e+04 1.315864e+04 1.384811e+04 1.501861e+04
2.790868e+04 2.790868e+04 2.790868e+04 2.790869e+04 2.790869e+04 2.790893e+04 2.790956e+04 2.791157e+04 2.791294e+04 2.791459e+04 2.791868e+04 2.792327e+04 2.792677e+04 2.792662e+04 2.791947e+04 2.790142e+04 2.786797e+04 2.726390e+04 2.543956e+04 2.255846e+04 1.965439e+04 1.738497e+04 1.579296e+04 1.396835e+04 1.315057e+04 1.292928e+04 1.318501e+04 1.389936e+04 1.509474e+04
2.741071e+04 2.741071e+04 2.741071e+04 2.741071e+04 2.741071e+04 2.741072e+04 2.741080e+04 2.741208e+04 2.741340e+04 2.741510e+04 2.741925e+04 2.742355e+04 2.742637e+04 2.742521e+04 2.741690e+04 2.739775e+04 2.736349e+04 2.676931e+04 2.499430e+04 2.219246e+04 1.936796e+04 1.716387e+04 1.562369e+04 1.387673e+04 1.311325e+04 1.293039e+04 1.321580e+04 1.395610e+04 1.517626e+04
2.694999e+04 2.694999e+04 2.694999e+04 2.695000e+04 2.695002e+04 2.695060e+04 2.695226e+04 2.695692e+04 2.695939e+04 2.696184e+04 2.696645e+04 2.697020e+04 2.697178e+04 2.696895e+04 2.695878e+04 2.693780e+04 2.690198e+04 2.631274e+04 2.457998e+04 2.185016e+04 1.909924e+04 1.695566e+04 1.546343e+04 1.378927e+04 1.307880e+04 1.293489e+04 1.325095e+04 1.401819e+04 1.526359e+04
2.655215e+04 2.655215e+04 2.655215e+04 2.655215e+04 2.655215e+04 2.655214e+04 2.655214e+04 2.655289e+04 2.655364e+04 2.655453e+04 2.655632e+04 2.655737e+04 2.655621e+04 2.655062e+04 2.653774e+04 2.651425e+04 2.647627e+04 2.588874e+04 2.419304e+04 2.152941e+04 1.884703e+04 1.675983e+04 1.531213e+04 1.370620e+04 1.304731e+04 1.294275e+04 1.329040e+04 1.408556e+04 1.535729e+04
2.618035e+04 2.618035e+04 2.618035e+04 2.618035e+04 2.618035e+04 2.618036e+04 2.618031e+04 2.617987e+04 2.617947e+04 2.617897e+04 2.617760e+04 2.617528e+04 2.617073e+04 2.616186e+04 2.614591e+04 2.611964e+04 2.607932e+04 2.549224e+04 2.383017e+04 2.122816e+04 1.861014e+04 1.657581e+04 1.516967e+04 1.362776e+04 1.301891e+04 1.295396e+04 1.333409e+04 1.415815e+04 1.545736e+04
2.582595e+04 2.582595e+04 2.582595e+04 2.582595e+04 2.582595e+04 2.582587e+04 2.582561e+04 2.582443e+04 2.582341e+04 2.582208e+04 2.581847e+04 2.581342e+04 2.580597e+04 2.579421e+04 2.577555e+04 2.574688e+04 2.570457e+04 2.511871e+04 2.348838e+04 2.094453e+04 1.838743e+04 1.640305e+04 1.503591e+04 1.355416e+04 1.299374e+04 1.296856e+04 1.338202e+04 1.423595e+04 1.556366e+04
2.548300e+04 2.548300e+04 2.548300e+04 2.548300e+04 2.548299e+04 2.548283e+04 2.548226e+04 2.547988e+04 2.547809e+04 2.547593e+04 2.547054e+04 2.546360e+04 2.545422e+04 2.544059e+04 2.542020e+04 2.539004e+04 2.534656e+04 2.476438e+04 2.316510e+04 2.067682e+04 1.817787e+04 1.624097e+04 1.491065e+04 1.348559e+04 1.297197e+04 1.298660e+04 1.343418e+04 1.431893e+04 1.567613e+04
2.514171e+04 2.514171e+04 2.514171e+04 2.514170e+04 2.514170e+04 2.514145e+04 2.514073e+04 2.513796e+04 2.513597e+04 2.513359e+04 2.512774e+04 2.512028e+04 2.511036e+04 2.509622e+04 2.507539e+04 2.504493e+04 2.500138e+04 2.442631e+04 2.285818e+04 2.042356e+04 1.798050e+04 1.608903e+04 1.479369e+04 1.342222e+04 1.295378e+04 1.300813e+04 1.349057e+04 1.440711e+04 1.579475e+04
2.479878e+04 2.479878e+04 2.479878e+04 2.479878e+04 2.479878e+04 2.479865e+04 2.479824e+04 2.479640e+04 2.479489e+04 2.479299e+04 2.478802e+04 2.478140e+04 2.477231e+04 2.475899e+04 2.473901e+04 2.470944e+04 2.466689e+04 2.410243e+04 2.256589e+04 2.018352e+04 1.779447e+04 1.594674e+04 1.468481e+04 1.336421e+04 1.293935e+04 1.303326e+04 1.355122e+04 1.450048e+04 1.591953e+04
2.446142e+04 2.446142e+04 2.446142e+04 2.446142e+04 2.446142e+04 2.446133e+04 2.446100e+04 2.445953e+04 2.445836e+04 2.445691e+04 2.445317e+04 2.444811e+04 2.444075e+04 2.442923e+04 2.441104e+04 2.438325e+04 2.434252e+04 2.379144e+04 2.228694e+04 1.995564e+04 1.761906e+04 1.581363e+04 1.458381e+04 1.331168e+04 1.292890e+04 1.306210e+04 1.361619e+04 1.459908e+04 1.605050e+04
2.413114e+04 2.413114e+04 2.413114e+04 2.413114e+04 2.413113e+04 2.413106e+04 2.413078e+04 2.412965e+04 2.412890e+04 2.412806e+04 2.412605e+04 2.412313e+04 2.411807e+04 2.410887e+04 2.409294e+04 2.406738e+04 2.402886e+04 2.349266e+04 2.202037e+04 1.973909e+04 1.745362e+04 1.568928e+04 1.449047e+04 1.326475e+04 1.292261e+04 1.309479e+04 1.368554e+04 1.470294e+04 1.618768e+04
2.380848e+04 2.380848e+04 2.380848e+04 2.380848e+04 2.380848e+04 2.380847e+04 2.380861e+04 2.380938e+04 2.380988e+04 2.381035e+04 2.381094e+04 2.381046e+04 2.380769e+04 2.380066e+04 2.378685e+04 2.376338e+04 2.372701e+04 2.320577e+04 2.176547e+04 1.953321e+04 1.729764e+04 1.557335e+04 1.440462e+04 1.322352e+04 1.292069e+04 1.313147e+04 1.375934e+04 1.481212e+04 1.633112e+04
2.350623e+04 2.350623e+04 2.350623e+04 2.350623e+04 2.350624e+04 2.350654e+04 2.350740e+04 2.350981e+04 2.351103e+04 2.351213e+04 2.351384e+04 2.351445e+04 2.351282e+04 2.350702e+04 2.349457e+04 2.347260e+04 2.343792e+04 2.293064e+04 2.152174e+04 1.933748e+04 1.715068e+04 1.546552e+04 1.432609e+04 1.318810e+04 1.292333e+04 1.317232e+04 1.383769e+04 1.492666e+04 1.648086e+04
2.323686e+04 2.323686e+04 2.323686e+04 2.323685e+04 2.323685e+04 2.323676e+04 2.323651e+04 2.323602e+04 2.323596e+04 2.323601e+04 2.323626e+04 2.323610e+04 2.323422e+04 2.322857e+04 2.321660e+04 2.319543e+04 2.316187e+04 2.266709e+04 2.128882e+04 1.915148e+04 1.701238e+04 1.536552e+04 1.425473e+04 1.315856e+04 1.293075e+04 1.321750e+04 1.392071e+04 1.504664e+04 1.663696e+04
2.297401e+04 2.297401e+04 2.297401e+04 2.297401e+04 2.297401e+04 2.297405e+04 2.297409e+04 2.297396e+04 2.297383e+04 2.297366e+04 2.297325e+04 2.297240e+04 2.296997e+04 2.296403e+04 2.295206e+04 2.293124e+04 2.289840e+04 2.241488e+04 2.106641e+04 1.897492e+04 1.688249e+04 1.527315e+04 1.419042e+04 1.313500e+04 1.294315e+04 1.326722e+04 1.400852e+04 1.517214e+04 1.679950e+04
2.272166e+04 2.272166e+04 2.272166e+04 2.272167e+04 2.272167e+04 2.272173e+04 2.272188e+04 2.272215e+04 2.272219e+04 2.272212e+04 2.272167e+04 2.272053e+04 2.271775e+04 2.271153e+04 2.269949e+04 2.267888e+04 2.264662e+04 2.217371e+04 2.085430e+04 1.880756e+04 1.676077e+04 1.518824e+04 1.413306e+04 1.311748e+04 1.296070e+04 1.332166e+04 1.410127e+04 1.530327e+04 1.696854e+04
2.248231e+04 2.248231e+04 2.248231e+04 2.248231e+04 2.248231e+04 2.248227e+04 2.248216e+04 2.248176e+04 2.248150e+04 2.248120e+04 2.248037e+04 2.247893e+04 2.247588e+04 2.246950e+04 2.245749e+04 2.243718e+04 2.240555e+04 2.194328e+04 2.065233e+04 1.864927e+04 1.664708e+04 1.511066e+04 1.408257e+04 1.310610e+04 1.298362e+04 1.338103e+04 1.419911e+04 1.544012e+04 1.714418e+04
2.224939e+04 2.224939e+04 2.224939e+04 2.224939e+04 2.224939e+04 2.224940e+04 2.224938e+04 2.224917e+04 2.224895e+04 2.224864e+04 2.224772e+04 2.224613e+04 2.224300e+04 2.223669e+04 2.222495e+04 2.220519e+04 2.217443e+04 2.172338e+04 2.046043e+04 1.849995e+04 1.654132e+04 1.504031e+04 1.403891e+04 1.310092e+04 1.301209e+04 1.344554e+04 1.430222e+04 1.558282e+04 1.732649e+04
2.202443e+04 2.202443e+04 2.202443e+04 2.202443e+04 2.202443e+04 2.202444e+04 2.202444e+04 2.202427e+04 2.202404e+04 2.202370e+04 2.202270e+04 2.202112e+04 2.201818e+04 2.201228e+04 2.200122e+04 2.198241e+04 2.195289e+04 2.151400e+04 2.027860e+04 1.835957e+04 1.644342e+04 1.497713e+04 1.400204e+04 1.310204e+04 1.304631e+04 1.351541e+04 1.441076e+04 1.573150e+04 1.751559e+04
2.180729e+04 2.180729e+04 2.180729e+04 2.180729e+04 2.180729e+04 2.180724e+04 2.180709e+04 2.180648e+04 2.180606e+04 2.180558e+04 2.180452e+04 2.180326e+04 2.180099e+04 2.179608e+04 2.178626e+04 2.176890e+04 2.174106e+04 2.131529e+04 2.010690e+04 1.822813e+04 1.635336e+04 1.492111e+04 1.397196e+04 1.310954e+04 1.308644e+04 1.359086e+04 1.452493e+04 1.588629e+04 1.771157e+04
2.159398e+04 2.159398e+04 2.159398e+04 2.159398e+04 2.159398e+04 2.159395e+04 2.159385e+04 2.159338e+04 2.159310e+04 2.159285e+04 2.159261e+04 2.159262e+04 2.159196e+04 2.158884e+04 2.158092e+04 2.156554e+04 2.153975e+04 2.112763e+04 1.994549e+04 1.810568e+04 1.627116e+04 1.487224e+04 1.394868e+04 1.312351e+04 1.313270e+04 1.367211e+04 1.464494e+04 1.604736e+04 1.791456e+04
2.138528e+04 2.138528e+04 2.138528e+04 2.138528e+04 2.138528e+04 2.138526e+04 2.138523e+04 2.138554e+04 2.138604e+04 2.138679e+04 2.138895e+04 2.139156e+04 2.139346e+04 2.139278e+04 2.138717e+04 2.137399e+04 2.135035e+04 2.095149e+04 1.979452e+04 1.799229e+04 1.619684e+04 1.483054e+04 1.393223e+04 1.314406e+04 1.318525e+04 1.375939e+04 1.477098e+04 1.621487e+04 1.812469e+04
2.118462e+04 2.118462e+04 2.118462e+04 2.118463e+04 2.118464e+04 2.118503e+04 2.118614e+04 2.118973e+04 2.119201e+04 2.119451e+04 2.119993e+04 2.120540e+04 2.120979e+04 2.121129e+04 2.120763e+04 2.119627e+04 2.117442e+04 2.078733e+04 1.965415e+04 1.788804e+04 1.613047e+04 1.479607e+04 1.392266e+04 1.317129e+04 1.324428e+04 1.385292e+04 1.490327e+04 1.638899e+04 1.834209e+04
2.101663e+04 2.101663e+04 2.101663e+04 2.101663e+04 2.101664e+04 2.101703e+04 2.101814e+04 2.102198e+04 2.102452e+04 2.102734e+04 2.103351e+04 2.103977e+04 2.104493e+04 2.104720e+04 2.104435e+04 2.103389e+04 2.101307e+04 2.063543e+04 1.952454e+04 1.779304e+04 1.607213e+04 1.476888e+04 1.392005e+04 1.320532e+04 1.330998e+04 1.395293e+04 1.504203e+04 1.656991e+04 1.856690e+04
2.088081e+04 2.088081e+04 2.088081e+04 2.088081e+04 2.088082e+04 2.088095e+04 2.088138e+04 2.088321e+04 2.088464e+04 2.088638e+04 2.089061e+04 2.089530e+04 2.089930e+04 2.090078e+04 2.089749e+04 2.088692e+04 2.086633e+04 2.049586e+04 1.940576e+04 1.770738e+04 1.602189e+04 1.474907e+04 1.392448e+04 1.324627e+04 1.338254e+04 1.405965e+04 1.518749e+04 1.675781e+04 1.879929e+04
2.076038e+04 2.076038e+04 2.076038e+04 2.076038e+04 2.076039e+04 2.076047e+04 2.076068e+04 2.076143e+04 2.076199e+04 2.076272e+04 2.076474e+04 2.076729e+04 2.076944e+04 2.076946e+04 2.076513e+04 2.075395e+04 2.073316e+04 2.036845e+04 1.929788e+04 1.763116e+04 1.597988e+04 1.473673e+04 1.393605e+04 1.329428e+04 1.346214e+04 1.417331e+04 1.533988e+04 1.695291e+04 1.903940e+04
2.064792e+04 2.064792e+04 2.064792e+04 2.064792e+04 2.064792e+04 2.064791e+04 2.064786e+04 2.064777e+04 2.064781e+04 2.064797e+04 2.064872e+04 2.064991e+04 2.065078e+04 2.064971e+04 2.064458e+04 2.063292e+04 2.061203e+04 2.025292e+04 1.920093e+04 1.756449e+04 1.594620e+04 1.473198e+04 1.395487e+04 1.334947e+04 1.354898e+04 1.429415e+04 1.549944e+04 1.715540e+04 1.928742e+04
2.053652e+04 2.053652e+04 2.053652e+04 2.053652e+04 2.053653e+04 2.053659e+04 2.053672e+04 2.053710e+04 2.053734e+04 2.053764e+04 2.053845e+04 2.053950e+04 2.054013e+04 2.053888e+04 2.053369e+04 2.052217e+04 2.050165e+04 2.014906e+04 1.911499e+04 1.750749e+04 1.592099e+04 1.473496e+04 1.398109e+04 1.341200e+04 1.364324e+04 1.442238e+04 1.566641e+04 1.736550e+04 1.954351e+04
2.043037e+04 2.043037e+04 2.043037e+04 2.043037e+04 2.043037e+04 2.043044e+04 2.043063e+04 2.043133e+04 2.043180e+04 2.043234e+04 2.043369e+04 2.043532e+04 2.043660e+04 2.043607e+04 2.043169e+04 2.042106e+04 2.040154e+04 2.005688e+04 1.904016e+04 1.746029e+04 1.590439e+04 1.474580e+04 1.401484e+04 1.348204e+04 1.374512e+04 1.455826e+04 1.584103e+04 1.758344e+04 1.980787e+04
2.033147e+04 2.033147e+04 2.033147e+04 2.033147e+04 2.033148e+04 2.033153e+04 2.033170e+04 2.033237e+04 2.033291e+04 2.033362e+04 2.033564e+04 2.033837e+04 2.034102e+04 2.034200e+04 2.033918e+04 2.033012e+04 2.031216e+04 1.997659e+04 1.897660e+04 1.742305e+04 1.589655e+04 1.476466e+04 1.405628e+04 1.355974e+04 1.385483e+04 1.470201e+04 1.602354e+04 1.780944e+04 2.008068e+04
2.023890e+04 2.023890e+04 2.023890e+04 2.023890e+04 2.023890e+04 2.023896e+04 2.023914e+04 2.024018e+04 2.024115e+04 2.024245e+04 2.024607e+04 2.025075e+04 2.025554e+04 2.025868e+04 2.025796e+04 2.025089e+04 2.023479e+04 1.990867e+04 1.892452e+04 1.739594e+04 1.589765e+04 1.479172e+04 1.410557e+04 1.364528e+04 1.397256e+04 1.485387e+04 1.621421e+04 1.804374e+04 2.036216e+04
2.015387e+04 2.015387e+04 2.015387e+04 2.015387e+04 2.015388e+04 2.015420e+04 2.015511e+04 2.015827e+04 2.016044e+04 2.016300e+04 2.016920e+04 2.017648e+04 2.018376e+04 2.018923e+04 2.019063e+04 2.018549e+04 2.017116e+04 1.985363e+04 1.888415e+04 1.737912e+04 1.590785e+04 1.482715e+04 1.416291e+04 1.373884e+04 1.409853e+04 1.501407e+04 1.641326e+04 1.828658e+04 2.065250e+04
2.009211e+04 2.009211e+04 2.009211e+04 2.009212e+04 2.009213e+04 2.009244e+04 2.009342e+04 2.009732e+04 2.010017e+04 2.010356e+04 2.011163e+04 2.012083e+04 2.012991e+04 2.013701e+04 2.013986e+04 2.013601e+04 2.012288e+04 1.981195e+04 1.885569e+04 1.737277e+04 1.592735e+04 1.487115e+04 1.422847e+04 1.384062e+04 1.423294e+04 1.518286e+04 1.662097e+04 1.853819e+04 2.095193e+04
2.005692e+04 2.005692e+04 2.005692e+04 2.005692e+04 2.005694e+04 2.005730e+04 2.005841e+04 2.006272e+04 2.006581e+04 2.006942e+04 2.007792e+04 2.008744e+04 2.009678e+04 2.010410e+04 2.010717e+04 2.010358e+04 2.009077e+04 1.978387e+04 1.883932e+04 1.737709e+04 1.595634e+04 1.492391e+04 1.430247e+04 1.395082e+04 1.437600e+04 1.536047e+04 1.683758e+04 1.879883e+04 2.126065e+04
2.005020e+04 2.005020e+04 2.005020e+04 2.005021e+04 2.005022e+04 2.005058e+04 2.005168e+04 2.005556e+04 2.005817e+04 2.006115e+04 2.006815e+04 2.007610e+04 2.008398e+04 2.009005e+04 2.009212e+04 2.008779e+04 2.007450e+04 1.976935e+04 1.883516e+04 1.739225e+04 1.599503e+04 1.498565e+04 1.438511e+04 1.406965e+04 1.452794e+04 1.554714e+04 1.706335e+04 1.906875e+04 2.157890e+04
2.006897e+04 2.006897e+04 2.006897e+04 2.006897e+04 2.006897e+04 2.006900e+04 2.006916e+04 2.007031e+04 2.007141e+04 2.007289e+04 2.007695e+04 2.008222e+04 2.008775e+04 2.009184e+04 2.009231e+04 2.008677e+04 2.007263e+04 1.976816e+04 1.884333e+04 1.741844e+04 1.604362e+04 1.505659e+04 1.447661e+04 1.419732e+04 1.468898e+04 1.574312e+04 1.729853e+04 1.934819e+04 2.190691e+04
2.009145e+04 2.009145e+04 2.009145e+04 2.009145e+04 2.009145e+04 2.009148e+04 2.009156e+04 2.009201e+04 2.009249e+04 2.009321e+04 2.009552e+04 2.009895e+04 2.010272e+04 2.010528e+04 2.010451e+04 2.009804e+04 2.008329e+04 1.977999e+04 1.886393e+04 1.745587e+04 1.610234e+04 1.513695e+04 1.457720e+04 1.433405e+04 1.485935e+04 1.594864e+04 1.754339e+04 1.963742e+04 2.224491e+04
2.011316e+04 2.011316e+04 2.011316e+04 2.011316e+04 2.011316e+04 2.011327e+04 2.011357e+04 2.011460e+04 2.011532e+04 2.011619e+04 2.011850e+04 2.012163e+04 2.012500e+04 2.012720e+04 2.012620e+04 2.011967e+04 2.010503e+04 1.980471e+04 1.889713e+04 1.750476e+04 1.617144e+04 1.522699e+04 1.468713e+04 1.448008e+04 1.503927e+04 1.616396e+04 1.779819e+04 1.993670e+04 2.259314e+04
2.013899e+04 2.013899e+04 2.013899e+04 2.013899e+04 2.013899e+04 2.013910e+04 2.013943e+04 2.014069e+04 2.014160e+04 2.014271e+04 2.014556e+04 2.014934e+04 2.015350e+04 2.015660e+04 2.015660e+04 2.015110e+04 2.013750e+04 1.984251e+04 1.894320e+04 1.756536e+04 1.625114e+04 1.532693e+04 1.480663e+04 1.463563e+04 1.522899e+04 1.638932e+04 1.806318e+04 2.024629e+04 2.295185e+04
2.017032e+04 2.017032e+04 2.017032e+04 2.017032e+04 2.017032e+04 2.017043e+04 2.017076e+04 2.017206e+04 2.017307e+04 2.017438e+04 2.017811e+04 2.018338e+04 2.018945e+04 2.019468e+04 2.019684e+04 2.019340e+04 2.018170e+04 1.989395e+04 1.900247e+04 1.763794e+04 1.634171e+04 1.543704e+04 1.493595e+04 1.480095e+04 1.542873e+04 1.662497e+04 1.833862e+04 2.056644e+04 2.332129e+04
2.020705e+04 2.020705e+04 2.020705e+04 2.020705e+04 2.020705e+04 2.020716e+04 2.020749e+04 2.020906e+04 2.021054e+04 2.021260e+04 2.021861e+04 2.022685e+04 2.023618e+04 2.024467e+04 2.024986e+04 2.024914e+04 2.023980e+04 1.995989e+04 1.907534e+04 1.772277e+04 1.644341e+04 1.555758e+04 1.507536e+04 1.497628e+04 1.563875e+04 1.687117e+04 1.862479e+04 2.089744e+04 2.370171e+04
2.024902e+04 2.024902e+04 2.024902e+04 2.024902e+04 2.024902e+04 2.024933e+04 2.025044e+04 2.025513e+04 2.025867e+04 2.026297e+04 2.027360e+04 2.028629e+04 2.029968e+04 2.031174e+04 2.032000e+04 2.032188e+04 2.031471e+04 2.004129e+04 1.916223e+04 1.782014e+04 1.655649e+04 1.568880e+04 1.522510e+04 1.516188e+04 1.585928e+04 1.712815e+04 1.892193e+04 2.123953e+04 2.409336e+04
2.031850e+04 2.031850e+04 2.031850e+04 2.031851e+04 2.031853e+04 2.031922e+04 2.032135e+04 2.032943e+04 2.033496e+04 2.034125e+04 2.035555e+04 2.037138e+04 2.038740e+04 2.040164e+04 2.041170e+04 2.041504e+04 2.040905e+04 2.013896e+04 1.926349e+04 1.793033e+04 1.668124e+04 1.583097e+04 1.538546e+04 1.535799e+04 1.609057e+04 1.739618e+04 1.923033e+04 2.159300e+04 2.449650e+04
2.044058e+04 2.044058e+04 2.044058e+04 2.044059e+04 2.044061e+04 2.044129e+04 2.044326e+04 2.045015e+04 2.045491e+04 2.046045e+04 2.047347e+04 2.048837e+04 2.050373e+04 2.051750e+04 2.052722e+04 2.053029e+04 2.052409e+04 2.025333e+04 1.937942e+04 1.805360e+04 1.681790e+04 1.598437e+04 1.555668e+04 1.556488e+04 1.633288e+04 1.767552e+04 1.955024e+04 2.195811e+04 2.491140e+04
2.060391e+04 2.060391e+04 2.060391e+04 2.060391e+04 2.060392e+04 2.060411e+04 2.060475e+04 2.060778e+04 2.061038e+04 2.061375e+04 2.062269e+04 2.063400e+04 2.064634e+04 2.065761e+04 2.066528e+04 2.066669e+04 2.065912e+04 2.038439e+04 1.951021e+04 1.819019e+04 1.696674e+04 1.614926e+04 1.573905e+04 1.578279e+04 1.658645e+04 1.796641e+04 1.988193e+04 2.233514e+04 2.533831e+04
2.077751e+04 2.077751e+04 2.077751e+04 2.077751e+04 2.077751e+04 2.077771e+04 2.077831e+04 2.078067e+04 2.078246e+04 2.078474e+04 2.079088e+04 2.079905e+04 2.080829e+04 2.081673e+04 2.082193e+04 2.082125e+04 2.081192e+04 2.053176e+04 1.965597e+04 1.834034e+04 1.712802e+04 1.632590e+04 1.593283e+04 1.601200e+04 1.685154e+04 1.826912e+04 2.022567e+04 2.272435e+04 2.577751e+04
2.095871e+04 2.095871e+04 2.095871e+04 2.095871e+04 2.095871e+04 2.095885e+04 2.095930e+04 2.096117e+04 2.096261e+04 2.096440e+04 2.096919e+04 2.097557e+04 2.098284e+04 2.098934e+04 2.099277e+04 2.099052e+04 2.097985e+04 2.069498e+04 1.981680e+04 1.850426e+04 1.730200e+04 1.651458e+04 1.613830e+04 1.625276e+04 1.712842e+04 1.858391e+04 2.058172e+04 2.312603e+04 2.622926e+04
