1.331009e+07 7.576734e+06 6.293488e+06 4.767751e+06 4.257994e+06 2.791280e+06 2.243818e+06 1.861791e+06 1.781310e+06 1.731742e+06 1.683393e+06 1.670934e+06 1.676777e+06 1.692892e+06 1.715224e+06 1.741562e+06 1.770583e+06 1.929714e+06 2.064588e+06 2.139125e+06 2.158068e+06 2.148270e+06 2.133644e+06 2.122552e+06 2.116486e+06 2.082454e+06 2.014094e+06 1.922387e+06 1.820785e+06
2.775910e+06 2.775907e+06 2.775872e+06 2.772270e+06 2.751988e+06 2.427575e+06 2.107496e+06 1.820086e+06 1.754384e+06 1.713571e+06 1.674662e+06 1.666881e+06 1.675335e+06 1.693022e+06 1.716354e+06 1.743348e+06 1.772806e+06 1.932506e+06 2.066811e+06 2.140552e+06 2.158867e+06 2.148706e+06 2.133929e+06 2.122828e+06 2.116765e+06 2.082630e+06 2.014107e+06 1.922238e+06 1.820505e+06
2.191389e+06 2.191390e+06 2.191391e+06 2.191124e+06 2.189184e+06 2.118625e+06 1.957540e+06 1.772041e+06 1.724116e+06 1.693584e+06 1.665409e+06 1.662754e+06 1.673990e+06 1.693317e+06 1.717670e+06 1.745324e+06 1.775212e+06 1.935420e+06 2.069097e+06 2.142003e+06 2.159670e+06 2.149138e+06 2.134211e+06 2.123104e+06 2.117044e+06 2.082805e+06 2.014118e+06 1.922086e+06 1.820222e+06
1.926770e+06 1.926772e+06 1.926776e+06 1.926812e+06 1.926586e+06 1.894528e+06 1.851871e+06 1.723124e+06 1.692473e+06 1.672663e+06 1.655897e+06 1.658660e+06 1.672793e+06 1.693802e+06 1.719187e+06 1.747498e+06 1.777809e+06 1.938457e+06 2.071443e+06 2.143476e+06 2.160476e+06 2.149567e+06 2.134489e+06 2.123378e+06 2.117325e+06 2.082980e+06 2.014127e+06 1.921931e+06 1.819936e+06
1.783173e+06 1.783175e+06 1.783178e+06 1.783252e+06 1.783338e+06 1.769334e+06 1.756318e+06 1.684857e+06 1.663020e+06 1.652212e+06 1.646460e+06 1.654710e+06 1.671791e+06 1.694499e+06 1.720917e+06 1.749877e+06 1.780599e+06 1.941617e+06 2.073851e+06 2.144970e+06 2.161285e+06 2.149992e+06 2.134763e+06 2.123652e+06 2.117605e+06 2.083154e+06 2.014135e+06 1.921774e+06 1.819646e+06
1.698369e+06 1.698370e+06 1.698373e+06 1.698445e+06 1.698590e+06 1.693543e+06 1.683109e+06 1.661748e+06 1.642513e+06 1.634695e+06 1.637609e+06 1.651051e+06 1.671033e+06 1.695428e+06 1.722869e+06 1.752465e+06 1.783584e+06 1.944898e+06 2.076317e+06 2.146485e+06 2.162095e+06 2.150412e+06 2.135032e+06 2.123924e+06 2.117886e+06 2.083328e+06 2.014141e+06 1.921613e+06 1.819353e+06
1.646007e+06 1.646008e+06 1.646010e+06 1.646073e+06 1.646221e+06 1.645175e+06 1.636051e+06 1.643203e+06 1.632075e+06 1.624448e+06 1.630179e+06 1.647911e+06 1.670595e+06 1.696615e+06 1.725050e+06 1.755264e+06 1.786764e+06 1.948299e+06 2.078842e+06 2.148018e+06 2.162905e+06 2.150827e+06 2.135295e+06 2.124196e+06 2.118168e+06 2.083502e+06 2.014144e+06 1.921450e+06 1.819057e+06
1.613348e+06 1.613349e+06 1.613351e+06 1.613406e+06 1.613545e+06 1.614277e+06 1.607931e+06 1.625621e+06 1.625380e+06 1.621321e+06 1.625532e+06 1.645649e+06 1.670589e+06 1.698098e+06 1.727474e+06 1.758278e+06 1.790139e+06 1.951818e+06 2.081422e+06 2.149568e+06 2.163714e+06 2.151236e+06 2.135554e+06 2.124466e+06 2.118449e+06 2.083674e+06 2.014146e+06 1.921284e+06 1.818757e+06
1.593615e+06 1.593616e+06 1.593618e+06 1.593666e+06 1.593795e+06 1.595324e+06 1.591977e+06 1.610219e+06 1.619409e+06 1.621265e+06 1.625783e+06 1.644820e+06 1.671194e+06 1.699941e+06 1.730164e+06 1.761514e+06 1.793710e+06 1.955453e+06 2.084056e+06 2.151134e+06 2.164522e+06 2.151638e+06 2.135806e+06 2.124735e+06 2.118731e+06 2.083847e+06 2.014146e+06 1.921115e+06 1.818454e+06
1.582871e+06 1.582872e+06 1.582873e+06 1.582916e+06 1.583033e+06 1.584902e+06 1.583993e+06 1.598992e+06 1.613812e+06 1.622008e+06 1.630071e+06 1.646302e+06 1.672683e+06 1.702244e+06 1.733158e+06 1.764986e+06 1.797482e+06 1.959201e+06 2.086741e+06 2.152713e+06 2.165327e+06 2.152033e+06 2.136052e+06 2.125002e+06 2.119013e+06 2.084018e+06 2.014145e+06 1.920943e+06 1.818147e+06
1.578636e+06 1.578636e+06 1.578638e+06 1.578675e+06 1.578781e+06 1.580757e+06 1.581563e+06 1.592833e+06 1.609515e+06 1.622743e+06 1.636472e+06 1.651231e+06 1.675452e+06 1.705154e+06 1.736514e+06 1.768717e+06 1.801463e+06 1.963060e+06 2.089476e+06 2.154305e+06 2.166127e+06 2.152419e+06 2.136291e+06 2.125268e+06 2.119295e+06 2.084189e+06 2.014141e+06 1.920767e+06 1.817837e+06
1.610035e+06 1.610035e+06 1.610036e+06 1.610058e+06 1.610122e+06 1.611681e+06 1.614727e+06 1.619375e+06 1.626386e+06 1.639366e+06 1.671694e+06 1.697231e+06 1.717130e+06 1.738197e+06 1.763488e+06 1.793348e+06 1.825458e+06 1.983930e+06 2.103784e+06 2.162370e+06 2.170017e+06 2.154199e+06 2.137367e+06 2.126566e+06 2.120705e+06 2.085033e+06 2.014088e+06 1.919845e+06 1.816231e+06
1.675368e+06 1.675368e+06 1.675369e+06 1.675383e+06 1.675424e+06 1.676495e+06 1.678995e+06 1.684047e+06 1.686605e+06 1.691559e+06 1.712796e+06 1.742649e+06 1.770578e+06 1.794046e+06 1.815742e+06 1.838429e+06 1.863375e+06 2.007558e+06 2.118905e+06 2.170410e+06 2.173588e+06 2.155644e+06 2.138199e+06 2.127798e+06 2.122107e+06 2.085851e+06 2.013978e+06 1.918840e+06 1.814532e+06
1.746372e+06 1.746372e+06 1.746372e+06 1.746382e+06 1.746411e+06 1.747207e+06 1.749208e+06 1.754356e+06 1.756690e+06 1.759316e+06 1.770023e+06 1.791445e+06 1.819420e+06 1.847550e+06 1.872869e+06 1.895728e+06 1.917621e+06 2.035318e+06 2.134644e+06 2.178156e+06 2.176655e+06 2.156644e+06 2.138725e+06 2.128944e+06 2.123491e+06 2.086637e+06 2.013804e+06 1.917747e+06 1.812735e+06
1.816829e+06 1.816829e+06 1.816829e+06 1.816837e+06 1.816860e+06 1.817503e+06 1.819198e+06 1.824182e+06 1.826821e+06 1.829392e+06 1.836200e+06 1.849705e+06 1.871502e+06 1.898359e+06 1.925938e+06 1.951554e+06 1.974559e+06 2.071314e+06 2.151215e+06 2.185424e+06 2.179054e+06 2.157096e+06 2.138884e+06 2.129985e+06 2.124848e+06 2.087383e+06 2.013559e+06 1.916561e+06 1.810835e+06
1.886610e+06 1.886610e+06 1.886610e+06 1.886617e+06 1.886635e+06 1.887177e+06 1.888656e+06 1.893403e+06 1.896234e+06 1.899129e+06 1.905409e+06 1.914930e+06 1.930681e+06 1.952637e+06 1.978181e+06 2.004165e+06 2.028373e+06 2.114428e+06 2.169580e+06 2.192208e+06 2.180681e+06 2.156919e+06 2.138628e+06 2.130904e+06 2.126169e+06 2.088081e+06 2.013235e+06 1.915276e+06 1.808829e+06
1.956468e+06 1.956468e+06 1.956468e+06 1.956474e+06 1.956491e+06 1.956984e+06 1.958367e+06 1.963044e+06 1.966024e+06 1.969232e+06 1.976053e+06 1.984278e+06 1.996084e+06 2.012771e+06 2.033645e+06 2.056654e+06 2.079527e+06 2.158408e+06 2.191813e+06 2.198788e+06 2.181531e+06 2.156077e+06 2.137929e+06 2.131690e+06 2.127445e+06 2.088724e+06 2.012825e+06 1.913885e+06 1.806712e+06
2.028286e+06 2.028286e+06 2.028286e+06 2.028292e+06 2.028307e+06 2.028769e+06 2.030090e+06 2.034721e+06 2.037795e+06 2.041211e+06 2.048606e+06 2.056536e+06 2.065897e+06 2.078004e+06 2.093316e+06 2.111110e+06 2.129923e+06 2.198997e+06 2.216072e+06 2.205920e+06 2.181744e+06 2.154595e+06 2.136789e+06 2.132337e+06 2.128669e+06 2.089302e+06 2.012322e+06 1.912383e+06 1.804479e+06
2.103454e+06 2.103454e+06 2.103454e+06 2.103459e+06 2.103473e+06 2.103911e+06 2.105178e+06 2.109730e+06 2.112826e+06 2.116311e+06 2.123816e+06 2.131174e+06 2.138306e+06 2.146127e+06 2.155614e+06 2.167056e+06 2.179963e+06 2.233763e+06 2.239052e+06 2.214756e+06 2.181655e+06 2.152578e+06 2.135248e+06 2.132852e+06 2.129838e+06 2.089809e+06 2.011719e+06 1.910763e+06 1.802125e+06
2.182662e+06 2.182662e+06 2.182662e+06 2.182667e+06 2.182680e+06 2.183097e+06 2.184323e+06 2.188800e+06 2.191808e+06 2.195079e+06 2.201560e+06 2.206895e+06 2.210724e+06 2.213760e+06 2.217168e+06 2.221832e+06 2.228003e+06 2.261672e+06 2.258345e+06 2.223796e+06 2.181951e+06 2.150236e+06 2.133396e+06 2.133254e+06 2.130951e+06 2.090239e+06 2.011007e+06 1.909019e+06 1.799645e+06
2.266536e+06 2.266536e+06 2.266536e+06 2.266541e+06 2.266554e+06 2.266966e+06 2.268182e+06 2.272209e+06 2.274394e+06 2.276348e+06 2.279023e+06 2.279677e+06 2.278393e+06 2.275862e+06 2.273165e+06 2.271320e+06 2.270936e+06 2.282448e+06 2.272356e+06 2.231382e+06 2.183263e+06 2.147914e+06 2.131379e+06 2.133579e+06 2.132012e+06 2.090585e+06 2.010181e+06 1.907146e+06 1.797035e+06
2.356057e+06 2.356057e+06 2.356057e+06 2.356062e+06 2.356075e+06 2.356379e+06 2.356470e+06 2.354798e+06 2.353248e+06 2.351329e+06 2.346543e+06 2.340606e+06 2.333616e+06 2.325895e+06 2.318098e+06 2.311012e+06 2.305271e+06 2.296124e+06 2.280305e+06 2.236326e+06 2.184578e+06 2.146226e+06 2.129418e+06 2.133878e+06 2.133031e+06 2.090844e+06 2.009233e+06 1.905136e+06 1.794291e+06
2.413501e+06 2.413501e+06 2.413501e+06 2.413497e+06 2.413482e+06 2.413011e+06 2.411399e+06 2.405181e+06 2.401216e+06 2.396970e+06 2.387993e+06 2.378555e+06 2.368629e+06 2.358250e+06 2.347723e+06 2.337592e+06 2.328438e+06 2.302894e+06 2.282107e+06 2.237839e+06 2.185064e+06 2.145461e+06 2.127830e+06 2.134229e+06 2.134024e+06 2.091015e+06 2.008157e+06 1.902984e+06 1.791408e+06
2.412480e+06 2.412480e+06 2.412480e+06 2.412479e+06 2.412476e+06 2.412346e+06 2.411840e+06 2.409360e+06 2.407304e+06 2.404745e+06 2.398373e+06 2.390657e+06 2.381788e+06 2.371893e+06 2.361250e+06 2.350346e+06 2.339767e+06 2.303133e+06 2.278167e+06 2.235538e+06 2.184131e+06 2.144969e+06 2.127132e+06 2.134728e+06 2.135014e+06 2.091098e+06 2.006949e+06 1.900685e+06 1.788381e+06
2.394049e+06 2.394049e+06 2.394049e+06 2.394049e+06 2.394050e+06 2.394056e+06 2.394030e+06 2.393637e+06 2.393119e+06 2.392290e+06 2.389495e+06 2.385002e+06 2.378739e+06 2.370788e+06 2.361417e+06 2.351098e+06 2.340430e+06 2.297398e+06 2.269173e+06 2.229406e+06 2.181391e+06 2.144300e+06 2.127389e+06 2.135504e+06 2.136034e+06 2.091098e+06 2.005604e+06 1.898234e+06 1.785207e+06
2.374271e+06 2.374271e+06 2.374271e+06 2.374272e+06 2.374274e+06 2.374330e+06 2.374474e+06 2.374857e+06 2.374977e+06 2.374930e+06 2.373954e+06 2.371338e+06 2.366805e+06 2.360347e+06 2.352176e+06 2.342696e+06 2.332447e+06 2.286376e+06 2.255935e+06 2.219720e+06 2.176651e+06 2.143134e+06 2.128174e+06 2.136721e+06 2.137125e+06 2.091021e+06 2.004122e+06 1.895628e+06 1.781883e+06
2.357932e+06 2.357932e+06 2.357932e+06 2.357933e+06 2.357936e+06 2.358019e+06 2.358246e+06 2.358809e+06 2.358920e+06 2.358786e+06 2.357537e+06 2.354730e+06 2.350235e+06 2.344063e+06 2.336356e+06 2.327401e+06 2.317603e+06 2.270795e+06 2.239274e+06 2.206958e+06 2.169905e+06 2.141255e+06 2.129209e+06 2.138606e+06 2.138339e+06 2.090880e+06 2.002500e+06 1.892863e+06 1.778406e+06
2.346820e+06 2.346820e+06 2.346820e+06 2.346819e+06 2.346814e+06 2.346712e+06 2.346448e+06 2.345162e+06 2.344092e+06 2.342751e+06 2.339292e+06 2.334806e+06 2.329259e+06 2.322625e+06 2.314932e+06 2.306311e+06 2.297004e+06 2.251383e+06 2.219977e+06 2.191711e+06 2.161301e+06 2.138544e+06 2.130291e+06 2.141462e+06 2.139740e+06 2.090688e+06 2.000740e+06 1.889937e+06 1.774772e+06
2.327268e+06 2.327268e+06 2.327268e+06 2.327264e+06 2.327252e+06 2.326915e+06 2.325968e+06 2.322776e+06 2.320742e+06 2.318506e+06 2.313556e+06 2.308047e+06 2.301969e+06 2.295265e+06 2.287898e+06 2.279893e+06 2.271371e+06 2.228879e+06 2.198769e+06 2.174610e+06 2.151104e+06 2.134973e+06 2.131269e+06 2.145126e+06 2.141409e+06 2.090467e+06 1.998846e+06 1.886847e+06 1.770981e+06
2.286249e+06 2.286249e+06 2.286249e+06 2.286248e+06 2.286244e+06 2.286130e+06 2.285752e+06 2.284110e+06 2.282826e+06 2.281263e+06 2.277442e+06 2.272888e+06 2.267731e+06 2.262009e+06 2.255728e+06 2.248907e+06 2.241622e+06 2.204073e+06 2.176316e+06 2.156271e+06 2.139660e+06 2.130596e+06 2.132042e+06 2.149379e+06 2.143450e+06 2.090241e+06 1.996822e+06 1.883596e+06 1.767031e+06
2.238847e+06 2.238847e+06 2.238847e+06 2.238847e+06 2.238847e+06 2.238818e+06 2.238709e+06 2.238137e+06 2.237615e+06 2.236909e+06 2.234918e+06 2.232187e+06 2.228778e+06 2.224737e+06 2.220091e+06 2.214877e+06 2.209160e+06 2.177809e+06 2.153224e+06 2.137262e+06 2.127346e+06 2.125532e+06 2.132558e+06 2.154063e+06 2.146026e+06 2.090042e+06 1.994676e+06 1.880182e+06 1.762921e+06
2.192515e+06 2.192515e+06 2.192515e+06 2.192515e+06 2.192515e+06 2.192516e+06 2.192512e+06 2.192442e+06 2.192342e+06 2.192170e+06 2.191529e+06 2.190384e+06 2.188658e+06 2.186318e+06 2.183359e+06 2.179803e+06 2.175700e+06 2.150943e+06 2.130030e+06 2.118084e+06 2.114549e+06 2.119947e+06 2.132805e+06 2.159044e+06 2.149230e+06 2.089909e+06 1.992420e+06 1.876610e+06 1.758652e+06
2.149982e+06 2.149982e+06 2.149982e+06 2.149982e+06 2.149983e+06 2.150014e+06 2.150102e+06 2.150387e+06 2.150554e+06 2.150714e+06 2.150926e+06 2.150851e+06 2.150346e+06 2.149319e+06 2.147726e+06 2.145562e+06 2.142856e+06 2.124262e+06 2.107197e+06 2.099161e+06 2.101631e+06 2.114034e+06 2.132809e+06 2.164206e+06 2.152878e+06 2.089893e+06 1.990066e+06 1.872882e+06 1.754225e+06
2.113002e+06 2.113002e+06 2.113002e+06 2.113003e+06 2.113004e+06 2.113052e+06 2.113189e+06 2.113670e+06 2.113982e+06 2.114315e+06 2.114957e+06 2.115433e+06 2.115604e+06 2.115369e+06 2.114669e+06 2.113482e+06 2.111816e+06 2.098411e+06 2.085099e+06 2.080837e+06 2.088916e+06 2.107999e+06 2.132622e+06 2.169448e+06 2.156833e+06 2.090064e+06 1.987633e+06 1.869006e+06 1.749642e+06
2.082147e+06 2.082147e+06 2.082147e+06 2.082148e+06 2.082149e+06 2.082206e+06 2.082361e+06 2.082860e+06 2.083165e+06 2.083488e+06 2.084127e+06 2.084669e+06 2.085018e+06 2.085093e+06 2.084836e+06 2.084215e+06 2.083219e+06 2.073846e+06 2.064022e+06 2.063379e+06 2.076681e+06 2.102043e+06 2.132319e+06 2.174684e+06 2.160978e+06 2.090538e+06 1.985142e+06 1.864987e+06 1.744907e+06
2.056904e+06 2.056904e+06 2.056904e+06 2.056905e+06 2.056906e+06 2.056929e+06 2.056985e+06 2.057172e+06 2.057297e+06 2.057436e+06 2.057736e+06 2.058022e+06 2.058235e+06 2.058308e+06 2.058188e+06 2.057834e+06 2.057225e+06 2.050834e+06 2.044162e+06 2.046982e+06 2.065151e+06 2.096351e+06 2.131987e+06 2.179842e+06 2.165211e+06 2.091275e+06 1.982621e+06 1.860837e+06 1.740023e+06
2.034418e+06 2.034418e+06 2.034418e+06 2.034418e+06 2.034418e+06 2.034415e+06 2.034405e+06 2.034362e+06 2.034341e+06 2.034326e+06 2.034328e+06 2.034365e+06 2.034406e+06 2.034401e+06 2.034303e+06 2.034074e+06 2.033687e+06 2.029488e+06 2.025633e+06 2.031780e+06 2.054501e+06 2.091087e+06 2.131714e+06 2.184862e+06 2.169436e+06 2.092149e+06 1.980106e+06 1.856567e+06 1.734997e+06
2.012781e+06 2.012781e+06 2.012781e+06 2.012781e+06 2.012781e+06 2.012784e+06 2.012782e+06 2.012760e+06 2.012746e+06 2.012735e+06 2.012728e+06 2.012743e+06 2.012766e+06 2.012766e+06 2.012712e+06 2.012578e+06 2.012348e+06 2.009811e+06 2.008487e+06 2.017852e+06 2.044856e+06 2.086387e+06 2.131587e+06 2.189699e+06 2.173565e+06 2.093067e+06 1.977655e+06 1.852191e+06 1.729834e+06
1.992073e+06 1.992073e+06 1.992073e+06 1.992073e+06 1.992074e+06 1.992096e+06 1.992153e+06 1.992314e+06 1.992403e+06 1.992494e+06 1.992671e+06 1.992836e+06 1.992974e+06 1.993069e+06 1.993104e+06 1.993072e+06 1.992970e+06 1.991739e+06 1.992722e+06 2.005233e+06 2.036300e+06 2.082355e+06 2.131684e+06 2.194316e+06 2.177517e+06 2.093949e+06 1.975331e+06 1.847728e+06 1.724544e+06
1.973569e+06 1.973569e+06 1.973569e+06 1.973569e+06 1.973570e+06 1.973588e+06 1.973641e+06 1.973845e+06 1.973984e+06 1.974137e+06 1.974457e+06 1.974760e+06 1.975017e+06 1.975208e+06 1.975327e+06 1.975379e+06 1.975373e+06 1.975172e+06 1.978302e+06 1.993926e+06 2.028881e+06 2.079071e+06 2.132072e+06 2.198689e+06 2.181217e+06 2.094723e+06 1.973056e+06 1.843201e+06 1.719135e+06
1.957258e+06 1.957258e+06 1.957258e+06 1.957258e+06 1.957259e+06 1.957286e+06 1.957362e+06 1.957611e+06 1.957766e+06 1.957934e+06 1.958285e+06 1.958619e+06 1.958904e+06 1.959121e+06 1.959266e+06 1.959349e+06 1.959391e+06 1.959987e+06 1.965164e+06 1.983903e+06 2.022613e+06 2.076582e+06 2.132801e+06 2.202797e+06 2.184600e+06 2.095321e+06 1.970755e+06 1.838640e+06 1.713619e+06
1.943318e+06 1.943318e+06 1.943318e+06 1.943318e+06 1.943319e+06 1.943334e+06 1.943379e+06 1.943539e+06 1.943647e+06 1.943767e+06 1.944023e+06 1.944273e+06 1.944486e+06 1.944643e+06 1.944742e+06 1.944797e+06 1.944835e+06 1.946047e+06 1.953227e+06 1.975122e+06 2.017489e+06 2.074913e+06 2.133908e+06 2.206630e+06 2.187607e+06 2.095681e+06 1.968370e+06 1.834096e+06 1.708009e+06
1.930888e+06 1.930888e+06 1.930888e+06 1.930888e+06 1.930889e+06 1.930900e+06 1.930928e+06 1.931010e+06 1.931060e+06 1.931115e+06 1.931233e+06 1.931347e+06 1.931435e+06 1.931483e+06 1.931493e+06 1.931481e+06 1.931483e+06 1.933207e+06 1.942405e+06 1.967523e+06 2.013480e+06 2.074068e+06 2.135412e+06 2.210176e+06 2.190186e+06 2.095745e+06 1.965851e+06 1.829582e+06 1.702322e+06
1.919354e+06 1.919354e+06 1.919354e+06 1.919354e+06 1.919354e+06 1.919354e+06 1.919353e+06 1.919358e+06 1.919365e+06 1.919374e+06 1.919391e+06 1.919393e+06 1.919367e+06 1.919307e+06 1.919221e+06 1.919137e+06 1.919095e+06 1.921324e+06 1.932608e+06 1.961044e+06 2.010542e+06 2.074029e+06 2.137318e+06 2.213429e+06 2.192294e+06 2.095461e+06 1.963151e+06 1.825035e+06 1.696579e+06
1.908069e+06 1.908069e+06 1.908069e+06 1.908069e+06 1.908069e+06 1.908076e+06 1.908094e+06 1.908134e+06 1.908147e+06 1.908152e+06 1.908132e+06 1.908067e+06 1.907960e+06 1.907816e+06 1.907657e+06 1.907519e+06 1.907452e+06 1.910269e+06 1.923751e+06 1.955616e+06 2.008621e+06 2.074764e+06 2.139617e+06 2.216382e+06 2.193893e+06 2.094782e+06 1.960228e+06 1.820410e+06 1.690806e+06
1.897354e+06 1.897354e+06 1.897354e+06 1.897354e+06 1.897354e+06 1.897359e+06 1.897368e+06 1.897381e+06 1.897375e+06 1.897357e+06 1.897281e+06 1.897154e+06 1.896986e+06 1.896791e+06 1.896594e+06 1.896438e+06 1.896380e+06 1.899931e+06 1.915758e+06 1.951171e+06 2.007656e+06 2.076230e+06 2.142287e+06 2.219028e+06 2.194954e+06 2.093665e+06 1.957045e+06 1.815675e+06 1.685045e+06
1.887009e+06 1.887009e+06 1.887009e+06 1.887009e+06 1.887009e+06 1.887002e+06 1.886980e+06 1.886902e+06 1.886848e+06 1.886786e+06 1.886640e+06 1.886469e+06 1.886278e+06 1.886078e+06 1.885893e+06 1.885768e+06 1.885764e+06 1.890231e+06 1.908564e+06 1.947645e+06 2.007581e+06 2.078373e+06 2.145296e+06 2.221358e+06 2.195452e+06 2.092074e+06 1.953566e+06 1.810797e+06 1.679275e+06
1.876305e+06 1.876305e+06 1.876305e+06 1.876305e+06 1.876305e+06 1.876304e+06 1.876292e+06 1.876229e+06 1.876182e+06 1.876128e+06 1.876009e+06 1.875882e+06 1.875749e+06 1.875615e+06 1.875505e+06 1.875464e+06 1.875561e+06 1.881119e+06 1.902116e+06 1.944976e+06 2.008328e+06 2.081131e+06 2.148604e+06 2.223362e+06 2.195370e+06 2.089978e+06 1.949761e+06 1.805751e+06 1.673460e+06
1.865395e+06 1.865395e+06 1.865395e+06 1.865395e+06 1.865395e+06 1.865398e+06 1.865405e+06 1.865422e+06 1.865431e+06 1.865441e+06 1.865459e+06 1.865473e+06 1.865476e+06 1.865471e+06 1.865483e+06 1.865565e+06 1.865795e+06 1.872570e+06 1.896374e+06 1.943109e+06 2.009829e+06 2.084440e+06 2.152160e+06 2.225027e+06 2.194693e+06 2.087352e+06 1.945602e+06 1.800513e+06 1.667574e+06
1.854857e+06 1.854857e+06 1.854857e+06 1.854857e+06 1.854857e+06 1.854865e+06 1.854893e+06 1.855009e+06 1.855088e+06 1.855175e+06 1.855360e+06 1.855537e+06 1.855690e+06 1.855822e+06 1.855960e+06 1.856167e+06 1.856531e+06 1.864577e+06 1.891307e+06 1.941993e+06 2.012015e+06 2.088229e+06 2.155913e+06 2.226338e+06 2.193411e+06 2.084175e+06 1.941064e+06 1.795060e+06 1.661596e+06
1.845344e+06 1.845344e+06 1.845344e+06 1.845344e+06 1.845345e+06 1.845364e+06 1.845419e+06 1.845610e+06 1.845732e+06 1.845864e+06 1.846139e+06 1.846404e+06 1.846640e+06 1.846851e+06 1.847070e+06 1.847365e+06 1.847837e+06 1.857139e+06 1.886894e+06 1.941584e+06 2.014822e+06 2.092428e+06 2.159804e+06 2.227280e+06 2.191519e+06 2.080431e+06 1.936128e+06 1.789374e+06 1.655510e+06
1.837356e+06 1.837356e+06 1.837356e+06 1.837356e+06 1.837356e+06 1.837369e+06 1.837409e+06 1.837551e+06 1.837646e+06 1.837752e+06 1.837980e+06 1.838210e+06 1.838426e+06 1.838631e+06 1.838863e+06 1.839194e+06 1.839736e+06 1.850252e+06 1.883115e+06 1.941840e+06 2.018183e+06 2.096965e+06 2.163774e+06 2.227832e+06 2.189014e+06 2.076112e+06 1.930777e+06 1.783437e+06 1.649299e+06
1.830435e+06 1.830435e+06 1.830435e+06 1.830435e+06 1.830435e+06 1.830437e+06 1.830447e+06 1.830495e+06 1.830531e+06 1.830576e+06 1.830684e+06 1.830807e+06 1.830937e+06 1.831081e+06 1.831278e+06 1.831610e+06 1.832193e+06 1.843906e+06 1.879957e+06 1.942723e+06 2.022037e+06 2.101768e+06 2.167759e+06 2.227975e+06 2.185894e+06 2.071211e+06 1.924998e+06 1.777236e+06 1.642951e+06
1.823827e+06 1.823827e+06 1.823827e+06 1.823827e+06 1.823827e+06 1.823829e+06 1.823832e+06 1.823837e+06 1.823840e+06 1.823845e+06 1.823864e+06 1.823897e+06 1.823946e+06 1.824026e+06 1.824186e+06 1.824513e+06 1.825136e+06 1.838086e+06 1.877410e+06 1.944200e+06 2.026324e+06 2.106768e+06 2.171698e+06 2.227688e+06 2.182162e+06 2.065726e+06 1.918782e+06 1.770758e+06 1.636454e+06
1.817247e+06 1.817247e+06 1.817247e+06 1.817247e+06 1.817247e+06 1.817248e+06 1.817250e+06 1.817252e+06 1.817250e+06 1.817247e+06 1.817239e+06 1.817238e+06 1.817253e+06 1.817308e+06 1.817460e+06 1.817808e+06 1.818492e+06 1.832782e+06 1.875466e+06 1.946239e+06 2.030984e+06 2.111892e+06 2.175527e+06 2.226948e+06 2.177821e+06 2.059660e+06 1.912123e+06 1.763994e+06 1.629797e+06
1.810695e+06 1.810695e+06 1.810695e+06 1.810695e+06 1.810695e+06 1.810696e+06 1.810699e+06 1.810704e+06 1.810707e+06 1.810709e+06 1.810717e+06 1.810733e+06 1.810767e+06 1.810847e+06 1.811036e+06 1.811443e+06 1.812222e+06 1.827993e+06 1.874124e+06 1.948809e+06 2.035958e+06 2.117071e+06 2.179185e+06 2.225732e+06 2.172875e+06 2.053018e+06 1.905018e+06 1.756936e+06 1.622973e+06
1.804184e+06 1.804184e+06 1.804184e+06 1.804184e+06 1.804184e+06 1.804189e+06 1.804200e+06 1.804233e+06 1.804255e+06 1.804279e+06 1.804338e+06 1.804412e+06 1.804508e+06 1.804655e+06 1.804921e+06 1.805425e+06 1.806335e+06 1.823736e+06 1.873386e+06 1.951880e+06 2.041188e+06 2.122236e+06 2.182608e+06 2.224019e+06 2.167330e+06 2.045809e+06 1.897470e+06 1.749579e+06 1.615974e+06
1.797921e+06 1.797921e+06 1.797921e+06 1.797921e+06 1.797921e+06 1.797926e+06 1.797943e+06 1.798008e+06 1.798055e+06 1.798110e+06 1.798239e+06 1.798393e+06 1.798576e+06 1.798817e+06 1.799187e+06 1.799815e+06 1.800883e+06 1.820044e+06 1.873259e+06 1.955422e+06 2.046615e+06 2.127318e+06 2.185737e+06 2.221785e+06 2.161193e+06 2.038044e+06 1.889480e+06 1.741920e+06 1.608795e+06
1.792109e+06 1.792109e+06 1.792109e+06 1.792109e+06 1.792109e+06 1.792119e+06 1.792149e+06 1.792254e+06 1.792326e+06 1.792409e+06 1.792605e+06 1.792839e+06 1.793112e+06 1.793454e+06 1.793939e+06 1.794706e+06 1.795947e+06 1.816962e+06 1.873751e+06 1.959400e+06 2.052175e+06 2.132248e+06 2.188511e+06 2.219010e+06 2.154471e+06 2.029736e+06 1.881057e+06 1.733959e+06 1.601431e+06
1.787012e+06 1.787012e+06 1.787012e+06 1.787012e+06 1.787012e+06 1.787023e+06 1.787054e+06 1.787171e+06 1.787255e+06 1.787355e+06 1.787600e+06 1.787899e+06 1.788254e+06 1.788692e+06 1.789293e+06 1.790201e+06 1.791623e+06 1.814544e+06 1.874871e+06 1.963778e+06 2.057806e+06 2.136957e+06 2.190872e+06 2.215672e+06 2.147172e+06 2.020900e+06 1.872208e+06 1.725697e+06 1.593880e+06
1.782653e+06 1.782653e+06 1.782653e+06 1.782653e+06 1.782654e+06 1.782664e+06 1.782697e+06 1.782827e+06 1.782924e+06 1.783040e+06 1.783329e+06 1.783687e+06 1.784115e+06 1.784643e+06 1.785353e+06 1.786400e+06 1.788001e+06 1.812844e+06 1.876621e+06 1.968512e+06 2.063440e+06 2.141377e+06 2.192763e+06 2.211753e+06 2.139306e+06 2.011554e+06 1.862946e+06 1.717139e+06 1.586140e+06
1.779079e+06 1.779079e+06 1.779079e+06 1.779080e+06 1.779080e+06 1.779095e+06 1.779138e+06 1.779300e+06 1.779415e+06 1.779550e+06 1.779882e+06 1.780293e+06 1.780787e+06 1.781395e+06 1.782209e+06 1.783389e+06 1.785167e+06 1.811914e+06 1.879001e+06 1.973552e+06 2.069005e+06 2.145438e+06 2.194131e+06 2.207235e+06 2.130882e+06 2.001716e+06 1.853282e+06 1.708289e+06 1.578213e+06
1.776495e+06 1.776495e+06 1.776495e+06 1.776496e+06 1.776496e+06 1.776510e+06 1.776551e+06 1.776713e+06 1.776831e+06 1.776975e+06 1.777334e+06 1.777788e+06 1.778341e+06 1.779025e+06 1.779936e+06 1.781246e+06 1.783196e+06 1.811801e+06 1.881998e+06 1.978839e+06 2.074428e+06 2.149071e+06 2.194921e+06 2.202102e+06 2.121912e+06 1.991404e+06 1.843233e+06 1.699154e+06 1.570098e+06
1.774830e+06 1.774830e+06 1.774830e+06 1.774830e+06 1.774830e+06 1.774843e+06 1.774884e+06 1.775048e+06 1.775173e+06 1.775327e+06 1.775720e+06 1.776222e+06 1.776836e+06 1.777596e+06 1.778602e+06 1.780037e+06 1.782154e+06 1.812540e+06 1.885591e+06 1.984309e+06 2.079629e+06 2.152208e+06 2.195084e+06 2.196341e+06 2.112406e+06 1.980638e+06 1.832813e+06 1.689743e+06 1.561800e+06
1.774031e+06 1.774031e+06 1.774031e+06 1.774031e+06 1.774032e+06 1.774051e+06 1.774107e+06 1.774318e+06 1.774469e+06 1.774650e+06 1.775097e+06 1.775657e+06 1.776335e+06 1.777169e+06 1.778267e+06 1.779821e+06 1.782098e+06 1.814158e+06 1.889747e+06 1.989888e+06 2.084530e+06 2.154784e+06 2.194573e+06 2.189941e+06 2.102376e+06 1.969440e+06 1.822042e+06 1.680066e+06 1.553321e+06
1.774420e+06 1.774420e+06 1.774420e+06 1.774420e+06 1.774421e+06 1.774440e+06 1.774497e+06 1.774722e+06 1.774885e+06 1.775081e+06 1.775566e+06 1.776172e+06 1.776904e+06 1.777805e+06 1.778987e+06 1.780653e+06 1.783079e+06 1.816670e+06 1.894422e+06 1.995497e+06 2.089050e+06 2.156733e+06 2.193345e+06 2.182893e+06 2.091836e+06 1.957830e+06 1.810937e+06 1.670136e+06 1.544667e+06
1.776024e+06 1.776024e+06 1.776024e+06 1.776024e+06 1.776025e+06 1.776043e+06 1.776100e+06 1.776322e+06 1.776486e+06 1.776685e+06 1.777185e+06 1.777818e+06 1.778591e+06 1.779549e+06 1.780808e+06 1.782576e+06 1.785140e+06 1.820081e+06 1.899565e+06 2.001053e+06 2.093108e+06 2.157995e+06 2.191361e+06 2.175192e+06 2.080800e+06 1.945830e+06 1.799518e+06 1.659963e+06 1.535844e+06
1.778765e+06 1.778765e+06 1.778765e+06 1.778765e+06 1.778766e+06 1.778784e+06 1.778841e+06 1.779065e+06 1.779230e+06 1.779432e+06 1.779945e+06 1.780604e+06 1.781417e+06 1.782429e+06 1.783760e+06 1.785624e+06 1.788312e+06 1.824387e+06 1.905115e+06 2.006472e+06 2.096628e+06 2.158515e+06 2.188588e+06 2.166836e+06 2.069283e+06 1.933462e+06 1.787804e+06 1.649562e+06 1.526859e+06
1.782604e+06 1.782604e+06 1.782604e+06 1.782605e+06 1.782605e+06 1.782624e+06 1.782681e+06 1.782910e+06 1.783083e+06 1.783295e+06 1.783836e+06 1.784534e+06 1.785397e+06 1.786470e+06 1.787874e+06 1.789827e+06 1.792625e+06 1.829573e+06 1.911007e+06 2.011668e+06 2.099536e+06 2.158242e+06 2.184996e+06 2.157823e+06 2.057299e+06 1.920747e+06 1.775815e+06 1.638947e+06 1.517720e+06
1.787515e+06 1.787515e+06 1.787515e+06 1.787515e+06 1.787516e+06 1.787539e+06 1.787608e+06 1.787872e+06 1.788066e+06 1.788301e+06 1.788894e+06 1.789649e+06 1.790573e+06 1.791711e+06 1.793186e+06 1.795217e+06 1.798104e+06 1.835618e+06 1.917173e+06 2.016560e+06 2.101765e+06 2.157133e+06 2.180564e+06 2.148160e+06 2.044867e+06 1.907708e+06 1.763573e+06 1.628132e+06 1.508435e+06
1.793719e+06 1.793719e+06 1.793719e+06 1.793719e+06 1.793720e+06 1.793744e+06 1.793816e+06 1.794103e+06 1.794316e+06 1.794573e+06 1.795215e+06 1.796026e+06 1.797007e+06 1.798203e+06 1.799736e+06 1.801826e+06 1.804772e+06 1.842491e+06 1.923540e+06 2.021068e+06 2.103252e+06 2.155149e+06 2.175273e+06 2.137852e+06 2.032004e+06 1.894367e+06 1.751097e+06 1.617133e+06 1.499015e+06
1.801316e+06 1.801316e+06 1.801316e+06 1.801316e+06 1.801317e+06 1.801343e+06 1.801420e+06 1.801723e+06 1.801946e+06 1.802216e+06 1.802891e+06 1.803737e+06 1.804757e+06 1.805990e+06 1.807557e+06 1.809673e+06 1.812637e+06 1.850145e+06 1.930030e+06 2.025117e+06 2.103945e+06 2.152262e+06 2.169115e+06 2.126909e+06 2.018728e+06 1.880745e+06 1.738409e+06 1.605966e+06 1.489468e+06
1.810359e+06 1.810359e+06 1.810359e+06 1.810359e+06 1.810360e+06 1.810385e+06 1.810463e+06 1.810771e+06 1.810998e+06 1.811272e+06 1.811957e+06 1.812815e+06 1.813844e+06 1.815083e+06 1.816647e+06 1.818748e+06 1.821677e+06 1.858517e+06 1.936560e+06 2.028633e+06 2.103794e+06 2.148448e+06 2.162083e+06 2.115345e+06 2.005059e+06 1.866864e+06 1.725528e+06 1.594647e+06 1.479805e+06
1.820823e+06 1.820823e+06 1.820823e+06 1.820823e+06 1.820824e+06 1.820849e+06 1.820925e+06 1.821228e+06 1.821451e+06 1.821721e+06 1.822392e+06 1.823230e+06 1.824236e+06 1.825443e+06 1.826963e+06 1.829000e+06 1.831834e+06 1.867513e+06 1.943033e+06 2.031543e+06 2.102759e+06 2.143691e+06 2.154180e+06 2.103176e+06 1.991018e+06 1.852747e+06 1.712475e+06 1.583191e+06 1.470037e+06
1.832623e+06 1.832623e+06 1.832623e+06 1.832623e+06 1.832624e+06 1.832649e+06 1.832724e+06 1.833013e+06 1.833223e+06 1.833474e+06 1.834101e+06 1.834889e+06 1.835839e+06 1.836979e+06 1.838411e+06 1.840330e+06 1.843005e+06 1.877005e+06 1.949335e+06 2.033773e+06 2.100802e+06 2.137983e+06 2.145413e+06 2.090422e+06 1.976625e+06 1.838415e+06 1.699270e+06 1.571615e+06 1.460175e+06
1.845644e+06 1.845644e+06 1.845644e+06 1.845644e+06 1.845645e+06 1.845663e+06 1.845718e+06 1.845950e+06 1.846127e+06 1.846347e+06 1.846911e+06 1.847633e+06 1.848505e+06 1.849547e+06 1.850848e+06 1.852590e+06 1.855034e+06 1.886822e+06 1.955333e+06 2.035244e+06 2.097890e+06 2.131320e+06 2.135793e+06 2.077103e+06 1.961904e+06 1.823888e+06 1.685932e+06 1.559934e+06 1.450231e+06
1.859409e+06 1.859409e+06 1.859409e+06 1.859409e+06 1.859409e+06 1.859427e+06 1.859481e+06 1.859703e+06 1.859872e+06 1.860081e+06 1.860612e+06 1.861279e+06 1.862062e+06 1.862971e+06 1.864087e+06 1.865584e+06 1.867713e+06 1.896744e+06 1.960871e+06 2.035874e+06 2.093995e+06 2.123703e+06 2.125338e+06 2.063244e+06 1.946876e+06 1.809188e+06 1.672481e+06 1.548165e+06 1.440215e+06
1.873831e+06 1.873831e+06 1.873831e+06 1.873831e+06 1.873832e+06 1.873854e+06 1.873920e+06 1.874174e+06 1.874356e+06 1.874572e+06 1.875086e+06 1.875683e+06 1.876335e+06 1.877045e+06 1.877893e+06 1.879048e+06 1.880760e+06 1.906496e+06 1.965765e+06 2.035575e+06 2.089091e+06 2.115139e+06 2.114068e+06 2.048872e+06 1.931564e+06 1.794335e+06 1.658935e+06 1.536323e+06 1.430140e+06
1.889159e+06 1.889159e+06 1.889159e+06 1.889159e+06 1.889160e+06 1.889182e+06 1.889248e+06 1.889489e+06 1.889653e+06 1.889838e+06 1.890251e+06 1.890679e+06 1.891085e+06 1.891475e+06 1.891931e+06 1.892623e+06 1.893799e+06 1.915744e+06 1.969815e+06 2.034256e+06 2.083155e+06 2.105639e+06 2.102010e+06 2.034014e+06 1.915992e+06 1.779351e+06 1.645311e+06 1.524423e+06 1.420017e+06
1.905346e+06 1.905346e+06 1.905346e+06 1.905346e+06 1.905347e+06 1.905351e+06 1.905371e+06 1.905475e+06 1.905553e+06 1.905637e+06 1.905794e+06 1.905885e+06 1.905876e+06 1.905785e+06 1.905700e+06 1.905798e+06 1.906325e+06 1.924105e+06 1.972801e+06 2.031825e+06 2.076167e+06 2.095220e+06 2.089191e+06 2.018701e+06 1.900185e+06 1.764254e+06 1.631629e+06 1.512479e+06 1.409857e+06
1.921341e+06 1.921341e+06 1.921341e+06 1.921341e+06 1.921342e+06 1.921346e+06 1.921358e+06 1.921357e+06 1.921319e+06 1.921246e+06 1.920983e+06 1.920553e+06 1.919958e+06 1.919237e+06 1.918490e+06 1.917896e+06 1.917699e+06 1.931163e+06 1.974503e+06 2.028195e+06 2.068115e+06 2.083901e+06 2.075644e+06 2.002963e+06 1.884165e+06 1.749064e+06 1.617903e+06 1.500508e+06 1.399671e+06
1.936744e+06 1.936744e+06 1.936744e+06 1.936743e+06 1.936742e+06 1.936692e+06 1.936564e+06 1.936137e+06 1.935839e+06 1.935485e+06 1.934613e+06 1.933533e+06 1.932264e+06 1.930855e+06 1.929414e+06 1.928116e+06 1.927198e+06 1.936499e+06 1.974712e+06 2.023289e+06 2.058991e+06 2.071706e+06 2.061403e+06 1.986832e+06 1.867957e+06 1.733800e+06 1.604152e+06 1.488522e+06 1.389471e+06
1.948377e+06 1.948377e+06 1.948377e+06 1.948376e+06 1.948374e+06 1.948319e+06 1.948147e+06 1.947471e+06 1.946987e+06 1.946417e+06 1.945053e+06 1.943428e+06 1.941586e+06 1.939591e+06 1.937554e+06 1.935652e+06 1.934111e+06 1.939734e+06 1.973244e+06 2.017044e+06 2.048797e+06 2.058665e+06 2.046508e+06 1.970342e+06 1.851585e+06 1.718482e+06 1.590390e+06 1.476534e+06 1.379268e+06
1.954722e+06 1.954722e+06 1.954722e+06 1.954722e+06 1.954720e+06 1.954664e+06 1.954487e+06 1.953776e+06 1.953246e+06 1.952607e+06 1.951035e+06 1.949130e+06 1.946958e+06 1.944598e+06 1.942172e+06 1.939854e+06 1.937868e+06 1.940565e+06 1.969960e+06 2.009419e+06 2.037545e+06 2.044814e+06 2.030997e+06 1.953526e+06 1.835073e+06 1.703126e+06 1.576633e+06 1.464559e+06 1.369072e+06
1.955869e+06 1.955869e+06 1.955869e+06 1.955869e+06 1.955867e+06 1.955809e+06 1.955626e+06 1.954900e+06 1.954363e+06 1.953718e+06 1.952125e+06 1.950173e+06 1.947921e+06 1.945445e+06 1.942866e+06 1.940357e+06 1.938137e+06 1.938804e+06 1.964774e+06 2.000400e+06 2.025260e+06 2.030190e+06 2.014913e+06 1.936418e+06 1.818446e+06 1.687750e+06 1.562894e+06 1.452608e+06 1.358894e+06
1.951885e+06 1.951885e+06 1.951885e+06 1.951884e+06 1.951882e+06 1.951824e+06 1.951648e+06 1.950984e+06 1.950500e+06 1.949917e+06 1.948463e+06 1.946649e+06 1.944515e+06 1.942130e+06 1.939607e+06 1.937112e+06 1.934855e+06 1.934388e+06 1.957661e+06 1.989998e+06 2.011976e+06 2.014840e+06 1.998302e+06 1.919052e+06 1.801725e+06 1.672371e+06 1.549189e+06 1.440694e+06 1.348743e+06
1.943365e+06 1.943365e+06 1.943365e+06 1.943365e+06 1.943364e+06 1.943327e+06 1.943211e+06 1.942719e+06 1.942335e+06 1.941858e+06 1.940631e+06 1.939053e+06 1.937156e+06 1.934994e+06 1.932669e+06 1.930337e+06 1.928199e+06 1.927376e+06 1.948656e+06 1.978253e+06 1.997741e+06 1.998813e+06 1.981209e+06 1.901462e+06 1.784934e+06 1.657006e+06 1.535529e+06 1.428827e+06 1.338629e+06
1.931794e+06 1.931794e+06 1.931794e+06 1.931793e+06 1.931792e+06 1.931755e+06 1.931639e+06 1.931189e+06 1.930857e+06 1.930452e+06 1.929420e+06 1.928083e+06 1.926452e+06 1.924566e+06 1.922510e+06 1.920428e+06 1.918508e+06 1.917929e+06 1.937848e+06 1.965232e+06 1.982615e+06 1.982162e+06 1.963682e+06 1.883683e+06 1.768096e+06 1.641670e+06 1.521928e+06 1.417018e+06 1.328562e+06
1.917414e+06 1.917414e+06 1.917414e+06 1.917414e+06 1.917413e+06 1.917390e+06 1.917312e+06 1.916973e+06 1.916708e+06 1.916380e+06 1.915528e+06 1.914413e+06 1.913037e+06 1.911428e+06 1.909660e+06 1.907861e+06 1.906207e+06 1.906280e+06 1.925369e+06 1.951023e+06 1.966666e+06 1.964947e+06 1.945771e+06 1.865746e+06 1.751231e+06 1.626379e+06 1.508397e+06 1.405278e+06 1.318549e+06
