1.364901e+03 6.451843e+02 4.707128e+02 2.617325e+02 2.151862e+02 1.174999e+02 9.154913e+01 7.841722e+01 7.710132e+01 7.717718e+01 7.942389e+01 8.240896e+01 8.441842e+01 8.447504e+01 8.244637e+01 7.887057e+01 7.454205e+01 5.783859e+01 5.392874e+01 5.625631e+01 6.145514e+01 6.862588e+01 7.799750e+01 1.073309e+02 1.608987e+02 2.523160e+02 3.936055e+02 5.934662e+02 8.572209e+02
1.138111e+02 1.138109e+02 1.138093e+02 1.136560e+02 1.128183e+02 9.859576e+01 8.552184e+01 7.709783e+01 7.644699e+01 7.690636e+01 7.954397e+01 8.267427e+01 8.470172e+01 8.471183e+01 8.261503e+01 7.897577e+01 7.459999e+01 5.785557e+01 5.398900e+01 5.635061e+01 6.157350e+01 6.876518e+01 7.816082e+01 1.075723e+02 1.612845e+02 2.529300e+02 3.945333e+02 5.947836e+02 8.589884e+02
8.720366e+01 8.720372e+01 8.720379e+01 8.719402e+01 8.711935e+01 8.462515e+01 7.955297e+01 7.571380e+01 7.580064e+01 7.667845e+01 7.972551e+01 8.299260e+01 8.502234e+01 8.497101e+01 8.279494e+01 7.908525e+01 7.465852e+01 5.787273e+01 5.405145e+01 5.644772e+01 6.169478e+01 6.890742e+01 7.832721e+01 1.078174e+02 1.616756e+02 2.535516e+02 3.954714e+02 5.961140e+02 8.607716e+02
7.624042e+01 7.624049e+01 7.624067e+01 7.625011e+01 7.630537e+01 7.619332e+01 7.615846e+01 7.449433e+01 7.524567e+01 7.653232e+01 7.998068e+01 8.336800e+01 8.538099e+01 8.525194e+01 8.298508e+01 7.919804e+01 7.471689e+01 5.789000e+01 5.411614e+01 5.654768e+01 6.181901e+01 6.905264e+01 7.849669e+01 1.080665e+02 1.620721e+02 2.541810e+02 3.964198e+02 5.974576e+02 8.625707e+02
7.339483e+01 7.339490e+01 7.339509e+01 7.339940e+01 7.340749e+01 7.314580e+01 7.366679e+01 7.390382e+01 7.492438e+01 7.652385e+01 8.032200e+01 8.380319e+01 8.577725e+01 8.555320e+01 8.318396e+01 7.931291e+01 7.477418e+01 5.790731e+01 5.418311e+01 5.665054e+01 6.194623e+01 6.920087e+01 7.866930e+01 1.083195e+02 1.624742e+02 2.548181e+02 3.973787e+02 5.988144e+02 8.643858e+02
7.203741e+01 7.203747e+01 7.203765e+01 7.204201e+01 7.205165e+01 7.194746e+01 7.214208e+01 7.411127e+01 7.512514e+01 7.675583e+01 8.076816e+01 8.430105e+01 8.620994e+01 8.587274e+01 8.338965e+01 7.942836e+01 7.482934e+01 5.792459e+01 5.425239e+01 5.675634e+01 6.207648e+01 6.935214e+01 7.884506e+01 1.085764e+02 1.628818e+02 2.554630e+02 3.983481e+02 6.001846e+02 8.662170e+02
7.126236e+01 7.126240e+01 7.126254e+01 7.126624e+01 7.127584e+01 7.136270e+01 7.160851e+01 7.463041e+01 7.589478e+01 7.742433e+01 8.135265e+01 8.486711e+01 8.667804e+01 8.620821e+01 8.359996e+01 7.954272e+01 7.488120e+01 5.794174e+01 5.432402e+01 5.686510e+01 6.220978e+01 6.950647e+01 7.902401e+01 1.088373e+02 1.632951e+02 2.561159e+02 3.993282e+02 6.015683e+02 8.680644e+02
7.102744e+01 7.102748e+01 7.102760e+01 7.103101e+01 7.104132e+01 7.138634e+01 7.190345e+01 7.528266e+01 7.693708e+01 7.852107e+01 8.213572e+01 8.551276e+01 8.718185e+01 8.655740e+01 8.381262e+01 7.965423e+01 7.492854e+01 5.795868e+01 5.439803e+01 5.697688e+01 6.234617e+01 6.966390e+01 7.920618e+01 1.091022e+02 1.637140e+02 2.567768e+02 4.003189e+02 6.029655e+02 8.699282e+02
7.194124e+01 7.194129e+01 7.194141e+01 7.194510e+01 7.195586e+01 7.230043e+01 7.288197e+01 7.610906e+01 7.809677e+01 7.984692e+01 8.321855e+01 8.625909e+01 8.772438e+01 8.691894e+01 8.402558e+01 7.976117e+01 7.497015e+01 5.797532e+01 5.447445e+01 5.709171e+01 6.248567e+01 6.982446e+01 7.939159e+01 1.093712e+02 1.641387e+02 2.574457e+02 4.013205e+02 6.043764e+02 8.718084e+02
7.358596e+01 7.358600e+01 7.358611e+01 7.358949e+01 7.359902e+01 7.382875e+01 7.433532e+01 7.718814e+01 7.933894e+01 8.127884e+01 8.455295e+01 8.714430e+01 8.831293e+01 8.729289e+01 8.423733e+01 7.986207e+01 7.500493e+01 5.799156e+01 5.455331e+01 5.720962e+01 6.262832e+01 6.998816e+01 7.958027e+01 1.096444e+02 1.645692e+02 2.581228e+02 4.023330e+02 6.058010e+02 8.737052e+02
7.529780e+01 7.529783e+01 7.529793e+01 7.530103e+01 7.531008e+01 7.554229e+01 7.606349e+01 7.855074e+01 8.069115e+01 8.276081e+01 8.603195e+01 8.822119e+01 8.896122e+01 8.768151e+01 8.444728e+01 7.995586e+01 7.503199e+01 5.800736e+01 5.463464e+01 5.733063e+01 6.277414e+01 7.015503e+01 7.977225e+01 1.099216e+02 1.650055e+02 2.588082e+02 4.033565e+02 6.072396e+02 8.756186e+02
8.628990e+01 8.628993e+01 8.629001e+01 8.629253e+01 8.630006e+01 8.650591e+01 8.705504e+01 8.859923e+01 8.968794e+01 9.103862e+01 9.358630e+01 9.450634e+01 9.328313e+01 9.012929e+01 8.557226e+01 8.033534e+01 7.504809e+01 5.807915e+01 5.507950e+01 5.798335e+01 6.355163e+01 7.103782e+01 8.078254e+01 1.113717e+02 1.672770e+02 2.623611e+02 4.086422e+02 6.146444e+02 8.854403e+02
1.002855e+02 1.002854e+02 1.002853e+02 1.002816e+02 1.002734e+02 1.001656e+02 1.000730e+02 9.991839e+01 9.978407e+01 9.969607e+01 9.968180e+01 9.904598e+01 9.671207e+01 9.246905e+01 8.689591e+01 8.084764e+01 7.505907e+01 5.815309e+01 5.559261e+01 5.871794e+01 6.441162e+01 7.200313e+01 8.187898e+01 1.129313e+02 1.697036e+02 2.661316e+02 4.142174e+02 6.224129e+02 8.956967e+02
1.069818e+02 1.069818e+02 1.069817e+02 1.069799e+02 1.069742e+02 1.068731e+02 1.066869e+02 1.059023e+02 1.052612e+02 1.044937e+02 1.027565e+02 1.006172e+02 9.744959e+01 9.285741e+01 8.711820e+01 8.095231e+01 7.507610e+01 5.829352e+01 5.618653e+01 5.953847e+01 6.535637e+01 7.305312e+01 8.306433e+01 1.146055e+02 1.722928e+02 2.701298e+02 4.200944e+02 6.305590e+02 9.064030e+02
1.066446e+02 1.066446e+02 1.066445e+02 1.066435e+02 1.066403e+02 1.065644e+02 1.063540e+02 1.055142e+02 1.048699e+02 1.040716e+02 1.020303e+02 9.936311e+01 9.583902e+01 9.127118e+01 8.584588e+01 8.009094e+01 7.459134e+01 5.865360e+01 5.688745e+01 6.045165e+01 6.638846e+01 7.418979e+01 8.434113e+01 1.163989e+02 1.750524e+02 2.743661e+02 4.262858e+02 6.390970e+02 9.175745e+02
1.017707e+02 1.017707e+02 1.017706e+02 1.017702e+02 1.017688e+02 1.017182e+02 1.015645e+02 1.009930e+02 1.005640e+02 1.000137e+02 9.843690e+01 9.606147e+01 9.274943e+01 8.850530e+01 8.358527e+01 7.844647e+01 7.355948e+01 5.924662e+01 5.774402e+01 6.146941e+01 6.751184e+01 7.541549e+01 8.571202e+01 1.183167e+02 1.779902e+02 2.788513e+02 4.328048e+02 6.480417e+02 9.292269e+02
9.519546e+01 9.519546e+01 9.519546e+01 9.519542e+01 9.519529e+01 9.519079e+01 9.517873e+01 9.504282e+01 9.487728e+01 9.461543e+01 9.365545e+01 9.186370e+01 8.906888e+01 8.534003e+01 8.099687e+01 7.649449e+01 7.225094e+01 5.995359e+01 5.883749e+01 6.261200e+01 6.873310e+01 7.673348e+01 8.718005e+01 1.203640e+02 1.811145e+02 2.835965e+02 4.396647e+02 6.574080e+02 9.413761e+02
8.992834e+01 8.992834e+01 8.992833e+01 8.992821e+01 8.992782e+01 8.991814e+01 8.989579e+01 8.981811e+01 8.974360e+01 8.961570e+01 8.904146e+01 8.774482e+01 8.548954e+01 8.231808e+01 7.855167e+01 7.464058e+01 7.098092e+01 6.072050e+01 6.014671e+01 6.391389e+01 7.006298e+01 7.814877e+01 8.874912e+01 1.225466e+02 1.844339e+02 2.886131e+02 4.468794e+02 6.672113e+02 9.540385e+02
8.554917e+01 8.554917e+01 8.554917e+01 8.554911e+01 8.554890e+01 8.554846e+01 8.555582e+01 8.555656e+01 8.553409e+01 8.547711e+01 8.512934e+01 8.418738e+01 8.238894e+01 7.973184e+01 7.650058e+01 7.311963e+01 6.996650e+01 6.154430e+01 6.160920e+01 6.542269e+01 7.151841e+01 7.966888e+01 9.042446e+01 1.248706e+02 1.879577e+02 2.939134e+02 4.544631e+02 6.774676e+02 9.672306e+02
8.220069e+01 8.220069e+01 8.220069e+01 8.220064e+01 8.220052e+01 8.219951e+01 8.220043e+01 8.221768e+01 8.222594e+01 8.221550e+01 8.202126e+01 8.133841e+01 7.990810e+01 7.769647e+01 7.494213e+01 7.203015e+01 6.931393e+01 6.245361e+01 6.318172e+01 6.710850e+01 7.312831e+01 8.130498e+01 9.221318e+01 1.273435e+02 1.916958e+02 2.995098e+02 4.624308e+02 6.881930e+02 9.809696e+02
7.960618e+01 7.960618e+01 7.960618e+01 7.960621e+01 7.960631e+01 7.961426e+01 7.964349e+01 7.972981e+01 7.977189e+01 7.979859e+01 7.971083e+01 7.921411e+01 7.807119e+01 7.623159e+01 7.389127e+01 7.139064e+01 6.905324e+01 6.348590e+01 6.483631e+01 6.893218e+01 7.492117e+01 8.307364e+01 9.412496e+01 1.299735e+02 1.956589e+02 3.054157e+02 4.707977e+02 6.994044e+02 9.952726e+02
7.806381e+01 7.806381e+01 7.806381e+01 7.806381e+01 7.806380e+01 7.806370e+01 7.806822e+01 7.811041e+01 7.814532e+01 7.817627e+01 7.813791e+01 7.776592e+01 7.684219e+01 7.530741e+01 7.332109e+01 7.117934e+01 6.917259e+01 6.467180e+01 6.655968e+01 7.086292e+01 7.686917e+01 8.500265e+01 9.617294e+01 1.327706e+02 1.998587e+02 3.116454e+02 4.795801e+02 7.111189e+02 1.010158e+03
7.693959e+01 7.693959e+01 7.693959e+01 7.693962e+01 7.693982e+01 7.695003e+01 7.698152e+01 7.707662e+01 7.712967e+01 7.717635e+01 7.718177e+01 7.690383e+01 7.615276e+01 7.486964e+01 7.318579e+01 7.135716e+01 6.964101e+01 6.602901e+01 6.835003e+01 7.287640e+01 7.894669e+01 8.710869e+01 9.837556e+01 1.357465e+02 2.043082e+02 3.182138e+02 4.887947e+02 7.233546e+02 1.025643e+03
7.658308e+01 7.658308e+01 7.658308e+01 7.658309e+01 7.658311e+01 7.658428e+01 7.659213e+01 7.664371e+01 7.668467e+01 7.672647e+01 7.674909e+01 7.654082e+01 7.593018e+01 7.485883e+01 7.343546e+01 7.188109e+01 7.042182e+01 6.756274e+01 7.021231e+01 7.495551e+01 8.113266e+01 8.937018e+01 1.007620e+02 1.389154e+02 2.090219e+02 3.251373e+02 4.984593e+02 7.361299e+02 1.041747e+03
7.651174e+01 7.651174e+01 7.651174e+01 7.651175e+01 7.651177e+01 7.651286e+01 7.652399e+01 7.658862e+01 7.663632e+01 7.668646e+01 7.673960e+01 7.659858e+01 7.611088e+01 7.522221e+01 7.402495e+01 7.271128e+01 7.147959e+01 6.926875e+01 7.215383e+01 7.709029e+01 8.340968e+01 9.177105e+01 1.033420e+02 1.422943e+02 2.140159e+02 3.324332e+02 5.085925e+02 7.494642e+02 1.058490e+03
7.679067e+01 7.679067e+01 7.679067e+01 7.679069e+01 7.679075e+01 7.679338e+01 7.680997e+01 7.689677e+01 7.695933e+01 7.702520e+01 7.711571e+01 7.703569e+01 7.665255e+01 7.591918e+01 7.491656e+01 7.381301e+01 7.278236e+01 7.113667e+01 7.418110e+01 7.927694e+01 8.576447e+01 9.429841e+01 1.061013e+02 1.459042e+02 2.193086e+02 3.401206e+02 5.192141e+02 7.633777e+02 1.075891e+03
7.749324e+01 7.749324e+01 7.749324e+01 7.749341e+01 7.749391e+01 7.750896e+01 7.754673e+01 7.765282e+01 7.771568e+01 7.778002e+01 7.787445e+01 7.782619e+01 7.751976e+01 7.691285e+01 7.607548e+01 7.515436e+01 7.430087e+01 7.315258e+01 7.629824e+01 8.151629e+01 8.818836e+01 9.694195e+01 1.090318e+02 1.497723e+02 2.249205e+02 3.482200e+02 5.303451e+02 7.778913e+02 1.093971e+03
7.873629e+01 7.873629e+01 7.873629e+01 7.873631e+01 7.873638e+01 7.873823e+01 7.874418e+01 7.878252e+01 7.881923e+01 7.886371e+01 7.893888e+01 7.890600e+01 7.865953e+01 7.815935e+01 7.746507e+01 7.670404e+01 7.600750e+01 7.530087e+01 7.850652e+01 8.381211e+01 9.067727e+01 9.969425e+01 1.121279e+02 1.539339e+02 2.308753e+02 3.567539e+02 5.420080e+02 7.930271e+02 1.112751e+03
7.990192e+01 7.990192e+01 7.990192e+01 7.990194e+01 7.990201e+01 7.990704e+01 7.992833e+01 8.000737e+01 8.005845e+01 8.011301e+01 8.020498e+01 8.020263e+01 8.001770e+01 7.961626e+01 7.905089e+01 7.843308e+01 7.787689e+01 7.756548e+01 8.080468e+01 8.616974e+01 9.323139e+01 1.025512e+02 1.153860e+02 1.583936e+02 2.372000e+02 3.657471e+02 5.542267e+02 8.088084e+02 1.132253e+03
8.138529e+01 8.138529e+01 8.138529e+01 8.138530e+01 8.138534e+01 8.138665e+01 8.139583e+01 8.145577e+01 8.150418e+01 8.155967e+01 8.166327e+01 8.169126e+01 8.156511e+01 8.125473e+01 8.080625e+01 8.031726e+01 7.988693e+01 7.993076e+01 8.318961e+01 8.859513e+01 9.585453e+01 1.055121e+02 1.188049e+02 1.631517e+02 2.439270e+02 3.752267e+02 5.670269e+02 8.252596e+02 1.152501e+03
8.297631e+01 8.297631e+01 8.297631e+01 8.297644e+01 8.297677e+01 8.298534e+01 8.300951e+01 8.308943e+01 8.314123e+01 8.319838e+01 8.330873e+01 8.336002e+01 8.328432e+01 8.305457e+01 8.271039e+01 8.233645e+01 8.201845e+01 8.238207e+01 8.565717e+01 9.109432e+01 9.855348e+01 1.085799e+02 1.223861e+02 1.682130e+02 2.510982e+02 3.852230e+02 5.804362e+02 8.424065e+02 1.173518e+03
8.485357e+01 8.485357e+01 8.485358e+01 8.485359e+01 8.485365e+01 8.485549e+01 8.486383e+01 8.491517e+01 8.495866e+01 8.501087e+01 8.512079e+01 8.518908e+01 8.515568e+01 8.499623e+01 8.474422e+01 8.447233e+01 8.425407e+01 8.490622e+01 8.820304e+01 9.367333e+01 1.013373e+02 1.117611e+02 1.261339e+02 1.735847e+02 2.587511e+02 3.957695e+02 5.944847e+02 8.602766e+02 1.195330e+03
8.674489e+01 8.674489e+01 8.674489e+01 8.674492e+01 8.674503e+01 8.675118e+01 8.677259e+01 8.685026e+01 8.690130e+01 8.695768e+01 8.707270e+01 8.715496e+01 8.715717e+01 8.705910e+01 8.688869e+01 8.670737e+01 8.657756e+01 8.749188e+01 9.082344e+01 9.633823e+01 1.042168e+02 1.150651e+02 1.300554e+02 1.792755e+02 2.668924e+02 4.069047e+02 6.092045e+02 8.788989e+02 1.217962e+03
8.889968e+01 8.889968e+01 8.889968e+01 8.889970e+01 8.889974e+01 8.890140e+01 8.891097e+01 8.896184e+01 8.900065e+01 8.904621e+01 8.914725e+01 8.923339e+01 8.926478e+01 8.922177e+01 8.912504e+01 8.902499e+01 8.897408e+01 9.012991e+01 9.351578e+01 9.909542e+01 1.072042e+02 1.185044e+02 1.341610e+02 1.852960e+02 2.755341e+02 4.186739e+02 6.246311e+02 8.983045e+02 1.241443e+03
9.109335e+01 9.109335e+01 9.109335e+01 9.109336e+01 9.109340e+01 9.109454e+01 9.109985e+01 9.113135e+01 9.115947e+01 9.119610e+01 9.128916e+01 9.138637e+01 9.145188e+01 9.146441e+01 9.143732e+01 9.141144e+01 9.143143e+01 9.281372e+01 9.627910e+01 1.019519e+02 1.103129e+02 1.220939e+02 1.384642e+02 1.916591e+02 2.846915e+02 4.311349e+02 6.408031e+02 9.185263e+02 1.265802e+03
9.317960e+01 9.317960e+01 9.317960e+01 9.317967e+01 9.317989e+01 9.318579e+01 9.320123e+01 9.325684e+01 9.329774e+01 9.334719e+01 9.346721e+01 9.359812e+01 9.370920e+01 9.377947e+01 9.381775e+01 9.385856e+01 9.394146e+01 9.553947e+01 9.911444e+01 1.049157e+02 1.135573e+02 1.258504e+02 1.429811e+02 1.983795e+02 2.943818e+02 4.443184e+02 6.577635e+02 9.396000e+02 1.291068e+03
9.534429e+01 9.534429e+01 9.534430e+01 9.534442e+01 9.534482e+01 9.535507e+01 9.538163e+01 9.546946e+01 9.552656e+01 9.559129e+01 9.574081e+01 9.590453e+01 9.605605e+01 9.617496e+01 9.626727e+01 9.636343e+01 9.649970e+01 9.830609e+01 1.020251e+02 1.079959e+02 1.169529e+02 1.297930e+02 1.477308e+02 2.054743e+02 3.046240e+02 4.582370e+02 6.755611e+02 9.615637e+02 1.317275e+03
9.786086e+01 9.786086e+01 9.786086e+01 9.786085e+01 9.786083e+01 9.786060e+01 9.786637e+01 9.791870e+01 9.796546e+01 9.802384e+01 9.816982e+01 9.834089e+01 9.851066e+01 9.865789e+01 9.878635e+01 9.892347e+01 9.910278e+01 1.011151e+02 1.050165e+02 1.112033e+02 1.205164e+02 1.339425e+02 1.527347e+02 2.129633e+02 3.154384e+02 4.729103e+02 6.942547e+02 9.844588e+02 1.344456e+03
1.003851e+02 1.003851e+02 1.003852e+02 1.003853e+02 1.003856e+02 1.003962e+02 1.004245e+02 1.005014e+02 1.005475e+02 1.006007e+02 1.007329e+02 1.008940e+02 1.010624e+02 1.012187e+02 1.013666e+02 1.015319e+02 1.017460e+02 1.039703e+02 1.080965e+02 1.145500e+02 1.242658e+02 1.383210e+02 1.580168e+02 2.208687e+02 3.268474e+02 4.883610e+02 7.139105e+02 1.008330e+03 1.372649e+03
1.031723e+02 1.031723e+02 1.031723e+02 1.031723e+02 1.031722e+02 1.031699e+02 1.031663e+02 1.031904e+02 1.032214e+02 1.032633e+02 1.033767e+02 1.035220e+02 1.036798e+02 1.038343e+02 1.039918e+02 1.041782e+02 1.044231e+02 1.068773e+02 1.112752e+02 1.180503e+02 1.282204e+02 1.429526e+02 1.636032e+02 2.292153e+02 3.388747e+02 5.046132e+02 7.345461e+02 1.033229e+03 1.401891e+03
1.057546e+02 1.057546e+02 1.057546e+02 1.057547e+02 1.057551e+02 1.057665e+02 1.057971e+02 1.058702e+02 1.059080e+02 1.059495e+02 1.060525e+02 1.061835e+02 1.063293e+02 1.064795e+02 1.066442e+02 1.068509e+02 1.071281e+02 1.098439e+02 1.145649e+02 1.217202e+02 1.324011e+02 1.478627e+02 1.695221e+02 2.380308e+02 3.515463e+02 5.216927e+02 7.561796e+02 1.059211e+03 1.432225e+03
1.086194e+02 1.086194e+02 1.086194e+02 1.086194e+02 1.086191e+02 1.086123e+02 1.085964e+02 1.085899e+02 1.086073e+02 1.086371e+02 1.087273e+02 1.088481e+02 1.089853e+02 1.091336e+02 1.093086e+02 1.095400e+02 1.098556e+02 1.128793e+02 1.179801e+02 1.255778e+02 1.368305e+02 1.530787e+02 1.758036e+02 2.473453e+02 3.648901e+02 5.396264e+02 7.788347e+02 1.086351e+03 1.463695e+03
1.110411e+02 1.110411e+02 1.110411e+02 1.110413e+02 1.110417e+02 1.110551e+02 1.110924e+02 1.111890e+02 1.112375e+02 1.112858e+02 1.113874e+02 1.115024e+02 1.116314e+02 1.117803e+02 1.119713e+02 1.122362e+02 1.126011e+02 1.159948e+02 1.215376e+02 1.296436e+02 1.415334e+02 1.586294e+02 1.824799e+02 2.571916e+02 3.789359e+02 5.584426e+02 8.025373e+02 1.114702e+03 1.496351e+03
1.139663e+02 1.139663e+02 1.139663e+02 1.139662e+02 1.139662e+02 1.139647e+02 1.139614e+02 1.139673e+02 1.139793e+02 1.139968e+02 1.140497e+02 1.141310e+02 1.142439e+02 1.143976e+02 1.146162e+02 1.149300e+02 1.153612e+02 1.192041e+02 1.252566e+02 1.339402e+02 1.465363e+02 1.645456e+02 1.895852e+02 2.676050e+02 3.937161e+02 5.781711e+02 8.273146e+02 1.144274e+03 1.530248e+03
1.166055e+02 1.166055e+02 1.166055e+02 1.166055e+02 1.166055e+02 1.166052e+02 1.166035e+02 1.165913e+02 1.165834e+02 1.165790e+02 1.165945e+02 1.166568e+02 1.167736e+02 1.169559e+02 1.172275e+02 1.176157e+02 1.181373e+02 1.225238e+02 1.291590e+02 1.384928e+02 1.518679e+02 1.708600e+02 1.971554e+02 2.786235e+02 4.092651e+02 5.988429e+02 8.531950e+02 1.175086e+03 1.565450e+03
1.189167e+02 1.189167e+02 1.189167e+02 1.189167e+02 1.189165e+02 1.189124e+02 1.189009e+02 1.188782e+02 1.188756e+02 1.188818e+02 1.189280e+02 1.190303e+02 1.191989e+02 1.194495e+02 1.198084e+02 1.203015e+02 1.209412e+02 1.259740e+02 1.332693e+02 1.433295e+02 1.575595e+02 1.776074e+02 2.052285e+02 2.902871e+02 4.256198e+02 6.204907e+02 8.802079e+02 1.207162e+03 1.602040e+03
1.207778e+02 1.207778e+02 1.207778e+02 1.207779e+02 1.207783e+02 1.207902e+02 1.208219e+02 1.209120e+02 1.209636e+02 1.210191e+02 1.211508e+02 1.213293e+02 1.215773e+02 1.219212e+02 1.223923e+02 1.230154e+02 1.237976e+02 1.295785e+02 1.376148e+02 1.484807e+02 1.636448e+02 1.848247e+02 2.138445e+02 3.026385e+02 4.428195e+02 6.431486e+02 9.083833e+02 1.240528e+03 1.640041e+03
1.231320e+02 1.231320e+02 1.231320e+02 1.231320e+02 1.231321e+02 1.231359e+02 1.231520e+02 1.232233e+02 1.232737e+02 1.233324e+02 1.234816e+02 1.236955e+02 1.240031e+02 1.244364e+02 1.250273e+02 1.257953e+02 1.267388e+02 1.333641e+02 1.422257e+02 1.539799e+02 1.701599e+02 1.925509e+02 2.230455e+02 3.157225e+02 4.609057e+02 6.668525e+02 9.377523e+02 1.275210e+03 1.679464e+03
1.257654e+02 1.257654e+02 1.257654e+02 1.257654e+02 1.257654e+02 1.257667e+02 1.257704e+02 1.257891e+02 1.258096e+02 1.258419e+02 1.259582e+02 1.261723e+02 1.265196e+02 1.270360e+02 1.277513e+02 1.286761e+02 1.297971e+02 1.373600e+02 1.471355e+02 1.598637e+02 1.771436e+02 2.008275e+02 2.328753e+02 3.295862e+02 4.799224e+02 6.916402e+02 9.683468e+02 1.311234e+03 1.720324e+03
1.282639e+02 1.282639e+02 1.282639e+02 1.282639e+02 1.282639e+02 1.282636e+02 1.282667e+02 1.282932e+02 1.283190e+02 1.283563e+02 1.284838e+02 1.287226e+02 1.291241e+02 1.297355e+02 1.305883e+02 1.316854e+02 1.330013e+02 1.415977e+02 1.523802e+02 1.661716e+02 1.846376e+02 2.096981e+02 2.433803e+02 3.442786e+02 4.999159e+02 7.175510e+02 1.000199e+03 1.348628e+03 1.762643e+03
1.306996e+02 1.306996e+02 1.306996e+02 1.306997e+02 1.306999e+02 1.307074e+02 1.307298e+02 1.308044e+02 1.308525e+02 1.309097e+02 1.310740e+02 1.313581e+02 1.318311e+02 1.325539e+02 1.335609e+02 1.348482e+02 1.363781e+02 1.461104e+02 1.579995e+02 1.729461e+02 1.926861e+02 2.192086e+02 2.546085e+02 3.598512e+02 5.209348e+02 7.446260e+02 1.033344e+03 1.387420e+03 1.806441e+03
1.334750e+02 1.334750e+02 1.334750e+02 1.334751e+02 1.334752e+02 1.334783e+02 1.334885e+02 1.335363e+02 1.335765e+02 1.336309e+02 1.338055e+02 1.341265e+02 1.346739e+02 1.355179e+02 1.366938e+02 1.381891e+02 1.399531e+02 1.509335e+02 1.640359e+02 1.802329e+02 2.013360e+02 2.294076e+02 2.666104e+02 3.763572e+02 5.430298e+02 7.729086e+02 1.067815e+03 1.427637e+03 1.851741e+03
1.363230e+02 1.363230e+02 1.363230e+02 1.363231e+02 1.363232e+02 1.363282e+02 1.363427e+02 1.363980e+02 1.364410e+02 1.364988e+02 1.366890e+02 1.370493e+02 1.376760e+02 1.386506e+02 1.400098e+02 1.417317e+02 1.437513e+02 1.561049e+02 1.705358e+02 1.880809e+02 2.106367e+02 2.403455e+02 2.794382e+02 3.938521e+02 5.662540e+02 8.024434e+02 1.103649e+03 1.469309e+03 1.898565e+03
1.393121e+02 1.393121e+02 1.393121e+02 1.393122e+02 1.393123e+02 1.393176e+02 1.393348e+02 1.394039e+02 1.394561e+02 1.395239e+02 1.397392e+02 1.401450e+02 1.408571e+02 1.419722e+02 1.435294e+02 1.454976e+02 1.477969e+02 1.616658e+02 1.775488e+02 1.965416e+02 2.206403e+02 2.520751e+02 2.931466e+02 4.123934e+02 5.906623e+02 8.332773e+02 1.140881e+03 1.512463e+03 1.946935e+03
1.425350e+02 1.425350e+02 1.425351e+02 1.425351e+02 1.425353e+02 1.425419e+02 1.425620e+02 1.426381e+02 1.426937e+02 1.427650e+02 1.429939e+02 1.434380e+02 1.442356e+02 1.454989e+02 1.472698e+02 1.495073e+02 1.521145e+02 1.676613e+02 1.851282e+02 2.056696e+02 2.314011e+02 2.646515e+02 3.077920e+02 4.320405e+02 6.163120e+02 8.654588e+02 1.179551e+03 1.557127e+03 1.996873e+03
1.460392e+02 1.460392e+02 1.460392e+02 1.460393e+02 1.460394e+02 1.460445e+02 1.460602e+02 1.461214e+02 1.461675e+02 1.462299e+02 1.464529e+02 1.469271e+02 1.478130e+02 1.492374e+02 1.512440e+02 1.537800e+02 1.567300e+02 1.741411e+02 1.933309e+02 2.155218e+02 2.429754e+02 2.781316e+02 3.234332e+02 4.528551e+02 6.432620e+02 8.990380e+02 1.219696e+03 1.603332e+03 2.048400e+03
1.497149e+02 1.497149e+02 1.497149e+02 1.497149e+02 1.497149e+02 1.497160e+02 1.497217e+02 1.497522e+02 1.497832e+02 1.498350e+02 1.500599e+02 1.505820e+02 1.515796e+02 1.531930e+02 1.554679e+02 1.583406e+02 1.616756e+02 1.811604e+02 2.022168e+02 2.261574e+02 2.554216e+02 2.925744e+02 3.401309e+02 4.749006e+02 6.715733e+02 9.340669e+02 1.261356e+03 1.651107e+03 2.101539e+03
1.533110e+02 1.533110e+02 1.533110e+02 1.533110e+02 1.533110e+02 1.533116e+02 1.533174e+02 1.533676e+02 1.534189e+02 1.534964e+02 1.537888e+02 1.544095e+02 1.555578e+02 1.573951e+02 1.599756e+02 1.632273e+02 1.669942e+02 1.887792e+02 2.118486e+02 2.376372e+02 2.687996e+02 3.080409e+02 3.579479e+02 4.982429e+02 7.013088e+02 9.705987e+02 1.304573e+03 1.700480e+03 2.156311e+03
1.569446e+02 1.569446e+02 1.569446e+02 1.569448e+02 1.569452e+02 1.569596e+02 1.570035e+02 1.571598e+02 1.572662e+02 1.573963e+02 1.577895e+02 1.585237e+02 1.598320e+02 1.619080e+02 1.648210e+02 1.684911e+02 1.727382e+02 1.970626e+02 2.222914e+02 2.500237e+02 2.831711e+02 3.245937e+02 3.769491e+02 5.229496e+02 7.325330e+02 1.008688e+03 1.349388e+03 1.751481e+03 2.212735e+03
1.614498e+02 1.614498e+02 1.614498e+02 1.614499e+02 1.614502e+02 1.614611e+02 1.614970e+02 1.616412e+02 1.617456e+02 1.618757e+02 1.622785e+02 1.630580e+02 1.644859e+02 1.667906e+02 1.700546e+02 1.741830e+02 1.789625e+02 2.060792e+02 2.336115e+02 2.633799e+02 2.985985e+02 3.422974e+02 3.972016e+02 5.490907e+02 7.653123e+02 1.048392e+03 1.395843e+03 1.804141e+03 2.270834e+03
1.666463e+02 1.666463e+02 1.666463e+02 1.666464e+02 1.666467e+02 1.666571e+02 1.666853e+02 1.667675e+02 1.668233e+02 1.669021e+02 1.672215e+02 1.679832e+02 1.695043e+02 1.720468e+02 1.756997e+02 1.803430e+02 1.857199e+02 2.159005e+02 2.458761e+02 2.777694e+02 3.151459e+02 3.612184e+02 4.187749e+02 5.767383e+02 7.997146e+02 1.089767e+03 1.443983e+03 1.858489e+03 2.330626e+03
1.721062e+02 1.721062e+02 1.721062e+02 1.721061e+02 1.721059e+02 1.720988e+02 1.720781e+02 1.720318e+02 1.720298e+02 1.720618e+02 1.723301e+02 1.731216e+02 1.747946e+02 1.776457e+02 1.817680e+02 1.870106e+02 1.930670e+02 2.266000e+02 2.591523e+02 2.932559e+02 3.328781e+02 3.814250e+02 4.417409e+02 6.059669e+02 8.358094e+02 1.132872e+03 1.493851e+03 1.914556e+03 2.392132e+03
1.767468e+02 1.767468e+02 1.767468e+02 1.767470e+02 1.767474e+02 1.767562e+02 1.767796e+02 1.768688e+02 1.769387e+02 1.770387e+02 1.774391e+02 1.783988e+02 1.803410e+02 1.836108e+02 1.883089e+02 1.942512e+02 2.010780e+02 2.382530e+02 2.735062e+02 3.099029e+02 3.518608e+02 4.029876e+02 4.661739e+02 6.368532e+02 8.736675e+02 1.177765e+03 1.545491e+03 1.972372e+03 2.455371e+03
1.817024e+02 1.817024e+02 1.817024e+02 1.817026e+02 1.817033e+02 1.817236e+02 1.817857e+02 1.819979e+02 1.821343e+02 1.823003e+02 1.828452e+02 1.840133e+02 1.862909e+02 1.900648e+02 1.954327e+02 2.021678e+02 2.098503e+02 2.509353e+02 2.890025e+02 3.277732e+02 3.721613e+02 4.259791e+02 4.921513e+02 6.694762e+02 9.133614e+02 1.224508e+03 1.598948e+03 2.031967e+03 2.520361e+03
1.879409e+02 1.879409e+02 1.879409e+02 1.879409e+02 1.879410e+02 1.879434e+02 1.879551e+02 1.880394e+02 1.881285e+02 1.882700e+02 1.888519e+02 1.902000e+02 1.928382e+02 1.971732e+02 2.032834e+02 2.108868e+02 2.194961e+02 2.647213e+02 3.057035e+02 3.469291e+02 3.938479e+02 4.504750e+02 5.197537e+02 7.039176e+02 9.549646e+02 1.273160e+03 1.654268e+03 2.093372e+03 2.587123e+03
1.942906e+02 1.942906e+02 1.942906e+02 1.942906e+02 1.942907e+02 1.942934e+02 1.943120e+02 1.944428e+02 1.945697e+02 1.947595e+02 1.954859e+02 1.970876e+02 2.001463e+02 2.050999e+02 2.120106e+02 2.205399e+02 2.301304e+02 2.796823e+02 3.236686e+02 3.674325e+02 4.169911e+02 4.765541e+02 5.490649e+02 7.402614e+02 9.985517e+02 1.323782e+03 1.711496e+03 2.156616e+03 2.655672e+03
2.010574e+02 2.010574e+02 2.010574e+02 2.010577e+02 2.010587e+02 2.010898e+02 2.011855e+02 2.015322e+02 2.017711e+02 2.020696e+02 2.030216e+02 2.049213e+02 2.084285e+02 2.140259e+02 2.217660e+02 2.312546e+02 2.418618e+02 2.958836e+02 3.429537e+02 3.893450e+02 4.416637e+02 5.042988e+02 5.801730e+02 7.785939e+02 1.044198e+03 1.376435e+03 1.770676e+03 2.221730e+03 2.726028e+03
2.099295e+02 2.099295e+02 2.099295e+02 2.099298e+02 2.099308e+02 2.099571e+02 2.100353e+02 2.103406e+02 2.105717e+02 2.108769e+02 2.119040e+02 2.140069e+02 2.179061e+02 2.241193e+02 2.326827e+02 2.431403e+02 2.547839e+02 3.133835e+02 3.636109e+02 4.127287e+02 4.679420e+02 5.337962e+02 6.131699e+02 8.190042e+02 1.091981e+03 1.431180e+03 1.831853e+03 2.288742e+03 2.798206e+03
2.203810e+02 2.203810e+02 2.203810e+02 2.203812e+02 2.203817e+02 2.203989e+02 2.204528e+02 2.206825e+02 2.208759e+02 2.211530e+02 2.221832e+02 2.244254e+02 2.286684e+02 2.354677e+02 2.448430e+02 2.562733e+02 2.689668e+02 3.322314e+02 3.856889e+02 4.376475e+02 4.959070e+02 5.651385e+02 6.481525e+02 8.615835e+02 1.141976e+03 1.488077e+03 1.895071e+03 2.357682e+03 2.872224e+03
2.317281e+02 2.317281e+02 2.317281e+02 2.317284e+02 2.317291e+02 2.317533e+02 2.318246e+02 2.321004e+02 2.323146e+02 2.326114e+02 2.337046e+02 2.361100e+02 2.407024e+02 2.480896e+02 2.582827e+02 2.706978e+02 2.844583e+02 3.524678e+02 4.092337e+02 4.641683e+02 5.256451e+02 5.984239e+02 6.852226e+02 9.064255e+02 1.194261e+03 1.547186e+03 1.960373e+03 2.428578e+03 2.948097e+03
2.443433e+02 2.443433e+02 2.443433e+02 2.443435e+02 2.443443e+02 2.443692e+02 2.444468e+02 2.447499e+02 2.449810e+02 2.452978e+02 2.464620e+02 2.490430e+02 2.539986e+02 2.619892e+02 2.730187e+02 2.864405e+02 3.012904e+02 3.741240e+02 4.342899e+02 4.923632e+02 5.572503e+02 6.337576e+02 7.244872e+02 9.536257e+02 1.248913e+03 1.608565e+03 2.027801e+03 2.501456e+03 3.025840e+03
2.583843e+02 2.583843e+02 2.583843e+02 2.583845e+02 2.583851e+02 2.584053e+02 2.584700e+02 2.587388e+02 2.589565e+02 2.592683e+02 2.604751e+02 2.632269e+02 2.685565e+02 2.771711e+02 2.890637e+02 3.035209e+02 3.194872e+02 3.972230e+02 4.609039e+02 5.223121e+02 5.908258e+02 6.712522e+02 7.660592e+02 1.003282e+03 1.306009e+03 1.672272e+03 2.097396e+03 2.576344e+03 3.105468e+03
2.735086e+02 2.735086e+02 2.735086e+02 2.735088e+02 2.735094e+02 2.735296e+02 2.735931e+02 2.738614e+02 2.740843e+02 2.744091e+02 2.756902e+02 2.786414e+02 2.843739e+02 2.936445e+02 3.064346e+02 3.219599e+02 3.390699e+02 4.217819e+02 4.891273e+02 5.541059e+02 6.264852e+02 7.110288e+02 8.100566e+02 1.055492e+03 1.365624e+03 1.738364e+03 2.169198e+03 2.653266e+03 3.186993e+03
2.896424e+02 2.896424e+02 2.896424e+02 2.896427e+02 2.896437e+02 2.896729e+02 2.897624e+02 2.901048e+02 2.903679e+02 2.907358e+02 2.921370e+02 2.953207e+02 3.014861e+02 3.114444e+02 3.251644e+02 3.417864e+02 3.600612e+02 4.478154e+02 5.190222e+02 5.878497e+02 6.643543e+02 7.532172e+02 8.566032e+02 1.110357e+03 1.427834e+03 1.806893e+03 2.243243e+03 2.732246e+03 3.270428e+03
3.073211e+02 3.073211e+02 3.073211e+02 3.073214e+02 3.073223e+02 3.073517e+02 3.074430e+02 3.077999e+02 3.080760e+02 3.084639e+02 3.099544e+02 3.133599e+02 3.199643e+02 3.306279e+02 3.452990e+02 3.630349e+02 3.824839e+02 4.753418e+02 5.506676e+02 6.236659e+02 7.045723e+02 7.979559e+02 9.058276e+02 1.167976e+03 1.492710e+03 1.877912e+03 2.319567e+03 2.813306e+03 3.355786e+03
3.265836e+02 3.265836e+02 3.265836e+02 3.265838e+02 3.265846e+02 3.266086e+02 3.266844e+02 3.269996e+02 3.272598e+02 3.276433e+02 3.291920e+02 3.328106e+02 3.398614e+02 3.512462e+02 3.668824e+02 3.857367e+02 4.063561e+02 5.043898e+02 5.841648e+02 6.616972e+02 7.472924e+02 8.453918e+02 9.578631e+02 1.228449e+03 1.560324e+03 1.951469e+03 2.398203e+03 2.896467e+03 3.443075e+03
3.470319e+02 3.470319e+02 3.470319e+02 3.470322e+02 3.470329e+02 3.470570e+02 3.471332e+02 3.474628e+02 3.477418e+02 3.481550e+02 3.498196e+02 3.536930e+02 3.612217e+02 3.733488e+02 3.899554e+02 4.099173e+02 4.316885e+02 5.350075e+02 6.196439e+02 7.021078e+02 7.926814e+02 8.956797e+02 1.012846e+03 1.291875e+03 1.630745e+03 2.027612e+03 2.479183e+03 2.981748e+03 3.532306e+03
3.686776e+02 3.686776e+02 3.686776e+02 3.686780e+02 3.686793e+02 3.687193e+02 3.688410e+02 3.693010e+02 3.696501e+02 3.701346e+02 3.719688e+02 3.761233e+02 3.841414e+02 3.970066e+02 4.145596e+02 4.355922e+02 4.584815e+02 5.672716e+02 6.572676e+02 7.450841e+02 8.409191e+02 9.489807e+02 1.070915e+03 1.358351e+03 1.704035e+03 2.106382e+03 2.562533e+03 3.069165e+03 3.623486e+03
3.924832e+02 3.924832e+02 3.924832e+02 3.924836e+02 3.924849e+02 3.925251e+02 3.926497e+02 3.931269e+02 3.934869e+02 3.939862e+02 3.958946e+02 4.002635e+02 4.087206e+02 4.222697e+02 4.407048e+02 4.627463e+02 4.867152e+02 6.012951e+02 6.972321e+02 7.908330e+02 8.921964e+02 1.005461e+03 1.132211e+03 1.427969e+03 1.780257e+03 2.187818e+03 2.648279e+03 3.158733e+03 3.716622e+03
4.185255e+02 4.185255e+02 4.185255e+02 4.185257e+02 4.185264e+02 4.185492e+02 4.186258e+02 4.189666e+02 4.192573e+02 4.196991e+02 4.215724e+02 4.260859e+02 4.349229e+02 4.490845e+02 4.683225e+02 4.913126e+02 5.163445e+02 6.372341e+02 7.397660e+02 8.395793e+02 9.467124e+02 1.065288e+03 1.196870e+03 1.500820e+03 1.859467e+03 2.271957e+03 2.736443e+03 3.250466e+03 3.811719e+03
4.456613e+02 4.456614e+02 4.456614e+02 4.456616e+02 4.456623e+02 4.456848e+02 4.457554e+02 4.460596e+02 4.463306e+02 4.467615e+02 4.486761e+02 4.533752e+02 4.625819e+02 4.773006e+02 4.972780e+02 5.211902e+02 5.473214e+02 6.752922e+02 7.851251e+02 8.915609e+02 1.004672e+03 1.128632e+03 1.265030e+03 1.576987e+03 1.941715e+03 2.358828e+03 2.827042e+03 3.344372e+03 3.908781e+03
4.735465e+02 4.735465e+02 4.735465e+02 4.735470e+02 4.735483e+02 4.735889e+02 4.737059e+02 4.741470e+02 4.744934e+02 4.750001e+02 4.770844e+02 4.820188e+02 4.915673e+02 5.067745e+02 5.274442e+02 5.523019e+02 5.796398e+02 7.157203e+02 8.335860e+02 9.470244e+02 1.066280e+03 1.195658e+03 1.336821e+03 1.656549e+03 2.027046e+03 2.448457e+03 2.920092e+03 3.440460e+03 4.007809e+03
5.032344e+02 5.032344e+02 5.032344e+02 5.032348e+02 5.032361e+02 5.032784e+02 5.034100e+02 5.039207e+02 5.043078e+02 5.048544e+02 5.070252e+02 5.120833e+02 5.218378e+02 5.374209e+02 5.587550e+02 5.846458e+02 6.133782e+02 7.588120e+02 8.854376e+02 1.006219e+03 1.131741e+03 1.266526e+03 1.412366e+03 1.739577e+03 2.115501e+03 2.540866e+03 3.015603e+03 3.538734e+03 4.108805e+03
5.352226e+02 5.352226e+02 5.352226e+02 5.352230e+02 5.352243e+02 5.352577e+02 5.353547e+02 5.357335e+02 5.360404e+02 5.365080e+02 5.385435e+02 5.435173e+02 5.532992e+02 5.691660e+02 5.912093e+02 6.183152e+02 6.487181e+02 8.048913e+02 9.409729e+02 1.069392e+03 1.201252e+03 1.341388e+03 1.491778e+03 1.826131e+03 2.207110e+03 2.636070e+03 3.113582e+03 3.639198e+03 4.211767e+03
5.684430e+02 5.684430e+02 5.684430e+02 5.684432e+02 5.684437e+02 5.684603e+02 5.685122e+02 5.687385e+02 5.689532e+02 5.693258e+02 5.711724e+02 5.759810e+02 5.857340e+02 6.019323e+02 6.248752e+02 6.535028e+02 6.859387e+02 8.542943e+02 1.000482e+03 1.136784e+03 1.275000e+03 1.420383e+03 1.575161e+03 1.916265e+03 2.301898e+03 2.734078e+03 3.214034e+03 3.741850e+03 4.316693e+03
6.017076e+02 6.017076e+02 6.017076e+02 6.017078e+02 6.017083e+02 6.017250e+02 6.017803e+02 6.020238e+02 6.022416e+02 6.026067e+02 6.043924e+02 6.091170e+02 6.189583e+02 6.357201e+02 6.599172e+02 6.904892e+02 7.253837e+02 9.073478e+02 1.064246e+03 1.208623e+03 1.353157e+03 1.503636e+03 1.662602e+03 2.010020e+03 2.399883e+03 2.834897e+03 3.316956e+03 3.846687e+03 4.423579e+03
6.352268e+02 6.352268e+02 6.352268e+02 6.352271e+02 6.352279e+02 6.352549e+02 6.353384e+02 6.356618e+02 6.359180e+02 6.363101e+02 6.380967e+02 6.428298e+02 6.529672e+02 6.706535e+02 6.965726e+02 7.295806e+02 7.673855e+02 9.643493e+02 1.132534e+03 1.285123e+03 1.435878e+03 1.591255e+03 1.754174e+03 2.107426e+03 2.501073e+03 2.938523e+03 3.422343e+03 3.953704e+03 4.532417e+03
6.696305e+02 6.696305e+02 6.696305e+02 6.696308e+02 6.696317e+02 6.696586e+02 6.697418e+02 6.700557e+02 6.702975e+02 6.706628e+02 6.723681e+02 6.771444e+02 6.878136e+02 7.068497e+02 7.350133e+02 7.709784e+02 8.121572e+02 1.025556e+03 1.205600e+03 1.366477e+03 1.523294e+03 1.683325e+03 1.849934e+03 2.208504e+03 2.605469e+03 3.044951e+03 3.530186e+03 4.062891e+03 4.643200e+03
7.048694e+02 7.048694e+02 7.048694e+02 7.048695e+02 7.048698e+02 7.048799e+02 7.049167e+02 7.050927e+02 7.052469e+02 7.055080e+02 7.070058e+02 7.118547e+02 7.233283e+02 7.441907e+02 7.751675e+02 8.146522e+02 8.597120e+02 1.091191e+03 1.283681e+03 1.452851e+03 1.615509e+03 1.779911e+03 1.949916e+03 2.313259e+03 2.713062e+03 3.154165e+03 3.640471e+03 4.174237e+03 4.755919e+03
