2.792479e+09 2.327259e+09 2.102068e+09 1.530826e+09 1.303935e+09 8.415655e+08 7.541333e+08 6.993997e+08 6.784986e+08 6.601378e+08 6.273633e+08 5.971576e+08 5.691073e+08 5.436377e+08 5.210108e+08 5.012121e+08 4.840494e+08 4.282346e+08 4.028683e+08 3.934900e+08 3.942217e+08 4.024798e+08 4.168631e+08 4.601721e+08 5.172352e+08 5.814770e+08 6.468945e+08 7.087136e+08 7.637112e+08
8.218095e+08 8.218105e+08 8.218060e+08 8.209307e+08 8.154397e+08 7.282722e+08 7.057951e+08 6.812357e+08 6.653342e+08 6.499885e+08 6.205224e+08 5.920335e+08 5.650414e+08 5.403083e+08 5.182338e+08 4.988673e+08 4.820515e+08 4.272497e+08 4.023298e+08 3.931837e+08 3.940586e+08 4.024197e+08 4.168856e+08 4.603259e+08 5.174861e+08 5.817926e+08 6.472434e+08 7.090680e+08 7.640486e+08
6.294169e+08 6.294162e+08 6.294135e+08 6.292408e+08 6.283731e+08 6.180758e+08 6.495556e+08 6.595158e+08 6.499466e+08 6.383354e+08 6.128572e+08 5.863853e+08 5.606163e+08 5.367225e+08 5.152687e+08 4.963816e+08 4.799464e+08 4.262311e+08 4.017777e+08 3.928712e+08 3.938928e+08 4.023590e+08 4.169090e+08 4.604820e+08 5.177400e+08 5.821113e+08 6.475953e+08 7.094249e+08 7.643880e+08
5.204571e+08 5.204572e+08 5.204574e+08 5.204338e+08 5.202691e+08 5.304820e+08 6.054951e+08 6.362289e+08 6.330463e+08 6.254892e+08 6.044506e+08 5.802422e+08 5.558448e+08 5.328873e+08 5.121200e+08 4.937584e+08 4.777363e+08 4.251794e+08 4.012123e+08 3.925526e+08 3.937244e+08 4.022978e+08 4.169331e+08 4.606404e+08 5.179969e+08 5.824333e+08 6.479502e+08 7.097844e+08 7.647295e+08
4.607491e+08 4.607493e+08 4.607496e+08 4.607477e+08 4.607047e+08 4.777644e+08 5.640682e+08 6.157481e+08 6.160296e+08 6.120074e+08 5.954335e+08 5.736475e+08 5.507460e+08 5.288129e+08 5.087941e+08 4.910019e+08 4.754244e+08 4.240953e+08 4.006337e+08 3.922280e+08 3.935534e+08 4.022359e+08 4.169579e+08 4.608013e+08 5.182570e+08 5.827585e+08 6.483080e+08 7.101464e+08 7.650730e+08
4.233486e+08 4.233487e+08 4.233491e+08 4.233554e+08 4.233547e+08 4.433478e+08 5.302863e+08 5.998679e+08 6.014968e+08 5.988689e+08 5.860187e+08 5.666676e+08 5.453471e+08 5.245132e+08 5.052993e+08 4.881174e+08 4.730144e+08 4.229798e+08 4.000423e+08 3.918975e+08 3.933799e+08 4.021735e+08 4.169836e+08 4.609645e+08 5.185201e+08 5.830869e+08 6.486689e+08 7.105110e+08 7.654186e+08
3.983933e+08 3.983935e+08 3.983938e+08 3.984028e+08 3.984195e+08 4.194352e+08 5.055642e+08 5.849338e+08 5.899246e+08 5.877199e+08 5.765448e+08 5.594053e+08 5.396888e+08 5.200081e+08 5.016467e+08 4.851119e+08 4.705108e+08 4.218338e+08 3.994382e+08 3.915611e+08 3.932038e+08 4.021106e+08 4.170101e+08 4.611301e+08 5.187864e+08 5.834185e+08 6.490327e+08 7.108781e+08 7.657661e+08
3.812806e+08 3.812807e+08 3.812810e+08 3.812888e+08 3.813062e+08 4.023726e+08 4.875164e+08 5.699072e+08 5.790953e+08 5.785248e+08 5.675310e+08 5.520132e+08 5.338301e+08 5.153249e+08 4.978510e+08 4.819942e+08 4.679193e+08 4.206583e+08 3.988218e+08 3.912189e+08 3.930252e+08 4.020471e+08 4.170374e+08 4.612982e+08 5.190557e+08 5.837533e+08 6.493995e+08 7.112477e+08 7.661157e+08
3.691414e+08 3.691415e+08 3.691418e+08 3.691497e+08 3.691690e+08 3.899502e+08 4.739039e+08 5.554208e+08 5.680439e+08 5.698611e+08 5.597350e+08 5.447100e+08 5.278540e+08 5.105016e+08 4.939320e+08 4.787755e+08 4.652469e+08 4.194544e+08 3.981933e+08 3.908710e+08 3.928440e+08 4.019832e+08 4.170655e+08 4.614688e+08 5.193282e+08 5.840914e+08 6.497693e+08 7.116199e+08 7.664673e+08
3.605006e+08 3.605007e+08 3.605010e+08 3.605086e+08 3.605287e+08 3.808696e+08 4.633591e+08 5.422550e+08 5.567513e+08 5.609838e+08 5.528606e+08 5.378141e+08 5.218734e+08 5.055886e+08 4.899151e+08 4.754701e+08 4.625020e+08 4.182234e+08 3.975529e+08 3.905174e+08 3.926605e+08 4.019187e+08 4.170945e+08 4.616418e+08 5.196039e+08 5.844328e+08 6.501421e+08 7.119947e+08 7.668209e+08
3.544802e+08 3.544802e+08 3.544805e+08 3.544877e+08 3.545075e+08 3.743429e+08 4.550519e+08 5.306851e+08 5.455947e+08 5.516803e+08 5.462697e+08 5.317127e+08 5.160387e+08 5.006517e+08 4.858333e+08 4.720960e+08 4.596954e+08 4.169667e+08 3.969011e+08 3.901582e+08 3.924744e+08 4.018538e+08 4.171244e+08 4.618173e+08 5.198827e+08 5.847774e+08 6.505180e+08 7.123721e+08 7.671766e+08
3.446866e+08 3.446866e+08 3.446866e+08 3.446871e+08 3.446874e+08 3.599422e+08 4.255514e+08 4.871761e+08 4.982675e+08 5.051545e+08 5.100645e+08 5.042729e+08 4.923839e+08 4.789723e+08 4.663020e+08 4.551598e+08 4.452875e+08 4.103636e+08 3.934823e+08 3.882816e+08 3.915081e+08 4.015223e+08 4.172874e+08 4.627327e+08 5.213252e+08 5.865503e+08 6.524427e+08 7.142972e+08 7.689850e+08
3.373869e+08 3.373869e+08 3.373870e+08 3.373883e+08 3.373916e+08 3.488791e+08 4.004479e+08 4.531666e+08 4.631999e+08 4.690105e+08 4.746580e+08 4.749030e+08 4.700124e+08 4.614945e+08 4.515220e+08 4.416680e+08 4.327137e+08 4.034884e+08 3.898449e+08 3.862802e+08 3.904840e+08 4.011802e+08 4.174738e+08 4.637126e+08 5.228493e+08 5.884067e+08 6.544438e+08 7.162865e+08 7.708436e+08
3.321477e+08 3.321477e+08 3.321477e+08 3.321468e+08 3.321437e+08 3.409492e+08 3.828452e+08 4.277404e+08 4.371374e+08 4.427369e+08 4.478585e+08 4.490063e+08 4.475311e+08 4.435293e+08 4.375164e+08 4.304378e+08 4.231887e+08 3.969357e+08 3.860949e+08 3.841774e+08 3.894076e+08 4.008295e+08 4.176852e+08 4.647589e+08 5.244566e+08 5.903479e+08 6.565216e+08 7.183399e+08 7.727518e+08
3.197436e+08 3.197436e+08 3.197437e+08 3.197443e+08 3.197462e+08 3.273337e+08 3.649781e+08 4.069650e+08 4.163175e+08 4.222025e+08 4.277691e+08 4.289812e+08 4.282897e+08 4.263651e+08 4.232353e+08 4.190316e+08 4.141248e+08 3.917565e+08 3.824190e+08 3.820172e+08 3.882911e+08 4.004744e+08 4.179237e+08 4.658732e+08 5.261486e+08 5.923745e+08 6.586766e+08 7.204571e+08 7.747089e+08
3.095740e+08 3.095740e+08 3.095740e+08 3.095744e+08 3.095756e+08 3.162953e+08 3.508519e+08 3.903096e+08 3.994549e+08 4.054894e+08 4.117430e+08 4.133892e+08 4.129474e+08 4.116862e+08 4.099315e+08 4.076357e+08 4.047712e+08 3.879037e+08 3.791283e+08 3.798775e+08 3.871585e+08 4.001238e+08 4.181936e+08 4.670574e+08 5.279266e+08 5.944875e+08 6.609087e+08 7.226378e+08 7.767142e+08
3.003786e+08 3.003786e+08 3.003786e+08 3.003789e+08 3.003797e+08 3.064801e+08 3.387213e+08 3.762470e+08 3.852102e+08 3.913352e+08 3.982496e+08 4.006219e+08 4.006195e+08 3.996845e+08 3.984830e+08 3.971432e+08 3.955794e+08 3.844044e+08 3.767050e+08 3.778830e+08 3.860508e+08 3.997936e+08 4.185024e+08 4.683144e+08 5.297919e+08 5.966871e+08 6.632179e+08 7.248813e+08 7.787668e+08
2.927921e+08 2.927921e+08 2.927921e+08 2.927919e+08 2.927914e+08 2.984113e+08 3.287054e+08 3.643595e+08 3.730702e+08 3.791910e+08 3.866012e+08 3.897474e+08 3.903849e+08 3.898454e+08 3.889499e+08 3.880379e+08 3.871417e+08 3.807330e+08 3.749351e+08 3.762335e+08 3.850326e+08 3.995104e+08 4.188623e+08 4.696479e+08 5.317460e+08 5.989741e+08 6.656039e+08 7.271868e+08 7.808654e+08
2.862025e+08 2.862026e+08 2.862026e+08 2.862027e+08 2.862032e+08 2.914727e+08 3.201187e+08 3.541391e+08 3.626101e+08 3.686951e+08 3.764701e+08 3.803109e+08 3.816459e+08 3.816029e+08 3.810047e+08 3.803208e+08 3.797265e+08 3.767243e+08 3.733691e+08 3.751865e+08 3.841993e+08 3.993134e+08 4.192923e+08 4.710637e+08 5.337911e+08 6.013488e+08 6.680664e+08 7.295535e+08 7.830089e+08
2.808281e+08 2.808281e+08 2.808281e+08 2.808283e+08 2.808287e+08 2.857898e+08 3.129592e+08 3.454270e+08 3.536420e+08 3.596552e+08 3.676727e+08 3.720736e+08 3.740452e+08 3.745201e+08 3.742492e+08 3.737487e+08 3.732976e+08 3.724488e+08 3.717204e+08 3.745395e+08 3.837028e+08 3.992586e+08 4.198192e+08 4.725696e+08 5.359299e+08 6.038119e+08 6.706049e+08 7.319803e+08 7.851959e+08
2.763583e+08 2.763583e+08 2.763583e+08 2.763584e+08 2.763587e+08 2.810421e+08 3.068833e+08 3.379665e+08 3.459459e+08 3.518775e+08 3.600431e+08 3.648537e+08 3.673341e+08 3.682704e+08 3.683266e+08 3.680119e+08 3.676589e+08 3.680632e+08 3.698309e+08 3.740621e+08 3.836806e+08 3.994248e+08 4.204798e+08 4.741768e+08 5.381660e+08 6.063643e+08 6.732190e+08 7.344660e+08 7.874250e+08
2.725848e+08 2.725848e+08 2.725848e+08 2.725849e+08 2.725853e+08 2.770331e+08 3.017468e+08 3.316295e+08 3.393846e+08 3.452132e+08 3.534114e+08 3.584628e+08 3.612919e+08 3.625883e+08 3.629379e+08 3.628159e+08 3.625674e+08 3.637098e+08 3.676551e+08 3.735953e+08 3.839759e+08 3.999375e+08 4.213232e+08 4.758997e+08 5.405043e+08 6.090073e+08 6.759084e+08 7.370097e+08 7.896946e+08
2.693578e+08 2.693578e+08 2.693578e+08 2.693578e+08 2.693579e+08 2.736071e+08 2.973771e+08 3.262224e+08 3.337500e+08 3.394401e+08 3.475398e+08 3.526670e+08 3.556911e+08 3.572406e+08 3.578382e+08 3.579135e+08 3.577972e+08 3.594780e+08 3.652291e+08 3.730362e+08 3.844579e+08 4.008599e+08 4.224170e+08 4.777573e+08 5.429512e+08 6.117427e+08 6.786729e+08 7.396100e+08 7.920030e+08
2.664649e+08 2.664649e+08 2.664649e+08 2.664648e+08 2.664646e+08 2.705550e+08 2.935465e+08 3.214742e+08 3.287595e+08 3.342696e+08 3.421482e+08 3.472155e+08 3.503146e+08 3.520327e+08 3.528402e+08 3.531191e+08 3.531705e+08 3.554075e+08 3.626343e+08 3.723353e+08 3.850317e+08 4.020768e+08 4.238672e+08 4.797733e+08 5.455151e+08 6.145730e+08 6.815124e+08 7.422659e+08 7.943487e+08
2.631011e+08 2.631011e+08 2.631011e+08 2.631010e+08 2.631006e+08 2.671480e+08 2.897425e+08 3.170321e+08 3.240897e+08 3.294014e+08 3.369801e+08 3.418983e+08 3.449953e+08 3.468279e+08 3.478226e+08 3.483150e+08 3.485704e+08 3.515063e+08 3.599661e+08 3.714893e+08 3.856298e+08 4.035055e+08 4.256894e+08 4.819779e+08 5.482062e+08 6.175016e+08 6.844273e+08 7.449762e+08 7.967299e+08
2.587229e+08 2.587229e+08 2.587229e+08 2.587227e+08 2.587223e+08 2.628221e+08 2.854237e+08 3.124865e+08 3.193904e+08 3.245382e+08 3.318249e+08 3.365688e+08 3.396327e+08 3.415561e+08 3.427295e+08 3.434479e+08 3.439400e+08 3.477702e+08 3.573150e+08 3.705302e+08 3.862120e+08 4.050837e+08 4.277987e+08 4.844096e+08 5.510375e+08 6.205326e+08 6.874183e+08 7.477401e+08 7.991451e+08
2.535158e+08 2.535158e+08 2.535158e+08 2.535157e+08 2.535153e+08 2.576727e+08 2.804779e+08 3.076500e+08 3.144874e+08 3.195282e+08 3.265809e+08 3.311677e+08 3.341987e+08 3.362087e+08 3.375615e+08 3.385175e+08 3.392720e+08 3.441942e+08 3.547572e+08 3.695112e+08 3.867630e+08 4.067637e+08 4.301378e+08 4.871217e+08 5.540246e+08 6.236717e+08 6.904865e+08 7.505568e+08 8.015925e+08
2.477010e+08 2.477010e+08 2.477010e+08 2.477009e+08 2.477005e+08 2.519128e+08 2.750640e+08 3.025938e+08 3.094282e+08 3.144045e+08 3.212716e+08 3.257224e+08 3.287277e+08 3.308257e+08 3.323596e+08 3.335609e+08 3.345949e+08 3.407797e+08 3.523529e+08 3.684956e+08 3.872892e+08 4.085127e+08 4.326615e+08 4.901856e+08 5.571869e+08 6.269257e+08 6.936338e+08 7.534257e+08 8.040706e+08
2.414768e+08 2.414768e+08 2.414768e+08 2.414767e+08 2.414764e+08 2.457414e+08 2.693550e+08 2.974411e+08 3.043207e+08 3.092634e+08 3.159773e+08 3.203046e+08 3.232876e+08 3.254730e+08 3.271870e+08 3.286357e+08 3.299578e+08 3.375358e+08 3.501471e+08 3.675472e+08 3.878134e+08 4.103119e+08 4.353335e+08 4.935668e+08 5.605481e+08 6.303028e+08 6.968626e+08 7.563467e+08 8.065782e+08
2.349859e+08 2.349859e+08 2.349859e+08 2.349858e+08 2.349855e+08 2.393034e+08 2.634832e+08 2.922957e+08 2.992606e+08 3.041943e+08 3.107790e+08 3.149904e+08 3.179517e+08 3.202220e+08 3.221126e+08 3.238065e+08 3.254183e+08 3.344781e+08 3.481734e+08 3.667247e+08 3.883692e+08 4.121554e+08 4.381256e+08 4.972171e+08 5.641391e+08 6.338133e+08 7.001760e+08 7.593199e+08 8.091139e+08
2.283190e+08 2.283190e+08 2.283190e+08 2.283190e+08 2.283187e+08 2.326929e+08 2.575367e+08 2.872242e+08 2.943084e+08 2.992551e+08 3.057350e+08 3.098409e+08 3.127837e+08 3.151376e+08 3.172008e+08 3.191354e+08 3.210341e+08 3.316267e+08 3.464561e+08 3.660783e+08 3.889961e+08 4.140487e+08 4.410184e+08 5.011018e+08 5.680069e+08 6.374694e+08 7.035781e+08 7.623458e+08 8.116766e+08
2.215804e+08 2.215804e+08 2.215804e+08 2.215804e+08 2.215801e+08 2.260093e+08 2.515772e+08 2.822548e+08 2.894930e+08 2.944786e+08 3.008877e+08 3.049061e+08 3.078379e+08 3.102763e+08 3.125088e+08 3.146785e+08 3.168584e+08 3.290036e+08 3.450132e+08 3.656491e+08 3.897348e+08 4.160056e+08 4.440000e+08 5.051912e+08 5.721813e+08 6.412861e+08 7.070741e+08 7.654254e+08 8.142655e+08
2.148417e+08 2.148417e+08 2.148417e+08 2.148417e+08 2.148415e+08 2.193272e+08 2.456823e+08 2.774551e+08 2.848771e+08 2.899237e+08 2.962917e+08 3.002385e+08 3.031661e+08 3.056892e+08 3.080868e+08 3.104847e+08 3.129379e+08 3.266310e+08 3.438576e+08 3.654692e+08 3.906239e+08 4.180463e+08 4.470663e+08 5.094593e+08 5.766190e+08 6.452823e+08 7.106701e+08 7.685602e+08 8.168802e+08
2.081740e+08 2.081740e+08 2.081740e+08 2.081740e+08 2.081738e+08 2.127199e+08 2.399328e+08 2.729054e+08 2.805358e+08 2.856600e+08 2.920058e+08 2.958897e+08 2.988152e+08 3.014206e+08 3.039773e+08 3.065949e+08 3.093117e+08 3.245292e+08 3.429991e+08 3.655625e+08 3.916984e+08 4.201944e+08 4.502192e+08 5.138834e+08 5.812880e+08 6.494837e+08 7.143737e+08 7.717525e+08 8.195202e+08
2.016300e+08 2.016300e+08 2.016300e+08 2.016299e+08 2.016298e+08 2.062404e+08 2.343777e+08 2.686486e+08 2.765113e+08 2.817286e+08 2.880696e+08 2.918972e+08 2.948209e+08 2.975044e+08 3.002129e+08 3.030406e+08 3.060102e+08 3.227157e+08 3.424442e+08 3.659462e+08 3.929880e+08 4.224749e+08 4.534659e+08 5.184443e+08 5.861622e+08 6.539304e+08 7.181945e+08 7.750050e+08 8.221857e+08
1.952516e+08 1.952516e+08 1.952516e+08 1.952516e+08 1.952515e+08 1.999314e+08 2.290521e+08 2.647069e+08 2.728235e+08 2.781491e+08 2.845038e+08 2.882827e+08 2.912053e+08 2.939629e+08 2.968159e+08 2.998441e+08 3.030554e+08 3.212050e+08 3.421979e+08 3.666318e+08 3.945170e+08 4.249120e+08 4.568173e+08 5.231259e+08 5.912181e+08 6.586157e+08 7.221440e+08 7.783213e+08 8.248772e+08
1.890641e+08 1.890641e+08 1.890641e+08 1.890641e+08 1.890640e+08 1.938184e+08 2.239755e+08 2.610928e+08 2.694845e+08 2.749337e+08 2.813207e+08 2.850593e+08 2.879818e+08 2.908097e+08 2.937999e+08 2.970192e+08 3.004613e+08 3.200075e+08 3.422628e+08 3.676265e+08 3.963045e+08 4.275285e+08 4.602866e+08 5.279155e+08 5.964342e+08 6.635043e+08 7.262376e+08 7.817061e+08 8.275956e+08
1.830907e+08 1.830907e+08 1.830907e+08 1.830907e+08 1.830906e+08 1.879252e+08 2.191736e+08 2.578283e+08 2.665135e+08 2.720988e+08 2.785328e+08 2.822364e+08 2.851583e+08 2.880518e+08 2.911718e+08 2.945728e+08 2.982353e+08 3.191307e+08 3.426405e+08 3.689339e+08 3.983646e+08 4.303442e+08 4.638882e+08 5.328036e+08 6.017906e+08 6.685712e+08 7.304982e+08 7.851651e+08 8.303424e+08
1.773384e+08 1.773384e+08 1.773384e+08 1.773383e+08 1.773383e+08 1.822601e+08 2.146573e+08 2.549253e+08 2.639214e+08 2.696540e+08 2.761465e+08 2.798178e+08 2.827368e+08 2.856904e+08 2.889327e+08 2.925065e+08 2.963796e+08 3.185786e+08 3.433312e+08 3.705552e+08 4.007071e+08 4.333759e+08 4.676365e+08 5.377837e+08 6.072689e+08 6.737949e+08 7.349522e+08 7.887056e+08 8.331194e+08
1.718154e+08 1.718154e+08 1.718154e+08 1.718153e+08 1.718153e+08 1.768313e+08 2.104319e+08 2.523834e+08 2.617065e+08 2.675967e+08 2.741580e+08 2.777994e+08 2.807128e+08 2.837210e+08 2.870784e+08 2.908167e+08 2.948918e+08 3.183530e+08 3.443341e+08 3.724894e+08 4.033381e+08 4.366371e+08 4.715450e+08 5.428520e+08 6.128520e+08 6.791554e+08 7.395731e+08 7.923367e+08 8.359294e+08
1.665254e+08 1.665254e+08 1.665254e+08 1.665254e+08 1.665254e+08 1.716418e+08 2.064931e+08 2.501912e+08 2.598568e+08 2.659151e+08 2.725564e+08 2.761707e+08 2.790765e+08 2.821346e+08 2.856007e+08 2.894966e+08 2.937661e+08 3.184534e+08 3.456476e+08 3.747339e+08 4.062603e+08 4.401379e+08 4.756261e+08 5.480067e+08 6.185250e+08 6.846338e+08 7.443349e+08 7.960716e+08 8.387757e+08
1.614587e+08 1.614587e+08 1.614587e+08 1.614586e+08 1.614586e+08 1.666822e+08 2.028324e+08 2.483393e+08 2.583620e+08 2.645978e+08 2.713290e+08 2.749187e+08 2.778152e+08 2.809192e+08 2.844890e+08 2.885368e+08 2.929947e+08 3.188782e+08 3.472695e+08 3.772852e+08 4.094740e+08 4.438853e+08 4.798901e+08 5.532481e+08 6.242743e+08 6.902121e+08 7.492171e+08 7.999322e+08 8.416629e+08
1.566055e+08 1.566055e+08 1.566055e+08 1.566055e+08 1.566054e+08 1.619434e+08 1.994412e+08 2.468175e+08 2.572108e+08 2.636327e+08 2.704621e+08 2.740289e+08 2.769147e+08 2.800615e+08 2.837312e+08 2.879268e+08 2.925687e+08 3.196244e+08 3.491970e+08 3.801386e+08 4.129772e+08 4.478833e+08 4.843453e+08 5.585774e+08 6.300882e+08 6.958733e+08 7.542012e+08 8.039237e+08 8.445968e+08
1.519613e+08 1.519613e+08 1.519613e+08 1.519613e+08 1.519613e+08 1.574199e+08 1.963094e+08 2.456107e+08 2.563871e+08 2.630028e+08 2.699382e+08 2.734847e+08 2.763595e+08 2.795476e+08 2.833151e+08 2.876560e+08 2.924791e+08 3.206887e+08 3.514269e+08 3.832888e+08 4.167661e+08 4.521332e+08 4.889976e+08 5.639968e+08 6.359565e+08 7.016010e+08 7.592700e+08 8.080183e+08 8.475851e+08
1.475180e+08 1.475180e+08 1.475180e+08 1.475179e+08 1.475179e+08 1.531034e+08 1.934247e+08 2.446992e+08 2.558696e+08 2.626866e+08 2.697370e+08 2.732677e+08 2.761336e+08 2.793638e+08 2.832289e+08 2.877141e+08 2.927170e+08 3.220675e+08 3.539553e+08 3.867298e+08 4.208352e+08 4.566342e+08 4.938511e+08 5.695088e+08 6.418708e+08 7.073801e+08 7.644068e+08 8.121962e+08 8.506396e+08
1.432686e+08 1.432686e+08 1.432686e+08 1.432686e+08 1.432686e+08 1.489858e+08 1.907694e+08 2.440595e+08 2.556361e+08 2.626633e+08 2.698410e+08 2.733629e+08 2.762241e+08 2.794986e+08 2.834624e+08 2.880923e+08 2.932749e+08 3.237566e+08 3.567781e+08 3.904549e+08 4.251779e+08 4.613830e+08 4.989073e+08 5.751162e+08 6.478238e+08 7.131963e+08 7.695957e+08 8.164401e+08 8.537791e+08
1.392046e+08 1.392046e+08 1.392046e+08 1.392046e+08 1.392046e+08 1.450590e+08 1.883404e+08 2.436905e+08 2.556841e+08 2.629292e+08 2.702440e+08 2.737629e+08 2.766229e+08 2.799440e+08 2.840081e+08 2.887837e+08 2.941464e+08 3.257520e+08 3.598904e+08 3.944568e+08 4.297863e+08 4.663749e+08 5.041658e+08 5.808210e+08 6.538098e+08 7.190363e+08 7.748212e+08 8.207344e+08 8.569912e+08
1.353136e+08 1.353136e+08 1.353136e+08 1.353136e+08 1.353136e+08 1.413118e+08 1.861339e+08 2.435959e+08 2.560173e+08 2.634870e+08 2.709457e+08 2.744649e+08 2.773258e+08 2.806950e+08 2.848606e+08 2.897829e+08 2.953261e+08 3.280491e+08 3.632865e+08 3.987275e+08 4.346515e+08 4.716033e+08 5.096245e+08 5.866252e+08 6.598239e+08 7.248881e+08 7.800687e+08 8.250643e+08 8.602543e+08
1.315869e+08 1.315869e+08 1.315869e+08 1.315869e+08 1.315869e+08 1.377352e+08 1.841418e+08 2.437702e+08 2.566315e+08 2.643332e+08 2.719435e+08 2.754659e+08 2.783290e+08 2.817475e+08 2.860156e+08 2.910854e+08 2.968096e+08 3.306431e+08 3.669600e+08 4.032582e+08 4.397639e+08 4.770603e+08 5.152794e+08 5.925296e+08 6.658623e+08 7.307406e+08 7.853239e+08 8.294154e+08 8.635526e+08
1.280172e+08 1.280172e+08 1.280172e+08 1.280172e+08 1.280172e+08 1.343221e+08 1.823569e+08 2.442076e+08 2.575215e+08 2.654631e+08 2.732331e+08 2.767621e+08 2.796289e+08 2.830976e+08 2.874690e+08 2.926870e+08 2.985926e+08 3.335282e+08 3.709035e+08 4.080393e+08 4.451128e+08 4.827369e+08 5.211248e+08 5.985345e+08 6.719215e+08 7.365838e+08 7.905734e+08 8.337739e+08 8.668719e+08
1.245965e+08 1.245965e+08 1.245965e+08 1.245965e+08 1.245965e+08 1.310645e+08 1.807738e+08 2.449055e+08 2.586848e+08 2.668743e+08 2.748117e+08 2.783501e+08 2.812218e+08 2.847415e+08 2.892169e+08 2.945835e+08 3.006703e+08 3.366978e+08 3.751085e+08 4.130604e+08 4.506869e+08 4.886231e+08 5.271541e+08 6.046391e+08 6.779989e+08 7.424087e+08 7.958044e+08 8.381265e+08 8.701991e+08
1.213163e+08 1.213163e+08 1.213163e+08 1.213163e+08 1.213163e+08 1.279541e+08 1.793868e+08 2.458607e+08 2.601186e+08 2.685637e+08 2.766760e+08 2.802263e+08 2.831040e+08 2.866754e+08 2.912552e+08 2.967703e+08 3.030379e+08 3.401439e+08 3.795651e+08 4.183104e+08 4.564743e+08 4.947078e+08 5.333592e+08 6.108414e+08 6.840920e+08 7.482072e+08 8.010048e+08 8.424604e+08 8.735218e+08
1.181707e+08 1.181707e+08 1.181707e+08 1.181707e+08 1.181707e+08 1.249850e+08 1.781892e+08 2.470673e+08 2.618174e+08 2.705265e+08 2.788218e+08 2.823869e+08 2.852717e+08 2.888950e+08 2.935791e+08 2.992422e+08 3.056892e+08 3.438571e+08 3.842623e+08 4.237772e+08 4.624626e+08 5.009796e+08 5.397310e+08 6.171389e+08 6.901983e+08 7.539721e+08 8.061634e+08 8.467631e+08 8.768280e+08
1.151536e+08 1.151536e+08 1.151536e+08 1.151536e+08 1.151536e+08 1.221509e+08 1.771760e+08 2.485216e+08 2.637778e+08 2.727592e+08 2.812457e+08 2.848284e+08 2.877209e+08 2.913960e+08 2.961835e+08 3.019929e+08 3.086172e+08 3.478264e+08 3.891878e+08 4.294481e+08 4.686387e+08 5.074263e+08 5.462599e+08 6.235278e+08 6.963155e+08 7.596971e+08 8.112698e+08 8.510227e+08 8.801063e+08
1.122580e+08 1.122579e+08 1.122579e+08 1.122579e+08 1.122579e+08 1.194453e+08 1.763427e+08 2.502216e+08 2.659981e+08 2.752603e+08 2.839455e+08 2.875478e+08 2.904478e+08 2.941734e+08 2.990621e+08 3.050150e+08 3.118129e+08 3.520389e+08 3.943280e+08 4.353095e+08 4.749893e+08 5.140353e+08 5.529352e+08 6.300035e+08 7.024411e+08 7.653763e+08 8.163143e+08 8.552278e+08 8.833454e+08
1.094775e+08 1.094775e+08 1.094775e+08 1.094775e+08 1.094775e+08 1.168619e+08 1.756849e+08 2.521650e+08 2.684761e+08 2.780274e+08 2.869185e+08 2.905415e+08 2.934474e+08 2.972205e+08 3.022067e+08 3.082987e+08 3.152654e+08 3.564800e+08 3.996684e+08 4.413477e+08 4.815008e+08 5.207940e+08 5.597461e+08 6.365606e+08 7.085724e+08 7.710045e+08 8.212878e+08 8.593677e+08 8.865346e+08
1.068071e+08 1.068071e+08 1.068071e+08 1.068071e+08 1.068070e+08 1.143956e+08 1.751971e+08 2.543469e+08 2.712074e+08 2.810566e+08 2.901607e+08 2.938044e+08 2.967131e+08 3.005290e+08 3.056072e+08 3.118322e+08 3.189614e+08 3.611339e+08 4.051936e+08 4.475483e+08 4.881597e+08 5.276894e+08 5.666810e+08 6.431928e+08 7.147063e+08 7.765771e+08 8.261823e+08 8.634322e+08 8.896635e+08
1.042417e+08 1.042417e+08 1.042417e+08 1.042417e+08 1.042417e+08 1.120413e+08 1.748754e+08 2.567644e+08 2.741891e+08 2.843444e+08 2.936674e+08 2.973299e+08 3.002360e+08 3.040879e+08 3.092505e+08 3.156011e+08 3.228855e+08 3.659831e+08 4.108879e+08 4.538970e+08 4.949523e+08 5.347084e+08 5.737286e+08 6.498934e+08 7.208394e+08 7.820896e+08 8.309902e+08 8.674115e+08 8.927223e+08
1.017760e+08 1.017760e+08 1.017760e+08 1.017760e+08 1.017760e+08 1.097938e+08 1.747155e+08 2.594142e+08 2.774174e+08 2.878863e+08 2.974315e+08 3.011084e+08 3.040040e+08 3.078828e+08 3.131208e+08 3.195882e+08 3.270196e+08 3.710095e+08 4.167352e+08 4.603796e+08 5.018652e+08 5.418384e+08 5.808768e+08 6.566548e+08 7.269679e+08 7.875381e+08 8.357048e+08 8.712967e+08 8.957013e+08
9.940518e+07 9.940518e+07 9.940518e+07 9.940517e+07 9.940517e+07 1.076481e+08 1.747117e+08 2.622877e+08 2.808822e+08 2.916710e+08 3.014395e+08 3.051242e+08 3.079999e+08 3.118953e+08 3.171987e+08 3.237737e+08 3.313437e+08 3.761946e+08 4.227195e+08 4.669820e+08 5.088852e+08 5.490665e+08 5.881141e+08 6.634690e+08 7.330877e+08 7.929185e+08 8.403197e+08 8.750796e+08 8.985915e+08
9.712310e+07 9.712310e+07 9.712310e+07 9.712310e+07 9.712310e+07 1.055972e+08 1.748494e+08 2.653625e+08 2.845602e+08 2.956745e+08 3.056674e+08 3.093537e+08 3.122002e+08 3.161022e+08 3.214615e+08 3.281353e+08 3.358360e+08 3.815199e+08 4.288256e+08 4.736906e+08 5.159995e+08 5.563803e+08 5.954285e+08 6.703276e+08 7.391940e+08 7.982272e+08 8.448293e+08 8.787522e+08 9.013844e+08
9.492373e+07 9.492373e+07 9.492373e+07 9.492373e+07 9.492372e+07 1.036340e+08 1.751125e+08 2.686096e+08 2.884197e+08 2.998644e+08 3.100832e+08 3.137663e+08 3.165761e+08 3.204767e+08 3.258837e+08 3.326490e+08 3.404739e+08 3.869677e+08 4.350386e+08 4.804925e+08 5.231958e+08 5.637678e+08 6.028085e+08 6.772218e+08 7.452819e+08 8.034604e+08 8.492284e+08 8.823074e+08 9.040718e+08
9.280108e+07 9.280108e+07 9.280108e+07 9.280108e+07 9.280108e+07 1.017512e+08 1.754819e+08 2.719962e+08 2.924258e+08 3.042047e+08 3.146511e+08 3.183284e+08 3.210967e+08 3.249900e+08 3.304393e+08 3.372907e+08 3.452350e+08 3.925216e+08 4.413450e+08 4.873755e+08 5.304623e+08 5.712172e+08 6.102425e+08 6.841425e+08 7.513459e+08 8.086142e+08 8.535123e+08 8.857387e+08 9.066462e+08
9.075087e+07 9.075087e+07 9.075087e+07 9.075087e+07 9.075086e+07 9.994306e+07 1.759408e+08 2.754906e+08 2.965439e+08 3.086596e+08 3.193358e+08 3.230066e+08 3.257314e+08 3.296147e+08 3.351031e+08 3.420376e+08 3.500984e+08 3.981664e+08 4.477324e+08 4.943283e+08 5.377880e+08 5.787171e+08 6.177192e+08 6.910804e+08 7.573801e+08 8.136849e+08 8.576766e+08 8.890401e+08 9.091004e+08
8.876927e+07 8.876927e+07 8.876927e+07 8.876927e+07 8.876927e+07 9.820474e+07 1.764742e+08 2.790643e+08 3.007429e+08 3.131969e+08 3.241054e+08 3.277714e+08 3.304532e+08 3.343264e+08 3.398531e+08 3.468699e+08 3.550461e+08 4.038892e+08 4.541896e+08 5.013402e+08 5.451621e+08 5.862565e+08 6.252276e+08 6.980259e+08 7.633782e+08 8.186686e+08 8.617173e+08 8.922060e+08 9.114279e+08
8.685352e+07 8.685352e+07 8.685352e+07 8.685352e+07 8.685351e+07 9.653222e+07 1.770685e+08 2.826935e+08 3.049975e+08 3.177908e+08 3.289348e+08 3.325992e+08 3.352405e+08 3.391054e+08 3.446717e+08 3.517712e+08 3.600630e+08 4.096789e+08 4.607069e+08 5.084016e+08 5.525745e+08 5.938250e+08 6.327567e+08 7.049693e+08 7.693339e+08 8.235611e+08 8.656304e+08 8.952316e+08 9.136227e+08
8.500053e+07 8.500053e+07 8.500053e+07 8.500053e+07 8.500053e+07 9.492210e+07 1.777169e+08 2.863650e+08 3.092928e+08 3.224255e+08 3.338074e+08 3.374738e+08 3.400781e+08 3.439374e+08 3.495454e+08 3.567293e+08 3.651379e+08 4.155266e+08 4.672754e+08 5.155035e+08 5.600159e+08 6.014123e+08 6.402960e+08 7.119009e+08 7.752400e+08 8.283583e+08 8.694125e+08 8.981123e+08 9.156792e+08
8.320860e+07 8.320860e+07 8.320860e+07 8.320860e+07 8.320860e+07 9.337234e+07 1.784153e+08 2.900723e+08 3.136217e+08 3.270931e+08 3.387144e+08 3.423858e+08 3.449565e+08 3.488132e+08 3.544655e+08 3.617357e+08 3.702625e+08 4.214252e+08 4.738878e+08 5.226376e+08 5.674770e+08 6.090087e+08 6.478351e+08 7.188109e+08 7.810896e+08 8.330557e+08 8.730601e+08 9.008442e+08 9.175924e+08
8.147502e+07 8.147502e+07 8.147502e+07 8.147502e+07 8.147501e+07 9.188028e+07 1.791612e+08 2.938128e+08 3.179811e+08 3.317902e+08 3.436516e+08 3.473304e+08 3.498703e+08 3.537274e+08 3.594264e+08 3.667851e+08 3.754318e+08 4.273691e+08 4.805373e+08 5.297960e+08 5.749491e+08 6.166044e+08 6.553638e+08 7.256892e+08 7.868751e+08 8.376487e+08 8.765699e+08 9.034234e+08 9.193576e+08
7.979737e+07 7.979737e+07 7.979737e+07 7.979737e+07 7.979736e+07 9.044356e+07 1.799529e+08 2.975850e+08 3.223695e+08 3.365151e+08 3.486170e+08 3.523054e+08 3.548172e+08 3.586774e+08 3.644256e+08 3.718747e+08 3.806425e+08 4.333541e+08 4.872180e+08 5.369715e+08 5.824239e+08 6.241904e+08 6.628722e+08 7.325260e+08 7.925889e+08 8.421326e+08 8.799387e+08 9.058468e+08 9.209709e+08
7.817438e+07 7.817438e+07 7.817438e+07 7.817438e+07 7.817438e+07 8.906079e+07 1.807885e+08 3.013873e+08 3.267856e+08 3.412670e+08 3.536103e+08 3.573105e+08 3.597970e+08 3.636627e+08 3.694623e+08 3.770033e+08 3.858935e+08 4.393768e+08 4.939243e+08 5.441569e+08 5.898931e+08 6.317574e+08 6.703503e+08 7.393113e+08 7.982232e+08 8.465024e+08 8.831635e+08 9.081113e+08 9.224286e+08
7.660409e+07 7.660409e+07 7.660409e+07 7.660409e+07 7.660409e+07 8.773009e+07 1.816670e+08 3.052209e+08 3.312314e+08 3.460482e+08 3.586340e+08 3.623482e+08 3.648115e+08 3.686847e+08 3.745372e+08 3.821713e+08 3.911844e+08 4.454341e+08 5.006507e+08 5.513450e+08 5.973487e+08 6.392966e+08 6.777887e+08 7.460353e+08 8.037700e+08 8.507531e+08 8.862410e+08 9.102144e+08 9.237274e+08
7.508506e+07 7.508506e+07 7.508506e+07 7.508506e+07 7.508506e+07 8.645051e+07 1.825921e+08 3.090932e+08 3.357142e+08 3.508654e+08 3.636936e+08 3.674225e+08 3.698638e+08 3.737458e+08 3.796520e+08 3.873798e+08 3.965157e+08 4.515232e+08 5.073916e+08 5.585288e+08 6.047827e+08 6.467991e+08 6.851778e+08 7.526879e+08 8.092210e+08 8.548793e+08 8.891682e+08 9.121535e+08 9.248647e+08
7.361508e+07 7.361508e+07 7.361508e+07 7.361508e+07 7.361508e+07 8.522011e+07 1.835640e+08 3.130081e+08 3.402384e+08 3.557235e+08 3.687934e+08 3.725374e+08 3.749572e+08 3.788484e+08 3.848087e+08 3.926299e+08 4.018878e+08 4.576408e+08 5.141410e+08 5.657010e+08 6.121869e+08 6.542563e+08 6.925081e+08 7.592594e+08 8.145681e+08 8.588757e+08 8.919421e+08 9.139266e+08 9.258379e+08
7.219267e+07 7.219267e+07 7.219267e+07 7.219267e+07 7.219267e+07 8.403742e+07 1.845819e+08 3.169658e+08 3.448050e+08 3.606238e+08 3.739358e+08 3.776952e+08 3.800939e+08 3.839945e+08 3.900086e+08 3.979223e+08 4.073007e+08 4.637828e+08 5.208926e+08 5.728541e+08 6.195534e+08 6.616595e+08 6.997704e+08 7.657399e+08 8.198028e+08 8.627366e+08 8.945596e+08 9.155317e+08 9.266452e+08
7.081564e+07 7.081564e+07 7.081564e+07 7.081564e+07 7.081564e+07 8.290035e+07 1.856445e+08 3.209668e+08 3.494149e+08 3.655677e+08 3.791224e+08 3.828977e+08 3.852757e+08 3.891854e+08 3.952524e+08 4.032570e+08 4.127535e+08 4.699444e+08 5.276391e+08 5.799801e+08 6.268739e+08 6.690001e+08 7.069555e+08 7.721196e+08 8.249167e+08 8.664565e+08 8.970175e+08 9.169670e+08 9.272847e+08
6.948247e+07 6.948247e+07 6.948247e+07 6.948247e+07 6.948247e+07 8.180763e+07 1.867527e+08 3.250138e+08 3.540708e+08 3.705577e+08 3.843553e+08 3.881467e+08 3.905036e+08 3.944217e+08 4.005398e+08 4.086327e+08 4.182439e+08 4.761193e+08 5.343727e+08 5.870710e+08 6.341403e+08 6.762696e+08 7.140543e+08 7.783887e+08 8.299014e+08 8.700295e+08 8.993129e+08 9.182309e+08 9.277551e+08
6.819120e+07 6.819120e+07 6.819120e+07 6.819120e+07 6.819120e+07 8.075742e+07 1.879056e+08 3.291074e+08 3.587738e+08 3.755949e+08 3.896357e+08 3.934431e+08 3.957781e+08 3.997027e+08 4.058694e+08 4.140469e+08 4.237683e+08 4.822999e+08 5.410849e+08 5.941183e+08 6.413443e+08 6.834594e+08 7.210577e+08 7.845375e+08 8.347483e+08 8.734499e+08 9.014425e+08 9.193219e+08 9.280553e+08
6.694121e+07 6.694121e+07 6.694121e+07 6.694121e+07 6.694121e+07 7.974896e+07 1.891022e+08 3.332470e+08 3.635234e+08 3.806793e+08 3.949638e+08 3.987868e+08 4.010984e+08 4.050268e+08 4.112379e+08 4.194951e+08 4.293212e+08 4.884774e+08 5.477664e+08 6.011135e+08 6.484777e+08 6.905611e+08 7.279568e+08 7.905564e+08 8.394489e+08 8.767117e+08 9.034034e+08 9.202387e+08 9.281846e+08
6.573073e+07 6.573073e+07 6.573073e+07 6.573073e+07 6.573073e+07 7.878055e+07 1.903415e+08 3.374328e+08 3.683201e+08 3.858116e+08 4.003402e+08 4.041775e+08 4.064628e+08 4.103905e+08 4.166406e+08 4.249711e+08 4.348949e+08 4.946416e+08 5.544075e+08 6.080478e+08 6.555322e+08 6.975664e+08 7.347426e+08 7.964357e+08 8.439947e+08 8.798091e+08 9.051924e+08 9.209802e+08 9.281424e+08
6.455797e+07 6.455797e+07 6.455797e+07 6.455797e+07 6.455797e+07 7.785067e+07 1.916242e+08 3.416673e+08 3.731666e+08 3.909939e+08 4.057655e+08 4.096139e+08 4.118679e+08 4.157885e+08 4.220703e+08 4.304664e+08 4.404800e+08 5.007813e+08 5.609983e+08 6.149126e+08 6.624999e+08 7.044670e+08 7.414064e+08 8.021661e+08 8.483772e+08 8.827362e+08 9.068063e+08 9.215452e+08 9.279284e+08
6.342110e+07 6.342110e+07 6.342110e+07 6.342110e+07 6.342110e+07 7.695761e+07 1.929495e+08 3.459506e+08 3.780626e+08 3.962255e+08 4.112375e+08 4.150919e+08 4.173074e+08 4.212127e+08 4.275173e+08 4.359701e+08 4.460650e+08 5.068847e+08 5.675287e+08 6.216995e+08 6.693728e+08 7.112548e+08 7.479393e+08 8.077378e+08 8.525881e+08 8.854870e+08 9.082423e+08 9.219327e+08 9.275425e+08
6.231878e+07 6.231878e+07 6.231878e+07 6.231878e+07 6.231878e+07 7.609977e+07 1.943139e+08 3.502776e+08 3.830027e+08 4.015006e+08 4.167489e+08 4.206023e+08 4.227705e+08 4.266511e+08 4.329690e+08 4.414691e+08 4.516363e+08 5.129397e+08 5.739890e+08 6.284003e+08 6.761432e+08 7.179217e+08 7.543326e+08 8.131416e+08 8.566189e+08 8.880558e+08 9.094972e+08 9.221419e+08 9.269848e+08
6.124954e+07 6.124954e+07 6.124954e+07 6.124954e+07 6.124954e+07 7.527555e+07 1.957143e+08 3.546393e+08 3.879752e+08 4.068054e+08 4.222836e+08 4.261282e+08 4.282407e+08 4.320873e+08 4.384092e+08 4.469479e+08 4.571791e+08 5.189344e+08 5.803701e+08 6.350074e+08 6.828038e+08 7.244598e+08 7.605778e+08 8.183679e+08 8.604614e+08 8.904367e+08 9.105682e+08 9.221720e+08 9.262557e+08
6.021118e+07 6.021118e+07 6.021118e+07 6.021118e+07 6.021118e+07 7.448128e+07 1.971343e+08 3.590061e+08 3.929493e+08 4.121094e+08 4.278137e+08 4.316450e+08 4.336955e+08 4.375011e+08 4.438196e+08 4.523892e+08 4.626774e+08 5.248574e+08 5.866635e+08 6.415139e+08 6.893476e+08 7.308613e+08 7.666661e+08 8.234076e+08 8.641073e+08 8.926240e+08 9.114523e+08 9.220224e+08 9.253557e+08
5.920151e+07 5.920151e+07 5.920151e+07 5.920151e+07 5.920151e+07 7.371319e+07 1.985568e+08 3.633464e+08 3.978922e+08 4.173802e+08 4.333091e+08 4.371255e+08 4.391111e+08 4.428711e+08 4.491808e+08 4.577759e+08 4.681154e+08 5.306984e+08 5.928620e+08 6.479133e+08 6.957679e+08 7.371186e+08 7.725890e+08 8.282511e+08 8.675487e+08 8.946123e+08 9.121467e+08 9.216925e+08 9.242855e+08
5.821940e+07 5.821940e+07 5.821940e+07 5.821940e+07 5.821940e+07 7.296976e+07 1.999759e+08 3.676436e+08 4.027836e+08 4.225949e+08 4.387453e+08 4.425460e+08 4.444652e+08 4.481774e+08 4.544751e+08 4.630919e+08 4.734789e+08 5.364486e+08 5.989593e+08 6.542001e+08 7.020583e+08 7.432241e+08 7.783376e+08 8.328893e+08 8.707775e+08 8.963960e+08 9.126489e+08 9.211818e+08 9.230459e+08
5.726428e+07 5.726428e+07 5.726428e+07 5.726428e+07 5.726428e+07 7.224918e+07 2.013801e+08 3.718782e+08 4.076033e+08 4.277331e+08 4.441018e+08 4.478865e+08 4.497394e+08 4.534030e+08 4.596872e+08 4.683236e+08 4.787556e+08 5.421009e+08 6.049505e+08 6.603694e+08 7.082127e+08 7.491702e+08 7.839034e+08 8.373128e+08 8.737859e+08 8.979698e+08 9.129563e+08 9.204902e+08 9.216378e+08
5.633497e+07 5.633497e+07 5.633497e+07 5.633497e+07 5.633497e+07 7.155020e+07 2.027666e+08 3.760400e+08 4.123381e+08 4.327798e+08 4.493620e+08 4.531310e+08 4.549188e+08 4.585344e+08 4.648051e+08 4.734604e+08 4.839365e+08 5.476503e+08 6.108320e+08 6.664169e+08 7.142251e+08 7.549491e+08 7.892774e+08 8.415125e+08 8.765663e+08 8.993288e+08 9.130664e+08 9.196173e+08 9.200625e+08
