1.103193e+06 6.410585e+05 5.900122e+05 5.346987e+05 5.112441e+05 4.273601e+05 3.881631e+05 3.286257e+05 2.956153e+05 2.653518e+05 2.216301e+05 1.964843e+05 1.819779e+05 1.732926e+05 1.679780e+05 1.647619e+05 1.629414e+05 1.643582e+05 1.728814e+05 1.831755e+05 1.933755e+05 2.028104e+05 2.113062e+05 2.256724e+05 2.372588e+05 2.468299e+05 2.548947e+05 2.617688e+05 2.676533e+05
4.274823e+05 4.274861e+05 4.274942e+05 4.273750e+05 4.256045e+05 4.032000e+05 3.768803e+05 3.236555e+05 2.919453e+05 2.625666e+05 2.198889e+05 1.952870e+05 1.811008e+05 1.726266e+05 1.674642e+05 1.643652e+05 1.626387e+05 1.643424e+05 1.729977e+05 1.833502e+05 1.935707e+05 2.030069e+05 2.114948e+05 2.258360e+05 2.373976e+05 2.469483e+05 2.549970e+05 2.618580e+05 2.677318e+05
3.898364e+05 3.898372e+05 3.898391e+05 3.898446e+05 3.896656e+05 3.824731e+05 3.629045e+05 3.171954e+05 2.873744e+05 2.592109e+05 2.178846e+05 1.939486e+05 1.801401e+05 1.719084e+05 1.669170e+05 1.639472e+05 1.623229e+05 1.643300e+05 1.731201e+05 1.835307e+05 1.937707e+05 2.032072e+05 2.116862e+05 2.260013e+05 2.375377e+05 2.470676e+05 2.550998e+05 2.619477e+05 2.678106e+05
3.660090e+05 3.660094e+05 3.660102e+05 3.660173e+05 3.659759e+05 3.601522e+05 3.528919e+05 3.096905e+05 2.820094e+05 2.553197e+05 2.156257e+05 1.924730e+05 1.790986e+05 1.711399e+05 1.663380e+05 1.635091e+05 1.619950e+05 1.643213e+05 1.732488e+05 1.837170e+05 1.939755e+05 2.034112e+05 2.118807e+05 2.261684e+05 2.376788e+05 2.471877e+05 2.552032e+05 2.620378e+05 2.678898e+05
3.483880e+05 3.483882e+05 3.483886e+05 3.483926e+05 3.483775e+05 3.447333e+05 3.396641e+05 3.028847e+05 2.762979e+05 2.510406e+05 2.131397e+05 1.908695e+05 1.779806e+05 1.703240e+05 1.657290e+05 1.630526e+05 1.616564e+05 1.643169e+05 1.733841e+05 1.839093e+05 1.941852e+05 2.036191e+05 2.120780e+05 2.263374e+05 2.378212e+05 2.473085e+05 2.553072e+05 2.621283e+05 2.679693e+05
3.343027e+05 3.343028e+05 3.343031e+05 3.343063e+05 3.343005e+05 3.321263e+05 3.264271e+05 2.975105e+05 2.713132e+05 2.467254e+05 2.104899e+05 1.891562e+05 1.767938e+05 1.694645e+05 1.650927e+05 1.625793e+05 1.613083e+05 1.643173e+05 1.735261e+05 1.841076e+05 1.943998e+05 2.038309e+05 2.122784e+05 2.265081e+05 2.379647e+05 2.474301e+05 2.554117e+05 2.622192e+05 2.680491e+05
3.225789e+05 3.225789e+05 3.225789e+05 3.225661e+05 3.225129e+05 3.206580e+05 3.151576e+05 2.917770e+05 2.672648e+05 2.430410e+05 2.077919e+05 1.873650e+05 1.755499e+05 1.685673e+05 1.644323e+05 1.620914e+05 1.609523e+05 1.643230e+05 1.736751e+05 1.843121e+05 1.946193e+05 2.040464e+05 2.124817e+05 2.266807e+05 2.381093e+05 2.475525e+05 2.555168e+05 2.623106e+05 2.681292e+05
3.103298e+05 3.103298e+05 3.103299e+05 3.103351e+05 3.103499e+05 3.097483e+05 3.055843e+05 2.852826e+05 2.631967e+05 2.399950e+05 2.052359e+05 1.855467e+05 1.742675e+05 1.676405e+05 1.637522e+05 1.615917e+05 1.605903e+05 1.643345e+05 1.738312e+05 1.845229e+05 1.948437e+05 2.042658e+05 2.126879e+05 2.268550e+05 2.382550e+05 2.476757e+05 2.556225e+05 2.624024e+05 2.682096e+05
3.007893e+05 3.007893e+05 3.007894e+05 3.007913e+05 3.007925e+05 3.003962e+05 2.973718e+05 2.785214e+05 2.587476e+05 2.370382e+05 2.031071e+05 1.837767e+05 1.729735e+05 1.666959e+05 1.630584e+05 1.610836e+05 1.602243e+05 1.643524e+05 1.739948e+05 1.847399e+05 1.950732e+05 2.044890e+05 2.128970e+05 2.270310e+05 2.384019e+05 2.477997e+05 2.557287e+05 2.624946e+05 2.682904e+05
2.928085e+05 2.928085e+05 2.928086e+05 2.928102e+05 2.928121e+05 2.925340e+05 2.902640e+05 2.720722e+05 2.540031e+05 2.339098e+05 2.013148e+05 1.821660e+05 1.717048e+05 1.657494e+05 1.623587e+05 1.605714e+05 1.598572e+05 1.643771e+05 1.741658e+05 1.849633e+05 1.953076e+05 2.047160e+05 2.131091e+05 2.272088e+05 2.385499e+05 2.479244e+05 2.558354e+05 2.625872e+05 2.683715e+05
2.858913e+05 2.858913e+05 2.858914e+05 2.858927e+05 2.858947e+05 2.857257e+05 2.840126e+05 2.662433e+05 2.492326e+05 2.305734e+05 1.996442e+05 1.808515e+05 1.705116e+05 1.648220e+05 1.616635e+05 1.600608e+05 1.594922e+05 1.644093e+05 1.743446e+05 1.851931e+05 1.955470e+05 2.049468e+05 2.133240e+05 2.273884e+05 2.386990e+05 2.480498e+05 2.559427e+05 2.626802e+05 2.684529e+05
2.607323e+05 2.607323e+05 2.607323e+05 2.607335e+05 2.607362e+05 2.607502e+05 2.602907e+05 2.457967e+05 2.304552e+05 2.148241e+05 1.907562e+05 1.758586e+05 1.668287e+05 1.615835e+05 1.588569e+05 1.578429e+05 1.578786e+05 1.647068e+05 1.753605e+05 1.864398e+05 1.968187e+05 2.061572e+05 2.144414e+05 2.283113e+05 2.394605e+05 2.486880e+05 2.564870e+05 2.631511e+05 2.688644e+05
2.465850e+05 2.465850e+05 2.465851e+05 2.465862e+05 2.465894e+05 2.466577e+05 2.465421e+05 2.344886e+05 2.203643e+05 2.055425e+05 1.832642e+05 1.709903e+05 1.642757e+05 1.604062e+05 1.582768e+05 1.573969e+05 1.574655e+05 1.653262e+05 1.765972e+05 1.878515e+05 1.982132e+05 2.074591e+05 2.156273e+05 2.292744e+05 2.402474e+05 2.493436e+05 2.570440e+05 2.636317e+05 2.692833e+05
2.393860e+05 2.393860e+05 2.393860e+05 2.393870e+05 2.393898e+05 2.394451e+05 2.393375e+05 2.282837e+05 2.151147e+05 2.010602e+05 1.794629e+05 1.677562e+05 1.621435e+05 1.595848e+05 1.585256e+05 1.583146e+05 1.587020e+05 1.664915e+05 1.780911e+05 1.894315e+05 1.997268e+05 2.088473e+05 2.168770e+05 2.302745e+05 2.410578e+05 2.500153e+05 2.576127e+05 2.641211e+05 2.697091e+05
2.354825e+05 2.354825e+05 2.354825e+05 2.354833e+05 2.354854e+05 2.355409e+05 2.355097e+05 2.252282e+05 2.127700e+05 1.993924e+05 1.785293e+05 1.669404e+05 1.614915e+05 1.594480e+05 1.591418e+05 1.596748e+05 1.606296e+05 1.686322e+05 1.799101e+05 1.911885e+05 2.013556e+05 2.103159e+05 2.181850e+05 2.313079e+05 2.418893e+05 2.507016e+05 2.581923e+05 2.646189e+05 2.701414e+05
2.348428e+05 2.348428e+05 2.348428e+05 2.348434e+05 2.348454e+05 2.348992e+05 2.348772e+05 2.249181e+05 2.128300e+05 1.998562e+05 1.795794e+05 1.681412e+05 1.626219e+05 1.605884e+05 1.605161e+05 1.614675e+05 1.628980e+05 1.717329e+05 1.821809e+05 1.931441e+05 2.030987e+05 2.118592e+05 2.195453e+05 2.323705e+05 2.427393e+05 2.514011e+05 2.587818e+05 2.651244e+05 2.705797e+05
2.364754e+05 2.364754e+05 2.364754e+05 2.364760e+05 2.364778e+05 2.365282e+05 2.365049e+05 2.266743e+05 2.147528e+05 2.019842e+05 1.820965e+05 1.708491e+05 1.652874e+05 1.631104e+05 1.629542e+05 1.639673e+05 1.655977e+05 1.753524e+05 1.851210e+05 1.953419e+05 2.049619e+05 2.134738e+05 2.209526e+05 2.334581e+05 2.436054e+05 2.521120e+05 2.593800e+05 2.656368e+05 2.710236e+05
2.397685e+05 2.397686e+05 2.397686e+05 2.397691e+05 2.397706e+05 2.398134e+05 2.397733e+05 2.299456e+05 2.180850e+05 2.054182e+05 1.857773e+05 1.747005e+05 1.691395e+05 1.668129e+05 1.664532e+05 1.673097e+05 1.688877e+05 1.792030e+05 1.886163e+05 1.978652e+05 2.069614e+05 2.151597e+05 2.224030e+05 2.345668e+05 2.444847e+05 2.528327e+05 2.599860e+05 2.661555e+05 2.714725e+05
2.441475e+05 2.441475e+05 2.441475e+05 2.441479e+05 2.441493e+05 2.441853e+05 2.441220e+05 2.342708e+05 2.224481e+05 2.098463e+05 1.903593e+05 1.793983e+05 1.738467e+05 1.713978e+05 1.708200e+05 1.714327e+05 1.728079e+05 1.831360e+05 1.924197e+05 2.008327e+05 2.091300e+05 2.169235e+05 2.238953e+05 2.356931e+05 2.453749e+05 2.535615e+05 2.605986e+05 2.666796e+05 2.719258e+05
2.489775e+05 2.489776e+05 2.489776e+05 2.489779e+05 2.489789e+05 2.490070e+05 2.489269e+05 2.390978e+05 2.273451e+05 2.148290e+05 1.954949e+05 1.846315e+05 1.790977e+05 1.765621e+05 1.757973e+05 1.761606e+05 1.772761e+05 1.871065e+05 1.963462e+05 2.041206e+05 2.115321e+05 2.187798e+05 2.254321e+05 2.368346e+05 2.462736e+05 2.542968e+05 2.612168e+05 2.672085e+05 2.723831e+05
2.538499e+05 2.538499e+05 2.538499e+05 2.538502e+05 2.538509e+05 2.538718e+05 2.537733e+05 2.439992e+05 2.323592e+05 2.199745e+05 2.008573e+05 1.901189e+05 1.846257e+05 1.820418e+05 1.811372e+05 1.812858e+05 1.821450e+05 1.911195e+05 2.002633e+05 2.075798e+05 2.142269e+05 2.207561e+05 2.270208e+05 2.379901e+05 2.471789e+05 2.550373e+05 2.618394e+05 2.677413e+05 2.728438e+05
2.584812e+05 2.584812e+05 2.584812e+05 2.584814e+05 2.584820e+05 2.584994e+05 2.583929e+05 2.487329e+05 2.372572e+05 2.250557e+05 2.062307e+05 1.956551e+05 1.902281e+05 1.876302e+05 1.866330e+05 1.866155e+05 1.872532e+05 1.951855e+05 2.040910e+05 2.110914e+05 2.171100e+05 2.229067e+05 2.286758e+05 2.391603e+05 2.480898e+05 2.557816e+05 2.624656e+05 2.682774e+05 2.733073e+05
2.628001e+05 2.628001e+05 2.628001e+05 2.628003e+05 2.628008e+05 2.628155e+05 2.627041e+05 2.531987e+05 2.419278e+05 2.299506e+05 2.114772e+05 2.010958e+05 1.957570e+05 1.931739e+05 1.921252e+05 1.919910e+05 1.924536e+05 1.993002e+05 2.077922e+05 2.145610e+05 2.200868e+05 2.252526e+05 2.304215e+05 2.403481e+05 2.490057e+05 2.565289e+05 2.630945e+05 2.688161e+05 2.737731e+05
2.668017e+05 2.668017e+05 2.668017e+05 2.668018e+05 2.668021e+05 2.668116e+05 2.666906e+05 2.573533e+05 2.463103e+05 2.345821e+05 2.164978e+05 2.063345e+05 2.011047e+05 1.985624e+05 1.974982e+05 1.972917e+05 1.976262e+05 2.034406e+05 2.113580e+05 2.179208e+05 2.230791e+05 2.277144e+05 2.323044e+05 2.415589e+05 2.499272e+05 2.572787e+05 2.637256e+05 2.693569e+05 2.742407e+05
2.703852e+05 2.703852e+05 2.703852e+05 2.703853e+05 2.703857e+05 2.703966e+05 2.702807e+05 2.611517e+05 2.503571e+05 2.388940e+05 2.212219e+05 2.112975e+05 2.061992e+05 2.037232e+05 2.026742e+05 2.024324e+05 2.026804e+05 2.075706e+05 2.147928e+05 2.211286e+05 2.260224e+05 2.302296e+05 2.343220e+05 2.428014e+05 2.508557e+05 2.580308e+05 2.643582e+05 2.698991e+05 2.747097e+05
2.736893e+05 2.736893e+05 2.736893e+05 2.736894e+05 2.736897e+05 2.736995e+05 2.735831e+05 2.646455e+05 2.540875e+05 2.428804e+05 2.256192e+05 2.159506e+05 2.110061e+05 2.086188e+05 2.076085e+05 2.073590e+05 2.075526e+05 2.116478e+05 2.181047e+05 2.241643e+05 2.288668e+05 2.327457e+05 2.364165e+05 2.440891e+05 2.517942e+05 2.587856e+05 2.649922e+05 2.704425e+05 2.751797e+05
2.767420e+05 2.767420e+05 2.767420e+05 2.767421e+05 2.767424e+05 2.767514e+05 2.766362e+05 2.678746e+05 2.575324e+05 2.465643e+05 2.297061e+05 2.203049e+05 2.155283e+05 2.132417e+05 2.122822e+05 2.120405e+05 2.122011e+05 2.156292e+05 2.212992e+05 2.270237e+05 2.315777e+05 2.352185e+05 2.385453e+05 2.454430e+05 2.527470e+05 2.595444e+05 2.656277e+05 2.709868e+05 2.756503e+05
2.796355e+05 2.796355e+05 2.796355e+05 2.796356e+05 2.796359e+05 2.796448e+05 2.795327e+05 2.709193e+05 2.607679e+05 2.500200e+05 2.335475e+05 2.244063e+05 2.197915e+05 2.176004e+05 2.166896e+05 2.164596e+05 2.165983e+05 2.194755e+05 2.243779e+05 2.297129e+05 2.341342e+05 2.376127e+05 2.406721e+05 2.468935e+05 2.537203e+05 2.603088e+05 2.662651e+05 2.715319e+05 2.761214e+05
2.824543e+05 2.824543e+05 2.824543e+05 2.824544e+05 2.824546e+05 2.824622e+05 2.823469e+05 2.738547e+05 2.638769e+05 2.533305e+05 2.372055e+05 2.282909e+05 2.238120e+05 2.216978e+05 2.208245e+05 2.206026e+05 2.207239e+05 2.231536e+05 2.273386e+05 2.322437e+05 2.365282e+05 2.399018e+05 2.427664e+05 2.484181e+05 2.547226e+05 2.610814e+05 2.669050e+05 2.720778e+05 2.765926e+05
2.851153e+05 2.851153e+05 2.851153e+05 2.851153e+05 2.851155e+05 2.851197e+05 2.849968e+05 2.766284e+05 2.668231e+05 2.564692e+05 2.406607e+05 2.319420e+05 2.275745e+05 2.255197e+05 2.246729e+05 2.244550e+05 2.245618e+05 2.266379e+05 2.301769e+05 2.346294e+05 2.387607e+05 2.420685e+05 2.448027e+05 2.499877e+05 2.557655e+05 2.618656e+05 2.675486e+05 2.726249e+05 2.770641e+05
2.874366e+05 2.874366e+05 2.874366e+05 2.874367e+05 2.874367e+05 2.874388e+05 2.873115e+05 2.790836e+05 2.694641e+05 2.593144e+05 2.438329e+05 2.353076e+05 2.310445e+05 2.290422e+05 2.282178e+05 2.280037e+05 2.281008e+05 2.299108e+05 2.328876e+05 2.368833e+05 2.408396e+05 2.441036e+05 2.467616e+05 2.515804e+05 2.568685e+05 2.626658e+05 2.681976e+05 2.731737e+05 2.775358e+05
2.893265e+05 2.893265e+05 2.893265e+05 2.893266e+05 2.893267e+05 2.893293e+05 2.892066e+05 2.811528e+05 2.717391e+05 2.618107e+05 2.466781e+05 2.383545e+05 2.341978e+05 2.322490e+05 2.314491e+05 2.312433e+05 2.313377e+05 2.329633e+05 2.354664e+05 2.390172e+05 2.427769e+05 2.460051e+05 2.486290e+05 2.531776e+05 2.580429e+05 2.634877e+05 2.688539e+05 2.737249e+05 2.780079e+05
2.909043e+05 2.909043e+05 2.909043e+05 2.909043e+05 2.909044e+05 2.909070e+05 2.907871e+05 2.829079e+05 2.737017e+05 2.639955e+05 2.492097e+05 2.410848e+05 2.370336e+05 2.351404e+05 2.343699e+05 2.341791e+05 2.342792e+05 2.357937e+05 2.379103e+05 2.410416e+05 2.445867e+05 2.477766e+05 2.503965e+05 2.547631e+05 2.592675e+05 2.643387e+05 2.695201e+05 2.742794e+05 2.784808e+05
2.922539e+05 2.922539e+05 2.922539e+05 2.922540e+05 2.922542e+05 2.922608e+05 2.921536e+05 2.844551e+05 2.754436e+05 2.659413e+05 2.514681e+05 2.435214e+05 2.395683e+05 2.377317e+05 2.369959e+05 2.368273e+05 2.369417e+05 2.384072e+05 2.402187e+05 2.429650e+05 2.462837e+05 2.494260e+05 2.520605e+05 2.563232e+05 2.605267e+05 2.652291e+05 2.701995e+05 2.748387e+05 2.789548e+05
2.936242e+05 2.936242e+05 2.936242e+05 2.936242e+05 2.936243e+05 2.936278e+05 2.935158e+05 2.859318e+05 2.770665e+05 2.677211e+05 2.534933e+05 2.456933e+05 2.418286e+05 2.400494e+05 2.393535e+05 2.392138e+05 2.393491e+05 2.408139e+05 2.423931e+05 2.447951e+05 2.478821e+05 2.509638e+05 2.536218e+05 2.578465e+05 2.618077e+05 2.661750e+05 2.708960e+05 2.754042e+05 2.794308e+05
2.949393e+05 2.949393e+05 2.949393e+05 2.949394e+05 2.949395e+05 2.949434e+05 2.948336e+05 2.873412e+05 2.785836e+05 2.693532e+05 2.553109e+05 2.476324e+05 2.438500e+05 2.421298e+05 2.414775e+05 2.413706e+05 2.415309e+05 2.430275e+05 2.444369e+05 2.465385e+05 2.493951e+05 2.524023e+05 2.550846e+05 2.593242e+05 2.630999e+05 2.671735e+05 2.716145e+05 2.759780e+05 2.799094e+05
2.962199e+05 2.962199e+05 2.962199e+05 2.962199e+05 2.962201e+05 2.962244e+05 2.961168e+05 2.886890e+05 2.800063e+05 2.708585e+05 2.569606e+05 2.493879e+05 2.456823e+05 2.440188e+05 2.434088e+05 2.433337e+05 2.435185e+05 2.450633e+05 2.463555e+05 2.482011e+05 2.508346e+05 2.537541e+05 2.564557e+05 2.607496e+05 2.643934e+05 2.682102e+05 2.723613e+05 2.765623e+05 2.803918e+05
2.975173e+05 2.975173e+05 2.975173e+05 2.975174e+05 2.975177e+05 2.975247e+05 2.974247e+05 2.900443e+05 2.814099e+05 2.723181e+05 2.585246e+05 2.510321e+05 2.473854e+05 2.457652e+05 2.451874e+05 2.451370e+05 2.453411e+05 2.469375e+05 2.481555e+05 2.497889e+05 2.522113e+05 2.550319e+05 2.577436e+05 2.621187e+05 2.656798e+05 2.692756e+05 2.731456e+05 2.771599e+05 2.808790e+05
2.989958e+05 2.989958e+05 2.989958e+05 2.989959e+05 2.989960e+05 2.990005e+05 2.988949e+05 2.915196e+05 2.829022e+05 2.738323e+05 2.600816e+05 2.526239e+05 2.490042e+05 2.474049e+05 2.468434e+05 2.468062e+05 2.470220e+05 2.486656e+05 2.498451e+05 2.513074e+05 2.535345e+05 2.562479e+05 2.589580e+05 2.634294e+05 2.669518e+05 2.703615e+05 2.739778e+05 2.777742e+05 2.813726e+05
3.005486e+05 3.005486e+05 3.005486e+05 3.005486e+05 3.005487e+05 3.005517e+05 3.004413e+05 2.930575e+05 2.844407e+05 2.753723e+05 2.616236e+05 2.541670e+05 2.505485e+05 2.489505e+05 2.483909e+05 2.483566e+05 2.485770e+05 2.502628e+05 2.514328e+05 2.527624e+05 2.548124e+05 2.574132e+05 2.601091e+05 2.646816e+05 2.682033e+05 2.714607e+05 2.748487e+05 2.784093e+05 2.818742e+05
3.020522e+05 3.020522e+05 3.020522e+05 3.020523e+05 3.020524e+05 3.020556e+05 3.019455e+05 2.945577e+05 2.859368e+05 2.768634e+05 2.631040e+05 2.556362e+05 2.520070e+05 2.503998e+05 2.498336e+05 2.497961e+05 2.500169e+05 2.517436e+05 2.529282e+05 2.541597e+05 2.560522e+05 2.585379e+05 2.612070e+05 2.658770e+05 2.694292e+05 2.725669e+05 2.757494e+05 2.790707e+05 2.823858e+05
3.035074e+05 3.035074e+05 3.035074e+05 3.035074e+05 3.035075e+05 3.035095e+05 3.033961e+05 2.959948e+05 2.873640e+05 2.782807e+05 2.645028e+05 2.570176e+05 2.533717e+05 2.517503e+05 2.511739e+05 2.511309e+05 2.513509e+05 2.531223e+05 2.543414e+05 2.555052e+05 2.572604e+05 2.596310e+05 2.622613e+05 2.670185e+05 2.706255e+05 2.736740e+05 2.766734e+05 2.797669e+05 2.829099e+05
3.048696e+05 3.048696e+05 3.048696e+05 3.048696e+05 3.048697e+05 3.048725e+05 3.047616e+05 2.973633e+05 2.887265e+05 2.796326e+05 2.658277e+05 2.583150e+05 2.546453e+05 2.530058e+05 2.524180e+05 2.523699e+05 2.525903e+05 2.544133e+05 2.556826e+05 2.568052e+05 2.584426e+05 2.607004e+05 2.632813e+05 2.681102e+05 2.717894e+05 2.747771e+05 2.776149e+05 2.805005e+05 2.834492e+05
3.062460e+05 3.062460e+05 3.062460e+05 3.062461e+05 3.062463e+05 3.062532e+05 3.061532e+05 2.987578e+05 2.900995e+05 2.809749e+05 2.671063e+05 2.595427e+05 2.558376e+05 2.541762e+05 2.535771e+05 2.535257e+05 2.537487e+05 2.556313e+05 2.569621e+05 2.580655e+05 2.596042e+05 2.617529e+05 2.642753e+05 2.691567e+05 2.729193e+05 2.758713e+05 2.785688e+05 2.812630e+05 2.840072e+05
3.078624e+05 3.078624e+05 3.078624e+05 3.078625e+05 3.078626e+05 3.078660e+05 3.077559e+05 3.002869e+05 2.915566e+05 2.823548e+05 2.683581e+05 2.607128e+05 2.569608e+05 2.552753e+05 2.546665e+05 2.546146e+05 2.548429e+05 2.567905e+05 2.581901e+05 2.592923e+05 2.607496e+05 2.627945e+05 2.652508e+05 2.701633e+05 2.740142e+05 2.769525e+05 2.795304e+05 2.820484e+05 2.845889e+05
3.095317e+05 3.095317e+05 3.095317e+05 3.095317e+05 3.095318e+05 3.095354e+05 3.094243e+05 3.018767e+05 2.930508e+05 2.837438e+05 2.695771e+05 2.618325e+05 2.580300e+05 2.563220e+05 2.557064e+05 2.556563e+05 2.558914e+05 2.579048e+05 2.593763e+05 2.604913e+05 2.618830e+05 2.638302e+05 2.662144e+05 2.711355e+05 2.750741e+05 2.780175e+05 2.804954e+05 2.828518e+05 2.852013e+05
3.112383e+05 3.112383e+05 3.112383e+05 3.112384e+05 3.112385e+05 3.112424e+05 3.111307e+05 3.034920e+05 2.945537e+05 2.851252e+05 2.707703e+05 2.629229e+05 2.590713e+05 2.573426e+05 2.567210e+05 2.566726e+05 2.569137e+05 2.589867e+05 2.605299e+05 2.616682e+05 2.630082e+05 2.648642e+05 2.671717e+05 2.720787e+05 2.760999e+05 2.790632e+05 2.814598e+05 2.836690e+05 2.858413e+05
3.130093e+05 3.130093e+05 3.130093e+05 3.130094e+05 3.130096e+05 3.130148e+05 3.129048e+05 3.051644e+05 2.961007e+05 2.865398e+05 2.719849e+05 2.640286e+05 2.601226e+05 2.583680e+05 2.577353e+05 2.576841e+05 2.579272e+05 2.600470e+05 2.616590e+05 2.628283e+05 2.641286e+05 2.659000e+05 2.681276e+05 2.729982e+05 2.770927e+05 2.800873e+05 2.824199e+05 2.844961e+05 2.865027e+05
3.149294e+05 3.149294e+05 3.149294e+05 3.149294e+05 3.149296e+05 3.149341e+05 3.148210e+05 3.069646e+05 2.977654e+05 2.880601e+05 2.732803e+05 2.651937e+05 2.612162e+05 2.594222e+05 2.587679e+05 2.587056e+05 2.589444e+05 2.610947e+05 2.627711e+05 2.639763e+05 2.652472e+05 2.669405e+05 2.690861e+05 2.738992e+05 2.780546e+05 2.810880e+05 2.833724e+05 2.853297e+05 2.871812e+05
3.169712e+05 3.169712e+05 3.169712e+05 3.169712e+05 3.169713e+05 3.169750e+05 3.168579e+05 3.088829e+05 2.995445e+05 2.896879e+05 2.746629e+05 2.664254e+05 2.623590e+05 2.605115e+05 2.598247e+05 2.597430e+05 2.599712e+05 2.621369e+05 2.638727e+05 2.651168e+05 2.663666e+05 2.679881e+05 2.700505e+05 2.747863e+05 2.789875e+05 2.820642e+05 2.843143e+05 2.861661e+05 2.878731e+05
3.190724e+05 3.190725e+05 3.190725e+05 3.190725e+05 3.190726e+05 3.190764e+05 3.189573e+05 3.108643e+05 3.013843e+05 2.913734e+05 2.760970e+05 2.677008e+05 2.635368e+05 2.616278e+05 2.609016e+05 2.607951e+05 2.610086e+05 2.631792e+05 2.649695e+05 2.662537e+05 2.674890e+05 2.690444e+05 2.710234e+05 2.756637e+05 2.798940e+05 2.830150e+05 2.852428e+05 2.870025e+05 2.885751e+05
3.212222e+05 3.212222e+05 3.212222e+05 3.212222e+05 3.212223e+05 3.212247e+05 3.211002e+05 3.128789e+05 3.032527e+05 2.930846e+05 2.775540e+05 2.689971e+05 2.647328e+05 2.627594e+05 2.619912e+05 2.618580e+05 2.620553e+05 2.642262e+05 2.660665e+05 2.673906e+05 2.686164e+05 2.701110e+05 2.720067e+05 2.765351e+05 2.807765e+05 2.839400e+05 2.861557e+05 2.878356e+05 2.892843e+05
3.233439e+05 3.233439e+05 3.233439e+05 3.233439e+05 3.233440e+05 3.233470e+05 3.232220e+05 3.148871e+05 3.051216e+05 2.948010e+05 2.790200e+05 2.703020e+05 2.659363e+05 2.638980e+05 2.630882e+05 2.629288e+05 2.631108e+05 2.652821e+05 2.671680e+05 2.685305e+05 2.697504e+05 2.711888e+05 2.730017e+05 2.774036e+05 2.816376e+05 2.848392e+05 2.870511e+05 2.886629e+05 2.899978e+05
3.254655e+05 3.254655e+05 3.254655e+05 3.254655e+05 3.254656e+05 3.254690e+05 3.253447e+05 3.169053e+05 3.070040e+05 2.965319e+05 2.804964e+05 2.716124e+05 2.671433e+05 2.650405e+05 2.641910e+05 2.640079e+05 2.641766e+05 2.663507e+05 2.682778e+05 2.696760e+05 2.708922e+05 2.722782e+05 2.740094e+05 2.782721e+05 2.824799e+05 2.857130e+05 2.879271e+05 2.894819e+05 2.907130e+05
3.276806e+05 3.276806e+05 3.276806e+05 3.276807e+05 3.276808e+05 3.276860e+05 3.275641e+05 3.190070e+05 3.089536e+05 2.983119e+05 2.819945e+05 2.729311e+05 2.683550e+05 2.661890e+05 2.653028e+05 2.650990e+05 2.652568e+05 2.674360e+05 2.693989e+05 2.708291e+05 2.720427e+05 2.733796e+05 2.750302e+05 2.791426e+05 2.833058e+05 2.865619e+05 2.887825e+05 2.902900e+05 2.914273e+05
3.300757e+05 3.300757e+05 3.300757e+05 3.300757e+05 3.300758e+05 3.300793e+05 3.299501e+05 3.212328e+05 3.109956e+05 3.001550e+05 2.835178e+05 2.742615e+05 2.695768e+05 2.673504e+05 2.664309e+05 2.662092e+05 2.663580e+05 2.685413e+05 2.705337e+05 2.719915e+05 2.732025e+05 2.744927e+05 2.760641e+05 2.800169e+05 2.841175e+05 2.873867e+05 2.896161e+05 2.910854e+05 2.921383e+05
3.325364e+05 3.325364e+05 3.325364e+05 3.325365e+05 3.325366e+05 3.325403e+05 3.324092e+05 3.235281e+05 3.130930e+05 3.020388e+05 2.850646e+05 2.756125e+05 2.708216e+05 2.685378e+05 2.675870e+05 2.673482e+05 2.674879e+05 2.696694e+05 2.716839e+05 2.731643e+05 2.743716e+05 2.756173e+05 2.771107e+05 2.808961e+05 2.849171e+05 2.881884e+05 2.904273e+05 2.918660e+05 2.928439e+05
3.350654e+05 3.350654e+05 3.350654e+05 3.350655e+05 3.350656e+05 3.350693e+05 3.349357e+05 3.258805e+05 3.152393e+05 3.039662e+05 2.866533e+05 2.770072e+05 2.721107e+05 2.697685e+05 2.687842e+05 2.685257e+05 2.686535e+05 2.708220e+05 2.728506e+05 2.743479e+05 2.755501e+05 2.767526e+05 2.781694e+05 2.817810e+05 2.857065e+05 2.889679e+05 2.912153e+05 2.926303e+05 2.935419e+05
3.376760e+05 3.376760e+05 3.376760e+05 3.376761e+05 3.376762e+05 3.376800e+05 3.375440e+05 3.283106e+05 3.174619e+05 3.059700e+05 2.883178e+05 2.784732e+05 2.734644e+05 2.710564e+05 2.700319e+05 2.697478e+05 2.698589e+05 2.719995e+05 2.740340e+05 2.755425e+05 2.767375e+05 2.778977e+05 2.792392e+05 2.826720e+05 2.864872e+05 2.897264e+05 2.919800e+05 2.933767e+05 2.942304e+05
3.403761e+05 3.403761e+05 3.403761e+05 3.403761e+05 3.403762e+05 3.403792e+05 3.402383e+05 3.308316e+05 3.197804e+05 3.080711e+05 2.900735e+05 2.800197e+05 2.748875e+05 2.724038e+05 2.713307e+05 2.710141e+05 2.711029e+05 2.732011e+05 2.752338e+05 2.767479e+05 2.779331e+05 2.790514e+05 2.803189e+05 2.835692e+05 2.872605e+05 2.904650e+05 2.927211e+05 2.941039e+05 2.949075e+05
3.431136e+05 3.431136e+05 3.431136e+05 3.431136e+05 3.431137e+05 3.431165e+05 3.429721e+05 3.334020e+05 3.221563e+05 3.102357e+05 2.918960e+05 2.816286e+05 2.763663e+05 2.737998e+05 2.726718e+05 2.723177e+05 2.723802e+05 2.744249e+05 2.764492e+05 2.779633e+05 2.791359e+05 2.802125e+05 2.814072e+05 2.844721e+05 2.880275e+05 2.911847e+05 2.934387e+05 2.948110e+05 2.955716e+05
3.458503e+05 3.458503e+05 3.458503e+05 3.458503e+05 3.458504e+05 3.458525e+05 3.457040e+05 3.359752e+05 3.245423e+05 3.124186e+05 2.937485e+05 2.832718e+05 2.778789e+05 2.752276e+05 2.740422e+05 2.736484e+05 2.736829e+05 2.756684e+05 2.776788e+05 2.791876e+05 2.803446e+05 2.813794e+05 2.825023e+05 2.853802e+05 2.887890e+05 2.918866e+05 2.941330e+05 2.954971e+05 2.962213e+05
3.485496e+05 3.485496e+05 3.485496e+05 3.485497e+05 3.485498e+05 3.485521e+05 3.484017e+05 3.385264e+05 3.269155e+05 3.145973e+05 2.956088e+05 2.849283e+05 2.794069e+05 2.766716e+05 2.754296e+05 2.749966e+05 2.750035e+05 2.769291e+05 2.789212e+05 2.804197e+05 2.815578e+05 2.825503e+05 2.836026e+05 2.862928e+05 2.895455e+05 2.925718e+05 2.948043e+05 2.961614e+05 2.968551e+05
3.512280e+05 3.512280e+05 3.512280e+05 3.512281e+05 3.512281e+05 3.512306e+05 3.510785e+05 3.410614e+05 3.292774e+05 3.167693e+05 2.974676e+05 2.865854e+05 2.809376e+05 2.781210e+05 2.768250e+05 2.763554e+05 2.763367e+05 2.782047e+05 2.801745e+05 2.816578e+05 2.827739e+05 2.837235e+05 2.847062e+05 2.872086e+05 2.902974e+05 2.932411e+05 2.954530e+05 2.968035e+05 2.974718e+05
3.539056e+05 3.539056e+05 3.539056e+05 3.539056e+05 3.539057e+05 3.539086e+05 3.537554e+05 3.435971e+05 3.316389e+05 3.189390e+05 2.993202e+05 2.882360e+05 2.824644e+05 2.795703e+05 2.782245e+05 2.777216e+05 2.776799e+05 2.794932e+05 2.814368e+05 2.829001e+05 2.839911e+05 2.848969e+05 2.858110e+05 2.881264e+05 2.910447e+05 2.938953e+05 2.960796e+05 2.974230e+05 2.980705e+05
3.566096e+05 3.566096e+05 3.566096e+05 3.566096e+05 3.566097e+05 3.566125e+05 3.564571e+05 3.461500e+05 3.340099e+05 3.211101e+05 3.011648e+05 2.898779e+05 2.839865e+05 2.810201e+05 2.796288e+05 2.790959e+05 2.790332e+05 2.807927e+05 2.827058e+05 2.841446e+05 2.852072e+05 2.860686e+05 2.869151e+05 2.890449e+05 2.917873e+05 2.945351e+05 2.966844e+05 2.980196e+05 2.986501e+05
3.593523e+05 3.593523e+05 3.593523e+05 3.593523e+05 3.593524e+05 3.593555e+05 3.591984e+05 3.487323e+05 3.363983e+05 3.232878e+05 3.030062e+05 2.915179e+05 2.855112e+05 2.824767e+05 2.810429e+05 2.804816e+05 2.803986e+05 2.821013e+05 2.839793e+05 2.853891e+05 2.864203e+05 2.872363e+05 2.880161e+05 2.899625e+05 2.925251e+05 2.951611e+05 2.972682e+05 2.985933e+05 2.992100e+05
3.621509e+05 3.621509e+05 3.621509e+05 3.621510e+05 3.621510e+05 3.621540e+05 3.619936e+05 3.513530e+05 3.388134e+05 3.254841e+05 3.048610e+05 2.931728e+05 2.870527e+05 2.839506e+05 2.824736e+05 2.818827e+05 2.817780e+05 2.834167e+05 2.852544e+05 2.866310e+05 2.876279e+05 2.883979e+05 2.891121e+05 2.908776e+05 2.932574e+05 2.957738e+05 2.978315e+05 2.991440e+05 2.997494e+05
3.649918e+05 3.649918e+05 3.649918e+05 3.649919e+05 3.649919e+05 3.649946e+05 3.648309e+05 3.540149e+05 3.412696e+05 3.277212e+05 3.067552e+05 2.948634e+05 2.886252e+05 2.854505e+05 2.839258e+05 2.833012e+05 2.831712e+05 2.847360e+05 2.865283e+05 2.878679e+05 2.888279e+05 2.895510e+05 2.902006e+05 2.917884e+05 2.939837e+05 2.963736e+05 2.983747e+05 2.996719e+05 3.002679e+05
3.678577e+05 3.678577e+05 3.678577e+05 3.678577e+05 3.678577e+05 3.678593e+05 3.676901e+05 3.567062e+05 3.437643e+05 3.300036e+05 3.086968e+05 2.965955e+05 2.902311e+05 2.869764e+05 2.853976e+05 2.847342e+05 2.845749e+05 2.860553e+05 2.877978e+05 2.890970e+05 2.900178e+05 2.906934e+05 2.912795e+05 2.926932e+05 2.947033e+05 2.969607e+05 2.988986e+05 3.001771e+05 3.007650e+05
3.706817e+05 3.706817e+05 3.706817e+05 3.706818e+05 3.706818e+05 3.706831e+05 3.705106e+05 3.593735e+05 3.462493e+05 3.322896e+05 3.106574e+05 2.983496e+05 2.918562e+05 2.885171e+05 2.868797e+05 2.861738e+05 2.859823e+05 2.873707e+05 2.890597e+05 2.903156e+05 2.911952e+05 2.918229e+05 2.923467e+05 2.935902e+05 2.954154e+05 2.975353e+05 2.994035e+05 3.006600e+05 3.012406e+05
3.734290e+05 3.734290e+05 3.734290e+05 3.734290e+05 3.734291e+05 3.734302e+05 3.732551e+05 3.619772e+05 3.486835e+05 3.345387e+05 3.126021e+05 3.000978e+05 2.934790e+05 2.900556e+05 2.883590e+05 2.876094e+05 2.873846e+05 2.886778e+05 2.903107e+05 2.915210e+05 2.923576e+05 2.929371e+05 2.933998e+05 2.944776e+05 2.961191e+05 2.980974e+05 2.998900e+05 3.011208e+05 3.016944e+05
3.760952e+05 3.760952e+05 3.760952e+05 3.760952e+05 3.760952e+05 3.760963e+05 3.759190e+05 3.645083e+05 3.510548e+05 3.367352e+05 3.145109e+05 3.018201e+05 2.950812e+05 2.915768e+05 2.898228e+05 2.890309e+05 2.887737e+05 2.899724e+05 2.915477e+05 2.927103e+05 2.935026e+05 2.940338e+05 2.944368e+05 2.953536e+05 2.968134e+05 2.986470e+05 3.003587e+05 3.015599e+05 3.021264e+05
3.786776e+05 3.786776e+05 3.786776e+05 3.786776e+05 3.786776e+05 3.786782e+05 3.784976e+05 3.669596e+05 3.533544e+05 3.388691e+05 3.163713e+05 3.035029e+05 2.966504e+05 2.930698e+05 2.912622e+05 2.904309e+05 2.901434e+05 2.912509e+05 2.927675e+05 2.938810e+05 2.946278e+05 2.951108e+05 2.954556e+05 2.962165e+05 2.974974e+05 2.991841e+05 3.008098e+05 3.019777e+05 3.025365e+05
3.811516e+05 3.811516e+05 3.811516e+05 3.811516e+05 3.811516e+05 3.811522e+05 3.809697e+05 3.693167e+05 3.555710e+05 3.409305e+05 3.181745e+05 3.051384e+05 2.981797e+05 2.945290e+05 2.926726e+05 2.918055e+05 2.914902e+05 2.925101e+05 2.939672e+05 2.950303e+05 2.957310e+05 2.961660e+05 2.964541e+05 2.970645e+05 2.981699e+05 2.997084e+05 3.012438e+05 3.023746e+05 3.029249e+05
3.835279e+05 3.835279e+05 3.835279e+05 3.835279e+05 3.835280e+05 3.835302e+05 3.833505e+05 3.715972e+05 3.577183e+05 3.429284e+05 3.199233e+05 3.067276e+05 2.996699e+05 2.959550e+05 2.940542e+05 2.931541e+05 2.928131e+05 2.937473e+05 2.951439e+05 2.961558e+05 2.968099e+05 2.971973e+05 2.974305e+05 2.978960e+05 2.988299e+05 3.002197e+05 3.016610e+05 3.027512e+05 3.032918e+05
3.859132e+05 3.859132e+05 3.859132e+05 3.859132e+05 3.859133e+05 3.859154e+05 3.857341e+05 3.738629e+05 3.598400e+05 3.448931e+05 3.216344e+05 3.082820e+05 3.011295e+05 2.973538e+05 2.954106e+05 2.944789e+05 2.941124e+05 2.949599e+05 2.962949e+05 2.972549e+05 2.978622e+05 2.982029e+05 2.983829e+05 2.987093e+05 2.994765e+05 3.007177e+05 3.020619e+05 3.031078e+05 3.036373e+05
3.883261e+05 3.883261e+05 3.883261e+05 3.883261e+05 3.883262e+05 3.883280e+05 3.881438e+05 3.761412e+05 3.619637e+05 3.468514e+05 3.233307e+05 3.098194e+05 3.025712e+05 2.987336e+05 2.967470e+05 2.957822e+05 2.953890e+05 2.961455e+05 2.974175e+05 2.983254e+05 2.988861e+05 2.991809e+05 2.993096e+05 2.995029e+05 3.001084e+05 3.012022e+05 3.024465e+05 3.034449e+05 3.039618e+05
3.907478e+05 3.907478e+05 3.907478e+05 3.907478e+05 3.907479e+05 3.907497e+05 3.905633e+05 3.784314e+05 3.640995e+05 3.488201e+05 3.250315e+05 3.113546e+05 3.040047e+05 3.001001e+05 2.980656e+05 2.970643e+05 2.966418e+05 2.973013e+05 2.985093e+05 2.993650e+05 2.998796e+05 3.001296e+05 3.002090e+05 3.002754e+05 3.007248e+05 3.016727e+05 3.028153e+05 3.037630e+05 3.042656e+05
3.931672e+05 3.931672e+05 3.931672e+05 3.931672e+05 3.931672e+05 3.931675e+05 3.929752e+05 3.807125e+05 3.662301e+05 3.507873e+05 3.267320e+05 3.128850e+05 3.054275e+05 3.014503e+05 2.993635e+05 2.983221e+05 2.978674e+05 2.984244e+05 2.995677e+05 3.003717e+05 3.008409e+05 3.010473e+05 3.010796e+05 3.010254e+05 3.013247e+05 3.021290e+05 3.031684e+05 3.040626e+05 3.045491e+05
3.954945e+05 3.954945e+05 3.954945e+05 3.954945e+05 3.954946e+05 3.954948e+05 3.953002e+05 3.829224e+05 3.683024e+05 3.527086e+05 3.284023e+05 3.143908e+05 3.068257e+05 3.027740e+05 3.006323e+05 2.995487e+05 2.990603e+05 2.995117e+05 3.005907e+05 3.013438e+05 3.017685e+05 3.019327e+05 3.019200e+05 3.017517e+05 3.019070e+05 3.025706e+05 3.035059e+05 3.043441e+05 3.048126e+05
3.977044e+05 3.977044e+05 3.977044e+05 3.977044e+05 3.977044e+05 3.977048e+05 3.975089e+05 3.850298e+05 3.702853e+05 3.545538e+05 3.300169e+05 3.158513e+05 3.081831e+05 3.040583e+05 3.018621e+05 3.007362e+05 3.002140e+05 3.005605e+05 3.015762e+05 3.022794e+05 3.026608e+05 3.027845e+05 3.027291e+05 3.024531e+05 3.024709e+05 3.029972e+05 3.038281e+05 3.046079e+05 3.050566e+05
3.998108e+05 3.998108e+05 3.998108e+05 3.998108e+05 3.998108e+05 3.998111e+05 3.996139e+05 3.870397e+05 3.721788e+05 3.563185e+05 3.315651e+05 3.172538e+05 3.094872e+05 3.052925e+05 3.030441e+05 3.018777e+05 3.013231e+05 3.015684e+05 3.025225e+05 3.031771e+05 3.035167e+05 3.036014e+05 3.035056e+05 3.031285e+05 3.030156e+05 3.034083e+05 3.041350e+05 3.048546e+05 3.052816e+05
4.018220e+05 4.018220e+05 4.018220e+05 4.018220e+05 4.018220e+05 4.018221e+05 4.016227e+05 3.889561e+05 3.739840e+05 3.580007e+05 3.330404e+05 3.185899e+05 3.107301e+05 3.064696e+05 3.041725e+05 3.029685e+05 3.023837e+05 3.025338e+05 3.034283e+05 3.040358e+05 3.043349e+05 3.043825e+05 3.042488e+05 3.037771e+05 3.035403e+05 3.038037e+05 3.044268e+05 3.050846e+05 3.054880e+05
4.037208e+05 4.037208e+05 4.037208e+05 4.037208e+05 4.037208e+05 4.037206e+05 4.035188e+05 3.907654e+05 3.756888e+05 3.595899e+05 3.344342e+05 3.198529e+05 3.119066e+05 3.075860e+05 3.052448e+05 3.040067e+05 3.033946e+05 3.034554e+05 3.042923e+05 3.048543e+05 3.051146e+05 3.051270e+05 3.049576e+05 3.043979e+05 3.040443e+05 3.041830e+05 3.047036e+05 3.052982e+05 3.056764e+05
4.054873e+05 4.054873e+05 4.054873e+05 4.054873e+05 4.054873e+05 4.054870e+05 4.052846e+05 3.924564e+05 3.772851e+05 3.610796e+05 3.357431e+05 3.210416e+05 3.130169e+05 3.086425e+05 3.062619e+05 3.049932e+05 3.043562e+05 3.043328e+05 3.051137e+05 3.056317e+05 3.058549e+05 3.058341e+05 3.056315e+05 3.049904e+05 3.045270e+05 3.045458e+05 3.049654e+05 3.054959e+05 3.058471e+05
4.071535e+05 4.071535e+05 4.071535e+05 4.071535e+05 4.071535e+05 4.071547e+05 4.069549e+05 3.940595e+05 3.787968e+05 3.624883e+05 3.369786e+05 3.221645e+05 3.140679e+05 3.096447e+05 3.072281e+05 3.059312e+05 3.052707e+05 3.051656e+05 3.058919e+05 3.063673e+05 3.065552e+05 3.065032e+05 3.062700e+05 3.055538e+05 3.049878e+05 3.048918e+05 3.052124e+05 3.056781e+05 3.060008e+05
4.088089e+05 4.088089e+05 4.088089e+05 4.088089e+05 4.088089e+05 4.088101e+05 4.086089e+05 3.956291e+05 3.802652e+05 3.638473e+05 3.381613e+05 3.232370e+05 3.150713e+05 3.106010e+05 3.081495e+05 3.068247e+05 3.061408e+05 3.059536e+05 3.066261e+05 3.070607e+05 3.072151e+05 3.071340e+05 3.068726e+05 3.060878e+05 3.054262e+05 3.052208e+05 3.054446e+05 3.058451e+05 3.061379e+05
4.104577e+05 4.104577e+05 4.104577e+05 4.104577e+05 4.104577e+05 4.104584e+05 4.102545e+05 3.971795e+05 3.817073e+05 3.651751e+05 3.393092e+05 3.242739e+05 3.160381e+05 3.115193e+05 3.090312e+05 3.076770e+05 3.069685e+05 3.066966e+05 3.073161e+05 3.077114e+05 3.078343e+05 3.077261e+05 3.074390e+05 3.065920e+05 3.058419e+05 3.055326e+05 3.056621e+05 3.059973e+05 3.062589e+05
