9.760521e+03 7.311271e+03 6.311378e+03 3.774208e+03 3.092232e+03 1.688683e+03 1.270645e+03 9.912302e+02 9.341349e+02 8.993101e+02 8.602681e+02 8.299413e+02 7.894098e+02 7.342184e+02 6.685805e+02 5.997744e+02 5.341765e+02 3.247561e+02 2.565457e+02 2.415242e+02 2.480745e+02 2.674770e+02 2.980785e+02 3.958724e+02 5.525282e+02 7.829782e+02 1.103908e+03 1.532098e+03 2.082886e+03
1.648092e+03 1.648082e+03 1.648040e+03 1.645408e+03 1.632059e+03 1.403151e+03 1.170365e+03 9.612487e+02 9.150729e+02 8.866740e+02 8.542680e+02 8.267610e+02 7.873766e+02 7.325972e+02 6.671017e+02 5.983816e+02 5.328885e+02 3.241893e+02 2.564430e+02 2.416520e+02 2.483392e+02 2.678547e+02 2.985758e+02 3.966718e+02 5.537310e+02 7.846906e+02 1.106239e+03 1.535160e+03 2.086787e+03
1.226908e+03 1.226908e+03 1.226906e+03 1.226671e+03 1.225306e+03 1.176053e+03 1.062321e+03 9.273855e+02 8.940876e+02 8.730745e+02 8.480211e+02 8.234910e+02 7.852600e+02 7.308728e+02 6.655099e+02 5.968806e+02 5.315057e+02 3.235971e+02 2.563385e+02 2.417843e+02 2.486107e+02 2.682406e+02 2.990827e+02 3.974842e+02 5.549508e+02 7.864240e+02 1.108596e+03 1.538251e+03 2.090721e+03
1.042879e+03 1.042879e+03 1.042880e+03 1.042837e+03 1.042519e+03 1.019180e+03 9.821153e+02 8.935299e+02 8.727107e+02 8.592323e+02 8.417344e+02 8.201953e+02 7.830744e+02 7.290426e+02 6.637984e+02 5.952648e+02 5.300234e+02 3.229792e+02 2.562323e+02 2.419213e+02 2.488892e+02 2.686349e+02 2.995995e+02 3.983098e+02 5.561876e+02 7.881783e+02 1.110977e+03 1.541371e+03 2.094690e+03
9.367727e+02 9.367729e+02 9.367735e+02 9.367689e+02 9.366783e+02 9.254684e+02 9.120931e+02 8.665415e+02 8.532513e+02 8.461122e+02 8.356401e+02 8.169351e+02 7.808288e+02 7.271001e+02 6.619581e+02 5.935266e+02 5.284363e+02 3.223354e+02 2.561244e+02 2.420633e+02 2.491748e+02 2.690377e+02 3.001262e+02 3.991487e+02 5.574416e+02 7.899540e+02 1.113384e+03 1.544521e+03 2.098692e+03
8.674531e+02 8.674534e+02 8.674541e+02 8.674627e+02 8.674485e+02 8.641902e+02 8.598443e+02 8.492461e+02 8.394768e+02 8.351421e+02 8.300363e+02 8.137785e+02 7.785300e+02 7.250363e+02 6.599784e+02 5.916578e+02 5.267387e+02 3.216654e+02 2.560152e+02 2.422101e+02 2.494675e+02 2.694490e+02 3.006629e+02 4.000012e+02 5.587130e+02 7.917510e+02 1.115817e+03 1.547701e+03 2.102729e+03
8.222268e+02 8.222310e+02 8.222426e+02 8.225028e+02 8.231304e+02 8.281418e+02 8.282327e+02 8.363653e+02 8.320457e+02 8.285983e+02 8.253542e+02 8.108196e+02 7.761885e+02 7.228418e+02 6.578480e+02 5.896497e+02 5.249250e+02 3.209692e+02 2.559046e+02 2.423621e+02 2.497675e+02 2.698690e+02 3.012098e+02 4.008673e+02 5.600019e+02 7.935698e+02 1.118275e+03 1.550911e+03 2.106800e+03
8.128587e+02 8.128589e+02 8.128597e+02 8.128782e+02 8.129230e+02 8.133641e+02 8.120697e+02 8.258555e+02 8.276534e+02 8.263675e+02 8.222570e+02 8.082035e+02 7.738278e+02 7.205106e+02 6.555566e+02 5.874942e+02 5.229897e+02 3.202465e+02 2.557930e+02 2.425192e+02 2.500747e+02 2.702978e+02 3.017670e+02 4.017472e+02 5.613086e+02 7.954103e+02 1.120760e+03 1.554152e+03 2.110907e+03
8.057059e+02 8.057062e+02 8.057069e+02 8.057248e+02 8.057681e+02 8.059391e+02 8.044372e+02 8.178878e+02 8.245777e+02 8.262888e+02 8.217566e+02 8.061556e+02 7.714945e+02 7.180442e+02 6.530970e+02 5.851845e+02 5.209286e+02 3.194974e+02 2.556803e+02 2.426816e+02 2.503894e+02 2.707354e+02 3.023345e+02 4.026411e+02 5.626332e+02 7.972729e+02 1.123271e+03 1.557423e+03 2.115048e+03
8.001036e+02 8.001038e+02 8.001044e+02 8.001204e+02 8.001613e+02 8.009004e+02 8.013200e+02 8.130341e+02 8.224125e+02 8.270663e+02 8.233331e+02 8.050436e+02 7.692702e+02 7.154572e+02 6.504673e+02 5.827166e+02 5.187384e+02 3.187222e+02 2.555668e+02 2.428493e+02 2.507116e+02 2.711819e+02 3.029126e+02 4.035491e+02 5.639760e+02 7.991577e+02 1.125808e+03 1.560724e+03 2.119224e+03
7.961053e+02 7.961060e+02 7.961081e+02 7.961738e+02 7.963667e+02 7.992511e+02 8.017407e+02 8.114353e+02 8.214037e+02 8.281301e+02 8.259098e+02 8.053434e+02 7.672872e+02 7.127817e+02 6.476737e+02 5.800903e+02 5.164182e+02 3.179210e+02 2.554527e+02 2.430225e+02 2.510413e+02 2.716375e+02 3.035012e+02 4.044714e+02 5.653370e+02 8.010650e+02 1.128372e+03 1.564057e+03 2.123436e+03
8.299135e+02 8.299137e+02 8.299141e+02 8.299267e+02 8.299635e+02 8.308790e+02 8.328602e+02 8.351241e+02 8.364100e+02 8.382580e+02 8.347825e+02 8.098111e+02 7.627158e+02 7.007608e+02 6.324249e+02 5.650215e+02 5.030681e+02 3.135536e+02 2.548806e+02 2.439732e+02 2.528057e+02 2.740539e+02 3.066072e+02 4.093021e+02 5.724225e+02 8.109443e+02 1.141599e+03 1.581195e+03 2.145033e+03
8.781688e+02 8.781689e+02 8.781693e+02 8.781800e+02 8.782118e+02 8.785519e+02 8.759302e+02 8.622140e+02 8.529467e+02 8.433393e+02 8.229095e+02 7.930334e+02 7.463449e+02 6.849539e+02 6.167558e+02 5.496253e+02 4.887680e+02 3.087509e+02 2.543357e+02 2.450735e+02 2.547685e+02 2.767082e+02 3.099944e+02 4.145124e+02 5.799922e+02 8.214139e+02 1.155523e+03 1.599140e+03 2.167551e+03
8.361934e+02 8.361934e+02 8.361935e+02 8.361950e+02 8.361990e+02 8.361909e+02 8.349808e+02 8.249103e+02 8.165976e+02 8.067487e+02 7.832591e+02 7.524302e+02 7.099235e+02 6.554138e+02 5.937771e+02 5.317308e+02 4.745731e+02 3.039822e+02 2.538894e+02 2.463386e+02 2.569375e+02 2.796099e+02 3.136758e+02 4.201217e+02 5.880692e+02 8.324988e+02 1.170173e+03 1.617920e+03 2.191016e+03
7.563536e+02 7.563536e+02 7.563536e+02 7.563540e+02 7.563547e+02 7.562382e+02 7.555050e+02 7.512216e+02 7.473862e+02 7.421105e+02 7.260182e+02 7.005413e+02 6.640327e+02 6.172676e+02 5.640145e+02 5.094945e+02 4.582819e+02 3.001356e+02 2.536711e+02 2.477960e+02 2.593232e+02 2.827694e+02 3.176652e+02 4.261499e+02 5.966769e+02 8.442244e+02 1.185573e+03 1.637564e+03 2.215457e+03
6.839111e+02 6.839111e+02 6.839111e+02 6.839106e+02 6.839090e+02 6.838606e+02 6.836963e+02 6.826891e+02 6.814189e+02 6.791618e+02 6.695540e+02 6.500847e+02 6.193761e+02 5.790383e+02 5.328749e+02 4.853918e+02 4.403988e+02 2.972996e+02 2.538998e+02 2.494944e+02 2.619430e+02 2.862001e+02 3.219779e+02 4.326177e+02 6.058392e+02 8.566165e+02 1.201752e+03 1.658100e+03 2.240904e+03
6.315785e+02 6.315785e+02 6.315785e+02 6.315780e+02 6.315766e+02 6.315488e+02 6.314819e+02 6.310773e+02 6.305045e+02 6.293022e+02 6.228296e+02 6.073367e+02 5.809866e+02 5.454215e+02 5.044957e+02 4.624603e+02 4.226822e+02 2.948572e+02 2.549185e+02 2.515152e+02 2.648262e+02 2.899205e+02 3.266319e+02 4.395470e+02 6.155812e+02 8.697016e+02 1.218736e+03 1.679555e+03 2.267386e+03
5.927118e+02 5.927118e+02 5.927118e+02 5.927121e+02 5.927131e+02 5.927343e+02 5.927521e+02 5.924757e+02 5.920396e+02 5.911270e+02 5.859500e+02 5.727651e+02 5.494495e+02 5.173872e+02 4.803020e+02 4.422990e+02 4.065254e+02 2.925100e+02 2.566079e+02 2.539942e+02 2.680193e+02 2.939573e+02 3.316500e+02 4.469619e+02 6.259284e+02 8.835065e+02 1.236553e+03 1.701958e+03 2.294932e+03
5.624323e+02 5.624323e+02 5.624323e+02 5.624328e+02 5.624339e+02 5.624390e+02 5.623599e+02 5.619135e+02 5.614962e+02 5.607065e+02 5.562388e+02 5.445577e+02 5.234752e+02 4.941340e+02 4.600422e+02 4.251483e+02 3.924654e+02 2.901986e+02 2.586783e+02 2.571150e+02 2.715936e+02 2.983488e+02 3.370612e+02 4.548889e+02 6.369080e+02 8.980588e+02 1.255232e+03 1.725339e+03 2.323571e+03
5.361004e+02 5.361004e+02 5.361004e+02 5.361005e+02 5.361009e+02 5.361305e+02 5.361959e+02 5.361870e+02 5.359816e+02 5.354015e+02 5.315063e+02 5.209049e+02 5.015509e+02 4.744493e+02 4.428718e+02 4.105679e+02 3.804189e+02 2.880096e+02 2.609379e+02 2.607536e+02 2.756663e+02 3.031483e+02 3.429032e+02 4.633581e+02 6.485488e+02 9.133870e+02 1.274802e+03 1.749726e+03 2.353334e+03
5.154759e+02 5.154759e+02 5.154759e+02 5.154762e+02 5.154770e+02 5.154798e+02 5.154542e+02 5.152236e+02 5.149016e+02 5.142270e+02 5.103695e+02 5.003832e+02 4.823695e+02 4.572065e+02 4.278948e+02 3.979307e+02 3.700310e+02 2.860744e+02 2.632732e+02 2.647595e+02 2.803533e+02 3.084312e+02 3.492244e+02 4.724038e+02 6.608816e+02 9.295208e+02 1.295291e+03 1.775149e+03 2.384251e+03
4.977874e+02 4.977874e+02 4.977873e+02 4.977860e+02 4.977818e+02 4.976568e+02 4.973555e+02 4.964585e+02 4.958431e+02 4.949463e+02 4.909790e+02 4.815200e+02 4.647700e+02 4.414789e+02 4.143728e+02 3.866740e+02 3.609141e+02 2.845034e+02 2.656435e+02 2.690249e+02 2.855611e+02 3.143156e+02 3.560873e+02 4.820659e+02 6.739398e+02 9.464912e+02 1.316731e+03 1.801640e+03 2.416353e+03
4.769912e+02 4.769912e+02 4.769912e+02 4.769913e+02 4.769911e+02 4.769727e+02 4.768909e+02 4.764432e+02 4.760254e+02 4.753239e+02 4.718675e+02 4.633162e+02 4.480343e+02 4.267121e+02 4.018512e+02 3.764221e+02 3.527737e+02 2.833649e+02 2.680637e+02 2.734762e+02 2.912114e+02 3.208801e+02 3.635752e+02 4.923907e+02 6.877600e+02 9.643309e+02 1.339152e+03 1.829228e+03 2.449671e+03
4.569780e+02 4.569780e+02 4.569780e+02 4.569779e+02 4.569776e+02 4.569667e+02 4.569373e+02 4.568024e+02 4.566159e+02 4.561782e+02 4.533968e+02 4.458838e+02 4.321393e+02 4.128049e+02 3.901824e+02 3.670052e+02 3.454423e+02 2.826888e+02 2.705821e+02 2.780758e+02 2.972492e+02 3.280647e+02 3.718122e+02 5.034327e+02 7.023823e+02 9.830743e+02 1.362586e+03 1.857946e+03 2.484238e+03
4.393560e+02 4.393560e+02 4.393560e+02 4.393561e+02 4.393564e+02 4.393635e+02 4.393725e+02 4.393012e+02 4.391629e+02 4.388101e+02 4.364085e+02 4.297220e+02 4.173541e+02 3.998771e+02 3.793879e+02 3.583825e+02 3.388450e+02 2.824785e+02 2.732601e+02 2.828196e+02 3.036388e+02 3.358336e+02 3.808518e+02 5.152562e+02 7.178515e+02 1.002759e+03 1.387068e+03 1.887826e+03 2.520085e+03
4.239327e+02 4.239327e+02 4.239327e+02 4.239326e+02 4.239322e+02 4.239190e+02 4.238705e+02 4.236836e+02 4.235161e+02 4.231707e+02 4.209857e+02 4.149529e+02 4.037869e+02 3.880008e+02 3.694988e+02 3.505477e+02 3.329471e+02 2.827226e+02 2.761592e+02 2.877318e+02 3.103648e+02 3.441664e+02 3.906605e+02 5.279385e+02 7.342172e+02 1.023423e+03 1.412633e+03 1.918902e+03 2.557246e+03
4.093121e+02 4.093121e+02 4.093121e+02 4.093120e+02 4.093115e+02 4.092992e+02 4.092746e+02 4.091869e+02 4.090748e+02 4.087957e+02 4.068685e+02 4.014471e+02 3.913824e+02 3.771559e+02 3.605047e+02 3.434852e+02 3.277221e+02 2.834033e+02 2.793343e+02 2.928576e+02 3.174330e+02 3.530547e+02 4.012283e+02 5.415793e+02 7.515353e+02 1.045111e+03 1.439319e+03 1.951210e+03 2.595755e+03
3.960655e+02 3.960655e+02 3.960655e+02 3.960656e+02 3.960657e+02 3.960670e+02 3.960622e+02 3.960057e+02 3.959169e+02 3.956794e+02 3.939717e+02 3.891106e+02 3.800673e+02 3.672936e+02 3.523737e+02 3.371703e+02 3.231451e+02 2.845023e+02 2.828325e+02 2.982564e+02 3.248692e+02 3.625032e+02 4.125555e+02 5.563049e+02 7.698693e+02 1.067869e+03 1.467164e+03 1.984785e+03 2.635647e+03
3.840997e+02 3.840997e+02 3.840997e+02 3.840998e+02 3.840999e+02 3.840987e+02 3.840863e+02 3.840179e+02 3.839350e+02 3.837237e+02 3.822045e+02 3.778615e+02 3.697747e+02 3.583645e+02 3.450712e+02 3.315773e+02 3.191938e+02 2.860045e+02 2.866948e+02 3.039955e+02 3.327173e+02 3.725300e+02 4.246505e+02 5.721289e+02 7.892920e+02 1.091747e+03 1.496212e+03 2.019667e+03 2.676959e+03
3.730444e+02 3.730444e+02 3.730444e+02 3.730444e+02 3.730443e+02 3.730403e+02 3.730303e+02 3.729978e+02 3.729444e+02 3.727771e+02 3.714620e+02 3.676237e+02 3.604482e+02 3.503278e+02 3.385683e+02 3.266852e+02 3.158510e+02 2.879011e+02 2.909590e+02 3.101469e+02 3.410363e+02 3.831667e+02 4.375297e+02 5.890479e+02 8.098904e+02 1.116803e+03 1.526507e+03 2.055895e+03 2.719730e+03
3.630041e+02 3.630040e+02 3.630040e+02 3.630039e+02 3.630038e+02 3.630042e+02 3.630072e+02 3.630042e+02 3.629725e+02 3.628433e+02 3.617236e+02 3.583705e+02 3.520631e+02 3.431629e+02 3.328483e+02 3.224803e+02 3.131053e+02 2.901903e+02 2.956631e+02 3.167852e+02 3.498967e+02 3.944583e+02 4.512182e+02 6.070722e+02 8.317801e+02 1.143097e+03 1.558098e+03 2.093512e+03 2.763998e+03
3.539941e+02 3.539941e+02 3.539941e+02 3.539941e+02 3.539941e+02 3.539936e+02 3.539939e+02 3.540067e+02 3.540000e+02 3.539144e+02 3.529947e+02 3.501097e+02 3.446232e+02 3.368682e+02 3.279058e+02 3.189558e+02 3.109499e+02 2.928789e+02 3.008481e+02 3.239870e+02 3.593782e+02 4.064616e+02 4.657495e+02 6.262167e+02 8.550581e+02 1.170699e+03 1.591037e+03 2.132564e+03 2.809804e+03
3.458971e+02 3.458971e+02 3.458971e+02 3.458973e+02 3.458979e+02 3.459111e+02 3.459434e+02 3.460417e+02 3.460824e+02 3.460529e+02 3.453309e+02 3.428781e+02 3.381466e+02 3.314477e+02 3.237367e+02 3.161045e+02 3.093788e+02 2.959820e+02 3.065604e+02 3.318307e+02 3.695667e+02 4.192435e+02 4.811660e+02 6.464995e+02 8.797159e+02 1.199691e+03 1.625381e+03 2.173097e+03 2.857193e+03
3.392210e+02 3.392210e+02 3.392210e+02 3.392211e+02 3.392216e+02 3.392363e+02 3.392721e+02 3.393691e+02 3.394109e+02 3.393940e+02 3.387913e+02 3.366932e+02 3.326290e+02 3.268869e+02 3.203237e+02 3.139115e+02 3.083819e+02 2.995242e+02 3.128539e+02 3.403976e+02 3.805525e+02 4.328789e+02 4.975179e+02 6.679412e+02 9.057586e+02 1.230168e+03 1.661194e+03 2.215165e+03 2.906210e+03
3.337519e+02 3.337519e+02 3.337519e+02 3.337519e+02 3.337521e+02 3.337562e+02 3.337650e+02 3.337966e+02 3.338139e+02 3.337883e+02 3.332671e+02 3.314757e+02 3.280101e+02 3.231387e+02 3.176304e+02 3.123508e+02 3.079447e+02 3.035392e+02 3.197906e+02 3.497723e+02 3.924291e+02 4.474492e+02 5.148626e+02 6.905649e+02 9.331984e+02 1.262262e+03 1.698544e+03 2.258821e+03 2.956903e+03
3.288366e+02 3.288366e+02 3.288366e+02 3.288365e+02 3.288363e+02 3.288350e+02 3.288471e+02 3.289255e+02 3.289765e+02 3.289909e+02 3.286070e+02 3.271229e+02 3.242130e+02 3.201427e+02 3.156110e+02 3.113913e+02 3.080509e+02 3.080707e+02 3.274421e+02 3.600431e+02 4.052919e+02 4.630400e+02 5.332634e+02 7.143966e+02 9.620501e+02 1.296018e+03 1.737510e+03 2.304126e+03 3.009324e+03
3.247517e+02 3.247517e+02 3.247517e+02 3.247518e+02 3.247522e+02 3.247668e+02 3.248170e+02 3.249853e+02 3.250707e+02 3.251151e+02 3.248298e+02 3.235991e+02 3.211800e+02 3.178401e+02 3.142169e+02 3.110005e+02 3.086857e+02 3.131735e+02 3.358895e+02 3.713025e+02 4.192377e+02 4.797393e+02 5.527882e+02 7.394647e+02 9.923290e+02 1.331427e+03 1.778182e+03 2.351144e+03 3.063527e+03
3.222190e+02 3.222190e+02 3.222190e+02 3.222189e+02 3.222187e+02 3.222129e+02 3.222020e+02 3.221926e+02 3.221944e+02 3.221742e+02 3.218597e+02 3.208038e+02 3.188158e+02 3.161530e+02 3.133923e+02 3.111452e+02 3.098383e+02 3.189141e+02 3.452235e+02 3.836473e+02 4.343637e+02 4.976362e+02 5.735078e+02 7.658007e+02 1.024051e+03 1.368495e+03 1.820675e+03 2.399946e+03 3.119571e+03
3.196307e+02 3.196307e+02 3.196307e+02 3.196307e+02 3.196306e+02 3.196278e+02 3.196195e+02 3.196116e+02 3.196158e+02 3.196043e+02 3.193628e+02 3.185320e+02 3.169879e+02 3.149944e+02 3.130835e+02 3.118000e+02 3.115083e+02 3.253715e+02 3.555440e+02 3.971776e+02 4.507670e+02 5.168197e+02 5.954950e+02 7.934384e+02 1.057233e+03 1.407236e+03 1.865117e+03 2.450612e+03 3.177518e+03
3.169979e+02 3.169979e+02 3.169979e+02 3.169981e+02 3.169988e+02 3.170182e+02 3.170729e+02 3.172316e+02 3.173140e+02 3.173744e+02 3.172928e+02 3.167297e+02 3.156437e+02 3.143220e+02 3.132655e+02 3.129610e+02 3.137135e+02 3.326385e+02 3.669594e+02 4.119967e+02 4.685438e+02 5.373769e+02 6.188224e+02 8.224141e+02 1.091893e+03 1.447664e+03 1.911510e+03 2.503230e+03 3.237436e+03
3.156349e+02 3.156349e+02 3.156349e+02 3.156350e+02 3.156353e+02 3.156440e+02 3.156699e+02 3.157637e+02 3.158217e+02 3.158681e+02 3.158233e+02 3.154555e+02 3.147905e+02 3.141304e+02 3.139411e+02 3.146481e+02 3.164934e+02 3.408210e+02 3.795851e+02 4.282099e+02 4.877886e+02 5.593925e+02 6.435619e+02 8.527660e+02 1.128047e+03 1.489794e+03 1.959853e+03 2.557906e+03 3.299398e+03
3.149019e+02 3.149019e+02 3.149019e+02 3.149019e+02 3.149019e+02 3.149005e+02 3.148962e+02 3.148896e+02 3.148918e+02 3.148916e+02 3.148307e+02 3.146309e+02 3.143853e+02 3.144078e+02 3.151262e+02 3.169020e+02 3.199103e+02 3.500384e+02 3.935423e+02 4.459232e+02 5.085933e+02 5.829476e+02 6.697829e+02 8.845339e+02 1.165715e+03 1.533642e+03 2.010157e+03 2.614779e+03 3.363484e+03
3.140198e+02 3.140198e+02 3.140198e+02 3.140198e+02 3.140197e+02 3.140172e+02 3.140106e+02 3.140062e+02 3.140158e+02 3.140327e+02 3.140706e+02 3.141324e+02 3.143846e+02 3.151629e+02 3.168650e+02 3.197923e+02 3.240528e+02 3.604214e+02 4.089557e+02 4.652414e+02 5.310460e+02 6.081188e+02 6.975520e+02 9.177584e+02 1.204918e+03 1.579223e+03 2.062439e+03 2.673942e+03 3.429784e+03
3.130039e+02 3.130039e+02 3.130039e+02 3.130040e+02 3.130042e+02 3.130130e+02 3.130413e+02 3.131636e+02 3.132541e+02 3.133593e+02 3.136192e+02 3.140400e+02 3.148727e+02 3.164864e+02 3.192569e+02 3.234280e+02 3.290391e+02 3.721097e+02 4.259516e+02 4.862673e+02 5.552301e+02 6.349773e+02 7.269313e+02 9.524806e+02 1.245678e+03 1.626554e+03 2.116717e+03 2.735380e+03 3.498400e+03
3.127572e+02 3.127572e+02 3.127572e+02 3.127575e+02 3.127583e+02 3.127850e+02 3.128634e+02 3.131115e+02 3.132616e+02 3.134275e+02 3.138595e+02 3.146171e+02 3.160429e+02 3.185369e+02 3.224463e+02 3.279502e+02 3.350118e+02 3.852495e+02 4.446552e+02 5.090990e+02 5.812232e+02 6.635883e+02 7.579784e+02 9.887414e+02 1.288017e+03 1.675653e+03 2.173009e+03 2.799101e+03 3.569455e+03
3.142233e+02 3.142233e+02 3.142233e+02 3.142233e+02 3.142234e+02 3.142262e+02 3.142384e+02 3.143227e+02 3.144054e+02 3.145284e+02 3.149958e+02 3.160327e+02 3.180518e+02 3.214672e+02 3.265866e+02 3.335140e+02 3.421274e+02 3.999897e+02 4.651881e+02 5.338289e+02 6.090959e+02 6.940103e+02 7.907455e+02 1.026581e+03 1.331962e+03 1.726537e+03 2.231335e+03 2.865122e+03 3.643107e+03
3.159590e+02 3.159590e+02 3.159590e+02 3.159590e+02 3.159591e+02 3.159602e+02 3.159647e+02 3.160269e+02 3.161151e+02 3.162654e+02 3.168916e+02 3.183051e+02 3.209993e+02 3.254171e+02 3.318348e+02 3.402834e+02 3.505521e+02 4.164789e+02 4.876659e+02 5.605415e+02 6.389109e+02 7.262942e+02 8.252787e+02 1.066039e+03 1.377540e+03 1.779227e+03 2.291717e+03 2.933464e+03 3.719390e+03
3.176213e+02 3.176213e+02 3.176213e+02 3.176218e+02 3.176234e+02 3.176696e+02 3.177890e+02 3.181799e+02 3.184411e+02 3.187593e+02 3.197393e+02 3.216426e+02 3.250886e+02 3.305802e+02 3.383771e+02 3.484391e+02 3.604615e+02 4.348616e+02 5.121960e+02 5.893119e+02 6.707219e+02 7.604833e+02 8.616181e+02 1.107153e+03 1.424780e+03 1.833745e+03 2.354176e+03 3.004151e+03 3.798297e+03
3.218213e+02 3.218213e+02 3.218213e+02 3.218217e+02 3.218228e+02 3.218587e+02 3.219700e+02 3.223892e+02 3.226792e+02 3.230367e+02 3.241737e+02 3.264519e+02 3.306061e+02 3.371844e+02 3.464139e+02 3.581676e+02 3.720337e+02 4.552755e+02 5.388750e+02 6.202045e+02 7.045726e+02 7.966123e+02 8.997974e+02 1.149960e+03 1.473712e+03 1.890116e+03 2.418735e+03 3.077207e+03 3.879840e+03
3.285430e+02 3.285430e+02 3.285430e+02 3.285432e+02 3.285439e+02 3.285641e+02 3.286136e+02 3.287862e+02 3.289429e+02 3.291956e+02 3.302883e+02 3.328465e+02 3.376904e+02 3.453875e+02 3.561138e+02 3.696409e+02 3.854382e+02 4.778482e+02 5.677869e+02 6.532715e+02 7.404966e+02 8.347077e+02 9.398439e+02 1.194495e+03 1.524370e+03 1.948364e+03 2.485418e+03 3.152657e+03 3.964043e+03
3.357245e+02 3.357245e+02 3.357245e+02 3.357245e+02 3.357242e+02 3.357171e+02 3.357088e+02 3.358400e+02 3.360293e+02 3.363456e+02 3.376776e+02 3.407132e+02 3.463839e+02 3.553078e+02 3.676278e+02 3.830206e+02 4.008362e+02 5.026941e+02 5.990013e+02 6.885518e+02 7.785162e+02 8.747872e+02 9.817786e+02 1.240789e+03 1.576789e+03 2.008521e+03 2.554252e+03 3.230527e+03 4.050928e+03
3.427743e+02 3.427743e+02 3.427743e+02 3.427750e+02 3.427774e+02 3.428535e+02 3.430807e+02 3.438268e+02 3.443018e+02 3.448748e+02 3.466920e+02 3.503375e+02 3.569214e+02 3.671477e+02 3.811389e+02 3.984758e+02 4.183846e+02 5.299123e+02 6.325719e+02 7.260705e+02 8.186429e+02 9.168604e+02 1.025616e+03 1.288876e+03 1.631005e+03 2.070617e+03 2.625264e+03 3.310847e+03 4.140525e+03
3.547016e+02 3.547016e+02 3.547016e+02 3.547019e+02 3.547028e+02 3.547349e+02 3.548544e+02 3.553854e+02 3.557882e+02 3.563199e+02 3.581973e+02 3.622174e+02 3.696154e+02 3.811319e+02 3.968295e+02 4.161661e+02 4.382272e+02 5.595843e+02 6.685351e+02 7.658378e+02 8.608764e+02 9.609281e+02 1.071367e+03 1.338784e+03 1.687058e+03 2.134690e+03 2.698485e+03 3.393644e+03 4.232859e+03
3.693227e+02 3.693227e+02 3.693227e+02 3.693230e+02 3.693239e+02 3.693476e+02 3.694034e+02 3.696182e+02 3.698321e+02 3.702048e+02 3.719704e+02 3.762944e+02 3.845091e+02 3.973584e+02 4.148208e+02 4.362172e+02 4.604840e+02 5.917727e+02 7.069095e+02 8.078494e+02 9.052058e+02 1.006984e+03 1.119034e+03 1.390543e+03 1.744989e+03 2.200777e+03 2.773949e+03 3.478949e+03 4.327962e+03
3.841833e+02 3.841833e+02 3.841833e+02 3.841832e+02 3.841830e+02 3.841776e+02 3.841797e+02 3.844085e+02 3.847066e+02 3.852039e+02 3.873505e+02 3.923243e+02 4.015777e+02 4.159003e+02 4.352203e+02 4.587408e+02 4.852594e+02 6.265201e+02 7.476951e+02 8.520858e+02 9.516095e+02 1.055015e+03 1.168618e+03 1.444181e+03 1.804841e+03 2.268921e+03 2.851692e+03 3.566794e+03 4.425862e+03
3.989747e+02 3.989748e+02 3.989748e+02 3.989759e+02 3.989794e+02 3.990907e+02 3.994252e+02 4.005433e+02 4.012656e+02 4.021474e+02 4.050020e+02 4.107851e+02 4.211519e+02 4.369876e+02 4.581934e+02 4.838619e+02 5.126508e+02 6.638486e+02 7.908731e+02 8.985135e+02 1.000056e+03 1.105000e+03 1.220115e+03 1.499726e+03 1.866660e+03 2.339169e+03 2.931752e+03 3.657213e+03 4.526591e+03
4.209245e+02 4.209245e+02 4.209245e+02 4.209249e+02 4.209261e+02 4.209742e+02 4.211626e+02 4.219745e+02 4.225876e+02 4.233982e+02 4.262723e+02 4.324230e+02 4.436437e+02 4.608569e+02 4.838877e+02 5.116816e+02 5.427327e+02 7.037596e+02 8.364059e+02 9.470850e+02 1.050505e+03 1.156916e+03 1.273519e+03 1.557207e+03 1.930494e+03 2.411570e+03 3.014173e+03 3.750241e+03 4.630182e+03
4.468770e+02 4.468770e+02 4.468770e+02 4.468774e+02 4.468785e+02 4.469151e+02 4.470168e+02 4.473785e+02 4.476951e+02 4.482243e+02 4.507426e+02 4.570104e+02 4.689497e+02 4.874814e+02 5.123182e+02 5.422325e+02 5.755397e+02 7.462328e+02 8.842375e+02 9.977402e+02 1.102910e+03 1.210734e+03 1.328824e+03 1.616655e+03 1.996393e+03 2.486179e+03 3.099000e+03 3.845916e+03 4.736667e+03
4.734777e+02 4.734777e+02 4.734777e+02 4.734776e+02 4.734775e+02 4.734723e+02 4.734609e+02 4.735795e+02 4.738281e+02 4.743383e+02 4.770065e+02 4.837829e+02 4.967052e+02 5.167173e+02 5.434487e+02 5.755219e+02 6.110890e+02 7.912271e+02 9.342942e+02 1.050408e+03 1.157216e+03 1.266425e+03 1.386022e+03 1.678099e+03 2.064412e+03 2.563051e+03 3.186284e+03 3.944280e+03 4.846080e+03
4.983436e+02 4.983436e+02 4.983436e+02 4.983450e+02 4.983494e+02 4.984756e+02 4.987947e+02 4.998588e+02 5.006020e+02 5.015789e+02 5.051238e+02 5.128671e+02 5.270428e+02 5.486804e+02 5.773697e+02 6.116120e+02 6.494153e+02 8.386795e+02 9.864858e+02 1.105009e+03 1.213369e+03 1.323958e+03 1.445107e+03 1.741576e+03 2.134608e+03 2.642249e+03 3.276078e+03 4.045375e+03 4.958458e+03
5.291011e+02 5.291011e+02 5.291011e+02 5.291026e+02 5.291070e+02 5.292469e+02 5.296513e+02 5.309868e+02 5.318720e+02 5.329967e+02 5.369284e+02 5.453323e+02 5.605773e+02 5.837210e+02 6.142763e+02 6.506036e+02 6.905577e+02 8.885031e+02 1.040707e+03 1.161456e+03 1.271310e+03 1.383303e+03 1.506077e+03 1.807121e+03 2.207040e+03 2.723838e+03 3.368439e+03 4.149246e+03 5.073837e+03
5.675899e+02 5.675899e+02 5.675899e+02 5.675900e+02 5.675904e+02 5.676007e+02 5.676418e+02 5.680217e+02 5.684887e+02 5.692915e+02 5.729277e+02 5.815561e+02 5.975772e+02 6.220136e+02 6.542658e+02 6.925332e+02 7.345069e+02 9.405851e+02 1.096840e+03 1.219659e+03 1.330984e+03 1.444438e+03 1.568933e+03 1.874777e+03 2.281774e+03 2.807887e+03 3.463429e+03 4.255943e+03 5.192255e+03
6.054576e+02 6.054576e+02 6.054577e+02 6.054587e+02 6.054615e+02 6.055300e+02 6.057294e+02 6.065177e+02 6.071533e+02 6.080924e+02 6.119846e+02 6.210334e+02 6.378244e+02 6.634514e+02 6.972618e+02 7.373223e+02 7.811711e+02 9.947853e+02 1.154757e+03 1.279528e+03 1.392338e+03 1.507340e+03 1.633682e+03 1.944589e+03 2.358876e+03 2.894469e+03 3.561111e+03 4.365518e+03 5.313753e+03
6.463784e+02 6.463784e+02 6.463784e+02 6.463795e+02 6.463830e+02 6.464942e+02 6.468358e+02 6.480687e+02 6.489251e+02 6.500543e+02 6.542634e+02 6.637050e+02 6.811706e+02 7.078583e+02 7.430852e+02 7.847950e+02 8.303776e+02 1.050938e+03 1.214327e+03 1.340977e+03 1.455327e+03 1.572000e+03 1.700338e+03 2.016608e+03 2.438418e+03 2.983660e+03 3.661554e+03 4.478023e+03 5.438372e+03
6.938278e+02 6.938278e+02 6.938278e+02 6.938283e+02 6.938296e+02 6.938740e+02 6.940281e+02 6.947485e+02 6.953487e+02 6.962426e+02 7.001052e+02 7.095015e+02 7.273651e+02 7.549331e+02 7.914416e+02 8.346811e+02 8.818798e+02 1.108859e+03 1.275419e+03 1.403929e+03 1.519918e+03 1.638415e+03 1.768925e+03 2.090892e+03 2.520477e+03 3.075540e+03 3.764830e+03 4.593518e+03 5.566157e+03
7.433788e+02 7.433788e+02 7.433788e+02 7.433792e+02 7.433806e+02 7.434233e+02 7.435368e+02 7.439061e+02 7.442231e+02 7.448138e+02 7.481771e+02 7.574372e+02 7.756733e+02 8.041212e+02 8.419002e+02 8.866313e+02 9.353807e+02 1.168357e+03 1.337909e+03 1.468319e+03 1.586087e+03 1.706595e+03 1.839475e+03 2.167504e+03 2.605132e+03 3.170193e+03 3.871014e+03 4.712062e+03 5.697153e+03
7.927490e+02 7.927490e+02 7.927490e+02 7.927488e+02 7.927485e+02 7.927367e+02 7.927025e+02 7.926987e+02 7.928667e+02 7.933586e+02 7.967208e+02 8.063212e+02 8.253015e+02 8.548749e+02 8.940544e+02 9.403170e+02 9.905961e+02 1.229244e+03 1.401689e+03 1.534099e+03 1.653830e+03 1.776561e+03 1.912030e+03 2.246515e+03 2.692470e+03 3.267707e+03 3.980185e+03 4.833718e+03 5.831408e+03
8.387051e+02 8.387051e+02 8.387051e+02 8.387050e+02 8.387050e+02 8.387461e+02 8.389178e+02 8.396718e+02 8.402927e+02 8.412386e+02 8.454905e+02 8.560409e+02 8.761488e+02 9.070622e+02 9.477371e+02 9.955456e+02 1.047319e+03 1.291352e+03 1.466673e+03 1.601243e+03 1.723157e+03 1.848350e+03 1.986645e+03 2.328003e+03 2.782579e+03 3.368173e+03 4.092425e+03 4.958553e+03 5.968971e+03
8.871807e+02 8.871807e+02 8.871807e+02 8.871821e+02 8.871866e+02 8.873287e+02 8.877678e+02 8.893127e+02 8.903250e+02 8.916230e+02 8.965140e+02 9.077816e+02 9.288343e+02 9.609477e+02 1.003002e+03 1.052251e+03 1.105421e+03 1.354544e+03 1.532804e+03 1.669746e+03 1.794098e+03 1.922013e+03 2.063386e+03 2.412051e+03 2.875554e+03 3.471684e+03 4.207817e+03 5.086635e+03 6.109894e+03
9.447984e+02 9.447984e+02 9.447984e+02 9.447982e+02 9.447975e+02 9.447912e+02 9.448562e+02 9.453438e+02 9.458324e+02 9.466813e+02 9.509971e+02 9.621944e+02 9.836859e+02 1.016663e+03 1.059860e+03 1.110369e+03 1.164793e+03 1.418719e+03 1.600058e+03 1.739634e+03 1.866703e+03 1.997618e+03 2.142332e+03 2.498754e+03 2.971493e+03 3.578338e+03 4.326450e+03 5.218034e+03 6.254230e+03
1.002452e+03 1.002452e+03 1.002452e+03 1.002452e+03 1.002451e+03 1.002429e+03 1.002365e+03 1.002326e+03 1.002530e+03 1.003129e+03 1.007129e+03 1.018341e+03 1.040229e+03 1.073955e+03 1.118145e+03 1.169765e+03 1.225309e+03 1.483815e+03 1.668445e+03 1.810953e+03 1.941043e+03 2.075246e+03 2.223573e+03 2.588210e+03 3.070500e+03 3.688235e+03 4.448413e+03 5.352825e+03 6.402035e+03
1.055913e+03 1.055913e+03 1.055913e+03 1.055914e+03 1.055918e+03 1.056039e+03 1.056367e+03 1.057410e+03 1.058134e+03 1.059179e+03 1.063849e+03 1.075594e+03 1.098083e+03 1.132572e+03 1.177675e+03 1.230290e+03 1.286845e+03 1.549812e+03 1.738012e+03 1.883779e+03 2.017205e+03 2.154997e+03 2.307212e+03 2.680527e+03 3.172682e+03 3.801478e+03 4.573797e+03 5.491083e+03 6.553365e+03
1.114117e+03 1.114117e+03 1.114117e+03 1.114119e+03 1.114122e+03 1.114247e+03 1.114622e+03 1.115873e+03 1.116690e+03 1.117803e+03 1.122576e+03 1.134503e+03 1.157369e+03 1.192458e+03 1.238332e+03 1.291817e+03 1.349288e+03 1.616726e+03 1.808835e+03 1.958211e+03 2.095298e+03 2.236981e+03 2.393365e+03 2.775821e+03 3.278151e+03 3.918172e+03 4.702698e+03 5.632885e+03 6.708280e+03
1.178758e+03 1.178758e+03 1.178758e+03 1.178758e+03 1.178757e+03 1.178716e+03 1.178626e+03 1.178570e+03 1.178739e+03 1.179284e+03 1.183258e+03 1.194873e+03 1.217861e+03 1.253397e+03 1.299929e+03 1.354198e+03 1.412529e+03 1.684609e+03 1.881019e+03 2.034367e+03 2.175449e+03 2.321328e+03 2.482157e+03 2.874212e+03 3.387022e+03 4.038425e+03 4.835210e+03 5.778310e+03 6.866840e+03
1.239326e+03 1.239326e+03 1.239326e+03 1.239326e+03 1.239324e+03 1.239283e+03 1.239168e+03 1.238992e+03 1.239107e+03 1.239623e+03 1.243651e+03 1.255509e+03 1.278926e+03 1.315035e+03 1.362247e+03 1.417292e+03 1.476485e+03 1.753544e+03 1.954690e+03 2.112387e+03 2.257797e+03 2.408177e+03 2.573726e+03 2.975830e+03 3.499416e+03 4.162347e+03 4.971431e+03 5.927439e+03 7.029107e+03
1.294952e+03 1.294952e+03 1.294952e+03 1.294953e+03 1.294957e+03 1.295089e+03 1.295467e+03 1.296684e+03 1.297507e+03 1.298672e+03 1.303781e+03 1.316487e+03 1.340611e+03 1.377368e+03 1.425253e+03 1.481060e+03 1.541136e+03 1.823640e+03 2.029996e+03 2.192426e+03 2.342501e+03 2.497680e+03 2.668218e+03 3.080808e+03 3.615456e+03 4.290049e+03 5.111460e+03 6.080353e+03 7.195143e+03
1.356729e+03 1.356729e+03 1.356729e+03 1.356731e+03 1.356735e+03 1.356867e+03 1.357268e+03 1.358657e+03 1.359607e+03 1.360905e+03 1.366282e+03 1.379243e+03 1.403628e+03 1.440709e+03 1.489065e+03 1.545553e+03 1.606526e+03 1.895032e+03 2.107100e+03 2.274656e+03 2.429729e+03 2.590002e+03 2.765790e+03 3.189287e+03 3.735266e+03 4.421646e+03 5.255395e+03 6.237136e+03 7.365013e+03
1.425689e+03 1.425689e+03 1.425689e+03 1.425689e+03 1.425689e+03 1.425686e+03 1.425700e+03 1.425995e+03 1.426382e+03 1.427162e+03 1.431687e+03 1.444044e+03 1.468060e+03 1.505051e+03 1.553663e+03 1.610777e+03 1.672703e+03 1.967877e+03 2.186179e+03 2.359261e+03 2.519664e+03 2.685319e+03 2.866608e+03 3.301413e+03 3.858977e+03 4.557250e+03 5.403336e+03 6.397871e+03 7.538782e+03
1.493063e+03 1.493063e+03 1.493063e+03 1.493063e+03 1.493063e+03 1.493058e+03 1.493044e+03 1.493068e+03 1.493222e+03 1.493734e+03 1.497678e+03 1.509476e+03 1.533066e+03 1.569925e+03 1.618827e+03 1.676678e+03 1.739715e+03 2.042353e+03 2.267430e+03 2.446442e+03 2.612501e+03 2.783813e+03 2.970843e+03 3.417336e+03 3.986719e+03 4.696978e+03 5.555383e+03 6.562641e+03 7.716516e+03
1.557216e+03 1.557216e+03 1.557216e+03 1.557216e+03 1.557217e+03 1.557257e+03 1.557365e+03 1.557724e+03 1.558034e+03 1.558664e+03 1.562698e+03 1.574414e+03 1.597920e+03 1.634934e+03 1.684404e+03 1.743265e+03 1.807666e+03 2.118661e+03 2.351064e+03 2.536411e+03 2.708445e+03 2.885678e+03 3.078674e+03 3.537209e+03 4.118624e+03 4.840945e+03 5.711638e+03 6.731530e+03 7.898281e+03
1.621019e+03 1.621019e+03 1.621019e+03 1.621019e+03 1.621021e+03 1.621061e+03 1.621185e+03 1.621686e+03 1.622114e+03 1.622871e+03 1.627108e+03 1.638936e+03 1.662621e+03 1.700113e+03 1.750496e+03 1.810694e+03 1.876747e+03 2.197016e+03 2.437308e+03 2.629394e+03 2.807709e+03 2.991112e+03 3.190287e+03 3.661189e+03 4.254828e+03 4.989266e+03 5.872199e+03 6.904623e+03 8.084143e+03
1.685389e+03 1.685389e+03 1.685389e+03 1.685390e+03 1.685391e+03 1.685440e+03 1.685588e+03 1.686164e+03 1.686637e+03 1.687428e+03 1.691681e+03 1.703539e+03 1.727496e+03 1.765711e+03 1.817326e+03 1.879181e+03 1.947169e+03 2.277648e+03 2.526405e+03 2.725626e+03 2.910514e+03 3.100322e+03 3.305871e+03 3.789437e+03 4.395466e+03 5.142058e+03 6.037166e+03 7.082003e+03 8.274169e+03
1.750872e+03 1.750872e+03 1.750872e+03 1.750873e+03 1.750874e+03 1.750924e+03 1.751078e+03 1.751626e+03 1.752014e+03 1.752666e+03 1.756569e+03 1.768260e+03 1.792559e+03 1.831767e+03 1.884970e+03 1.948836e+03 2.019072e+03 2.360788e+03 2.618610e+03 2.825352e+03 3.017087e+03 3.213516e+03 3.425618e+03 3.922113e+03 4.540673e+03 5.299436e+03 6.206637e+03 7.263752e+03 8.468426e+03
1.817729e+03 1.817729e+03 1.817729e+03 1.817730e+03 1.817731e+03 1.817730e+03 1.817684e+03 1.817442e+03 1.817323e+03 1.817465e+03 1.820574e+03 1.832120e+03 1.857139e+03 1.897892e+03 1.953243e+03 2.019610e+03 2.092499e+03 2.446673e+03 2.714186e+03 2.928821e+03 3.127660e+03 3.330907e+03 3.549723e+03 4.059382e+03 4.690584e+03 5.461514e+03 6.380710e+03 7.449953e+03 8.666981e+03
1.880212e+03 1.880212e+03 1.880212e+03 1.880211e+03 1.880208e+03 1.880110e+03 1.879805e+03 1.878741e+03 1.878215e+03 1.878053e+03 1.881096e+03 1.893513e+03 1.920355e+03 1.963657e+03 2.021980e+03 2.091487e+03 2.167522e+03 2.535554e+03 2.813404e+03 3.036287e+03 3.242465e+03 3.452708e+03 3.678382e+03 4.201405e+03 4.845335e+03 5.628404e+03 6.559480e+03 7.640687e+03 8.869897e+03
1.931868e+03 1.931868e+03 1.931868e+03 1.931867e+03 1.931864e+03 1.931770e+03 1.931582e+03 1.931449e+03 1.931663e+03 1.932366e+03 1.937504e+03 1.952593e+03 1.982663e+03 2.029556e+03 2.091606e+03 2.164815e+03 2.244439e+03 2.627706e+03 2.916535e+03 3.148001e+03 3.361734e+03 3.579135e+03 3.811792e+03 4.348345e+03 5.005059e+03 5.800219e+03 6.743042e+03 7.836032e+03 9.077242e+03
1.979508e+03 1.979508e+03 1.979508e+03 1.979511e+03 1.979518e+03 1.979749e+03 1.980454e+03 1.982910e+03 1.984563e+03 1.986729e+03 1.994870e+03 2.013201e+03 2.046815e+03 2.097469e+03 2.163376e+03 2.240442e+03 2.323853e+03 2.723439e+03 3.023855e+03 3.264216e+03 3.485700e+03 3.710401e+03 3.950150e+03 4.500366e+03 5.169890e+03 5.977067e+03 6.931487e+03 8.036067e+03 9.289078e+03
2.043115e+03 2.043115e+03 2.043116e+03 2.043118e+03 2.043125e+03 2.043357e+03 2.044074e+03 2.046738e+03 2.048643e+03 2.051168e+03 2.060400e+03 2.080396e+03 2.116264e+03 2.169701e+03 2.238824e+03 2.319416e+03 2.406517e+03 2.823092e+03 3.135638e+03 3.385178e+03 3.614591e+03 3.846717e+03 4.093649e+03 4.657628e+03 5.339957e+03 6.159055e+03 7.124906e+03 8.240867e+03 9.505468e+03
2.122901e+03 2.122901e+03 2.122901e+03 2.122902e+03 2.122904e+03 2.122978e+03 2.123260e+03 2.124679e+03 2.125934e+03 2.127872e+03 2.136288e+03 2.156118e+03 2.192603e+03 2.247516e+03 2.318953e+03 2.402547e+03 2.493102e+03 2.927018e+03 3.252156e+03 3.511131e+03 3.748631e+03 3.988293e+03 4.242483e+03 4.820288e+03 5.515387e+03 6.346287e+03 7.323384e+03 8.450506e+03 9.726475e+03
