1.416354e+05 9.085026e+04 7.784408e+04 4.987797e+04 4.038238e+04 2.644516e+04 1.860690e+04 7.430388e+03 5.171684e+03 3.814824e+03 2.368849e+03 1.668249e+03 1.280627e+03 1.045448e+03 8.931455e+02 7.898201e+02 7.173926e+02 5.671301e+02 5.520474e+02 5.863253e+02 6.481895e+02 7.307878e+02 8.327166e+02 1.101953e+03 1.486799e+03 2.038592e+03 2.823989e+03 3.918722e+03 5.399802e+03
2.622444e+04 2.622458e+04 2.622479e+04 2.620836e+04 2.607206e+04 2.394829e+04 1.733489e+04 7.018442e+03 4.925030e+03 3.658018e+03 2.295040e+03 1.627820e+03 1.256029e+03 1.029330e+03 8.820073e+02 7.818230e+02 7.114930e+02 5.656716e+02 5.520116e+02 5.869897e+02 6.493033e+02 7.322495e+02 8.344891e+02 1.104365e+03 1.490010e+03 2.042879e+03 2.829723e+03 3.926344e+03 5.409793e+03
2.270806e+04 2.270810e+04 2.270820e+04 2.270858e+04 2.270124e+04 2.189280e+04 1.572696e+04 6.522877e+03 4.638297e+03 3.480053e+03 2.213825e+03 1.584174e+03 1.229816e+03 1.012316e+03 8.703376e+02 7.734955e+02 7.053821e+02 5.641972e+02 5.519962e+02 5.876847e+02 6.504510e+02 7.337466e+02 8.362978e+02 1.106817e+03 1.493265e+03 2.047216e+03 2.835517e+03 3.934039e+03 5.419870e+03
2.099510e+04 2.099505e+04 2.099485e+04 2.097970e+04 2.093366e+04 1.957332e+04 1.411712e+04 5.980835e+03 4.325097e+03 3.286849e+03 2.126755e+03 1.537853e+03 1.202217e+03 9.945194e+02 8.581972e+02 7.648736e+02 6.990825e+02 5.627112e+02 5.520031e+02 5.884112e+02 6.516333e+02 7.352795e+02 8.381432e+02 1.109307e+03 1.496563e+03 2.051605e+03 2.841372e+03 3.941805e+03 5.430034e+03
1.760718e+04 1.760716e+04 1.760709e+04 1.760423e+04 1.759217e+04 1.673166e+04 1.227052e+04 5.454161e+03 4.005324e+03 3.086464e+03 2.035783e+03 1.489511e+03 1.173503e+03 9.760682e+02 8.456549e+02 7.559971e+02 6.926193e+02 5.612186e+02 5.520341e+02 5.891703e+02 6.528510e+02 7.368488e+02 8.400258e+02 1.111837e+03 1.499906e+03 2.056045e+03 2.847288e+03 3.949645e+03 5.440284e+03
1.429854e+04 1.429854e+04 1.429853e+04 1.429791e+04 1.429524e+04 1.395643e+04 1.052295e+04 4.975138e+03 3.704947e+03 2.888832e+03 1.943206e+03 1.439897e+03 1.143977e+03 9.571055e+02 8.327860e+02 7.469094e+02 6.860190e+02 5.597241e+02 5.520910e+02 5.899629e+02 6.541046e+02 7.384550e+02 8.419460e+02 1.114407e+03 1.503293e+03 2.060536e+03 2.853265e+03 3.957559e+03 5.450623e+03
1.209827e+04 1.209827e+04 1.209826e+04 1.209738e+04 1.209409e+04 1.185069e+04 9.081808e+03 4.526016e+03 3.432682e+03 2.705675e+03 1.851601e+03 1.389841e+03 1.113970e+03 9.377861e+02 8.196713e+02 7.376568e+02 6.793102e+02 5.582328e+02 5.521757e+02 5.907902e+02 6.553950e+02 7.400987e+02 8.439042e+02 1.117017e+03 1.506725e+03 2.065080e+03 2.859305e+03 3.965547e+03 5.461050e+03
1.041544e+04 1.041543e+04 1.041541e+04 1.041467e+04 1.041225e+04 1.022442e+04 7.928713e+03 4.109719e+03 3.179633e+03 2.539019e+03 1.763814e+03 1.340238e+03 1.083841e+03 9.182759e+02 8.063972e+02 7.282882e+02 6.725226e+02 5.567499e+02 5.522901e+02 5.916531e+02 6.567227e+02 7.417803e+02 8.459009e+02 1.119668e+03 1.510202e+03 2.069676e+03 2.865407e+03 3.973609e+03 5.471567e+03
9.039494e+03 9.039493e+03 9.039488e+03 9.039300e+03 9.038566e+03 8.916262e+03 6.999470e+03 3.736377e+03 2.943993e+03 2.384162e+03 1.682970e+03 1.292052e+03 1.053970e+03 8.987512e+02 7.930550e+02 7.188551e+02 6.656875e+02 5.552806e+02 5.524359e+02 5.925526e+02 6.580885e+02 7.435005e+02 8.479366e+02 1.122360e+03 1.513725e+03 2.074325e+03 2.871571e+03 3.981747e+03 5.482172e+03
7.974847e+03 7.974848e+03 7.974848e+03 7.974819e+03 7.974594e+03 7.882913e+03 6.247521e+03 3.411338e+03 2.727717e+03 2.239334e+03 1.608579e+03 1.246349e+03 1.024762e+03 8.793988e+02 7.797410e+02 7.094119e+02 6.588376e+02 5.538303e+02 5.526151e+02 5.934897e+02 6.594930e+02 7.452598e+02 8.500117e+02 1.125094e+03 1.517294e+03 2.079028e+03 2.877800e+03 3.989961e+03 5.492868e+03
7.145176e+03 7.145175e+03 7.145174e+03 7.145097e+03 7.144800e+03 7.066914e+03 5.636634e+03 3.133144e+03 2.533032e+03 2.104531e+03 1.539077e+03 1.204206e+03 9.966484e+02 8.604158e+02 7.665570e+02 7.000157e+02 6.520074e+02 5.524044e+02 5.528294e+02 5.944652e+02 6.609368e+02 7.470585e+02 8.521266e+02 1.127869e+03 1.520909e+03 2.083784e+03 2.884092e+03 3.998251e+03 5.503655e+03
4.769867e+03 4.769867e+03 4.769867e+03 4.769866e+03 4.769847e+03 4.726324e+03 3.823207e+03 2.241026e+03 1.859921e+03 1.594413e+03 1.247888e+03 1.029026e+03 8.808732e+02 7.784270e+02 7.066859e+02 6.559819e+02 6.194873e+02 5.458432e+02 5.544926e+02 5.999532e+02 6.687676e+02 7.566620e+02 8.633127e+02 1.142386e+03 1.539696e+03 2.108388e+03 2.916526e+03 4.040863e+03 5.558969e+03
3.707835e+03 3.707835e+03 3.707835e+03 3.707838e+03 3.707843e+03 3.674872e+03 2.977015e+03 1.783230e+03 1.499891e+03 1.301861e+03 1.048225e+03 8.952014e+02 7.919836e+02 7.177135e+02 6.631671e+02 6.231326e+02 5.940308e+02 5.408291e+02 5.573172e+02 6.065414e+02 6.776717e+02 7.673234e+02 8.755545e+02 1.158004e+03 1.559700e+03 2.134398e+03 2.950626e+03 4.085462e+03 5.616638e+03
3.138626e+03 3.138626e+03 3.138627e+03 3.138632e+03 3.138646e+03 3.110390e+03 2.511175e+03 1.512960e+03 1.284118e+03 1.125109e+03 9.213974e+02 8.010338e+02 7.236059e+02 6.696702e+02 6.299543e+02 6.000830e+02 5.777608e+02 5.384094e+02 5.615759e+02 6.143456e+02 6.877193e+02 7.790960e+02 8.888982e+02 1.174764e+03 1.580968e+03 2.161868e+03 2.986451e+03 4.132113e+03 5.676737e+03
2.785960e+03 2.785960e+03 2.785960e+03 2.785962e+03 2.785968e+03 2.760194e+03 2.219360e+03 1.339134e+03 1.144296e+03 1.010586e+03 8.400252e+02 7.393244e+02 6.759740e+02 6.339461e+02 6.045178e+02 5.830137e+02 5.670405e+02 5.401756e+02 5.676319e+02 6.235005e+02 6.989827e+02 7.920313e+02 9.033875e+02 1.192710e+03 1.603544e+03 2.190848e+03 3.024060e+03 4.180884e+03 5.739341e+03
2.549802e+03 2.549802e+03 2.549802e+03 2.549805e+03 2.549812e+03 2.525805e+03 2.024044e+03 1.222771e+03 1.050746e+03 9.342334e+02 7.870436e+02 7.002750e+02 6.458412e+02 6.106365e+02 5.873081e+02 5.714454e+02 5.604561e+02 5.461997e+02 5.760245e+02 6.341840e+02 7.115460e+02 8.061827e+02 9.190654e+02 1.211881e+03 1.627473e+03 2.221391e+03 3.063514e+03 4.231843e+03 5.804525e+03
2.387301e+03 2.387301e+03 2.387301e+03 2.387304e+03 2.387310e+03 2.364472e+03 1.889665e+03 1.143585e+03 9.876681e+02 8.833457e+02 7.530590e+02 6.767625e+02 6.288572e+02 5.980645e+02 5.782980e+02 5.657866e+02 5.580834e+02 5.551882e+02 5.875815e+02 6.466499e+02 7.255181e+02 8.216124e+02 9.359776e+02 1.232317e+03 1.652801e+03 2.253548e+03 3.104871e+03 4.285059e+03 5.872368e+03
2.272144e+03 2.272144e+03 2.272144e+03 2.272151e+03 2.272171e+03 2.250512e+03 1.795778e+03 1.090037e+03 9.458744e+02 8.504550e+02 7.326291e+02 6.643259e+02 6.215343e+02 5.940162e+02 5.765483e+02 5.659847e+02 5.602143e+02 5.663526e+02 6.020890e+02 6.612921e+02 7.410487e+02 8.383986e+02 9.541765e+02 1.254058e+03 1.679572e+03 2.287372e+03 3.148194e+03 4.340601e+03 5.942946e+03
2.198243e+03 2.198243e+03 2.198243e+03 2.198245e+03 2.198250e+03 2.176771e+03 1.733843e+03 1.055221e+03 9.196178e+02 8.307970e+02 7.223206e+02 6.601681e+02 6.214652e+02 5.965865e+02 5.808227e+02 5.714865e+02 5.668100e+02 5.793466e+02 6.189095e+02 6.786391e+02 7.583513e+02 8.566447e+02 9.737258e+02 1.277151e+03 1.707832e+03 2.322917e+03 3.193545e+03 4.398541e+03 6.016340e+03
2.145353e+03 2.145353e+03 2.145353e+03 2.145355e+03 2.145362e+03 2.124324e+03 1.691020e+03 1.033715e+03 9.047735e+02 8.210640e+02 7.198065e+02 6.624482e+02 6.270368e+02 6.043588e+02 5.899980e+02 5.815572e+02 5.775362e+02 5.941502e+02 6.375910e+02 6.984175e+02 7.777658e+02 8.764907e+02 9.947068e+02 1.301643e+03 1.737630e+03 2.360237e+03 3.240987e+03 4.458950e+03 6.092629e+03
2.110963e+03 2.110963e+03 2.110964e+03 2.110965e+03 2.110970e+03 2.090156e+03 1.663789e+03 1.022573e+03 8.987762e+02 8.190497e+02 7.234579e+02 6.698958e+02 6.371537e+02 6.163332e+02 6.031930e+02 5.955028e+02 5.919421e+02 6.108988e+02 6.578345e+02 7.202552e+02 7.996303e+02 8.981331e+02 1.017225e+03 1.327592e+03 1.769019e+03 2.399391e+03 3.290585e+03 4.521904e+03 6.171897e+03
2.087135e+03 2.087135e+03 2.087135e+03 2.087137e+03 2.087142e+03 2.066619e+03 1.646484e+03 1.018984e+03 8.994872e+02 8.230577e+02 7.320982e+02 6.816147e+02 6.510633e+02 6.318215e+02 6.197673e+02 6.127613e+02 6.095908e+02 6.297473e+02 6.794936e+02 7.438626e+02 8.236828e+02 9.218887e+02 1.041418e+03 1.355066e+03 1.802054e+03 2.440437e+03 3.342407e+03 4.587477e+03 6.254227e+03
2.072754e+03 2.072754e+03 2.072754e+03 2.072755e+03 2.072760e+03 2.052437e+03 1.637548e+03 1.021819e+03 9.059038e+02 8.321734e+02 7.449742e+02 6.970003e+02 6.682628e+02 6.503688e+02 6.392849e+02 6.329210e+02 6.301223e+02 6.508029e+02 7.025474e+02 7.690136e+02 8.496792e+02 9.479534e+02 1.067480e+03 1.384145e+03 1.836800e+03 2.483440e+03 3.396523e+03 4.655748e+03 6.339706e+03
2.067136e+03 2.067136e+03 2.067136e+03 2.067136e+03 2.067137e+03 2.046897e+03 1.636429e+03 1.030359e+03 9.172854e+02 8.457089e+02 7.615639e+02 7.156655e+02 6.884450e+02 6.716998e+02 6.614725e+02 6.557040e+02 6.532677e+02 6.741105e+02 7.270552e+02 7.955534e+02 8.774176e+02 9.761038e+02 1.095715e+03 1.414929e+03 1.873326e+03 2.528469e+03 3.453007e+03 4.726798e+03 6.428421e+03
2.065453e+03 2.065453e+03 2.065454e+03 2.065455e+03 2.065458e+03 2.045494e+03 1.639749e+03 1.043082e+03 9.326479e+02 8.630240e+02 7.815544e+02 7.374098e+02 7.114499e+02 6.956626e+02 6.861672e+02 6.809292e+02 6.788342e+02 6.996614e+02 7.531113e+02 8.233985e+02 9.067276e+02 1.006168e+03 1.126213e+03 1.447539e+03 1.911716e+03 2.575598e+03 3.511936e+03 4.800710e+03 6.520464e+03
2.068601e+03 2.068601e+03 2.068601e+03 2.068603e+03 2.068607e+03 2.048862e+03 1.647693e+03 1.060099e+03 9.520610e+02 8.841311e+02 8.048737e+02 7.621308e+02 7.371710e+02 7.221498e+02 7.132529e+02 7.084656e+02 7.066763e+02 7.274096e+02 7.808124e+02 8.525271e+02 9.374753e+02 1.038001e+03 1.158796e+03 1.482132e+03 1.952061e+03 2.624908e+03 3.573392e+03 4.877571e+03 6.615928e+03
2.077552e+03 2.077552e+03 2.077552e+03 2.077554e+03 2.077558e+03 2.057996e+03 1.661215e+03 1.081708e+03 9.755537e+02 9.089027e+02 8.313049e+02 7.896360e+02 7.654541e+02 7.510336e+02 7.426134e+02 7.381961e+02 7.366696e+02 7.572859e+02 8.102374e+02 8.829632e+02 9.695676e+02 1.071475e+03 1.193343e+03 1.518917e+03 1.994471e+03 2.676490e+03 3.637464e+03 4.957474e+03 6.714910e+03
2.089453e+03 2.089453e+03 2.089453e+03 2.089454e+03 2.089457e+03 2.070061e+03 1.678006e+03 1.106408e+03 1.001964e+03 9.364748e+02 8.603773e+02 8.196431e+02 7.961055e+02 7.821659e+02 7.741244e+02 7.700064e+02 7.687015e+02 7.892105e+02 8.414401e+02 9.147585e+02 1.002952e+03 1.106485e+03 1.229748e+03 1.558176e+03 2.039072e+03 2.730443e+03 3.704245e+03 5.040515e+03 6.817511e+03
2.100731e+03 2.100731e+03 2.100731e+03 2.100732e+03 2.100734e+03 2.081585e+03 1.695129e+03 1.133013e+03 1.030604e+03 9.664295e+02 8.918701e+02 8.519755e+02 8.289682e+02 8.154090e+02 8.076662e+02 8.037899e+02 8.026715e+02 8.231016e+02 8.744483e+02 9.479769e+02 1.037614e+03 1.142950e+03 1.267923e+03 1.599873e+03 2.086015e+03 2.786878e+03 3.773839e+03 5.126796e+03 6.923836e+03
2.113333e+03 2.113333e+03 2.113333e+03 2.113334e+03 2.113336e+03 2.094489e+03 1.714473e+03 1.162638e+03 1.062167e+03 9.991395e+02 9.257938e+02 8.865171e+02 8.639034e+02 8.506376e+02 8.431336e+02 8.394567e+02 8.384978e+02 8.588817e+02 9.092679e+02 9.826831e+02 1.073569e+03 1.180817e+03 1.307789e+03 1.643916e+03 2.135490e+03 2.845920e+03 3.846354e+03 5.216424e+03 7.033996e+03
2.127601e+03 2.127601e+03 2.127601e+03 2.127600e+03 2.127599e+03 2.109025e+03 1.736203e+03 1.195218e+03 1.096445e+03 1.034315e+03 9.618541e+02 9.230469e+02 9.007589e+02 8.877461e+02 8.804494e+02 8.769445e+02 8.761237e+02 8.964802e+02 9.458863e+02 1.018935e+03 1.110854e+03 1.220063e+03 1.349290e+03 1.690252e+03 2.187756e+03 2.907712e+03 3.921913e+03 5.309515e+03 7.148105e+03
2.138730e+03 2.138730e+03 2.138730e+03 2.138731e+03 2.138733e+03 2.120670e+03 1.757207e+03 1.229056e+03 1.132158e+03 1.071043e+03 9.996363e+02 9.613883e+02 9.394568e+02 9.266943e+02 9.195849e+02 9.162260e+02 9.155180e+02 9.358321e+02 9.842774e+02 1.056778e+03 1.149522e+03 1.260688e+03 1.392385e+03 1.738843e+03 2.243027e+03 2.972414e+03 4.000646e+03 5.406192e+03 7.266285e+03
2.147995e+03 2.147995e+03 2.147995e+03 2.147995e+03 2.147995e+03 2.130347e+03 1.776616e+03 1.263193e+03 1.168813e+03 1.109134e+03 1.039192e+03 1.001622e+03 9.800540e+02 9.675105e+02 9.605467e+02 9.572917e+02 9.566587e+02 9.768749e+02 1.024405e+03 1.096250e+03 1.189633e+03 1.302718e+03 1.437056e+03 1.789655e+03 2.301238e+03 3.040217e+03 4.082698e+03 5.506587e+03 7.388664e+03
2.155009e+03 2.155009e+03 2.155009e+03 2.155010e+03 2.155011e+03 2.137959e+03 1.795914e+03 1.299399e+03 1.207729e+03 1.149523e+03 1.080956e+03 1.043934e+03 1.022618e+03 1.010207e+03 1.003320e+03 1.000113e+03 9.995085e+02 1.019543e+03 1.066226e+03 1.137374e+03 1.231253e+03 1.346198e+03 1.483309e+03 1.842667e+03 2.362362e+03 3.111355e+03 4.168231e+03 5.610842e+03 7.515377e+03
2.161921e+03 2.161921e+03 2.161921e+03 2.161921e+03 2.161922e+03 2.145509e+03 1.816592e+03 1.338449e+03 1.249399e+03 1.192472e+03 1.124928e+03 1.088236e+03 1.067048e+03 1.054691e+03 1.047823e+03 1.044616e+03 1.043997e+03 1.063767e+03 1.109693e+03 1.180169e+03 1.274446e+03 1.391190e+03 1.531169e+03 1.897867e+03 2.426397e+03 3.186146e+03 4.257422e+03 5.719111e+03 7.646568e+03
2.167322e+03 2.167322e+03 2.167322e+03 2.167321e+03 2.167319e+03 2.151544e+03 1.837236e+03 1.379001e+03 1.292607e+03 1.236951e+03 1.170441e+03 1.134118e+03 1.113083e+03 1.100784e+03 1.093920e+03 1.090686e+03 1.090024e+03 1.109469e+03 1.154760e+03 1.224645e+03 1.319278e+03 1.437767e+03 1.580682e+03 1.955253e+03 2.493349e+03 3.264697e+03 4.350475e+03 5.831558e+03 7.782389e+03
2.168283e+03 2.168283e+03 2.168283e+03 2.168282e+03 2.168280e+03 2.153305e+03 1.855041e+03 1.418890e+03 1.335734e+03 1.281793e+03 1.216906e+03 1.181258e+03 1.160518e+03 1.148326e+03 1.141471e+03 1.138194e+03 1.137469e+03 1.156571e+03 1.201382e+03 1.270815e+03 1.365813e+03 1.486010e+03 1.631910e+03 2.014840e+03 2.563231e+03 3.346977e+03 4.447625e+03 5.948366e+03 7.923004e+03
2.165415e+03 2.165415e+03 2.165415e+03 2.165415e+03 2.165416e+03 2.151329e+03 1.870316e+03 1.458520e+03 1.379182e+03 1.327343e+03 1.264507e+03 1.229704e+03 1.209304e+03 1.197211e+03 1.190342e+03 1.187001e+03 1.186195e+03 1.204997e+03 1.249526e+03 1.318691e+03 1.414116e+03 1.536010e+03 1.684932e+03 2.076654e+03 2.636064e+03 3.433003e+03 4.549170e+03 6.069732e+03 8.068586e+03
2.160055e+03 2.160055e+03 2.160055e+03 2.160055e+03 2.160055e+03 2.146889e+03 1.884881e+03 1.499566e+03 1.424227e+03 1.374526e+03 1.313653e+03 1.279549e+03 1.259363e+03 1.247285e+03 1.240355e+03 1.236932e+03 1.236046e+03 1.254681e+03 1.299170e+03 1.368293e+03 1.464252e+03 1.587860e+03 1.739839e+03 2.140738e+03 2.711876e+03 3.522810e+03 4.655445e+03 6.195878e+03 8.219323e+03
2.153152e+03 2.153152e+03 2.153152e+03 2.153152e+03 2.153152e+03 2.141017e+03 1.899449e+03 1.542332e+03 1.471071e+03 1.423410e+03 1.364161e+03 1.330485e+03 1.310366e+03 1.298250e+03 1.291261e+03 1.287785e+03 1.286864e+03 1.305584e+03 1.350310e+03 1.419649e+03 1.516290e+03 1.641661e+03 1.796734e+03 2.207150e+03 2.790700e+03 3.616440e+03 4.766467e+03 6.327049e+03 8.375415e+03
2.145330e+03 2.145330e+03 2.145330e+03 2.145330e+03 2.145328e+03 2.134193e+03 1.914052e+03 1.586156e+03 1.518789e+03 1.472942e+03 1.415040e+03 1.381750e+03 1.361774e+03 1.349736e+03 1.342808e+03 1.339391e+03 1.338533e+03 1.357699e+03 1.402964e+03 1.472798e+03 1.570303e+03 1.697514e+03 1.855728e+03 2.275964e+03 2.872584e+03 3.713942e+03 4.882252e+03 6.463538e+03 8.537081e+03
2.133365e+03 2.133365e+03 2.133365e+03 2.133365e+03 2.133364e+03 2.123415e+03 1.926324e+03 1.628478e+03 1.565036e+03 1.521157e+03 1.465095e+03 1.432675e+03 1.413226e+03 1.401554e+03 1.394902e+03 1.391708e+03 1.391043e+03 1.411061e+03 1.457174e+03 1.527792e+03 1.626369e+03 1.755526e+03 1.916939e+03 2.347266e+03 2.957579e+03 3.815371e+03 5.002852e+03 6.605724e+03 8.704559e+03
2.118088e+03 2.118088e+03 2.118088e+03 2.118088e+03 2.118085e+03 2.109205e+03 1.934390e+03 1.667343e+03 1.608690e+03 1.567517e+03 1.514340e+03 1.483432e+03 1.464917e+03 1.453882e+03 1.447696e+03 1.444867e+03 1.444504e+03 1.465743e+03 1.513000e+03 1.584696e+03 1.684574e+03 1.815808e+03 1.980493e+03 2.421158e+03 3.045753e+03 3.920787e+03 5.128332e+03 6.753868e+03 8.878111e+03
2.097764e+03 2.097764e+03 2.097764e+03 2.097764e+03 2.097764e+03 2.090160e+03 1.939344e+03 1.705486e+03 1.652089e+03 1.613944e+03 1.564052e+03 1.534881e+03 1.517438e+03 1.507136e+03 1.501494e+03 1.499099e+03 1.499105e+03 1.521849e+03 1.570526e+03 1.643587e+03 1.745008e+03 1.878474e+03 2.046518e+03 2.497755e+03 3.137181e+03 4.030255e+03 5.258764e+03 6.907965e+03 9.058036e+03
2.077814e+03 2.077814e+03 2.077814e+03 2.077814e+03 2.077814e+03 2.071402e+03 1.944938e+03 1.745161e+03 1.697113e+03 1.661988e+03 1.615274e+03 1.587723e+03 1.571276e+03 1.561672e+03 1.556572e+03 1.554629e+03 1.555034e+03 1.579501e+03 1.629851e+03 1.704556e+03 1.807770e+03 1.943641e+03 2.115151e+03 2.577181e+03 3.231952e+03 4.143850e+03 5.394227e+03 7.068068e+03 9.244687e+03
2.058105e+03 2.058105e+03 2.058105e+03 2.058105e+03 2.058105e+03 2.052941e+03 1.951621e+03 1.786812e+03 1.744123e+03 1.711944e+03 1.668200e+03 1.642113e+03 1.626575e+03 1.617636e+03 1.613077e+03 1.611606e+03 1.612440e+03 1.638832e+03 1.691086e+03 1.767703e+03 1.872966e+03 2.011432e+03 2.186528e+03 2.659573e+03 3.330165e+03 4.261650e+03 5.534804e+03 7.234257e+03 9.438515e+03
2.038635e+03 2.038635e+03 2.038635e+03 2.038634e+03 2.038634e+03 2.034737e+03 1.959214e+03 1.829967e+03 1.792575e+03 1.763263e+03 1.722412e+03 1.697802e+03 1.683226e+03 1.675018e+03 1.671064e+03 1.670124e+03 1.671442e+03 1.699980e+03 1.754355e+03 1.833142e+03 1.940710e+03 2.081975e+03 2.260794e+03 2.745074e+03 3.431932e+03 4.383746e+03 5.680583e+03 7.406621e+03 9.639645e+03
2.018591e+03 2.018591e+03 2.018591e+03 2.018592e+03 2.018592e+03 2.016036e+03 1.966899e+03 1.873455e+03 1.841379e+03 1.815030e+03 1.777363e+03 1.754513e+03 1.741126e+03 1.733818e+03 1.730597e+03 1.730285e+03 1.732162e+03 1.763088e+03 1.819789e+03 1.900991e+03 2.011123e+03 2.155400e+03 2.338093e+03 2.833837e+03 3.537376e+03 4.510233e+03 5.831658e+03 7.585260e+03 9.848099e+03
1.999358e+03 1.999358e+03 1.999358e+03 1.999358e+03 1.999358e+03 1.998056e+03 1.974359e+03 1.916329e+03 1.889915e+03 1.866890e+03 1.832995e+03 1.812312e+03 1.800392e+03 1.794178e+03 1.791828e+03 1.792244e+03 1.794758e+03 1.828305e+03 1.887526e+03 1.971380e+03 2.084331e+03 2.231844e+03 2.418576e+03 2.926022e+03 3.646630e+03 4.641218e+03 5.988128e+03 7.770276e+03 1.006396e+04
1.980786e+03 1.980786e+03 1.980786e+03 1.980786e+03 1.980785e+03 1.980713e+03 1.982067e+03 1.959580e+03 1.939106e+03 1.919650e+03 1.889896e+03 1.871632e+03 1.861359e+03 1.856369e+03 1.854985e+03 1.856203e+03 1.859412e+03 1.895787e+03 1.957714e+03 2.044447e+03 2.160472e+03 2.311451e+03 2.502398e+03 3.021795e+03 3.759839e+03 4.776816e+03 6.150098e+03 7.961779e+03 1.028732e+04
1.962798e+03 1.962798e+03 1.962798e+03 1.962799e+03 1.962799e+03 1.964029e+03 1.991091e+03 2.004730e+03 1.990209e+03 1.974329e+03 1.948763e+03 1.932982e+03 1.924412e+03 1.920692e+03 1.920315e+03 1.922373e+03 1.926313e+03 1.965689e+03 2.030501e+03 2.120336e+03 2.239686e+03 2.394366e+03 2.589714e+03 3.121327e+03 3.877157e+03 4.917154e+03 6.317680e+03 8.159881e+03 1.051831e+04
1.947469e+03 1.947469e+03 1.947469e+03 1.947470e+03 1.947471e+03 1.949988e+03 2.002698e+03 2.052345e+03 2.043762e+03 2.031454e+03 2.010059e+03 1.996733e+03 1.989841e+03 1.987381e+03 1.988017e+03 1.990933e+03 1.995631e+03 2.038171e+03 2.106047e+03 2.199200e+03 2.322124e+03 2.480743e+03 2.680689e+03 3.224794e+03 3.998748e+03 5.062366e+03 6.490992e+03 8.364701e+03 1.075703e+04
1.935749e+03 1.935749e+03 1.935749e+03 1.935749e+03 1.935750e+03 1.939492e+03 2.017462e+03 2.102837e+03 2.100165e+03 2.091384e+03 2.074034e+03 2.063053e+03 2.057779e+03 2.056560e+03 2.058218e+03 2.062017e+03 2.067506e+03 2.113394e+03 2.184513e+03 2.281198e+03 2.407941e+03 2.570742e+03 2.775487e+03 3.332377e+03 4.124782e+03 5.212597e+03 6.670160e+03 8.576361e+03 1.100361e+04
1.925956e+03 1.925956e+03 1.925956e+03 1.925956e+03 1.925957e+03 1.930973e+03 2.034641e+03 2.156139e+03 2.159323e+03 2.153976e+03 2.140525e+03 2.131836e+03 2.128191e+03 2.128258e+03 2.130996e+03 2.135737e+03 2.142072e+03 2.191525e+03 2.266068e+03 2.366496e+03 2.497304e+03 2.664527e+03 2.874280e+03 3.444261e+03 4.255440e+03 5.368003e+03 6.855319e+03 8.794988e+03 1.125818e+04
1.918055e+03 1.918055e+03 1.918055e+03 1.918055e+03 1.918056e+03 1.924383e+03 2.054032e+03 2.211517e+03 2.220450e+03 2.218513e+03 2.209069e+03 2.202851e+03 2.201009e+03 2.202510e+03 2.206445e+03 2.212224e+03 2.219483e+03 2.272740e+03 2.350888e+03 2.455270e+03 2.590383e+03 2.762269e+03 2.977242e+03 3.560633e+03 4.390908e+03 5.528749e+03 7.046611e+03 9.020716e+03 1.152088e+04
1.913204e+03 1.913204e+03 1.913204e+03 1.913205e+03 1.913206e+03 1.920821e+03 2.075865e+03 2.268258e+03 2.282945e+03 2.284572e+03 2.279539e+03 2.276140e+03 2.276361e+03 2.279486e+03 2.284760e+03 2.291679e+03 2.299939e+03 2.357222e+03 2.439156e+03 2.547702e+03 2.687357e+03 2.864146e+03 3.084553e+03 3.681686e+03 4.531378e+03 5.695008e+03 7.244189e+03 9.253684e+03 1.179184e+04
1.912176e+03 1.912176e+03 1.912176e+03 1.912176e+03 1.912177e+03 1.920968e+03 2.099993e+03 2.326597e+03 2.347283e+03 2.352715e+03 2.352468e+03 2.352152e+03 2.354629e+03 2.359517e+03 2.366230e+03 2.374363e+03 2.383678e+03 2.445161e+03 2.531060e+03 2.643983e+03 2.788414e+03 2.970341e+03 3.196398e+03 3.807614e+03 4.677051e+03 5.866965e+03 7.448212e+03 9.494039e+03 1.207120e+04
1.914137e+03 1.914137e+03 1.914137e+03 1.914137e+03 1.914138e+03 1.924099e+03 2.126880e+03 2.387737e+03 2.414541e+03 2.423877e+03 2.428567e+03 2.431451e+03 2.436273e+03 2.442988e+03 2.451181e+03 2.460555e+03 2.470945e+03 2.536746e+03 2.626797e+03 2.744313e+03 2.893750e+03 3.081045e+03 3.312964e+03 3.938617e+03 4.828130e+03 6.044811e+03 7.658850e+03 9.741934e+03 1.235911e+04
1.918954e+03 1.918954e+03 1.918954e+03 1.918955e+03 1.918956e+03 1.930139e+03 2.157124e+03 2.452540e+03 2.485446e+03 2.498689e+03 2.508366e+03 2.514502e+03 2.521691e+03 2.530231e+03 2.539890e+03 2.550490e+03 2.561948e+03 2.632164e+03 2.726572e+03 2.848901e+03 3.003568e+03 3.196454e+03 3.434445e+03 4.074894e+03 4.984825e+03 6.228747e+03 7.876283e+03 9.997529e+03 1.265572e+04
1.928149e+03 1.928149e+03 1.928149e+03 1.928150e+03 1.928152e+03 1.940535e+03 2.191448e+03 2.521240e+03 2.560320e+03 2.577543e+03 2.592290e+03 2.601672e+03 2.611174e+03 2.621469e+03 2.632536e+03 2.644325e+03 2.656835e+03 2.731601e+03 2.830603e+03 2.957967e+03 3.118079e+03 3.316769e+03 3.561039e+03 4.216650e+03 5.147351e+03 6.418981e+03 8.100700e+03 1.026099e+04 1.296119e+04
1.942826e+03 1.942826e+03 1.942826e+03 1.942827e+03 1.942829e+03 1.956380e+03 2.230910e+03 2.594710e+03 2.639910e+03 2.661061e+03 2.680733e+03 2.693181e+03 2.704831e+03 2.716762e+03 2.729168e+03 2.742121e+03 2.755690e+03 2.835257e+03 2.939123e+03 3.071743e+03 3.237502e+03 3.442198e+03 3.692947e+03 4.364092e+03 5.315925e+03 6.615731e+03 8.332297e+03 1.053250e+04 1.327568e+04
1.962577e+03 1.962577e+03 1.962577e+03 1.962577e+03 1.962578e+03 1.977249e+03 2.275393e+03 2.673244e+03 2.724458e+03 2.749381e+03 2.773631e+03 2.788862e+03 2.802483e+03 2.815975e+03 2.829717e+03 2.843878e+03 2.858579e+03 2.943359e+03 3.052384e+03 3.190471e+03 3.362062e+03 3.572953e+03 3.830372e+03 4.517428e+03 5.490771e+03 6.819219e+03 8.571284e+03 1.081224e+04 1.359936e+04
1.984160e+03 1.984160e+03 1.984160e+03 1.984160e+03 1.984162e+03 2.000067e+03 2.322992e+03 2.755942e+03 2.813096e+03 2.841646e+03 2.870213e+03 2.888113e+03 2.903728e+03 2.918885e+03 2.934110e+03 2.949638e+03 2.965626e+03 3.056184e+03 3.170661e+03 3.314403e+03 3.491992e+03 3.709250e+03 3.973523e+03 4.676870e+03 5.672116e+03 7.029677e+03 8.817877e+03 1.110041e+04 1.393240e+04
2.007851e+03 2.007851e+03 2.007851e+03 2.007852e+03 2.007853e+03 2.025000e+03 2.372870e+03 2.841026e+03 2.904125e+03 2.936338e+03 2.969422e+03 2.990311e+03 3.008278e+03 3.025449e+03 3.042466e+03 3.059623e+03 3.077114e+03 3.174064e+03 3.294247e+03 3.443799e+03 3.627527e+03 3.851307e+03 4.122609e+03 4.842632e+03 5.860190e+03 7.247343e+03 9.072301e+03 1.139720e+04 1.427499e+04
2.034229e+03 2.034229e+03 2.034229e+03 2.034230e+03 2.034232e+03 2.052591e+03 2.424685e+03 2.927312e+03 2.996488e+03 3.032632e+03 3.070927e+03 3.095504e+03 3.116425e+03 3.136088e+03 3.155266e+03 3.174332e+03 3.193537e+03 3.297382e+03 3.423447e+03 3.578922e+03 3.768904e+03 3.999345e+03 4.277843e+03 5.014929e+03 6.055228e+03 7.472461e+03 9.334791e+03 1.170284e+04 1.462731e+04
2.063982e+03 2.063982e+03 2.063982e+03 2.063983e+03 2.063985e+03 2.083510e+03 2.479139e+03 3.015588e+03 3.091062e+03 3.131499e+03 3.175823e+03 3.204797e+03 3.229209e+03 3.251748e+03 3.273356e+03 3.294518e+03 3.315565e+03 3.426547e+03 3.558568e+03 3.720036e+03 3.916361e+03 4.153586e+03 4.439437e+03 5.193981e+03 6.257468e+03 7.705281e+03 9.605591e+03 1.201753e+04 1.498955e+04
2.097900e+03 2.097900e+03 2.097900e+03 2.097901e+03 2.097904e+03 2.118613e+03 2.537641e+03 3.108276e+03 3.190393e+03 3.235450e+03 3.286311e+03 3.320012e+03 3.348116e+03 3.373649e+03 3.397746e+03 3.421025e+03 3.443913e+03 3.561956e+03 3.699912e+03 3.867403e+03 4.070137e+03 4.314251e+03 4.607606e+03 5.380008e+03 6.467152e+03 7.946061e+03 9.884954e+03 1.234152e+04 1.536193e+04
2.137876e+03 2.137876e+03 2.137876e+03 2.137877e+03 2.137880e+03 2.159759e+03 2.602780e+03 3.208736e+03 3.297660e+03 3.347363e+03 3.404645e+03 3.442899e+03 3.474522e+03 3.502885e+03 3.529321e+03 3.554582e+03 3.579196e+03 3.703958e+03 3.847760e+03 4.021276e+03 4.230464e+03 4.481561e+03 4.782563e+03 5.573232e+03 6.684526e+03 8.195065e+03 1.017314e+04 1.267504e+04 1.574466e+04
2.182636e+03 2.182636e+03 2.182636e+03 2.182636e+03 2.182639e+03 2.205756e+03 2.674362e+03 3.318028e+03 3.414063e+03 3.468470e+03 3.531968e+03 3.574437e+03 3.609237e+03 3.640121e+03 3.668630e+03 3.695654e+03 3.721812e+03 3.852837e+03 4.002375e+03 4.181900e+03 4.397573e+03 4.655734e+03 4.964523e+03 5.773879e+03 6.909842e+03 8.452563e+03 1.047042e+04 1.301834e+04 1.613795e+04
2.230712e+03 2.230712e+03 2.230712e+03 2.230713e+03 2.230717e+03 2.255256e+03 2.751930e+03 3.436281e+03 3.539706e+03 3.598874e+03 3.668427e+03 3.714802e+03 3.752436e+03 3.785520e+03 3.815827e+03 3.844388e+03 3.871916e+03 4.008804e+03 4.163996e+03 4.349513e+03 4.571689e+03 4.836987e+03 5.153700e+03 5.982176e+03 7.143353e+03 8.718829e+03 1.077707e+04 1.337168e+04 1.654203e+04
2.284609e+03 2.284609e+03 2.284609e+03 2.284610e+03 2.284614e+03 2.310604e+03 2.836655e+03 3.563381e+03 3.674329e+03 3.738249e+03 3.813657e+03 3.863645e+03 3.903813e+03 3.938833e+03 3.970729e+03 4.000673e+03 4.029461e+03 4.172026e+03 4.332849e+03 4.524343e+03 4.753033e+03 5.025534e+03 5.350306e+03 6.198354e+03 7.385320e+03 8.994148e+03 1.109338e+04 1.373533e+04 1.695714e+04
2.345650e+03 2.345650e+03 2.345650e+03 2.345652e+03 2.345656e+03 2.373152e+03 2.929265e+03 3.699033e+03 3.817462e+03 3.886018e+03 3.966976e+03 4.020282e+03 4.062756e+03 4.099565e+03 4.132968e+03 4.164261e+03 4.194306e+03 4.342655e+03 4.509151e+03 4.706612e+03 4.941818e+03 5.221585e+03 5.554555e+03 6.422647e+03 7.636006e+03 9.278807e+03 1.141963e+04 1.410956e+04 1.738352e+04
2.415084e+03 2.415084e+03 2.415084e+03 2.415086e+03 2.415090e+03 2.444064e+03 3.030124e+03 3.842594e+03 3.968289e+03 4.041259e+03 4.127394e+03 4.183806e+03 4.228526e+03 4.267165e+03 4.302173e+03 4.334934e+03 4.366355e+03 4.520869e+03 4.693124e+03 4.896536e+03 5.138254e+03 5.425347e+03 5.766658e+03 6.655291e+03 7.895684e+03 9.573104e+03 1.175614e+04 1.449466e+04 1.782143e+04
2.493054e+03 2.493054e+03 2.493054e+03 2.493055e+03 2.493059e+03 2.523481e+03 3.138928e+03 3.992856e+03 4.125441e+03 4.202572e+03 4.293689e+03 4.353305e+03 4.400521e+03 4.441290e+03 4.478192e+03 4.512674e+03 4.545683e+03 4.706894e+03 4.884990e+03 5.094324e+03 5.342544e+03 5.637025e+03 5.986829e+03 6.896529e+03 8.164627e+03 9.877340e+03 1.210322e+04 1.489093e+04 1.827113e+04
2.578646e+03 2.578646e+03 2.578646e+03 2.578648e+03 2.578652e+03 2.610460e+03 3.253907e+03 4.147528e+03 4.286891e+03 4.368278e+03 4.464883e+03 4.528347e+03 4.578667e+03 4.622076e+03 4.661278e+03 4.697794e+03 4.732624e+03 4.901012e+03 5.084976e+03 5.300178e+03 5.554884e+03 5.856820e+03 6.215279e+03 7.146606e+03 8.443121e+03 1.019183e+04 1.246117e+04 1.529866e+04 1.873290e+04
2.671621e+03 2.671621e+03 2.671621e+03 2.671623e+03 2.671627e+03 2.704759e+03 3.374579e+03 4.306038e+03 4.452325e+03 4.538362e+03 4.641435e+03 4.709636e+03 4.763746e+03 4.810292e+03 4.852142e+03 4.890930e+03 4.927742e+03 5.103535e+03 5.293301e+03 5.514291e+03 5.775464e+03 6.084931e+03 6.452222e+03 7.405773e+03 8.731453e+03 1.051688e+04 1.283033e+04 1.571817e+04 1.920700e+04
2.773006e+03 2.773006e+03 2.773006e+03 2.773008e+03 2.773013e+03 2.807358e+03 3.501760e+03 4.469834e+03 4.623555e+03 4.714825e+03 4.825340e+03 4.898922e+03 4.957220e+03 5.007138e+03 5.051764e+03 5.092886e+03 5.131697e+03 5.314765e+03 5.510168e+03 5.736841e+03 6.004465e+03 6.321552e+03 6.697872e+03 7.674289e+03 9.029923e+03 1.085282e+04 1.321102e+04 1.614978e+04 1.969372e+04
2.882505e+03 2.882505e+03 2.882505e+03 2.882506e+03 2.882510e+03 2.917974e+03 3.635932e+03 4.641136e+03 4.803088e+03 4.900218e+03 5.018865e+03 5.098049e+03 5.160543e+03 5.213750e+03 5.261036e+03 5.304366e+03 5.345056e+03 5.534948e+03 5.735749e+03 5.967993e+03 6.242064e+03 6.566880e+03 6.952447e+03 7.952419e+03 9.338836e+03 1.119999e+04 1.360360e+04 1.659381e+04 2.019336e+04
2.997495e+03 2.997495e+03 2.997495e+03 2.997497e+03 2.997500e+03 3.034271e+03 3.778799e+03 4.824180e+03 4.994436e+03 5.097334e+03 5.223814e+03 5.308265e+03 5.374619e+03 5.430803e+03 5.480472e+03 5.525771e+03 5.568137e+03 5.764246e+03 5.970186e+03 6.207896e+03 6.488428e+03 6.821107e+03 7.216169e+03 8.240435e+03 9.658508e+03 1.155873e+04 1.400841e+04 1.705061e+04 2.070623e+04
3.117391e+03 3.117392e+03 3.117392e+03 3.117393e+03 3.117398e+03 3.155690e+03 3.930660e+03 5.020254e+03 5.198742e+03 5.307083e+03 5.440696e+03 5.529838e+03 5.599590e+03 5.658372e+03 5.710113e+03 5.757128e+03 5.800967e+03 6.002728e+03 6.213585e+03 6.456685e+03 6.743723e+03 7.084431e+03 7.489265e+03 8.538622e+03 9.989264e+03 1.192939e+04 1.442581e+04 1.752050e+04 2.123262e+04
3.243512e+03 3.243512e+03 3.243512e+03 3.243513e+03 3.243518e+03 3.283418e+03 4.091032e+03 5.227711e+03 5.414626e+03 5.528353e+03 5.668737e+03 5.762160e+03 5.834946e+03 5.896030e+03 5.949610e+03 5.998162e+03 6.043335e+03 6.250392e+03 6.466024e+03 6.714482e+03 7.008110e+03 7.357050e+03 7.771970e+03 8.847273e+03 1.033144e+04 1.231233e+04 1.485616e+04 1.800385e+04 2.177286e+04
3.376213e+03 3.376213e+03 3.376213e+03 3.376215e+03 3.376221e+03 3.417856e+03 4.259706e+03 5.445322e+03 5.640781e+03 5.759862e+03 5.906797e+03 6.004249e+03 6.079862e+03 6.143098e+03 6.198419e+03 6.248447e+03 6.294919e+03 6.507203e+03 6.727569e+03 6.981407e+03 7.281753e+03 7.639170e+03 8.064527e+03 9.166693e+03 1.068538e+04 1.270792e+04 1.529983e+04 1.850100e+04 2.232726e+04
3.518242e+03 3.518242e+03 3.518242e+03 3.518244e+03 3.518250e+03 3.561584e+03 4.437804e+03 5.672398e+03 5.876269e+03 6.000552e+03 6.153782e+03 6.255111e+03 6.333496e+03 6.398899e+03 6.456012e+03 6.507582e+03 6.555419e+03 6.773129e+03 6.998280e+03 7.257576e+03 7.564819e+03 7.931006e+03 8.367192e+03 9.497204e+03 1.105145e+04 1.311653e+04 1.575721e+04 1.901233e+04 2.289616e+04
3.670829e+03 3.670829e+03 3.670829e+03 3.670831e+03 3.670837e+03 3.715838e+03 4.625842e+03 5.908266e+03 6.120203e+03 6.249445e+03 6.408732e+03 6.513936e+03 6.595219e+03 6.662965e+03 6.722054e+03 6.775334e+03 6.824678e+03 7.048176e+03 7.278222e+03 7.543110e+03 7.857483e+03 8.232783e+03 8.680235e+03 9.839138e+03 1.143002e+04 1.353856e+04 1.622869e+04 1.953820e+04 2.347990e+04
3.833183e+03 3.833183e+03 3.833183e+03 3.833185e+03 3.833191e+03 3.879812e+03 4.822710e+03 6.151546e+03 6.371312e+03 6.505432e+03 6.670891e+03 6.780262e+03 6.864779e+03 6.935183e+03 6.996516e+03 7.051720e+03 7.102736e+03 7.332396e+03 7.567474e+03 7.838138e+03 8.159935e+03 8.544743e+03 9.003942e+03 1.019285e+04 1.182148e+04 1.397441e+04 1.671466e+04 2.007899e+04 2.407881e+04
4.004469e+03 4.004469e+03 4.004469e+03 4.004471e+03 4.004477e+03 4.052668e+03 5.027251e+03 6.401026e+03 6.628650e+03 6.767860e+03 6.940088e+03 7.054208e+03 7.142432e+03 7.215852e+03 7.279688e+03 7.336999e+03 7.389813e+03 7.625872e+03 7.866123e+03 8.142805e+03 8.472377e+03 8.867145e+03 9.338620e+03 1.055870e+04 1.222622e+04 1.442449e+04 1.721552e+04 2.063509e+04 2.469323e+04
4.185350e+03 4.185350e+03 4.185350e+03 4.185352e+03 4.185360e+03 4.235103e+03 5.240204e+03 6.657598e+03 6.893173e+03 7.037714e+03 7.217288e+03 7.336650e+03 7.428935e+03 7.505600e+03 7.572076e+03 7.631566e+03 7.686211e+03 7.928697e+03 8.174268e+03 8.457269e+03 8.795036e+03 9.200272e+03 9.684596e+03 1.093708e+04 1.264466e+04 1.488922e+04 1.773170e+04 2.120687e+04 2.532353e+04
4.378354e+03 4.378354e+03 4.378354e+03 4.378356e+03 4.378364e+03 4.429541e+03 5.463692e+03 6.923254e+03 7.166819e+03 7.316822e+03 7.504002e+03 7.628775e+03 7.725195e+03 7.805106e+03 7.874175e+03 7.935777e+03 7.992183e+03 8.240941e+03 8.492020e+03 8.781715e+03 9.128162e+03 9.544431e+03 1.004222e+04 1.132841e+04 1.307724e+04 1.536903e+04 1.826359e+04 2.179474e+04 2.597005e+04
4.582778e+03 4.582778e+03 4.582778e+03 4.582779e+03 4.582783e+03 4.635213e+03 5.697247e+03 7.198537e+03 7.450394e+03 7.606115e+03 7.801160e+03 7.931347e+03 8.031772e+03 8.114746e+03 8.186218e+03 8.249764e+03 8.307795e+03 8.562640e+03 8.819506e+03 9.116354e+03 9.472036e+03 9.899958e+03 1.041188e+04 1.173310e+04 1.352440e+04 1.586437e+04 1.881165e+04 2.239908e+04 2.663316e+04
