7.589591e+08 7.447573e+08 7.354490e+08 6.896129e+08 6.631161e+08 5.735803e+08 5.343254e+08 5.038392e+08 4.979543e+08 4.951941e+08 4.952142e+08 4.991764e+08 5.047923e+08 5.107555e+08 5.162011e+08 5.204660e+08 5.230252e+08 5.079307e+08 4.810164e+08 4.681881e+08 4.658493e+08 4.686522e+08 4.735482e+08 4.839654e+08 4.915058e+08 4.950035e+08 4.947102e+08 4.912903e+08 4.854550e+08
5.729540e+08 5.729598e+08 5.729729e+08 5.728835e+08 5.707263e+08 5.464385e+08 5.227968e+08 5.001012e+08 4.956288e+08 4.937828e+08 4.948956e+08 4.994547e+08 5.054117e+08 5.115642e+08 5.170991e+08 5.213830e+08 5.239101e+08 5.083778e+08 4.812150e+08 4.683361e+08 4.660007e+08 4.688125e+08 4.737115e+08 4.841142e+08 4.916232e+08 4.950836e+08 4.947533e+08 4.913000e+08 4.854362e+08
5.316902e+08 5.316917e+08 5.316957e+08 5.317490e+08 5.316473e+08 5.259881e+08 5.095128e+08 4.952944e+08 4.927707e+08 4.921147e+08 4.945549e+08 4.997878e+08 5.061092e+08 5.124530e+08 5.180708e+08 5.223637e+08 5.248475e+08 5.088362e+08 4.814150e+08 4.684850e+08 4.661537e+08 4.689747e+08 4.738766e+08 4.842641e+08 4.917412e+08 4.951637e+08 4.947962e+08 4.913093e+08 4.854166e+08
5.095083e+08 5.095091e+08 5.095113e+08 5.095533e+08 5.095963e+08 5.045818e+08 5.034872e+08 4.900563e+08 4.895353e+08 4.902404e+08 4.942037e+08 5.001810e+08 5.068874e+08 5.134234e+08 5.191166e+08 5.234077e+08 5.258367e+08 5.093050e+08 4.816158e+08 4.686347e+08 4.663082e+08 4.691386e+08 4.740433e+08 4.844153e+08 4.918597e+08 4.952439e+08 4.948388e+08 4.913180e+08 4.853965e+08
4.959833e+08 4.959838e+08 4.959852e+08 4.960170e+08 4.960764e+08 4.934062e+08 4.941577e+08 4.870161e+08 4.865998e+08 4.883772e+08 4.938753e+08 5.006412e+08 5.077477e+08 5.144749e+08 5.202355e+08 5.245137e+08 5.268761e+08 5.097829e+08 4.818171e+08 4.687850e+08 4.664640e+08 4.693043e+08 4.742117e+08 4.845676e+08 4.919787e+08 4.953242e+08 4.948810e+08 4.913262e+08 4.853756e+08
4.875501e+08 4.875505e+08 4.875516e+08 4.875773e+08 4.876347e+08 4.867177e+08 4.857103e+08 4.872529e+08 4.857381e+08 4.871118e+08 4.936648e+08 5.011876e+08 5.086934e+08 5.156069e+08 5.214255e+08 5.256796e+08 5.279636e+08 5.102687e+08 4.820182e+08 4.689357e+08 4.666212e+08 4.694716e+08 4.743817e+08 4.847210e+08 4.920983e+08 4.954044e+08 4.949229e+08 4.913339e+08 4.853541e+08
4.825182e+08 4.825184e+08 4.825192e+08 4.825403e+08 4.825927e+08 4.825731e+08 4.809294e+08 4.876890e+08 4.872419e+08 4.876712e+08 4.937811e+08 5.018673e+08 5.097350e+08 5.168202e+08 5.226847e+08 5.269026e+08 5.290965e+08 5.107611e+08 4.822186e+08 4.690865e+08 4.667795e+08 4.696405e+08 4.745534e+08 4.848755e+08 4.922184e+08 4.954846e+08 4.949645e+08 4.913410e+08 4.853319e+08
4.799384e+08 4.799386e+08 4.799393e+08 4.799573e+08 4.800045e+08 4.804078e+08 4.791454e+08 4.873505e+08 4.892601e+08 4.900130e+08 4.946127e+08 5.027733e+08 5.108974e+08 5.181202e+08 5.240127e+08 5.281805e+08 5.302720e+08 5.112583e+08 4.824178e+08 4.692373e+08 4.669389e+08 4.698110e+08 4.747267e+08 4.850311e+08 4.923389e+08 4.955649e+08 4.950057e+08 4.913475e+08 4.853090e+08
4.792177e+08 4.792179e+08 4.792184e+08 4.792345e+08 4.792774e+08 4.798745e+08 4.793008e+08 4.867593e+08 4.909363e+08 4.929428e+08 4.967998e+08 5.040649e+08 5.122275e+08 5.195205e+08 5.254118e+08 5.295119e+08 5.314874e+08 5.117588e+08 4.826150e+08 4.693878e+08 4.670994e+08 4.699830e+08 4.749015e+08 4.851878e+08 4.924599e+08 4.956451e+08 4.950466e+08 4.913534e+08 4.852854e+08
4.799560e+08 4.799561e+08 4.799566e+08 4.799708e+08 4.800098e+08 4.806845e+08 4.807293e+08 4.867042e+08 4.922361e+08 4.958020e+08 5.000907e+08 5.060071e+08 5.138025e+08 5.210465e+08 5.268896e+08 5.308974e+08 5.327412e+08 5.122609e+08 4.828097e+08 4.695377e+08 4.672607e+08 4.701564e+08 4.750777e+08 4.853455e+08 4.925814e+08 4.957252e+08 4.950870e+08 4.913587e+08 4.852611e+08
4.818631e+08 4.818633e+08 4.818637e+08 4.818756e+08 4.819088e+08 4.825742e+08 4.830665e+08 4.876364e+08 4.935254e+08 4.983828e+08 5.039093e+08 5.089514e+08 5.157410e+08 5.227395e+08 5.284603e+08 5.323412e+08 5.340330e+08 5.127627e+08 4.830012e+08 4.696868e+08 4.674227e+08 4.703312e+08 4.752555e+08 4.855041e+08 4.927032e+08 4.958052e+08 4.951271e+08 4.913634e+08 4.852360e+08
5.015727e+08 5.015728e+08 5.015730e+08 5.015809e+08 5.016040e+08 5.021886e+08 5.034357e+08 5.057718e+08 5.083235e+08 5.125942e+08 5.225727e+08 5.295140e+08 5.335373e+08 5.364969e+08 5.390387e+08 5.409441e+08 5.412452e+08 5.152174e+08 4.838876e+08 4.704106e+08 4.682400e+08 4.712233e+08 4.761643e+08 4.863114e+08 4.933175e+08 4.962036e+08 4.953205e+08 4.913771e+08 4.850992e+08
5.305820e+08 5.305820e+08 5.305822e+08 5.305863e+08 5.305974e+08 5.308877e+08 5.316888e+08 5.335494e+08 5.343960e+08 5.358161e+08 5.415181e+08 5.487860e+08 5.540809e+08 5.564132e+08 5.564184e+08 5.547257e+08 5.515449e+08 5.175436e+08 4.846081e+08 4.710756e+08 4.690570e+08 4.721386e+08 4.771017e+08 4.871385e+08 4.939378e+08 4.965969e+08 4.955012e+08 4.913733e+08 4.849425e+08
5.587149e+08 5.587149e+08 5.587150e+08 5.587187e+08 5.587297e+08 5.590348e+08 5.598243e+08 5.617794e+08 5.624228e+08 5.628573e+08 5.644275e+08 5.679291e+08 5.719251e+08 5.742645e+08 5.738788e+08 5.707390e+08 5.652270e+08 5.200239e+08 4.851529e+08 4.716628e+08 4.698606e+08 4.730676e+08 4.780605e+08 4.879805e+08 4.945606e+08 4.969821e+08 4.956666e+08 4.913502e+08 4.847643e+08
5.870694e+08 5.870695e+08 5.870695e+08 5.870716e+08 5.870778e+08 5.872706e+08 5.878233e+08 5.892561e+08 5.896268e+08 5.895731e+08 5.887053e+08 5.882807e+08 5.888209e+08 5.892363e+08 5.880491e+08 5.843126e+08 5.778097e+08 5.236620e+08 4.856330e+08 4.721829e+08 4.706455e+08 4.740030e+08 4.790339e+08 4.888322e+08 4.951816e+08 4.973560e+08 4.958145e+08 4.913057e+08 4.845631e+08
6.134324e+08 6.134324e+08 6.134324e+08 6.134329e+08 6.134342e+08 6.134943e+08 6.137152e+08 6.142089e+08 6.140707e+08 6.134819e+08 6.110276e+08 6.078247e+08 6.049486e+08 6.023946e+08 5.992466e+08 5.944146e+08 5.872108e+08 5.281635e+08 4.863538e+08 4.726964e+08 4.714224e+08 4.749430e+08 4.800167e+08 4.896881e+08 4.957964e+08 4.977151e+08 4.959420e+08 4.912380e+08 4.843375e+08
6.338630e+08 6.338630e+08 6.338630e+08 6.338627e+08 6.338618e+08 6.338589e+08 6.339018e+08 6.338169e+08 6.333446e+08 6.324126e+08 6.290890e+08 6.243056e+08 6.190078e+08 6.137163e+08 6.081696e+08 6.016259e+08 5.933778e+08 5.320465e+08 4.878890e+08 4.733335e+08 4.722253e+08 4.758941e+08 4.810072e+08 4.905432e+08 4.964007e+08 4.980561e+08 4.960465e+08 4.911449e+08 4.840858e+08
6.473579e+08 6.473579e+08 6.473579e+08 6.473587e+08 6.473611e+08 6.474117e+08 6.475249e+08 6.474942e+08 6.469672e+08 6.459252e+08 6.422108e+08 6.366180e+08 6.298582e+08 6.225681e+08 6.148923e+08 6.065039e+08 5.969300e+08 5.344766e+08 4.899564e+08 4.743318e+08 4.731194e+08 4.768756e+08 4.820086e+08 4.913935e+08 4.969902e+08 4.983753e+08 4.961253e+08 4.910243e+08 4.838065e+08
6.574547e+08 6.574547e+08 6.574547e+08 6.574546e+08 6.574544e+08 6.574428e+08 6.574012e+08 6.569078e+08 6.561280e+08 6.548380e+08 6.506548e+08 6.445267e+08 6.369278e+08 6.283787e+08 6.191581e+08 6.092199e+08 5.983616e+08 5.351979e+08 4.919799e+08 4.760158e+08 4.742113e+08 4.779221e+08 4.830312e+08 4.922364e+08 4.975606e+08 4.986692e+08 4.961756e+08 4.908741e+08 4.834979e+08
6.621472e+08 6.621472e+08 6.621472e+08 6.621470e+08 6.621465e+08 6.621277e+08 6.620354e+08 6.612954e+08 6.603471e+08 6.588809e+08 6.543775e+08 6.479762e+08 6.400141e+08 6.308495e+08 6.207367e+08 6.097623e+08 5.979294e+08 5.343757e+08 4.936038e+08 4.781376e+08 4.756806e+08 4.790888e+08 4.840945e+08 4.930714e+08 4.981087e+08 4.989344e+08 4.961945e+08 4.906921e+08 4.831584e+08
6.615144e+08 6.615144e+08 6.615144e+08 6.615142e+08 6.615137e+08 6.614859e+08 6.613659e+08 6.605455e+08 6.595545e+08 6.580532e+08 6.535297e+08 6.471852e+08 6.392798e+08 6.300359e+08 6.196259e+08 6.081702e+08 5.957975e+08 5.323763e+08 4.946495e+08 4.804099e+08 4.776926e+08 4.804579e+08 4.852285e+08 4.939011e+08 4.986317e+08 4.991678e+08 4.961795e+08 4.904764e+08 4.827865e+08
6.563290e+08 6.563290e+08 6.563290e+08 6.563288e+08 6.563284e+08 6.563043e+08 6.561878e+08 6.554081e+08 6.544762e+08 6.530642e+08 6.488033e+08 6.428104e+08 6.352872e+08 6.263580e+08 6.161106e+08 6.046502e+08 5.921675e+08 5.295951e+08 4.950942e+08 4.826323e+08 4.800467e+08 4.821687e+08 4.864773e+08 4.947311e+08 4.991281e+08 4.993666e+08 4.961281e+08 4.902247e+08 4.823805e+08
6.477382e+08 6.477382e+08 6.477382e+08 6.477381e+08 6.477376e+08 6.477208e+08 6.476559e+08 6.471173e+08 6.463555e+08 6.451390e+08 6.413316e+08 6.358588e+08 6.288919e+08 6.204980e+08 6.106999e+08 5.995709e+08 5.873211e+08 5.263699e+08 4.950267e+08 4.846712e+08 4.825705e+08 4.842850e+08 4.879055e+08 4.955715e+08 4.995977e+08 4.995285e+08 4.960378e+08 4.899354e+08 4.819390e+08
6.380073e+08 6.380073e+08 6.380073e+08 6.380072e+08 6.380071e+08 6.379985e+08 6.379595e+08 6.375449e+08 6.368945e+08 6.358254e+08 6.324081e+08 6.274263e+08 6.210202e+08 6.132169e+08 6.039914e+08 5.933820e+08 5.815929e+08 5.229568e+08 4.945939e+08 4.864570e+08 4.851317e+08 4.866535e+08 4.896215e+08 4.964370e+08 5.000420e+08 4.996521e+08 4.959067e+08 4.896064e+08 4.814606e+08
6.280098e+08 6.280098e+08 6.280098e+08 6.280097e+08 6.280097e+08 6.280045e+08 6.279784e+08 6.276332e+08 6.270523e+08 6.260813e+08 6.229482e+08 6.183577e+08 6.124330e+08 6.051780e+08 5.965377e+08 5.865214e+08 5.753169e+08 5.195371e+08 4.939550e+08 4.879754e+08 4.876290e+08 4.891584e+08 4.916281e+08 4.973485e+08 5.004642e+08 4.997364e+08 4.957332e+08 4.892364e+08 4.809439e+08
6.181262e+08 6.181262e+08 6.181262e+08 6.181262e+08 6.181263e+08 6.181242e+08 6.181088e+08 6.178162e+08 6.172863e+08 6.163876e+08 6.134678e+08 6.091823e+08 6.036510e+08 5.968710e+08 5.887749e+08 5.793559e+08 5.687852e+08 5.162323e+08 4.932524e+08 4.892526e+08 4.899915e+08 4.917055e+08 4.938113e+08 4.983350e+08 5.008699e+08 4.997816e+08 4.955159e+08 4.888237e+08 4.803877e+08
6.085991e+08 6.085991e+08 6.085991e+08 6.085991e+08 6.085992e+08 6.085989e+08 6.085902e+08 6.083370e+08 6.078472e+08 6.070058e+08 6.042551e+08 6.002137e+08 5.950037e+08 5.886265e+08 5.810169e+08 5.721646e+08 5.622302e+08 5.131201e+08 4.925972e+08 4.903393e+08 4.921775e+08 4.942176e+08 4.960878e+08 4.994401e+08 5.012672e+08 4.997886e+08 4.952541e+08 4.883674e+08 4.797910e+08
5.995596e+08 5.995596e+08 5.995596e+08 5.995597e+08 5.995598e+08 5.995615e+08 5.995600e+08 5.993423e+08 5.988864e+08 5.980928e+08 5.954815e+08 5.916401e+08 5.866956e+08 5.806591e+08 5.734770e+08 5.651463e+08 5.558244e+08 5.102465e+08 4.920665e+08 4.912953e+08 4.941700e+08 4.966337e+08 4.983881e+08 5.007248e+08 5.016672e+08 4.997599e+08 4.949476e+08 4.878666e+08 4.791529e+08
5.911170e+08 5.911170e+08 5.911170e+08 5.911171e+08 5.911172e+08 5.911196e+08 5.911226e+08 5.909314e+08 5.905026e+08 5.897478e+08 5.872510e+08 5.835746e+08 5.788509e+08 5.731028e+08 5.662939e+08 5.584354e+08 5.496888e+08 5.076352e+08 4.917064e+08 4.921784e+08 4.959720e+08 4.989090e+08 5.006526e+08 5.021413e+08 5.020850e+08 4.996989e+08 4.945967e+08 4.873207e+08 4.784727e+08
5.833137e+08 5.833137e+08 5.833137e+08 5.833137e+08 5.833139e+08 5.833174e+08 5.833239e+08 5.831531e+08 5.827459e+08 5.820224e+08 5.796191e+08 5.760788e+08 5.715390e+08 5.660355e+08 5.595513e+08 5.521167e+08 5.439021e+08 5.052939e+08 4.915376e+08 4.930377e+08 4.975995e+08 5.010146e+08 5.028312e+08 5.036283e+08 5.025415e+08 4.996107e+08 4.942026e+08 4.867295e+08 4.777499e+08
5.761628e+08 5.761628e+08 5.761628e+08 5.761628e+08 5.761630e+08 5.761674e+08 5.761768e+08 5.760214e+08 5.756310e+08 5.749322e+08 5.726046e+08 5.691763e+08 5.647900e+08 5.594944e+08 5.532927e+08 5.462369e+08 5.385100e+08 5.032192e+08 4.915623e+08 4.939096e+08 4.990757e+08 5.029349e+08 5.048841e+08 5.051388e+08 5.030716e+08 4.995020e+08 4.937671e+08 4.860935e+08 4.769842e+08
5.696521e+08 5.696521e+08 5.696521e+08 5.696522e+08 5.696523e+08 5.696569e+08 5.696675e+08 5.695220e+08 5.691441e+08 5.684649e+08 5.661988e+08 5.628632e+08 5.586057e+08 5.534876e+08 5.475323e+08 5.408146e+08 5.335323e+08 5.013992e+08 4.917690e+08 4.948175e+08 5.004257e+08 5.046657e+08 5.067812e+08 5.066318e+08 5.036944e+08 4.993818e+08 4.932929e+08 4.854131e+08 4.761757e+08
5.637430e+08 5.637430e+08 5.637430e+08 5.637430e+08 5.637432e+08 5.637479e+08 5.637594e+08 5.636212e+08 5.632533e+08 5.625899e+08 5.603747e+08 5.571167e+08 5.529683e+08 5.480027e+08 5.422632e+08 5.358474e+08 5.289692e+08 4.998164e+08 4.921376e+08 4.957729e+08 5.016732e+08 5.062107e+08 5.085018e+08 5.080712e+08 5.043644e+08 4.992617e+08 4.927835e+08 4.846896e+08 4.753245e+08
5.583930e+08 5.583930e+08 5.583930e+08 5.583931e+08 5.583933e+08 5.583982e+08 5.584102e+08 5.582774e+08 5.579174e+08 5.572671e+08 5.550945e+08 5.519023e+08 5.478470e+08 5.430133e+08 5.374637e+08 5.313179e+08 5.248067e+08 4.984488e+08 4.926421e+08 4.967770e+08 5.028375e+08 5.075791e+08 5.100333e+08 5.094249e+08 5.050470e+08 4.991587e+08 4.922435e+08 4.839247e+08 4.744313e+08
5.535584e+08 5.535584e+08 5.535584e+08 5.535585e+08 5.535586e+08 5.535633e+08 5.535751e+08 5.534451e+08 5.530912e+08 5.524513e+08 5.503142e+08 5.471777e+08 5.432024e+08 5.384834e+08 5.331014e+08 5.271977e+08 5.210200e+08 4.972713e+08 4.932540e+08 4.978229e+08 5.039330e+08 5.087826e+08 5.113703e+08 5.106655e+08 5.057138e+08 4.991004e+08 4.916789e+08 4.831205e+08 4.734969e+08
5.491886e+08 5.491886e+08 5.491886e+08 5.491887e+08 5.491888e+08 5.491931e+08 5.492040e+08 5.490739e+08 5.487238e+08 5.480919e+08 5.459839e+08 5.428949e+08 5.389886e+08 5.343700e+08 5.291368e+08 5.234510e+08 5.175767e+08 4.962566e+08 4.939432e+08 4.988978e+08 5.049685e+08 5.098338e+08 5.125127e+08 5.117701e+08 5.063399e+08 4.990783e+08 4.910971e+08 4.822798e+08 4.725225e+08
5.452213e+08 5.452213e+08 5.452213e+08 5.452213e+08 5.452215e+08 5.452255e+08 5.452355e+08 5.451044e+08 5.447571e+08 5.441316e+08 5.420485e+08 5.390008e+08 5.351552e+08 5.306254e+08 5.255254e+08 5.200365e+08 5.144390e+08 4.953761e+08 4.946796e+08 4.999846e+08 5.059476e+08 5.107443e+08 5.134644e+08 5.127203e+08 5.069029e+08 4.990625e+08 4.905081e+08 4.814062e+08 4.715097e+08
5.415996e+08 5.415996e+08 5.415996e+08 5.415997e+08 5.415998e+08 5.416032e+08 5.416116e+08 5.414778e+08 5.411324e+08 5.405122e+08 5.384513e+08 5.354409e+08 5.316495e+08 5.271995e+08 5.222196e+08 5.169099e+08 5.115658e+08 4.946002e+08 4.954339e+08 5.010637e+08 5.068691e+08 5.115241e+08 5.142319e+08 5.135019e+08 5.073826e+08 4.990324e+08 4.899267e+08 4.805039e+08 4.704604e+08
5.382597e+08 5.382597e+08 5.382597e+08 5.382597e+08 5.382598e+08 5.382629e+08 5.382702e+08 5.381346e+08 5.377912e+08 5.371764e+08 5.351366e+08 5.321606e+08 5.284190e+08 5.240414e+08 5.191708e+08 5.140251e+08 5.089143e+08 4.938994e+08 4.961780e+08 5.021140e+08 5.077282e+08 5.121807e+08 5.148227e+08 5.141053e+08 5.077614e+08 4.989702e+08 4.893700e+08 4.795781e+08 4.693770e+08
5.351532e+08 5.351532e+08 5.351532e+08 5.351532e+08 5.351533e+08 5.351559e+08 5.351622e+08 5.350243e+08 5.346826e+08 5.340726e+08 5.320521e+08 5.291079e+08 5.254117e+08 5.211003e+08 5.163301e+08 5.113357e+08 5.064409e+08 4.932441e+08 4.968855e+08 5.031141e+08 5.085174e+08 5.127192e+08 5.152452e+08 5.145244e+08 5.080241e+08 4.988604e+08 4.888195e+08 4.786354e+08 4.682622e+08
5.322353e+08 5.322353e+08 5.322353e+08 5.322354e+08 5.322354e+08 5.322374e+08 5.322415e+08 5.320985e+08 5.317569e+08 5.311502e+08 5.291461e+08 5.262306e+08 5.225762e+08 5.183261e+08 5.136491e+08 5.087956e+08 5.041024e+08 4.926059e+08 4.975316e+08 5.040431e+08 5.092269e+08 5.131424e+08 5.155072e+08 5.147563e+08 5.081579e+08 4.986890e+08 4.882581e+08 4.776844e+08 4.671192e+08
5.294437e+08 5.294437e+08 5.294437e+08 5.294438e+08 5.294438e+08 5.294450e+08 5.294470e+08 5.292984e+08 5.289566e+08 5.283527e+08 5.263641e+08 5.234758e+08 5.198611e+08 5.156692e+08 5.110804e+08 5.063599e+08 5.018568e+08 4.919572e+08 4.980937e+08 5.048807e+08 5.098456e+08 5.134508e+08 5.156158e+08 5.148012e+08 5.081523e+08 4.984436e+08 4.876726e+08 4.767392e+08 4.659521e+08
5.267192e+08 5.267192e+08 5.267192e+08 5.267192e+08 5.267192e+08 5.267199e+08 5.267203e+08 5.265676e+08 5.262260e+08 5.256255e+08 5.236529e+08 5.207922e+08 5.172171e+08 5.130821e+08 5.085789e+08 5.039861e+08 4.996643e+08 4.912726e+08 4.985511e+08 5.056082e+08 5.103620e+08 5.136433e+08 5.155772e+08 5.146612e+08 5.079996e+08 4.981129e+08 4.870520e+08 4.758034e+08 4.647654e+08
5.240183e+08 5.240183e+08 5.240183e+08 5.240183e+08 5.240183e+08 5.240182e+08 5.240164e+08 5.238582e+08 5.235169e+08 5.229198e+08 5.209643e+08 5.181327e+08 5.145987e+08 5.105216e+08 5.061033e+08 5.016353e+08 4.974887e+08 4.905283e+08 4.988856e+08 5.062086e+08 5.107641e+08 5.137173e+08 5.153963e+08 5.143404e+08 5.076940e+08 4.976875e+08 4.863865e+08 4.748617e+08 4.635649e+08
5.212899e+08 5.212899e+08 5.212899e+08 5.212899e+08 5.212899e+08 5.212892e+08 5.212858e+08 5.211241e+08 5.207839e+08 5.201916e+08 5.182559e+08 5.154564e+08 5.119665e+08 5.079498e+08 5.036176e+08 4.992735e+08 4.952980e+08 4.897035e+08 4.990810e+08 5.066664e+08 5.110409e+08 5.136693e+08 5.150770e+08 5.138442e+08 5.072320e+08 4.971589e+08 4.856674e+08 4.739035e+08 4.623586e+08
5.184998e+08 5.184998e+08 5.184998e+08 5.184998e+08 5.184997e+08 5.184987e+08 5.184940e+08 5.183302e+08 5.179923e+08 5.174060e+08 5.154936e+08 5.127303e+08 5.092885e+08 5.053359e+08 5.010923e+08 4.968723e+08 4.930654e+08 4.887799e+08 4.991236e+08 5.069684e+08 5.111815e+08 5.134952e+08 5.146223e+08 5.131787e+08 5.066123e+08 4.965204e+08 4.848867e+08 4.729205e+08 4.611579e+08
5.156250e+08 5.156250e+08 5.156250e+08 5.156250e+08 5.156250e+08 5.156235e+08 5.156177e+08 5.154525e+08 5.151179e+08 5.145389e+08 5.126531e+08 5.099300e+08 5.065408e+08 5.026562e+08 4.985042e+08 4.944095e+08 4.907693e+08 4.877420e+08 4.990016e+08 5.071033e+08 5.111764e+08 5.131906e+08 5.140341e+08 5.123505e+08 5.058351e+08 4.957666e+08 4.840377e+08 4.719058e+08 4.599575e+08
5.126471e+08 5.126471e+08 5.126471e+08 5.126471e+08 5.126471e+08 5.126455e+08 5.126392e+08 5.124747e+08 5.121445e+08 5.115742e+08 5.097184e+08 5.070395e+08 5.037069e+08 4.998943e+08 4.958367e+08 4.918684e+08 4.883935e+08 4.865775e+08 4.987060e+08 5.070617e+08 5.110172e+08 5.127511e+08 5.133139e+08 5.113668e+08 5.049022e+08 4.948937e+08 4.831142e+08 4.708529e+08 4.587476e+08
5.095628e+08 5.095628e+08 5.095628e+08 5.095628e+08 5.095628e+08 5.095610e+08 5.095543e+08 5.093909e+08 5.090658e+08 5.085051e+08 5.066816e+08 5.040496e+08 5.007770e+08 4.970394e+08 4.930787e+08 4.892375e+08 4.859263e+08 4.852767e+08 4.982295e+08 5.068362e+08 5.106967e+08 5.121727e+08 5.124626e+08 5.102343e+08 5.038167e+08 4.938989e+08 4.821111e+08 4.697564e+08 4.575214e+08
5.063711e+08 5.063711e+08 5.063711e+08 5.063711e+08 5.063711e+08 5.063691e+08 5.063619e+08 5.061995e+08 5.058797e+08 5.053288e+08 5.035388e+08 5.009558e+08 4.977456e+08 4.940855e+08 4.902233e+08 4.865094e+08 4.833599e+08 4.838326e+08 4.975670e+08 5.064216e+08 5.102092e+08 5.114518e+08 5.114807e+08 5.089601e+08 5.025828e+08 4.927809e+08 4.810241e+08 4.686114e+08 4.562736e+08
5.030688e+08 5.030688e+08 5.030688e+08 5.030688e+08 5.030688e+08 5.030666e+08 5.030589e+08 5.028981e+08 5.025839e+08 5.020434e+08 5.002883e+08 4.977562e+08 4.946104e+08 4.910296e+08 4.872671e+08 4.836802e+08 4.806897e+08 4.822406e+08 4.967155e+08 5.058140e+08 5.095505e+08 5.105854e+08 5.103688e+08 5.075508e+08 5.012056e+08 4.915396e+08 4.798498e+08 4.674134e+08 4.549995e+08
4.996547e+08 4.996547e+08 4.996547e+08 4.996547e+08 4.996547e+08 4.996525e+08 4.996449e+08 4.994869e+08 4.991790e+08 4.986497e+08 4.969311e+08 4.944515e+08 4.913715e+08 4.878714e+08 4.842091e+08 4.807481e+08 4.779137e+08 4.804980e+08 4.956734e+08 5.050117e+08 5.087174e+08 5.095713e+08 5.091273e+08 5.060127e+08 4.996908e+08 4.901759e+08 4.785857e+08 4.661588e+08 4.536951e+08
4.961371e+08 4.961371e+08 4.961371e+08 4.961371e+08 4.961370e+08 4.961349e+08 4.961272e+08 4.959719e+08 4.956704e+08 4.951525e+08 4.934709e+08 4.910444e+08 4.880312e+08 4.846123e+08 4.810500e+08 4.777135e+08 4.750315e+08 4.786042e+08 4.944411e+08 5.040143e+08 5.077086e+08 5.084081e+08 5.077568e+08 5.043521e+08 4.980446e+08 4.886918e+08 4.772300e+08 4.648442e+08 4.523567e+08
4.925222e+08 4.925222e+08 4.925222e+08 4.925222e+08 4.925221e+08 4.925198e+08 4.925119e+08 4.923587e+08 4.920634e+08 4.915565e+08 4.899118e+08 4.875386e+08 4.845924e+08 4.812549e+08 4.777920e+08 4.745778e+08 4.720444e+08 4.765597e+08 4.930201e+08 5.028229e+08 5.065238e+08 5.070952e+08 5.062583e+08 5.025746e+08 4.962734e+08 4.870900e+08 4.757819e+08 4.634670e+08 4.509813e+08
4.888110e+08 4.888110e+08 4.888110e+08 4.888110e+08 4.888109e+08 4.888085e+08 4.888003e+08 4.886493e+08 4.883602e+08 4.878646e+08 4.862569e+08 4.839373e+08 4.810585e+08 4.778021e+08 4.744377e+08 4.713436e+08 4.689543e+08 4.743666e+08 4.914133e+08 5.014398e+08 5.051638e+08 5.056328e+08 5.046329e+08 5.006857e+08 4.943839e+08 4.853741e+08 4.742413e+08 4.620251e+08 4.495660e+08
4.850042e+08 4.850042e+08 4.850042e+08 4.850042e+08 4.850042e+08 4.850019e+08 4.849938e+08 4.848463e+08 4.845639e+08 4.840799e+08 4.825099e+08 4.802444e+08 4.774330e+08 4.742576e+08 4.709905e+08 4.680139e+08 4.657643e+08 4.720278e+08 4.896247e+08 4.998687e+08 5.036309e+08 5.040222e+08 5.028822e+08 4.986908e+08 4.923829e+08 4.835481e+08 4.726087e+08 4.605170e+08 4.481085e+08
4.811114e+08 4.811114e+08 4.811114e+08 4.811114e+08 4.811113e+08 4.811090e+08 4.811010e+08 4.809564e+08 4.806807e+08 4.802083e+08 4.786762e+08 4.764647e+08 4.737207e+08 4.706256e+08 4.674543e+08 4.645924e+08 4.624778e+08 4.695472e+08 4.876592e+08 4.981142e+08 5.019281e+08 5.022652e+08 5.010083e+08 4.965948e+08 4.902771e+08 4.816167e+08 4.708854e+08 4.589415e+08 4.466067e+08
4.771378e+08 4.771378e+08 4.771378e+08 4.771377e+08 4.771377e+08 4.771353e+08 4.771271e+08 4.769856e+08 4.767165e+08 4.762558e+08 4.747614e+08 4.726037e+08 4.699265e+08 4.669109e+08 4.638337e+08 4.610833e+08 4.590988e+08 4.669295e+08 4.855225e+08 4.961816e+08 5.000595e+08 5.003645e+08 4.990135e+08 4.944025e+08 4.880732e+08 4.795850e+08 4.690733e+08 4.572981e+08 4.450589e+08
4.730881e+08 4.730881e+08 4.730881e+08 4.730881e+08 4.730881e+08 4.730858e+08 4.730779e+08 4.729399e+08 4.726776e+08 4.722284e+08 4.707714e+08 4.686670e+08 4.660558e+08 4.631185e+08 4.601334e+08 4.574912e+08 4.556319e+08 4.641799e+08 4.832210e+08 4.940773e+08 4.980300e+08 4.983237e+08 4.969009e+08 4.921187e+08 4.857775e+08 4.774581e+08 4.671748e+08 4.555867e+08 4.434638e+08
4.689718e+08 4.689718e+08 4.689718e+08 4.689718e+08 4.689717e+08 4.689694e+08 4.689615e+08 4.688263e+08 4.685704e+08 4.681325e+08 4.667120e+08 4.646600e+08 4.621139e+08 4.592535e+08 4.563584e+08 4.538210e+08 4.520819e+08 4.613043e+08 4.807618e+08 4.918082e+08 4.958452e+08 4.961469e+08 4.946737e+08 4.897479e+08 4.833966e+08 4.752417e+08 4.651926e+08 4.538079e+08 4.418204e+08
4.647913e+08 4.647913e+08 4.647913e+08 4.647913e+08 4.647912e+08 4.647888e+08 4.647808e+08 4.646486e+08 4.643991e+08 4.639724e+08 4.625883e+08 4.605882e+08 4.581063e+08 4.553215e+08 4.525142e+08 4.500782e+08 4.484541e+08 4.583088e+08 4.781524e+08 4.893817e+08 4.935115e+08 4.938389e+08 4.923357e+08 4.872945e+08 4.809365e+08 4.729413e+08 4.631301e+08 4.519624e+08 4.401281e+08
4.605501e+08 4.605501e+08 4.605501e+08 4.605501e+08 4.605501e+08 4.605479e+08 4.605404e+08 4.604122e+08 4.601695e+08 4.597543e+08 4.584066e+08 4.564579e+08 4.540394e+08 4.513286e+08 4.486066e+08 4.462683e+08 4.447542e+08 4.552001e+08 4.754006e+08 4.868058e+08 4.910356e+08 4.914050e+08 4.898913e+08 4.847630e+08 4.784030e+08 4.705627e+08 4.609909e+08 4.500514e+08 4.383864e+08
4.562607e+08 4.562607e+08 4.562607e+08 4.562607e+08 4.562606e+08 4.562585e+08 4.562513e+08 4.561269e+08 4.558911e+08 4.554871e+08 4.541753e+08 4.522770e+08 4.499203e+08 4.472814e+08 4.446419e+08 4.423974e+08 4.409879e+08 4.519850e+08 4.725145e+08 4.840888e+08 4.884250e+08 4.888510e+08 4.873449e+08 4.821578e+08 4.758020e+08 4.681115e+08 4.587788e+08 4.480766e+08 4.365954e+08
4.519330e+08 4.519330e+08 4.519330e+08 4.519330e+08 4.519329e+08 4.519309e+08 4.519239e+08 4.518031e+08 4.515737e+08 4.511806e+08 4.499032e+08 4.480534e+08 4.457563e+08 4.431868e+08 4.406265e+08 4.384714e+08 4.371610e+08 4.486702e+08 4.695026e+08 4.812394e+08 4.856873e+08 4.861831e+08 4.847016e+08 4.794833e+08 4.731388e+08 4.655934e+08 4.564979e+08 4.460400e+08 4.347554e+08
4.475752e+08 4.475752e+08 4.475752e+08 4.475752e+08 4.475752e+08 4.475732e+08 4.475665e+08 4.474488e+08 4.472253e+08 4.468423e+08 4.455975e+08 4.437939e+08 4.415537e+08 4.390504e+08 4.365657e+08 4.344957e+08 4.332789e+08 4.452627e+08 4.663734e+08 4.782664e+08 4.828305e+08 4.834080e+08 4.819665e+08 4.767437e+08 4.704188e+08 4.630138e+08 4.541524e+08 4.439437e+08 4.328670e+08
4.431929e+08 4.431929e+08 4.431929e+08 4.431928e+08 4.431928e+08 4.431908e+08 4.431839e+08 4.430687e+08 4.428505e+08 4.424769e+08 4.412627e+08 4.395029e+08 4.373169e+08 4.348768e+08 4.324641e+08 4.304749e+08 4.293463e+08 4.417695e+08 4.631356e+08 4.751788e+08 4.798630e+08 4.805326e+08 4.791453e+08 4.739435e+08 4.676468e+08 4.603781e+08 4.517466e+08 4.417902e+08 4.309309e+08
4.387857e+08 4.387857e+08 4.387857e+08 4.387857e+08 4.387856e+08 4.387836e+08 4.387768e+08 4.386638e+08 4.384507e+08 4.380860e+08 4.369009e+08 4.351829e+08 4.330488e+08 4.306692e+08 4.283253e+08 4.264127e+08 4.253676e+08 4.381973e+08 4.597979e+08 4.719858e+08 4.767932e+08 4.775639e+08 4.762435e+08 4.710870e+08 4.648277e+08 4.576916e+08 4.492850e+08 4.395823e+08 4.289483e+08
4.343539e+08 4.343539e+08 4.343539e+08 4.343538e+08 4.343538e+08 4.343518e+08 4.343450e+08 4.342343e+08 4.340262e+08 4.336702e+08 4.325133e+08 4.308357e+08 4.287515e+08 4.264302e+08 4.241523e+08 4.223129e+08 4.213467e+08 4.345531e+08 4.563692e+08 4.686967e+08 4.736298e+08 4.745094e+08 4.732672e+08 4.681784e+08 4.619662e+08 4.549592e+08 4.467718e+08 4.373228e+08 4.269204e+08
4.298985e+08 4.298985e+08 4.298985e+08 4.298985e+08 4.298984e+08 4.298964e+08 4.298897e+08 4.297814e+08 4.295783e+08 4.292307e+08 4.281013e+08 4.264629e+08 4.244272e+08 4.221622e+08 4.199479e+08 4.181786e+08 4.172874e+08 4.308438e+08 4.528583e+08 4.653209e+08 4.703814e+08 4.713764e+08 4.702224e+08 4.652222e+08 4.590665e+08 4.521858e+08 4.442115e+08 4.350146e+08 4.248488e+08
4.254215e+08 4.254215e+08 4.254215e+08 4.254215e+08 4.254215e+08 4.254196e+08 4.254130e+08 4.253074e+08 4.251091e+08 4.247699e+08 4.236672e+08 4.220670e+08 4.200785e+08 4.178683e+08 4.157155e+08 4.140136e+08 4.131940e+08 4.270763e+08 4.492743e+08 4.618676e+08 4.670567e+08 4.681725e+08 4.671152e+08 4.622226e+08 4.561328e+08 4.493760e+08 4.416084e+08 4.326610e+08 4.227352e+08
4.209273e+08 4.209273e+08 4.209273e+08 4.209273e+08 4.209272e+08 4.209253e+08 4.209188e+08 4.208154e+08 4.206218e+08 4.202907e+08 4.192141e+08 4.176511e+08 4.157086e+08 4.135518e+08 4.114588e+08 4.098219e+08 4.090708e+08 4.232579e+08 4.456260e+08 4.583460e+08 4.636643e+08 4.649050e+08 4.639517e+08 4.591839e+08 4.531693e+08 4.465342e+08 4.389665e+08 4.302650e+08 4.205813e+08
4.164172e+08 4.164172e+08 4.164172e+08 4.164172e+08 4.164171e+08 4.164153e+08 4.164091e+08 4.163085e+08 4.161196e+08 4.157964e+08 4.147454e+08 4.132189e+08 4.113215e+08 4.092168e+08 4.071820e+08 4.056080e+08 4.049226e+08 4.193958e+08 4.419223e+08 4.547653e+08 4.602127e+08 4.615814e+08 4.607380e+08 4.561102e+08 4.501797e+08 4.436645e+08 4.362901e+08 4.278299e+08 4.183892e+08
4.118973e+08 4.118973e+08 4.118973e+08 4.118973e+08 4.118972e+08 4.118953e+08 4.118891e+08 4.117908e+08 4.116065e+08 4.112913e+08 4.102655e+08 4.087749e+08 4.069217e+08 4.048680e+08 4.028898e+08 4.013768e+08 4.007546e+08 4.154973e+08 4.381721e+08 4.511345e+08 4.567104e+08 4.582090e+08 4.574803e+08 4.530058e+08 4.471676e+08 4.407710e+08 4.335830e+08 4.253590e+08 4.161610e+08
4.073691e+08 4.073691e+08 4.073691e+08 4.073691e+08 4.073690e+08 4.073674e+08 4.073618e+08 4.072670e+08 4.070877e+08 4.067804e+08 4.057797e+08 4.043243e+08 4.025144e+08 4.005106e+08 3.985876e+08 3.971336e+08 3.965724e+08 4.115698e+08 4.343840e+08 4.474623e+08 4.531655e+08 4.547950e+08 4.541845e+08 4.498746e+08 4.441365e+08 4.378573e+08 4.308492e+08 4.228554e+08 4.138987e+08
4.028454e+08 4.028454e+08 4.028454e+08 4.028453e+08 4.028453e+08 4.028436e+08 4.028380e+08 4.027456e+08 4.025708e+08 4.022711e+08 4.012944e+08 3.998732e+08 3.981054e+08 3.961501e+08 3.942807e+08 3.928840e+08 3.923815e+08 4.076206e+08 4.305664e+08 4.437571e+08 4.495858e+08 4.513464e+08 4.508564e+08 4.467206e+08 4.410898e+08 4.349270e+08 4.280921e+08 4.203223e+08 4.116048e+08
3.983280e+08 3.983280e+08 3.983280e+08 3.983280e+08 3.983279e+08 3.983264e+08 3.983213e+08 3.982318e+08 3.980615e+08 3.977691e+08 3.968157e+08 3.954274e+08 3.937004e+08 3.917922e+08 3.899749e+08 3.886336e+08 3.881877e+08 4.036571e+08 4.267277e+08 4.400273e+08 4.459790e+08 4.478697e+08 4.475017e+08 4.435476e+08 4.380305e+08 4.319834e+08 4.253154e+08 4.177628e+08 4.092814e+08
3.938255e+08 3.938255e+08 3.938255e+08 3.938255e+08 3.938254e+08 3.938239e+08 3.938188e+08 3.937313e+08 3.935650e+08 3.932796e+08 3.923483e+08 3.909919e+08 3.893044e+08 3.874419e+08 3.856752e+08 3.843876e+08 3.839965e+08 3.996862e+08 4.228757e+08 4.362804e+08 4.423522e+08 4.443713e+08 4.441257e+08 4.403593e+08 4.349616e+08 4.290295e+08 4.225222e+08 4.151800e+08 4.069308e+08
3.893380e+08 3.893380e+08 3.893380e+08 3.893380e+08 3.893379e+08 3.893365e+08 3.893318e+08 3.892470e+08 3.890849e+08 3.888062e+08 3.878966e+08 3.865712e+08 3.849221e+08 3.831041e+08 3.813866e+08 3.801513e+08 3.798134e+08 3.957150e+08 4.190180e+08 4.325240e+08 4.387123e+08 4.408574e+08 4.407338e+08 4.371594e+08 4.318860e+08 4.260683e+08 4.197159e+08 4.125768e+08 4.045555e+08
3.848725e+08 3.848725e+08 3.848725e+08 3.848725e+08 3.848724e+08 3.848710e+08 3.848663e+08 3.847834e+08 3.846251e+08 3.843530e+08 3.834645e+08 3.821692e+08 3.805577e+08 3.787833e+08 3.771139e+08 3.759296e+08 3.756435e+08 3.917499e+08 4.151616e+08 4.287647e+08 4.350656e+08 4.373337e+08 4.373307e+08 4.339511e+08 4.288063e+08 4.231025e+08 4.168992e+08 4.099561e+08 4.021577e+08
3.804287e+08 3.804287e+08 3.804287e+08 3.804287e+08 3.804286e+08 3.804274e+08 3.804231e+08 3.803431e+08 3.801888e+08 3.799233e+08 3.790558e+08 3.777903e+08 3.762158e+08 3.744841e+08 3.728619e+08 3.717275e+08 3.714920e+08 3.877971e+08 4.113130e+08 4.250090e+08 4.314180e+08 4.338054e+08 4.339211e+08 4.307377e+08 4.257249e+08 4.201345e+08 4.140749e+08 4.073206e+08 3.997397e+08
3.760150e+08 3.760150e+08 3.760150e+08 3.760150e+08 3.760149e+08 3.760137e+08 3.760095e+08 3.759315e+08 3.757810e+08 3.755221e+08 3.746751e+08 3.734391e+08 3.719010e+08 3.702113e+08 3.686354e+08 3.675499e+08 3.673639e+08 3.838625e+08 4.074783e+08 4.212627e+08 4.277750e+08 4.302776e+08 4.305093e+08 4.275223e+08 4.226443e+08 4.171668e+08 4.112457e+08 4.046731e+08 3.973038e+08
3.716320e+08 3.716320e+08 3.716320e+08 3.716320e+08 3.716320e+08 3.716310e+08 3.716274e+08 3.715527e+08 3.714065e+08 3.711542e+08 3.703279e+08 3.691209e+08 3.676184e+08 3.659699e+08 3.644393e+08 3.634018e+08 3.632641e+08 3.799514e+08 4.036630e+08 4.175309e+08 4.241415e+08 4.267546e+08 4.270994e+08 4.243078e+08 4.195666e+08 4.142014e+08 4.084140e+08 4.020159e+08 3.948522e+08
3.672918e+08 3.672918e+08 3.672918e+08 3.672918e+08 3.672918e+08 3.672908e+08 3.672874e+08 3.672151e+08 3.670727e+08 3.668268e+08 3.660203e+08 3.648413e+08 3.633736e+08 3.617651e+08 3.602787e+08 3.592879e+08 3.591975e+08 3.760688e+08 3.998719e+08 4.138185e+08 4.205219e+08 4.232407e+08 4.236950e+08 4.210967e+08 4.164938e+08 4.112403e+08 4.055820e+08 3.993515e+08 3.923872e+08
3.629986e+08 3.629986e+08 3.629986e+08 3.629986e+08 3.629986e+08 3.629976e+08 3.629944e+08 3.629243e+08 3.627855e+08 3.625455e+08 3.617578e+08 3.606057e+08 3.591714e+08 3.576017e+08 3.561582e+08 3.552129e+08 3.551686e+08 3.722190e+08 3.961094e+08 4.101294e+08 4.169201e+08 4.197395e+08 4.202994e+08 4.178916e+08 4.134279e+08 4.082855e+08 4.027517e+08 3.966821e+08 3.899107e+08
3.587555e+08 3.587555e+08 3.587555e+08 3.587555e+08 3.587555e+08 3.587546e+08 3.587517e+08 3.586838e+08 3.585485e+08 3.583141e+08 3.575445e+08 3.564181e+08 3.550160e+08 3.534838e+08 3.520819e+08 3.511808e+08 3.511814e+08 3.684060e+08 3.923790e+08 4.064673e+08 4.133396e+08 4.162544e+08 4.169157e+08 4.146949e+08 4.103705e+08 4.053385e+08 3.999253e+08 3.940098e+08 3.874250e+08
3.545667e+08 3.545667e+08 3.545667e+08 3.545667e+08 3.545667e+08 3.545658e+08 3.545629e+08 3.544968e+08 3.543647e+08 3.541357e+08 3.533834e+08 3.522819e+08 3.509109e+08 3.494149e+08 3.480534e+08 3.471953e+08 3.472395e+08 3.646330e+08 3.886840e+08 4.028350e+08 4.097834e+08 4.127881e+08 4.135466e+08 4.115085e+08 4.073233e+08 4.024009e+08 3.971043e+08 3.913368e+08 3.849318e+08
3.504320e+08 3.504320e+08 3.504320e+08 3.504320e+08 3.504320e+08 3.504313e+08 3.504289e+08 3.503652e+08 3.502364e+08 3.500128e+08 3.492774e+08 3.482000e+08 3.468591e+08 3.453982e+08 3.440758e+08 3.432593e+08 3.433459e+08 3.609030e+08 3.850268e+08 3.992352e+08 4.062539e+08 4.093432e+08 4.101945e+08 4.083345e+08 4.042878e+08 3.994741e+08 3.942905e+08 3.886647e+08 3.824331e+08
3.463587e+08 3.463587e+08 3.463587e+08 3.463587e+08 3.463587e+08 3.463580e+08 3.463555e+08 3.462933e+08 3.461674e+08 3.459488e+08 3.452293e+08 3.441751e+08 3.428631e+08 3.414361e+08 3.401516e+08 3.393755e+08 3.395033e+08 3.572181e+08 3.814094e+08 3.956698e+08 4.027533e+08 4.059220e+08 4.068616e+08 4.051745e+08 4.012652e+08 3.965594e+08 3.914854e+08 3.859954e+08 3.799308e+08
3.423443e+08 3.423443e+08 3.423443e+08 3.423443e+08 3.423443e+08 3.423437e+08 3.423416e+08 3.422815e+08 3.421587e+08 3.419449e+08 3.412410e+08 3.402090e+08 3.389250e+08 3.375309e+08 3.362830e+08 3.355461e+08 3.357138e+08 3.535801e+08 3.778333e+08 3.921403e+08 3.992832e+08 4.025261e+08 4.035496e+08 4.020302e+08 3.982569e+08 3.936580e+08 3.886902e+08 3.833305e+08 3.774264e+08
