3.608454e+01 3.296545e+00 1.168558e+00 1.047375e-01 3.703999e-02 5.502740e-03 7.281605e-03 1.071298e-02 1.937808e-02 4.118650e-02 1.392934e-01 3.097385e-01 5.382321e-01 8.115982e-01 1.122494e+00 1.473546e+00 1.900718e+00 2.168826e+01 2.646387e+02 1.185997e+03 2.953134e+03 5.127659e+03 7.036389e+03 8.813241e+03 8.522700e+03 7.514963e+03 6.456616e+03 5.549835e+03 4.824412e+03
1.896332e-03 1.896321e-03 1.896271e-03 1.898092e-03 2.019348e-03 5.533694e-03 7.863030e-03 1.113184e-02 2.065180e-02 4.423360e-02 1.479398e-01 3.247758e-01 5.589747e-01 8.370096e-01 1.151729e+00 1.506219e+00 1.937560e+00 2.202704e+01 2.678818e+02 1.197618e+03 2.977052e+03 5.162738e+03 7.077582e+03 8.851764e+03 8.550790e+03 7.533676e+03 6.468759e+03 5.557724e+03 4.829617e+03
7.769648e-03 7.768193e-03 7.768188e-03 7.767046e-03 7.759670e-03 8.031333e-03 8.645049e-03 1.168780e-02 2.243062e-02 4.832374e-02 1.587375e-01 3.426671e-01 5.828403e-01 8.655553e-01 1.184005e+00 1.541833e+00 1.977353e+00 2.238699e+01 2.712797e+02 1.209681e+03 3.001724e+03 5.198754e+03 7.119721e+03 8.890957e+03 8.579256e+03 7.552581e+03 6.480998e+03 5.565659e+03 4.834843e+03
9.474543e-03 9.473013e-03 9.473017e-03 9.472658e-03 9.469875e-03 9.293081e-03 9.287002e-03 1.243442e-02 2.489664e-02 5.376138e-02 1.721155e-01 3.638155e-01 6.101479e-01 8.974738e-01 1.219498e+00 1.580527e+00 2.020221e+00 2.276920e+01 2.748387e+02 1.222201e+03 3.027170e+03 5.235729e+03 7.162824e+03 8.930830e+03 8.608101e+03 7.571680e+03 6.493333e+03 5.573640e+03 4.840092e+03
9.707134e-03 9.712087e-03 9.712146e-03 9.712068e-03 9.711046e-03 9.590813e-03 9.471679e-03 1.353981e-02 2.833783e-02 6.095637e-02 1.885743e-01 3.886514e-01 6.412167e-01 9.329913e-01 1.258376e+00 1.622433e+00 2.066283e+00 2.317484e+01 2.785656e+02 1.235193e+03 3.053412e+03 5.273682e+03 7.206909e+03 8.971390e+03 8.637329e+03 7.590974e+03 6.505762e+03 5.581668e+03 4.845363e+03
9.602143e-03 9.609063e-03 9.609140e-03 9.609180e-03 9.608843e-03 9.544005e-03 9.404015e-03 1.524408e-02 3.324841e-02 7.049752e-02 2.087145e-01 4.176372e-01 6.763617e-01 9.723185e-01 1.300784e+00 1.667664e+00 2.115645e+00 2.360509e+01 2.824671e+02 1.248672e+03 3.080469e+03 5.312637e+03 7.251994e+03 9.012648e+03 8.666941e+03 7.610462e+03 6.518287e+03 5.589741e+03 4.850655e+03
9.424928e-03 9.421939e-03 9.421948e-03 9.422020e-03 9.421979e-03 9.387684e-03 9.273375e-03 1.779610e-02 4.025749e-02 8.328981e-02 2.332821e-01 4.512762e-01 7.158937e-01 1.015648e+00 1.346852e+00 1.716319e+00 2.168403e+00 2.406122e+01 2.865503e+02 1.262655e+03 3.108365e+03 5.352616e+03 7.298098e+03 9.054610e+03 8.696941e+03 7.630145e+03 6.530907e+03 5.597860e+03 4.855969e+03
9.219641e-03 9.225465e-03 9.225625e-03 9.225709e-03 9.225805e-03 9.207648e-03 9.151848e-03 2.166605e-02 5.007056e-02 1.003528e-01 2.632439e-01 4.901293e-01 7.601213e-01 1.063153e+00 1.396691e+00 1.768484e+00 2.224642e+00 2.454451e+01 2.908225e+02 1.277157e+03 3.137120e+03 5.393640e+03 7.345239e+03 9.097286e+03 8.727331e+03 7.650024e+03 6.543622e+03 5.606023e+03 4.861304e+03
9.054689e-03 9.045054e-03 9.043856e-03 9.043896e-03 9.044064e-03 9.034802e-03 9.085552e-03 2.764634e-02 6.371752e-02 1.227388e-01 2.999059e-01 5.348409e-01 8.093578e-01 1.114995e+00 1.450394e+00 1.824229e+00 2.284440e+00 2.505634e+01 2.952911e+02 1.292194e+03 3.166759e+03 5.435733e+03 7.393436e+03 9.140685e+03 8.758114e+03 7.670099e+03 6.556431e+03 5.614232e+03 4.866660e+03
8.890447e-03 8.885435e-03 8.883466e-03 8.883436e-03 8.883634e-03 8.879577e-03 9.163915e-03 3.699061e-02 8.267039e-02 1.517843e-01 3.442562e-01 5.862014e-01 8.639348e-01 1.171325e+00 1.508043e+00 1.883617e+00 2.347866e+00 2.559812e+01 2.999640e+02 1.307785e+03 3.197303e+03 5.478918e+03 7.442709e+03 9.184814e+03 8.789293e+03 7.690371e+03 6.569335e+03 5.622485e+03 4.872037e+03
8.745025e-03 8.745055e-03 8.745059e-03 8.745146e-03 8.745349e-03 8.745097e-03 9.625990e-03 5.163106e-02 1.089514e-01 1.891276e-01 3.970193e-01 6.451663e-01 9.242282e-01 1.232297e+00 1.569718e+00 1.946704e+00 2.414989e+00 2.617135e+01 3.048494e+02 1.323946e+03 3.228777e+03 5.523219e+03 7.493076e+03 9.229683e+03 8.820870e+03 7.710840e+03 6.582333e+03 5.630782e+03 4.877433e+03
8.330043e-03 8.329608e-03 8.328810e-03 8.337854e-03 8.741160e-03 5.076207e-02 1.392413e-01 3.417876e-01 4.499907e-01 5.628361e-01 8.006797e-01 1.051503e+00 1.319837e+00 1.614500e+00 1.942898e+00 2.320432e+00 2.809019e+00 2.956794e+01 3.327688e+02 1.413962e+03 3.400953e+03 5.762312e+03 7.762020e+03 9.465423e+03 8.984818e+03 7.816148e+03 6.648723e+03 5.672915e+03 4.904710e+03
1.047724e+00 1.047725e+00 1.047726e+00 1.047761e+00 1.047871e+00 1.051227e+00 1.062045e+00 1.118607e+00 1.165788e+00 1.225113e+00 1.381285e+00 1.585262e+00 1.830605e+00 2.112937e+00 2.432887e+00 2.807356e+00 3.317233e+00 3.403505e+01 3.674194e+02 1.521191e+03 3.600226e+03 6.033068e+03 8.061337e+03 9.720931e+03 9.159080e+03 7.926409e+03 6.717410e+03 5.716088e+03 4.932446e+03
1.784974e+00 1.784975e+00 1.784976e+00 1.785000e+00 1.785075e+00 1.787339e+00 1.793933e+00 1.819202e+00 1.840822e+00 1.872734e+00 1.980731e+00 2.157178e+00 2.396504e+00 2.685246e+00 3.015099e+00 3.404554e+00 3.959760e+00 3.991844e+01 4.103021e+02 1.648541e+03 3.830232e+03 6.338921e+03 8.393680e+03 9.997257e+03 9.343909e+03 8.041616e+03 6.788331e+03 5.760242e+03 4.960595e+03
2.313990e+00 2.313991e+00 2.313991e+00 2.314011e+00 2.314073e+00 2.315929e+00 2.321439e+00 2.351484e+00 2.383817e+00 2.430572e+00 2.569624e+00 2.770313e+00 3.028560e+00 3.334759e+00 3.682821e+00 4.100575e+00 4.731829e+00 4.775866e+01 4.633799e+02 1.799511e+03 4.095121e+03 6.683628e+03 8.761850e+03 1.029542e+04 9.539508e+03 8.161729e+03 6.861404e+03 5.805305e+03 4.989108e+03
2.738781e+00 2.738781e+00 2.738782e+00 2.738800e+00 2.738854e+00 2.742466e+00 2.771061e+00 2.897699e+00 2.980839e+00 3.072767e+00 3.279081e+00 3.516720e+00 3.790414e+00 4.101881e+00 4.456190e+00 4.902083e+00 5.640487e+00 5.819513e+01 5.293318e+02 1.978415e+03 4.399707e+03 7.071351e+03 9.168816e+03 1.061639e+04 9.746023e+03 8.286670e+03 6.936527e+03 5.851199e+03 5.017930e+03
3.776706e+00 3.776707e+00 3.776708e+00 3.776759e+00 3.776915e+00 3.781911e+00 3.800981e+00 3.898731e+00 3.971306e+00 4.054808e+00 4.246712e+00 4.467598e+00 4.719793e+00 5.008208e+00 5.348171e+00 5.819480e+00 6.706970e+00 7.194624e+01 6.119612e+02 2.190710e+03 4.749663e+03 7.506740e+03 9.617747e+03 1.096111e+04 9.963538e+03 8.416327e+03 7.013581e+03 5.897836e+03 5.047004e+03
5.091792e+00 5.091792e+00 5.091794e+00 5.091838e+00 5.091977e+00 5.096330e+00 5.109648e+00 5.163451e+00 5.205747e+00 5.258860e+00 5.395536e+00 5.568877e+00 5.777911e+00 6.027399e+00 6.344381e+00 6.854960e+00 7.966276e+00 9.001201e+01 7.151048e+02 2.443555e+03 5.151793e+03 7.995057e+03 1.011204e+04 1.133046e+04 1.019207e+04 8.550543e+03 7.092423e+03 5.945115e+03 5.076265e+03
6.326024e+00 6.326025e+00 6.326026e+00 6.326068e+00 6.326196e+00 6.330197e+00 6.342406e+00 6.389885e+00 6.425038e+00 6.467994e+00 6.577771e+00 6.719483e+00 6.894557e+00 7.111509e+00 7.417575e+00 8.011263e+00 9.478099e+00 1.137951e+02 8.430109e+02 2.746304e+03 5.614417e+03 8.542325e+03 1.065539e+04 1.172524e+04 1.043155e+04 8.689121e+03 7.172893e+03 5.992931e+03 5.105648e+03
7.509691e+00 7.509692e+00 7.509693e+00 7.509732e+00 7.509853e+00 7.513639e+00 7.525210e+00 7.570155e+00 7.603137e+00 7.642964e+00 7.743024e+00 7.870464e+00 8.027308e+00 8.227648e+00 8.551996e+00 9.311554e+00 1.135050e+01 1.452667e+02 1.001094e+03 3.107009e+03 6.148172e+03 9.155528e+03 1.125179e+04 1.214619e+04 1.068185e+04 8.831823e+03 7.254811e+03 6.041167e+03 5.135080e+03
8.667850e+00 8.667851e+00 8.667852e+00 8.667890e+00 8.668007e+00 8.671673e+00 8.682889e+00 8.726542e+00 8.758603e+00 8.797273e+00 8.893986e+00 9.016174e+00 9.165898e+00 9.366860e+00 9.755596e+00 1.081886e+01 1.377389e+01 1.871815e+02 1.196228e+03 3.534577e+03 6.765467e+03 9.842931e+03 1.190568e+04 1.259399e+04 1.094274e+04 8.978364e+03 7.337975e+03 6.089698e+03 5.164488e+03
9.820986e+00 9.820987e+00 9.820988e+00 9.821025e+00 9.821141e+00 9.824757e+00 9.835833e+00 9.879036e+00 9.910832e+00 9.949235e+00 1.004537e+01 1.016671e+01 1.031652e+01 1.053810e+01 1.106513e+01 1.265877e+01 1.707160e+01 2.433645e+02 1.437179e+03 4.039631e+03 7.475307e+03 1.061499e+04 1.262198e+04 1.306921e+04 1.121391e+04 9.128419e+03 7.422166e+03 6.138391e+03 5.193793e+03
1.098659e+01 1.098659e+01 1.098659e+01 1.098663e+01 1.098674e+01 1.099036e+01 1.100146e+01 1.104489e+01 1.107693e+01 1.111570e+01 1.121297e+01 1.133598e+01 1.149203e+01 1.176463e+01 1.255700e+01 1.505818e+01 2.178258e+01 3.191100e+02 1.735114e+03 4.634696e+03 8.287554e+03 1.148176e+04 1.340639e+04 1.357238e+04 1.149498e+04 9.281621e+03 7.507149e+03 6.187107e+03 5.222917e+03
1.218034e+01 1.218034e+01 1.218034e+01 1.218038e+01 1.218049e+01 1.218418e+01 1.219548e+01 1.223977e+01 1.227251e+01 1.231219e+01 1.241193e+01 1.253834e+01 1.270906e+01 1.308857e+01 1.437424e+01 1.841684e+01 2.880095e+01 4.217370e+02 2.104198e+03 5.334518e+03 9.213085e+03 1.244876e+04 1.426618e+04 1.410391e+04 1.178547e+04 9.437562e+03 7.592669e+03 6.235701e+03 5.251777e+03
1.341737e+01 1.341737e+01 1.341738e+01 1.341741e+01 1.341754e+01 1.342133e+01 1.343297e+01 1.347872e+01 1.351261e+01 1.355372e+01 1.365692e+01 1.378798e+01 1.398960e+01 1.458724e+01 1.678327e+01 2.343802e+01 3.961182e+01 5.613633e+02 2.562262e+03 6.156384e+03 1.026361e+04 1.352173e+04 1.520592e+04 1.466419e+04 1.208482e+04 9.595800e+03 7.678463e+03 6.284023e+03 5.280290e+03
1.471303e+01 1.471303e+01 1.471303e+01 1.471307e+01 1.471320e+01 1.471713e+01 1.472926e+01 1.477703e+01 1.481247e+01 1.485541e+01 1.496211e+01 1.509846e+01 1.536750e+01 1.641105e+01 2.028612e+01 3.136435e+01 5.668946e+01 7.519730e+02 3.131584e+03 7.120368e+03 1.145154e+04 1.470612e+04 1.622604e+04 1.525362e+04 1.239240e+04 9.755860e+03 7.764252e+03 6.331921e+03 5.308371e+03
1.608313e+01 1.608313e+01 1.608313e+01 1.608317e+01 1.608331e+01 1.608745e+01 1.610023e+01 1.615057e+01 1.618778e+01 1.623236e+01 1.633930e+01 1.648114e+01 1.690523e+01 1.886624e+01 2.584005e+01 4.440271e+01 8.416961e+01 1.012876e+03 3.839752e+03 8.249425e+03 1.278978e+04 1.600671e+04 1.732669e+04 1.587282e+04 1.270752e+04 9.917242e+03 7.849752e+03 6.379238e+03 5.335938e+03
1.754446e+01 1.754446e+01 1.754446e+01 1.754450e+01 1.754464e+01 1.754905e+01 1.756258e+01 1.761557e+01 1.765346e+01 1.769652e+01 1.778965e+01 1.794082e+01 1.873661e+01 2.259576e+01 3.528805e+01 6.649144e+01 1.289860e+02 1.370677e+03 4.720570e+03 9.569275e+03 1.429135e+04 1.742718e+04 1.850701e+04 1.652282e+04 1.302944e+04 1.007942e+04 7.934672e+03 6.425821e+03 5.362908e+03
1.911471e+01 1.911471e+01 1.911471e+01 1.911476e+01 1.911490e+01 1.911950e+01 1.913358e+01 1.918314e+01 1.921164e+01 1.923697e+01 1.927379e+01 1.946894e+01 2.118184e+01 2.897955e+01 5.220727e+01 1.046881e+02 2.027906e+02 1.861868e+03 5.814892e+03 1.110797e+04 1.596878e+04 1.896980e+04 1.976479e+04 1.720077e+04 1.335742e+04 1.024188e+04 8.018721e+03 6.471515e+03 5.389200e+03
2.079609e+01 2.079609e+01 2.079609e+01 2.079612e+01 2.079619e+01 2.079829e+01 2.080294e+01 2.079317e+01 2.076696e+01 2.072529e+01 2.063249e+01 2.106596e+01 2.507084e+01 4.103108e+01 8.358621e+01 1.716791e+02 3.251882e+02 2.536141e+03 7.171177e+03 1.289500e+04 1.783329e+04 2.063488e+04 2.109627e+04 1.790268e+04 1.369077e+04 1.040406e+04 8.101610e+03 6.516170e+03 5.414736e+03
2.231550e+01 2.231550e+01 2.231549e+01 2.231508e+01 2.231400e+01 2.228697e+01 2.221043e+01 2.197157e+01 2.183401e+01 2.169364e+01 2.152504e+01 2.297580e+01 3.264905e+01 6.539595e+01 1.431247e+02 2.902905e+02 5.291357e+02 3.460366e+03 8.845421e+03 1.495988e+04 1.989359e+04 2.242033e+04 2.249591e+04 1.862424e+04 1.402915e+04 1.056547e+04 8.183058e+03 6.559642e+03 5.439441e+03
2.187169e+01 2.187169e+01 2.187169e+01 2.187170e+01 2.187171e+01 2.187152e+01 2.185998e+01 2.175670e+01 2.167198e+01 2.158064e+01 2.182010e+01 2.663578e+01 4.991019e+01 1.166916e+02 2.576388e+02 5.014975e+02 8.698111e+02 4.722897e+03 1.089995e+04 1.732989e+04 2.215455e+04 2.432107e+04 2.395628e+04 1.936065e+04 1.437169e+04 1.072559e+04 8.262795e+03 6.601793e+03 5.463246e+03
2.079137e+01 2.079137e+01 2.079137e+01 2.079137e+01 2.079138e+01 2.079174e+01 2.079277e+01 2.079026e+01 2.078211e+01 2.081047e+01 2.256918e+01 3.712890e+01 9.213203e+01 2.267047e+02 4.793063e+02 8.783848e+02 1.438787e+03 6.437217e+03 1.340037e+04 2.002713e+04 2.461562e+04 2.632844e+04 2.546793e+04 2.010656e+04 1.471562e+04 1.088401e+04 8.340569e+03 6.642495e+03 5.486087e+03
1.984984e+01 1.984984e+01 1.984984e+01 1.984984e+01 1.984987e+01 1.985052e+01 1.985242e+01 1.986004e+01 1.989361e+01 2.021384e+01 2.744847e+01 6.958596e+01 1.971418e+02 4.638290e+02 9.087234e+02 1.549751e+03 2.385572e+03 8.742831e+03 1.640988e+04 2.306459e+04 2.726914e+04 2.842977e+04 2.701938e+04 2.085613e+04 1.505827e+04 1.104041e+04 8.416153e+03 6.681632e+03 5.507906e+03
1.904914e+01 1.904914e+01 1.904914e+01 1.904915e+01 1.904917e+01 1.905000e+01 1.905254e+01 1.907692e+01 1.936687e+01 2.136085e+01 4.965862e+01 1.687955e+02 4.579894e+02 9.737462e+02 1.736806e+03 2.737544e+03 3.947127e+03 1.179967e+04 1.998027e+04 2.644176e+04 3.009882e+04 3.060800e+04 2.859716e+04 2.160312e+04 1.539703e+04 1.119472e+04 8.489350e+03 6.719102e+03 5.528653e+03
1.838787e+01 1.838787e+01 1.838787e+01 1.838788e+01 1.838791e+01 1.838886e+01 1.839179e+01 1.865712e+01 2.128393e+01 3.337434e+01 1.416196e+02 4.684470e+02 1.101310e+03 2.060156e+03 3.314272e+03 4.807935e+03 6.479159e+03 1.577056e+04 2.413954e+04 3.014002e+04 3.307859e+04 3.284163e+04 3.018601e+04 2.234100e+04 1.572928e+04 1.134612e+04 8.560007e+03 6.754818e+03 5.548286e+03
1.786020e+01 1.786020e+01 1.786020e+01 1.786021e+01 1.786025e+01 1.786139e+01 1.786558e+01 2.226285e+01 4.562413e+01 1.158193e+02 5.127633e+02 1.360784e+03 2.660058e+03 4.323833e+03 6.242374e+03 8.315710e+03 1.046426e+04 2.078642e+04 2.887732e+04 3.411885e+04 3.617208e+04 3.510492e+04 3.176913e+04 2.306310e+04 1.605239e+04 1.149329e+04 8.628030e+03 6.788713e+03 5.566773e+03
1.746411e+01 1.746411e+01 1.746411e+01 1.746412e+01 1.746417e+01 1.746551e+01 1.770611e+01 9.313611e+01 2.840853e+02 6.527317e+02 1.967928e+03 3.921382e+03 6.273223e+03 8.817182e+03 1.141173e+04 1.396919e+04 1.643877e+04 2.689341e+04 3.413112e+04 3.831375e+04 3.933304e+04 3.736847e+04 3.332862e+04 2.376280e+04 1.636383e+04 1.163511e+04 8.693438e+03 6.820741e+03 5.584090e+03
1.719953e+01 1.719953e+01 1.719953e+01 1.719954e+01 1.719957e+01 1.801395e+01 9.121571e+01 1.264173e+03 2.431338e+03 3.863900e+03 7.140774e+03 1.055233e+04 1.384663e+04 1.692765e+04 1.976972e+04 2.237665e+04 2.476342e+04 3.399399e+04 3.977815e+04 4.263709e+04 4.250684e+04 3.960024e+04 3.484604e+04 2.443363e+04 1.666115e+04 1.177055e+04 8.756315e+03 6.850884e+03 5.600227e+03
5.895410e+03 5.895476e+03 5.895683e+03 5.902317e+03 5.923047e+03 6.582053e+03 8.395123e+03 1.299045e+04 1.521197e+04 1.728811e+04 2.099722e+04 2.419016e+04 2.696692e+04 2.940863e+04 3.157624e+04 3.351525e+04 3.526010e+04 4.180943e+04 4.563776e+04 4.698251e+04 4.563312e+04 4.176687e+04 3.630300e+04 2.506950e+04 1.694203e+04 1.189865e+04 8.816139e+03 6.879153e+03 5.615184e+03
4.661636e+04 4.661633e+04 4.661623e+04 4.661315e+04 4.660353e+04 4.629771e+04 4.548543e+04 4.390893e+04 4.345592e+04 4.321861e+04 4.321526e+04 4.359948e+04 4.418394e+04 4.486269e+04 4.557614e+04 4.629041e+04 4.698597e+04 4.989674e+04 5.148736e+04 5.123269e+04 4.864931e+04 4.383520e+04 3.768185e+04 2.566480e+04 1.720439e+04 1.201856e+04 8.872421e+03 6.905607e+03 5.628974e+03
6.989638e+04 6.989637e+04 6.989633e+04 6.989513e+04 6.989136e+04 6.977090e+04 6.939277e+04 6.786586e+04 6.684479e+04 6.578279e+04 6.379677e+04 6.217337e+04 6.093153e+04 6.000961e+04 5.933524e+04 5.884624e+04 5.849385e+04 5.773095e+04 5.708995e+04 5.526968e+04 5.149474e+04 4.577392e+04 3.896638e+04 2.621459e+04 1.744637e+04 1.212947e+04 8.924770e+03 6.930398e+03 5.641628e+03
8.087211e+04 8.087210e+04 8.087209e+04 8.087162e+04 8.087017e+04 8.082366e+04 8.067727e+04 8.002963e+04 7.949680e+04 7.883178e+04 7.722253e+04 7.546019e+04 7.373942e+04 7.216063e+04 7.075906e+04 6.953495e+04 6.847255e+04 6.482298e+04 6.222645e+04 5.898572e+04 5.411466e+04 4.755522e+04 4.014240e+04 2.671471e+04 1.766636e+04 1.223071e+04 8.972851e+03 6.953544e+03 5.653189e+03
8.692647e+04 8.692647e+04 8.692646e+04 8.692628e+04 8.692570e+04 8.690726e+04 8.684604e+04 8.654533e+04 8.627828e+04 8.591864e+04 8.491892e+04 8.361288e+04 8.212558e+04 8.057424e+04 7.904273e+04 7.758151e+04 7.621574e+04 7.081916e+04 6.672370e+04 6.229272e+04 5.646373e+04 4.915604e+04 4.119830e+04 2.716182e+04 1.786310e+04 1.232169e+04 9.016380e+03 6.974799e+03 5.663728e+03
9.065344e+04 9.065344e+04 9.065343e+04 9.065319e+04 9.065243e+04 9.062820e+04 9.055356e+04 9.027009e+04 9.006097e+04 8.980113e+04 8.910865e+04 8.817716e+04 8.703927e+04 8.575633e+04 8.439349e+04 8.300557e+04 8.163262e+04 7.554380e+04 7.047122e+04 6.512856e+04 5.850849e+04 5.055907e+04 4.212540e+04 2.755353e+04 1.803562e+04 1.240196e+04 9.055122e+03 6.993998e+03 5.673344e+03
9.216095e+04 9.216095e+04 9.216094e+04 9.216077e+04 9.216022e+04 9.214253e+04 9.208644e+04 9.186341e+04 9.170012e+04 9.150271e+04 9.099722e+04 9.032808e+04 8.949103e+04 8.850467e+04 8.740269e+04 8.622322e+04 8.500137e+04 7.898437e+04 7.342434e+04 6.745960e+04 6.022861e+04 5.175331e+04 4.291814e+04 2.788837e+04 1.818329e+04 1.247116e+04 9.088888e+03 7.011021e+03 5.682195e+03
9.202365e+04 9.202365e+04 9.202364e+04 9.202358e+04 9.202336e+04 9.201636e+04 9.199087e+04 9.186849e+04 9.176862e+04 9.164187e+04 9.130366e+04 9.084277e+04 9.024984e+04 8.952597e+04 8.868420e+04 8.774564e+04 8.673434e+04 8.124455e+04 7.559604e+04 6.927951e+04 6.161675e+04 5.273405e+04 4.357412e+04 2.816578e+04 1.830580e+04 1.252907e+04 9.117540e+03 7.025777e+03 5.690237e+03
9.109373e+04 9.109373e+04 9.109373e+04 9.109367e+04 9.109346e+04 9.108694e+04 9.106618e+04 9.098174e+04 9.091648e+04 9.083403e+04 9.061144e+04 9.030137e+04 8.989215e+04 8.937712e+04 8.875747e+04 8.804176e+04 8.724333e+04 8.249175e+04 7.704247e+04 7.060520e+04 6.267748e+04 5.350254e+04 4.409395e+04 2.838611e+04 1.840318e+04 1.257560e+04 9.140986e+03 7.038202e+03 5.697375e+03
8.965156e+04 8.965156e+04 8.965156e+04 8.965151e+04 8.965137e+04 8.964680e+04 8.963241e+04 8.957415e+04 8.952948e+04 8.947346e+04 8.932299e+04 8.911270e+04 8.883154e+04 8.847019e+04 8.802365e+04 8.749236e+04 8.688135e+04 8.291490e+04 7.784685e+04 7.147138e+04 6.342535e+04 5.406532e+04 4.448097e+04 2.855049e+04 1.847574e+04 1.261076e+04 9.159184e+03 7.048255e+03 5.703560e+03
8.790677e+04 8.790677e+04 8.790677e+04 8.790674e+04 8.790666e+04 8.790402e+04 8.789542e+04 8.785802e+04 8.782786e+04 8.778939e+04 8.768535e+04 8.754001e+04 8.734513e+04 8.709185e+04 8.677298e+04 8.638454e+04 8.592607e+04 8.269661e+04 7.810504e+04 7.192456e+04 6.388253e+04 5.443324e+04 4.474086e+04 2.866081e+04 1.852408e+04 1.263469e+04 9.172140e+03 7.055917e+03 5.708763e+03
8.602770e+04 8.602770e+04 8.602770e+04 8.602767e+04 8.602757e+04 8.602447e+04 8.601501e+04 8.598073e+04 8.595649e+04 8.592726e+04 8.585178e+04 8.574902e+04 8.561223e+04 8.543375e+04 8.520631e+04 8.492423e+04 8.458403e+04 8.199824e+04 7.791460e+04 7.201757e+04 6.407644e+04 5.462051e+04 4.488121e+04 2.871956e+04 1.854905e+04 1.264764e+04 9.179904e+03 7.061189e+03 5.712971e+03
8.402088e+04 8.402088e+04 8.402088e+04 8.402087e+04 8.402084e+04 8.401989e+04 8.401658e+04 8.399999e+04 8.398579e+04 8.396734e+04 8.391668e+04 8.384525e+04 8.374890e+04 8.362225e+04 8.345934e+04 8.325454e+04 8.300320e+04 8.095410e+04 7.736736e+04 7.180509e+04 6.403745e+04 5.464357e+04 4.491104e+04 2.872975e+04 1.855170e+04 1.264994e+04 9.182574e+03 7.064093e+03 5.716184e+03
8.202608e+04 8.202608e+04 8.202608e+04 8.202607e+04 8.202605e+04 8.202527e+04 8.202265e+04 8.201104e+04 8.200140e+04 8.198871e+04 8.195303e+04 8.190177e+04 8.183220e+04 8.174062e+04 8.162244e+04 8.147273e+04 8.128673e+04 7.967135e+04 7.654523e+04 7.134024e+04 6.379701e+04 5.452024e+04 4.484037e+04 2.869477e+04 1.853328e+04 1.264202e+04 9.180288e+03 7.064672e+03 5.718412e+03
8.006958e+04 8.006958e+04 8.006958e+04 8.006957e+04 8.006955e+04 8.006871e+04 8.006582e+04 8.005361e+04 8.004428e+04 8.003280e+04 8.000295e+04 7.996269e+04 7.990986e+04 7.984155e+04 7.975411e+04 7.964334e+04 7.950480e+04 7.823280e+04 7.551849e+04 7.067235e+04 6.338613e+04 5.426879e+04 4.467973e+04 2.861829e+04 1.849516e+04 1.262439e+04 9.173223e+03 7.062986e+03 5.719676e+03
7.814027e+04 7.814027e+04 7.814027e+04 7.814026e+04 7.814022e+04 7.813911e+04 7.813570e+04 7.812356e+04 7.811521e+04 7.810538e+04 7.808098e+04 7.804928e+04 7.800862e+04 7.795684e+04 7.789118e+04 7.780828e+04 7.770428e+04 7.670088e+04 7.434556e+04 6.984567e+04 6.283420e+04 5.390731e+04 4.443986e+04 2.850419e+04 1.843883e+04 1.259763e+04 9.161591e+03 7.059113e+03 5.720004e+03
7.623060e+04 7.623060e+04 7.623060e+04 7.623060e+04 7.623060e+04 7.623045e+04 7.622979e+04 7.622540e+04 7.622118e+04 7.621545e+04 7.619927e+04 7.617636e+04 7.614597e+04 7.610690e+04 7.605735e+04 7.599485e+04 7.591626e+04 7.512175e+04 7.307386e+04 6.889880e+04 6.216835e+04 5.345313e+04 4.413135e+04 2.835638e+04 1.836585e+04 1.256237e+04 9.145635e+03 7.053148e+03 5.719435e+03
7.439770e+04 7.439770e+04 7.439770e+04 7.439769e+04 7.439769e+04 7.439749e+04 7.439683e+04 7.439373e+04 7.439094e+04 7.438708e+04 7.437560e+04 7.435864e+04 7.433571e+04 7.430604e+04 7.426842e+04 7.422103e+04 7.416131e+04 7.352896e+04 7.174109e+04 6.786466e+04 6.141297e+04 5.292253e+04 4.376442e+04 2.817880e+04 1.827783e+04 1.251925e+04 9.125627e+03 7.045200e+03 5.718014e+03
7.264131e+04 7.264131e+04 7.264131e+04 7.264131e+04 7.264130e+04 7.264109e+04 7.264027e+04 7.263619e+04 7.263288e+04 7.262876e+04 7.261813e+04 7.260404e+04 7.258595e+04 7.256307e+04 7.253436e+04 7.249831e+04 7.245282e+04 7.194656e+04 7.037671e+04 6.677077e+04 6.058955e+04 5.233041e+04 4.334872e+04 2.797531e+04 1.817637e+04 1.246899e+04 9.101859e+03 7.035392e+03 5.715796e+03
7.094843e+04 7.094843e+04 7.094843e+04 7.094843e+04 7.094841e+04 7.094789e+04 7.094626e+04 7.094054e+04 7.093698e+04 7.093308e+04 7.092420e+04 7.091330e+04 7.089966e+04 7.088251e+04 7.086095e+04 7.083380e+04 7.079929e+04 7.039147e+04 6.900333e+04 6.563976e+04 5.971672e+04 5.169019e+04 4.289321e+04 2.774961e+04 1.806309e+04 1.241230e+04 9.074646e+03 7.023861e+03 5.712842e+03
6.929696e+04 6.929696e+04 6.929696e+04 6.929697e+04 6.929698e+04 6.929735e+04 6.929794e+04 6.929858e+04 6.929836e+04 6.929761e+04 6.929426e+04 6.928825e+04 6.927942e+04 6.926748e+04 6.925193e+04 6.923191e+04 6.920603e+04 6.887533e+04 6.763805e+04 6.448990e+04 5.881031e+04 5.101379e+04 4.240607e+04 2.750526e+04 1.793956e+04 1.234989e+04 9.044313e+03 7.010752e+03 5.709217e+03
6.773392e+04 6.773392e+04 6.773392e+04 6.773392e+04 6.773394e+04 6.773440e+04 6.773556e+04 6.773805e+04 6.773880e+04 6.773903e+04 6.773783e+04 6.773441e+04 6.772876e+04 6.772068e+04 6.770978e+04 6.769534e+04 6.767619e+04 6.740592e+04 6.629351e+04 6.333575e+04 5.788365e+04 5.031162e+04 4.189470e+04 2.724559e+04 1.780730e+04 1.228250e+04 9.011198e+03 6.996222e+03 5.704996e+03
6.626778e+04 6.626778e+04 6.626778e+04 6.626777e+04 6.626776e+04 6.626734e+04 6.626605e+04 6.626220e+04 6.626028e+04 6.625852e+04 6.625536e+04 6.625211e+04 6.624808e+04 6.624265e+04 6.623524e+04 6.622512e+04 6.621118e+04 6.598811e+04 6.497881e+04 6.218870e+04 5.694775e+04 4.959269e+04 4.136568e+04 2.697369e+04 1.766778e+04 1.221082e+04 8.975645e+03 6.980434e+03 5.700255e+03
6.483864e+04 6.483864e+04 6.483864e+04 6.483864e+04 6.483865e+04 6.483872e+04 6.483877e+04 6.483865e+04 6.483850e+04 6.483829e+04 6.483771e+04 6.483672e+04 6.483500e+04 6.483213e+04 6.482765e+04 6.482095e+04 6.481105e+04 6.462461e+04 6.370030e+04 6.105751e+04 5.601162e+04 4.886464e+04 4.082481e+04 2.669243e+04 1.752239e+04 1.213556e+04 8.938001e+03 6.963556e+03 5.695079e+03
6.347518e+04 6.347518e+04 6.347518e+04 6.347519e+04 6.347520e+04 6.347563e+04 6.347687e+04 6.348063e+04 6.348253e+04 6.348423e+04 6.348685e+04 6.348840e+04 6.348889e+04 6.348819e+04 6.348600e+04 6.348187e+04 6.347497e+04 6.331647e+04 6.246215e+04 5.994871e+04 5.508248e+04 4.813394e+04 4.027715e+04 2.640440e+04 1.737244e+04 1.205739e+04 8.898612e+03 6.945763e+03 5.689553e+03
6.220382e+04 6.220382e+04 6.220382e+04 6.220382e+04 6.220382e+04 6.220376e+04 6.220364e+04 6.220388e+04 6.220433e+04 6.220498e+04 6.220658e+04 6.220818e+04 6.220932e+04 6.220963e+04 6.220875e+04 6.220623e+04 6.220130e+04 6.206353e+04 6.126684e+04 5.886711e+04 5.416608e+04 4.740598e+04 3.972707e+04 2.611198e+04 1.721915e+04 1.197696e+04 8.857821e+03 6.927231e+03 5.683767e+03
6.098904e+04 6.098904e+04 6.098904e+04 6.098904e+04 6.098903e+04 6.098897e+04 6.098884e+04 6.098878e+04 6.098895e+04 6.098930e+04 6.099043e+04 6.099182e+04 6.099300e+04 6.099358e+04 6.099319e+04 6.099142e+04 6.098757e+04 6.086466e+04 6.011557e+04 5.781606e+04 5.326687e+04 4.668519e+04 3.917830e+04 2.581727e+04 1.706365e+04 1.189490e+04 8.815967e+03 6.908139e+03 5.677815e+03
5.982564e+04 5.982564e+04 5.982564e+04 5.982564e+04 5.982565e+04 5.982587e+04 5.982653e+04 5.982861e+04 5.982977e+04 5.983092e+04 5.983302e+04 5.983470e+04 5.983581e+04 5.983621e+04 5.983571e+04 5.983403e+04 5.983057e+04 5.971804e+04 5.900857e+04 5.679779e+04 5.238827e+04 4.597518e+04 3.863400e+04 2.552218e+04 1.690701e+04 1.181180e+04 8.773379e+03 6.888667e+03 5.671792e+03
5.872793e+04 5.872793e+04 5.872793e+04 5.872794e+04 5.872794e+04 5.872810e+04 5.872851e+04 5.872986e+04 5.873069e+04 5.873150e+04 5.873286e+04 5.873366e+04 5.873384e+04 5.873337e+04 5.873220e+04 5.873011e+04 5.872656e+04 5.862141e+04 5.794540e+04 5.581363e+04 5.153282e+04 4.527885e+04 3.809684e+04 2.522839e+04 1.675018e+04 1.172821e+04 8.730376e+03 6.868991e+03 5.665793e+03
5.768574e+04 5.768574e+04 5.768574e+04 5.768574e+04 5.768574e+04 5.768577e+04 5.768583e+04 5.768581e+04 5.768565e+04 5.768537e+04 5.768448e+04 5.768325e+04 5.768177e+04 5.768004e+04 5.767798e+04 5.767534e+04 5.767159e+04 5.757228e+04 5.692515e+04 5.486430e+04 5.070236e+04 4.459852e+04 3.756905e+04 2.493737e+04 1.659404e+04 1.164466e+04 8.687269e+03 6.849288e+03 5.659918e+03
5.668684e+04 5.668684e+04 5.668684e+04 5.668684e+04 5.668683e+04 5.668662e+04 5.668605e+04 5.668408e+04 5.668275e+04 5.668131e+04 5.667838e+04 5.667564e+04 5.667312e+04 5.667073e+04 5.666830e+04 5.666552e+04 5.666186e+04 5.656821e+04 5.594662e+04 5.394998e+04 4.989817e+04 4.393598e+04 3.705245e+04 2.465043e+04 1.643939e+04 1.156163e+04 8.644353e+03 6.829732e+03 5.654262e+03
5.571438e+04 5.571438e+04 5.571438e+04 5.571437e+04 5.571437e+04 5.571412e+04 5.571336e+04 5.571097e+04 5.570971e+04 5.570852e+04 5.570644e+04 5.570467e+04 5.570305e+04 5.570141e+04 5.569960e+04 5.569741e+04 5.569435e+04 5.560691e+04 5.500852e+04 5.307054e+04 4.912111e+04 4.329264e+04 3.654855e+04 2.436871e+04 1.628697e+04 1.147959e+04 8.601912e+03 6.810493e+03 5.648926e+03
5.476113e+04 5.476113e+04 5.476113e+04 5.476113e+04 5.476115e+04 5.476152e+04 5.476246e+04 5.476489e+04 5.476616e+04 5.476734e+04 5.476926e+04 5.477045e+04 5.477098e+04 5.477092e+04 5.477035e+04 5.476917e+04 5.476705e+04 5.468637e+04 5.410950e+04 5.222561e+04 4.837169e+04 4.266953e+04 3.605857e+04 2.409318e+04 1.613742e+04 1.139895e+04 8.560217e+03 6.791737e+03 5.644006e+03
5.386345e+04 5.386345e+04 5.386345e+04 5.386346e+04 5.386347e+04 5.386386e+04 5.386501e+04 5.386855e+04 5.387046e+04 5.387225e+04 5.387528e+04 5.387748e+04 5.387895e+04 5.387981e+04 5.388012e+04 5.387983e+04 5.387862e+04 5.380486e+04 5.324828e+04 5.141466e+04 4.765017e+04 4.206745e+04 3.558350e+04 2.382470e+04 1.599132e+04 1.132012e+04 8.519523e+03 6.773624e+03 5.639598e+03
5.302741e+04 5.302741e+04 5.302741e+04 5.302741e+04 5.302740e+04 5.302720e+04 5.302668e+04 5.302555e+04 5.302516e+04 5.302494e+04 5.302504e+04 5.302564e+04 5.302646e+04 5.302728e+04 5.302792e+04 5.302821e+04 5.302774e+04 5.296083e+04 5.242364e+04 5.063712e+04 4.695663e+04 4.148696e+04 3.512412e+04 2.356402e+04 1.584922e+04 1.124345e+04 8.480071e+03 6.756309e+03 5.635799e+03
5.221313e+04 5.221313e+04 5.221313e+04 5.221313e+04 5.221313e+04 5.221292e+04 5.221230e+04 5.221057e+04 5.220980e+04 5.220923e+04 5.220877e+04 5.220906e+04 5.220983e+04 5.221081e+04 5.221183e+04 5.221266e+04 5.221292e+04 5.215292e+04 5.163446e+04 4.989234e+04 4.629101e+04 4.092846e+04 3.468107e+04 2.331176e+04 1.571158e+04 1.116926e+04 8.442091e+03 6.739943e+03 5.632702e+03
5.141467e+04 5.141467e+04 5.141467e+04 5.141467e+04 5.141468e+04 5.141499e+04 5.141585e+04 5.141827e+04 5.141957e+04 5.142082e+04 5.142309e+04 5.142506e+04 5.142682e+04 5.142850e+04 5.143014e+04 5.143166e+04 5.143274e+04 5.137995e+04 5.087974e+04 4.917970e+04 4.565317e+04 4.039219e+04 3.425483e+04 2.306847e+04 1.557883e+04 1.109788e+04 8.405796e+03 6.724669e+03 5.630397e+03
5.066352e+04 5.066352e+04 5.066352e+04 5.066352e+04 5.066353e+04 5.066385e+04 5.066476e+04 5.066759e+04 5.066915e+04 5.067065e+04 5.067330e+04 5.067554e+04 5.067758e+04 5.067962e+04 5.068178e+04 5.068401e+04 5.068599e+04 5.064088e+04 5.015856e+04 4.849860e+04 4.504290e+04 3.987833e+04 3.384579e+04 2.283463e+04 1.545134e+04 1.102958e+04 8.371386e+03 6.710625e+03 5.628976e+03
4.996067e+04 4.996067e+04 4.996067e+04 4.996067e+04 4.996066e+04 4.996050e+04 4.996007e+04 4.995908e+04 4.995870e+04 4.995847e+04 4.995852e+04 4.995927e+04 4.996072e+04 4.996283e+04 4.996551e+04 4.996858e+04 4.997163e+04 4.993487e+04 4.947017e+04 4.784846e+04 4.445997e+04 3.938696e+04 3.345425e+04 2.261064e+04 1.532946e+04 1.096462e+04 8.339051e+03 6.697942e+03 5.628524e+03
4.927410e+04 4.927410e+04 4.927410e+04 4.927410e+04 4.927410e+04 4.927393e+04 4.927341e+04 4.927184e+04 4.927110e+04 4.927055e+04 4.927025e+04 4.927114e+04 4.927318e+04 4.927621e+04 4.928005e+04 4.928445e+04 4.928895e+04 4.926131e+04 4.881389e+04 4.722874e+04 4.390412e+04 3.891810e+04 3.308042e+04 2.239685e+04 1.521348e+04 1.090323e+04 8.308966e+03 6.686746e+03 5.629126e+03
4.859812e+04 4.859812e+04 4.859812e+04 4.859812e+04 4.859813e+04 4.859840e+04 4.859910e+04 4.860101e+04 4.860213e+04 4.860336e+04 4.860628e+04 4.860991e+04 4.861433e+04 4.861951e+04 4.862532e+04 4.863158e+04 4.863787e+04 4.861975e+04 4.818912e+04 4.663897e+04 4.337509e+04 3.847174e+04 3.272450e+04 2.219355e+04 1.510368e+04 1.084562e+04 8.281294e+03 6.677154e+03 5.630863e+03
4.795902e+04 4.795902e+04 4.795902e+04 4.795903e+04 4.795903e+04 4.795932e+04 4.796018e+04 4.796343e+04 4.796568e+04 4.796821e+04 4.797396e+04 4.798040e+04 4.798739e+04 4.799487e+04 4.800274e+04 4.801087e+04 4.801890e+04 4.800985e+04 4.759535e+04 4.607867e+04 4.287261e+04 3.804786e+04 3.238660e+04 2.200101e+04 1.500030e+04 1.079200e+04 8.256189e+03 6.669280e+03 5.633814e+03
4.736378e+04 4.736378e+04 4.736378e+04 4.736378e+04 4.736379e+04 4.736406e+04 4.736488e+04 4.736811e+04 4.737047e+04 4.737326e+04 4.737989e+04 4.738755e+04 4.739590e+04 4.740473e+04 4.741392e+04 4.742332e+04 4.743262e+04 4.743125e+04 4.703207e+04 4.554742e+04 4.239645e+04 3.764639e+04 3.206685e+04 2.181947e+04 1.490356e+04 1.074255e+04 8.233791e+03 6.663230e+03 5.638054e+03
4.680957e+04 4.680957e+04 4.680957e+04 4.680958e+04 4.680958e+04 4.680985e+04 4.681066e+04 4.681378e+04 4.681602e+04 4.681867e+04 4.682503e+04 4.683252e+04 4.684084e+04 4.684979e+04 4.685925e+04 4.686906e+04 4.687892e+04 4.688346e+04 4.649881e+04 4.504484e+04 4.194636e+04 3.726729e+04 3.176532e+04 2.164912e+04 1.481367e+04 1.069743e+04 8.214233e+03 6.659104e+03 5.643654e+03
4.629420e+04 4.629420e+04 4.629420e+04 4.629421e+04 4.629422e+04 4.629444e+04 4.629509e+04 4.629759e+04 4.629940e+04 4.630156e+04 4.630682e+04 4.631317e+04 4.632044e+04 4.632853e+04 4.633738e+04 4.634690e+04 4.635677e+04 4.636584e+04 4.599507e+04 4.457056e+04 4.152214e+04 3.691050e+04 3.148208e+04 2.149015e+04 1.473080e+04 1.065680e+04 8.197639e+03 6.656998e+03 5.650685e+03
4.581157e+04 4.581157e+04 4.581157e+04 4.581157e+04 4.581158e+04 4.581173e+04 4.581218e+04 4.581393e+04 4.581522e+04 4.581676e+04 4.582055e+04 4.582527e+04 4.583100e+04 4.583779e+04 4.584570e+04 4.585464e+04 4.586432e+04 4.587760e+04 4.552042e+04 4.412426e+04 4.112360e+04 3.657596e+04 3.121720e+04 2.134272e+04 1.465511e+04 1.062079e+04 8.184122e+03 6.656999e+03 5.659211e+03
4.535510e+04 4.535510e+04 4.535510e+04 4.535510e+04 4.535511e+04 4.535525e+04 4.535563e+04 4.535679e+04 4.535752e+04 4.535837e+04 4.536057e+04 4.536369e+04 4.536804e+04 4.537380e+04 4.538107e+04 4.538977e+04 4.539958e+04 4.541802e+04 4.507444e+04 4.370567e+04 4.075056e+04 3.626365e+04 3.097075e+04 2.120699e+04 1.458677e+04 1.058954e+04 8.173789e+03 6.659192e+03 5.669295e+03
4.492024e+04 4.492024e+04 4.492024e+04 4.492024e+04 4.492024e+04 4.492021e+04 4.492012e+04 4.491990e+04 4.491990e+04 4.492007e+04 4.492113e+04 4.492353e+04 4.492754e+04 4.493335e+04 4.494099e+04 4.495033e+04 4.496100e+04 4.498661e+04 4.465683e+04 4.331456e+04 4.040292e+04 3.597354e+04 3.074278e+04 2.108310e+04 1.452591e+04 1.056317e+04 8.166737e+03 6.663655e+03 5.680997e+03
4.449550e+04 4.449550e+04 4.449550e+04 4.449550e+04 4.449550e+04 4.449547e+04 4.449538e+04 4.449538e+04 4.449565e+04 4.449621e+04 4.449834e+04 4.450210e+04 4.450770e+04 4.451521e+04 4.452463e+04 4.453576e+04 4.454822e+04 4.458317e+04 4.426740e+04 4.295075e+04 4.008056e+04 3.570563e+04 3.053339e+04 2.097118e+04 1.447266e+04 1.054178e+04 8.163060e+03 6.670461e+03 5.694373e+03
4.408111e+04 4.408111e+04 4.408111e+04 4.408112e+04 4.408113e+04 4.408144e+04 4.408231e+04 4.408508e+04 4.408693e+04 4.408911e+04 4.409458e+04 4.410170e+04 4.411058e+04 4.412122e+04 4.413353e+04 4.414734e+04 4.416225e+04 4.420788e+04 4.390604e+04 4.261412e+04 3.978343e+04 3.545994e+04 3.034265e+04 2.087139e+04 1.442715e+04 1.052549e+04 8.162841e+03 6.679679e+03 5.709476e+03
