1.693775e+04 1.227192e+04 9.917850e+03 5.303690e+03 4.270967e+03 3.073294e+03 2.742087e+03 2.626314e+03 2.619625e+03 2.622096e+03 2.648626e+03 2.703453e+03 2.784665e+03 2.889071e+03 3.013718e+03 3.156328e+03 3.315270e+03 4.327706e+03 5.692762e+03 7.388954e+03 9.187370e+03 1.055762e+04 1.104980e+04 1.008874e+04 8.809537e+03 8.114863e+03 7.977069e+03 8.296753e+03 9.018548e+03
3.082567e+03 3.082575e+03 3.082575e+03 3.079854e+03 3.061399e+03 2.813615e+03 2.661677e+03 2.614300e+03 2.613951e+03 2.619473e+03 2.649522e+03 2.707155e+03 2.790930e+03 2.897639e+03 3.024324e+03 3.168745e+03 3.329313e+03 4.348257e+03 5.718018e+03 7.416255e+03 9.212753e+03 1.057729e+04 1.106232e+04 1.009156e+04 8.809628e+03 8.115171e+03 7.978629e+03 8.300022e+03 9.023801e+03
2.618177e+03 2.618178e+03 2.618178e+03 2.617825e+03 2.615834e+03 2.615782e+03 2.592434e+03 2.600769e+03 2.607150e+03 2.616123e+03 2.650391e+03 2.711326e+03 2.797969e+03 2.907150e+03 3.035962e+03 3.182233e+03 3.344441e+03 4.369852e+03 5.744231e+03 7.444380e+03 9.238766e+03 1.059737e+04 1.107505e+04 1.009441e+04 8.809717e+03 8.115484e+03 7.980209e+03 8.303325e+03 9.029103e+03
2.530480e+03 2.530486e+03 2.530502e+03 2.530882e+03 2.531661e+03 2.540151e+03 2.592405e+03 2.588080e+03 2.599270e+03 2.611821e+03 2.651144e+03 2.715980e+03 2.805833e+03 2.917665e+03 3.048687e+03 3.196843e+03 3.360700e+03 4.392517e+03 5.771420e+03 7.473341e+03 9.265419e+03 1.061786e+04 1.108801e+04 1.009730e+04 8.809803e+03 8.115801e+03 7.981809e+03 8.306663e+03 9.034453e+03
2.570011e+03 2.570014e+03 2.570023e+03 2.570237e+03 2.570699e+03 2.563588e+03 2.590213e+03 2.587655e+03 2.592661e+03 2.607077e+03 2.651802e+03 2.721157e+03 2.814578e+03 2.929238e+03 3.062550e+03 3.212620e+03 3.378131e+03 4.416280e+03 5.799604e+03 7.503151e+03 9.292718e+03 1.063877e+04 1.110119e+04 1.010021e+04 8.809888e+03 8.116124e+03 7.983429e+03 8.310036e+03 9.039853e+03
2.591374e+03 2.591376e+03 2.591381e+03 2.591516e+03 2.591817e+03 2.587189e+03 2.585734e+03 2.602549e+03 2.595483e+03 2.604388e+03 2.652755e+03 2.726982e+03 2.824281e+03 2.941930e+03 3.077602e+03 3.229607e+03 3.396769e+03 4.441164e+03 5.828800e+03 7.533823e+03 9.320670e+03 1.066010e+04 1.111460e+04 1.010316e+04 8.809970e+03 8.116452e+03 7.985069e+03 8.313444e+03 9.045303e+03
2.600516e+03 2.600517e+03 2.600521e+03 2.600622e+03 2.600868e+03 2.599242e+03 2.586617e+03 2.614356e+03 2.608359e+03 2.609860e+03 2.655077e+03 2.733772e+03 2.835078e+03 2.955818e+03 3.093894e+03 3.247844e+03 3.416651e+03 4.467191e+03 5.859025e+03 7.565366e+03 9.349284e+03 1.068186e+04 1.112823e+04 1.010614e+04 8.810050e+03 8.116785e+03 7.986729e+03 8.316888e+03 9.050802e+03
2.604320e+03 2.604321e+03 2.604324e+03 2.604396e+03 2.604570e+03 2.604223e+03 2.590413e+03 2.616903e+03 2.620915e+03 2.623087e+03 2.660911e+03 2.742131e+03 2.847200e+03 2.971011e+03 3.111489e+03 3.267374e+03 3.437808e+03 4.494382e+03 5.890294e+03 7.597794e+03 9.378564e+03 1.070404e+04 1.114208e+04 1.010915e+04 8.810128e+03 8.117124e+03 7.988410e+03 8.320369e+03 9.056352e+03
2.604721e+03 2.604721e+03 2.604723e+03 2.604781e+03 2.604924e+03 2.605324e+03 2.594113e+03 2.613093e+03 2.628598e+03 2.637776e+03 2.673869e+03 2.753073e+03 2.861016e+03 2.987671e+03 3.130471e+03 3.288248e+03 3.460276e+03 4.522757e+03 5.922623e+03 7.631115e+03 9.408519e+03 1.072666e+04 1.115617e+04 1.011219e+04 8.810203e+03 8.117468e+03 7.990112e+03 8.323885e+03 9.061952e+03
2.603432e+03 2.603433e+03 2.603435e+03 2.603483e+03 2.603605e+03 2.604454e+03 2.596637e+03 2.607963e+03 2.631729e+03 2.650784e+03 2.692870e+03 2.768232e+03 2.877084e+03 3.006033e+03 3.150952e+03 3.310527e+03 3.484094e+03 4.552333e+03 5.956025e+03 7.665341e+03 9.439153e+03 1.074971e+04 1.117048e+04 1.011527e+04 8.810275e+03 8.117818e+03 7.991835e+03 8.327438e+03 9.067604e+03
2.601633e+03 2.601633e+03 2.601635e+03 2.601675e+03 2.601779e+03 2.602885e+03 2.598201e+03 2.605087e+03 2.633110e+03 2.661617e+03 2.715176e+03 2.789757e+03 2.896203e+03 3.026427e+03 3.173087e+03 3.334293e+03 3.509313e+03 4.583128e+03 5.990513e+03 7.700480e+03 9.470472e+03 1.077320e+04 1.118502e+04 1.011837e+04 8.810345e+03 8.118174e+03 7.993579e+03 8.331028e+03 9.073307e+03
2.615726e+03 2.615726e+03 2.615727e+03 2.615753e+03 2.615825e+03 2.618540e+03 2.630792e+03 2.667958e+03 2.698434e+03 2.741340e+03 2.846061e+03 2.950875e+03 3.057725e+03 3.178522e+03 3.319096e+03 3.480653e+03 3.659328e+03 4.756004e+03 6.179665e+03 7.890174e+03 9.637518e+03 1.089724e+04 1.126117e+04 1.013434e+04 8.810648e+03 8.120045e+03 8.002632e+03 8.349548e+03 9.102611e+03
2.849321e+03 2.849321e+03 2.849323e+03 2.849368e+03 2.849502e+03 2.853090e+03 2.862879e+03 2.896478e+03 2.919221e+03 2.949136e+03 3.037250e+03 3.152588e+03 3.277201e+03 3.406353e+03 3.544600e+03 3.697041e+03 3.866420e+03 4.962667e+03 6.397712e+03 8.103863e+03 9.822339e+03 1.103243e+04 1.134305e+04 1.015100e+04 8.810864e+03 8.122078e+03 8.012259e+03 8.369046e+03 9.133264e+03
3.160044e+03 3.160044e+03 3.160045e+03 3.160075e+03 3.160166e+03 3.162867e+03 3.170716e+03 3.197177e+03 3.214626e+03 3.236074e+03 3.300031e+03 3.398934e+03 3.525112e+03 3.665978e+03 3.815014e+03 3.972234e+03 4.140385e+03 5.209210e+03 6.646408e+03 8.342378e+03 1.002530e+04 1.117882e+04 1.143058e+04 1.016829e+04 8.810972e+03 8.124290e+03 8.022494e+03 8.389567e+03 9.165317e+03
3.475263e+03 3.475264e+03 3.475264e+03 3.475289e+03 3.475363e+03 3.477576e+03 3.484029e+03 3.508752e+03 3.526930e+03 3.549003e+03 3.608237e+03 3.695543e+03 3.813546e+03 3.955749e+03 4.113346e+03 4.280647e+03 4.456137e+03 5.509533e+03 6.928773e+03 8.606722e+03 1.024668e+04 1.133639e+04 1.152362e+04 1.018610e+04 8.810950e+03 8.126695e+03 8.033372e+03 8.411156e+03 9.198823e+03
3.792887e+03 3.792887e+03 3.792888e+03 3.792909e+03 3.792973e+03 3.795255e+03 3.804620e+03 3.841647e+03 3.866513e+03 3.894626e+03 3.960720e+03 4.045123e+03 4.154533e+03 4.289902e+03 4.446720e+03 4.618930e+03 4.802021e+03 5.865281e+03 7.250557e+03 8.898483e+03 1.048686e+04 1.150506e+04 1.162198e+04 1.020432e+04 8.810775e+03 8.129311e+03 8.044931e+03 8.433862e+03 9.233834e+03
4.209529e+03 4.209529e+03 4.209530e+03 4.209557e+03 4.209639e+03 4.212171e+03 4.220213e+03 4.253334e+03 4.277095e+03 4.304704e+03 4.370057e+03 4.450391e+03 4.550943e+03 4.675737e+03 4.824556e+03 4.993844e+03 5.179028e+03 6.263670e+03 7.622169e+03 9.220382e+03 1.074645e+04 1.168477e+04 1.172546e+04 1.022285e+04 8.810429e+03 8.132159e+03 8.057208e+03 8.457731e+03 9.270405e+03
4.684600e+03 4.684600e+03 4.684601e+03 4.684626e+03 4.684704e+03 4.687100e+03 4.694364e+03 4.722309e+03 4.742764e+03 4.767329e+03 4.827828e+03 4.903181e+03 4.996093e+03 5.110647e+03 5.249050e+03 5.410524e+03 5.592121e+03 6.695779e+03 8.041509e+03 9.577292e+03 1.102658e+04 1.187559e+04 1.183387e+04 1.024158e+04 8.809894e+03 8.135263e+03 8.070246e+03 8.482816e+03 9.308593e+03
5.178564e+03 5.178564e+03 5.178565e+03 5.178589e+03 5.178663e+03 5.180971e+03 5.188009e+03 5.215560e+03 5.235725e+03 5.259850e+03 5.319117e+03 5.392365e+03 5.480913e+03 5.588166e+03 5.717385e+03 5.869894e+03 6.044760e+03 7.157064e+03 8.500418e+03 9.976282e+03 1.132921e+04 1.207783e+04 1.194710e+04 1.026042e+04 8.809165e+03 8.138651e+03 8.084087e+03 8.509168e+03 9.348454e+03
5.698046e+03 5.698046e+03 5.698047e+03 5.698078e+03 5.698171e+03 5.700896e+03 5.708777e+03 5.737577e+03 5.757995e+03 5.782183e+03 5.841239e+03 5.913818e+03 6.000380e+03 6.103337e+03 6.225951e+03 6.370666e+03 6.538162e+03 7.647031e+03 8.992421e+03 1.041272e+04 1.165802e+04 1.229213e+04 1.206516e+04 1.027930e+04 8.808247e+03 8.142358e+03 8.098781e+03 8.536841e+03 9.390047e+03
6.259236e+03 6.259237e+03 6.259237e+03 6.259260e+03 6.259331e+03 6.261539e+03 6.268276e+03 6.294541e+03 6.313872e+03 6.337156e+03 6.394977e+03 6.466907e+03 6.552661e+03 6.653546e+03 6.772171e+03 6.911215e+03 7.072293e+03 8.167718e+03 9.512552e+03 1.087998e+04 1.201649e+04 1.251973e+04 1.218823e+04 1.029820e+04 8.807162e+03 8.146427e+03 8.114379e+03 8.565894e+03 9.433432e+03
6.844668e+03 6.844668e+03 6.844669e+03 6.844691e+03 6.844760e+03 6.846907e+03 6.853527e+03 6.879424e+03 6.898495e+03 6.921532e+03 6.979087e+03 7.051186e+03 7.137264e+03 7.237862e+03 7.354807e+03 7.490491e+03 7.646846e+03 8.722043e+03 1.005757e+04 1.137207e+04 1.239881e+04 1.276331e+04 1.231676e+04 1.031717e+04 8.805956e+03 8.150913e+03 8.130939e+03 8.596386e+03 9.478674e+03
7.457952e+03 7.457952e+03 7.457953e+03 7.457976e+03 7.458045e+03 7.460221e+03 7.466917e+03 7.493302e+03 7.512760e+03 7.536227e+03 7.594722e+03 7.667934e+03 7.755287e+03 7.856924e+03 7.974005e+03 8.108379e+03 8.261836e+03 9.312675e+03 1.062572e+04 1.188339e+04 1.279901e+04 1.302355e+04 1.245167e+04 1.033630e+04 8.804698e+03 8.155880e+03 8.148525e+03 8.628383e+03 9.525836e+03
8.105701e+03 8.105702e+03 8.105702e+03 8.105726e+03 8.105801e+03 8.108139e+03 8.115267e+03 8.142604e+03 8.162494e+03 8.186381e+03 8.245787e+03 8.320198e+03 8.409153e+03 8.512573e+03 8.631030e+03 8.765677e+03 8.917810e+03 9.941457e+03 1.121608e+04 1.240882e+04 1.321143e+04 1.329510e+04 1.259494e+04 1.035581e+04 8.803492e+03 8.161407e+03 8.167208e+03 8.661952e+03 9.574987e+03
8.796862e+03 8.796862e+03 8.796863e+03 8.796886e+03 8.796956e+03 8.799169e+03 8.805931e+03 8.832414e+03 8.852007e+03 8.875737e+03 8.935331e+03 9.010688e+03 9.101380e+03 9.207094e+03 9.327801e+03 9.463853e+03 9.615806e+03 1.060915e+04 1.182780e+04 1.294376e+04 1.363046e+04 1.357319e+04 1.274584e+04 1.037600e+04 8.802474e+03 8.167589e+03 8.187067e+03 8.697166e+03 9.626196e+03
9.524827e+03 9.524827e+03 9.524828e+03 9.524851e+03 9.524921e+03 9.527125e+03 9.533878e+03 9.560367e+03 9.580028e+03 9.603927e+03 9.664308e+03 9.741230e+03 9.834322e+03 9.943034e+03 1.006673e+04 1.020490e+04 1.035725e+04 1.131529e+04 1.245941e+04 1.348398e+04 1.405071e+04 1.385331e+04 1.290051e+04 1.039736e+04 8.801824e+03 8.174539e+03 8.208189e+03 8.734104e+03 9.679539e+03
1.029086e+04 1.029086e+04 1.029086e+04 1.029088e+04 1.029095e+04 1.029320e+04 1.030012e+04 1.032752e+04 1.034788e+04 1.037260e+04 1.043505e+04 1.051472e+04 1.061127e+04 1.072377e+04 1.085092e+04 1.099131e+04 1.114376e+04 1.205790e+04 1.310824e+04 1.402531e+04 1.446703e+04 1.413108e+04 1.305573e+04 1.042068e+04 8.801769e+03 8.182390e+03 8.230674e+03 8.772849e+03 9.735092e+03
1.110175e+04 1.110175e+04 1.110175e+04 1.110178e+04 1.110186e+04 1.110429e+04 1.111175e+04 1.114062e+04 1.116185e+04 1.118760e+04 1.125282e+04 1.133627e+04 1.143715e+04 1.155383e+04 1.168412e+04 1.182574e+04 1.197673e+04 1.283318e+04 1.377002e+04 1.456339e+04 1.487465e+04 1.440237e+04 1.320859e+04 1.044712e+04 8.802594e+03 8.191295e+03 8.254631e+03 8.813493e+03 9.792938e+03
1.196811e+04 1.196811e+04 1.196811e+04 1.196814e+04 1.196821e+04 1.197050e+04 1.197764e+04 1.200633e+04 1.202817e+04 1.205512e+04 1.212422e+04 1.221263e+04 1.231831e+04 1.243849e+04 1.257008e+04 1.271014e+04 1.285622e+04 1.363489e+04 1.443865e+04 1.509339e+04 1.526909e+04 1.466336e+04 1.335634e+04 1.047556e+04 8.804657e+03 8.201434e+03 8.280182e+03 8.856132e+03 9.853162e+03
1.288354e+04 1.288354e+04 1.288354e+04 1.288356e+04 1.288364e+04 1.288605e+04 1.289398e+04 1.292733e+04 1.295243e+04 1.298286e+04 1.305882e+04 1.315290e+04 1.326197e+04 1.338246e+04 1.351081e+04 1.364389e+04 1.377923e+04 1.445379e+04 1.510614e+04 1.560997e+04 1.564620e+04 1.491064e+04 1.349651e+04 1.050463e+04 8.808425e+03 8.213013e+03 8.307462e+03 8.900874e+03 9.915857e+03
1.388054e+04 1.388055e+04 1.388055e+04 1.388057e+04 1.388067e+04 1.388383e+04 1.389374e+04 1.393202e+04 1.395963e+04 1.399245e+04 1.407207e+04 1.416700e+04 1.427304e+04 1.438619e+04 1.450298e+04 1.462061e+04 1.473700e+04 1.527709e+04 1.576271e+04 1.610721e+04 1.600213e+04 1.514128e+04 1.362693e+04 1.053328e+04 8.814616e+03 8.226270e+03 8.336621e+03 8.947832e+03 9.981118e+03
1.498966e+04 1.498966e+04 1.498966e+04 1.498969e+04 1.498978e+04 1.499283e+04 1.500208e+04 1.503791e+04 1.506411e+04 1.509518e+04 1.516907e+04 1.525393e+04 1.534508e+04 1.543891e+04 1.553266e+04 1.562427e+04 1.571228e+04 1.608843e+04 1.639719e+04 1.657887e+04 1.633336e+04 1.535282e+04 1.374578e+04 1.056060e+04 8.823675e+03 8.241482e+03 8.367827e+03 8.997130e+03 1.004905e+04
1.618183e+04 1.618183e+04 1.618184e+04 1.618186e+04 1.618195e+04 1.618483e+04 1.619372e+04 1.622677e+04 1.624909e+04 1.627411e+04 1.632970e+04 1.638953e+04 1.645097e+04 1.651197e+04 1.657092e+04 1.662650e+04 1.667781e+04 1.686843e+04 1.699762e+04 1.701863e+04 1.663671e+04 1.554332e+04 1.385161e+04 1.058582e+04 8.834928e+03 8.258980e+03 8.401263e+03 9.048903e+03 1.011976e+04
1.744758e+04 1.744758e+04 1.744758e+04 1.744759e+04 1.744762e+04 1.744869e+04 1.745241e+04 1.746526e+04 1.747312e+04 1.748155e+04 1.749967e+04 1.751890e+04 1.753840e+04 1.755710e+04 1.757387e+04 1.758773e+04 1.759801e+04 1.759622e+04 1.755210e+04 1.742047e+04 1.690949e+04 1.571137e+04 1.394337e+04 1.060829e+04 8.847901e+03 8.279183e+03 8.437136e+03 9.103295e+03 1.019337e+04
1.865093e+04 1.865093e+04 1.865093e+04 1.865091e+04 1.865085e+04 1.864883e+04 1.864300e+04 1.862490e+04 1.861420e+04 1.860307e+04 1.858065e+04 1.855870e+04 1.853692e+04 1.851441e+04 1.849026e+04 1.846376e+04 1.843450e+04 1.825156e+04 1.804972e+04 1.777910e+04 1.714955e+04 1.585603e+04 1.402041e+04 1.062750e+04 8.862237e+03 8.302695e+03 8.475676e+03 9.160464e+03 1.027000e+04
1.958281e+04 1.958281e+04 1.958281e+04 1.958279e+04 1.958274e+04 1.958094e+04 1.957519e+04 1.955252e+04 1.953666e+04 1.951867e+04 1.947815e+04 1.943312e+04 1.938420e+04 1.933156e+04 1.927538e+04 1.921597e+04 1.915371e+04 1.881717e+04 1.848151e+04 1.809035e+04 1.735537e+04 1.597688e+04 1.408243e+04 1.064306e+04 8.877646e+03 8.329528e+03 8.517146e+03 9.220583e+03 1.034978e+04
2.025349e+04 2.025349e+04 2.025349e+04 2.025349e+04 2.025346e+04 2.025236e+04 2.024838e+04 2.023182e+04 2.021938e+04 2.020409e+04 2.016455e+04 2.011309e+04 2.005089e+04 1.997987e+04 1.990203e+04 1.981915e+04 1.973271e+04 1.928069e+04 1.884123e+04 1.835144e+04 1.752623e+04 1.607394e+04 1.412948e+04 1.065474e+04 8.893890e+03 8.359344e+03 8.561857e+03 9.283838e+03 1.043285e+04
2.073670e+04 2.073670e+04 2.073670e+04 2.073669e+04 2.073668e+04 2.073625e+04 2.073460e+04 2.072607e+04 2.071747e+04 2.070478e+04 2.066551e+04 2.060826e+04 2.053592e+04 2.045203e+04 2.035984e+04 2.026193e+04 2.016028e+04 1.963578e+04 1.912588e+04 1.856126e+04 1.766214e+04 1.614769e+04 1.416192e+04 1.066240e+04 8.910779e+03 8.391948e+03 8.610214e+03 9.350435e+03 1.051938e+04
2.111509e+04 2.111509e+04 2.111509e+04 2.111509e+04 2.111508e+04 2.111485e+04 2.111328e+04 2.109675e+04 2.107992e+04 2.105771e+04 2.099941e+04 2.092604e+04 2.084109e+04 2.074739e+04 2.064729e+04 2.054269e+04 2.043505e+04 1.988252e+04 1.933582e+04 1.872034e+04 1.776392e+04 1.619899e+04 1.418035e+04 1.066608e+04 8.928171e+03 8.427200e+03 8.662670e+03 9.420604e+03 1.060952e+04
2.136328e+04 2.136328e+04 2.136328e+04 2.136321e+04 2.136300e+04 2.135609e+04 2.133637e+04 2.127801e+04 2.124407e+04 2.120808e+04 2.113109e+04 2.104816e+04 2.095980e+04 2.086656e+04 2.076914e+04 2.066830e+04 2.056481e+04 2.002710e+04 1.947465e+04 1.883081e+04 1.783312e+04 1.622906e+04 1.418558e+04 1.066588e+04 8.945966e+03 8.464993e+03 8.719060e+03 9.494605e+03 1.070344e+04
2.115579e+04 2.115579e+04 2.115579e+04 2.115578e+04 2.115575e+04 2.115477e+04 2.115113e+04 2.112999e+04 2.111199e+04 2.108987e+04 2.103609e+04 2.097274e+04 2.090210e+04 2.082545e+04 2.074369e+04 2.065757e+04 2.056775e+04 2.008102e+04 1.954867e+04 1.889615e+04 1.787189e+04 1.623937e+04 1.417859e+04 1.066204e+04 8.964115e+03 8.505240e+03 8.779230e+03 9.572750e+03 1.080135e+04
2.083201e+04 2.083201e+04 2.083201e+04 2.083201e+04 2.083200e+04 2.083185e+04 2.083128e+04 2.082742e+04 2.082288e+04 2.081585e+04 2.079341e+04 2.076007e+04 2.071703e+04 2.066562e+04 2.060700e+04 2.054213e+04 2.047183e+04 2.005955e+04 1.956615e+04 1.892090e+04 1.788289e+04 1.623163e+04 1.416046e+04 1.065484e+04 8.982607e+03 8.547881e+03 8.843101e+03 9.655465e+03 1.090345e+04
2.050949e+04 2.050949e+04 2.050949e+04 2.050949e+04 2.050949e+04 2.050954e+04 2.050965e+04 2.050974e+04 2.050932e+04 2.050814e+04 2.050198e+04 2.048898e+04 2.046815e+04 2.043935e+04 2.040292e+04 2.035939e+04 2.030936e+04 1.997973e+04 1.953647e+04 1.891025e+04 1.786910e+04 1.620765e+04 1.413235e+04 1.064466e+04 9.001477e+03 8.592871e+03 8.910618e+03 9.742982e+03 1.100998e+04
2.020849e+04 2.020849e+04 2.020849e+04 2.020849e+04 2.020850e+04 2.020869e+04 2.020923e+04 2.021080e+04 2.021163e+04 2.021234e+04 2.021258e+04 2.020973e+04 2.020215e+04 2.018877e+04 2.016900e+04 2.014269e+04 2.010993e+04 1.985830e+04 1.946923e+04 1.886965e+04 1.783366e+04 1.616935e+04 1.409544e+04 1.063191e+04 9.020797e+03 8.640188e+03 8.981750e+03 9.835146e+03 1.112119e+04
1.993649e+04 1.993649e+04 1.993649e+04 1.993649e+04 1.993649e+04 1.993658e+04 1.993685e+04 1.993814e+04 1.993917e+04 1.994039e+04 1.994291e+04 1.994450e+04 1.994373e+04 1.993930e+04 1.993023e+04 1.991590e+04 1.989595e+04 1.970996e+04 1.937350e+04 1.880447e+04 1.777973e+04 1.611859e+04 1.405090e+04 1.061703e+04 9.040674e+03 8.689828e+03 9.056476e+03 9.931890e+03 1.123743e+04
1.968717e+04 1.968717e+04 1.968717e+04 1.968717e+04 1.968718e+04 1.968745e+04 1.968821e+04 1.969067e+04 1.969222e+04 1.969392e+04 1.969759e+04 1.970102e+04 1.970330e+04 1.970340e+04 1.970036e+04 1.969339e+04 1.968192e+04 1.954644e+04 1.925726e+04 1.871973e+04 1.771031e+04 1.605720e+04 1.399986e+04 1.060046e+04 9.061245e+03 8.741807e+03 9.134787e+03 1.003319e+04 1.135912e+04
1.946822e+04 1.946822e+04 1.946822e+04 1.946822e+04 1.946823e+04 1.946838e+04 1.946886e+04 1.947080e+04 1.947218e+04 1.947377e+04 1.947731e+04 1.948090e+04 1.948394e+04 1.948570e+04 1.948540e+04 1.948233e+04 1.947583e+04 1.937629e+04 1.912709e+04 1.861987e+04 1.762820e+04 1.598688e+04 1.394340e+04 1.058268e+04 9.082675e+03 8.796160e+03 9.216686e+03 1.013903e+04 1.148629e+04
1.927262e+04 1.927262e+04 1.927262e+04 1.927263e+04 1.927263e+04 1.927279e+04 1.927326e+04 1.927488e+04 1.927593e+04 1.927709e+04 1.927962e+04 1.928223e+04 1.928460e+04 1.928626e+04 1.928663e+04 1.928509e+04 1.928104e+04 1.920517e+04 1.898815e+04 1.850866e+04 1.753587e+04 1.590919e+04 1.388251e+04 1.056412e+04 9.105148e+03 8.852940e+03 9.302186e+03 1.024943e+04 1.161883e+04
1.909722e+04 1.909722e+04 1.909722e+04 1.909722e+04 1.909722e+04 1.909728e+04 1.909745e+04 1.909797e+04 1.909832e+04 1.909872e+04 1.909970e+04 1.910085e+04 1.910196e+04 1.910269e+04 1.910263e+04 1.910124e+04 1.909802e+04 1.903642e+04 1.884421e+04 1.838920e+04 1.743547e+04 1.582553e+04 1.381809e+04 1.054524e+04 9.128866e+03 8.912220e+03 9.391311e+03 1.036439e+04 1.175674e+04
1.893258e+04 1.893258e+04 1.893258e+04 1.893258e+04 1.893258e+04 1.893254e+04 1.893243e+04 1.893211e+04 1.893197e+04 1.893187e+04 1.893184e+04 1.893195e+04 1.893200e+04 1.893175e+04 1.893087e+04 1.892899e+04 1.892569e+04 1.887167e+04 1.869789e+04 1.826389e+04 1.732881e+04 1.573710e+04 1.375094e+04 1.052643e+04 9.154044e+03 8.974089e+03 9.484096e+03 1.048393e+04 1.190000e+04
1.877150e+04 1.877150e+04 1.877150e+04 1.877150e+04 1.877150e+04 1.877153e+04 1.877161e+04 1.877188e+04 1.877204e+04 1.877217e+04 1.877230e+04 1.877216e+04 1.877162e+04 1.877058e+04 1.876884e+04 1.876619e+04 1.876233e+04 1.871141e+04 1.855083e+04 1.813454e+04 1.721734e+04 1.564494e+04 1.368178e+04 1.050810e+04 9.180904e+03 9.038651e+03 9.580585e+03 1.060809e+04 1.204864e+04
1.861860e+04 1.861860e+04 1.861860e+04 1.861860e+04 1.861860e+04 1.861872e+04 1.861903e+04 1.861989e+04 1.862026e+04 1.862054e+04 1.862067e+04 1.862017e+04 1.861898e+04 1.861708e+04 1.861439e+04 1.861079e+04 1.860610e+04 1.855537e+04 1.840398e+04 1.800246e+04 1.710224e+04 1.554992e+04 1.361122e+04 1.049060e+04 9.209676e+03 9.106025e+03 9.680836e+03 1.073689e+04 1.220267e+04
1.847827e+04 1.847827e+04 1.847827e+04 1.847827e+04 1.847827e+04 1.847821e+04 1.847809e+04 1.847775e+04 1.847751e+04 1.847718e+04 1.847617e+04 1.847455e+04 1.847226e+04 1.846923e+04 1.846542e+04 1.846076e+04 1.845511e+04 1.840291e+04 1.825778e+04 1.786856e+04 1.698442e+04 1.545275e+04 1.353979e+04 1.047427e+04 9.240590e+03 9.176345e+03 9.784917e+03 1.087037e+04 1.236214e+04
1.834038e+04 1.834038e+04 1.834038e+04 1.834038e+04 1.834037e+04 1.834030e+04 1.834007e+04 1.833905e+04 1.833830e+04 1.833739e+04 1.833515e+04 1.833230e+04 1.832882e+04 1.832467e+04 1.831979e+04 1.831411e+04 1.830753e+04 1.825320e+04 1.811230e+04 1.773343e+04 1.686456e+04 1.535403e+04 1.346793e+04 1.045942e+04 9.273876e+03 9.249755e+03 9.892905e+03 1.100859e+04 1.252707e+04
1.820024e+04 1.820024e+04 1.820024e+04 1.820024e+04 1.820024e+04 1.820016e+04 1.819990e+04 1.819874e+04 1.819783e+04 1.819670e+04 1.819386e+04 1.819031e+04 1.818607e+04 1.818114e+04 1.817548e+04 1.816905e+04 1.816175e+04 1.810538e+04 1.796745e+04 1.759743e+04 1.674317e+04 1.525421e+04 1.339604e+04 1.044633e+04 9.309763e+03 9.326410e+03 1.000489e+04 1.115160e+04 1.269750e+04
1.805732e+04 1.805732e+04 1.805732e+04 1.805732e+04 1.805731e+04 1.805721e+04 1.805689e+04 1.805558e+04 1.805461e+04 1.805344e+04 1.805052e+04 1.804682e+04 1.804237e+04 1.803714e+04 1.803113e+04 1.802430e+04 1.801657e+04 1.795871e+04 1.782302e+04 1.746076e+04 1.662063e+04 1.515368e+04 1.332442e+04 1.043525e+04 9.348477e+03 9.406473e+03 1.012097e+04 1.129945e+04 1.287347e+04
1.791036e+04 1.791036e+04 1.791036e+04 1.791036e+04 1.791036e+04 1.791031e+04 1.791013e+04 1.790921e+04 1.790847e+04 1.790751e+04 1.790497e+04 1.790156e+04 1.789729e+04 1.789215e+04 1.788612e+04 1.787918e+04 1.787128e+04 1.781258e+04 1.767877e+04 1.732353e+04 1.649722e+04 1.505274e+04 1.325336e+04 1.042642e+04 9.390238e+03 9.490116e+03 1.024127e+04 1.145221e+04 1.305504e+04
1.776274e+04 1.776274e+04 1.776274e+04 1.776274e+04 1.776274e+04 1.776270e+04 1.776256e+04 1.776187e+04 1.776127e+04 1.776047e+04 1.775827e+04 1.775520e+04 1.775121e+04 1.774629e+04 1.774039e+04 1.773350e+04 1.772558e+04 1.766653e+04 1.753447e+04 1.718578e+04 1.637314e+04 1.495163e+04 1.318309e+04 1.042006e+04 9.435263e+03 9.577516e+03 1.036588e+04 1.160996e+04 1.324224e+04
1.761604e+04 1.761604e+04 1.761604e+04 1.761604e+04 1.761604e+04 1.761598e+04 1.761577e+04 1.761491e+04 1.761426e+04 1.761347e+04 1.761137e+04 1.760847e+04 1.760468e+04 1.759991e+04 1.759412e+04 1.758729e+04 1.757938e+04 1.752024e+04 1.738990e+04 1.704752e+04 1.624855e+04 1.485056e+04 1.311380e+04 1.041637e+04 9.483763e+03 9.668857e+03 1.049495e+04 1.177277e+04 1.343514e+04
1.746858e+04 1.746858e+04 1.746858e+04 1.746858e+04 1.746858e+04 1.746855e+04 1.746842e+04 1.746778e+04 1.746723e+04 1.746653e+04 1.746456e+04 1.746174e+04 1.745799e+04 1.745322e+04 1.744742e+04 1.744055e+04 1.743260e+04 1.737344e+04 1.724492e+04 1.690875e+04 1.612356e+04 1.474971e+04 1.304567e+04 1.041553e+04 9.535945e+03 9.764324e+03 1.062862e+04 1.194075e+04 1.363379e+04
1.732218e+04 1.732218e+04 1.732218e+04 1.732218e+04 1.732217e+04 1.732215e+04 1.732203e+04 1.732143e+04 1.732090e+04 1.732018e+04 1.731810e+04 1.731510e+04 1.731113e+04 1.730615e+04 1.730016e+04 1.729314e+04 1.728508e+04 1.722595e+04 1.709939e+04 1.676948e+04 1.599830e+04 1.464923e+04 1.297887e+04 1.041772e+04 9.592011e+03 9.864110e+03 1.076702e+04 1.211398e+04 1.383825e+04
1.717716e+04 1.717716e+04 1.717716e+04 1.717716e+04 1.717716e+04 1.717709e+04 1.717687e+04 1.717593e+04 1.717516e+04 1.717418e+04 1.717156e+04 1.716802e+04 1.716358e+04 1.715823e+04 1.715195e+04 1.714473e+04 1.713653e+04 1.707761e+04 1.695324e+04 1.662975e+04 1.587288e+04 1.454925e+04 1.291354e+04 1.042311e+04 9.652158e+03 9.968404e+03 1.091030e+04 1.229256e+04 1.404860e+04
1.703112e+04 1.703112e+04 1.703112e+04 1.703112e+04 1.703112e+04 1.703100e+04 1.703062e+04 1.702910e+04 1.702797e+04 1.702662e+04 1.702331e+04 1.701922e+04 1.701436e+04 1.700871e+04 1.700223e+04 1.699489e+04 1.698664e+04 1.692830e+04 1.680643e+04 1.648960e+04 1.574742e+04 1.444994e+04 1.284984e+04 1.043185e+04 9.716581e+03 1.007740e+04 1.105863e+04 1.247660e+04 1.426490e+04
1.687994e+04 1.687994e+04 1.687994e+04 1.687994e+04 1.687993e+04 1.687977e+04 1.687928e+04 1.687747e+04 1.687625e+04 1.687484e+04 1.687150e+04 1.686743e+04 1.686262e+04 1.685702e+04 1.685060e+04 1.684334e+04 1.683520e+04 1.677799e+04 1.665900e+04 1.634912e+04 1.562203e+04 1.435143e+04 1.278789e+04 1.044411e+04 9.785471e+03 1.019130e+04 1.121217e+04 1.266622e+04 1.448723e+04
1.672112e+04 1.672112e+04 1.672112e+04 1.672112e+04 1.672112e+04 1.672111e+04 1.672102e+04 1.672034e+04 1.671968e+04 1.671878e+04 1.671626e+04 1.671281e+04 1.670846e+04 1.670322e+04 1.669712e+04 1.669014e+04 1.668227e+04 1.662673e+04 1.651101e+04 1.620843e+04 1.549688e+04 1.425387e+04 1.272785e+04 1.046004e+04 9.859015e+03 1.031030e+04 1.137108e+04 1.286155e+04 1.471567e+04
1.656400e+04 1.656400e+04 1.656400e+04 1.656400e+04 1.656400e+04 1.656398e+04 1.656390e+04 1.656332e+04 1.656277e+04 1.656201e+04 1.655985e+04 1.655679e+04 1.655283e+04 1.654799e+04 1.654226e+04 1.653564e+04 1.652813e+04 1.647467e+04 1.636260e+04 1.606767e+04 1.537213e+04 1.415741e+04 1.266986e+04 1.047980e+04 9.937401e+03 1.043459e+04 1.153553e+04 1.306269e+04 1.495030e+04
1.640896e+04 1.640896e+04 1.640896e+04 1.640896e+04 1.640896e+04 1.640886e+04 1.640855e+04 1.640736e+04 1.640655e+04 1.640559e+04 1.640326e+04 1.640026e+04 1.639651e+04 1.639195e+04 1.638654e+04 1.638027e+04 1.637313e+04 1.632199e+04 1.621394e+04 1.592703e+04 1.524795e+04 1.406224e+04 1.261408e+04 1.050353e+04 1.002081e+04 1.056436e+04 1.170570e+04 1.326980e+04 1.519121e+04
1.625086e+04 1.625086e+04 1.625086e+04 1.625086e+04 1.625085e+04 1.625078e+04 1.625056e+04 1.624968e+04 1.624902e+04 1.624820e+04 1.624610e+04 1.624332e+04 1.623981e+04 1.623550e+04 1.623037e+04 1.622440e+04 1.621761e+04 1.616895e+04 1.606525e+04 1.578672e+04 1.512455e+04 1.396852e+04 1.256065e+04 1.053140e+04 1.010944e+04 1.069983e+04 1.188178e+04 1.348300e+04 1.543850e+04
1.609235e+04 1.609235e+04 1.609235e+04 1.609235e+04 1.609235e+04 1.609233e+04 1.609224e+04 1.609177e+04 1.609133e+04 1.609072e+04 1.608896e+04 1.608642e+04 1.608309e+04 1.607896e+04 1.607403e+04 1.606832e+04 1.606184e+04 1.601579e+04 1.591678e+04 1.564698e+04 1.500214e+04 1.387646e+04 1.250975e+04 1.056356e+04 1.020346e+04 1.084118e+04 1.206393e+04 1.370244e+04 1.569225e+04
1.593674e+04 1.593674e+04 1.593674e+04 1.593674e+04 1.593673e+04 1.593667e+04 1.593649e+04 1.593578e+04 1.593523e+04 1.593453e+04 1.593262e+04 1.592999e+04 1.592662e+04 1.592252e+04 1.591771e+04 1.591220e+04 1.590602e+04 1.586280e+04 1.576883e+04 1.550809e+04 1.488098e+04 1.378623e+04 1.246154e+04 1.060017e+04 1.030306e+04 1.098861e+04 1.225233e+04 1.392825e+04 1.595258e+04
1.578171e+04 1.578171e+04 1.578171e+04 1.578171e+04 1.578170e+04 1.578164e+04 1.578142e+04 1.578051e+04 1.577979e+04 1.577891e+04 1.577666e+04 1.577375e+04 1.577021e+04 1.576608e+04 1.576138e+04 1.575611e+04 1.575029e+04 1.571030e+04 1.562172e+04 1.537033e+04 1.476130e+04 1.369807e+04 1.241620e+04 1.064140e+04 1.040842e+04 1.114231e+04 1.244718e+04 1.416059e+04 1.621959e+04
1.562588e+04 1.562588e+04 1.562588e+04 1.562588e+04 1.562587e+04 1.562578e+04 1.562549e+04 1.562434e+04 1.562349e+04 1.562247e+04 1.561998e+04 1.561693e+04 1.561340e+04 1.560941e+04 1.560499e+04 1.560014e+04 1.559483e+04 1.555867e+04 1.547583e+04 1.523404e+04 1.464338e+04 1.361217e+04 1.237392e+04 1.068742e+04 1.051973e+04 1.130249e+04 1.264865e+04 1.439960e+04 1.649338e+04
1.546754e+04 1.546754e+04 1.546754e+04 1.546754e+04 1.546754e+04 1.546744e+04 1.546714e+04 1.546599e+04 1.546517e+04 1.546421e+04 1.546190e+04 1.545916e+04 1.545603e+04 1.545256e+04 1.544875e+04 1.544458e+04 1.544002e+04 1.540837e+04 1.533155e+04 1.509953e+04 1.452749e+04 1.352877e+04 1.233488e+04 1.073840e+04 1.063718e+04 1.146932e+04 1.285692e+04 1.464544e+04 1.677407e+04
1.530655e+04 1.530655e+04 1.530655e+04 1.530655e+04 1.530655e+04 1.530652e+04 1.530639e+04 1.530575e+04 1.530523e+04 1.530459e+04 1.530301e+04 1.530107e+04 1.529881e+04 1.529625e+04 1.529337e+04 1.529015e+04 1.528655e+04 1.525993e+04 1.518929e+04 1.496714e+04 1.441390e+04 1.344810e+04 1.229927e+04 1.079452e+04 1.076096e+04 1.164302e+04 1.307218e+04 1.489825e+04 1.706176e+04
1.514684e+04 1.514684e+04 1.514684e+04 1.514684e+04 1.514684e+04 1.514681e+04 1.514670e+04 1.514637e+04 1.514616e+04 1.514591e+04 1.514528e+04 1.514442e+04 1.514329e+04 1.514185e+04 1.514008e+04 1.513793e+04 1.513538e+04 1.511395e+04 1.504949e+04 1.483722e+04 1.430289e+04 1.337038e+04 1.226731e+04 1.085596e+04 1.089124e+04 1.182376e+04 1.329460e+04 1.515820e+04 1.735658e+04
1.498994e+04 1.498994e+04 1.498994e+04 1.498994e+04 1.498994e+04 1.499000e+04 1.499015e+04 1.499057e+04 1.499080e+04 1.499102e+04 1.499138e+04 1.499157e+04 1.499150e+04 1.499110e+04 1.499034e+04 1.498917e+04 1.498759e+04 1.497101e+04 1.491257e+04 1.471010e+04 1.419473e+04 1.329583e+04 1.223917e+04 1.092292e+04 1.102823e+04 1.201174e+04 1.352437e+04 1.542543e+04 1.765865e+04
1.484133e+04 1.484133e+04 1.484133e+04 1.484133e+04 1.484133e+04 1.484139e+04 1.484155e+04 1.484215e+04 1.484255e+04 1.484298e+04 1.484387e+04 1.484466e+04 1.484523e+04 1.484551e+04 1.484543e+04 1.484497e+04 1.484411e+04 1.483164e+04 1.477890e+04 1.458610e+04 1.408971e+04 1.322470e+04 1.221508e+04 1.099556e+04 1.117211e+04 1.220714e+04 1.376167e+04 1.570010e+04 1.796807e+04
1.470167e+04 1.470167e+04 1.470167e+04 1.470167e+04 1.470167e+04 1.470171e+04 1.470183e+04 1.470232e+04 1.470267e+04 1.470306e+04 1.470392e+04 1.470475e+04 1.470543e+04 1.470589e+04 1.470607e+04 1.470595e+04 1.470551e+04 1.469624e+04 1.464882e+04 1.446551e+04 1.398806e+04 1.315720e+04 1.219523e+04 1.107410e+04 1.132307e+04 1.241016e+04 1.400667e+04 1.598237e+04 1.828498e+04
1.456962e+04 1.456962e+04 1.456962e+04 1.456962e+04 1.456962e+04 1.456966e+04 1.456978e+04 1.457015e+04 1.457038e+04 1.457061e+04 1.457110e+04 1.457156e+04 1.457193e+04 1.457218e+04 1.457227e+04 1.457218e+04 1.457189e+04 1.456506e+04 1.452263e+04 1.434860e+04 1.389004e+04 1.309356e+04 1.217983e+04 1.115873e+04 1.148130e+04 1.262098e+04 1.425953e+04 1.627238e+04 1.860949e+04
1.444435e+04 1.444435e+04 1.444435e+04 1.444435e+04 1.444435e+04 1.444433e+04 1.444429e+04 1.444419e+04 1.444414e+04 1.444409e+04 1.444399e+04 1.444389e+04 1.444377e+04 1.444364e+04 1.444348e+04 1.444329e+04 1.444304e+04 1.443826e+04 1.440057e+04 1.423564e+04 1.379589e+04 1.303398e+04 1.216908e+04 1.124964e+04 1.164700e+04 1.283977e+04 1.452045e+04 1.657028e+04 1.894172e+04
1.432198e+04 1.432198e+04 1.432198e+04 1.432198e+04 1.432198e+04 1.432196e+04 1.432189e+04 1.432161e+04 1.432141e+04 1.432118e+04 1.432068e+04 1.432017e+04 1.431969e+04 1.431928e+04 1.431896e+04 1.431873e+04 1.431858e+04 1.431591e+04 1.428286e+04 1.412686e+04 1.370582e+04 1.297869e+04 1.216319e+04 1.134704e+04 1.182036e+04 1.306673e+04 1.478957e+04 1.687623e+04 1.928180e+04
1.420119e+04 1.420119e+04 1.420119e+04 1.420119e+04 1.420119e+04 1.420117e+04 1.420111e+04 1.420086e+04 1.420066e+04 1.420041e+04 1.419985e+04 1.419926e+04 1.419874e+04 1.419835e+04 1.419813e+04 1.419809e+04 1.419821e+04 1.419813e+04 1.416970e+04 1.402246e+04 1.362004e+04 1.292788e+04 1.216237e+04 1.145113e+04 1.200157e+04 1.330203e+04 1.506707e+04 1.719037e+04 1.962985e+04
1.408216e+04 1.408216e+04 1.408216e+04 1.408216e+04 1.408216e+04 1.408214e+04 1.408209e+04 1.408186e+04 1.408171e+04 1.408153e+04 1.408114e+04 1.408081e+04 1.408061e+04 1.408062e+04 1.408085e+04 1.408131e+04 1.408197e+04 1.408509e+04 1.406130e+04 1.392266e+04 1.353877e+04 1.288176e+04 1.216681e+04 1.156212e+04 1.219081e+04 1.354583e+04 1.535311e+04 1.751284e+04 1.998598e+04
1.396491e+04 1.396491e+04 1.396491e+04 1.396491e+04 1.396491e+04 1.396491e+04 1.396491e+04 1.396490e+04 1.396489e+04 1.396490e+04 1.396498e+04 1.396525e+04 1.396576e+04 1.396653e+04 1.396755e+04 1.396879e+04 1.397022e+04 1.397704e+04 1.395785e+04 1.382764e+04 1.346217e+04 1.284051e+04 1.217671e+04 1.168020e+04 1.238828e+04 1.379831e+04 1.564784e+04 1.784379e+04 2.035033e+04
1.385087e+04 1.385087e+04 1.385087e+04 1.385087e+04 1.385087e+04 1.385090e+04 1.385096e+04 1.385122e+04 1.385143e+04 1.385172e+04 1.385257e+04 1.385380e+04 1.385535e+04 1.385716e+04 1.385918e+04 1.386137e+04 1.386367e+04 1.387432e+04 1.385956e+04 1.373758e+04 1.339043e+04 1.280432e+04 1.219229e+04 1.180560e+04 1.259416e+04 1.405964e+04 1.595141e+04 1.818336e+04 2.072299e+04
1.374165e+04 1.374165e+04 1.374165e+04 1.374165e+04 1.374165e+04 1.374168e+04 1.374180e+04 1.374253e+04 1.374317e+04 1.374397e+04 1.374599e+04 1.374844e+04 1.375117e+04 1.375406e+04 1.375705e+04 1.376010e+04 1.376319e+04 1.377723e+04 1.376661e+04 1.365264e+04 1.332370e+04 1.277337e+04 1.221372e+04 1.193851e+04 1.280863e+04 1.432998e+04 1.626397e+04 1.853167e+04 2.110410e+04
1.363993e+04 1.363993e+04 1.363993e+04 1.363993e+04 1.363994e+04 1.364011e+04 1.364063e+04 1.364252e+04 1.364379e+04 1.364520e+04 1.364836e+04 1.365176e+04 1.365528e+04 1.365884e+04 1.366240e+04 1.366596e+04 1.366953e+04 1.368602e+04 1.367914e+04 1.357295e+04 1.326215e+04 1.274784e+04 1.224122e+04 1.207913e+04 1.303188e+04 1.460949e+04 1.658566e+04 1.888886e+04 2.149377e+04
1.355430e+04 1.355430e+04 1.355430e+04 1.355431e+04 1.355431e+04 1.355448e+04 1.355500e+04 1.355686e+04 1.355807e+04 1.355942e+04 1.356239e+04 1.356559e+04 1.356892e+04 1.357234e+04 1.357582e+04 1.357937e+04 1.358299e+04 1.360081e+04 1.359728e+04 1.349864e+04 1.320592e+04 1.272790e+04 1.227498e+04 1.222767e+04 1.326408e+04 1.489832e+04 1.691663e+04 1.925505e+04 2.189210e+04
1.348406e+04 1.348406e+04 1.348406e+04 1.348406e+04 1.348406e+04 1.348405e+04 1.348409e+04 1.348453e+04 1.348497e+04 1.348555e+04 1.348708e+04 1.348904e+04 1.349134e+04 1.349394e+04 1.349680e+04 1.349991e+04 1.350325e+04 1.352156e+04 1.352106e+04 1.342981e+04 1.315513e+04 1.271370e+04 1.231519e+04 1.238434e+04 1.350541e+04 1.519661e+04 1.725700e+04 1.963037e+04 2.229921e+04
