1.350976e+05 1.185027e+05 1.177307e+05 1.163264e+05 1.160276e+05 1.148584e+05 1.164051e+05 1.210923e+05 1.236465e+05 1.262339e+05 1.313943e+05 1.364409e+05 1.413170e+05 1.459978e+05 1.504771e+05 1.547652e+05 1.588911e+05 1.796525e+05 2.115067e+05 2.682212e+05 3.536353e+05 4.622987e+05 5.854450e+05 8.436495e+05 1.080213e+06 1.269458e+06 1.403960e+06 1.488023e+06 1.531122e+06
1.138646e+05 1.138666e+05 1.138717e+05 1.139334e+05 1.137494e+05 1.142389e+05 1.164995e+05 1.215689e+05 1.241646e+05 1.267712e+05 1.319424e+05 1.369838e+05 1.418481e+05 1.465138e+05 1.509764e+05 1.552471e+05 1.593555e+05 1.800455e+05 2.118839e+05 2.686526e+05 3.541750e+05 4.629736e+05 5.862573e+05 8.446771e+05 1.081325e+06 1.270525e+06 1.404898e+06 1.488792e+06 1.531718e+06
1.148312e+05 1.148318e+05 1.148334e+05 1.148695e+05 1.149248e+05 1.159394e+05 1.169695e+05 1.220752e+05 1.247412e+05 1.273751e+05 1.325537e+05 1.375815e+05 1.424257e+05 1.470693e+05 1.515095e+05 1.557581e+05 1.598453e+05 1.804525e+05 2.122710e+05 2.690934e+05 3.547248e+05 4.636597e+05 5.870818e+05 8.457172e+05 1.082448e+06 1.271601e+06 1.405841e+06 1.489564e+06 1.532316e+06
1.164897e+05 1.164900e+05 1.164909e+05 1.165122e+05 1.165589e+05 1.165713e+05 1.193008e+05 1.226630e+05 1.253618e+05 1.280280e+05 1.332191e+05 1.382291e+05 1.430472e+05 1.476629e+05 1.520755e+05 1.562977e+05 1.603600e+05 1.808733e+05 2.126680e+05 2.695433e+05 3.552847e+05 4.643570e+05 5.879184e+05 8.467699e+05 1.083582e+06 1.272686e+06 1.406791e+06 1.490341e+06 1.532916e+06
1.184731e+05 1.184733e+05 1.184739e+05 1.184883e+05 1.185239e+05 1.185628e+05 1.206519e+05 1.238789e+05 1.261343e+05 1.287481e+05 1.339316e+05 1.389212e+05 1.437090e+05 1.482921e+05 1.526727e+05 1.568646e+05 1.608986e+05 1.813076e+05 2.130747e+05 2.700024e+05 3.558546e+05 4.650655e+05 5.887671e+05 8.478351e+05 1.084727e+06 1.273780e+06 1.407747e+06 1.491122e+06 1.533519e+06
1.205805e+05 1.205806e+05 1.205810e+05 1.205917e+05 1.206193e+05 1.208138e+05 1.218086e+05 1.259235e+05 1.274625e+05 1.296508e+05 1.346997e+05 1.396544e+05 1.444075e+05 1.489542e+05 1.532992e+05 1.574574e+05 1.614601e+05 1.817551e+05 2.134908e+05 2.704706e+05 3.564345e+05 4.657852e+05 5.896279e+05 8.489129e+05 1.085883e+06 1.274882e+06 1.408710e+06 1.491906e+06 1.534124e+06
1.227208e+05 1.227209e+05 1.227212e+05 1.227294e+05 1.227515e+05 1.230272e+05 1.234474e+05 1.279498e+05 1.293880e+05 1.310325e+05 1.355631e+05 1.404331e+05 1.451409e+05 1.496468e+05 1.539528e+05 1.580744e+05 1.620432e+05 1.822151e+05 2.139162e+05 2.709476e+05 3.570242e+05 4.665160e+05 5.905009e+05 8.500033e+05 1.087050e+06 1.275994e+06 1.409678e+06 1.492695e+06 1.534731e+06
1.248973e+05 1.248973e+05 1.248976e+05 1.249042e+05 1.249224e+05 1.252170e+05 1.254634e+05 1.296484e+05 1.313928e+05 1.328636e+05 1.366142e+05 1.412748e+05 1.459115e+05 1.503688e+05 1.546319e+05 1.587140e+05 1.626465e+05 1.826874e+05 2.143506e+05 2.714334e+05 3.576237e+05 4.672578e+05 5.913859e+05 8.511063e+05 1.088229e+06 1.277113e+06 1.410653e+06 1.493487e+06 1.535340e+06
1.270930e+05 1.270930e+05 1.270932e+05 1.270987e+05 1.271141e+05 1.274004e+05 1.276461e+05 1.311226e+05 1.332189e+05 1.348052e+05 1.380196e+05 1.422171e+05 1.467284e+05 1.511214e+05 1.553357e+05 1.593750e+05 1.632687e+05 1.831712e+05 2.147936e+05 2.719278e+05 3.582329e+05 4.680106e+05 5.922830e+05 8.522218e+05 1.089418e+06 1.278242e+06 1.411633e+06 1.494283e+06 1.535951e+06
1.292929e+05 1.292930e+05 1.292931e+05 1.292978e+05 1.293110e+05 1.295804e+05 1.298721e+05 1.325731e+05 1.348356e+05 1.366618e+05 1.397033e+05 1.433289e+05 1.476097e+05 1.519097e+05 1.560649e+05 1.600567e+05 1.639090e+05 1.836659e+05 2.152451e+05 2.724305e+05 3.588516e+05 4.687744e+05 5.931920e+05 8.533499e+05 1.090619e+06 1.279379e+06 1.412620e+06 1.495083e+06 1.536565e+06
1.314898e+05 1.314898e+05 1.314900e+05 1.314939e+05 1.315053e+05 1.317548e+05 1.320898e+05 1.341283e+05 1.363321e+05 1.383634e+05 1.414992e+05 1.447064e+05 1.485866e+05 1.527437e+05 1.568224e+05 1.607596e+05 1.645668e+05 1.841710e+05 2.157046e+05 2.729415e+05 3.594798e+05 4.695491e+05 5.941131e+05 8.544906e+05 1.091831e+06 1.280525e+06 1.413613e+06 1.495887e+06 1.537180e+06
1.422866e+05 1.422867e+05 1.422867e+05 1.422890e+05 1.422955e+05 1.424616e+05 1.428200e+05 1.435905e+05 1.444870e+05 1.459766e+05 1.496799e+05 1.528972e+05 1.556181e+05 1.583751e+05 1.614037e+05 1.647290e+05 1.681643e+05 1.868324e+05 2.181107e+05 2.756117e+05 3.627574e+05 4.735821e+05 5.988961e+05 8.603812e+05 1.098057e+06 1.286383e+06 1.418666e+06 1.499961e+06 1.540287e+06
1.524749e+05 1.524749e+05 1.524749e+05 1.524764e+05 1.524807e+05 1.525986e+05 1.528842e+05 1.535492e+05 1.539260e+05 1.545467e+05 1.568883e+05 1.600739e+05 1.630888e+05 1.656522e+05 1.679826e+05 1.703329e+05 1.728494e+05 1.897040e+05 2.206668e+05 2.784517e+05 3.662474e+05 4.778712e+05 6.039683e+05 8.665808e+05 1.104556e+06 1.292452e+06 1.423864e+06 1.504125e+06 1.543441e+06
1.619432e+05 1.619432e+05 1.619432e+05 1.619442e+05 1.619472e+05 1.620291e+05 1.622413e+05 1.628256e+05 1.631158e+05 1.634417e+05 1.646131e+05 1.667755e+05 1.695178e+05 1.722260e+05 1.746184e+05 1.767424e+05 1.787757e+05 1.928872e+05 2.233502e+05 2.814332e+05 3.699272e+05 4.824000e+05 6.093183e+05 8.730832e+05 1.111325e+06 1.298728e+06 1.429203e+06 1.508373e+06 1.546637e+06
1.706280e+05 1.706280e+05 1.706280e+05 1.706288e+05 1.706310e+05 1.706936e+05 1.708582e+05 1.713456e+05 1.716035e+05 1.718519e+05 1.724861e+05 1.737082e+05 1.756561e+05 1.780257e+05 1.804235e+05 1.826273e+05 1.846259e+05 1.967614e+05 2.261890e+05 2.845409e+05 3.737771e+05 4.871513e+05 6.149327e+05 8.798803e+05 1.118357e+06 1.305205e+06 1.434676e+06 1.512700e+06 1.549871e+06
1.785560e+05 1.785561e+05 1.785561e+05 1.785566e+05 1.785583e+05 1.786057e+05 1.787323e+05 1.791220e+05 1.793426e+05 1.795564e+05 1.799862e+05 1.806573e+05 1.818557e+05 1.835949e+05 1.856564e+05 1.877840e+05 1.898248e+05 2.012337e+05 2.293012e+05 2.877861e+05 3.777868e+05 4.921111e+05 6.207986e+05 8.869625e+05 1.125643e+06 1.311875e+06 1.440277e+06 1.517100e+06 1.553138e+06
1.857013e+05 1.857013e+05 1.857013e+05 1.857017e+05 1.857030e+05 1.857395e+05 1.858394e+05 1.861619e+05 1.863535e+05 1.865447e+05 1.868991e+05 1.873064e+05 1.879980e+05 1.891318e+05 1.906813e+05 1.924976e+05 1.944225e+05 2.057461e+05 2.329372e+05 2.912219e+05 3.819629e+05 4.972729e+05 6.269059e+05 8.943204e+05 1.133177e+06 1.318730e+06 1.445999e+06 1.521566e+06 1.556433e+06
1.921773e+05 1.921773e+05 1.921774e+05 1.921777e+05 1.921787e+05 1.922100e+05 1.922960e+05 1.925691e+05 1.927327e+05 1.928994e+05 1.932072e+05 1.934919e+05 1.938882e+05 1.945689e+05 1.956195e+05 1.970119e+05 1.986577e+05 2.099548e+05 2.369454e+05 2.949702e+05 3.863375e+05 5.026422e+05 6.332506e+05 9.019451e+05 1.140947e+06 1.325762e+06 1.451834e+06 1.526093e+06 1.559748e+06
1.981110e+05 1.981110e+05 1.981110e+05 1.981112e+05 1.981120e+05 1.981347e+05 1.981975e+05 1.984087e+05 1.985409e+05 1.986790e+05 1.989400e+05 1.991582e+05 1.993923e+05 1.997751e+05 2.004281e+05 2.014052e+05 2.026977e+05 2.137149e+05 2.410218e+05 2.992134e+05 3.909788e+05 5.082419e+05 6.398375e+05 9.098301e+05 1.148946e+06 1.332962e+06 1.457774e+06 1.530672e+06 1.563080e+06
2.034228e+05 2.034228e+05 2.034228e+05 2.034231e+05 2.034239e+05 2.034458e+05 2.035032e+05 2.036837e+05 2.037930e+05 2.039066e+05 2.041232e+05 2.042971e+05 2.044434e+05 2.046457e+05 2.050174e+05 2.056507e+05 2.065968e+05 2.170317e+05 2.449552e+05 3.037797e+05 3.960195e+05 5.141180e+05 6.466841e+05 9.179725e+05 1.157166e+06 1.340320e+06 1.463808e+06 1.535296e+06 1.566421e+06
2.082483e+05 2.082483e+05 2.082483e+05 2.082484e+05 2.082490e+05 2.082636e+05 2.083035e+05 2.084351e+05 2.085183e+05 2.086070e+05 2.087812e+05 2.089223e+05 2.090213e+05 2.091218e+05 2.093112e+05 2.096889e+05 2.103406e+05 2.199844e+05 2.486133e+05 3.084661e+05 4.015876e+05 5.203494e+05 6.538239e+05 9.263746e+05 1.165599e+06 1.347827e+06 1.469930e+06 1.539957e+06 1.569765e+06
2.124746e+05 2.124746e+05 2.124746e+05 2.124748e+05 2.124753e+05 2.124897e+05 2.125270e+05 2.126438e+05 2.127158e+05 2.127919e+05 2.129415e+05 2.130631e+05 2.131390e+05 2.131863e+05 2.132656e+05 2.134671e+05 2.138907e+05 2.226638e+05 2.519384e+05 3.131202e+05 4.075077e+05 5.270817e+05 6.613116e+05 9.350457e+05 1.174241e+06 1.355476e+06 1.476130e+06 1.544648e+06 1.573106e+06
2.162527e+05 2.162527e+05 2.162527e+05 2.162528e+05 2.162532e+05 2.162648e+05 2.162967e+05 2.163991e+05 2.164624e+05 2.165295e+05 2.166616e+05 2.167692e+05 2.168320e+05 2.168518e+05 2.168670e+05 2.169528e+05 2.172101e+05 2.251401e+05 2.549310e+05 3.176304e+05 4.136247e+05 5.343854e+05 6.692336e+05 9.440034e+05 1.183091e+06 1.363257e+06 1.482398e+06 1.549360e+06 1.576436e+06
2.196589e+05 2.196589e+05 2.196589e+05 2.196590e+05 2.196593e+05 2.196677e+05 2.196916e+05 2.197760e+05 2.198301e+05 2.198877e+05 2.200011e+05 2.200926e+05 2.201420e+05 2.201435e+05 2.201197e+05 2.201308e+05 2.202716e+05 2.274554e+05 2.576268e+05 3.219270e+05 4.198150e+05 5.420940e+05 6.777416e+05 9.532758e+05 1.192151e+06 1.371166e+06 1.488728e+06 1.554085e+06 1.579750e+06
2.227141e+05 2.227141e+05 2.227141e+05 2.227142e+05 2.227145e+05 2.227225e+05 2.227449e+05 2.228183e+05 2.228631e+05 2.229100e+05 2.230002e+05 2.230697e+05 2.231009e+05 2.230847e+05 2.230340e+05 2.229963e+05 2.230576e+05 2.296279e+05 2.600760e+05 3.259794e+05 4.259810e+05 5.500795e+05 6.868481e+05 9.629043e+05 1.201427e+06 1.379197e+06 1.495111e+06 1.558816e+06 1.583041e+06
2.254696e+05 2.254696e+05 2.254696e+05 2.254697e+05 2.254699e+05 2.254763e+05 2.254929e+05 2.255452e+05 2.255772e+05 2.256107e+05 2.256736e+05 2.257170e+05 2.257259e+05 2.256907e+05 2.256190e+05 2.255490e+05 2.255579e+05 2.316602e+05 2.623289e+05 3.297884e+05 4.320517e+05 5.582363e+05 6.964023e+05 9.729481e+05 1.210934e+06 1.387349e+06 1.501541e+06 1.563546e+06 1.586302e+06
2.278725e+05 2.278725e+05 2.278725e+05 2.278726e+05 2.278727e+05 2.278772e+05 2.278899e+05 2.279328e+05 2.279573e+05 2.279810e+05 2.280196e+05 2.280373e+05 2.280233e+05 2.279700e+05 2.278821e+05 2.277917e+05 2.277689e+05 2.335470e+05 2.644279e+05 3.333767e+05 4.379830e+05 5.664766e+05 7.062944e+05 9.834989e+05 1.220689e+06 1.395622e+06 1.508011e+06 1.568268e+06 1.589527e+06
2.299813e+05 2.299813e+05 2.299813e+05 2.299813e+05 2.299813e+05 2.299824e+05 2.299877e+05 2.300059e+05 2.300158e+05 2.300248e+05 2.300357e+05 2.300296e+05 2.299966e+05 2.299296e+05 2.298319e+05 2.297314e+05 2.296931e+05 2.352811e+05 2.664056e+05 3.367793e+05 4.437559e+05 5.747308e+05 7.164314e+05 9.946859e+05 1.230720e+06 1.404020e+06 1.514519e+06 1.572976e+06 1.592711e+06
2.316906e+05 2.316906e+05 2.316906e+05 2.316907e+05 2.316907e+05 2.316924e+05 2.316959e+05 2.317038e+05 2.317080e+05 2.317115e+05 2.317119e+05 2.316958e+05 2.316547e+05 2.315825e+05 2.314827e+05 2.313817e+05 2.313410e+05 2.368574e+05 2.682853e+05 3.400357e+05 4.493717e+05 5.829486e+05 7.267331e+05 1.006426e+06 1.241066e+06 1.412549e+06 1.521061e+06 1.577664e+06 1.595848e+06
2.329965e+05 2.329965e+05 2.329965e+05 2.329966e+05 2.329968e+05 2.330030e+05 2.330175e+05 2.330493e+05 2.330624e+05 2.330722e+05 2.330791e+05 2.330648e+05 2.330243e+05 2.329537e+05 2.328582e+05 2.327637e+05 2.327303e+05 2.382744e+05 2.700831e+05 3.431846e+05 4.548473e+05 5.910982e+05 7.371323e+05 1.018608e+06 1.251780e+06 1.421222e+06 1.527637e+06 1.582328e+06 1.598933e+06
2.341788e+05 2.341788e+05 2.341788e+05 2.341788e+05 2.341789e+05 2.341800e+05 2.341825e+05 2.341907e+05 2.341956e+05 2.341995e+05 2.341996e+05 2.341828e+05 2.341428e+05 2.340759e+05 2.339876e+05 2.339039e+05 2.338841e+05 2.395355e+05 2.718102e+05 3.462607e+05 4.602096e+05 5.991652e+05 7.475751e+05 1.031145e+06 1.262953e+06 1.430054e+06 1.534247e+06 1.586965e+06 1.601962e+06
2.350784e+05 2.350784e+05 2.350784e+05 2.350784e+05 2.350785e+05 2.350808e+05 2.350860e+05 2.350963e+05 2.350999e+05 2.351018e+05 2.350983e+05 2.350801e+05 2.350416e+05 2.349797e+05 2.349003e+05 2.348298e+05 2.348276e+05 2.406477e+05 2.734747e+05 3.492939e+05 4.654907e+05 6.071496e+05 7.580217e+05 1.043959e+06 1.274640e+06 1.439069e+06 1.540896e+06 1.591572e+06 1.604931e+06
2.357772e+05 2.357772e+05 2.357772e+05 2.357773e+05 2.357773e+05 2.357788e+05 2.357827e+05 2.357929e+05 2.357973e+05 2.358001e+05 2.357984e+05 2.357827e+05 2.357483e+05 2.356932e+05 2.356242e+05 2.355684e+05 2.355863e+05 2.416217e+05 2.750833e+05 3.523083e+05 4.707245e+05 6.150631e+05 7.684458e+05 1.056982e+06 1.286731e+06 1.448299e+06 1.547591e+06 1.596149e+06 1.607836e+06
2.363135e+05 2.363135e+05 2.363135e+05 2.363136e+05 2.363136e+05 2.363144e+05 2.363166e+05 2.363251e+05 2.363297e+05 2.363332e+05 2.363335e+05 2.363208e+05 2.362912e+05 2.362437e+05 2.361858e+05 2.361459e+05 2.361855e+05 2.424704e+05 2.766423e+05 3.553233e+05 4.759434e+05 6.229254e+05 7.788332e+05 1.070150e+06 1.299142e+06 1.457791e+06 1.554340e+06 1.600696e+06 1.610677e+06
2.367018e+05 2.367018e+05 2.367018e+05 2.367018e+05 2.367019e+05 2.367047e+05 2.367111e+05 2.367245e+05 2.367294e+05 2.367325e+05 2.367324e+05 2.367211e+05 2.366959e+05 2.366562e+05 2.366101e+05 2.365869e+05 2.366492e+05 2.432085e+05 2.781582e+05 3.583541e+05 4.811772e+05 6.307611e+05 7.891806e+05 1.083408e+06 1.311801e+06 1.467624e+06 1.561158e+06 1.605215e+06 1.613451e+06
2.370116e+05 2.370116e+05 2.370116e+05 2.370116e+05 2.370116e+05 2.370118e+05 2.370122e+05 2.370134e+05 2.370140e+05 2.370142e+05 2.370119e+05 2.370028e+05 2.369835e+05 2.369532e+05 2.369203e+05 2.369147e+05 2.370007e+05 2.438517e+05 2.796378e+05 3.614128e+05 4.864521e+05 6.385971e+05 7.994931e+05 1.096707e+06 1.324644e+06 1.477774e+06 1.568063e+06 1.609710e+06 1.616158e+06
2.371591e+05 2.371591e+05 2.371591e+05 2.371591e+05 2.371591e+05 2.371604e+05 2.371632e+05 2.371710e+05 2.371752e+05 2.371792e+05 2.371846e+05 2.371843e+05 2.371754e+05 2.371574e+05 2.371394e+05 2.371525e+05 2.372626e+05 2.444162e+05 2.810883e+05 3.645090e+05 4.917900e+05 6.464604e+05 8.097821e+05 1.110006e+06 1.337610e+06 1.488152e+06 1.575083e+06 1.614188e+06 1.618799e+06
2.372215e+05 2.372215e+05 2.372215e+05 2.372216e+05 2.372216e+05 2.372244e+05 2.372313e+05 2.372498e+05 2.372594e+05 2.372687e+05 2.372851e+05 2.372961e+05 2.372993e+05 2.372946e+05 2.372918e+05 2.373233e+05 2.374570e+05 2.449175e+05 2.825174e+05 3.676502e+05 4.972090e+05 6.543765e+05 8.200632e+05 1.123271e+06 1.350642e+06 1.498693e+06 1.582261e+06 1.618658e+06 1.621376e+06
2.372991e+05 2.372991e+05 2.372991e+05 2.372991e+05 2.372991e+05 2.372994e+05 2.373007e+05 2.373111e+05 2.373200e+05 2.373304e+05 2.373522e+05 2.373712e+05 2.373837e+05 2.373900e+05 2.374004e+05 2.374484e+05 2.376039e+05 2.453709e+05 2.839331e+05 3.708429e+05 5.027238e+05 6.623685e+05 8.303543e+05 1.136477e+06 1.363686e+06 1.509339e+06 1.589648e+06 1.623132e+06 1.623892e+06
2.373170e+05 2.373170e+05 2.373170e+05 2.373170e+05 2.373171e+05 2.373208e+05 2.373307e+05 2.373565e+05 2.373700e+05 2.373834e+05 2.374091e+05 2.374318e+05 2.374495e+05 2.374629e+05 2.374833e+05 2.375451e+05 2.377201e+05 2.457900e+05 2.853434e+05 3.740924e+05 5.083456e+05 6.704563e+05 8.406737e+05 1.149603e+06 1.376694e+06 1.520036e+06 1.597182e+06 1.627626e+06 1.626352e+06
2.374207e+05 2.374207e+05 2.374207e+05 2.374208e+05 2.374208e+05 2.374212e+05 2.374225e+05 2.374310e+05 2.374383e+05 2.374471e+05 2.374671e+05 2.374878e+05 2.375067e+05 2.375244e+05 2.375522e+05 2.376257e+05 2.378182e+05 2.461872e+05 2.867563e+05 3.774037e+05 5.140831e+05 6.786563e+05 8.510389e+05 1.162636e+06 1.389622e+06 1.530735e+06 1.604799e+06 1.632165e+06 1.628763e+06
2.374638e+05 2.374638e+05 2.374638e+05 2.374638e+05 2.374639e+05 2.374653e+05 2.374691e+05 2.374810e+05 2.374884e+05 2.374968e+05 2.375157e+05 2.375364e+05 2.375573e+05 2.375794e+05 2.376145e+05 2.376989e+05 2.379081e+05 2.465736e+05 2.881795e+05 3.807810e+05 5.199424e+05 6.869814e+05 8.614658e+05 1.175565e+06 1.402428e+06 1.541388e+06 1.612452e+06 1.636791e+06 1.631133e+06
2.374917e+05 2.374917e+05 2.374917e+05 2.374917e+05 2.374918e+05 2.374933e+05 2.374977e+05 2.375119e+05 2.375210e+05 2.375312e+05 2.375541e+05 2.375792e+05 2.376052e+05 2.376335e+05 2.376767e+05 2.377725e+05 2.379982e+05 2.469592e+05 2.896208e+05 3.842283e+05 5.259280e+05 6.954411e+05 8.719676e+05 1.188385e+06 1.415077e+06 1.551948e+06 1.620095e+06 1.641513e+06 1.633474e+06
2.375253e+05 2.375253e+05 2.375253e+05 2.375253e+05 2.375254e+05 2.375266e+05 2.375302e+05 2.375449e+05 2.375556e+05 2.375680e+05 2.375963e+05 2.376273e+05 2.376598e+05 2.376955e+05 2.377476e+05 2.378550e+05 2.380972e+05 2.473532e+05 2.910874e+05 3.877495e+05 5.320424e+05 7.040416e+05 8.825545e+05 1.201093e+06 1.427538e+06 1.562374e+06 1.627688e+06 1.646272e+06 1.635801e+06
2.375656e+05 2.375656e+05 2.375656e+05 2.375656e+05 2.375657e+05 2.375682e+05 2.375753e+05 2.375978e+05 2.376115e+05 2.376265e+05 2.376594e+05 2.376952e+05 2.377332e+05 2.377757e+05 2.378363e+05 2.379551e+05 2.382136e+05 2.477642e+05 2.925865e+05 3.913480e+05 5.382867e+05 7.127861e+05 8.932333e+05 1.213687e+06 1.439783e+06 1.572625e+06 1.635192e+06 1.651026e+06 1.638138e+06
2.376810e+05 2.376810e+05 2.376810e+05 2.376810e+05 2.376811e+05 2.376822e+05 2.376857e+05 2.377000e+05 2.377109e+05 2.377238e+05 2.377553e+05 2.377926e+05 2.378345e+05 2.378828e+05 2.379514e+05 2.380812e+05 2.383556e+05 2.482001e+05 2.941249e+05 3.950271e+05 5.446610e+05 7.216747e+05 9.040077e+05 1.226166e+06 1.451790e+06 1.582665e+06 1.642570e+06 1.655740e+06 1.640521e+06
2.378013e+05 2.378013e+05 2.378013e+05 2.378014e+05 2.378014e+05 2.378029e+05 2.378072e+05 2.378228e+05 2.378341e+05 2.378477e+05 2.378814e+05 2.379221e+05 2.379687e+05 2.380231e+05 2.380997e+05 2.382403e+05 2.385303e+05 2.486684e+05 2.957089e+05 3.987897e+05 5.511637e+05 7.307052e+05 9.148777e+05 1.238528e+06 1.463537e+06 1.592460e+06 1.649786e+06 1.660381e+06 1.642928e+06
2.379376e+05 2.379376e+05 2.379376e+05 2.379377e+05 2.379377e+05 2.379403e+05 2.379472e+05 2.379706e+05 2.379860e+05 2.380034e+05 2.380434e+05 2.380899e+05 2.381424e+05 2.382036e+05 2.382883e+05 2.384396e+05 2.387449e+05 2.491757e+05 2.973445e+05 4.026383e+05 5.577927e+05 7.398725e+05 9.258398e+05 1.250773e+06 1.475008e+06 1.601979e+06 1.656809e+06 1.664920e+06 1.645317e+06
2.381566e+05 2.381566e+05 2.381566e+05 2.381566e+05 2.381567e+05 2.381586e+05 2.381640e+05 2.381842e+05 2.381985e+05 2.382156e+05 2.382570e+05 2.383069e+05 2.383643e+05 2.384317e+05 2.385241e+05 2.386856e+05 2.390057e+05 2.497283e+05 2.990371e+05 4.065749e+05 5.645442e+05 7.491695e+05 9.368876e+05 1.262895e+06 1.486189e+06 1.611194e+06 1.663606e+06 1.669327e+06 1.647661e+06
2.384260e+05 2.384260e+05 2.384260e+05 2.384260e+05 2.384260e+05 2.384272e+05 2.384314e+05 2.384499e+05 2.384642e+05 2.384817e+05 2.385253e+05 2.385788e+05 2.386410e+05 2.387140e+05 2.388136e+05 2.389845e+05 2.393185e+05 2.503313e+05 3.007914e+05 4.106008e+05 5.714137e+05 7.585868e+05 9.480112e+05 1.274891e+06 1.497067e+06 1.620080e+06 1.670150e+06 1.673578e+06 1.649934e+06
2.387275e+05 2.387275e+05 2.387275e+05 2.387276e+05 2.387277e+05 2.387303e+05 2.387382e+05 2.387657e+05 2.387839e+05 2.388047e+05 2.388535e+05 2.389115e+05 2.389781e+05 2.390561e+05 2.391617e+05 2.393411e+05 2.396882e+05 2.509894e+05 3.026115e+05 4.147167e+05 5.783953e+05 7.681129e+05 9.591979e+05 1.286752e+06 1.507631e+06 1.628617e+06 1.676413e+06 1.677647e+06 1.652114e+06
2.391381e+05 2.391381e+05 2.391381e+05 2.391381e+05 2.391382e+05 2.391400e+05 2.391455e+05 2.391674e+05 2.391839e+05 2.392037e+05 2.392525e+05 2.393118e+05 2.393807e+05 2.394621e+05 2.395724e+05 2.397591e+05 2.401181e+05 2.517063e+05 3.045010e+05 4.189226e+05 5.854818e+05 7.777342e+05 9.704320e+05 1.298469e+06 1.517871e+06 1.636784e+06 1.682372e+06 1.681511e+06 1.654180e+06
2.396029e+05 2.396029e+05 2.396029e+05 2.396029e+05 2.396030e+05 2.396052e+05 2.396116e+05 2.396350e+05 2.396517e+05 2.396716e+05 2.397203e+05 2.397799e+05 2.398499e+05 2.399334e+05 2.400474e+05 2.402403e+05 2.406104e+05 2.524849e+05 3.064624e+05 4.232173e+05 5.926650e+05 7.874352e+05 9.816953e+05 1.310030e+06 1.527777e+06 1.644566e+06 1.688005e+06 1.685147e+06 1.656114e+06
2.401363e+05 2.401363e+05 2.401363e+05 2.401363e+05 2.401364e+05 2.401385e+05 2.401449e+05 2.401686e+05 2.401855e+05 2.402054e+05 2.402539e+05 2.403134e+05 2.403840e+05 2.404692e+05 2.405864e+05 2.407852e+05 2.411660e+05 2.533277e+05 3.084977e+05 4.275988e+05 5.999349e+05 7.971984e+05 9.929669e+05 1.321422e+06 1.537342e+06 1.651949e+06 1.693293e+06 1.688537e+06 1.657897e+06
2.407396e+05 2.407396e+05 2.407396e+05 2.407396e+05 2.407397e+05 2.407416e+05 2.407475e+05 2.407690e+05 2.407845e+05 2.408031e+05 2.408499e+05 2.409093e+05 2.409809e+05 2.410684e+05 2.411892e+05 2.413942e+05 2.417858e+05 2.542364e+05 3.106083e+05 4.320641e+05 6.072803e+05 8.070045e+05 1.004224e+06 1.332627e+06 1.546555e+06 1.658921e+06 1.698217e+06 1.691661e+06 1.659512e+06
2.413955e+05 2.413955e+05 2.413955e+05 2.413955e+05 2.413956e+05 2.413970e+05 2.414014e+05 2.414199e+05 2.414347e+05 2.414535e+05 2.415022e+05 2.415646e+05 2.416397e+05 2.417309e+05 2.418564e+05 2.420681e+05 2.424709e+05 2.552128e+05 3.127947e+05 4.366088e+05 6.146885e+05 8.168324e+05 1.015440e+06 1.343627e+06 1.555407e+06 1.665472e+06 1.702765e+06 1.694504e+06 1.660945e+06
2.420716e+05 2.420716e+05 2.420716e+05 2.420716e+05 2.420717e+05 2.420748e+05 2.420833e+05 2.421136e+05 2.421345e+05 2.421587e+05 2.422161e+05 2.422846e+05 2.423646e+05 2.424601e+05 2.425904e+05 2.428089e+05 2.432229e+05 2.562582e+05 3.150569e+05 4.412275e+05 6.221451e+05 8.266590e+05 1.026590e+06 1.354402e+06 1.563891e+06 1.671595e+06 1.706923e+06 1.697050e+06 1.662181e+06
2.428638e+05 2.428638e+05 2.428638e+05 2.428639e+05 2.428640e+05 2.428673e+05 2.428769e+05 2.429089e+05 2.429300e+05 2.429542e+05 2.430115e+05 2.430807e+05 2.431622e+05 2.432602e+05 2.433943e+05 2.436188e+05 2.440437e+05 2.573738e+05 3.173942e+05 4.459137e+05 6.296342e+05 8.364598e+05 1.037643e+06 1.364929e+06 1.571994e+06 1.677282e+06 1.710682e+06 1.699286e+06 1.663206e+06
2.437851e+05 2.437851e+05 2.437851e+05 2.437851e+05 2.437851e+05 2.437860e+05 2.437889e+05 2.438036e+05 2.438173e+05 2.438355e+05 2.438852e+05 2.439512e+05 2.440322e+05 2.441316e+05 2.442688e+05 2.444991e+05 2.449345e+05 2.585606e+05 3.198050e+05 4.506593e+05 6.371384e+05 8.462086e+05 1.048570e+06 1.375185e+06 1.579709e+06 1.682528e+06 1.714034e+06 1.701202e+06 1.664011e+06
2.446846e+05 2.446846e+05 2.446846e+05 2.446846e+05 2.446847e+05 2.446875e+05 2.446950e+05 2.447212e+05 2.447397e+05 2.447618e+05 2.448169e+05 2.448865e+05 2.449705e+05 2.450730e+05 2.452139e+05 2.454502e+05 2.458962e+05 2.598191e+05 3.222871e+05 4.554551e+05 6.446386e+05 8.558776e+05 1.059338e+06 1.385146e+06 1.587024e+06 1.687330e+06 1.716972e+06 1.702789e+06 1.664583e+06
2.456649e+05 2.456649e+05 2.456649e+05 2.456649e+05 2.456650e+05 2.456680e+05 2.456769e+05 2.457091e+05 2.457312e+05 2.457569e+05 2.458182e+05 2.458925e+05 2.459803e+05 2.460862e+05 2.462311e+05 2.464733e+05 2.469299e+05 2.611497e+05 3.248376e+05 4.602904e+05 6.521143e+05 8.654381e+05 1.069914e+06 1.394784e+06 1.593928e+06 1.691683e+06 1.719493e+06 1.704038e+06 1.664914e+06
2.467682e+05 2.467682e+05 2.467682e+05 2.467682e+05 2.467683e+05 2.467703e+05 2.467765e+05 2.468016e+05 2.468207e+05 2.468442e+05 2.469033e+05 2.469775e+05 2.470664e+05 2.471743e+05 2.473223e+05 2.475698e+05 2.480364e+05 2.625523e+05 3.274526e+05 4.651535e+05 6.595436e+05 8.748597e+05 1.080266e+06 1.404075e+06 1.600411e+06 1.695587e+06 1.721594e+06 1.704945e+06 1.664997e+06
2.479305e+05 2.479305e+05 2.479305e+05 2.479305e+05 2.479306e+05 2.479327e+05 2.479394e+05 2.479650e+05 2.479840e+05 2.480071e+05 2.480653e+05 2.481391e+05 2.482283e+05 2.483373e+05 2.484876e+05 2.487399e+05 2.492162e+05 2.640267e+05 3.301277e+05 4.700312e+05 6.669033e+05 8.841117e+05 1.090358e+06 1.412992e+06 1.606462e+06 1.699039e+06 1.723274e+06 1.705506e+06 1.664825e+06
2.491592e+05 2.491592e+05 2.491592e+05 2.491592e+05 2.491593e+05 2.491616e+05 2.491687e+05 2.491960e+05 2.492158e+05 2.492396e+05 2.492990e+05 2.493736e+05 2.494636e+05 2.495739e+05 2.497265e+05 2.499834e+05 2.504691e+05 2.655722e+05 3.328576e+05 4.749092e+05 6.741691e+05 8.931625e+05 1.100157e+06 1.421509e+06 1.612069e+06 1.702038e+06 1.724535e+06 1.705718e+06 1.664393e+06
2.504657e+05 2.504657e+05 2.504657e+05 2.504657e+05 2.504658e+05 2.504680e+05 2.504749e+05 2.505018e+05 2.505216e+05 2.505454e+05 2.506052e+05 2.506805e+05 2.507716e+05 2.508833e+05 2.510383e+05 2.512998e+05 2.517949e+05 2.671878e+05 3.356363e+05 4.797725e+05 6.813161e+05 9.019801e+05 1.109628e+06 1.429599e+06 1.617222e+06 1.704586e+06 1.725377e+06 1.705580e+06 1.663697e+06
2.518438e+05 2.518438e+05 2.518438e+05 2.518438e+05 2.518439e+05 2.518461e+05 2.518529e+05 2.518797e+05 2.518995e+05 2.519234e+05 2.519835e+05 2.520595e+05 2.521517e+05 2.522650e+05 2.524226e+05 2.526889e+05 2.531935e+05 2.688724e+05 3.384573e+05 4.846049e+05 6.883185e+05 9.105328e+05 1.118738e+06 1.437238e+06 1.621912e+06 1.706682e+06 1.725805e+06 1.705094e+06 1.662736e+06
2.532913e+05 2.532913e+05 2.532913e+05 2.532913e+05 2.532914e+05 2.532937e+05 2.533007e+05 2.533279e+05 2.533479e+05 2.533722e+05 2.534331e+05 2.535103e+05 2.536040e+05 2.537192e+05 2.538796e+05 2.541508e+05 2.546649e+05 2.706249e+05 3.413135e+05 4.893897e+05 6.951505e+05 9.187890e+05 1.127455e+06 1.444401e+06 1.626128e+06 1.708327e+06 1.725823e+06 1.704262e+06 1.661508e+06
2.548102e+05 2.548102e+05 2.548102e+05 2.548102e+05 2.548103e+05 2.548126e+05 2.548197e+05 2.548474e+05 2.548678e+05 2.548925e+05 2.549547e+05 2.550335e+05 2.551290e+05 2.552464e+05 2.554098e+05 2.556861e+05 2.562096e+05 2.724438e+05 3.441974e+05 4.941098e+05 7.017862e+05 9.267182e+05 1.135747e+06 1.451066e+06 1.629861e+06 1.709524e+06 1.725436e+06 1.703087e+06 1.660013e+06
2.564021e+05 2.564021e+05 2.564021e+05 2.564021e+05 2.564022e+05 2.564045e+05 2.564117e+05 2.564400e+05 2.564609e+05 2.564863e+05 2.565502e+05 2.566308e+05 2.567284e+05 2.568480e+05 2.570144e+05 2.572955e+05 2.578282e+05 2.743278e+05 3.471013e+05 4.987480e+05 7.082005e+05 9.342909e+05 1.143585e+06 1.457212e+06 1.633105e+06 1.710276e+06 1.724651e+06 1.701574e+06 1.658252e+06
2.580689e+05 2.580689e+05 2.580689e+05 2.580689e+05 2.580690e+05 2.580715e+05 2.580792e+05 2.581090e+05 2.581308e+05 2.581571e+05 2.582226e+05 2.583047e+05 2.584039e+05 2.585254e+05 2.586943e+05 2.589799e+05 2.595213e+05 2.762752e+05 3.500172e+05 5.032873e+05 7.143687e+05 9.414792e+05 1.150942e+06 1.462820e+06 1.635852e+06 1.710585e+06 1.723475e+06 1.699729e+06 1.656229e+06
2.598204e+05 2.598204e+05 2.598204e+05 2.598204e+05 2.598205e+05 2.598230e+05 2.598308e+05 2.598610e+05 2.598828e+05 2.599091e+05 2.599745e+05 2.600568e+05 2.601565e+05 2.602791e+05 2.604500e+05 2.607396e+05 2.612891e+05 2.782844e+05 3.529372e+05 5.077110e+05 7.202677e+05 9.482574e+05 1.157792e+06 1.467874e+06 1.638097e+06 1.710457e+06 1.721916e+06 1.697559e+06 1.653946e+06
2.616586e+05 2.616586e+05 2.616586e+05 2.616587e+05 2.616587e+05 2.616609e+05 2.616676e+05 2.616947e+05 2.617150e+05 2.617400e+05 2.618035e+05 2.618851e+05 2.619849e+05 2.621084e+05 2.622811e+05 2.625744e+05 2.631314e+05 2.803534e+05 3.558534e+05 5.120035e+05 7.258759e+05 9.546019e+05 1.164113e+06 1.472359e+06 1.639837e+06 1.709895e+06 1.719983e+06 1.695071e+06 1.651408e+06
2.635577e+05 2.635577e+05 2.635577e+05 2.635577e+05 2.635578e+05 2.635599e+05 2.635665e+05 2.635932e+05 2.636137e+05 2.636389e+05 2.637035e+05 2.637863e+05 2.638875e+05 2.640124e+05 2.641871e+05 2.644839e+05 2.650480e+05 2.824803e+05 3.587583e+05 5.161501e+05 7.311740e+05 9.604921e+05 1.169887e+06 1.476263e+06 1.641069e+06 1.708906e+06 1.717684e+06 1.692274e+06 1.648620e+06
2.655124e+05 2.655124e+05 2.655124e+05 2.655125e+05 2.655125e+05 2.655154e+05 2.655239e+05 2.655562e+05 2.655795e+05 2.656073e+05 2.656760e+05 2.657617e+05 2.658649e+05 2.659915e+05 2.661680e+05 2.664681e+05 2.670385e+05 2.846631e+05 3.616448e+05 5.201376e+05 7.361449e+05 9.659105e+05 1.175098e+06 1.479578e+06 1.641793e+06 1.707496e+06 1.715031e+06 1.689178e+06 1.645589e+06
2.675659e+05 2.675659e+05 2.675659e+05 2.675659e+05 2.675660e+05 2.675688e+05 2.675774e+05 2.676101e+05 2.676336e+05 2.676615e+05 2.677303e+05 2.678162e+05 2.679196e+05 2.680466e+05 2.682242e+05 2.685267e+05 2.691026e+05 2.868997e+05 3.645068e+05 5.239545e+05 7.407742e+05 9.708429e+05 1.179733e+06 1.482299e+06 1.642010e+06 1.705672e+06 1.712034e+06 1.685792e+06 1.642322e+06
2.697193e+05 2.697193e+05 2.697193e+05 2.697193e+05 2.697194e+05 2.697214e+05 2.697279e+05 2.697547e+05 2.697751e+05 2.698003e+05 2.698649e+05 2.699481e+05 2.700500e+05 2.701764e+05 2.703543e+05 2.706586e+05 2.712391e+05 2.891883e+05 3.673385e+05 5.275914e+05 7.450507e+05 9.752788e+05 1.183785e+06 1.484421e+06 1.641723e+06 1.703443e+06 1.708703e+06 1.682126e+06 1.638825e+06
2.719240e+05 2.719240e+05 2.719240e+05 2.719240e+05 2.719241e+05 2.719261e+05 2.719325e+05 2.719585e+05 2.719785e+05 2.720032e+05 2.720670e+05 2.721497e+05 2.722514e+05 2.723778e+05 2.725562e+05 2.728622e+05 2.734467e+05 2.915270e+05 3.701357e+05 5.310410e+05 7.489664e+05 9.792115e+05 1.187248e+06 1.485947e+06 1.640936e+06 1.700819e+06 1.705051e+06 1.678193e+06 1.635108e+06
2.741739e+05 2.741739e+05 2.741739e+05 2.741740e+05 2.741740e+05 2.741768e+05 2.741850e+05 2.742162e+05 2.742389e+05 2.742660e+05 2.743335e+05 2.744186e+05 2.745217e+05 2.746491e+05 2.748285e+05 2.751362e+05 2.757243e+05 2.939141e+05 3.728948e+05 5.342982e+05 7.525164e+05 9.826380e+05 1.190124e+06 1.486878e+06 1.639658e+06 1.697808e+06 1.701089e+06 1.674002e+06 1.631179e+06
2.765101e+05 2.765101e+05 2.765101e+05 2.765101e+05 2.765102e+05 2.765129e+05 2.765212e+05 2.765533e+05 2.765765e+05 2.766044e+05 2.766731e+05 2.767591e+05 2.768628e+05 2.769907e+05 2.771707e+05 2.774796e+05 2.780707e+05 2.963486e+05 3.756138e+05 5.373607e+05 7.556995e+05 9.855593e+05 1.192413e+06 1.487222e+06 1.637896e+06 1.694422e+06 1.696829e+06 1.669567e+06 1.627047e+06
2.789369e+05 2.789369e+05 2.789369e+05 2.789369e+05 2.789370e+05 2.789392e+05 2.789462e+05 2.789746e+05 2.789959e+05 2.790220e+05 2.790879e+05 2.791720e+05 2.792745e+05 2.794018e+05 2.795818e+05 2.798917e+05 2.804850e+05 2.988295e+05 3.782917e+05 5.402283e+05 7.585178e+05 9.879803e+05 1.194125e+06 1.486988e+06 1.635661e+06 1.690674e+06 1.692285e+06 1.664899e+06 1.622723e+06
2.814237e+05 2.814237e+05 2.814237e+05 2.814237e+05 2.814238e+05 2.814260e+05 2.814328e+05 2.814598e+05 2.814801e+05 2.815051e+05 2.815690e+05 2.816515e+05 2.817531e+05 2.818800e+05 2.820602e+05 2.823710e+05 2.829663e+05 3.013563e+05 3.809290e+05 5.429033e+05 7.609767e+05 9.899095e+05 1.195270e+06 1.486188e+06 1.632964e+06 1.686574e+06 1.687470e+06 1.660010e+06 1.618215e+06
2.839601e+05 2.839601e+05 2.839601e+05 2.839601e+05 2.839602e+05 2.839626e+05 2.839699e+05 2.839983e+05 2.840194e+05 2.840449e+05 2.841098e+05 2.841930e+05 2.842953e+05 2.844230e+05 2.846042e+05 2.849164e+05 2.855137e+05 3.039294e+05 3.835272e+05 5.453905e+05 7.630846e+05 9.913589e+05 1.195861e+06 1.484838e+06 1.629820e+06 1.682137e+06 1.682396e+06 1.654913e+06 1.613535e+06
2.865575e+05 2.865575e+05 2.865575e+05 2.865575e+05 2.865576e+05 2.865600e+05 2.865674e+05 2.865967e+05 2.866185e+05 2.866450e+05 2.867119e+05 2.867971e+05 2.869014e+05 2.870310e+05 2.872141e+05 2.875282e+05 2.881274e+05 3.065492e+05 3.860890e+05 5.476965e+05 7.648532e+05 9.923439e+05 1.195917e+06 1.482954e+06 1.626244e+06 1.677376e+06 1.677077e+06 1.649620e+06 1.608693e+06
2.892207e+05 2.892207e+05 2.892207e+05 2.892207e+05 2.892208e+05 2.892232e+05 2.892309e+05 2.892614e+05 2.892840e+05 2.893114e+05 2.893804e+05 2.894679e+05 2.895744e+05 2.897062e+05 2.898915e+05 2.902076e+05 2.908085e+05 3.092169e+05 3.886184e+05 5.498301e+05 7.662963e+05 9.928825e+05 1.195457e+06 1.480556e+06 1.622253e+06 1.672307e+06 1.671528e+06 1.644145e+06 1.603699e+06
2.919566e+05 2.919566e+05 2.919566e+05 2.919566e+05 2.919567e+05 2.919593e+05 2.919674e+05 2.919990e+05 2.920223e+05 2.920504e+05 2.921207e+05 2.922096e+05 2.923176e+05 2.924512e+05 2.926384e+05 2.929562e+05 2.935584e+05 3.119339e+05 3.911197e+05 5.518016e+05 7.674304e+05 9.929958e+05 1.194506e+06 1.477666e+06 1.617864e+06 1.666945e+06 1.665761e+06 1.638499e+06 1.598564e+06
2.947735e+05 2.947735e+05 2.947735e+05 2.947736e+05 2.947736e+05 2.947762e+05 2.947842e+05 2.948150e+05 2.948377e+05 2.948653e+05 2.949350e+05 2.950239e+05 2.951328e+05 2.952677e+05 2.954565e+05 2.957757e+05 2.963784e+05 3.147017e+05 3.935982e+05 5.536225e+05 7.682739e+05 9.927068e+05 1.193087e+06 1.474308e+06 1.613097e+06 1.661306e+06 1.659792e+06 1.632695e+06 1.593299e+06
2.976643e+05 2.976643e+05 2.976643e+05 2.976643e+05 2.976644e+05 2.976667e+05 2.976740e+05 2.977028e+05 2.977246e+05 2.977514e+05 2.978203e+05 2.979097e+05 2.980198e+05 2.981564e+05 2.983469e+05 2.986672e+05 2.992698e+05 3.175220e+05 3.960596e+05 5.553058e+05 7.688466e+05 9.920404e+05 1.191229e+06 1.470507e+06 1.607972e+06 1.655405e+06 1.653634e+06 1.626747e+06 1.587914e+06
3.006122e+05 3.006122e+05 3.006122e+05 3.006122e+05 3.006123e+05 3.006146e+05 3.006218e+05 3.006514e+05 3.006740e+05 3.007021e+05 3.007742e+05 3.008669e+05 3.009800e+05 3.011190e+05 3.013111e+05 3.016321e+05 3.022334e+05 3.203958e+05 3.985096e+05 5.568647e+05 7.691696e+05 9.910229e+05 1.188960e+06 1.466289e+06 1.602510e+06 1.649260e+06 1.647302e+06 1.620667e+06 1.582421e+06
3.036186e+05 3.036186e+05 3.036186e+05 3.036186e+05 3.036187e+05 3.036219e+05 3.036316e+05 3.036682e+05 3.036947e+05 3.037265e+05 3.038050e+05 3.039023e+05 3.040183e+05 3.041588e+05 3.043513e+05 3.046714e+05 3.052699e+05 3.233241e+05 4.009541e+05 5.583134e+05 7.692649e+05 9.896820e+05 1.186309e+06 1.461682e+06 1.596734e+06 1.642888e+06 1.640810e+06 1.614466e+06 1.576830e+06
