1.312741e+08 1.083826e+08 9.824423e+07 7.862615e+07 7.522213e+07 7.235813e+07 6.850320e+07 6.202580e+07 5.959624e+07 5.755587e+07 5.432192e+07 5.186668e+07 4.989335e+07 4.818194e+07 4.657179e+07 4.495669e+07 4.327815e+07 3.396218e+07 2.541722e+07 1.932713e+07 1.537889e+07 1.284748e+07 1.118437e+07 9.242527e+06 8.180539e+06 7.499962e+06 7.003324e+06 6.605379e+06 6.266674e+06
7.317487e+07 7.317572e+07 7.317774e+07 7.317786e+07 7.294031e+07 7.056390e+07 6.709461e+07 6.118282e+07 5.890756e+07 5.698138e+07 5.390409e+07 5.155009e+07 4.964606e+07 4.798340e+07 4.640793e+07 4.481757e+07 4.315675e+07 3.388166e+07 2.535702e+07 1.928291e+07 1.534650e+07 1.282340e+07 1.116607e+07 9.231120e+06 8.172692e+06 7.494059e+06 6.998540e+06 6.601276e+06 6.263016e+06
6.976270e+07 6.976283e+07 6.976313e+07 6.976298e+07 6.972752e+07 6.841963e+07 6.506652e+07 6.004694e+07 5.803405e+07 5.628228e+07 5.342139e+07 5.119552e+07 4.937468e+07 4.776856e+07 4.623232e+07 4.466947e+07 4.302812e+07 3.379743e+07 2.529464e+07 1.923742e+07 1.531337e+07 1.279888e+07 1.114747e+07 9.219578e+06 8.164770e+06 7.488107e+06 6.993720e+06 6.597146e+06 6.259335e+06
6.600235e+07 6.600240e+07 6.600252e+07 6.600265e+07 6.599165e+07 6.484843e+07 6.348607e+07 5.869433e+07 5.699495e+07 5.546542e+07 5.287576e+07 5.080396e+07 4.907984e+07 4.753779e+07 4.604517e+07 4.451248e+07 4.289228e+07 3.370941e+07 2.523006e+07 1.919067e+07 1.527950e+07 1.277389e+07 1.112859e+07 9.207899e+06 8.156772e+06 7.482106e+06 6.988864e+06 6.592988e+06 6.255632e+06
6.277089e+07 6.277091e+07 6.277097e+07 6.277124e+07 6.276702e+07 6.206492e+07 6.115318e+07 5.745953e+07 5.588173e+07 5.456315e+07 5.227406e+07 5.037784e+07 4.876267e+07 4.729169e+07 4.584681e+07 4.434677e+07 4.274928e+07 3.361754e+07 2.516325e+07 1.914264e+07 1.524488e+07 1.274845e+07 1.110941e+07 9.196085e+06 8.148699e+06 7.476057e+06 6.983973e+06 6.588802e+06 6.251905e+06
6.008186e+07 6.008188e+07 6.008192e+07 6.008233e+07 6.008073e+07 5.969447e+07 5.877605e+07 5.649245e+07 5.491451e+07 5.365283e+07 5.163188e+07 4.992194e+07 4.842511e+07 4.703118e+07 4.563768e+07 4.417253e+07 4.259919e+07 3.352175e+07 2.509416e+07 1.909332e+07 1.520951e+07 1.272256e+07 1.108995e+07 9.184134e+06 8.140550e+06 7.469958e+06 6.979047e+06 6.584588e+06 6.248155e+06
5.784331e+07 5.784332e+07 5.784335e+07 5.784373e+07 5.784331e+07 5.762875e+07 5.679913e+07 5.546172e+07 5.413861e+07 5.288050e+07 5.097785e+07 4.944469e+07 4.807034e+07 4.675767e+07 4.541845e+07 4.399007e+07 4.244212e+07 3.342200e+07 2.502277e+07 1.904270e+07 1.517338e+07 1.269621e+07 1.107019e+07 9.172049e+06 8.132327e+06 7.463811e+06 6.974085e+06 6.580346e+06 6.244382e+06
5.596656e+07 5.596657e+07 5.596659e+07 5.596697e+07 5.596714e+07 5.584420e+07 5.518248e+07 5.429239e+07 5.336155e+07 5.224847e+07 5.035874e+07 4.895952e+07 4.770329e+07 4.647322e+07 4.519005e+07 4.379982e+07 4.227825e+07 3.331821e+07 2.494907e+07 1.899077e+07 1.513650e+07 1.266940e+07 1.105015e+07 9.159830e+06 8.124029e+06 7.457616e+06 6.969088e+06 6.576076e+06 6.240586e+06
5.438094e+07 5.438095e+07 5.438097e+07 5.438139e+07 5.438189e+07 5.431019e+07 5.381723e+07 5.307465e+07 5.250923e+07 5.163727e+07 4.984462e+07 4.848623e+07 4.733116e+07 4.618084e+07 4.495383e+07 4.360240e+07 4.210785e+07 3.321033e+07 2.487301e+07 1.893753e+07 1.509886e+07 1.264214e+07 1.102981e+07 9.147476e+06 8.115656e+06 7.451372e+06 6.964056e+06 6.571778e+06 6.236766e+06
5.303236e+07 5.303237e+07 5.303239e+07 5.303279e+07 5.303346e+07 5.299106e+07 5.263122e+07 5.191476e+07 5.159753e+07 5.098974e+07 4.941326e+07 4.805407e+07 4.696391e+07 4.588468e+07 4.471165e+07 4.339864e+07 4.193130e+07 3.309834e+07 2.479458e+07 1.888297e+07 1.506046e+07 1.261442e+07 1.100919e+07 9.134988e+06 8.107209e+06 7.445080e+06 6.958988e+06 6.567452e+06 6.232924e+06
5.187923e+07 5.187923e+07 5.187924e+07 5.187952e+07 5.187996e+07 5.184854e+07 5.158095e+07 5.087011e+07 5.068030e+07 5.029748e+07 4.901184e+07 4.769898e+07 4.661501e+07 4.559024e+07 4.446599e+07 4.318971e+07 4.174912e+07 3.298218e+07 2.471376e+07 1.882708e+07 1.502131e+07 1.258624e+07 1.098828e+07 9.122368e+06 8.098688e+06 7.438740e+06 6.953885e+06 6.563099e+06 6.229058e+06
4.772952e+07 4.772953e+07 4.772953e+07 4.772976e+07 4.773032e+07 4.773380e+07 4.769117e+07 4.730445e+07 4.712249e+07 4.703823e+07 4.686686e+07 4.631524e+07 4.544715e+07 4.443607e+07 4.333573e+07 4.213699e+07 4.078778e+07 3.233906e+07 2.427342e+07 1.852765e+07 1.481419e+07 1.243859e+07 1.087946e+07 9.057294e+06 8.054986e+06 7.406322e+06 6.927843e+06 6.540911e+06 6.209382e+06
4.549547e+07 4.549547e+07 4.549548e+07 4.549567e+07 4.549621e+07 4.550684e+07 4.551695e+07 4.541037e+07 4.527861e+07 4.515183e+07 4.502176e+07 4.488369e+07 4.445855e+07 4.367908e+07 4.261519e+07 4.134492e+07 3.992037e+07 3.159983e+07 2.377322e+07 1.819526e+07 1.458845e+07 1.227986e+07 1.076368e+07 8.989014e+06 8.009489e+06 7.372724e+06 6.900927e+06 6.518027e+06 6.189125e+06
4.442240e+07 4.442240e+07 4.442241e+07 4.442257e+07 4.442304e+07 4.443441e+07 4.445723e+07 4.445362e+07 4.437996e+07 4.425630e+07 4.396535e+07 4.369982e+07 4.334801e+07 4.274561e+07 4.182637e+07 4.061917e+07 3.919147e+07 3.079612e+07 2.321805e+07 1.783156e+07 1.434493e+07 1.211057e+07 1.064127e+07 8.917659e+06 7.962255e+06 7.337969e+06 6.873145e+06 6.494446e+06 6.168286e+06
4.406094e+07 4.406095e+07 4.406095e+07 4.406109e+07 4.406149e+07 4.407097e+07 4.408158e+07 4.402378e+07 4.391820e+07 4.375099e+07 4.328595e+07 4.276901e+07 4.223540e+07 4.159585e+07 4.074633e+07 3.964073e+07 3.829662e+07 2.999873e+07 2.261985e+07 1.744014e+07 1.408515e+07 1.193148e+07 1.051267e+07 8.843393e+06 7.913349e+06 7.302083e+06 6.844507e+06 6.470173e+06 6.146864e+06
4.369012e+07 4.369012e+07 4.369012e+07 4.369011e+07 4.368996e+07 4.367443e+07 4.361856e+07 4.339525e+07 4.321717e+07 4.298907e+07 4.240434e+07 4.172605e+07 4.102038e+07 4.026989e+07 3.940532e+07 3.836402e+07 3.712322e+07 2.919846e+07 2.199975e+07 1.702698e+07 1.381146e+07 1.174370e+07 1.037845e+07 8.766422e+06 7.862852e+06 7.265098e+06 6.815025e+06 6.445210e+06 6.124861e+06
4.210433e+07 4.210433e+07 4.210433e+07 4.210429e+07 4.210414e+07 4.209782e+07 4.207070e+07 4.190580e+07 4.175018e+07 4.154273e+07 4.099099e+07 4.030932e+07 3.955673e+07 3.875131e+07 3.786736e+07 3.686321e+07 3.570996e+07 2.832546e+07 2.138960e+07 1.660075e+07 1.352709e+07 1.154869e+07 1.023938e+07 8.686987e+06 7.810855e+06 7.227051e+06 6.784713e+06 6.419562e+06 6.102276e+06
4.007595e+07 4.007595e+07 4.007594e+07 4.007585e+07 4.007557e+07 4.006536e+07 4.003142e+07 3.988392e+07 3.975608e+07 3.958612e+07 3.912582e+07 3.852981e+07 3.783115e+07 3.705071e+07 3.618747e+07 3.522505e+07 3.414676e+07 2.735580e+07 2.078194e+07 1.617355e+07 1.323625e+07 1.134832e+07 1.009636e+07 8.605377e+06 7.757464e+06 7.187982e+06 6.753587e+06 6.393234e+06 6.079112e+06
3.773642e+07 3.773642e+07 3.773641e+07 3.773638e+07 3.773625e+07 3.773113e+07 3.771191e+07 3.761190e+07 3.751630e+07 3.738531e+07 3.702145e+07 3.653341e+07 3.593235e+07 3.522763e+07 3.442423e+07 3.352137e+07 3.251646e+07 2.630090e+07 2.015882e+07 1.575952e+07 1.294419e+07 1.114483e+07 9.950523e+06 8.521925e+06 7.702798e+06 7.147939e+06 6.721664e+06 6.366235e+06 6.055371e+06
3.542110e+07 3.542110e+07 3.542110e+07 3.542107e+07 3.542097e+07 3.541577e+07 3.539795e+07 3.531776e+07 3.524381e+07 3.514241e+07 3.485835e+07 3.446885e+07 3.397041e+07 3.335942e+07 3.263721e+07 3.180855e+07 3.088014e+07 2.519257e+07 1.951400e+07 1.535301e+07 1.265785e+07 1.094090e+07 9.803146e+06 8.437015e+06 7.646991e+06 7.106972e+06 6.688967e+06 6.338571e+06 6.031056e+06
3.316478e+07 3.316478e+07 3.316478e+07 3.316476e+07 3.316471e+07 3.316272e+07 3.315489e+07 3.310430e+07 3.305033e+07 3.297343e+07 3.275248e+07 3.244266e+07 3.203392e+07 3.151375e+07 3.087732e+07 3.012888e+07 2.927896e+07 2.406737e+07 1.884942e+07 1.494799e+07 1.238319e+07 1.073968e+07 9.655717e+06 8.351082e+06 7.590198e+06 7.065141e+06 6.655519e+06 6.310253e+06 6.006172e+06
3.110447e+07 3.110446e+07 3.110446e+07 3.110444e+07 3.110436e+07 3.110161e+07 3.109269e+07 3.104972e+07 3.100656e+07 3.094512e+07 3.076778e+07 3.051675e+07 3.017916e+07 2.973741e+07 2.918116e+07 2.851151e+07 2.773900e+07 2.295660e+07 1.817285e+07 1.454190e+07 1.211643e+07 1.054538e+07 9.509927e+06 8.264613e+06 7.532588e+06 7.022512e+06 6.621345e+06 6.281293e+06 5.980722e+06
2.920140e+07 2.920140e+07 2.920140e+07 2.920139e+07 2.920135e+07 2.919975e+07 2.919389e+07 2.916037e+07 2.912465e+07 2.907338e+07 2.892559e+07 2.871681e+07 2.843374e+07 2.805650e+07 2.757089e+07 2.697439e+07 2.627558e+07 2.188270e+07 1.749506e+07 1.413454e+07 1.185484e+07 1.036023e+07 9.367766e+06 8.178152e+06 7.474349e+06 6.979157e+06 6.586478e+06 6.251703e+06 5.954714e+06
2.746098e+07 2.746098e+07 2.746098e+07 2.746097e+07 2.746092e+07 2.745923e+07 2.745339e+07 2.742345e+07 2.739265e+07 2.734878e+07 2.722328e+07 2.704690e+07 2.680676e+07 2.648251e+07 2.605785e+07 2.552729e+07 2.489690e+07 2.085970e+07 1.682717e+07 1.372763e+07 1.159694e+07 1.018174e+07 9.231909e+06 8.092295e+06 7.415692e+06 6.935158e+06 6.550950e+06 6.221498e+06 5.928154e+06
2.584762e+07 2.584762e+07 2.584762e+07 2.584761e+07 2.584759e+07 2.584655e+07 2.584283e+07 2.582070e+07 2.579581e+07 2.575942e+07 2.565383e+07 2.550448e+07 2.529956e+07 2.501939e+07 2.464697e+07 2.417485e+07 2.360677e+07 1.989520e+07 1.617888e+07 1.332413e+07 1.134214e+07 1.000836e+07 9.102877e+06 8.007708e+06 7.356845e+06 6.890605e+06 6.514800e+06 6.190697e+06 5.901052e+06
2.437562e+07 2.437562e+07 2.437562e+07 2.437561e+07 2.437559e+07 2.437480e+07 2.437192e+07 2.435432e+07 2.433381e+07 2.430336e+07 2.421411e+07 2.408699e+07 2.391102e+07 2.366751e+07 2.333953e+07 2.291852e+07 2.240628e+07 1.899242e+07 1.555762e+07 1.292765e+07 1.109052e+07 9.839061e+06 8.978995e+06 7.925146e+06 7.298060e+06 6.845598e+06 6.478072e+06 6.159319e+06 5.873418e+06
2.303460e+07 2.303460e+07 2.303460e+07 2.303460e+07 2.303458e+07 2.303408e+07 2.303213e+07 2.301860e+07 2.300161e+07 2.297587e+07 2.289959e+07 2.279032e+07 2.263789e+07 2.242467e+07 2.213422e+07 2.175739e+07 2.129454e+07 1.815179e+07 1.496839e+07 1.254181e+07 1.084274e+07 9.673205e+06 8.859231e+06 7.845548e+06 7.239612e+06 6.800247e+06 6.440813e+06 6.127387e+06 5.845265e+06
2.181980e+07 2.181980e+07 2.181980e+07 2.181979e+07 2.181978e+07 2.181929e+07 2.181754e+07 2.180598e+07 2.179130e+07 2.176896e+07 2.170271e+07 2.160774e+07 2.147448e+07 2.128634e+07 2.102750e+07 2.068863e+07 2.026908e+07 1.737203e+07 1.441408e+07 1.216983e+07 1.059982e+07 9.510454e+06 8.742823e+06 7.770058e+06 7.181806e+06 6.754671e+06 6.403077e+06 6.094928e+06 5.816605e+06
2.071411e+07 2.071411e+07 2.071411e+07 2.071411e+07 2.071410e+07 2.071374e+07 2.071248e+07 2.070317e+07 2.069067e+07 2.067137e+07 2.061374e+07 2.053080e+07 2.041356e+07 2.024642e+07 2.001433e+07 1.970805e+07 1.932626e+07 1.665082e+07 1.389587e+07 1.181425e+07 1.036298e+07 9.350740e+06 8.629193e+06 7.698083e+06 7.124982e+06 6.709002e+06 6.364922e+06 6.061969e+06 5.787454e+06
1.970877e+07 1.970877e+07 1.970877e+07 1.970877e+07 1.970877e+07 1.970857e+07 1.970780e+07 1.970077e+07 1.969034e+07 1.967385e+07 1.962390e+07 1.955132e+07 1.944768e+07 1.929828e+07 1.908891e+07 1.881060e+07 1.846165e+07 1.598527e+07 1.341367e+07 1.147687e+07 1.013344e+07 9.194208e+06 8.517922e+06 7.628832e+06 7.069547e+06 6.663385e+06 6.326415e+06 6.028545e+06 5.757831e+06
1.879861e+07 1.879861e+07 1.879861e+07 1.879861e+07 1.879860e+07 1.879850e+07 1.879804e+07 1.879260e+07 1.878378e+07 1.876954e+07 1.872592e+07 1.866199e+07 1.856972e+07 1.843526e+07 1.824517e+07 1.799084e+07 1.767038e+07 1.537215e+07 1.296652e+07 1.115874e+07 9.912319e+06 9.041155e+06 8.408734e+06 7.561746e+06 7.016077e+06 6.617979e+06 6.287626e+06 5.994691e+06 5.727756e+06
1.797585e+07 1.797585e+07 1.797585e+07 1.797585e+07 1.797585e+07 1.797580e+07 1.797552e+07 1.797114e+07 1.796351e+07 1.795101e+07 1.791244e+07 1.785554e+07 1.777266e+07 1.765069e+07 1.747690e+07 1.724310e+07 1.694731e+07 1.480805e+07 1.255289e+07 1.086026e+07 9.700499e+06 8.891959e+06 8.301480e+06 7.496362e+06 6.964898e+06 6.572963e+06 6.248634e+06 5.960446e+06 5.697250e+06
1.723171e+07 1.723171e+07 1.723171e+07 1.723171e+07 1.723171e+07 1.723169e+07 1.723156e+07 1.722802e+07 1.722133e+07 1.721023e+07 1.717572e+07 1.712453e+07 1.704937e+07 1.693781e+07 1.677781e+07 1.656158e+07 1.628713e+07 1.428947e+07 1.217085e+07 1.058129e+07 9.498612e+06 8.747023e+06 8.196116e+06 7.432284e+06 6.915436e+06 6.528544e+06 6.209525e+06 5.925856e+06 5.666340e+06
1.655828e+07 1.655828e+07 1.655828e+07 1.655829e+07 1.655829e+07 1.655830e+07 1.655826e+07 1.655530e+07 1.654936e+07 1.653937e+07 1.650814e+07 1.646161e+07 1.639280e+07 1.628993e+07 1.614161e+07 1.594044e+07 1.568450e+07 1.381290e+07 1.181829e+07 1.032129e+07 9.307022e+06 8.606721e+06 8.092677e+06 7.369172e+06 6.867270e+06 6.484986e+06 6.170395e+06 5.890968e+06 5.635052e+06
1.594796e+07 1.594796e+07 1.594796e+07 1.594797e+07 1.594797e+07 1.594800e+07 1.594802e+07 1.594550e+07 1.594014e+07 1.593104e+07 1.590246e+07 1.585972e+07 1.579614e+07 1.570056e+07 1.556217e+07 1.537396e+07 1.513412e+07 1.337488e+07 1.149300e+07 1.007943e+07 9.125837e+06 8.471361e+06 7.991252e+06 7.306746e+06 6.820068e+06 6.442680e+06 6.131351e+06 5.855836e+06 5.603416e+06
1.539385e+07 1.539385e+07 1.539385e+07 1.539386e+07 1.539386e+07 1.539389e+07 1.539393e+07 1.539168e+07 1.538674e+07 1.537834e+07 1.535189e+07 1.531222e+07 1.525297e+07 1.516351e+07 1.503361e+07 1.485664e+07 1.463088e+07 1.297202e+07 1.119276e+07 9.854663e+06 8.954946e+06 8.341165e+06 7.891954e+06 7.244777e+06 6.773544e+06 6.401537e+06 6.092513e+06 5.820517e+06 5.571467e+06
1.488928e+07 1.488928e+07 1.488928e+07 1.488928e+07 1.488928e+07 1.488932e+07 1.488936e+07 1.488729e+07 1.488268e+07 1.487483e+07 1.485009e+07 1.481292e+07 1.475726e+07 1.467299e+07 1.455041e+07 1.438324e+07 1.416987e+07 1.260103e+07 1.091537e+07 9.645819e+06 8.794056e+06 8.216254e+06 7.794905e+06 7.183090e+06 6.727446e+06 6.361197e+06 6.054031e+06 5.785076e+06 5.539239e+06
1.442827e+07 1.442827e+07 1.442827e+07 1.442827e+07 1.442827e+07 1.442830e+07 1.442834e+07 1.442639e+07 1.442204e+07 1.441462e+07 1.439124e+07 1.435611e+07 1.430344e+07 1.422361e+07 1.410740e+07 1.394887e+07 1.374652e+07 1.225881e+07 1.065872e+07 9.451669e+06 8.642729e+06 8.096652e+06 7.700211e+06 7.121555e+06 6.681551e+06 6.321416e+06 6.016104e+06 5.749584e+06 5.506773e+06
1.400556e+07 1.400556e+07 1.400556e+07 1.400556e+07 1.400556e+07 1.400559e+07 1.400561e+07 1.400367e+07 1.399947e+07 1.399235e+07 1.397002e+07 1.393655e+07 1.388642e+07 1.381046e+07 1.369989e+07 1.354907e+07 1.335659e+07 1.194244e+07 1.042081e+07 9.270965e+06 8.500428e+06 7.982289e+06 7.607953e+06 7.060087e+06 6.635665e+06 6.281994e+06 5.978957e+06 5.714119e+06 5.474110e+06
1.361613e+07 1.361613e+07 1.361613e+07 1.361613e+07 1.361613e+07 1.361612e+07 1.361604e+07 1.361395e+07 1.360984e+07 1.360296e+07 1.358153e+07 1.354952e+07 1.350164e+07 1.342913e+07 1.332363e+07 1.317978e+07 1.299626e+07 1.164922e+07 1.019975e+07 9.102480e+06 8.366545e+06 7.873017e+06 7.518179e+06 6.998636e+06 6.589622e+06 6.242754e+06 5.942373e+06 5.678776e+06 5.441299e+06
1.325431e+07 1.325431e+07 1.325431e+07 1.325431e+07 1.325431e+07 1.325432e+07 1.325430e+07 1.325243e+07 1.324855e+07 1.324200e+07 1.322154e+07 1.319094e+07 1.314514e+07 1.307580e+07 1.297492e+07 1.283743e+07 1.266211e+07 1.137666e+07 9.993805e+06 8.945028e+06 8.240433e+06 7.768623e+06 7.430900e+06 6.937183e+06 6.543285e+06 6.203541e+06 5.906153e+06 5.643668e+06 5.408388e+06
1.291816e+07 1.291816e+07 1.291816e+07 1.291816e+07 1.291816e+07 1.291817e+07 1.291817e+07 1.291643e+07 1.291274e+07 1.290649e+07 1.288692e+07 1.285759e+07 1.281368e+07 1.274721e+07 1.265057e+07 1.251893e+07 1.235114e+07 1.112251e+07 9.801360e+06 8.797485e+06 8.121430e+06 7.668841e+06 7.346090e+06 6.875730e+06 6.496544e+06 6.164217e+06 5.870149e+06 5.608972e+06 5.375436e+06
1.260533e+07 1.260533e+07 1.260533e+07 1.260533e+07 1.260533e+07 1.260533e+07 1.260531e+07 1.260357e+07 1.259999e+07 1.259394e+07 1.257504e+07 1.254676e+07 1.250448e+07 1.244059e+07 1.234781e+07 1.222154e+07 1.206071e+07 1.088474e+07 9.620950e+06 8.658800e+06 8.008875e+06 7.573368e+06 7.263688e+06 6.814297e+06 6.449314e+06 6.124660e+06 5.834241e+06 5.574736e+06 5.342506e+06
1.231297e+07 1.231297e+07 1.231297e+07 1.231297e+07 1.231297e+07 1.231296e+07 1.231291e+07 1.231115e+07 1.230762e+07 1.230172e+07 1.228332e+07 1.225588e+07 1.221502e+07 1.215343e+07 1.206417e+07 1.194285e+07 1.178847e+07 1.066153e+07 9.451247e+06 8.527998e+06 7.902126e+06 7.481880e+06 7.183604e+06 6.752912e+06 6.401536e+06 6.084767e+06 5.798319e+06 5.540787e+06 5.309674e+06
1.203846e+07 1.203846e+07 1.203846e+07 1.203846e+07 1.203846e+07 1.203844e+07 1.203837e+07 1.203656e+07 1.203308e+07 1.202728e+07 1.200929e+07 1.198257e+07 1.194295e+07 1.188345e+07 1.179743e+07 1.168069e+07 1.153232e+07 1.045125e+07 9.291054e+06 8.404184e+06 7.800568e+06 7.394039e+06 7.105723e+06 6.691610e+06 6.353174e+06 6.044447e+06 5.762289e+06 5.507006e+06 5.277036e+06
1.177944e+07 1.177944e+07 1.177944e+07 1.177944e+07 1.177944e+07 1.177942e+07 1.177932e+07 1.177748e+07 1.177405e+07 1.176835e+07 1.175073e+07 1.172467e+07 1.168618e+07 1.162861e+07 1.154560e+07 1.143316e+07 1.129042e+07 1.025247e+07 9.139297e+06 8.286545e+06 7.703621e+06 7.309504e+06 7.029911e+06 6.630429e+06 6.304212e+06 6.003631e+06 5.726069e+06 5.473306e+06 5.244730e+06
1.153390e+07 1.153390e+07 1.153390e+07 1.153390e+07 1.153390e+07 1.153388e+07 1.153378e+07 1.153195e+07 1.152858e+07 1.152299e+07 1.150574e+07 1.148029e+07 1.144287e+07 1.138711e+07 1.130693e+07 1.119854e+07 1.106113e+07 1.006389e+07 8.995017e+06 8.174345e+06 7.610744e+06 7.227940e+06 6.956018e+06 6.569402e+06 6.254650e+06 5.962260e+06 5.689584e+06 5.439609e+06 5.212700e+06
1.130044e+07 1.130044e+07 1.130044e+07 1.130044e+07 1.130044e+07 1.130041e+07 1.130030e+07 1.129847e+07 1.129515e+07 1.128966e+07 1.127275e+07 1.124788e+07 1.121146e+07 1.115740e+07 1.107991e+07 1.097537e+07 1.084301e+07 9.884408e+06 8.857364e+06 8.066921e+06 7.521438e+06 7.149021e+06 6.883890e+06 6.508562e+06 6.204503e+06 5.920295e+06 5.652772e+06 5.405852e+06 5.180836e+06
1.107769e+07 1.107769e+07 1.107769e+07 1.107769e+07 1.107769e+07 1.107766e+07 1.107753e+07 1.107568e+07 1.107240e+07 1.106699e+07 1.105039e+07 1.102606e+07 1.099058e+07 1.093815e+07 1.086323e+07 1.076236e+07 1.063483e+07 9.713017e+06 8.725583e+06 7.963682e+06 7.435248e+06 7.072440e+06 6.813365e+06 6.447935e+06 6.153800e+06 5.877709e+06 5.615580e+06 5.371975e+06 5.149069e+06
1.086429e+07 1.086429e+07 1.086429e+07 1.086429e+07 1.086429e+07 1.086425e+07 1.086412e+07 1.086228e+07 1.085905e+07 1.085374e+07 1.083744e+07 1.081362e+07 1.077905e+07 1.072818e+07 1.065573e+07 1.055839e+07 1.043550e+07 9.548856e+06 8.599007e+06 7.864100e+06 7.351761e+06 6.997907e+06 6.744285e+06 6.387543e+06 6.102577e+06 5.834490e+06 5.577965e+06 5.337930e+06 5.117343e+06
1.065925e+07 1.065925e+07 1.065925e+07 1.065925e+07 1.065925e+07 1.065922e+07 1.065909e+07 1.065729e+07 1.065411e+07 1.064888e+07 1.063287e+07 1.060953e+07 1.057583e+07 1.052647e+07 1.045641e+07 1.036250e+07 1.024410e+07 9.391176e+06 8.477052e+06 7.767710e+06 7.270605e+06 6.925153e+06 6.676493e+06 6.327401e+06 6.050877e+06 5.790637e+06 5.539892e+06 5.303672e+06 5.085609e+06
1.046197e+07 1.046197e+07 1.046197e+07 1.046197e+07 1.046197e+07 1.046192e+07 1.046176e+07 1.045988e+07 1.045670e+07 1.045152e+07 1.043573e+07 1.041285e+07 1.038000e+07 1.033214e+07 1.026443e+07 1.017387e+07 1.005983e+07 9.239332e+06 8.359205e+06 7.674102e+06 7.191451e+06 6.853934e+06 6.609840e+06 6.267520e+06 5.998750e+06 5.746161e+06 5.501339e+06 5.269163e+06 5.053829e+06
1.027098e+07 1.027098e+07 1.027098e+07 1.027098e+07 1.027098e+07 1.027093e+07 1.027076e+07 1.026886e+07 1.026571e+07 1.026060e+07 1.024510e+07 1.022274e+07 1.019081e+07 1.014448e+07 1.007913e+07 9.991849e+06 9.882069e+06 9.092775e+06 8.245022e+06 7.582916e+06 7.114006e+06 6.784026e+06 6.544185e+06 6.207907e+06 5.946247e+06 5.701083e+06 5.462289e+06 5.234374e+06 5.021966e+06
1.008538e+07 1.008538e+07 1.008538e+07 1.008538e+07 1.008538e+07 1.008533e+07 1.008518e+07 1.008340e+07 1.008036e+07 1.007542e+07 1.006038e+07 1.003868e+07 1.000776e+07 9.963008e+06 9.900001e+06 9.815966e+06 9.710335e+06 8.951045e+06 8.134117e+06 7.493841e+06 7.038015e+06 6.715232e+06 6.479398e+06 6.148565e+06 5.893422e+06 5.655432e+06 5.422737e+06 5.199279e+06 4.989990e+06
9.905342e+06 9.905342e+06 9.905342e+06 9.905342e+06 9.905341e+06 9.905312e+06 9.905208e+06 9.903615e+06 9.900738e+06 9.895998e+06 9.881477e+06 9.860492e+06 9.830620e+06 9.787461e+06 9.726771e+06 9.645895e+06 9.544281e+06 8.813757e+06 8.026156e+06 7.406606e+06 6.963255e+06 6.647376e+06 6.415361e+06 6.089491e+06 5.840327e+06 5.609244e+06 5.382685e+06 5.163860e+06 4.957875e+06
9.731595e+06 9.731595e+06 9.731595e+06 9.731595e+06 9.731594e+06 9.731571e+06 9.731485e+06 9.729984e+06 9.727211e+06 9.722628e+06 9.708558e+06 9.688235e+06 9.659362e+06 9.617728e+06 9.559265e+06 9.481420e+06 9.383654e+06 8.680583e+06 7.920852e+06 7.320979e+06 6.889534e+06 6.580305e+06 6.351965e+06 6.030686e+06 5.787016e+06 5.562561e+06 5.342141e+06 5.128102e+06 4.925600e+06
9.564023e+06 9.564023e+06 9.564023e+06 9.564023e+06 9.564022e+06 9.564002e+06 9.563925e+06 9.562483e+06 9.559791e+06 9.555330e+06 9.541634e+06 9.521890e+06 9.493923e+06 9.453707e+06 9.397337e+06 9.322358e+06 9.228240e+06 8.551244e+06 7.817958e+06 7.236760e+06 6.816691e+06 6.513887e+06 6.289118e+06 5.972143e+06 5.733541e+06 5.515429e+06 5.301122e+06 5.091998e+06 4.893145e+06
9.402396e+06 9.402396e+06 9.402396e+06 9.402396e+06 9.402395e+06 9.402375e+06 9.402301e+06 9.400904e+06 9.398276e+06 9.393919e+06 9.380543e+06 9.361303e+06 9.334150e+06 9.295232e+06 9.240806e+06 9.168509e+06 9.077821e+06 8.425486e+06 7.717256e+06 7.153782e+06 6.744587e+06 6.448010e+06 6.226736e+06 5.913861e+06 5.679951e+06 5.467898e+06 5.259648e+06 5.055547e+06 4.860498e+06
9.246413e+06 9.246413e+06 9.246413e+06 9.246413e+06 9.246413e+06 9.246394e+06 9.246325e+06 9.244963e+06 9.242391e+06 9.238122e+06 9.225024e+06 9.206227e+06 9.179802e+06 9.142070e+06 9.089438e+06 9.019636e+06 8.932159e+06 8.303077e+06 7.618560e+06 7.071900e+06 6.673109e+06 6.382580e+06 6.164751e+06 5.855834e+06 5.626293e+06 5.420019e+06 5.217748e+06 5.018752e+06 4.827646e+06
9.095763e+06 9.095763e+06 9.095763e+06 9.095763e+06 9.095762e+06 9.095743e+06 9.095673e+06 9.094331e+06 9.091802e+06 9.087608e+06 9.074751e+06 9.056345e+06 9.030575e+06 8.993923e+06 8.942947e+06 8.875465e+06 8.790986e+06 8.183796e+06 7.521702e+06 6.990996e+06 6.602165e+06 6.317522e+06 6.103104e+06 5.798059e+06 5.572613e+06 5.371845e+06 5.175453e+06 4.981619e+06 4.794584e+06
8.950049e+06 8.950049e+06 8.950049e+06 8.950049e+06 8.950048e+06 8.950029e+06 8.949957e+06 8.948625e+06 8.946132e+06 8.942002e+06 8.929355e+06 8.911297e+06 8.886118e+06 8.850456e+06 8.801011e+06 8.735687e+06 8.654011e+06 8.067430e+06 7.426535e+06 6.910968e+06 6.531680e+06 6.252774e+06 6.041748e+06 5.740535e+06 5.518954e+06 5.323429e+06 5.132798e+06 4.944161e+06 4.761309e+06
8.808870e+06 8.808870e+06 8.808870e+06 8.808870e+06 8.808869e+06 8.808848e+06 8.808771e+06 8.807440e+06 8.804974e+06 8.800897e+06 8.788433e+06 8.770686e+06 8.746048e+06 8.711301e+06 8.663280e+06 8.599975e+06 8.520928e+06 7.953776e+06 7.332930e+06 6.831736e+06 6.461598e+06 6.188292e+06 5.980647e+06 5.683261e+06 5.465355e+06 5.274825e+06 5.089821e+06 4.906395e+06 4.727819e+06
8.671796e+06 8.671796e+06 8.671796e+06 8.671796e+06 8.671795e+06 8.671770e+06 8.671683e+06 8.670334e+06 8.667884e+06 8.663850e+06 8.651552e+06 8.634097e+06 8.609966e+06 8.576078e+06 8.529397e+06 8.467994e+06 8.391426e+06 7.842637e+06 7.240769e+06 6.753231e+06 6.391874e+06 6.124041e+06 5.919775e+06 5.626238e+06 5.411854e+06 5.226085e+06 5.046563e+06 4.868339e+06 4.694119e+06
8.538275e+06 8.538275e+06 8.538275e+06 8.538275e+06 8.538274e+06 8.538246e+06 8.538150e+06 8.536795e+06 8.534373e+06 8.530394e+06 8.518280e+06 8.501121e+06 8.477483e+06 8.444417e+06 8.399012e+06 8.339416e+06 8.265204e+06 7.733830e+06 7.149950e+06 6.675399e+06 6.322478e+06 6.059999e+06 5.859113e+06 5.569470e+06 5.358488e+06 5.177260e+06 5.003066e+06 4.830017e+06 4.660215e+06
8.407857e+06 8.407857e+06 8.407857e+06 8.407857e+06 8.407856e+06 8.407834e+06 8.407753e+06 8.406455e+06 8.404087e+06 8.400181e+06 8.388269e+06 8.371407e+06 8.348248e+06 8.315977e+06 8.271800e+06 8.213938e+06 8.141979e+06 7.627186e+06 7.060384e+06 6.598199e+06 6.253393e+06 5.996155e+06 5.798652e+06 5.512962e+06 5.305288e+06 5.128399e+06 4.959373e+06 4.791454e+06 4.626115e+06
8.280658e+06 8.280658e+06 8.280658e+06 8.280658e+06 8.280657e+06 8.280634e+06 8.280548e+06 8.279236e+06 8.276880e+06 8.273011e+06 8.261245e+06 8.244645e+06 8.221946e+06 8.190450e+06 8.147469e+06 8.091287e+06 8.021503e+06 7.522557e+06 6.971993e+06 6.521600e+06 6.184609e+06 5.932506e+06 5.738390e+06 5.456720e+06 5.252288e+06 5.079551e+06 4.915529e+06 4.752677e+06 4.591831e+06
8.156250e+06 8.156250e+06 8.156250e+06 8.156250e+06 8.156249e+06 8.156212e+06 8.156090e+06 8.154694e+06 8.152325e+06 8.148473e+06 8.136835e+06 8.120503e+06 8.098278e+06 8.067565e+06 8.025773e+06 7.971240e+06 7.903570e+06 7.419817e+06 6.884716e+06 6.445581e+06 6.116126e+06 5.869057e+06 5.678329e+06 5.400755e+06 5.199516e+06 5.030759e+06 4.871577e+06 4.713717e+06 4.557378e+06
8.033638e+06 8.033638e+06 8.033638e+06 8.033638e+06 8.033636e+06 8.033603e+06 8.033497e+06 8.032164e+06 8.029855e+06 8.026088e+06 8.014692e+06 7.998712e+06 7.977024e+06 7.947133e+06 7.906541e+06 7.853639e+06 7.788033e+06 7.318864e+06 6.798501e+06 6.370131e+06 6.047950e+06 5.805818e+06 5.618480e+06 5.345078e+06 5.147000e+06 4.982069e+06 4.827560e+06 4.674605e+06 4.522772e+06
7.913081e+06 7.913081e+06 7.913081e+06 7.913081e+06 7.913080e+06 7.913054e+06 7.912968e+06 7.911729e+06 7.909509e+06 7.905861e+06 7.894779e+06 7.879223e+06 7.858125e+06 7.829089e+06 7.789703e+06 7.738408e+06 7.674811e+06 7.219623e+06 6.713311e+06 6.295246e+06 5.980097e+06 5.742808e+06 5.558857e+06 5.289700e+06 5.094766e+06 4.933520e+06 4.783520e+06 4.635372e+06 4.488030e+06
7.794967e+06 7.794967e+06 7.794967e+06 7.794967e+06 7.794967e+06 7.794949e+06 7.794883e+06 7.793728e+06 7.791589e+06 7.788056e+06 7.777290e+06 7.762164e+06 7.741663e+06 7.713476e+06 7.675272e+06 7.625536e+06 7.563876e+06 7.122038e+06 6.629120e+06 6.220930e+06 5.912584e+06 5.680048e+06 5.499478e+06 5.234637e+06 5.042840e+06 4.885152e+06 4.739501e+06 4.596052e+06 4.453172e+06
7.679598e+06 7.679598e+06 7.679598e+06 7.679598e+06 7.679597e+06 7.679580e+06 7.679521e+06 7.678421e+06 7.676349e+06 7.672912e+06 7.662426e+06 7.647696e+06 7.627756e+06 7.600377e+06 7.563299e+06 7.515046e+06 7.455227e+06 7.026069e+06 6.545911e+06 6.147192e+06 5.845435e+06 5.617563e+06 5.440364e+06 5.179903e+06 4.991244e+06 4.836999e+06 4.695540e+06 4.556678e+06 4.418220e+06
7.567057e+06 7.567057e+06 7.567057e+06 7.567057e+06 7.567056e+06 7.567042e+06 7.566990e+06 7.565929e+06 7.563907e+06 7.560549e+06 7.550299e+06 7.535917e+06 7.516486e+06 7.489851e+06 7.453819e+06 7.406955e+06 7.348866e+06 6.931687e+06 6.463674e+06 6.074049e+06 5.778678e+06 5.555383e+06 5.381541e+06 5.125516e+06 4.940002e+06 4.789097e+06 4.651679e+06 4.517282e+06 4.383195e+06
7.457332e+06 7.457332e+06 7.457332e+06 7.457332e+06 7.457331e+06 7.457317e+06 7.457265e+06 7.456227e+06 7.454247e+06 7.450955e+06 7.440911e+06 7.426836e+06 7.407860e+06 7.381900e+06 7.346831e+06 7.301253e+06 7.244775e+06 6.838865e+06 6.382408e+06 6.001519e+06 5.712344e+06 5.493538e+06 5.323034e+06 5.071493e+06 4.889133e+06 4.741476e+06 4.607953e+06 4.477899e+06 4.348121e+06
7.350306e+06 7.350306e+06 7.350306e+06 7.350305e+06 7.350305e+06 7.350291e+06 7.350243e+06 7.349228e+06 7.347284e+06 7.344052e+06 7.334192e+06 7.320391e+06 7.301823e+06 7.276475e+06 7.242286e+06 7.197892e+06 7.142906e+06 6.747574e+06 6.302114e+06 5.929625e+06 5.646464e+06 5.432061e+06 5.264871e+06 5.017852e+06 4.838659e+06 4.694167e+06 4.564397e+06 4.438559e+06 4.313020e+06
7.245881e+06 7.245881e+06 7.245881e+06 7.245881e+06 7.245880e+06 7.245866e+06 7.245817e+06 7.244816e+06 7.242903e+06 7.239724e+06 7.230029e+06 7.216473e+06 7.198272e+06 7.173479e+06 7.140095e+06 7.096791e+06 7.043187e+06 6.657783e+06 6.222796e+06 5.858394e+06 5.581073e+06 5.370986e+06 5.207081e+06 4.964612e+06 4.788598e+06 4.647195e+06 4.521046e+06 4.399297e+06 4.277918e+06
7.143905e+06 7.143905e+06 7.143905e+06 7.143905e+06 7.143905e+06 7.143890e+06 7.143839e+06 7.142846e+06 7.140959e+06 7.137826e+06 7.128276e+06 7.114939e+06 7.097069e+06 7.072783e+06 7.040137e+06 6.997842e+06 6.945523e+06 6.569459e+06 6.144460e+06 5.787851e+06 5.516204e+06 5.310347e+06 5.149694e+06 4.911792e+06 4.738968e+06 4.600587e+06 4.477931e+06 4.360141e+06 4.242839e+06
7.044200e+06 7.044200e+06 7.044200e+06 7.044200e+06 7.044199e+06 7.044184e+06 7.044132e+06 7.043142e+06 7.041274e+06 7.038178e+06 7.028753e+06 7.015613e+06 6.998046e+06 6.974227e+06 6.942269e+06 6.900916e+06 6.849799e+06 6.482562e+06 6.067115e+06 5.718024e+06 5.451892e+06 5.250178e+06 5.092740e+06 4.859410e+06 4.689786e+06 4.554366e+06 4.435081e+06 4.321123e+06 4.207806e+06
6.946582e+06 6.946582e+06 6.946582e+06 6.946582e+06 6.946581e+06 6.946562e+06 6.946497e+06 6.945483e+06 6.943623e+06 6.940555e+06 6.931242e+06 6.918288e+06 6.901012e+06 6.877639e+06 6.846335e+06 6.805875e+06 6.755898e+06 6.397055e+06 5.990767e+06 5.648941e+06 5.388172e+06 5.190512e+06 5.036246e+06 4.807486e+06 4.641068e+06 4.508553e+06 4.392524e+06 4.282272e+06 4.172845e+06
6.850654e+06 6.850654e+06 6.850654e+06 6.850654e+06 6.850654e+06 6.850634e+06 6.850568e+06 6.849557e+06 6.847718e+06 6.844690e+06 6.835511e+06 6.822760e+06 6.805781e+06 6.782853e+06 6.752185e+06 6.712586e+06 6.663704e+06 6.312903e+06 5.915426e+06 5.580629e+06 5.325075e+06 5.131382e+06 4.980242e+06 4.756037e+06 4.592828e+06 4.463167e+06 4.350285e+06 4.243614e+06 4.137979e+06
6.756250e+06 6.756250e+06 6.756250e+06 6.756249e+06 6.756249e+06 6.756231e+06 6.756169e+06 6.755184e+06 6.753380e+06 6.750408e+06 6.741393e+06 6.728871e+06 6.712209e+06 6.689731e+06 6.659694e+06 6.620936e+06 6.573116e+06 6.230073e+06 5.841101e+06 5.513114e+06 5.262634e+06 5.072819e+06 4.924756e+06 4.705082e+06 4.545082e+06 4.418227e+06 4.308389e+06 4.205176e+06 4.103232e+06
6.663372e+06 6.663372e+06 6.663372e+06 6.663372e+06 6.663371e+06 6.663353e+06 6.663291e+06 6.662326e+06 6.660560e+06 6.657648e+06 6.648813e+06 6.636536e+06 6.620203e+06 6.598180e+06 6.568769e+06 6.530839e+06 6.484057e+06 6.148540e+06 5.767802e+06 5.446420e+06 5.200878e+06 5.014852e+06 4.869813e+06 4.654639e+06 4.497843e+06 4.373749e+06 4.266858e+06 4.166983e+06 4.068626e+06
6.571958e+06 6.571958e+06 6.571958e+06 6.571958e+06 6.571957e+06 6.571942e+06 6.571889e+06 6.570962e+06 6.569241e+06 6.566395e+06 6.557744e+06 6.545714e+06 6.529708e+06 6.508136e+06 6.479344e+06 6.442229e+06 6.396466e+06 6.068286e+06 5.695539e+06 5.380572e+06 5.139836e+06 4.957510e+06 4.815438e+06 4.604723e+06 4.451122e+06 4.329748e+06 4.225711e+06 4.129058e+06 4.034185e+06
6.482112e+06 6.482112e+06 6.482112e+06 6.482112e+06 6.482112e+06 6.482097e+06 6.482045e+06 6.481144e+06 6.479458e+06 6.476667e+06 6.468179e+06 6.456375e+06 6.440682e+06 6.419552e+06 6.391369e+06 6.355058e+06 6.310300e+06 5.989299e+06 5.624325e+06 5.315591e+06 5.079531e+06 4.900817e+06 4.761655e+06 4.555351e+06 4.404932e+06 4.286236e+06 4.184967e+06 4.091424e+06 3.999928e+06
6.393840e+06 6.393840e+06 6.393840e+06 6.393840e+06 6.393840e+06 6.393823e+06 6.393766e+06 6.392853e+06 6.391182e+06 6.388425e+06 6.380064e+06 6.368464e+06 6.353073e+06 6.332378e+06 6.304803e+06 6.269292e+06 6.225529e+06 5.911575e+06 5.554170e+06 5.251496e+06 5.019989e+06 4.844798e+06 4.708486e+06 4.506537e+06 4.359282e+06 4.243227e+06 4.144644e+06 4.054101e+06 3.965878e+06
6.306886e+06 6.306886e+06 6.306886e+06 6.306885e+06 6.306885e+06 6.306865e+06 6.306800e+06 6.305876e+06 6.304219e+06 6.301499e+06 6.293275e+06 6.281893e+06 6.266820e+06 6.246576e+06 6.219619e+06 6.184912e+06 6.142142e+06 5.835118e+06 5.485087e+06 5.188307e+06 4.961230e+06 4.789474e+06 4.655951e+06 4.458295e+06 4.314183e+06 4.200730e+06 4.104757e+06 4.017109e+06 3.932054e+06
6.220978e+06 6.220978e+06 6.220978e+06 6.220978e+06 6.220977e+06 6.220958e+06 6.220896e+06 6.220014e+06 6.218407e+06 6.215759e+06 6.207738e+06 6.196628e+06 6.181912e+06 6.162147e+06 6.135826e+06 6.101932e+06 6.060154e+06 5.759937e+06 5.417087e+06 5.126038e+06 4.903273e+06 4.734865e+06 4.604067e+06 4.410639e+06 4.269643e+06 4.158757e+06 4.065318e+06 3.980465e+06 3.898475e+06
6.136256e+06 6.136256e+06 6.136256e+06 6.136256e+06 6.136256e+06 6.136247e+06 6.136214e+06 6.135428e+06 6.133896e+06 6.131344e+06 6.123565e+06 6.112758e+06 6.098424e+06 6.079156e+06 6.053478e+06 6.020398e+06 5.979602e+06 5.686049e+06 5.350182e+06 5.064705e+06 4.846134e+06 4.680987e+06 4.552852e+06 4.363580e+06 4.225671e+06 4.117314e+06 4.026342e+06 3.944185e+06 3.865159e+06
6.053297e+06 6.053297e+06 6.053297e+06 6.053296e+06 6.053296e+06 6.053287e+06 6.053255e+06 6.052498e+06 6.051013e+06 6.048534e+06 6.040968e+06 6.030449e+06 6.016487e+06 5.997706e+06 5.972661e+06 5.940376e+06 5.900541e+06 5.613470e+06 5.284382e+06 5.004318e+06 4.789826e+06 4.627855e+06 4.502319e+06 4.317128e+06 4.182273e+06 4.076411e+06 3.987839e+06 3.908286e+06 3.832123e+06
5.972069e+06 5.972069e+06 5.972069e+06 5.972069e+06 5.972069e+06 5.972063e+06 5.972041e+06 5.971326e+06 5.969885e+06 5.967471e+06 5.960095e+06 5.949836e+06 5.936219e+06 5.917898e+06 5.893457e+06 5.861936e+06 5.823026e+06 5.542217e+06 5.219696e+06 4.944887e+06 4.734363e+06 4.575484e+06 4.452482e+06 4.271294e+06 4.139456e+06 4.036053e+06 3.949818e+06 3.872779e+06 3.799382e+06
