2.416435e+06 2.351623e+06 2.361425e+06 2.399803e+06 2.460582e+06 2.913841e+06 3.497547e+06 4.611583e+06 5.133448e+06 5.630199e+06 6.548298e+06 7.371675e+06 8.117788e+06 8.818076e+06 9.515663e+06 1.026020e+07 1.110316e+07 1.841289e+07 3.307444e+07 5.261641e+07 7.135555e+07 8.623267e+07 9.706019e+07 1.099000e+08 1.157262e+08 1.177943e+08 1.177228e+08 1.163737e+08 1.142444e+08
2.793121e+06 2.793209e+06 2.793460e+06 2.799017e+06 2.806939e+06 3.107800e+06 3.654633e+06 4.745636e+06 5.259675e+06 5.749637e+06 6.655941e+06 7.469049e+06 8.206104e+06 8.898530e+06 9.589511e+06 1.032873e+07 1.116766e+07 1.847269e+07 3.314015e+07 5.268187e+07 7.141207e+07 8.627642e+07 9.709109e+07 1.099096e+08 1.157205e+08 1.177776e+08 1.176982e+08 1.163435e+08 1.142102e+08
3.277722e+06 3.277757e+06 3.277863e+06 3.280771e+06 3.288179e+06 3.487408e+06 3.898691e+06 4.915266e+06 5.413860e+06 5.891623e+06 6.779052e+06 7.577569e+06 8.302730e+06 8.985351e+06 9.668361e+06 1.040130e+07 1.123549e+07 1.853427e+07 3.320707e+07 5.274803e+07 7.146887e+07 8.632016e+07 9.712180e+07 1.099189e+08 1.157145e+08 1.177606e+08 1.176733e+08 1.163130e+08 1.141757e+08
3.758092e+06 3.758114e+06 3.758179e+06 3.760046e+06 3.765230e+06 3.876777e+06 4.259824e+06 5.119269e+06 5.593862e+06 6.054556e+06 6.916833e+06 7.696775e+06 8.407360e+06 9.078312e+06 9.752032e+06 1.047774e+07 1.130652e+07 1.859755e+07 3.327513e+07 5.281483e+07 7.152590e+07 8.636385e+07 9.715231e+07 1.099279e+08 1.157080e+08 1.177431e+08 1.176480e+08 1.162820e+08 1.141408e+08
4.230175e+06 4.230190e+06 4.230235e+06 4.231577e+06 4.235425e+06 4.316703e+06 4.617498e+06 5.375166e+06 5.801199e+06 6.237303e+06 7.068080e+06 7.825893e+06 8.519485e+06 9.177059e+06 9.840261e+06 1.055785e+07 1.138057e+07 1.866244e+07 3.334425e+07 5.288221e+07 7.158310e+07 8.640746e+07 9.718258e+07 1.099364e+08 1.157011e+08 1.177253e+08 1.176223e+08 1.162507e+08 1.141057e+08
4.692015e+06 4.692026e+06 4.692061e+06 4.693091e+06 4.696092e+06 4.764353e+06 4.978994e+06 5.687743e+06 6.051009e+06 6.442858e+06 7.231965e+06 7.964061e+06 8.638475e+06 9.281136e+06 9.932710e+06 1.064138e+07 1.145744e+07 1.872883e+07 3.341435e+07 5.295008e+07 7.164043e+07 8.645095e+07 9.721258e+07 1.099446e+08 1.156938e+08 1.177070e+08 1.175962e+08 1.162191e+08 1.140701e+08
5.142599e+06 5.142608e+06 5.142636e+06 5.143458e+06 5.145881e+06 5.204679e+06 5.361615e+06 6.014695e+06 6.343000e+06 6.683674e+06 7.409133e+06 8.110668e+06 8.763697e+06 9.390043e+06 1.002900e+07 1.072801e+07 1.153690e+07 1.879661e+07 3.348532e+07 5.301839e+07 7.169782e+07 8.649427e+07 9.724229e+07 1.099523e+08 1.156861e+08 1.176883e+08 1.175697e+08 1.161870e+08 1.140342e+08
5.581207e+06 5.581214e+06 5.581236e+06 5.581911e+06 5.583908e+06 5.634507e+06 5.757681e+06 6.334820e+06 6.649228e+06 6.956744e+06 7.603146e+06 8.265774e+06 8.894688e+06 9.503305e+06 1.012872e+07 1.081744e+07 1.161868e+07 1.886563e+07 3.355708e+07 5.308705e+07 7.175523e+07 8.653739e+07 9.727168e+07 1.099597e+08 1.156779e+08 1.176692e+08 1.175428e+08 1.161546e+08 1.139980e+08
6.006402e+06 6.006409e+06 6.006427e+06 6.006992e+06 6.008675e+06 6.052547e+06 6.155757e+06 6.646689e+06 6.952593e+06 7.242556e+06 7.822136e+06 8.430598e+06 9.031340e+06 9.620562e+06 1.023152e+07 1.090934e+07 1.170251e+07 1.893577e+07 3.362951e+07 5.315597e+07 7.181259e+07 8.658027e+07 9.730072e+07 1.099666e+08 1.156693e+08 1.176496e+08 1.175154e+08 1.161218e+08 1.139614e+08
6.418151e+06 6.418156e+06 6.418172e+06 6.418654e+06 6.420092e+06 6.458370e+06 6.548395e+06 6.955896e+06 7.247195e+06 7.527944e+06 8.060989e+06 8.608365e+06 9.174111e+06 9.741663e+06 1.033710e+07 1.100342e+07 1.178812e+07 1.900687e+07 3.370252e+07 5.322509e+07 7.186984e+07 8.662286e+07 9.732938e+07 1.099731e+08 1.156603e+08 1.176296e+08 1.174877e+08 1.160886e+08 1.139245e+08
6.816690e+06 6.816694e+06 6.816708e+06 6.817122e+06 6.818360e+06 6.851816e+06 6.931767e+06 7.266515e+06 7.534228e+06 7.806144e+06 8.309086e+06 8.804174e+06 9.324301e+06 9.866774e+06 1.044532e+07 1.109945e+07 1.187529e+07 1.907878e+07 3.377598e+07 5.329430e+07 7.192692e+07 8.666512e+07 9.735762e+07 1.099791e+08 1.156507e+08 1.176092e+08 1.174595e+08 1.160550e+08 1.138872e+08
8.605444e+06 8.605447e+06 8.605454e+06 8.605669e+06 8.606317e+06 8.624378e+06 8.670754e+06 8.811721e+06 8.932116e+06 9.098331e+06 9.493252e+06 9.866517e+06 1.021427e+07 1.058863e+07 1.103900e+07 1.160928e+07 1.233057e+07 1.944540e+07 3.414604e+07 5.363870e+07 7.220747e+07 8.686990e+07 9.749158e+07 1.100015e+08 1.155957e+08 1.175000e+08 1.173122e+08 1.158812e+08 1.136953e+08
1.006206e+07 1.006206e+07 1.006207e+07 1.006219e+07 1.006256e+07 1.007290e+07 1.010000e+07 1.017690e+07 1.022558e+07 1.029441e+07 1.051420e+07 1.079970e+07 1.108973e+07 1.138731e+07 1.174146e+07 1.220965e+07 1.284309e+07 1.981376e+07 3.451034e+07 5.397198e+07 7.247390e+07 8.705959e+07 9.761051e+07 1.100098e+08 1.155276e+08 1.173787e+08 1.171538e+08 1.156972e+08 1.134942e+08
1.121708e+07 1.121708e+07 1.121708e+07 1.121715e+07 1.121737e+07 1.122333e+07 1.123882e+07 1.128264e+07 1.130544e+07 1.133138e+07 1.142103e+07 1.158410e+07 1.180482e+07 1.206783e+07 1.239134e+07 1.281997e+07 1.340610e+07 2.018426e+07 3.485845e+07 5.428386e+07 7.271829e+07 8.722855e+07 9.771044e+07 1.100020e+08 1.154451e+08 1.172444e+08 1.169837e+08 1.155026e+08 1.132836e+08
1.210723e+07 1.210723e+07 1.210723e+07 1.210727e+07 1.210741e+07 1.211105e+07 1.212031e+07 1.214525e+07 1.215651e+07 1.216582e+07 1.219109e+07 1.225848e+07 1.239370e+07 1.260596e+07 1.290855e+07 1.332951e+07 1.390879e+07 2.058869e+07 3.518923e+07 5.456778e+07 7.293427e+07 8.737183e+07 9.778771e+07 1.099759e+08 1.153471e+08 1.170965e+08 1.168013e+08 1.152971e+08 1.130632e+08
1.278144e+07 1.278144e+07 1.278145e+07 1.278147e+07 1.278155e+07 1.278369e+07 1.278888e+07 1.280159e+07 1.280617e+07 1.280797e+07 1.280588e+07 1.281888e+07 1.288524e+07 1.303884e+07 1.330719e+07 1.371775e+07 1.430185e+07 2.101204e+07 3.551718e+07 5.482360e+07 7.311843e+07 8.748582e+07 9.783930e+07 1.099297e+08 1.152324e+08 1.169341e+08 1.166063e+08 1.150803e+08 1.128327e+08
1.327664e+07 1.327664e+07 1.327664e+07 1.327666e+07 1.327671e+07 1.327796e+07 1.328078e+07 1.328629e+07 1.328692e+07 1.328487e+07 1.327188e+07 1.325953e+07 1.328336e+07 1.338887e+07 1.361844e+07 1.400809e+07 1.458982e+07 2.139335e+07 3.587868e+07 5.506050e+07 7.327175e+07 8.756908e+07 9.786329e+07 1.098619e+08 1.150999e+08 1.167565e+08 1.163980e+08 1.148519e+08 1.125920e+08
1.362788e+07 1.362788e+07 1.362788e+07 1.362789e+07 1.362792e+07 1.362863e+07 1.362996e+07 1.363101e+07 1.362930e+07 1.362517e+07 1.360813e+07 1.358623e+07 1.358867e+07 1.366299e+07 1.386027e+07 1.422556e+07 1.479617e+07 2.169716e+07 3.624923e+07 5.530155e+07 7.340096e+07 8.762305e+07 9.785922e+07 1.097713e+08 1.149487e+08 1.165630e+08 1.161759e+08 1.146115e+08 1.123408e+08
1.386272e+07 1.386272e+07 1.386272e+07 1.386273e+07 1.386274e+07 1.386312e+07 1.386367e+07 1.386245e+07 1.385959e+07 1.385453e+07 1.383653e+07 1.381256e+07 1.380680e+07 1.386466e+07 1.404034e+07 1.438483e+07 1.494099e+07 2.191155e+07 3.658316e+07 5.558141e+07 7.352021e+07 8.765277e+07 9.782852e+07 1.096573e+08 1.147780e+08 1.163531e+08 1.159398e+08 1.143589e+08 1.120789e+08
1.400664e+07 1.400664e+07 1.400664e+07 1.400664e+07 1.400665e+07 1.400681e+07 1.400680e+07 1.400416e+07 1.400070e+07 1.399529e+07 1.397763e+07 1.395470e+07 1.394768e+07 1.399905e+07 1.416297e+07 1.449316e+07 1.503639e+07 2.204203e+07 3.685146e+07 5.586913e+07 7.365589e+07 8.766757e+07 9.777488e+07 1.095202e+08 1.145875e+08 1.161263e+08 1.156891e+08 1.140936e+08 1.118060e+08
1.407823e+07 1.407823e+07 1.407823e+07 1.407824e+07 1.407824e+07 1.407828e+07 1.407797e+07 1.407467e+07 1.407103e+07 1.406565e+07 1.404894e+07 1.402808e+07 1.402281e+07 1.407333e+07 1.423252e+07 1.455475e+07 1.508877e+07 2.210256e+07 3.703903e+07 5.613001e+07 7.383285e+07 8.768243e+07 9.770463e+07 1.093609e+08 1.143769e+08 1.158822e+08 1.154236e+08 1.138156e+08 1.115219e+08
1.409311e+07 1.409311e+07 1.409311e+07 1.409311e+07 1.409312e+07 1.409308e+07 1.409263e+07 1.408918e+07 1.408563e+07 1.408051e+07 1.406488e+07 1.404598e+07 1.404313e+07 1.409524e+07 1.425386e+07 1.457292e+07 1.510176e+07 2.210831e+07 3.714335e+07 5.634048e+07 7.402007e+07 8.772304e+07 9.762723e+07 1.091812e+08 1.141463e+08 1.156206e+08 1.151430e+08 1.135245e+08 1.112266e+08
1.406437e+07 1.406437e+07 1.406437e+07 1.406437e+07 1.406437e+07 1.406431e+07 1.406386e+07 1.406054e+07 1.405709e+07 1.405205e+07 1.403669e+07 1.401862e+07 1.401745e+07 1.407163e+07 1.423172e+07 1.455077e+07 1.507788e+07 2.207202e+07 3.717121e+07 5.648588e+07 7.419177e+07 8.780165e+07 9.755650e+07 1.089844e+08 1.138965e+08 1.153415e+08 1.148471e+08 1.132202e+08 1.109198e+08
1.400336e+07 1.400336e+07 1.400336e+07 1.400336e+07 1.400336e+07 1.400324e+07 1.400266e+07 1.399844e+07 1.399412e+07 1.398806e+07 1.397086e+07 1.395193e+07 1.395137e+07 1.400750e+07 1.417008e+07 1.449126e+07 1.501938e+07 2.200314e+07 3.713459e+07 5.655997e+07 7.432931e+07 8.789150e+07 9.751513e+07 1.087745e+08 1.136285e+08 1.150450e+08 1.145358e+08 1.129026e+08 1.106015e+08
1.391493e+07 1.391493e+07 1.391493e+07 1.391492e+07 1.391488e+07 1.391367e+07 1.391063e+07 1.390111e+07 1.389455e+07 1.388666e+07 1.386701e+07 1.384730e+07 1.384768e+07 1.390633e+07 1.407250e+07 1.439751e+07 1.492887e+07 2.190838e+07 3.704722e+07 5.656384e+07 7.441961e+07 8.797331e+07 9.750478e+07 1.085572e+08 1.133439e+08 1.147316e+08 1.142093e+08 1.125716e+08 1.102716e+08
1.376273e+07 1.376273e+07 1.376273e+07 1.376272e+07 1.376271e+07 1.376236e+07 1.376106e+07 1.375452e+07 1.374901e+07 1.374201e+07 1.372401e+07 1.370634e+07 1.370961e+07 1.377221e+07 1.394325e+07 1.427352e+07 1.480984e+07 2.179268e+07 3.692213e+07 5.650397e+07 7.445496e+07 8.803239e+07 9.750416e+07 1.083401e+08 1.130448e+08 1.144019e+08 1.138677e+08 1.122273e+08 1.099300e+08
1.358147e+07 1.358147e+07 1.358147e+07 1.358147e+07 1.358146e+07 1.358116e+07 1.358005e+07 1.357491e+07 1.357062e+07 1.356504e+07 1.355028e+07 1.353627e+07 1.354378e+07 1.361138e+07 1.378815e+07 1.412456e+07 1.466691e+07 2.165995e+07 3.677048e+07 5.639010e+07 7.443258e+07 8.805755e+07 9.749862e+07 1.081337e+08 1.127339e+08 1.140569e+08 1.135113e+08 1.118696e+08 1.095768e+08
1.338300e+07 1.338300e+07 1.338300e+07 1.338300e+07 1.338299e+07 1.338275e+07 1.338183e+07 1.337756e+07 1.337402e+07 1.336943e+07 1.335735e+07 1.334686e+07 1.335869e+07 1.343138e+07 1.361396e+07 1.395667e+07 1.450538e+07 2.151361e+07 3.660125e+07 5.623329e+07 7.435392e+07 8.804097e+07 9.747657e+07 1.079523e+08 1.124147e+08 1.136978e+08 1.131405e+08 1.114989e+08 1.092121e+08
1.317477e+07 1.317477e+07 1.317477e+07 1.317477e+07 1.317477e+07 1.317455e+07 1.317380e+07 1.317031e+07 1.316740e+07 1.316362e+07 1.315376e+07 1.314630e+07 1.316197e+07 1.323929e+07 1.342722e+07 1.377581e+07 1.433060e+07 2.135679e+07 3.642127e+07 5.604443e+07 7.422353e+07 8.797803e+07 9.742868e+07 1.077866e+08 1.120915e+08 1.133260e+08 1.127560e+08 1.111154e+08 1.088358e+08
1.296264e+07 1.296264e+07 1.296264e+07 1.296264e+07 1.296264e+07 1.296247e+07 1.296185e+07 1.295901e+07 1.295664e+07 1.295355e+07 1.294555e+07 1.294064e+07 1.295958e+07 1.304090e+07 1.323347e+07 1.358721e+07 1.414747e+07 2.119244e+07 3.623564e+07 5.583327e+07 7.404796e+07 8.786705e+07 9.734780e+07 1.076247e+08 1.117700e+08 1.129435e+08 1.123585e+08 1.107193e+08 1.084483e+08
1.275083e+07 1.275083e+07 1.275083e+07 1.275083e+07 1.275082e+07 1.275071e+07 1.275025e+07 1.274799e+07 1.274607e+07 1.274355e+07 1.273709e+07 1.273430e+07 1.275598e+07 1.284062e+07 1.303708e+07 1.339518e+07 1.396010e+07 2.102327e+07 3.604804e+07 5.560796e+07 7.383469e+07 8.770880e+07 9.722886e+07 1.074579e+08 1.114587e+08 1.125525e+08 1.119490e+08 1.103111e+08 1.080496e+08
1.254262e+07 1.254262e+07 1.254262e+07 1.254262e+07 1.254262e+07 1.254251e+07 1.254213e+07 1.254029e+07 1.253872e+07 1.253667e+07 1.253147e+07 1.253044e+07 1.255437e+07 1.264176e+07 1.284140e+07 1.320307e+07 1.377186e+07 2.085173e+07 3.586107e+07 5.537491e+07 7.359126e+07 8.750595e+07 9.706883e+07 1.072789e+08 1.111627e+08 1.121557e+08 1.115286e+08 1.098915e+08 1.076402e+08
1.233966e+07 1.233966e+07 1.233966e+07 1.233966e+07 1.233966e+07 1.233959e+07 1.233931e+07 1.233788e+07 1.233663e+07 1.233496e+07 1.233083e+07 1.233125e+07 1.235704e+07 1.244666e+07 1.264887e+07 1.301341e+07 1.358532e+07 2.067995e+07 3.567650e+07 5.513884e+07 7.332464e+07 8.726246e+07 9.686646e+07 1.070817e+08 1.108727e+08 1.117564e+08 1.110986e+08 1.094609e+08 1.072203e+08
1.214370e+07 1.214370e+07 1.214370e+07 1.214370e+07 1.214370e+07 1.214364e+07 1.214341e+07 1.214224e+07 1.214122e+07 1.213988e+07 1.213661e+07 1.213823e+07 1.216553e+07 1.225695e+07 1.246122e+07 1.282803e+07 1.340243e+07 2.050972e+07 3.549547e+07 5.490301e+07 7.304087e+07 8.698296e+07 9.662206e+07 1.068611e+08 1.105819e+08 1.113591e+08 1.106607e+08 1.090203e+08 1.067903e+08
1.195516e+07 1.195516e+07 1.195516e+07 1.195516e+07 1.195516e+07 1.195513e+07 1.195500e+07 1.195416e+07 1.195337e+07 1.195230e+07 1.194975e+07 1.195234e+07 1.198086e+07 1.207372e+07 1.227961e+07 1.264822e+07 1.322457e+07 2.034246e+07 3.531864e+07 5.466940e+07 7.274486e+07 8.667230e+07 9.633716e+07 1.066131e+08 1.102852e+08 1.109705e+08 1.102166e+08 1.085703e+08 1.063508e+08
1.177523e+07 1.177523e+07 1.177523e+07 1.177523e+07 1.177523e+07 1.177520e+07 1.177506e+07 1.177433e+07 1.177367e+07 1.177277e+07 1.177074e+07 1.177408e+07 1.180357e+07 1.189758e+07 1.210475e+07 1.247477e+07 1.305266e+07 2.017925e+07 3.514625e+07 5.443901e+07 7.244036e+07 8.633519e+07 9.601417e+07 1.063344e+08 1.099780e+08 1.105892e+08 1.097684e+08 1.081122e+08 1.059022e+08
1.160325e+07 1.160325e+07 1.160325e+07 1.160325e+07 1.160325e+07 1.160324e+07 1.160315e+07 1.160257e+07 1.160203e+07 1.160129e+07 1.159967e+07 1.160360e+07 1.163386e+07 1.172878e+07 1.193698e+07 1.230812e+07 1.288724e+07 2.002081e+07 3.497823e+07 5.421201e+07 7.213000e+07 8.597587e+07 9.565608e+07 1.060230e+08 1.096565e+08 1.102093e+08 1.093189e+08 1.076469e+08 1.054452e+08
1.143935e+07 1.143935e+07 1.143935e+07 1.143935e+07 1.143935e+07 1.143934e+07 1.143926e+07 1.143876e+07 1.143830e+07 1.143767e+07 1.143638e+07 1.144079e+07 1.147167e+07 1.156734e+07 1.177638e+07 1.214844e+07 1.272855e+07 1.986759e+07 3.481425e+07 5.398801e+07 7.181547e+07 8.559801e+07 9.526615e+07 1.056776e+08 1.093174e+08 1.098266e+08 1.088718e+08 1.071758e+08 1.049804e+08
1.128298e+07 1.128298e+07 1.128298e+07 1.128298e+07 1.128298e+07 1.128297e+07 1.128291e+07 1.128252e+07 1.128213e+07 1.128160e+07 1.128061e+07 1.128543e+07 1.131683e+07 1.141312e+07 1.162286e+07 1.199568e+07 1.257663e+07 1.971972e+07 3.465375e+07 5.376615e+07 7.149760e+07 8.520463e+07 9.484770e+07 1.052977e+08 1.089579e+08 1.094380e+08 1.084313e+08 1.067004e+08 1.045087e+08
1.113388e+07 1.113388e+07 1.113388e+07 1.113388e+07 1.113388e+07 1.113388e+07 1.113385e+07 1.113356e+07 1.113326e+07 1.113283e+07 1.113209e+07 1.113724e+07 1.116908e+07 1.126588e+07 1.147620e+07 1.184967e+07 1.243133e+07 1.957712e+07 3.449601e+07 5.354528e+07 7.117658e+07 8.479808e+07 9.440390e+07 1.048837e+08 1.085757e+08 1.090407e+08 1.079935e+08 1.062224e+08 1.040308e+08
1.099201e+07 1.099201e+07 1.099201e+07 1.099201e+07 1.099201e+07 1.099201e+07 1.099199e+07 1.099174e+07 1.099148e+07 1.099110e+07 1.099052e+07 1.099592e+07 1.102808e+07 1.112530e+07 1.133612e+07 1.171015e+07 1.229240e+07 1.943952e+07 3.434016e+07 5.332403e+07 7.085211e+07 8.438009e+07 9.393770e+07 1.044364e+08 1.081691e+08 1.086321e+08 1.075552e+08 1.057440e+08 1.035479e+08
1.085688e+07 1.085688e+07 1.085688e+07 1.085688e+07 1.085688e+07 1.085688e+07 1.085683e+07 1.085656e+07 1.085630e+07 1.085594e+07 1.085544e+07 1.086101e+07 1.089344e+07 1.099100e+07 1.120224e+07 1.157675e+07 1.215951e+07 1.930650e+07 3.418524e+07 5.310096e+07 7.052349e+07 8.395189e+07 9.345171e+07 1.039572e+08 1.077370e+08 1.082103e+08 1.071136e+08 1.052687e+08 1.030608e+08
1.072753e+07 1.072753e+07 1.072753e+07 1.072753e+07 1.072753e+07 1.072753e+07 1.072751e+07 1.072728e+07 1.072704e+07 1.072672e+07 1.072632e+07 1.073204e+07 1.076468e+07 1.086254e+07 1.107415e+07 1.144908e+07 1.203227e+07 1.917751e+07 3.403021e+07 5.287455e+07 7.018979e+07 8.351419e+07 9.294820e+07 1.034478e+08 1.072785e+08 1.077735e+08 1.066669e+08 1.047973e+08 1.025709e+08
1.060376e+07 1.060376e+07 1.060376e+07 1.060376e+07 1.060376e+07 1.060376e+07 1.060372e+07 1.060350e+07 1.060329e+07 1.060299e+07 1.060268e+07 1.060855e+07 1.064140e+07 1.073952e+07 1.095145e+07 1.132673e+07 1.191024e+07 1.905194e+07 3.387405e+07 5.264336e+07 6.984997e+07 8.306741e+07 9.242910e+07 1.029101e+08 1.067935e+08 1.073200e+08 1.062132e+08 1.043268e+08 1.020797e+08
1.048502e+07 1.048502e+07 1.048502e+07 1.048502e+07 1.048502e+07 1.048502e+07 1.048500e+07 1.048483e+07 1.048465e+07 1.048439e+07 1.048417e+07 1.049017e+07 1.052319e+07 1.062154e+07 1.083375e+07 1.120930e+07 1.179302e+07 1.892912e+07 3.371569e+07 5.240600e+07 6.950291e+07 8.261164e+07 9.189599e+07 1.023463e+08 1.062820e+08 1.068488e+08 1.057510e+08 1.038551e+08 1.015889e+08
1.037123e+07 1.037123e+07 1.037123e+07 1.037123e+07 1.037123e+07 1.037123e+07 1.037121e+07 1.037104e+07 1.037086e+07 1.037062e+07 1.037046e+07 1.037655e+07 1.040972e+07 1.050826e+07 1.072067e+07 1.109640e+07 1.168017e+07 1.880835e+07 3.355414e+07 5.216118e+07 6.914754e+07 8.214682e+07 9.135016e+07 1.017585e+08 1.057446e+08 1.063590e+08 1.052790e+08 1.033805e+08 1.011014e+08
1.026191e+07 1.026191e+07 1.026191e+07 1.026191e+07 1.026191e+07 1.026191e+07 1.026189e+07 1.026171e+07 1.026154e+07 1.026130e+07 1.026118e+07 1.026735e+07 1.030063e+07 1.039931e+07 1.061185e+07 1.098764e+07 1.157127e+07 1.868894e+07 3.338845e+07 5.190777e+07 6.878285e+07 8.167276e+07 9.079265e+07 1.011490e+08 1.051820e+08 1.058499e+08 1.047959e+08 1.029017e+08 1.006160e+08
1.015665e+07 1.015665e+07 1.015665e+07 1.015665e+07 1.015665e+07 1.015665e+07 1.015663e+07 1.015646e+07 1.015629e+07 1.015606e+07 1.015599e+07 1.016222e+07 1.019560e+07 1.029437e+07 1.050696e+07 1.088266e+07 1.146594e+07 1.857020e+07 3.321777e+07 5.164483e+07 6.840796e+07 8.118922e+07 9.022429e+07 1.005198e+08 1.045954e+08 1.053213e+08 1.043008e+08 1.024176e+08 1.001307e+08
1.005511e+07 1.005511e+07 1.005511e+07 1.005511e+07 1.005511e+07 1.005511e+07 1.005509e+07 1.005495e+07 1.005480e+07 1.005460e+07 1.005458e+07 1.006088e+07 1.009433e+07 1.019314e+07 1.040567e+07 1.078110e+07 1.136376e+07 1.845150e+07 3.304134e+07 5.137156e+07 6.802215e+07 8.069593e+07 8.964575e+07 9.987288e+07 1.039860e+08 1.047729e+08 1.037929e+08 1.019271e+08 9.964417e+07
9.957178e+06 9.957178e+06 9.957178e+06 9.957178e+06 9.957178e+06 9.957178e+06 9.957163e+06 9.957039e+06 9.956906e+06 9.956719e+06 9.956732e+06 9.963076e+06 9.996548e+06 1.009533e+07 1.030767e+07 1.068264e+07 1.126438e+07 1.833224e+07 3.285856e+07 5.108737e+07 6.762484e+07 8.019269e+07 8.905757e+07 9.921026e+07 1.033552e+08 1.042050e+08 1.032716e+08 1.014294e+08 9.915537e+07
9.862721e+06 9.862721e+06 9.862721e+06 9.862721e+06 9.862721e+06 9.862719e+06 9.862699e+06 9.862550e+06 9.862403e+06 9.862204e+06 9.862200e+06 9.868536e+06 9.901980e+06 1.000064e+07 1.021265e+07 1.058693e+07 1.116743e+07 1.821191e+07 3.266892e+07 5.079188e+07 6.721567e+07 7.967934e+07 8.846021e+07 9.853365e+07 1.027045e+08 1.036180e+08 1.027365e+08 1.009238e+08 9.866340e+07
9.771304e+06 9.771304e+06 9.771304e+06 9.771304e+06 9.771304e+06 9.771295e+06 9.771258e+06 9.771061e+06 9.770889e+06 9.770667e+06 9.770626e+06 9.776932e+06 9.810309e+06 9.908766e+06 1.012031e+07 1.049367e+07 1.107258e+07 1.809007e+07 3.247211e+07 5.048487e+07 6.679441e+07 7.915580e+07 8.785405e+07 9.784468e+07 1.020355e+08 1.030124e+08 1.021871e+08 1.004095e+08 9.816751e+07
9.682324e+06 9.682324e+06 9.682324e+06 9.682324e+06 9.682324e+06 9.682317e+06 9.682283e+06 9.682089e+06 9.681915e+06 9.681690e+06 9.681643e+06 9.687932e+06 9.721228e+06 9.819423e+06 1.003036e+07 1.040256e+07 1.097953e+07 1.796638e+07 3.226793e+07 5.016634e+07 6.636105e+07 7.862209e+07 8.723947e+07 9.714482e+07 1.013499e+08 1.023888e+08 1.016236e+08 9.988610e+07 9.766701e+07
9.595647e+06 9.595647e+06 9.595647e+06 9.595647e+06 9.595647e+06 9.595639e+06 9.595603e+06 9.595415e+06 9.595247e+06 9.595028e+06 9.594995e+06 9.601279e+06 9.634482e+06 9.732356e+06 9.942541e+06 1.031334e+07 1.088801e+07 1.784060e+07 3.205633e+07 4.983642e+07 6.591571e+07 7.807831e+07 8.661681e+07 9.643542e+07 1.006492e+08 1.017482e+08 1.010457e+08 9.935311e+07 9.716134e+07
9.511144e+06 9.511144e+06 9.511144e+06 9.511144e+06 9.511144e+06 9.511136e+06 9.511100e+06 9.510912e+06 9.510747e+06 9.510532e+06 9.510510e+06 9.516788e+06 9.549878e+06 9.647364e+06 9.856661e+06 1.022582e+07 1.079783e+07 1.771259e+07 3.183742e+07 4.949542e+07 6.545867e+07 7.752468e+07 8.598641e+07 9.571767e+07 9.993492e+07 1.010915e+08 1.004538e+08 9.881022e+07 9.664998e+07
9.428666e+06 9.428666e+06 9.428666e+06 9.428666e+06 9.428666e+06 9.428657e+06 9.428621e+06 9.428430e+06 9.428263e+06 9.428050e+06 9.428035e+06 9.434299e+06 9.467251e+06 9.564281e+06 9.772550e+06 1.013983e+07 1.070882e+07 1.758229e+07 3.161141e+07 4.914378e+07 6.499035e+07 7.696148e+07 8.534864e+07 9.499267e+07 9.920863e+07 1.004198e+08 9.984803e+07 9.825724e+07 9.613251e+07
9.348037e+06 9.348037e+06 9.348037e+06 9.348037e+06 9.348037e+06 9.348028e+06 9.347992e+06 9.347803e+06 9.347639e+06 9.347430e+06 9.347424e+06 9.353669e+06 9.386459e+06 9.482966e+06 9.690068e+06 1.005524e+07 1.062087e+07 1.744975e+07 3.137863e+07 4.878206e+07 6.451126e+07 7.638911e+07 8.470387e+07 9.426138e+07 9.847177e+07 9.973404e+07 9.922887e+07 9.769404e+07 9.560857e+07
9.269148e+06 9.269148e+06 9.269148e+06 9.269148e+06 9.269148e+06 9.269138e+06 9.269100e+06 9.268912e+06 9.268751e+06 9.268546e+06 9.268550e+06 9.274771e+06 9.307374e+06 9.403291e+06 9.609095e+06 9.971929e+06 1.053388e+07 1.731506e+07 3.113949e+07 4.841091e+07 6.402204e+07 7.580800e+07 8.405249e+07 9.352467e+07 9.772568e+07 9.903548e+07 9.859681e+07 9.712060e+07 9.507788e+07
9.191885e+06 9.191885e+06 9.191885e+06 9.191885e+06 9.191884e+06 9.191875e+06 9.191838e+06 9.191653e+06 9.191495e+06 9.191293e+06 9.191304e+06 9.197492e+06 9.229881e+06 9.325144e+06 9.529523e+06 9.889815e+06 1.044779e+07 1.717838e+07 3.089449e+07 4.803104e+07 6.352336e+07 7.521867e+07 8.339491e+07 9.278333e+07 9.697164e+07 9.832524e+07 9.795242e+07 9.653700e+07 9.454022e+07
9.116156e+06 9.116156e+06 9.116156e+06 9.116156e+06 9.116156e+06 9.116147e+06 9.116111e+06 9.115930e+06 9.115773e+06 9.115574e+06 9.115583e+06 9.121721e+06 9.153865e+06 9.248411e+06 9.451248e+06 9.808808e+06 1.036252e+07 1.703987e+07 3.064415e+07 4.764322e+07 6.301598e+07 7.462168e+07 8.273156e+07 9.203805e+07 9.621084e+07 9.760446e+07 9.729637e+07 9.594339e+07 9.399544e+07
9.041895e+06 9.041895e+06 9.041895e+06 9.041895e+06 9.041895e+06 9.041885e+06 9.041847e+06 9.041654e+06 9.041488e+06 9.041279e+06 9.041264e+06 9.047332e+06 9.079201e+06 9.172973e+06 9.374163e+06 9.728822e+06 1.027802e+07 1.689978e+07 3.038904e+07 4.724825e+07 6.250067e+07 7.401762e+07 8.206287e+07 9.128946e+07 9.544438e+07 9.687429e+07 9.662938e+07 9.534001e+07 9.344345e+07
8.968935e+06 8.968935e+06 8.968935e+06 8.968935e+06 8.968934e+06 8.968920e+06 8.968870e+06 8.968642e+06 8.968458e+06 8.968230e+06 8.968181e+06 8.974170e+06 9.005747e+06 9.098705e+06 9.298165e+06 9.649779e+06 1.019426e+07 1.675832e+07 3.012976e+07 4.684694e+07 6.197823e+07 7.340712e+07 8.138932e+07 9.053814e+07 9.467328e+07 9.613582e+07 9.595222e+07 9.472717e+07 9.288422e+07
8.896922e+06 8.896922e+06 8.896922e+06 8.896922e+06 8.896922e+06 8.896908e+06 8.896857e+06 8.896627e+06 8.896441e+06 8.896210e+06 8.896151e+06 8.902080e+06 8.933371e+06 9.025493e+06 9.223161e+06 9.571614e+06 1.011119e+07 1.661573e+07 2.986689e+07 4.644010e+07 6.144947e+07 7.279081e+07 8.071136e+07 8.978460e+07 9.389845e+07 9.539015e+07 9.526568e+07 9.410522e+07 9.231780e+07
8.825797e+06 8.825797e+06 8.825797e+06 8.825796e+06 8.825796e+06 8.825782e+06 8.825732e+06 8.825511e+06 8.825333e+06 8.825113e+06 8.825075e+06 8.830969e+06 8.861986e+06 8.953262e+06 9.149091e+06 9.494288e+06 1.002881e+07 1.647228e+07 2.960100e+07 4.602853e+07 6.091518e+07 7.216934e+07 8.002946e+07 8.902932e+07 9.312074e+07 9.463829e+07 9.457058e+07 9.347460e+07 9.174428e+07
8.755548e+06 8.755548e+06 8.755548e+06 8.755547e+06 8.755547e+06 8.755537e+06 8.755499e+06 8.755309e+06 8.755149e+06 8.754948e+06 8.754944e+06 8.760815e+06 8.791563e+06 8.881980e+06 9.075928e+06 9.417789e+06 9.947135e+06 1.632821e+07 2.933267e+07 4.561299e+07 6.037614e+07 7.154335e+07 7.934410e+07 8.827275e+07 9.234094e+07 9.388125e+07 9.386775e+07 9.283578e+07 9.116380e+07
8.686360e+06 8.686360e+06 8.686360e+06 8.686360e+06 8.686360e+06 8.686348e+06 8.686308e+06 8.686122e+06 8.685968e+06 8.685776e+06 8.685792e+06 8.691632e+06 8.722103e+06 8.811643e+06 9.003671e+06 9.342125e+06 9.866184e+06 1.618377e+07 2.906244e+07 4.519423e+07 5.983311e+07 7.091346e+07 7.865576e+07 8.751527e+07 9.155973e+07 9.311994e+07 9.315803e+07 9.218928e+07 9.057655e+07
8.618180e+06 8.618180e+06 8.618180e+06 8.618180e+06 8.618180e+06 8.618168e+06 8.618125e+06 8.617932e+06 8.617778e+06 8.617588e+06 8.617616e+06 8.623419e+06 8.653607e+06 8.742253e+06 8.932328e+06 9.267316e+06 9.785996e+06 1.603918e+07 2.879081e+07 4.477292e+07 5.928681e+07 7.028030e+07 7.796490e+07 8.675728e+07 9.077776e+07 9.235527e+07 9.244225e+07 9.153563e+07 8.998277e+07
8.550882e+06 8.550882e+06 8.550882e+06 8.550882e+06 8.550881e+06 8.550870e+06 8.550831e+06 8.550656e+06 8.550514e+06 8.550339e+06 8.550395e+06 8.556172e+06 8.586076e+06 8.673817e+06 8.861910e+06 9.193381e+06 9.706609e+06 1.589468e+07 2.851827e+07 4.434974e+07 5.873793e+07 6.964448e+07 7.727199e+07 8.599912e+07 8.999561e+07 9.158804e+07 9.172122e+07 9.087542e+07 8.938275e+07
8.484539e+06 8.484539e+06 8.484539e+06 8.484539e+06 8.484539e+06 8.484530e+06 8.484497e+06 8.484346e+06 8.484220e+06 8.484064e+06 8.484157e+06 8.489910e+06 8.519525e+06 8.606347e+06 8.792431e+06 9.120344e+06 9.628060e+06 1.575047e+07 2.824526e+07 4.392529e+07 5.818713e+07 6.900657e+07 7.657749e+07 8.524115e+07 8.921381e+07 9.081903e+07 9.099574e+07 9.020924e+07 8.877680e+07
8.419261e+06 8.419261e+06 8.419261e+06 8.419261e+06 8.419261e+06 8.419254e+06 8.419227e+06 8.419094e+06 8.418980e+06 8.418837e+06 8.418952e+06 8.424664e+06 8.453973e+06 8.539853e+06 8.723900e+06 9.048217e+06 9.550373e+06 1.560672e+07 2.797218e+07 4.350013e+07 5.763500e+07 6.836713e+07 7.588185e+07 8.448369e+07 8.843283e+07 9.004897e+07 9.026658e+07 8.953769e+07 8.816526e+07
8.355111e+06 8.355111e+06 8.355111e+06 8.355111e+06 8.355110e+06 8.355103e+06 8.355077e+06 8.354944e+06 8.354829e+06 8.354683e+06 8.354789e+06 8.360428e+06 8.389403e+06 8.474318e+06 8.656303e+06 8.976998e+06 9.473561e+06 1.546361e+07 2.769939e+07 4.307478e+07 5.708215e+07 6.772671e+07 7.518553e+07 8.372704e+07 8.765312e+07 8.927852e+07 8.953448e+07 8.886138e+07 8.754853e+07
8.292052e+06 8.292052e+06 8.292052e+06 8.292052e+06 8.292052e+06 8.292039e+06 8.291998e+06 8.291822e+06 8.291684e+06 8.291517e+06 8.291582e+06 8.297129e+06 8.325755e+06 8.409693e+06 8.589605e+06 8.906666e+06 9.397624e+06 1.532127e+07 2.742723e+07 4.264972e+07 5.652910e+07 6.708583e+07 7.448896e+07 8.297152e+07 8.687508e+07 8.850829e+07 8.880016e+07 8.818093e+07 8.692698e+07
8.229695e+06 8.229695e+06 8.229695e+06 8.229695e+06 8.229695e+06 8.229682e+06 8.229637e+06 8.229447e+06 8.229302e+06 8.229128e+06 8.229177e+06 8.234651e+06 8.262943e+06 8.345915e+06 8.523763e+06 8.837196e+06 9.322554e+06 1.517984e+07 2.715600e+07 4.222539e+07 5.597636e+07 6.644498e+07 7.379257e+07 8.221742e+07 8.609909e+07 8.773887e+07 8.806431e+07 8.749694e+07 8.630106e+07
8.167891e+06 8.167891e+06 8.167891e+06 8.167891e+06 8.167891e+06 8.167882e+06 8.167851e+06 8.167698e+06 8.167571e+06 8.167416e+06 8.167493e+06 8.172930e+06 8.200917e+06 8.282946e+06 8.458752e+06 8.768578e+06 9.248357e+06 1.503944e+07 2.688596e+07 4.180217e+07 5.542442e+07 6.580466e+07 7.309678e+07 8.146505e+07 8.532548e+07 8.697077e+07 8.732757e+07 8.681002e+07 8.567118e+07
8.106895e+06 8.106895e+06 8.106895e+06 8.106895e+06 8.106895e+06 8.106886e+06 8.106854e+06 8.106713e+06 8.106600e+06 8.106461e+06 8.106574e+06 8.111986e+06 8.139685e+06 8.220791e+06 8.394576e+06 8.700820e+06 9.175051e+06 1.490017e+07 2.661736e+07 4.138045e+07 5.487371e+07 6.516531e+07 7.240201e+07 8.071468e+07 8.455457e+07 8.620449e+07 8.659055e+07 8.612075e+07 8.503778e+07
8.046725e+06 8.046725e+06 8.046725e+06 8.046725e+06 8.046724e+06 8.046717e+06 8.046692e+06 8.046570e+06 8.046469e+06 8.046344e+06 8.046488e+06 8.051875e+06 8.079291e+06 8.159484e+06 8.331266e+06 8.633953e+06 9.102669e+06 1.476215e+07 2.635043e+07 4.096056e+07 5.432466e+07 6.452738e+07 7.170866e+07 7.996660e+07 8.378666e+07 8.544046e+07 8.585383e+07 8.542972e+07 8.440133e+07
7.987474e+06 7.987474e+06 7.987474e+06 7.987474e+06 7.987474e+06 7.987466e+06 7.987440e+06 7.987324e+06 7.987230e+06 7.987116e+06 7.987286e+06 7.992647e+06 8.019780e+06 8.099068e+06 8.268860e+06 8.568015e+06 9.031252e+06 1.462546e+07 2.608536e+07 4.054282e+07 5.377767e+07 6.389130e+07 7.101714e+07 7.922110e+07 8.302204e+07 8.467911e+07 8.511795e+07 8.473748e+07 8.376228e+07
7.929116e+06 7.929116e+06 7.929116e+06 7.929116e+06 7.929116e+06 7.929110e+06 7.929091e+06 7.928992e+06 7.928910e+06 7.928809e+06 7.929007e+06 7.934343e+06 7.961197e+06 8.039585e+06 8.207401e+06 8.503046e+06 8.960839e+06 1.449018e+07 2.582232e+07 4.012751e+07 5.323312e+07 6.325748e+07 7.032784e+07 7.847846e+07 8.226095e+07 8.392080e+07 8.438343e+07 8.404457e+07 8.312107e+07
7.871740e+06 7.871740e+06 7.871740e+06 7.871740e+06 7.871740e+06 7.871734e+06 7.871713e+06 7.871623e+06 7.871551e+06 7.871466e+06 7.871696e+06 7.877009e+06 7.903584e+06 7.981075e+06 8.146924e+06 8.439081e+06 8.891469e+06 1.435641e+07 2.556149e+07 3.971490e+07 5.269136e+07 6.262632e+07 6.964113e+07 7.773895e+07 8.150366e+07 8.316590e+07 8.365074e+07 8.335151e+07 8.247815e+07
7.815325e+06 7.815325e+06 7.815325e+06 7.815325e+06 7.815325e+06 7.815324e+06 7.815316e+06 7.815262e+06 7.815211e+06 7.815145e+06 7.815410e+06 7.820695e+06 7.846981e+06 7.923570e+06 8.087458e+06 8.376146e+06 8.823165e+06 1.422418e+07 2.530301e+07 3.930525e+07 5.215273e+07 6.199820e+07 6.895739e+07 7.700285e+07 8.075040e+07 8.241470e+07 8.292032e+07 8.265879e+07 8.183398e+07
7.760103e+06 7.760103e+06 7.760103e+06 7.760103e+06 7.760103e+06 7.760102e+06 7.760094e+06 7.760048e+06 7.760001e+06 7.759940e+06 7.760207e+06 7.765433e+06 7.791408e+06 7.867082e+06 8.029009e+06 8.314247e+06 8.755936e+06 1.409357e+07 2.504702e+07 3.889879e+07 5.161755e+07 6.137349e+07 6.827698e+07 7.627042e+07 8.000138e+07 8.166752e+07 8.219257e+07 8.196688e+07 8.118899e+07
7.706083e+06 7.706083e+06 7.706083e+06 7.706083e+06 7.706083e+06 7.706077e+06 7.706056e+06 7.705971e+06 7.705903e+06 7.705821e+06 7.706049e+06 7.711185e+06 7.736830e+06 7.811582e+06 7.971555e+06 8.253369e+06 8.689776e+06 1.396461e+07 2.479362e+07 3.849574e+07 5.108613e+07 6.075253e+07 6.760025e+07 7.554195e+07 7.925683e+07 8.092463e+07 8.146789e+07 8.127624e+07 8.054361e+07
7.652912e+06 7.652912e+06 7.652912e+06 7.652912e+06 7.652912e+06 7.652905e+06 7.652880e+06 7.652772e+06 7.652690e+06 7.652594e+06 7.652793e+06 7.657847e+06 7.683169e+06 7.757011e+06 7.915054e+06 8.193483e+06 8.624665e+06 1.383732e+07 2.454295e+07 3.809629e+07 5.055875e+07 6.013567e+07 6.692755e+07 7.481767e+07 7.851694e+07 8.018626e+07 8.074662e+07 8.058728e+07 7.989825e+07
7.600383e+06 7.600383e+06 7.600383e+06 7.600383e+06 7.600383e+06 7.600377e+06 7.600357e+06 7.600270e+06 7.600199e+06 7.600115e+06 7.600327e+06 7.605333e+06 7.630360e+06 7.703320e+06 7.859469e+06 8.134560e+06 8.560585e+06 1.371176e+07 2.429508e+07 3.770066e+07 5.003570e+07 5.952322e+07 6.625920e+07 7.409785e+07 7.778192e+07 7.945264e+07 8.002908e+07 7.990041e+07 7.925331e+07
7.548622e+06 7.548622e+06 7.548622e+06 7.548622e+06 7.548622e+06 7.548619e+06 7.548606e+06 7.548543e+06 7.548488e+06 7.548421e+06 7.548663e+06 7.553638e+06 7.578390e+06 7.650494e+06 7.804784e+06 8.076590e+06 8.497528e+06 1.358792e+07 2.405012e+07 3.730900e+07 4.951721e+07 5.891549e+07 6.559550e+07 7.338274e+07 7.705194e+07 7.872400e+07 7.931557e+07 7.921599e+07 7.860918e+07
7.497780e+06 7.497780e+06 7.497780e+06 7.497780e+06 7.497780e+06 7.497777e+06 7.497764e+06 7.497704e+06 7.497654e+06 7.497594e+06 7.497854e+06 7.502797e+06 7.527280e+06 7.598546e+06 7.751008e+06 8.019577e+06 8.435499e+06 1.346585e+07 2.380814e+07 3.692148e+07 4.900354e+07 5.831276e+07 6.493676e+07 7.267257e+07 7.632717e+07 7.800051e+07 7.860637e+07 7.853439e+07 7.796624e+07
7.447819e+06 7.447819e+06 7.447819e+06 7.447819e+06 7.447819e+06 7.447816e+06 7.447805e+06 7.447752e+06 7.447707e+06 7.447654e+06 7.447928e+06 7.452838e+06 7.477057e+06 7.547497e+06 7.698159e+06 7.963535e+06 8.374508e+06 1.334555e+07 2.356921e+07 3.653825e+07 4.849489e+07 5.771530e+07 6.428325e+07 7.196757e+07 7.560780e+07 7.728236e+07 7.790173e+07 7.785592e+07 7.732484e+07
7.398750e+06 7.398750e+06 7.398750e+06 7.398750e+06 7.398750e+06 7.398747e+06 7.398736e+06 7.398687e+06 7.398649e+06 7.398605e+06 7.398901e+06 7.403783e+06 7.427744e+06 7.497371e+06 7.646256e+06 7.908483e+06 8.314572e+06 1.322706e+07 2.333339e+07 3.615944e+07 4.799148e+07 5.712335e+07 6.363524e+07 7.126796e+07 7.489396e+07 7.656971e+07 7.720187e+07 7.718090e+07 7.668532e+07
7.350542e+06 7.350542e+06 7.350542e+06 7.350542e+06 7.350542e+06 7.350543e+06 7.350543e+06 7.350527e+06 7.350507e+06 7.350482e+06 7.350810e+06 7.355667e+06 7.379373e+06 7.448194e+06 7.595321e+06 7.854436e+06 8.255703e+06 1.311038e+07 2.310075e+07 3.578516e+07 4.749347e+07 5.653714e+07 6.299296e+07 7.057393e+07 7.418582e+07 7.586271e+07 7.650700e+07 7.650960e+07 7.604800e+07
