2.313502e+05 1.275164e+05 1.205014e+05 1.139614e+05 1.118355e+05 1.028034e+05 9.754696e+04 9.122378e+04 8.898221e+04 8.710452e+04 8.410663e+04 8.179954e+04 7.996127e+04 7.846258e+04 7.722210e+04 7.618564e+04 7.531535e+04 7.268577e+04 7.183605e+04 7.197144e+04 7.266847e+04 7.367594e+04 7.483812e+04 7.726953e+04 7.953892e+04 8.149341e+04 8.309821e+04 8.436874e+04 8.533938e+04
1.028858e+05 1.028871e+05 1.028900e+05 1.028934e+05 1.025662e+05 9.938400e+04 9.581404e+04 9.038483e+04 8.830928e+04 8.654349e+04 8.368916e+04 8.147119e+04 7.969397e+04 7.823981e+04 7.703335e+04 7.602378e+04 7.517535e+04 7.261425e+04 7.180116e+04 7.195894e+04 7.267031e+04 7.368704e+04 7.485512e+04 7.729214e+04 7.956254e+04 8.151581e+04 8.311839e+04 8.438631e+04 8.535429e+04
9.779516e+04 9.779545e+04 9.779620e+04 9.780662e+04 9.778995e+04 9.680953e+04 9.362925e+04 8.923768e+04 8.743858e+04 8.584667e+04 8.319774e+04 8.109721e+04 7.939617e+04 7.799555e+04 7.682884e+04 7.585005e+04 7.502621e+04 7.253982e+04 7.176534e+04 7.194630e+04 7.267233e+04 7.369845e+04 7.487246e+04 7.731506e+04 7.958641e+04 8.153840e+04 8.313869e+04 8.440396e+04 8.536925e+04
9.433263e+04 9.433276e+04 9.433311e+04 9.433905e+04 9.434129e+04 9.323173e+04 9.245771e+04 8.786740e+04 8.638239e+04 8.501394e+04 8.263049e+04 8.067651e+04 7.906731e+04 7.772947e+04 7.660840e+04 7.566433e+04 7.486786e+04 7.246249e+04 7.172862e+04 7.193354e+04 7.267455e+04 7.371018e+04 7.489016e+04 7.733831e+04 7.961053e+04 8.156117e+04 8.315912e+04 8.442169e+04 8.538427e+04
9.165600e+04 9.165607e+04 9.165625e+04 9.165985e+04 9.166294e+04 9.089483e+04 9.031095e+04 8.673003e+04 8.525356e+04 8.407945e+04 8.199151e+04 8.020954e+04 7.870731e+04 7.744146e+04 7.637194e+04 7.546658e+04 7.470028e+04 7.238229e+04 7.169101e+04 7.192066e+04 7.267696e+04 7.372223e+04 7.490821e+04 7.736186e+04 7.963489e+04 8.158411e+04 8.317967e+04 8.443951e+04 8.539934e+04
8.929971e+04 8.929976e+04 8.929988e+04 8.930232e+04 8.930573e+04 8.889664e+04 8.801099e+04 8.601213e+04 8.436203e+04 8.314533e+04 8.129764e+04 7.970006e+04 7.831718e+04 7.713183e+04 7.611957e+04 7.525685e+04 7.452350e+04 7.229922e+04 7.165254e+04 7.190768e+04 7.267959e+04 7.373461e+04 7.492662e+04 7.738574e+04 7.965950e+04 8.160724e+04 8.320035e+04 8.445742e+04 8.541447e+04
8.729125e+04 8.729127e+04 8.729135e+04 8.729306e+04 8.729594e+04 8.708251e+04 8.615058e+04 8.517683e+04 8.375848e+04 8.242343e+04 8.058621e+04 7.915745e+04 7.789981e+04 7.680162e+04 7.585172e+04 7.503532e+04 7.433761e+04 7.221333e+04 7.161323e+04 7.189462e+04 7.268245e+04 7.374733e+04 7.494540e+04 7.740994e+04 7.968435e+04 8.163055e+04 8.322116e+04 8.447541e+04 8.542964e+04
8.559066e+04 8.559068e+04 8.559074e+04 8.559202e+04 8.559443e+04 8.547502e+04 8.467253e+04 8.407866e+04 8.312994e+04 8.190754e+04 7.992430e+04 7.859923e+04 7.746093e+04 7.645299e+04 7.556929e+04 7.480243e+04 7.414285e+04 7.212466e+04 7.157310e+04 7.188150e+04 7.268554e+04 7.376040e+04 7.496454e+04 7.743446e+04 7.970946e+04 8.165403e+04 8.324209e+04 8.449348e+04 8.544487e+04
8.411791e+04 8.411793e+04 8.411798e+04 8.411903e+04 8.412108e+04 8.405146e+04 8.342503e+04 8.283775e+04 8.234652e+04 8.140226e+04 7.941792e+04 7.805353e+04 7.701006e+04 7.608966e+04 7.527392e+04 7.455896e+04 7.393962e+04 7.203325e+04 7.153218e+04 7.186833e+04 7.268887e+04 7.377381e+04 7.498406e+04 7.745931e+04 7.973481e+04 8.167770e+04 8.326314e+04 8.451163e+04 8.546015e+04
8.282158e+04 8.282160e+04 8.282163e+04 8.282249e+04 8.282424e+04 8.278299e+04 8.231557e+04 8.161326e+04 8.142266e+04 8.080961e+04 7.902806e+04 7.756444e+04 7.656148e+04 7.571737e+04 7.496815e+04 7.430615e+04 7.372857e+04 7.193917e+04 7.149049e+04 7.185512e+04 7.269246e+04 7.378758e+04 7.500395e+04 7.748447e+04 7.976040e+04 8.170154e+04 8.328431e+04 8.452986e+04 8.547548e+04
8.166695e+04 8.166696e+04 8.166699e+04 8.166766e+04 8.166910e+04 8.164471e+04 8.130184e+04 8.049795e+04 8.043800e+04 8.010993e+04 7.866697e+04 7.718779e+04 7.613556e+04 7.534426e+04 7.465569e+04 7.404580e+04 7.351064e+04 7.184252e+04 7.144806e+04 7.184189e+04 7.269631e+04 7.380171e+04 7.502422e+04 7.750996e+04 7.978624e+04 8.172555e+04 8.330561e+04 8.454817e+04 8.549085e+04
7.733336e+04 7.733336e+04 7.733338e+04 7.733372e+04 7.733457e+04 7.733844e+04 7.726494e+04 7.664575e+04 7.638709e+04 7.631677e+04 7.625746e+04 7.570274e+04 7.480772e+04 7.393390e+04 7.323990e+04 7.275160e+04 7.238259e+04 7.132675e+04 7.122631e+04 7.177606e+04 7.271980e+04 7.387793e+04 7.513130e+04 7.764227e+04 7.991910e+04 8.184823e+04 8.341386e+04 8.464089e+04 8.556844e+04
7.450173e+04 7.450173e+04 7.450174e+04 7.450196e+04 7.450254e+04 7.451004e+04 7.449598e+04 7.422573e+04 7.397731e+04 7.376497e+04 7.365064e+04 7.370552e+04 7.353261e+04 7.308353e+04 7.251745e+04 7.197930e+04 7.154133e+04 7.078963e+04 7.099510e+04 7.171283e+04 7.275123e+04 7.396383e+04 7.524811e+04 7.778265e+04 8.005795e+04 8.197514e+04 8.352497e+04 8.473544e+04 8.564713e+04
7.253297e+04 7.253297e+04 7.253298e+04 7.253314e+04 7.253357e+04 7.254150e+04 7.254602e+04 7.244599e+04 7.230853e+04 7.213277e+04 7.186204e+04 7.185440e+04 7.196527e+04 7.197264e+04 7.179949e+04 7.149745e+04 7.115451e+04 7.032344e+04 7.077186e+04 7.165695e+04 7.279220e+04 7.405997e+04 7.537481e+04 7.793096e+04 8.020262e+04 8.210609e+04 8.363877e+04 8.483169e+04 8.572677e+04
7.114397e+04 7.114397e+04 7.114397e+04 7.114410e+04 7.114445e+04 7.115204e+04 7.116335e+04 7.113502e+04 7.106840e+04 7.096070e+04 7.069947e+04 7.056007e+04 7.061841e+04 7.077191e+04 7.088429e+04 7.088584e+04 7.078170e+04 7.011214e+04 7.059065e+04 7.161736e+04 7.284544e+04 7.416722e+04 7.551159e+04 7.808703e+04 8.035286e+04 8.224086e+04 8.375507e+04 8.492946e+04 8.580724e+04
7.018003e+04 7.018003e+04 7.018004e+04 7.018014e+04 7.018042e+04 7.018291e+04 7.018417e+04 7.016405e+04 7.012805e+04 7.006634e+04 6.987897e+04 6.970778e+04 6.967406e+04 6.979328e+04 6.999137e+04 7.017808e+04 7.029696e+04 7.015513e+04 7.051094e+04 7.160956e+04 7.291578e+04 7.428709e+04 7.565882e+04 7.825064e+04 8.050839e+04 8.237919e+04 8.387363e+04 8.502857e+04 8.588839e+04
6.934685e+04 6.934685e+04 6.934685e+04 6.934694e+04 6.934720e+04 6.935360e+04 6.936760e+04 6.938845e+04 6.938425e+04 6.936426e+04 6.927092e+04 6.914569e+04 6.908013e+04 6.913775e+04 6.931292e+04 6.955212e+04 6.979309e+04 7.028730e+04 7.062716e+04 7.165832e+04 7.301114e+04 7.442228e+04 7.581732e+04 7.842160e+04 8.066889e+04 8.252078e+04 8.399423e+04 8.512882e+04 8.597005e+04
6.879622e+04 6.879622e+04 6.879622e+04 6.879630e+04 6.879653e+04 6.880253e+04 6.881724e+04 6.885723e+04 6.887489e+04 6.888520e+04 6.887049e+04 6.881313e+04 6.876331e+04 6.878521e+04 6.891071e+04 6.912804e+04 6.939796e+04 7.042131e+04 7.090586e+04 7.180309e+04 7.314364e+04 7.457709e+04 7.598857e+04 7.859985e+04 8.083407e+04 8.266533e+04 8.411659e+04 8.523001e+04 8.605207e+04
6.851429e+04 6.851429e+04 6.851430e+04 6.851443e+04 6.851484e+04 6.852512e+04 6.854822e+04 6.860870e+04 6.863962e+04 6.866696e+04 6.869962e+04 6.869539e+04 6.867514e+04 6.868569e+04 6.876884e+04 6.893949e+04 6.918462e+04 7.053329e+04 7.126752e+04 7.209498e+04 7.333112e+04 7.475804e+04 7.617504e+04 7.878553e+04 8.100363e+04 8.281253e+04 8.424046e+04 8.533191e+04 8.613426e+04
6.857071e+04 6.857071e+04 6.857071e+04 6.857077e+04 6.857097e+04 6.857650e+04 6.859123e+04 6.863858e+04 6.866729e+04 6.869625e+04 6.874516e+04 6.877024e+04 6.877495e+04 6.878679e+04 6.884236e+04 6.896752e+04 6.916790e+04 7.064116e+04 7.166044e+04 7.249714e+04 7.360216e+04 7.497447e+04 7.638045e+04 7.897906e+04 8.117739e+04 8.296210e+04 8.436556e+04 8.543430e+04 8.621643e+04
6.878133e+04 6.878133e+04 6.878133e+04 6.878139e+04 6.878157e+04 6.878662e+04 6.880048e+04 6.884551e+04 6.887319e+04 6.890210e+04 6.895694e+04 6.899772e+04 6.902090e+04 6.904003e+04 6.908180e+04 6.917284e+04 6.932858e+04 7.077803e+04 7.205450e+04 7.296542e+04 7.398253e+04 7.523974e+04 7.661007e+04 7.918128e+04 8.135525e+04 8.311375e+04 8.449162e+04 8.553695e+04 8.629841e+04
6.911855e+04 6.911855e+04 6.911856e+04 6.911861e+04 6.911878e+04 6.912349e+04 6.913608e+04 6.917753e+04 6.920379e+04 6.923200e+04 6.928917e+04 6.933929e+04 6.937662e+04 6.940605e+04 6.944466e+04 6.951487e+04 6.963518e+04 7.097341e+04 7.243882e+04 7.346748e+04 7.444103e+04 7.557588e+04 7.687125e+04 7.939354e+04 8.153729e+04 8.326727e+04 8.461839e+04 8.563964e+04 8.638001e+04
6.954438e+04 6.954439e+04 6.954439e+04 6.954444e+04 6.954459e+04 6.954910e+04 6.956130e+04 6.960016e+04 6.962487e+04 6.965203e+04 6.971012e+04 6.976684e+04 6.981586e+04 6.985701e+04 6.989965e+04 6.996038e+04 7.005670e+04 7.124551e+04 7.281640e+04 7.397998e+04 7.495025e+04 7.599301e+04 7.717447e+04 7.961778e+04 8.172377e+04 8.342252e+04 8.474565e+04 8.574215e+04 8.646104e+04
7.003690e+04 7.003690e+04 7.003691e+04 7.003695e+04 7.003709e+04 7.004093e+04 7.005112e+04 7.008681e+04 7.011102e+04 7.013841e+04 7.019936e+04 7.026283e+04 7.032258e+04 7.037579e+04 7.042646e+04 7.048567e+04 7.056798e+04 7.160111e+04 7.319761e+04 7.448843e+04 7.548857e+04 7.646702e+04 7.753710e+04 7.985670e+04 8.191520e+04 8.357945e+04 8.487320e+04 8.584427e+04 8.654133e+04
7.057528e+04 7.057528e+04 7.057528e+04 7.057533e+04 7.057546e+04 7.057939e+04 7.059057e+04 7.062963e+04 7.065565e+04 7.068494e+04 7.075051e+04 7.082061e+04 7.088959e+04 7.095357e+04 7.101321e+04 7.107511e+04 7.115036e+04 7.203830e+04 7.359457e+04 7.498619e+04 7.603882e+04 7.697944e+04 7.795982e+04 8.011395e+04 8.211240e+04 8.373811e+04 8.500091e+04 8.594584e+04 8.662071e+04
7.119107e+04 7.119107e+04 7.119108e+04 7.119112e+04 7.119124e+04 7.119487e+04 7.120533e+04 7.124293e+04 7.126866e+04 7.129811e+04 7.136537e+04 7.143918e+04 7.151408e+04 7.158568e+04 7.165260e+04 7.171815e+04 7.179009e+04 7.254974e+04 7.401753e+04 7.547264e+04 7.658823e+04 7.751508e+04 7.842464e+04 8.039448e+04 8.231651e+04 8.389870e+04 8.512868e+04 8.604669e+04 8.669902e+04
7.187096e+04 7.187096e+04 7.187096e+04 7.187100e+04 7.187111e+04 7.187453e+04 7.188447e+04 7.192053e+04 7.194551e+04 7.197433e+04 7.204096e+04 7.211525e+04 7.219212e+04 7.226724e+04 7.233824e+04 7.240619e+04 7.247606e+04 7.312512e+04 7.447325e+04 7.595099e+04 7.712843e+04 7.806119e+04 7.891844e+04 8.070562e+04 8.252909e+04 8.406158e+04 8.525651e+04 8.614671e+04 8.677612e+04
7.260559e+04 7.260559e+04 7.260559e+04 7.260563e+04 7.260574e+04 7.260911e+04 7.261884e+04 7.265400e+04 7.267821e+04 7.270602e+04 7.277005e+04 7.284155e+04 7.291638e+04 7.299082e+04 7.306228e+04 7.313043e+04 7.319806e+04 7.375292e+04 7.496468e+04 7.642622e+04 7.765489e+04 7.860752e+04 7.943009e+04 8.105752e+04 8.275218e+04 8.422728e+04 8.538447e+04 8.624581e+04 8.685190e+04
7.339294e+04 7.339294e+04 7.339294e+04 7.339297e+04 7.339307e+04 7.339609e+04 7.340497e+04 7.343732e+04 7.345933e+04 7.348438e+04 7.354177e+04 7.360643e+04 7.367545e+04 7.374580e+04 7.381479e+04 7.388115e+04 7.394599e+04 7.442152e+04 7.549148e+04 7.690350e+04 7.816626e+04 7.914632e+04 7.995001e+04 8.144279e+04 8.298850e+04 8.439656e+04 8.551272e+04 8.634396e+04 8.692626e+04
7.421911e+04 7.421911e+04 7.421911e+04 7.421914e+04 7.421923e+04 7.422209e+04 7.422968e+04 7.425394e+04 7.427038e+04 7.428967e+04 7.433629e+04 7.439194e+04 7.445391e+04 7.451910e+04 7.458456e+04 7.464832e+04 7.471023e+04 7.511998e+04 7.605085e+04 7.738720e+04 7.866339e+04 7.967228e+04 8.047008e+04 8.185179e+04 8.324174e+04 8.457039e+04 8.564154e+04 8.644119e+04 8.699913e+04
7.503114e+04 7.503114e+04 7.503114e+04 7.503117e+04 7.503124e+04 7.503286e+04 7.503725e+04 7.505477e+04 7.506835e+04 7.508509e+04 7.512720e+04 7.517884e+04 7.523717e+04 7.529917e+04 7.536196e+04 7.542339e+04 7.548266e+04 7.583850e+04 7.663839e+04 7.788042e+04 7.914848e+04 8.018230e+04 8.098375e+04 8.227710e+04 8.351793e+04 8.475006e+04 8.577131e+04 8.653757e+04 8.707048e+04
7.578851e+04 7.578851e+04 7.578851e+04 7.578854e+04 7.578862e+04 7.579105e+04 7.579824e+04 7.582416e+04 7.584167e+04 7.586169e+04 7.590821e+04 7.596172e+04 7.601998e+04 7.608064e+04 7.614147e+04 7.620065e+04 7.625729e+04 7.656856e+04 7.724880e+04 7.838482e+04 7.962434e+04 8.067508e+04 8.148601e+04 8.271228e+04 8.382049e+04 8.493721e+04 8.590257e+04 8.663327e+04 8.714033e+04
7.657491e+04 7.657491e+04 7.657491e+04 7.657494e+04 7.657502e+04 7.657736e+04 7.658425e+04 7.660967e+04 7.662741e+04 7.664790e+04 7.669531e+04 7.674858e+04 7.680516e+04 7.686306e+04 7.692059e+04 7.697638e+04 7.702960e+04 7.730291e+04 7.787649e+04 7.890080e+04 8.009381e+04 8.115074e+04 8.197333e+04 8.315157e+04 8.414215e+04 8.513396e+04 8.603599e+04 8.672849e+04 8.720871e+04
7.738527e+04 7.738527e+04 7.738527e+04 7.738529e+04 7.738536e+04 7.738748e+04 7.739375e+04 7.741707e+04 7.743336e+04 7.745208e+04 7.749489e+04 7.754236e+04 7.759254e+04 7.764402e+04 7.769562e+04 7.774619e+04 7.779487e+04 7.803546e+04 7.851600e+04 7.942771e+04 8.055939e+04 8.161033e+04 8.244353e+04 8.358984e+04 8.447736e+04 8.534334e+04 8.617244e+04 8.682356e+04 8.727572e+04
7.820890e+04 7.820890e+04 7.820890e+04 7.820892e+04 7.820898e+04 7.821096e+04 7.821680e+04 7.823728e+04 7.825042e+04 7.826484e+04 7.829690e+04 7.833293e+04 7.837252e+04 7.841490e+04 7.845900e+04 7.850355e+04 7.854741e+04 7.876122e+04 7.916224e+04 7.996409e+04 8.102301e+04 8.205547e+04 8.289554e+04 8.402266e+04 8.482156e+04 8.557023e+04 8.631300e+04 8.691887e+04 8.734150e+04
7.904020e+04 7.904020e+04 7.904020e+04 7.904022e+04 7.904028e+04 7.904151e+04 7.904341e+04 7.904824e+04 7.905223e+04 7.905780e+04 7.907427e+04 7.909789e+04 7.912784e+04 7.916280e+04 7.920116e+04 7.924131e+04 7.928175e+04 7.947643e+04 7.981075e+04 8.050800e+04 8.148603e+04 8.248800e+04 8.332922e+04 8.444628e+04 8.517070e+04 8.581335e+04 8.645902e+04 8.701492e+04 8.740624e+04
7.976433e+04 7.976433e+04 7.976433e+04 7.976434e+04 7.976440e+04 7.976529e+04 7.976642e+04 7.976946e+04 7.977262e+04 7.977747e+04 7.979283e+04 7.981560e+04 7.984476e+04 7.987886e+04 7.991630e+04 7.995550e+04 7.999502e+04 8.017862e+04 8.045772e+04 8.105716e+04 8.194912e+04 8.290976e+04 8.374508e+04 8.485766e+04 8.552110e+04 8.606774e+04 8.661229e+04 8.711233e+04 8.747019e+04
8.038392e+04 8.038392e+04 8.038393e+04 8.038394e+04 8.038399e+04 8.038549e+04 8.038997e+04 8.040663e+04 8.041784e+04 8.043045e+04 8.045917e+04 8.049193e+04 8.052809e+04 8.056682e+04 8.060717e+04 8.064809e+04 8.068854e+04 8.086660e+04 8.110000e+04 8.160916e+04 8.241242e+04 8.332237e+04 8.414408e+04 8.525442e+04 8.586943e+04 8.632991e+04 8.677552e+04 8.721185e+04 8.753368e+04
8.101743e+04 8.101743e+04 8.101743e+04 8.101745e+04 8.101753e+04 8.101982e+04 8.102642e+04 8.104876e+04 8.106338e+04 8.107972e+04 8.111611e+04 8.115575e+04 8.119730e+04 8.123987e+04 8.128273e+04 8.132514e+04 8.136636e+04 8.153992e+04 8.173497e+04 8.216155e+04 8.287558e+04 8.372717e+04 8.452743e+04 8.563484e+04 8.621269e+04 8.659688e+04 8.695178e+04 8.731443e+04 8.759708e+04
8.170618e+04 8.170618e+04 8.170618e+04 8.170619e+04 8.170624e+04 8.170761e+04 8.171179e+04 8.172853e+04 8.174072e+04 8.175503e+04 8.178851e+04 8.182637e+04 8.186673e+04 8.190834e+04 8.195028e+04 8.199176e+04 8.203203e+04 8.219840e+04 8.236042e+04 8.271189e+04 8.333783e+04 8.412514e+04 8.489641e+04 8.599779e+04 8.654826e+04 8.686598e+04 8.713790e+04 8.742122e+04 8.766087e+04
8.240480e+04 8.240480e+04 8.240480e+04 8.240482e+04 8.240486e+04 8.240609e+04 8.240972e+04 8.242325e+04 8.243280e+04 8.244398e+04 8.247054e+04 8.250165e+04 8.253609e+04 8.257274e+04 8.261059e+04 8.264870e+04 8.268617e+04 8.284162e+04 8.297443e+04 8.325784e+04 8.379812e+04 8.451689e+04 8.525227e+04 8.634263e+04 8.687386e+04 8.713477e+04 8.733083e+04 8.753380e+04 8.772560e+04
8.309649e+04 8.309649e+04 8.309649e+04 8.309650e+04 8.309654e+04 8.309767e+04 8.310082e+04 8.311097e+04 8.311765e+04 8.312543e+04 8.314446e+04 8.316803e+04 8.319560e+04 8.322627e+04 8.325904e+04 8.329286e+04 8.332671e+04 8.346880e+04 8.357527e+04 8.379713e+04 8.425515e+04 8.490271e+04 8.559616e+04 8.666919e+04 8.718760e+04 8.740100e+04 8.752825e+04 8.765474e+04 8.779195e+04
8.376483e+04 8.376483e+04 8.376483e+04 8.376483e+04 8.376484e+04 8.376495e+04 8.376538e+04 8.376912e+04 8.377293e+04 8.377808e+04 8.379227e+04 8.381129e+04 8.383448e+04 8.386100e+04 8.388988e+04 8.392010e+04 8.395064e+04 8.407895e+04 8.416131e+04 8.432762e+04 8.470747e+04 8.528255e+04 8.592902e+04 8.697761e+04 8.748793e+04 8.766264e+04 8.772814e+04 8.778472e+04 8.786073e+04
8.436404e+04 8.436404e+04 8.436404e+04 8.436405e+04 8.436408e+04 8.436506e+04 8.436787e+04 8.437706e+04 8.438300e+04 8.438978e+04 8.440590e+04 8.442538e+04 8.444795e+04 8.447306e+04 8.449999e+04 8.452790e+04 8.455594e+04 8.467106e+04 8.473110e+04 8.484730e+04 8.515354e+04 8.565613e+04 8.625163e+04 8.726833e+04 8.777366e+04 8.791786e+04 8.792868e+04 8.792091e+04 8.793298e+04
8.494795e+04 8.494795e+04 8.494795e+04 8.494796e+04 8.494799e+04 8.494890e+04 8.495157e+04 8.496147e+04 8.496832e+04 8.497620e+04 8.499450e+04 8.501557e+04 8.503887e+04 8.506381e+04 8.508978e+04 8.511612e+04 8.514213e+04 8.524421e+04 8.528325e+04 8.535430e+04 8.559180e+04 8.602293e+04 8.656453e+04 8.754197e+04 8.804395e+04 8.816503e+04 8.812820e+04 8.806132e+04 8.801014e+04
8.552253e+04 8.552253e+04 8.552253e+04 8.552254e+04 8.552257e+04 8.552344e+04 8.552599e+04 8.553543e+04 8.554206e+04 8.554981e+04 8.556812e+04 8.558929e+04 8.561238e+04 8.563660e+04 8.566127e+04 8.568579e+04 8.570955e+04 8.579756e+04 8.581649e+04 8.584686e+04 8.602068e+04 8.638229e+04 8.686810e+04 8.779927e+04 8.829822e+04 8.840274e+04 8.832513e+04 8.820436e+04 8.809436e+04
8.608757e+04 8.608757e+04 8.608757e+04 8.608758e+04 8.608760e+04 8.608839e+04 8.609070e+04 8.609937e+04 8.610554e+04 8.611279e+04 8.613000e+04 8.614984e+04 8.617125e+04 8.619340e+04 8.621564e+04 8.623741e+04 8.625819e+04 8.633019e+04 8.632963e+04 8.632341e+04 8.643868e+04 8.673344e+04 8.716251e+04 8.804107e+04 8.853621e+04 8.862978e+04 8.851809e+04 8.834859e+04 8.818461e+04
8.664049e+04 8.664049e+04 8.664049e+04 8.664050e+04 8.664052e+04 8.664130e+04 8.664356e+04 8.665187e+04 8.665767e+04 8.666434e+04 8.667971e+04 8.669685e+04 8.671499e+04 8.673353e+04 8.675201e+04 8.676997e+04 8.678696e+04 8.684100e+04 8.682153e+04 8.678250e+04 8.684437e+04 8.707555e+04 8.744780e+04 8.826819e+04 8.875786e+04 8.884518e+04 8.870576e+04 8.849276e+04 8.827891e+04
8.718250e+04 8.718250e+04 8.718250e+04 8.718250e+04 8.718253e+04 8.718324e+04 8.718533e+04 8.719276e+04 8.719759e+04 8.720288e+04 8.721436e+04 8.722678e+04 8.723992e+04 8.725355e+04 8.726732e+04 8.728081e+04 8.729354e+04 8.732873e+04 8.729113e+04 8.722287e+04 8.723644e+04 8.740775e+04 8.772389e+04 8.848149e+04 8.896334e+04 8.904814e+04 8.888698e+04 8.863566e+04 8.837590e+04
8.771231e+04 8.771231e+04 8.771231e+04 8.771232e+04 8.771234e+04 8.771293e+04 8.771419e+04 8.771707e+04 8.771868e+04 8.772052e+04 8.772519e+04 8.773138e+04 8.773900e+04 8.774770e+04 8.775698e+04 8.776626e+04 8.777499e+04 8.779207e+04 8.773747e+04 8.764341e+04 8.761369e+04 8.772919e+04 8.799060e+04 8.868175e+04 8.915297e+04 8.923810e+04 8.906074e+04 8.877621e+04 8.847444e+04
8.820154e+04 8.820154e+04 8.820154e+04 8.820154e+04 8.820153e+04 8.820111e+04 8.819987e+04 8.819700e+04 8.819606e+04 8.819566e+04 8.819658e+04 8.819966e+04 8.820446e+04 8.821041e+04 8.821687e+04 8.822321e+04 8.822887e+04 8.822991e+04 8.815974e+04 8.804321e+04 8.797511e+04 8.803909e+04 8.824770e+04 8.886974e+04 8.932720e+04 8.941463e+04 8.922611e+04 8.891339e+04 8.857352e+04
8.860750e+04 8.860750e+04 8.860750e+04 8.860750e+04 8.860752e+04 8.860806e+04 8.860955e+04 8.861362e+04 8.861580e+04 8.861806e+04 8.862295e+04 8.862843e+04 8.863434e+04 8.864032e+04 8.864592e+04 8.865069e+04 8.865423e+04 8.864143e+04 8.855732e+04 8.842155e+04 8.831982e+04 8.833671e+04 8.849491e+04 8.904614e+04 8.948659e+04 8.957753e+04 8.938233e+04 8.904629e+04 8.867219e+04
8.899446e+04 8.899446e+04 8.899446e+04 8.899447e+04 8.899449e+04 8.899502e+04 8.899657e+04 8.900212e+04 8.900580e+04 8.900982e+04 8.901835e+04 8.902681e+04 8.903458e+04 8.904121e+04 8.904640e+04 8.904992e+04 8.905160e+04 8.902609e+04 8.892977e+04 8.877791e+04 8.864714e+04 8.862141e+04 8.873195e+04 8.921157e+04 8.963178e+04 8.972671e+04 8.952876e+04 8.917406e+04 8.876962e+04
8.937254e+04 8.937254e+04 8.937254e+04 8.937254e+04 8.937256e+04 8.937306e+04 8.937449e+04 8.937971e+04 8.938331e+04 8.938740e+04 8.939626e+04 8.940486e+04 8.941218e+04 8.941768e+04 8.942114e+04 8.942251e+04 8.942175e+04 8.938353e+04 8.927683e+04 8.911198e+04 8.895655e+04 8.889266e+04 8.895853e+04 8.936658e+04 8.976342e+04 8.986224e+04 8.966489e+04 8.929593e+04 8.886499e+04
8.974062e+04 8.974062e+04 8.974062e+04 8.974062e+04 8.974064e+04 8.974108e+04 8.974235e+04 8.974702e+04 8.975014e+04 8.975349e+04 8.976005e+04 8.976543e+04 8.976904e+04 8.977071e+04 8.977045e+04 8.976830e+04 8.976428e+04 8.971343e+04 8.959850e+04 8.942368e+04 8.924773e+04 8.915002e+04 8.917442e+04 8.951167e+04 8.988223e+04 8.998431e+04 8.979032e+04 8.941122e+04 8.895758e+04
9.009700e+04 9.009700e+04 9.009700e+04 9.009701e+04 9.009702e+04 9.009746e+04 9.009872e+04 9.010221e+04 9.010363e+04 9.010454e+04 9.010476e+04 9.010316e+04 9.010017e+04 9.009605e+04 9.009089e+04 9.008465e+04 9.007721e+04 9.001560e+04 8.989498e+04 8.971312e+04 8.952053e+04 8.939318e+04 8.937939e+04 8.964727e+04 8.998890e+04 9.009320e+04 8.990478e+04 8.951934e+04 8.904670e+04
9.044256e+04 9.044256e+04 9.044256e+04 9.044255e+04 9.044251e+04 9.044162e+04 9.043955e+04 9.043276e+04 9.042839e+04 9.042366e+04 9.041378e+04 9.040403e+04 9.039470e+04 9.038573e+04 9.037685e+04 9.036775e+04 9.035807e+04 9.029017e+04 9.016679e+04 8.998065e+04 8.977498e+04 8.962196e+04 8.957326e+04 8.977374e+04 9.008414e+04 9.018929e+04 9.000810e+04 8.961979e+04 8.913172e+04
9.069996e+04 9.069996e+04 9.069996e+04 9.069995e+04 9.069992e+04 9.069879e+04 9.069561e+04 9.068591e+04 9.068025e+04 9.067444e+04 9.066307e+04 9.065250e+04 9.064278e+04 9.063364e+04 9.062471e+04 9.061559e+04 9.060591e+04 9.053792e+04 9.041472e+04 9.022681e+04 9.001123e+04 8.983625e+04 8.975591e+04 8.989143e+04 9.016862e+04 9.027300e+04 9.010021e+04 8.971213e+04 8.921208e+04
9.085187e+04 9.085187e+04 9.085187e+04 9.085187e+04 9.085188e+04 9.085220e+04 9.085306e+04 9.085472e+04 9.085498e+04 9.085479e+04 9.085325e+04 9.085054e+04 9.084692e+04 9.084244e+04 9.083704e+04 9.083060e+04 9.082297e+04 9.076038e+04 9.063986e+04 9.045228e+04 9.022961e+04 9.003608e+04 8.992726e+04 9.000060e+04 9.024299e+04 9.034483e+04 9.018115e+04 8.979601e+04 8.928726e+04
9.099342e+04 9.099342e+04 9.099342e+04 9.099342e+04 9.099344e+04 9.099402e+04 9.099561e+04 9.100102e+04 9.100443e+04 9.100796e+04 9.101448e+04 9.101944e+04 9.102241e+04 9.102331e+04 9.102222e+04 9.101921e+04 9.101431e+04 9.095969e+04 9.084354e+04 9.065792e+04 9.043052e+04 9.022154e+04 9.008729e+04 9.010152e+04 9.030787e+04 9.040530e+04 9.025102e+04 8.987118e+04 8.935679e+04
9.114779e+04 9.114779e+04 9.114779e+04 9.114780e+04 9.114782e+04 9.114841e+04 9.115011e+04 9.115595e+04 9.115971e+04 9.116377e+04 9.117194e+04 9.117913e+04 9.118459e+04 9.118799e+04 9.118927e+04 9.118843e+04 9.118550e+04 9.113824e+04 9.102718e+04 9.084464e+04 9.061448e+04 9.039280e+04 9.023601e+04 9.019440e+04 9.036385e+04 9.045496e+04 9.031001e+04 8.993743e+04 8.942028e+04
9.131792e+04 9.131792e+04 9.131792e+04 9.131792e+04 9.131793e+04 9.131822e+04 9.131906e+04 9.132217e+04 9.132424e+04 9.132650e+04 9.133122e+04 9.133570e+04 9.133941e+04 9.134197e+04 9.134312e+04 9.134265e+04 9.134042e+04 9.129825e+04 9.119223e+04 9.101340e+04 9.078203e+04 9.055011e+04 9.037348e+04 9.027944e+04 9.041145e+04 9.049438e+04 9.035835e+04 8.999465e+04 8.947737e+04
9.148462e+04 9.148462e+04 9.148462e+04 9.148462e+04 9.148461e+04 9.148459e+04 9.148451e+04 9.148404e+04 9.148370e+04 9.148340e+04 9.148311e+04 9.148332e+04 9.148381e+04 9.148420e+04 9.148405e+04 9.148299e+04 9.148067e+04 9.144153e+04 9.134001e+04 9.116515e+04 9.093377e+04 9.069375e+04 9.049980e+04 9.035680e+04 9.045118e+04 9.052411e+04 9.039635e+04 9.004277e+04 8.952777e+04
9.162350e+04 9.162350e+04 9.162350e+04 9.162350e+04 9.162349e+04 9.162323e+04 9.162239e+04 9.161969e+04 9.161822e+04 9.161683e+04 9.161453e+04 9.161297e+04 9.161201e+04 9.161131e+04 9.161045e+04 9.160902e+04 9.160662e+04 9.156954e+04 9.147176e+04 9.130078e+04 9.107028e+04 9.082401e+04 9.061509e+04 9.042665e+04 9.048351e+04 9.054471e+04 9.042433e+04 9.008182e+04 8.957124e+04
9.171831e+04 9.171831e+04 9.171831e+04 9.171832e+04 9.171832e+04 9.171858e+04 9.171919e+04 9.172042e+04 9.172087e+04 9.172121e+04 9.172166e+04 9.172199e+04 9.172224e+04 9.172231e+04 9.172195e+04 9.172087e+04 9.171876e+04 9.168341e+04 9.158850e+04 9.142113e+04 9.119216e+04 9.094125e+04 9.071951e+04 9.048913e+04 9.050884e+04 9.055673e+04 9.044268e+04 9.011184e+04 8.960758e+04
9.180357e+04 9.180357e+04 9.180357e+04 9.180357e+04 9.180358e+04 9.180382e+04 9.180452e+04 9.180697e+04 9.180851e+04 9.181012e+04 9.181328e+04 9.181606e+04 9.181828e+04 9.181978e+04 9.182042e+04 9.182000e+04 9.181833e+04 9.178411e+04 9.169112e+04 9.152695e+04 9.129996e+04 9.104581e+04 9.081323e+04 9.054438e+04 9.052757e+04 9.056071e+04 9.045179e+04 9.013297e+04 8.963667e+04
9.188758e+04 9.188758e+04 9.188758e+04 9.188759e+04 9.188759e+04 9.188782e+04 9.188847e+04 9.189083e+04 9.189245e+04 9.189429e+04 9.189825e+04 9.190204e+04 9.190520e+04 9.190743e+04 9.190855e+04 9.190840e+04 9.190684e+04 9.187240e+04 9.178031e+04 9.161887e+04 9.139420e+04 9.113803e+04 9.089645e+04 9.059253e+04 9.054004e+04 9.055715e+04 9.045208e+04 9.014534e+04 8.965840e+04
9.196962e+04 9.196962e+04 9.196962e+04 9.196963e+04 9.196963e+04 9.196986e+04 9.197051e+04 9.197286e+04 9.197443e+04 9.197617e+04 9.197977e+04 9.198309e+04 9.198572e+04 9.198742e+04 9.198801e+04 9.198734e+04 9.198528e+04 9.194879e+04 9.185662e+04 9.169747e+04 9.147540e+04 9.121829e+04 9.096939e+04 9.063371e+04 9.054658e+04 9.054654e+04 9.044398e+04 9.014917e+04 8.967273e+04
9.205037e+04 9.205037e+04 9.205037e+04 9.205037e+04 9.205038e+04 9.205061e+04 9.205126e+04 9.205331e+04 9.205442e+04 9.205547e+04 9.205729e+04 9.205862e+04 9.205939e+04 9.205945e+04 9.205865e+04 9.205678e+04 9.205365e+04 9.201351e+04 9.192042e+04 9.176324e+04 9.154401e+04 9.128693e+04 9.103225e+04 9.066804e+04 9.054746e+04 9.052934e+04 9.042792e+04 9.014467e+04 8.967967e+04
9.213023e+04 9.213023e+04 9.213023e+04 9.213023e+04 9.213022e+04 9.213006e+04 9.212972e+04 9.212874e+04 9.212811e+04 9.212742e+04 9.212599e+04 9.212456e+04 9.212304e+04 9.212122e+04 9.211882e+04 9.211556e+04 9.211120e+04 9.206653e+04 9.197199e+04 9.181658e+04 9.160047e+04 9.134432e+04 9.108530e+04 9.069565e+04 9.054294e+04 9.050597e+04 9.040433e+04 9.013212e+04 8.967923e+04
9.218656e+04 9.218656e+04 9.218656e+04 9.218656e+04 9.218656e+04 9.218634e+04 9.218564e+04 9.218324e+04 9.218183e+04 9.218042e+04 9.217776e+04 9.217530e+04 9.217285e+04 9.217008e+04 9.216668e+04 9.216239e+04 9.215697e+04 9.210768e+04 9.201150e+04 9.185788e+04 9.164523e+04 9.139082e+04 9.112878e+04 9.071666e+04 9.053327e+04 9.047685e+04 9.037364e+04 9.011180e+04 8.967150e+04
9.220933e+04 9.220933e+04 9.220933e+04 9.220933e+04 9.220934e+04 9.220953e+04 9.220993e+04 9.221060e+04 9.221075e+04 9.221078e+04 9.221046e+04 9.220956e+04 9.220791e+04 9.220531e+04 9.220160e+04 9.219666e+04 9.219040e+04 9.213675e+04 9.203911e+04 9.188752e+04 9.167870e+04 9.142682e+04 9.116297e+04 9.073122e+04 9.051866e+04 9.044235e+04 9.033628e+04 9.008400e+04 8.965657e+04
9.222481e+04 9.222481e+04 9.222481e+04 9.222481e+04 9.222482e+04 9.222501e+04 9.222555e+04 9.222743e+04 9.222857e+04 9.222969e+04 9.223141e+04 9.223195e+04 9.223098e+04 9.222841e+04 9.222424e+04 9.221853e+04 9.221134e+04 9.215353e+04 9.205497e+04 9.190585e+04 9.170133e+04 9.145270e+04 9.118815e+04 9.073945e+04 9.049930e+04 9.040282e+04 9.029264e+04 9.004903e+04 8.963458e+04
9.224152e+04 9.224152e+04 9.224152e+04 9.224152e+04 9.224153e+04 9.224170e+04 9.224222e+04 9.224400e+04 9.224505e+04 9.224601e+04 9.224715e+04 9.224673e+04 9.224451e+04 9.224054e+04 9.223496e+04 9.222790e+04 9.221949e+04 9.215785e+04 9.205930e+04 9.191329e+04 9.171357e+04 9.146887e+04 9.120463e+04 9.074151e+04 9.047537e+04 9.035858e+04 9.024314e+04 9.000722e+04 8.960569e+04
9.225894e+04 9.225894e+04 9.225894e+04 9.225894e+04 9.225895e+04 9.225912e+04 9.225953e+04 9.226004e+04 9.225977e+04 9.225908e+04 9.225645e+04 9.225227e+04 9.224675e+04 9.224007e+04 9.223233e+04 9.222359e+04 9.221388e+04 9.214967e+04 9.205243e+04 9.191031e+04 9.171590e+04 9.147574e+04 9.121272e+04 9.073753e+04 9.044705e+04 9.030993e+04 9.018813e+04 8.995890e+04 8.957007e+04
9.227103e+04 9.227103e+04 9.227103e+04 9.227103e+04 9.227101e+04 9.227049e+04 9.226893e+04 9.226374e+04 9.226041e+04 9.225676e+04 9.224882e+04 9.224042e+04 9.223172e+04 9.222274e+04 9.221342e+04 9.220364e+04 9.219329e+04 9.212917e+04 9.203482e+04 9.189744e+04 9.170884e+04 9.147375e+04 9.121274e+04 9.072766e+04 9.041446e+04 9.025714e+04 9.012799e+04 8.990439e+04 8.952792e+04
9.223480e+04 9.223480e+04 9.223480e+04 9.223479e+04 9.223478e+04 9.223424e+04 9.223257e+04 9.222683e+04 9.222320e+04 9.221926e+04 9.221093e+04 9.220238e+04 9.219377e+04 9.218509e+04 9.217621e+04 9.216698e+04 9.215727e+04 9.209694e+04 9.200714e+04 9.187529e+04 9.169293e+04 9.146334e+04 9.120503e+04 9.071207e+04 9.037777e+04 9.020045e+04 9.006305e+04 8.984401e+04 8.947945e+04
9.214798e+04 9.214798e+04 9.214798e+04 9.214798e+04 9.214798e+04 9.214813e+04 9.214841e+04 9.214820e+04 9.214750e+04 9.214641e+04 9.214325e+04 9.213907e+04 9.213411e+04 9.212845e+04 9.212211e+04 9.211504e+04 9.210721e+04 9.205404e+04 9.197021e+04 9.184454e+04 9.166872e+04 9.144498e+04 9.118994e+04 9.069090e+04 9.033708e+04 9.014010e+04 8.999364e+04 8.977810e+04 8.942490e+04
9.205561e+04 9.205561e+04 9.205561e+04 9.205561e+04 9.205561e+04 9.205576e+04 9.205617e+04 9.205771e+04 9.205868e+04 9.205965e+04 9.206116e+04 9.206169e+04 9.206103e+04 9.205912e+04 9.205599e+04 9.205168e+04 9.204624e+04 9.200196e+04 9.192499e+04 9.180590e+04 9.163681e+04 9.141912e+04 9.116781e+04 9.066432e+04 9.029253e+04 9.007628e+04 8.992006e+04 8.970697e+04 8.936449e+04
9.196790e+04 9.196790e+04 9.196790e+04 9.196790e+04 9.196791e+04 9.196818e+04 9.196895e+04 9.197160e+04 9.197333e+04 9.197520e+04 9.197891e+04 9.198193e+04 9.198381e+04 9.198438e+04 9.198358e+04 9.198145e+04 9.197805e+04 9.194236e+04 9.187252e+04 9.176014e+04 9.159778e+04 9.138623e+04 9.113897e+04 9.063249e+04 9.024422e+04 9.000919e+04 8.984259e+04 8.963093e+04 8.929846e+04
9.189270e+04 9.189270e+04 9.189270e+04 9.189270e+04 9.189271e+04 9.189298e+04 9.189377e+04 9.189646e+04 9.189808e+04 9.189975e+04 9.190298e+04 9.190572e+04 9.190770e+04 9.190875e+04 9.190877e+04 9.190770e+04 9.190552e+04 9.187684e+04 9.181384e+04 9.170799e+04 9.155218e+04 9.134673e+04 9.110377e+04 9.059556e+04 9.019226e+04 8.993898e+04 8.976150e+04 8.955027e+04 8.922707e+04
9.183141e+04 9.183141e+04 9.183141e+04 9.183141e+04 9.183141e+04 9.183132e+04 9.183121e+04 9.183117e+04 9.183123e+04 9.183135e+04 9.183173e+04 9.183223e+04 9.183268e+04 9.183288e+04 9.183263e+04 9.183176e+04 9.183013e+04 9.180674e+04 9.174990e+04 9.165015e+04 9.150056e+04 9.130105e+04 9.106252e+04 9.055369e+04 9.013674e+04 8.986582e+04 8.967702e+04 8.946528e+04 8.915056e+04
9.176277e+04 9.176277e+04 9.176277e+04 9.176277e+04 9.176277e+04 9.176264e+04 9.176223e+04 9.176069e+04 9.175977e+04 9.175886e+04 9.175731e+04 9.175621e+04 9.175549e+04 9.175497e+04 9.175442e+04 9.175361e+04 9.175233e+04 9.173309e+04 9.168155e+04 9.158726e+04 9.144342e+04 9.124960e+04 9.101553e+04 9.050703e+04 9.007775e+04 8.978984e+04 8.958939e+04 8.937624e+04 8.906918e+04
9.167621e+04 9.167621e+04 9.167621e+04 9.167621e+04 9.167621e+04 9.167617e+04 9.167609e+04 9.167578e+04 9.167553e+04 9.167524e+04 9.167463e+04 9.167414e+04 9.167383e+04 9.167365e+04 9.167346e+04 9.167309e+04 9.167233e+04 9.165673e+04 9.160951e+04 9.151986e+04 9.138118e+04 9.119271e+04 9.096308e+04 9.045573e+04 9.001538e+04 8.971115e+04 8.949881e+04 8.928342e+04 8.898318e+04
9.158226e+04 9.158226e+04 9.158226e+04 9.158227e+04 9.158227e+04 9.158240e+04 9.158276e+04 9.158396e+04 9.158464e+04 9.158532e+04 9.158658e+04 9.158771e+04 9.158874e+04 9.158965e+04 9.159038e+04 9.159079e+04 9.159075e+04 9.157832e+04 9.153434e+04 9.144841e+04 9.131423e+04 9.113071e+04 9.090543e+04 9.039992e+04 8.994970e+04 8.962988e+04 8.940548e+04 8.918705e+04 8.889280e+04
9.149272e+04 9.149272e+04 9.149272e+04 9.149272e+04 9.149272e+04 9.149284e+04 9.149320e+04 9.149452e+04 9.149542e+04 9.149644e+04 9.149867e+04 9.150095e+04 9.150314e+04 9.150511e+04 9.150676e+04 9.150795e+04 9.150856e+04 9.149840e+04 9.145644e+04 9.137325e+04 9.124287e+04 9.106388e+04 9.084281e+04 9.033975e+04 8.988079e+04 8.954611e+04 8.930955e+04 8.908738e+04 8.879828e+04
9.140741e+04 9.140741e+04 9.140741e+04 9.140741e+04 9.140741e+04 9.140754e+04 9.140792e+04 9.140928e+04 9.141023e+04 9.141132e+04 9.141387e+04 9.141666e+04 9.141944e+04 9.142201e+04 9.142417e+04 9.142579e+04 9.142673e+04 9.141731e+04 9.137605e+04 9.129462e+04 9.116734e+04 9.099245e+04 9.077544e+04 9.027534e+04 8.980871e+04 8.945993e+04 8.921121e+04 8.898462e+04 8.869985e+04
9.132664e+04 9.132664e+04 9.132664e+04 9.132664e+04 9.132665e+04 9.132677e+04 9.132713e+04 9.132847e+04 9.132943e+04 9.133054e+04 9.133313e+04 9.133599e+04 9.133882e+04 9.134138e+04 9.134349e+04 9.134500e+04 9.134578e+04 9.133517e+04 9.129326e+04 9.121263e+04 9.108780e+04 9.091660e+04 9.070350e+04 9.020680e+04 8.973353e+04 8.937143e+04 8.911058e+04 8.887899e+04 8.859774e+04
9.125016e+04 9.125016e+04 9.125016e+04 9.125016e+04 9.125016e+04 9.125030e+04 9.125069e+04 9.125209e+04 9.125306e+04 9.125415e+04 9.125656e+04 9.125903e+04 9.126132e+04 9.126326e+04 9.126469e+04 9.126550e+04 9.126557e+04 9.125178e+04 9.120797e+04 9.112731e+04 9.100437e+04 9.083650e+04 9.062716e+04 9.013426e+04 8.965532e+04 8.928068e+04 8.900780e+04 8.877069e+04 8.849217e+04
