3.951851e+07 2.260717e+07 1.789524e+07 1.200480e+07 1.129998e+07 1.024029e+07 9.365598e+06 8.465998e+06 8.251951e+06 8.127094e+06 8.047915e+06 8.108014e+06 8.250716e+06 8.446103e+06 8.677139e+06 8.933639e+06 9.209342e+06 1.078323e+07 1.263846e+07 1.485728e+07 1.760307e+07 2.099313e+07 2.485439e+07 3.162529e+07 3.450121e+07 3.437754e+07 3.296890e+07 3.115365e+07 2.928409e+07
1.039201e+07 1.039209e+07 1.039224e+07 1.038781e+07 1.034036e+07 9.755684e+06 9.096781e+06 8.357803e+06 8.178766e+06 8.077505e+06 8.027469e+06 8.104303e+06 8.257503e+06 8.459896e+06 8.695833e+06 8.955898e+06 9.234288e+06 1.081562e+07 1.267496e+07 1.489677e+07 1.764404e+07 2.103284e+07 2.488922e+07 3.164286e+07 3.450281e+07 3.436946e+07 3.295572e+07 3.113799e+07 2.926742e+07
9.445243e+06 9.445256e+06 9.445287e+06 9.444954e+06 9.439170e+06 9.231685e+06 8.751758e+06 8.221576e+06 8.091190e+06 8.020510e+06 8.005650e+06 8.101358e+06 8.265876e+06 8.475576e+06 8.716494e+06 8.980107e+06 9.261126e+06 1.084953e+07 1.271275e+07 1.493738e+07 1.768595e+07 2.107330e+07 2.492459e+07 3.166058e+07 3.450435e+07 3.436124e+07 3.294239e+07 3.112218e+07 2.925062e+07
8.779709e+06 8.779718e+06 8.779740e+06 8.779950e+06 8.779081e+06 8.643765e+06 8.509107e+06 8.072559e+06 7.994214e+06 7.958335e+06 7.983227e+06 8.099560e+06 8.276060e+06 8.493290e+06 8.739226e+06 9.006344e+06 9.289914e+06 1.088500e+07 1.275183e+07 1.497909e+07 1.772881e+07 2.111453e+07 2.496052e+07 3.167846e+07 3.450582e+07 3.435288e+07 3.292889e+07 3.110622e+07 2.923368e+07
8.332183e+06 8.332189e+06 8.332205e+06 8.332520e+06 8.332834e+06 8.266203e+06 8.217386e+06 7.959478e+06 7.901841e+06 7.896185e+06 7.961391e+06 8.099344e+06 8.288267e+06 8.513165e+06 8.764113e+06 9.034668e+06 9.320701e+06 1.092204e+07 1.279223e+07 1.502194e+07 1.777263e+07 2.115653e+07 2.499700e+07 3.169649e+07 3.450723e+07 3.434436e+07 3.291522e+07 3.109010e+07 2.921660e+07
8.034226e+06 8.034231e+06 8.034245e+06 8.034577e+06 8.035231e+06 8.010572e+06 7.963805e+06 7.903928e+06 7.845393e+06 7.845133e+06 7.942338e+06 8.101350e+06 8.302744e+06 8.535318e+06 8.791222e+06 9.065126e+06 9.353518e+06 1.096068e+07 1.283394e+07 1.506592e+07 1.781741e+07 2.119930e+07 2.503403e+07 3.171467e+07 3.450856e+07 3.433569e+07 3.290139e+07 3.107382e+07 2.919939e+07
7.840198e+06 7.840202e+06 7.840213e+06 7.840518e+06 7.841248e+06 7.836924e+06 7.796348e+06 7.858491e+06 7.831159e+06 7.826125e+06 7.930025e+06 8.106653e+06 8.319855e+06 8.559895e+06 8.820624e+06 9.097755e+06 9.388391e+06 1.100092e+07 1.287700e+07 1.511105e+07 1.786316e+07 2.124284e+07 2.507162e+07 3.173301e+07 3.450982e+07 3.432687e+07 3.288739e+07 3.105738e+07 2.918203e+07
7.719926e+06 7.719930e+06 7.719940e+06 7.720215e+06 7.720931e+06 7.725929e+06 7.699979e+06 7.809117e+06 7.830331e+06 7.839160e+06 7.931163e+06 8.117034e+06 8.340181e+06 8.587113e+06 8.852405e+06 9.132595e+06 9.425341e+06 1.104277e+07 1.292140e+07 1.515734e+07 1.790989e+07 2.128716e+07 2.510976e+07 3.175149e+07 3.451100e+07 3.431789e+07 3.287321e+07 3.104079e+07 2.916452e+07
7.653188e+06 7.653191e+06 7.653200e+06 7.653453e+06 7.654129e+06 7.663316e+06 7.652685e+06 7.764590e+06 7.829790e+06 7.865538e+06 7.956340e+06 8.135299e+06 8.364651e+06 8.617314e+06 8.886701e+06 9.169701e+06 9.464390e+06 1.108624e+07 1.296715e+07 1.520478e+07 1.795760e+07 2.133226e+07 2.514845e+07 3.177011e+07 3.451210e+07 3.430875e+07 3.285887e+07 3.102403e+07 2.914688e+07
7.626172e+06 7.626174e+06 7.626182e+06 7.626409e+06 7.627033e+06 7.637979e+06 7.639582e+06 7.736929e+06 7.829113e+06 7.894982e+06 8.001722e+06 8.165914e+06 8.394666e+06 8.651029e+06 8.923728e+06 9.209164e+06 9.505577e+06 1.113133e+07 1.301426e+07 1.525340e+07 1.800630e+07 2.137814e+07 2.518770e+07 3.178888e+07 3.451312e+07 3.429945e+07 3.284436e+07 3.100712e+07 2.912910e+07
7.629148e+06 7.629151e+06 7.629158e+06 7.629360e+06 7.629931e+06 7.641495e+06 7.651718e+06 7.732273e+06 7.833842e+06 7.924206e+06 8.058224e+06 8.214698e+06 8.432291e+06 8.689044e+06 8.963811e+06 9.251123e+06 9.548962e+06 1.117804e+07 1.306273e+07 1.530318e+07 1.805599e+07 2.142480e+07 2.522749e+07 3.180779e+07 3.451405e+07 3.428999e+07 3.282967e+07 3.099004e+07 2.911117e+07
7.911262e+06 7.911263e+06 7.911268e+06 7.911401e+06 7.911794e+06 7.921956e+06 7.944694e+06 7.998149e+06 8.055309e+06 8.146795e+06 8.375284e+06 8.586188e+06 8.781655e+06 8.993341e+06 9.235512e+06 9.509742e+06 9.804304e+06 1.143607e+07 1.332561e+07 1.556982e+07 1.831931e+07 2.166982e+07 2.543469e+07 3.190427e+07 3.451735e+07 3.424019e+07 3.275356e+07 3.090218e+07 2.901936e+07
8.416172e+06 8.416173e+06 8.416176e+06 8.416273e+06 8.416561e+06 8.424554e+06 8.445210e+06 8.502032e+06 8.537638e+06 8.589642e+06 8.763144e+06 8.995189e+06 9.229740e+06 9.451333e+06 9.672399e+06 9.907095e+06 1.016283e+07 1.173691e+07 1.362293e+07 1.586610e+07 1.860752e+07 2.193427e+07 2.565534e+07 3.200369e+07 3.451807e+07 3.418601e+07 3.267289e+07 3.081013e+07 2.892389e+07
9.012321e+06 9.012322e+06 9.012324e+06 9.012398e+06 9.012621e+06 9.019021e+06 9.036487e+06 9.091095e+06 9.123602e+06 9.161549e+06 9.276538e+06 9.460393e+06 9.690290e+06 9.931599e+06 1.016791e+07 1.040101e+07 1.063957e+07 1.209053e+07 1.395591e+07 1.619222e+07 1.892048e+07 2.221782e+07 2.588897e+07 3.210551e+07 3.451581e+07 3.412720e+07 3.258749e+07 3.071379e+07 2.882470e+07
9.649073e+06 9.649074e+06 9.649076e+06 9.649135e+06 9.649316e+06 9.654609e+06 9.669494e+06 9.719380e+06 9.750683e+06 9.785078e+06 9.872242e+06 1.000675e+07 1.019674e+07 1.042515e+07 1.066919e+07 1.091495e+07 1.115975e+07 1.252441e+07 1.432874e+07 1.654888e+07 1.925808e+07 2.252003e+07 2.613498e+07 3.220916e+07 3.451015e+07 3.406347e+07 3.249718e+07 3.061305e+07 2.872173e+07
1.030624e+07 1.030624e+07 1.030624e+07 1.030629e+07 1.030645e+07 1.031099e+07 1.032401e+07 1.036925e+07 1.039888e+07 1.043171e+07 1.050813e+07 1.061265e+07 1.076216e+07 1.095797e+07 1.118744e+07 1.143472e+07 1.168863e+07 1.303688e+07 1.475125e+07 1.693814e+07 1.962047e+07 2.284042e+07 2.639271e+07 3.231402e+07 3.450067e+07 3.399456e+07 3.240181e+07 3.050782e+07 2.861491e+07
1.097645e+07 1.097645e+07 1.097645e+07 1.097649e+07 1.097663e+07 1.098057e+07 1.099200e+07 1.103294e+07 1.106067e+07 1.109204e+07 1.116413e+07 1.125400e+07 1.137551e+07 1.153846e+07 1.174149e+07 1.197507e+07 1.222763e+07 1.359547e+07 1.524232e+07 1.736437e+07 2.000850e+07 2.317875e+07 2.666154e+07 3.241946e+07 3.448695e+07 3.392020e+07 3.230122e+07 3.039801e+07 2.850421e+07
1.165458e+07 1.165458e+07 1.165458e+07 1.165462e+07 1.165474e+07 1.165830e+07 1.166874e+07 1.170678e+07 1.173306e+07 1.176330e+07 1.183350e+07 1.191733e+07 1.202305e+07 1.216144e+07 1.233786e+07 1.255006e+07 1.279061e+07 1.417943e+07 1.579520e+07 1.783607e+07 2.042415e+07 2.353513e+07 2.694100e+07 3.252491e+07 3.446857e+07 3.384016e+07 3.219527e+07 3.028354e+07 2.838957e+07
1.234299e+07 1.234299e+07 1.234299e+07 1.234303e+07 1.234314e+07 1.234645e+07 1.235623e+07 1.239235e+07 1.241764e+07 1.244705e+07 1.251630e+07 1.259815e+07 1.269635e+07 1.281933e+07 1.297475e+07 1.316534e+07 1.338853e+07 1.477967e+07 1.639214e+07 1.836567e+07 2.087116e+07 2.391037e+07 2.723092e+07 3.262986e+07 3.444519e+07 3.375421e+07 3.208382e+07 3.016433e+07 2.827097e+07
1.304667e+07 1.304667e+07 1.304667e+07 1.304670e+07 1.304680e+07 1.304992e+07 1.305918e+07 1.309373e+07 1.311818e+07 1.314688e+07 1.321539e+07 1.329688e+07 1.339226e+07 1.350697e+07 1.364818e+07 1.382099e+07 1.402647e+07 1.539655e+07 1.702010e+07 1.894400e+07 2.135663e+07 2.430615e+07 2.753152e+07 3.273395e+07 3.441648e+07 3.366215e+07 3.196678e+07 3.004033e+07 2.814837e+07
1.376915e+07 1.376915e+07 1.376915e+07 1.376918e+07 1.376927e+07 1.377222e+07 1.378103e+07 1.381424e+07 1.383799e+07 1.386610e+07 1.393408e+07 1.401590e+07 1.411100e+07 1.422225e+07 1.435516e+07 1.451521e+07 1.470552e+07 1.603548e+07 1.767005e+07 1.955905e+07 2.188748e+07 2.472561e+07 2.784363e+07 3.283699e+07 3.438222e+07 3.356383e+07 3.184404e+07 2.991151e+07 2.802176e+07
1.451249e+07 1.451249e+07 1.451249e+07 1.451252e+07 1.451261e+07 1.451545e+07 1.452400e+07 1.455651e+07 1.457993e+07 1.460780e+07 1.467580e+07 1.475850e+07 1.485471e+07 1.496550e+07 1.509453e+07 1.524651e+07 1.542524e+07 1.670293e+07 1.833704e+07 2.020087e+07 2.245391e+07 2.517495e+07 2.816888e+07 3.293904e+07 3.434228e+07 3.345913e+07 3.171555e+07 2.977782e+07 2.789114e+07
1.528110e+07 1.528110e+07 1.528110e+07 1.528113e+07 1.528122e+07 1.528403e+07 1.529250e+07 1.532488e+07 1.534830e+07 1.537624e+07 1.544477e+07 1.552873e+07 1.562674e+07 1.573879e+07 1.586686e+07 1.601440e+07 1.618494e+07 1.740409e+07 1.901940e+07 2.086106e+07 2.304660e+07 2.565672e+07 2.851012e+07 3.304043e+07 3.429664e+07 3.334802e+07 3.158127e+07 2.963926e+07 2.775650e+07
1.608136e+07 1.608136e+07 1.608136e+07 1.608139e+07 1.608148e+07 1.608427e+07 1.609271e+07 1.612503e+07 1.614848e+07 1.617653e+07 1.624566e+07 1.633094e+07 1.643097e+07 1.654504e+07 1.667382e+07 1.681934e+07 1.698431e+07 1.814199e+07 1.971735e+07 2.153294e+07 2.365728e+07 2.616195e+07 2.887296e+07 3.314184e+07 3.424541e+07 3.323050e+07 3.144122e+07 2.949583e+07 2.761787e+07
1.691811e+07 1.691811e+07 1.691811e+07 1.691814e+07 1.691822e+07 1.692095e+07 1.692925e+07 1.696130e+07 1.698471e+07 1.701283e+07 1.708254e+07 1.716911e+07 1.727114e+07 1.738746e+07 1.751762e+07 1.766236e+07 1.782330e+07 1.891727e+07 2.043162e+07 2.221159e+07 2.427856e+07 2.668318e+07 2.925693e+07 3.324442e+07 3.418887e+07 3.310665e+07 3.129542e+07 2.934758e+07 2.747528e+07
1.779298e+07 1.779298e+07 1.779298e+07 1.779301e+07 1.779310e+07 1.779582e+07 1.780411e+07 1.783628e+07 1.785984e+07 1.788820e+07 1.795876e+07 1.804674e+07 1.815071e+07 1.826907e+07 1.840050e+07 1.854455e+07 1.870177e+07 1.972841e+07 2.116235e+07 2.289350e+07 2.490403e+07 2.721382e+07 2.965461e+07 3.334985e+07 3.412747e+07 3.297662e+07 3.114395e+07 2.919455e+07 2.732876e+07
1.870971e+07 1.870971e+07 1.870971e+07 1.870974e+07 1.870983e+07 1.871258e+07 1.872097e+07 1.875357e+07 1.877745e+07 1.880621e+07 1.887782e+07 1.896723e+07 1.907282e+07 1.919251e+07 1.932421e+07 1.946648e+07 1.961896e+07 2.057174e+07 2.190844e+07 2.357617e+07 2.552845e+07 2.774794e+07 3.006026e+07 3.346090e+07 3.406183e+07 3.284068e+07 3.098695e+07 2.903683e+07 2.717838e+07
1.967357e+07 1.967357e+07 1.967357e+07 1.967360e+07 1.967369e+07 1.967643e+07 1.968484e+07 1.971761e+07 1.974168e+07 1.977073e+07 1.984323e+07 1.993373e+07 2.004010e+07 2.015959e+07 2.028939e+07 2.042740e+07 2.057263e+07 2.144144e+07 2.266719e+07 2.425762e+07 2.614773e+07 2.828041e+07 3.046887e+07 3.358152e+07 3.399283e+07 3.269916e+07 3.082458e+07 2.887451e+07 2.702421e+07
2.068669e+07 2.068669e+07 2.068669e+07 2.068672e+07 2.068680e+07 2.068953e+07 2.069793e+07 2.073080e+07 2.075507e+07 2.078441e+07 2.085767e+07 2.094853e+07 2.105391e+07 2.117029e+07 2.129444e+07 2.142402e+07 2.155793e+07 2.232948e+07 2.343441e+07 2.493606e+07 2.675895e+07 2.880695e+07 3.087600e+07 3.370843e+07 3.392160e+07 3.255249e+07 3.065706e+07 2.870774e+07 2.686635e+07
2.175002e+07 2.175002e+07 2.175003e+07 2.175005e+07 2.175014e+07 2.175296e+07 2.176157e+07 2.179514e+07 2.181986e+07 2.184967e+07 2.192329e+07 2.201251e+07 2.211309e+07 2.222114e+07 2.233368e+07 2.244881e+07 2.256585e+07 2.322562e+07 2.420470e+07 2.560969e+07 2.736014e+07 2.932429e+07 3.127785e+07 3.383747e+07 3.384972e+07 3.240122e+07 3.048468e+07 2.853667e+07 2.670490e+07
2.286903e+07 2.286903e+07 2.286903e+07 2.286906e+07 2.286915e+07 2.287199e+07 2.288069e+07 2.291483e+07 2.293989e+07 2.296971e+07 2.304090e+07 2.312278e+07 2.321077e+07 2.330187e+07 2.339438e+07 2.348757e+07 2.358154e+07 2.411776e+07 2.497189e+07 2.627675e+07 2.795017e+07 2.983011e+07 3.167125e+07 3.396551e+07 3.377968e+07 3.224600e+07 3.030774e+07 2.836150e+07 2.653999e+07
2.404724e+07 2.404724e+07 2.404724e+07 2.404727e+07 2.404736e+07 2.405028e+07 2.405924e+07 2.409377e+07 2.411775e+07 2.414467e+07 2.420344e+07 2.426491e+07 2.432713e+07 2.438973e+07 2.445294e+07 2.451720e+07 2.458322e+07 2.499281e+07 2.572979e+07 2.693557e+07 2.852856e+07 3.032298e+07 3.205377e+07 3.408984e+07 3.371289e+07 3.208765e+07 3.012664e+07 2.818245e+07 2.637176e+07
2.529063e+07 2.529063e+07 2.529063e+07 2.529066e+07 2.529076e+07 2.529371e+07 2.530254e+07 2.532830e+07 2.534117e+07 2.535318e+07 2.537520e+07 2.539645e+07 2.541899e+07 2.544425e+07 2.547309e+07 2.550609e+07 2.554372e+07 2.583828e+07 2.647288e+07 2.758479e+07 2.909539e+07 3.080227e+07 3.242365e+07 3.420810e+07 3.364649e+07 3.192715e+07 2.994182e+07 2.799977e+07 2.620037e+07
2.657957e+07 2.657957e+07 2.657956e+07 2.657950e+07 2.657929e+07 2.657302e+07 2.655798e+07 2.652163e+07 2.650369e+07 2.648678e+07 2.645728e+07 2.643464e+07 2.641955e+07 2.641223e+07 2.641266e+07 2.642069e+07 2.643623e+07 2.664426e+07 2.719708e+07 2.822358e+07 2.965116e+07 3.126801e+07 3.277981e+07 3.431830e+07 3.357838e+07 3.176580e+07 2.975379e+07 2.781375e+07 2.602601e+07
2.743268e+07 2.743268e+07 2.743268e+07 2.743267e+07 2.743262e+07 2.743128e+07 2.742662e+07 2.740400e+07 2.738749e+07 2.736938e+07 2.733252e+07 2.729917e+07 2.727214e+07 2.725272e+07 2.724143e+07 2.723838e+07 2.724357e+07 2.740542e+07 2.790029e+07 2.885176e+07 3.019672e+07 3.172069e+07 3.312173e+07 3.441874e+07 3.350690e+07 3.160557e+07 2.956311e+07 2.762470e+07 2.584887e+07
2.802763e+07 2.802763e+07 2.802762e+07 2.802762e+07 2.802761e+07 2.802745e+07 2.802715e+07 2.802479e+07 2.802171e+07 2.801708e+07 2.800401e+07 2.798862e+07 2.797419e+07 2.796324e+07 2.795742e+07 2.795777e+07 2.796490e+07 2.812198e+07 2.858257e+07 2.946988e+07 3.073314e+07 3.216114e+07 3.344933e+07 3.450808e+07 3.343069e+07 3.144614e+07 2.937047e+07 2.743297e+07 2.566917e+07
2.853520e+07 2.853520e+07 2.853520e+07 2.853521e+07 2.853523e+07 2.853592e+07 2.853777e+07 2.854403e+07 2.854788e+07 2.855176e+07 2.855871e+07 2.856431e+07 2.856948e+07 2.857575e+07 2.858461e+07 2.859731e+07 2.861475e+07 2.879939e+07 2.924608e+07 3.007912e+07 3.126163e+07 3.259037e+07 3.376290e+07 3.458529e+07 3.334855e+07 3.128584e+07 2.917668e+07 2.723895e+07 2.548714e+07
2.902050e+07 2.902051e+07 2.902051e+07 2.902051e+07 2.902054e+07 2.902144e+07 2.902408e+07 2.903396e+07 2.904090e+07 2.904891e+07 2.906725e+07 2.908750e+07 2.910903e+07 2.913199e+07 2.915697e+07 2.918470e+07 2.921586e+07 2.944686e+07 2.989454e+07 3.068114e+07 3.178342e+07 3.300942e+07 3.406296e+07 3.464967e+07 3.325949e+07 3.112361e+07 2.898282e+07 2.704307e+07 2.530304e+07
2.950947e+07 2.950947e+07 2.950947e+07 2.950948e+07 2.950951e+07 2.951053e+07 2.951358e+07 2.952527e+07 2.953375e+07 2.954386e+07 2.956840e+07 2.959767e+07 2.963058e+07 2.966653e+07 2.970528e+07 2.974692e+07 2.979165e+07 3.007532e+07 3.053262e+07 3.127785e+07 3.229965e+07 3.341924e+07 3.435012e+07 3.470077e+07 3.316266e+07 3.095862e+07 2.879008e+07 2.684579e+07 2.511714e+07
3.001498e+07 3.001498e+07 3.001498e+07 3.001499e+07 3.001502e+07 3.001612e+07 3.001949e+07 3.003254e+07 3.004211e+07 3.005362e+07 3.008212e+07 3.011718e+07 3.015781e+07 3.020312e+07 3.025248e+07 3.030547e+07 3.036187e+07 3.069566e+07 3.116520e+07 3.187113e+07 3.281121e+07 3.382061e+07 3.462499e+07 3.473840e+07 3.305743e+07 3.079019e+07 2.859757e+07 2.664767e+07 2.492974e+07
3.054626e+07 3.054626e+07 3.054626e+07 3.054627e+07 3.054631e+07 3.054750e+07 3.055116e+07 3.056542e+07 3.057591e+07 3.058856e+07 3.062004e+07 3.065917e+07 3.070513e+07 3.075705e+07 3.081415e+07 3.087577e+07 3.094134e+07 3.131740e+07 3.179676e+07 3.246255e+07 3.331868e+07 3.421402e+07 3.488813e+07 3.476257e+07 3.294329e+07 3.061775e+07 2.840447e+07 2.644934e+07 2.474115e+07
3.111091e+07 3.111091e+07 3.111091e+07 3.111092e+07 3.111096e+07 3.111223e+07 3.111614e+07 3.113143e+07 3.114269e+07 3.115624e+07 3.118996e+07 3.123194e+07 3.128149e+07 3.133788e+07 3.140036e+07 3.146812e+07 3.154038e+07 3.194807e+07 3.243092e+07 3.305314e+07 3.382218e+07 3.459966e+07 3.513993e+07 3.477344e+07 3.281993e+07 3.044082e+07 2.821024e+07 2.625173e+07 2.455171e+07
3.171469e+07 3.171469e+07 3.171469e+07 3.171471e+07 3.171475e+07 3.171608e+07 3.172019e+07 3.173623e+07 3.174797e+07 3.176207e+07 3.179700e+07 3.184050e+07 3.189210e+07 3.195121e+07 3.201709e+07 3.208885e+07 3.216552e+07 3.259293e+07 3.307002e+07 3.364320e+07 3.432133e+07 3.497733e+07 3.538061e+07 3.477130e+07 3.268716e+07 3.025903e+07 2.801443e+07 2.605520e+07 2.436180e+07
3.236136e+07 3.236136e+07 3.236136e+07 3.236138e+07 3.236142e+07 3.236280e+07 3.236701e+07 3.238293e+07 3.239445e+07 3.240829e+07 3.244290e+07 3.248660e+07 3.253901e+07 3.259955e+07 3.266734e+07 3.274133e+07 3.282038e+07 3.325495e+07 3.371503e+07 3.423218e+07 3.481518e+07 3.534647e+07 3.561017e+07 3.475652e+07 3.254496e+07 3.007210e+07 2.781672e+07 2.585903e+07 2.417185e+07
3.304924e+07 3.304924e+07 3.304924e+07 3.304925e+07 3.304929e+07 3.305035e+07 3.305367e+07 3.306748e+07 3.307814e+07 3.309133e+07 3.312525e+07 3.316897e+07 3.322194e+07 3.328332e+07 3.335203e+07 3.342681e+07 3.350636e+07 3.393493e+07 3.436538e+07 3.481862e+07 3.530222e+07 3.570615e+07 3.582838e+07 3.472950e+07 3.239340e+07 2.987983e+07 2.761682e+07 2.566279e+07 2.398238e+07
3.375962e+07 3.375962e+07 3.375962e+07 3.375963e+07 3.375967e+07 3.376099e+07 3.376499e+07 3.378046e+07 3.379190e+07 3.380585e+07 3.384124e+07 3.388633e+07 3.394041e+07 3.400243e+07 3.407114e+07 3.414518e+07 3.422319e+07 3.463150e+07 3.501893e+07 3.540013e+07 3.578041e+07 3.605509e+07 3.603483e+07 3.469066e+07 3.223269e+07 2.968211e+07 2.741450e+07 2.546620e+07 2.379410e+07
3.450554e+07 3.450554e+07 3.450554e+07 3.450556e+07 3.450560e+07 3.450703e+07 3.451139e+07 3.452839e+07 3.454092e+07 3.455606e+07 3.459378e+07 3.464063e+07 3.469547e+07 3.475704e+07 3.482402e+07 3.489508e+07 3.496889e+07 3.534115e+07 3.567201e+07 3.597341e+07 3.624719e+07 3.639169e+07 3.622889e+07 3.464042e+07 3.206313e+07 2.947892e+07 2.720961e+07 2.526902e+07 2.360683e+07
3.529620e+07 3.529620e+07 3.529620e+07 3.529622e+07 3.529626e+07 3.529778e+07 3.530240e+07 3.532044e+07 3.533369e+07 3.534953e+07 3.538820e+07 3.543482e+07 3.548791e+07 3.554614e+07 3.560823e+07 3.567293e+07 3.573905e+07 3.605812e+07 3.631953e+07 3.653439e+07 3.669960e+07 3.671415e+07 3.640978e+07 3.457919e+07 3.188508e+07 2.927030e+07 2.700202e+07 2.507106e+07 2.342016e+07
3.613716e+07 3.613716e+07 3.613716e+07 3.613718e+07 3.613723e+07 3.613876e+07 3.614350e+07 3.616179e+07 3.617477e+07 3.618989e+07 3.622560e+07 3.626739e+07 3.631404e+07 3.636436e+07 3.641717e+07 3.647132e+07 3.652573e+07 3.677438e+07 3.695509e+07 3.707837e+07 3.713437e+07 3.702047e+07 3.657663e+07 3.450734e+07 3.169897e+07 2.905638e+07 2.679165e+07 2.487219e+07 2.323384e+07
3.703061e+07 3.703061e+07 3.703061e+07 3.703063e+07 3.703068e+07 3.703216e+07 3.703616e+07 3.704966e+07 3.705890e+07 3.706968e+07 3.709553e+07 3.712646e+07 3.716140e+07 3.719910e+07 3.723831e+07 3.727786e+07 3.731678e+07 3.747983e+07 3.757127e+07 3.760019e+07 3.754806e+07 3.730860e+07 3.672849e+07 3.442522e+07 3.150528e+07 2.883732e+07 2.657848e+07 2.467229e+07 2.304771e+07
3.794334e+07 3.794334e+07 3.794334e+07 3.794335e+07 3.794336e+07 3.794361e+07 3.794438e+07 3.794811e+07 3.795158e+07 3.795634e+07 3.796968e+07 3.798745e+07 3.800830e+07 3.803078e+07 3.805357e+07 3.807565e+07 3.809624e+07 3.816268e+07 3.816001e+07 3.809453e+07 3.793724e+07 3.757648e+07 3.686438e+07 3.433316e+07 3.130451e+07 2.861338e+07 2.636253e+07 2.447128e+07 2.286164e+07
3.880279e+07 3.880279e+07 3.880279e+07 3.880280e+07 3.880280e+07 3.880291e+07 3.880323e+07 3.880494e+07 3.880662e+07 3.880890e+07 3.881510e+07 3.882263e+07 3.883030e+07 3.883708e+07 3.884221e+07 3.884522e+07 3.884583e+07 3.881016e+07 3.871304e+07 3.855612e+07 3.829859e+07 3.782216e+07 3.698337e+07 3.423144e+07 3.109718e+07 2.838483e+07 2.614385e+07 2.426911e+07 2.267551e+07
3.960324e+07 3.960324e+07 3.960324e+07 3.960324e+07 3.960326e+07 3.960379e+07 3.960520e+07 3.960936e+07 3.961147e+07 3.961320e+07 3.961471e+07 3.961273e+07 3.960682e+07 3.959695e+07 3.958338e+07 3.956640e+07 3.954637e+07 3.940941e+07 3.922245e+07 3.898012e+07 3.862911e+07 3.804387e+07 3.708463e+07 3.412036e+07 3.088383e+07 2.815199e+07 2.592253e+07 2.406574e+07 2.248926e+07
4.037343e+07 4.037343e+07 4.037343e+07 4.037343e+07 4.037345e+07 4.037375e+07 4.037402e+07 4.037328e+07 4.037166e+07 4.036877e+07 4.035832e+07 4.034125e+07 4.031790e+07 4.028909e+07 4.025574e+07 4.021869e+07 4.017864e+07 3.994844e+07 3.968119e+07 3.936232e+07 3.892623e+07 3.824010e+07 3.716742e+07 3.400017e+07 3.066499e+07 2.791522e+07 2.569869e+07 2.386118e+07 2.230281e+07
4.108389e+07 4.108389e+07 4.108389e+07 4.108388e+07 4.108386e+07 4.108312e+07 4.108053e+07 4.106823e+07 4.105851e+07 4.104659e+07 4.101671e+07 4.097967e+07 4.093659e+07 4.088859e+07 4.083668e+07 4.078174e+07 4.072447e+07 4.041726e+07 4.008367e+07 3.969945e+07 3.918796e+07 3.840968e+07 3.723118e+07 3.387116e+07 3.044118e+07 2.767490e+07 2.547251e+07 2.365544e+07 2.211612e+07
4.165916e+07 4.165916e+07 4.165916e+07 4.165914e+07 4.165907e+07 4.165681e+07 4.164987e+07 4.162466e+07 4.160748e+07 4.158779e+07 4.154211e+07 4.148968e+07 4.143202e+07 4.137031e+07 4.130549e+07 4.123829e+07 4.116931e+07 4.080892e+07 4.042616e+07 3.998930e+07 3.941293e+07 3.855179e+07 3.727553e+07 3.373359e+07 3.021291e+07 2.743142e+07 2.524415e+07 2.344855e+07 2.192917e+07
4.201374e+07 4.201374e+07 4.201374e+07 4.201373e+07 4.201368e+07 4.201205e+07 4.200652e+07 4.198372e+07 4.196699e+07 4.194724e+07 4.190022e+07 4.184532e+07 4.178451e+07 4.171922e+07 4.165051e+07 4.157918e+07 4.150584e+07 4.112043e+07 4.070703e+07 4.023089e+07 3.960049e+07 3.866600e+07 3.730029e+07 3.358775e+07 2.998069e+07 2.718519e+07 2.501383e+07 2.324059e+07 2.174193e+07
4.218584e+07 4.218584e+07 4.218584e+07 4.218583e+07 4.218578e+07 4.218425e+07 4.217968e+07 4.216264e+07 4.215015e+07 4.213502e+07 4.209735e+07 4.205098e+07 4.199747e+07 4.193822e+07 4.187436e+07 4.180680e+07 4.173625e+07 4.135296e+07 4.092683e+07 4.042442e+07 3.975064e+07 3.875227e+07 3.730546e+07 3.343394e+07 2.974497e+07 2.693660e+07 2.478178e+07 2.303162e+07 2.155441e+07
4.222565e+07 4.222565e+07 4.222565e+07 4.222564e+07 4.222562e+07 4.222494e+07 4.222273e+07 4.221303e+07 4.220524e+07 4.219540e+07 4.216950e+07 4.213554e+07 4.209417e+07 4.204625e+07 4.199264e+07 4.193414e+07 4.187145e+07 4.151153e+07 4.108806e+07 4.057118e+07 3.986406e+07 3.881094e+07 3.729128e+07 3.327247e+07 2.950622e+07 2.668606e+07 2.454822e+07 2.282176e+07 2.136662e+07
4.219277e+07 4.219277e+07 4.219277e+07 4.219276e+07 4.219275e+07 4.219240e+07 4.219105e+07 4.218500e+07 4.218018e+07 4.217405e+07 4.215745e+07 4.213460e+07 4.210523e+07 4.206946e+07 4.202763e+07 4.198021e+07 4.192770e+07 4.160397e+07 4.119478e+07 4.067339e+07 3.994195e+07 3.884268e+07 3.725813e+07 3.310368e+07 2.926488e+07 2.643396e+07 2.431342e+07 2.261110e+07 2.117858e+07
4.211453e+07 4.211453e+07 4.211453e+07 4.211453e+07 4.211452e+07 4.211419e+07 4.211319e+07 4.210946e+07 4.210661e+07 4.210299e+07 4.209292e+07 4.207835e+07 4.205854e+07 4.203309e+07 4.200186e+07 4.196495e+07 4.192258e+07 4.163955e+07 4.125207e+07 4.073394e+07 3.998599e+07 3.884844e+07 3.720657e+07 3.292793e+07 2.902134e+07 2.618070e+07 2.407764e+07 2.239977e+07 2.099034e+07
4.200839e+07 4.200839e+07 4.200839e+07 4.200839e+07 4.200839e+07 4.200834e+07 4.200812e+07 4.200675e+07 4.200539e+07 4.200349e+07 4.199767e+07 4.198851e+07 4.197524e+07 4.195724e+07 4.193412e+07 4.190568e+07 4.187190e+07 4.162770e+07 4.126550e+07 4.075618e+07 3.999820e+07 3.882940e+07 3.713732e+07 3.274558e+07 2.877599e+07 2.592663e+07 2.384113e+07 2.218791e+07 2.080193e+07
4.189301e+07 4.189301e+07 4.189301e+07 4.189301e+07 4.189301e+07 4.189295e+07 4.189273e+07 4.189169e+07 4.189077e+07 4.188947e+07 4.188546e+07 4.187895e+07 4.186928e+07 4.185579e+07 4.183798e+07 4.181549e+07 4.178813e+07 4.157710e+07 4.124066e+07 4.074365e+07 3.998078e+07 3.878692e+07 3.705118e+07 3.255702e+07 2.852920e+07 2.567212e+07 2.360415e+07 2.197567e+07 2.061341e+07
4.177026e+07 4.177026e+07 4.177026e+07 4.177025e+07 4.177025e+07 4.177019e+07 4.176995e+07 4.176876e+07 4.176774e+07 4.176638e+07 4.176247e+07 4.175659e+07 4.174824e+07 4.173686e+07 4.172196e+07 4.170312e+07 4.168001e+07 4.149503e+07 4.118277e+07 4.069990e+07 3.993606e+07 3.872246e+07 3.694904e+07 3.236264e+07 2.828131e+07 2.541751e+07 2.336697e+07 2.176319e+07 2.042485e+07
4.163978e+07 4.163978e+07 4.163978e+07 4.163978e+07 4.163978e+07 4.163964e+07 4.163918e+07 4.163736e+07 4.163597e+07 4.163424e+07 4.162966e+07 4.162338e+07 4.161504e+07 4.160424e+07 4.159057e+07 4.157362e+07 4.155304e+07 4.138728e+07 4.109646e+07 4.062831e+07 3.986638e+07 3.863756e+07 3.683186e+07 3.216285e+07 2.803262e+07 2.516309e+07 2.312984e+07 2.155063e+07 2.023632e+07
4.149735e+07 4.149735e+07 4.149735e+07 4.149735e+07 4.149735e+07 4.149720e+07 4.149670e+07 4.149461e+07 4.149299e+07 4.149098e+07 4.148575e+07 4.147883e+07 4.147002e+07 4.145908e+07 4.144570e+07 4.142956e+07 4.141034e+07 4.125819e+07 4.098574e+07 4.053203e+07 3.977401e+07 3.853373e+07 3.670060e+07 3.195805e+07 2.778344e+07 2.490917e+07 2.289301e+07 2.133816e+07 2.004791e+07
4.134197e+07 4.134197e+07 4.134197e+07 4.134197e+07 4.134197e+07 4.134181e+07 4.134128e+07 4.133905e+07 4.133731e+07 4.133514e+07 4.132948e+07 4.132203e+07 4.131273e+07 4.130143e+07 4.128797e+07 4.127210e+07 4.125357e+07 4.111098e+07 4.085393e+07 4.041387e+07 3.966111e+07 3.841251e+07 3.655627e+07 3.174864e+07 2.753403e+07 2.465603e+07 2.265672e+07 2.112594e+07 1.985969e+07
4.117361e+07 4.117361e+07 4.117361e+07 4.117361e+07 4.117361e+07 4.117343e+07 4.117285e+07 4.117042e+07 4.116855e+07 4.116622e+07 4.116021e+07 4.115238e+07 4.114271e+07 4.113114e+07 4.111755e+07 4.110178e+07 4.108363e+07 4.094797e+07 4.070377e+07 4.027635e+07 3.952967e+07 3.827533e+07 3.639983e+07 3.153503e+07 2.728466e+07 2.440391e+07 2.242120e+07 2.091412e+07 1.967175e+07
4.099159e+07 4.099159e+07 4.099159e+07 4.099159e+07 4.099158e+07 4.099139e+07 4.099075e+07 4.098814e+07 4.098618e+07 4.098376e+07 4.097760e+07 4.096964e+07 4.095986e+07 4.094821e+07 4.093463e+07 4.091901e+07 4.090118e+07 4.077092e+07 4.053752e+07 4.012165e+07 3.938155e+07 3.812361e+07 3.623224e+07 3.131760e+07 2.703556e+07 2.415305e+07 2.218665e+07 2.070288e+07 1.948420e+07
4.079516e+07 4.079516e+07 4.079516e+07 4.079516e+07 4.079516e+07 4.079499e+07 4.079443e+07 4.079203e+07 4.079017e+07 4.078786e+07 4.078190e+07 4.077412e+07 4.076451e+07 4.075305e+07 4.073968e+07 4.072434e+07 4.070690e+07 4.058122e+07 4.035703e+07 3.995170e+07 3.921843e+07 3.795864e+07 3.605442e+07 3.109673e+07 2.678694e+07 2.390365e+07 2.195330e+07 2.049236e+07 1.929713e+07
4.058677e+07 4.058677e+07 4.058677e+07 4.058677e+07 4.058676e+07 4.058659e+07 4.058605e+07 4.058379e+07 4.058205e+07 4.057989e+07 4.057425e+07 4.056682e+07 4.055757e+07 4.054647e+07 4.053348e+07 4.051854e+07 4.050157e+07 4.038006e+07 4.016386e+07 3.976814e+07 3.904181e+07 3.778164e+07 3.586725e+07 3.087280e+07 2.653900e+07 2.365590e+07 2.172131e+07 2.028273e+07 1.911064e+07
4.036788e+07 4.036788e+07 4.036788e+07 4.036788e+07 4.036787e+07 4.036772e+07 4.036723e+07 4.036512e+07 4.036348e+07 4.036144e+07 4.035610e+07 4.034904e+07 4.034020e+07 4.032953e+07 4.031699e+07 4.030252e+07 4.028606e+07 4.016845e+07 3.995934e+07 3.957244e+07 3.885308e+07 3.759374e+07 3.567155e+07 3.064616e+07 2.629192e+07 2.340999e+07 2.149088e+07 2.007413e+07 1.892483e+07
4.014006e+07 4.014006e+07 4.014006e+07 4.014006e+07 4.014006e+07 4.013990e+07 4.013941e+07 4.013737e+07 4.013580e+07 4.013386e+07 4.012879e+07 4.012207e+07 4.011361e+07 4.010336e+07 4.009125e+07 4.007725e+07 4.006128e+07 3.994732e+07 3.974461e+07 3.936588e+07 3.865345e+07 3.739599e+07 3.546812e+07 3.041713e+07 2.604587e+07 2.316605e+07 2.126217e+07 1.986671e+07 1.873980e+07
3.990406e+07 3.990406e+07 3.990406e+07 3.990406e+07 3.990406e+07 3.990393e+07 3.990349e+07 3.990162e+07 3.990015e+07 3.989831e+07 3.989348e+07 3.988702e+07 3.987886e+07 3.986894e+07 3.985721e+07 3.984361e+07 3.982810e+07 3.971753e+07 3.952067e+07 3.914956e+07 3.844404e+07 3.718934e+07 3.525767e+07 3.018605e+07 2.580100e+07 2.292423e+07 2.103532e+07 1.966060e+07 1.855565e+07
3.966154e+07 3.966154e+07 3.966154e+07 3.966154e+07 3.966153e+07 3.966140e+07 3.966096e+07 3.965911e+07 3.965767e+07 3.965587e+07 3.965113e+07 3.964480e+07 3.963682e+07 3.962711e+07 3.961564e+07 3.960237e+07 3.958726e+07 3.947983e+07 3.928843e+07 3.892451e+07 3.822585e+07 3.697468e+07 3.504090e+07 2.995322e+07 2.555745e+07 2.268465e+07 2.081047e+07 1.945592e+07 1.837248e+07
3.941286e+07 3.941286e+07 3.941286e+07 3.941286e+07 3.941286e+07 3.941272e+07 3.941226e+07 3.941037e+07 3.940890e+07 3.940708e+07 3.940230e+07 3.939596e+07 3.938802e+07 3.937842e+07 3.936714e+07 3.935413e+07 3.933936e+07 3.923491e+07 3.904869e+07 3.869161e+07 3.799978e+07 3.675281e+07 3.481845e+07 2.971893e+07 2.531533e+07 2.244741e+07 2.058774e+07 1.925281e+07 1.819037e+07
3.915797e+07 3.915797e+07 3.915797e+07 3.915797e+07 3.915797e+07 3.915782e+07 3.915736e+07 3.915540e+07 3.915388e+07 3.915200e+07 3.914710e+07 3.914069e+07 3.913273e+07 3.912321e+07 3.911208e+07 3.909933e+07 3.908490e+07 3.898341e+07 3.880220e+07 3.845169e+07 3.776667e+07 3.652449e+07 3.459090e+07 2.948344e+07 2.507477e+07 2.221259e+07 2.036724e+07 1.905137e+07 1.800944e+07
3.889675e+07 3.889675e+07 3.889675e+07 3.889675e+07 3.889674e+07 3.889658e+07 3.889606e+07 3.889396e+07 3.889237e+07 3.889041e+07 3.888542e+07 3.887898e+07 3.887109e+07 3.886171e+07 3.885082e+07 3.883838e+07 3.882435e+07 3.872595e+07 3.854963e+07 3.820549e+07 3.752726e+07 3.629038e+07 3.435881e+07 2.924700e+07 2.483585e+07 2.198029e+07 2.014906e+07 1.885171e+07 1.782976e+07
3.862833e+07 3.862833e+07 3.862833e+07 3.862833e+07 3.862832e+07 3.862816e+07 3.862763e+07 3.862553e+07 3.862396e+07 3.862205e+07 3.861721e+07 3.861099e+07 3.860336e+07 3.859430e+07 3.858378e+07 3.857177e+07 3.855821e+07 3.846312e+07 3.829164e+07 3.795370e+07 3.728224e+07 3.605113e+07 3.412269e+07 2.900985e+07 2.459868e+07 2.175056e+07 1.993330e+07 1.865392e+07 1.765141e+07
3.835280e+07 3.835280e+07 3.835280e+07 3.835280e+07 3.835279e+07 3.835268e+07 3.835229e+07 3.835058e+07 3.834923e+07 3.834754e+07 3.834315e+07 3.833738e+07 3.833020e+07 3.832162e+07 3.831160e+07 3.830011e+07 3.828712e+07 3.819552e+07 3.802884e+07 3.769695e+07 3.703224e+07 3.580732e+07 3.388301e+07 2.877222e+07 2.436332e+07 2.152346e+07 1.972002e+07 1.845809e+07 1.747449e+07
3.807344e+07 3.807344e+07 3.807344e+07 3.807344e+07 3.807344e+07 3.807332e+07 3.807294e+07 3.807138e+07 3.807016e+07 3.806864e+07 3.806464e+07 3.805932e+07 3.805263e+07 3.804456e+07 3.803508e+07 3.802416e+07 3.801177e+07 3.792376e+07 3.776181e+07 3.743583e+07 3.677785e+07 3.555947e+07 3.364021e+07 2.853430e+07 2.412985e+07 2.129903e+07 1.950928e+07 1.826430e+07 1.729907e+07
3.779123e+07 3.779123e+07 3.779123e+07 3.779123e+07 3.779123e+07 3.779112e+07 3.779077e+07 3.778929e+07 3.778814e+07 3.778670e+07 3.778294e+07 3.777794e+07 3.777165e+07 3.776404e+07 3.775506e+07 3.774470e+07 3.773290e+07 3.764843e+07 3.749110e+07 3.717089e+07 3.651961e+07 3.530808e+07 3.339471e+07 2.829629e+07 2.389833e+07 2.107731e+07 1.930115e+07 1.807262e+07 1.712522e+07
3.750682e+07 3.750682e+07 3.750682e+07 3.750681e+07 3.750681e+07 3.750670e+07 3.750636e+07 3.750491e+07 3.750379e+07 3.750241e+07 3.749881e+07 3.749404e+07 3.748806e+07 3.748083e+07 3.747230e+07 3.746243e+07 3.745117e+07 3.737010e+07 3.721723e+07 3.690263e+07 3.625801e+07 3.505361e+07 3.314686e+07 2.805836e+07 2.366882e+07 2.085832e+07 1.909566e+07 1.788312e+07 1.695301e+07
3.722044e+07 3.722044e+07 3.722044e+07 3.722044e+07 3.722044e+07 3.722033e+07 3.722000e+07 3.721860e+07 3.721753e+07 3.721619e+07 3.721273e+07 3.720816e+07 3.720244e+07 3.719553e+07 3.718738e+07 3.717795e+07 3.716719e+07 3.708928e+07 3.694069e+07 3.663152e+07 3.599350e+07 3.479647e+07 3.289703e+07 2.782068e+07 2.344136e+07 2.064209e+07 1.889284e+07 1.769584e+07 1.678250e+07
3.693251e+07 3.693251e+07 3.693251e+07 3.693251e+07 3.693251e+07 3.693241e+07 3.693209e+07 3.693076e+07 3.692973e+07 3.692845e+07 3.692512e+07 3.692073e+07 3.691524e+07 3.690862e+07 3.690081e+07 3.689177e+07 3.688145e+07 3.680645e+07 3.666191e+07 3.635799e+07 3.572651e+07 3.453706e+07 3.264554e+07 2.758340e+07 2.321599e+07 2.042862e+07 1.869274e+07 1.751084e+07 1.661374e+07
3.664350e+07 3.664350e+07 3.664350e+07 3.664350e+07 3.664350e+07 3.664340e+07 3.664308e+07 3.664177e+07 3.664078e+07 3.663955e+07 3.663635e+07 3.663213e+07 3.662687e+07 3.662050e+07 3.661300e+07 3.660431e+07 3.659438e+07 3.652202e+07 3.638128e+07 3.608244e+07 3.545742e+07 3.427572e+07 3.239268e+07 2.734666e+07 2.299275e+07 2.021792e+07 1.849535e+07 1.732816e+07 1.644680e+07
3.635354e+07 3.635354e+07 3.635354e+07 3.635354e+07 3.635354e+07 3.635345e+07 3.635316e+07 3.635195e+07 3.635101e+07 3.634984e+07 3.634678e+07 3.634274e+07 3.633768e+07 3.633154e+07 3.632431e+07 3.631592e+07 3.630633e+07 3.623634e+07 3.609918e+07 3.580522e+07 3.518658e+07 3.401279e+07 3.213873e+07 2.711059e+07 2.277167e+07 2.001000e+07 1.830071e+07 1.714783e+07 1.628171e+07
3.606334e+07 3.606334e+07 3.606334e+07 3.606334e+07 3.606334e+07 3.606325e+07 3.606296e+07 3.606177e+07 3.606086e+07 3.605973e+07 3.605678e+07 3.605289e+07 3.604800e+07 3.604206e+07 3.603503e+07 3.602689e+07 3.601759e+07 3.594971e+07 3.581591e+07 3.552666e+07 3.491432e+07 3.374857e+07 3.188395e+07 2.687531e+07 2.255276e+07 1.980485e+07 1.810880e+07 1.696988e+07 1.611852e+07
3.577288e+07 3.577288e+07 3.577288e+07 3.577287e+07 3.577287e+07 3.577279e+07 3.577254e+07 3.577143e+07 3.577057e+07 3.576949e+07 3.576665e+07 3.576287e+07 3.575808e+07 3.575227e+07 3.574541e+07 3.573746e+07 3.572839e+07 3.566238e+07 3.553175e+07 3.524705e+07 3.464093e+07 3.348333e+07 3.162856e+07 2.664092e+07 2.233606e+07 1.960247e+07 1.791965e+07 1.679433e+07 1.595726e+07
