1.102097e+07 5.448461e+06 4.096027e+06 2.445435e+06 2.130987e+06 1.595352e+06 1.448526e+06 1.368774e+06 1.353645e+06 1.344732e+06 1.338672e+06 1.343708e+06 1.356644e+06 1.374273e+06 1.392474e+06 1.406271e+06 1.410518e+06 1.211705e+06 8.607984e+05 6.182250e+05 4.777294e+05 3.940685e+05 3.407288e+05 2.779561e+05 2.420177e+05 2.181794e+05 2.009267e+05 1.878943e+05 1.779643e+05
1.574951e+06 1.574963e+06 1.574987e+06 1.574360e+06 1.567230e+06 1.479611e+06 1.411346e+06 1.359375e+06 1.347693e+06 1.340724e+06 1.336855e+06 1.343210e+06 1.357077e+06 1.375368e+06 1.393990e+06 1.407974e+06 1.412196e+06 1.211727e+06 8.599222e+05 6.173758e+05 4.770724e+05 3.935712e+05 3.403427e+05 2.776979e+05 2.418236e+05 2.180220e+05 2.007935e+05 1.877795e+05 1.778650e+05
1.413161e+06 1.413166e+06 1.413181e+06 1.413457e+06 1.413601e+06 1.407337e+06 1.374972e+06 1.347634e+06 1.340325e+06 1.335830e+06 1.334697e+06 1.342628e+06 1.357558e+06 1.376578e+06 1.395645e+06 1.409815e+06 1.413995e+06 1.211742e+06 8.590119e+05 6.165026e+05 4.764009e+05 3.930647e+05 3.399505e+05 2.774364e+05 2.416273e+05 2.178631e+05 2.006592e+05 1.876638e+05 1.777651e+05
1.365323e+06 1.365326e+06 1.365334e+06 1.365506e+06 1.365809e+06 1.357811e+06 1.364421e+06 1.334988e+06 1.331748e+06 1.330045e+06 1.332172e+06 1.341955e+06 1.358091e+06 1.377908e+06 1.397446e+06 1.411800e+06 1.415918e+06 1.211749e+06 8.580666e+05 6.156052e+05 4.757146e+05 3.925490e+05 3.395521e+05 2.771716e+05 2.414290e+05 2.177027e+05 2.005238e+05 1.875473e+05 1.776646e+05
1.346782e+06 1.346783e+06 1.346788e+06 1.346890e+06 1.347101e+06 1.341521e+06 1.347078e+06 1.328012e+06 1.323499e+06 1.323791e+06 1.329315e+06 1.341194e+06 1.358678e+06 1.379363e+06 1.399397e+06 1.413933e+06 1.417967e+06 1.211746e+06 8.570853e+05 6.146831e+05 4.750135e+05 3.920241e+05 3.391476e+05 2.769035e+05 2.412286e+05 2.175408e+05 2.003873e+05 1.874300e+05 1.775634e+05
1.336640e+06 1.336641e+06 1.336644e+06 1.336709e+06 1.336852e+06 1.333964e+06 1.330355e+06 1.329017e+06 1.320094e+06 1.318502e+06 1.326341e+06 1.340391e+06 1.359334e+06 1.380951e+06 1.401504e+06 1.416215e+06 1.420144e+06 1.211731e+06 8.560670e+05 6.137362e+05 4.742975e+05 3.914899e+05 3.387370e+05 2.766321e+05 2.410261e+05 2.173774e+05 2.002496e+05 1.873118e+05 1.774616e+05
1.328786e+06 1.328786e+06 1.328788e+06 1.328834e+06 1.328940e+06 1.327727e+06 1.320164e+06 1.329132e+06 1.322081e+06 1.317380e+06 1.323789e+06 1.339676e+06 1.360099e+06 1.382687e+06 1.403772e+06 1.418649e+06 1.422447e+06 1.211702e+06 8.550107e+05 6.127642e+05 4.735666e+05 3.909465e+05 3.383201e+05 2.763574e+05 2.408215e+05 2.172126e+05 2.001109e+05 1.871927e+05 1.773591e+05
1.322047e+06 1.322048e+06 1.322049e+06 1.322084e+06 1.322170e+06 1.321891e+06 1.314563e+06 1.325505e+06 1.324309e+06 1.320235e+06 1.322702e+06 1.339314e+06 1.361059e+06 1.384602e+06 1.406216e+06 1.421240e+06 1.424878e+06 1.211655e+06 8.539151e+05 6.117666e+05 4.728206e+05 3.903937e+05 3.378971e+05 2.760794e+05 2.406148e+05 2.170462e+05 1.999711e+05 1.870729e+05 1.772560e+05
1.316335e+06 1.316336e+06 1.316337e+06 1.316367e+06 1.316441e+06 1.316704e+06 1.311205e+06 1.319636e+06 1.324484e+06 1.323849e+06 1.324807e+06 1.339756e+06 1.362363e+06 1.386754e+06 1.408856e+06 1.423997e+06 1.427439e+06 1.211587e+06 8.527793e+05 6.107434e+05 4.720596e+05 3.898317e+05 3.374679e+05 2.757981e+05 2.404059e+05 2.168784e+05 1.998301e+05 1.869521e+05 1.771522e+05
1.311804e+06 1.311804e+06 1.311805e+06 1.311831e+06 1.311897e+06 1.312488e+06 1.309007e+06 1.313908e+06 1.322659e+06 1.326533e+06 1.329461e+06 1.341742e+06 1.364246e+06 1.389233e+06 1.411731e+06 1.426934e+06 1.430134e+06 1.211494e+06 8.516019e+05 6.096941e+05 4.712835e+05 3.892603e+05 3.370325e+05 2.755134e+05 2.401950e+05 2.167090e+05 1.996881e+05 1.868306e+05 1.770479e+05
1.308591e+06 1.308591e+06 1.308592e+06 1.308615e+06 1.308675e+06 1.309469e+06 1.307703e+06 1.309845e+06 1.320033e+06 1.327871e+06 1.335188e+06 1.346242e+06 1.367057e+06 1.392175e+06 1.414898e+06 1.430075e+06 1.432972e+06 1.211373e+06 8.503817e+05 6.086186e+05 4.704921e+05 3.886796e+05 3.365909e+05 2.752255e+05 2.399819e+05 2.165382e+05 1.995449e+05 1.867082e+05 1.769428e+05
1.314699e+06 1.314699e+06 1.314700e+06 1.314716e+06 1.314763e+06 1.315869e+06 1.317856e+06 1.319983e+06 1.324829e+06 1.334766e+06 1.361133e+06 1.384027e+06 1.403386e+06 1.422238e+06 1.439369e+06 1.450685e+06 1.450082e+06 1.210223e+06 8.435991e+05 6.028386e+05 4.663063e+05 3.856362e+05 3.342903e+05 2.737361e+05 2.388846e+05 2.156615e+05 1.988123e+05 1.860834e+05 1.764081e+05
1.352653e+06 1.352654e+06 1.352654e+06 1.352667e+06 1.352705e+06 1.353730e+06 1.356249e+06 1.362317e+06 1.365882e+06 1.371756e+06 1.393858e+06 1.424095e+06 1.452253e+06 1.473379e+06 1.485944e+06 1.488180e+06 1.477510e+06 1.207995e+06 8.355931e+05 5.963741e+05 4.617388e+05 3.823612e+05 3.318362e+05 2.721640e+05 2.377340e+05 2.147470e+05 1.980517e+05 1.854375e+05 1.758574e+05
1.412889e+06 1.412889e+06 1.412889e+06 1.412900e+06 1.412933e+06 1.413873e+06 1.416411e+06 1.424200e+06 1.428752e+06 1.434054e+06 1.450203e+06 1.475242e+06 1.503411e+06 1.526355e+06 1.538048e+06 1.535178e+06 1.516010e+06 1.205049e+06 8.263331e+05 5.892295e+05 4.567975e+05 3.788594e+05 3.292312e+05 2.705096e+05 2.365301e+05 2.137946e+05 1.972629e+05 1.847703e+05 1.752907e+05
1.490467e+06 1.490467e+06 1.490468e+06 1.490477e+06 1.490507e+06 1.491371e+06 1.493818e+06 1.502121e+06 1.507372e+06 1.513047e+06 1.526136e+06 1.543057e+06 1.562470e+06 1.578928e+06 1.585802e+06 1.577836e+06 1.552116e+06 1.203144e+06 8.159850e+05 5.814557e+05 4.515043e+05 3.751411e+05 3.264801e+05 2.687740e+05 2.352729e+05 2.128042e+05 1.964458e+05 1.840819e+05 1.747081e+05
1.582644e+06 1.582644e+06 1.582645e+06 1.582654e+06 1.582681e+06 1.583495e+06 1.585860e+06 1.594199e+06 1.599456e+06 1.604733e+06 1.613835e+06 1.620985e+06 1.626968e+06 1.630119e+06 1.626069e+06 1.609693e+06 1.577107e+06 1.200839e+06 8.050316e+05 5.731713e+05 4.459009e+05 3.712233e+05 3.235904e+05 2.669587e+05 2.339629e+05 2.117758e+05 1.956006e+05 1.833723e+05 1.741096e+05
1.688195e+06 1.688195e+06 1.688195e+06 1.688203e+06 1.688229e+06 1.688996e+06 1.691250e+06 1.698219e+06 1.701219e+06 1.702937e+06 1.701515e+06 1.694518e+06 1.684278e+06 1.671415e+06 1.653597e+06 1.626664e+06 1.586578e+06 1.194056e+06 7.943873e+05 5.645825e+05 4.400537e+05 3.671315e+05 3.205732e+05 2.650663e+05 2.326005e+05 2.107097e+05 1.947272e+05 1.826415e+05 1.734954e+05
1.805764e+06 1.805764e+06 1.805764e+06 1.805772e+06 1.805796e+06 1.806352e+06 1.806114e+06 1.798352e+06 1.791429e+06 1.783043e+06 1.762946e+06 1.739830e+06 1.715191e+06 1.689285e+06 1.660237e+06 1.624517e+06 1.578356e+06 1.180590e+06 7.835777e+05 5.560195e+05 4.340587e+05 3.629021e+05 3.174439e+05 2.631004e+05 2.311869e+05 2.096062e+05 1.938259e+05 1.818897e+05 1.728656e+05
1.840066e+06 1.840066e+06 1.840065e+06 1.840047e+06 1.839989e+06 1.838296e+06 1.832739e+06 1.813052e+06 1.800989e+06 1.788190e+06 1.761243e+06 1.733128e+06 1.704160e+06 1.673880e+06 1.640501e+06 1.601074e+06 1.552424e+06 1.160097e+06 7.717579e+05 5.479009e+05 4.280467e+05 3.585828e+05 3.142229e+05 2.610656e+05 2.297234e+05 2.084658e+05 1.928969e+05 1.811172e+05 1.722204e+05
1.728787e+06 1.728787e+06 1.728787e+06 1.728785e+06 1.728777e+06 1.728551e+06 1.727697e+06 1.722774e+06 1.718149e+06 1.712068e+06 1.696205e+06 1.676513e+06 1.653731e+06 1.627622e+06 1.596806e+06 1.559001e+06 1.511771e+06 1.133723e+06 7.585536e+05 5.399763e+05 4.222077e+05 3.542350e+05 3.109362e+05 2.589682e+05 2.282119e+05 2.072892e+05 1.919406e+05 1.803241e+05 1.715600e+05
1.617469e+06 1.617469e+06 1.617469e+06 1.617469e+06 1.617468e+06 1.617439e+06 1.617301e+06 1.616278e+06 1.615059e+06 1.613123e+06 1.606650e+06 1.596434e+06 1.582244e+06 1.563364e+06 1.538332e+06 1.505130e+06 1.461792e+06 1.103394e+06 7.439496e+05 5.319754e+05 4.167070e+05 3.499372e+05 3.076161e+05 2.568160e+05 2.266548e+05 2.060772e+05 1.909574e+05 1.795108e+05 1.708848e+05
1.523434e+06 1.523434e+06 1.523434e+06 1.523435e+06 1.523436e+06 1.523454e+06 1.523482e+06 1.523392e+06 1.523138e+06 1.522609e+06 1.520268e+06 1.515506e+06 1.507395e+06 1.494581e+06 1.475179e+06 1.447032e+06 1.408265e+06 1.071143e+06 7.282011e+05 5.237466e+05 4.113844e+05 3.458039e+05 3.043020e+05 2.546184e+05 2.250551e+05 2.048313e+05 1.899480e+05 1.786778e+05 1.701949e+05
1.446417e+06 1.446417e+06 1.446417e+06 1.446418e+06 1.446419e+06 1.446464e+06 1.446573e+06 1.446776e+06 1.446763e+06 1.446608e+06 1.445635e+06 1.443238e+06 1.438397e+06 1.429461e+06 1.414212e+06 1.390251e+06 1.355604e+06 1.038667e+06 7.117116e+05 5.152220e+05 4.061129e+05 3.418889e+05 3.010440e+05 2.523870e+05 2.234167e+05 2.035529e+05 1.889131e+05 1.778254e+05 1.694909e+05
1.384198e+06 1.384198e+06 1.384198e+06 1.384197e+06 1.384196e+06 1.384161e+06 1.384088e+06 1.383858e+06 1.383688e+06 1.383460e+06 1.382700e+06 1.381147e+06 1.377857e+06 1.371127e+06 1.358592e+06 1.337693e+06 1.306328e+06 1.007146e+06 6.949133e+05 5.064030e+05 4.008061e+05 3.380908e+05 2.979161e+05 2.501356e+05 2.217440e+05 2.022438e+05 1.878538e+05 1.769543e+05 1.687732e+05
1.329860e+06 1.329860e+06 1.329860e+06 1.329860e+06 1.329861e+06 1.329877e+06 1.329889e+06 1.329807e+06 1.329696e+06 1.329531e+06 1.328975e+06 1.327856e+06 1.325370e+06 1.319897e+06 1.309079e+06 1.290311e+06 1.261421e+06 9.772548e+05 6.781819e+05 4.973415e+05 3.954069e+05 3.343389e+05 2.949245e+05 2.478802e+05 2.200425e+05 2.009063e+05 1.867710e+05 1.760652e+05 1.680422e+05
1.282798e+06 1.282798e+06 1.282798e+06 1.282799e+06 1.282800e+06 1.282834e+06 1.282907e+06 1.283021e+06 1.283025e+06 1.282974e+06 1.282655e+06 1.281833e+06 1.279804e+06 1.275053e+06 1.265308e+06 1.247992e+06 1.220924e+06 9.492590e+05 6.617941e+05 4.881185e+05 3.898848e+05 3.305808e+05 2.920050e+05 2.456406e+05 2.183183e+05 1.995430e+05 1.856663e+05 1.751589e+05 1.672985e+05
1.242938e+06 1.242938e+06 1.242938e+06 1.242938e+06 1.242939e+06 1.242945e+06 1.242950e+06 1.242939e+06 1.242917e+06 1.242866e+06 1.242593e+06 1.241864e+06 1.240012e+06 1.235613e+06 1.226486e+06 1.210127e+06 1.184380e+06 9.231448e+05 6.459214e+05 4.788241e+05 3.842320e+05 3.267777e+05 2.891149e+05 2.434425e+05 2.165788e+05 1.981570e+05 1.845410e+05 1.742363e+05 1.665428e+05
1.207794e+06 1.207794e+06 1.207794e+06 1.207794e+06 1.207795e+06 1.207819e+06 1.207873e+06 1.207974e+06 1.207977e+06 1.207923e+06 1.207579e+06 1.206742e+06 1.204820e+06 1.200482e+06 1.191646e+06 1.175890e+06 1.151101e+06 8.987272e+05 6.306431e+05 4.695423e+05 3.784589e+05 3.229034e+05 2.862214e+05 2.413190e+05 2.148321e+05 1.967517e+05 1.833970e+05 1.732984e+05 1.657758e+05
1.177563e+06 1.177563e+06 1.177563e+06 1.177563e+06 1.177563e+06 1.177567e+06 1.177561e+06 1.177433e+06 1.177275e+06 1.177043e+06 1.176326e+06 1.175142e+06 1.172950e+06 1.168483e+06 1.159738e+06 1.144368e+06 1.120310e+06 8.757376e+05 6.159701e+05 4.603427e+05 3.725883e+05 3.189434e+05 2.832986e+05 2.392498e+05 2.130881e+05 1.953310e+05 1.822362e+05 1.723465e+05 1.649982e+05
1.150017e+06 1.150017e+06 1.150017e+06 1.150016e+06 1.150014e+06 1.149938e+06 1.149733e+06 1.149100e+06 1.148690e+06 1.148217e+06 1.147069e+06 1.145523e+06 1.143055e+06 1.138440e+06 1.129742e+06 1.114683e+06 1.091258e+06 8.538862e+05 6.018689e+05 4.512767e+05 3.666502e+05 3.148935e+05 2.803277e+05 2.372089e+05 2.113588e+05 1.938995e+05 1.810610e+05 1.713818e+05 1.642109e+05
1.120907e+06 1.120907e+06 1.120907e+06 1.120907e+06 1.120906e+06 1.120874e+06 1.120767e+06 1.120287e+06 1.119908e+06 1.119440e+06 1.118242e+06 1.116604e+06 1.114048e+06 1.109411e+06 1.100833e+06 1.086118e+06 1.063322e+06 8.329053e+05 5.882822e+05 4.423783e+05 3.606767e+05 3.107582e+05 2.772963e+05 2.351782e+05 2.096614e+05 1.924622e+05 1.798737e+05 1.704058e+05 1.634150e+05
1.091682e+06 1.091682e+06 1.091682e+06 1.091682e+06 1.091681e+06 1.091661e+06 1.091588e+06 1.091229e+06 1.090925e+06 1.090531e+06 1.089451e+06 1.087890e+06 1.085396e+06 1.080860e+06 1.072497e+06 1.058192e+06 1.036065e+06 8.125734e+05 5.751447e+05 4.336665e+05 3.546988e+05 3.065484e+05 2.741981e+05 2.331431e+05 2.080061e+05 1.910247e+05 1.786772e+05 1.694202e+05 1.626114e+05
1.063072e+06 1.063072e+06 1.063072e+06 1.063072e+06 1.063072e+06 1.063046e+06 1.062958e+06 1.062575e+06 1.062271e+06 1.061885e+06 1.060847e+06 1.059352e+06 1.056952e+06 1.052571e+06 1.044483e+06 1.030641e+06 1.009225e+06 7.927255e+05 5.623938e+05 4.251494e+05 3.487442e+05 3.022790e+05 2.710320e+05 2.310919e+05 2.063762e+05 1.895938e+05 1.774746e+05 1.684266e+05 1.618013e+05
1.034706e+06 1.034706e+06 1.034706e+06 1.034705e+06 1.034705e+06 1.034674e+06 1.034574e+06 1.034152e+06 1.033831e+06 1.033436e+06 1.032408e+06 1.030964e+06 1.028666e+06 1.024465e+06 1.016684e+06 1.003342e+06 9.826732e+05 7.732515e+05 5.499759e+05 4.168274e+05 3.428360e+05 2.979674e+05 2.678015e+05 2.290151e+05 2.047600e+05 1.881778e+05 1.762691e+05 1.674270e+05 1.609860e+05
1.006175e+06 1.006175e+06 1.006175e+06 1.006174e+06 1.006174e+06 1.006145e+06 1.006053e+06 1.005668e+06 1.005370e+06 1.005000e+06 1.004036e+06 1.002682e+06 1.000515e+06 9.965215e+05 9.890777e+05 9.762624e+05 9.563647e+05 7.540877e+05 5.378488e+05 4.086964e+05 3.369927e+05 2.936314e+05 2.645136e+05 2.269060e+05 2.031489e+05 1.867890e+05 1.750647e+05 1.664235e+05 1.601668e+05
9.777011e+05 9.777011e+05 9.777011e+05 9.777009e+05 9.777001e+05 9.776749e+05 9.775938e+05 9.772535e+05 9.769890e+05 9.766591e+05 9.757913e+05 9.745570e+05 9.725493e+05 9.687862e+05 9.616991e+05 9.494282e+05 9.303158e+05 7.352077e+05 5.259822e+05 4.007501e+05 3.312284e+05 2.892884e+05 2.611776e+05 2.247599e+05 2.015357e+05 1.854258e+05 1.738654e+05 1.654184e+05 1.593450e+05
9.495043e+05 9.495043e+05 9.495043e+05 9.495041e+05 9.495035e+05 9.494829e+05 9.494135e+05 9.491176e+05 9.488862e+05 9.485962e+05 9.478281e+05 9.467202e+05 9.448781e+05 9.413528e+05 9.346283e+05 9.229060e+05 9.045804e+05 7.166113e+05 5.143568e+05 3.929816e+05 3.255533e+05 2.849542e+05 2.578044e+05 2.225743e+05 1.999146e+05 1.840787e+05 1.726764e+05 1.644141e+05 1.585224e+05
9.217898e+05 9.217898e+05 9.217898e+05 9.217896e+05 9.217891e+05 9.217706e+05 9.217091e+05 9.214478e+05 9.212436e+05 9.209874e+05 9.203060e+05 9.193130e+05 9.176271e+05 9.143319e+05 9.079625e+05 8.967805e+05 8.792311e+05 6.983161e+05 5.029622e+05 3.853843e+05 3.199744e+05 2.806426e+05 2.544055e+05 2.203489e+05 1.982808e+05 1.827418e+05 1.715042e+05 1.634133e+05 1.577005e+05
8.946719e+05 8.946719e+05 8.946719e+05 8.946718e+05 8.946713e+05 8.946551e+05 8.946012e+05 8.943684e+05 8.941851e+05 8.939549e+05 8.933430e+05 8.924478e+05 8.909026e+05 8.878229e+05 8.817944e+05 8.711365e+05 8.543444e+05 6.803499e+05 4.917948e+05 3.779525e+05 3.144963e+05 2.763656e+05 2.509922e+05 2.180849e+05 1.966308e+05 1.814108e+05 1.703561e+05 1.624189e+05 1.568810e+05
8.682316e+05 8.682316e+05 8.682316e+05 8.682315e+05 8.682310e+05 8.682148e+05 8.681618e+05 8.679414e+05 8.677715e+05 8.675604e+05 8.670057e+05 8.661973e+05 8.647817e+05 8.619054e+05 8.562030e+05 8.460506e+05 8.299921e+05 6.627453e+05 4.808562e+05 3.706818e+05 3.091215e+05 2.721328e+05 2.475756e+05 2.157851e+05 1.949618e+05 1.800818e+05 1.692270e+05 1.614343e+05 1.560660e+05
8.424226e+05 8.424226e+05 8.424226e+05 8.424225e+05 8.424221e+05 8.424072e+05 8.423591e+05 8.421613e+05 8.420100e+05 8.418227e+05 8.413321e+05 8.406131e+05 8.393252e+05 8.366454e+05 8.312564e+05 8.215905e+05 8.062393e+05 6.455356e+05 4.701510e+05 3.635687e+05 3.038512e+05 2.679520e+05 2.441657e+05 2.134535e+05 1.932722e+05 1.787518e+05 1.681120e+05 1.604636e+05 1.552573e+05
8.172864e+05 8.172864e+05 8.172864e+05 8.172863e+05 8.172859e+05 8.172746e+05 8.172374e+05 8.170789e+05 8.169543e+05 8.167980e+05 8.163823e+05 8.157578e+05 8.145969e+05 8.121071e+05 8.070182e+05 7.978177e+05 7.831446e+05 6.287524e+05 4.596855e+05 3.566105e+05 2.986857e+05 2.638292e+05 2.407716e+05 2.110949e+05 1.915614e+05 1.774184e+05 1.670080e+05 1.595124e+05 1.544573e+05
7.929931e+05 7.929931e+05 7.929931e+05 7.929931e+05 7.929928e+05 7.929836e+05 7.929534e+05 7.928239e+05 7.927217e+05 7.925926e+05 7.922451e+05 7.917085e+05 7.906660e+05 7.883536e+05 7.835468e+05 7.747868e+05 7.607586e+05 6.124230e+05 4.494664e+05 3.498054e+05 2.936245e+05 2.597689e+05 2.374011e+05 2.087147e+05 1.898295e+05 1.760796e+05 1.659125e+05 1.585829e+05 1.536684e+05
7.696217e+05 7.696217e+05 7.696217e+05 7.696216e+05 7.696214e+05 7.696137e+05 7.695884e+05 7.694797e+05 7.693941e+05 7.692859e+05 7.689931e+05 7.685298e+05 7.675900e+05 7.654366e+05 7.608892e+05 7.525404e+05 7.391203e+05 5.965690e+05 4.394997e+05 3.431520e+05 2.886667e+05 2.557743e+05 2.340610e+05 2.063187e+05 1.880774e+05 1.747341e+05 1.648237e+05 1.576709e+05 1.528933e+05
7.471938e+05 7.471938e+05 7.471938e+05 7.471938e+05 7.471936e+05 7.471874e+05 7.471667e+05 7.470761e+05 7.470038e+05 7.469122e+05 7.466621e+05 7.462569e+05 7.454017e+05 7.433864e+05 7.390731e+05 7.311043e+05 7.182535e+05 5.812055e+05 4.297904e+05 3.366492e+05 2.838110e+05 2.518477e+05 2.307568e+05 2.039129e+05 1.863068e+05 1.733809e+05 1.637398e+05 1.567740e+05 1.521354e+05
7.257209e+05 7.257209e+05 7.257209e+05 7.257209e+05 7.257207e+05 7.257155e+05 7.256977e+05 7.256195e+05 7.255568e+05 7.254769e+05 7.252571e+05 7.248947e+05 7.241064e+05 7.222087e+05 7.181049e+05 7.104854e+05 6.981659e+05 5.663408e+05 4.203420e+05 3.302959e+05 2.790562e+05 2.479904e+05 2.274932e+05 2.015031e+05 1.845200e+05 1.720197e+05 1.626596e+05 1.558904e+05 1.513994e+05
7.051796e+05 7.051796e+05 7.051796e+05 7.051796e+05 7.051794e+05 7.051749e+05 7.051592e+05 7.050882e+05 7.050304e+05 7.049565e+05 7.047541e+05 7.044203e+05 7.036838e+05 7.018864e+05 6.979709e+05 6.906736e+05 6.788505e+05 5.519770e+05 4.111561e+05 3.240911e+05 2.744006e+05 2.442033e+05 2.242740e+05 1.990950e+05 1.827195e+05 1.706503e+05 1.615821e+05 1.550187e+05 1.506843e+05
6.855278e+05 6.855278e+05 6.855278e+05 6.855278e+05 6.855276e+05 6.855217e+05 6.855028e+05 6.854254e+05 6.853663e+05 6.852931e+05 6.850993e+05 6.847866e+05 6.840938e+05 6.823863e+05 6.786438e+05 6.716468e+05 6.602896e+05 5.381113e+05 4.022330e+05 3.180336e+05 2.698430e+05 2.404867e+05 2.211020e+05 1.966939e+05 1.809086e+05 1.692734e+05 1.605065e+05 1.541578e+05 1.499875e+05
6.666145e+05 6.666145e+05 6.666145e+05 6.666144e+05 6.666143e+05 6.666093e+05 6.665928e+05 6.665229e+05 6.664691e+05 6.664024e+05 6.662261e+05 6.659398e+05 6.652920e+05 6.636708e+05 6.600920e+05 6.533782e+05 6.424611e+05 5.247371e+05 3.935714e+05 3.121221e+05 2.653817e+05 2.368404e+05 2.179795e+05 1.943048e+05 1.790904e+05 1.678896e+05 1.594325e+05 1.533068e+05 1.493077e+05
6.484184e+05 6.484184e+05 6.484184e+05 6.484183e+05 6.484182e+05 6.484143e+05 6.484017e+05 6.483476e+05 6.483044e+05 6.482495e+05 6.481000e+05 6.478462e+05 6.472463e+05 6.457101e+05 6.422879e+05 6.358428e+05 6.253426e+05 5.118453e+05 3.851688e+05 3.063550e+05 2.610155e+05 2.332643e+05 2.149083e+05 1.919323e+05 1.772685e+05 1.665002e+05 1.583597e+05 1.524652e+05 1.486439e+05
6.309826e+05 6.309826e+05 6.309826e+05 6.309825e+05 6.309824e+05 6.309794e+05 6.309691e+05 6.309243e+05 6.308884e+05 6.308428e+05 6.307165e+05 6.304936e+05 6.299395e+05 6.284842e+05 6.252102e+05 6.190193e+05 6.089133e+05 4.994252e+05 3.770215e+05 3.007308e+05 2.567428e+05 2.297579e+05 2.118898e+05 1.895806e+05 1.754464e+05 1.651067e+05 1.572884e+05 1.516324e+05 1.479953e+05
6.142945e+05 6.142945e+05 6.142945e+05 6.142944e+05 6.142944e+05 6.142919e+05 6.142835e+05 6.142456e+05 6.142152e+05 6.141763e+05 6.140682e+05 6.138708e+05 6.133571e+05 6.119756e+05 6.088397e+05 6.028874e+05 5.931533e+05 4.874643e+05 3.691252e+05 2.952474e+05 2.525623e+05 2.263206e+05 2.089247e+05 1.872533e+05 1.736277e+05 1.637107e+05 1.562188e+05 1.508081e+05 1.473613e+05
5.983311e+05 5.983311e+05 5.983311e+05 5.983311e+05 5.983310e+05 5.983291e+05 5.983220e+05 5.982898e+05 5.982636e+05 5.982300e+05 5.981361e+05 5.979592e+05 5.974796e+05 5.961642e+05 5.931553e+05 5.874256e+05 5.780410e+05 4.759491e+05 3.614744e+05 2.899028e+05 2.484728e+05 2.229519e+05 2.060139e+05 1.849538e+05 1.718160e+05 1.623143e+05 1.551514e+05 1.499921e+05 1.467415e+05
5.830668e+05 5.830668e+05 5.830668e+05 5.830668e+05 5.830668e+05 5.830649e+05 5.830584e+05 5.830298e+05 5.830068e+05 5.829773e+05 5.828941e+05 5.827331e+05 5.822818e+05 5.810246e+05 5.781317e+05 5.726091e+05 5.635523e+05 4.648646e+05 3.540632e+05 2.846948e+05 2.444731e+05 2.196511e+05 2.031576e+05 1.826850e+05 1.700145e+05 1.609194e+05 1.540868e+05 1.491844e+05 1.461357e+05
5.684664e+05 5.684664e+05 5.684664e+05 5.684664e+05 5.684664e+05 5.684647e+05 5.684589e+05 5.684335e+05 5.684129e+05 5.683864e+05 5.683110e+05 5.681615e+05 5.677330e+05 5.665265e+05 5.637394e+05 5.584094e+05 5.496601e+05 4.541947e+05 3.468850e+05 2.796208e+05 2.405619e+05 2.164177e+05 2.003563e+05 1.804493e+05 1.682267e+05 1.595284e+05 1.530262e+05 1.483851e+05 1.455435e+05
5.544958e+05 5.544958e+05 5.544958e+05 5.544958e+05 5.544957e+05 5.544945e+05 5.544899e+05 5.544675e+05 5.544484e+05 5.544233e+05 5.543513e+05 5.542086e+05 5.537974e+05 5.526354e+05 5.499453e+05 5.447950e+05 5.363350e+05 4.439222e+05 3.399329e+05 2.746786e+05 2.367382e+05 2.132511e+05 1.976100e+05 1.782491e+05 1.664556e+05 1.581436e+05 1.519704e+05 1.475944e+05 1.449648e+05
5.411310e+05 5.411310e+05 5.411310e+05 5.411310e+05 5.411309e+05 5.411287e+05 5.411220e+05 5.410939e+05 5.410721e+05 5.410449e+05 5.409711e+05 5.408315e+05 5.404348e+05 5.393133e+05 5.367140e+05 5.317331e+05 5.235465e+05 4.340300e+05 3.331998e+05 2.698654e+05 2.330009e+05 2.101508e+05 1.949189e+05 1.760861e+05 1.647040e+05 1.567672e+05 1.509207e+05 1.468127e+05 1.443997e+05
5.282776e+05 5.282776e+05 5.282776e+05 5.282775e+05 5.282775e+05 5.282751e+05 5.282677e+05 5.282384e+05 5.282164e+05 5.281896e+05 5.281184e+05 5.279852e+05 5.276046e+05 5.265235e+05 5.240114e+05 5.191919e+05 5.112654e+05 4.245013e+05 3.266785e+05 2.651787e+05 2.293489e+05 2.071163e+05 1.922830e+05 1.739620e+05 1.629747e+05 1.554017e+05 1.498785e+05 1.460406e+05 1.438482e+05
5.158837e+05 5.158837e+05 5.158837e+05 5.158837e+05 5.158836e+05 5.158824e+05 5.158780e+05 5.158575e+05 5.158405e+05 5.158187e+05 5.157576e+05 5.156363e+05 5.152754e+05 5.142356e+05 5.118086e+05 5.071440e+05 4.994655e+05 4.153198e+05 3.203620e+05 2.606160e+05 2.257813e+05 2.041471e+05 1.897022e+05 1.718782e+05 1.612701e+05 1.540492e+05 1.488451e+05 1.452786e+05 1.433104e+05
5.039811e+05 5.039811e+05 5.039811e+05 5.039811e+05 5.039811e+05 5.039801e+05 5.039765e+05 5.039597e+05 5.039459e+05 5.039280e+05 5.038766e+05 5.037677e+05 5.034270e+05 5.024280e+05 5.000831e+05 4.955665e+05 4.881244e+05 4.064705e+05 3.142436e+05 2.561748e+05 2.222972e+05 2.012428e+05 1.871765e+05 1.698358e+05 1.595926e+05 1.527122e+05 1.478222e+05 1.445275e+05 1.427866e+05
4.925558e+05 4.925558e+05 4.925558e+05 4.925558e+05 4.925558e+05 4.925548e+05 4.925515e+05 4.925368e+05 4.925249e+05 4.925095e+05 4.924651e+05 4.923667e+05 4.920443e+05 4.910836e+05 4.888163e+05 4.844402e+05 4.772225e+05 3.979395e+05 3.083166e+05 2.518525e+05 2.188957e+05 1.984031e+05 1.847058e+05 1.678360e+05 1.579441e+05 1.513928e+05 1.468111e+05 1.437881e+05 1.422772e+05
4.815865e+05 4.815865e+05 4.815865e+05 4.815865e+05 4.815865e+05 4.815857e+05 4.815831e+05 4.815705e+05 4.815601e+05 4.815467e+05 4.815078e+05 4.814177e+05 4.811113e+05 4.801855e+05 4.779907e+05 4.737470e+05 4.667417e+05 3.897132e+05 3.025747e+05 2.476467e+05 2.155759e+05 1.956276e+05 1.822901e+05 1.658794e+05 1.563266e+05 1.500931e+05 1.458136e+05 1.430613e+05 1.417824e+05
4.710553e+05 4.710553e+05 4.710553e+05 4.710553e+05 4.710553e+05 4.710547e+05 4.710524e+05 4.710415e+05 4.710325e+05 4.710208e+05 4.709863e+05 4.709030e+05 4.706101e+05 4.697157e+05 4.675880e+05 4.634685e+05 4.566637e+05 3.817789e+05 2.970117e+05 2.435551e+05 2.123369e+05 1.929161e+05 1.799293e+05 1.639668e+05 1.547418e+05 1.488151e+05 1.448312e+05 1.423480e+05 1.413028e+05
4.609433e+05 4.609433e+05 4.609433e+05 4.609433e+05 4.609433e+05 4.609427e+05 4.609407e+05 4.609313e+05 4.609234e+05 4.609131e+05 4.608819e+05 4.608035e+05 4.605215e+05 4.596548e+05 4.575887e+05 4.535853e+05 4.469697e+05 3.741237e+05 2.916216e+05 2.395751e+05 2.091780e+05 1.902681e+05 1.776234e+05 1.620988e+05 1.531911e+05 1.475609e+05 1.438657e+05 1.416494e+05 1.408389e+05
4.512319e+05 4.512319e+05 4.512319e+05 4.512319e+05 4.512319e+05 4.512315e+05 4.512298e+05 4.512215e+05 4.512142e+05 4.512044e+05 4.511743e+05 4.510981e+05 4.508240e+05 4.499811e+05 4.479715e+05 4.440766e+05 4.376396e+05 3.667351e+05 2.863986e+05 2.357046e+05 2.060982e+05 1.876835e+05 1.753723e+05 1.602760e+05 1.516760e+05 1.463321e+05 1.429185e+05 1.409664e+05 1.403913e+05
4.419032e+05 4.419032e+05 4.419032e+05 4.419032e+05 4.419032e+05 4.419027e+05 4.419009e+05 4.418910e+05 4.418826e+05 4.418715e+05 4.418390e+05 4.417620e+05 4.414928e+05 4.406706e+05 4.387131e+05 4.349204e+05 4.286526e+05 3.596005e+05 2.813368e+05 2.319412e+05 2.030969e+05 1.851619e+05 1.731758e+05 1.584987e+05 1.501976e+05 1.451305e+05 1.419913e+05 1.403002e+05 1.399606e+05
4.329227e+05 4.329227e+05 4.329227e+05 4.329227e+05 4.329226e+05 4.329216e+05 4.329182e+05 4.329039e+05 4.328932e+05 4.328800e+05 4.328439e+05 4.327652e+05 4.325002e+05 4.316974e+05 4.297894e+05 4.260942e+05 4.199881e+05 3.527077e+05 2.764307e+05 2.282826e+05 2.001731e+05 1.827032e+05 1.710340e+05 1.567673e+05 1.487569e+05 1.439576e+05 1.410856e+05 1.396519e+05 1.395475e+05
4.242334e+05 4.242334e+05 4.242334e+05 4.242334e+05 4.242334e+05 4.242325e+05 4.242293e+05 4.242159e+05 4.242053e+05 4.241922e+05 4.241563e+05 4.240788e+05 4.238199e+05 4.230372e+05 4.211778e+05 4.175768e+05 4.116262e+05 3.460452e+05 2.716749e+05 2.247266e+05 1.973260e+05 1.803069e+05 1.689467e+05 1.550820e+05 1.473551e+05 1.428150e+05 1.402030e+05 1.390228e+05 1.391529e+05
4.158248e+05 4.158248e+05 4.158248e+05 4.158248e+05 4.158248e+05 4.158240e+05 4.158213e+05 4.158097e+05 4.158004e+05 4.157887e+05 4.157558e+05 4.156822e+05 4.154317e+05 4.146704e+05 4.128593e+05 4.093501e+05 4.035497e+05 3.396021e+05 2.670643e+05 2.212710e+05 1.945548e+05 1.779728e+05 1.669140e+05 1.534432e+05 1.459928e+05 1.417040e+05 1.393449e+05 1.384140e+05 1.387774e+05
4.076913e+05 4.076913e+05 4.076913e+05 4.076913e+05 4.076913e+05 4.076907e+05 4.076886e+05 4.076789e+05 4.076710e+05 4.076609e+05 4.076317e+05 4.075631e+05 4.073220e+05 4.065827e+05 4.048193e+05 4.013994e+05 3.957443e+05 3.333688e+05 2.625941e+05 2.179137e+05 1.918587e+05 1.757007e+05 1.649356e+05 1.518511e+05 1.446709e+05 1.406259e+05 1.385127e+05 1.378267e+05 1.384219e+05
3.998295e+05 3.998295e+05 3.998295e+05 3.998295e+05 3.998295e+05 3.998289e+05 3.998270e+05 3.998186e+05 3.998117e+05 3.998028e+05 3.997768e+05 3.997128e+05 3.994809e+05 3.987631e+05 3.970461e+05 3.937127e+05 3.881979e+05 3.273364e+05 2.582599e+05 2.146528e+05 1.892369e+05 1.734902e+05 1.630116e+05 1.503057e+05 1.433899e+05 1.395817e+05 1.377078e+05 1.372621e+05 1.380873e+05
3.922309e+05 3.922309e+05 3.922309e+05 3.922309e+05 3.922309e+05 3.922305e+05 3.922288e+05 3.922211e+05 3.922148e+05 3.922067e+05 3.921830e+05 3.921228e+05 3.918994e+05 3.912021e+05 3.895298e+05 3.862798e+05 3.809001e+05 3.214972e+05 2.540574e+05 2.114863e+05 1.866885e+05 1.713410e+05 1.611418e+05 1.488074e+05 1.421506e+05 1.385727e+05 1.369314e+05 1.367214e+05 1.377744e+05
3.848852e+05 3.848852e+05 3.848852e+05 3.848852e+05 3.848852e+05 3.848847e+05 3.848831e+05 3.848758e+05 3.848699e+05 3.848624e+05 3.848406e+05 3.847838e+05 3.845682e+05 3.838905e+05 3.822611e+05 3.790912e+05 3.738417e+05 3.158440e+05 2.499827e+05 2.084123e+05 1.842127e+05 1.692529e+05 1.593261e+05 1.473561e+05 1.409533e+05 1.375997e+05 1.361849e+05 1.362056e+05 1.374841e+05
3.777799e+05 3.777799e+05 3.777799e+05 3.777799e+05 3.777799e+05 3.777795e+05 3.777781e+05 3.777715e+05 3.777661e+05 3.777593e+05 3.777394e+05 3.776860e+05 3.774781e+05 3.768193e+05 3.752310e+05 3.721381e+05 3.670138e+05 3.103702e+05 2.460323e+05 2.054289e+05 1.818088e+05 1.672255e+05 1.575646e+05 1.459520e+05 1.397986e+05 1.366636e+05 1.354692e+05 1.357160e+05 1.372174e+05
3.709061e+05 3.709061e+05 3.709061e+05 3.709061e+05 3.709061e+05 3.709057e+05 3.709043e+05 3.708984e+05 3.708938e+05 3.708881e+05 3.708708e+05 3.708212e+05 3.706208e+05 3.699800e+05 3.684312e+05 3.654122e+05 3.604081e+05 3.050694e+05 2.422024e+05 2.025345e+05 1.794758e+05 1.652585e+05 1.558569e+05 1.445953e+05 1.386868e+05 1.357654e+05 1.347856e+05 1.352537e+05 1.369751e+05
3.642544e+05 3.642544e+05 3.642544e+05 3.642544e+05 3.642544e+05 3.642543e+05 3.642538e+05 3.642505e+05 3.642473e+05 3.642430e+05 3.642286e+05 3.641826e+05 3.639890e+05 3.633649e+05 3.618534e+05 3.589050e+05 3.540164e+05 2.999357e+05 2.384898e+05 1.997273e+05 1.772130e+05 1.633516e+05 1.542031e+05 1.432859e+05 1.376184e+05 1.349056e+05 1.341351e+05 1.348197e+05 1.367581e+05
3.578319e+05 3.578319e+05 3.578319e+05 3.578319e+05 3.578319e+05 3.578318e+05 3.578313e+05 3.578283e+05 3.578254e+05 3.578214e+05 3.578079e+05 3.577635e+05 3.575750e+05 3.569658e+05 3.554892e+05 3.526080e+05 3.478301e+05 2.949629e+05 2.348911e+05 1.970055e+05 1.750196e+05 1.615043e+05 1.526031e+05 1.420240e+05 1.365936e+05 1.340851e+05 1.335187e+05 1.344151e+05 1.365674e+05
3.516286e+05 3.516286e+05 3.516286e+05 3.516286e+05 3.516286e+05 3.516282e+05 3.516270e+05 3.516221e+05 3.516183e+05 3.516134e+05 3.515984e+05 3.515536e+05 3.513685e+05 3.507724e+05 3.493286e+05 3.465117e+05 3.418403e+05 2.901451e+05 2.314030e+05 1.943675e+05 1.728948e+05 1.597165e+05 1.510566e+05 1.408096e+05 1.356127e+05 1.333044e+05 1.329372e+05 1.340409e+05 1.364039e+05
3.456180e+05 3.456180e+05 3.456180e+05 3.456180e+05 3.456180e+05 3.456177e+05 3.456164e+05 3.456109e+05 3.456065e+05 3.456009e+05 3.455846e+05 3.455393e+05 3.453571e+05 3.447734e+05 3.433610e+05 3.406060e+05 3.360375e+05 2.854764e+05 2.280224e+05 1.918116e+05 1.708377e+05 1.579876e+05 1.495636e+05 1.396429e+05 1.346760e+05 1.325641e+05 1.323915e+05 1.336981e+05 1.362684e+05
3.397867e+05 3.397867e+05 3.397867e+05 3.397867e+05 3.397867e+05 3.397863e+05 3.397849e+05 3.397790e+05 3.397744e+05 3.397686e+05 3.397519e+05 3.397068e+05 3.395281e+05 3.389571e+05 3.375757e+05 3.348812e+05 3.304127e+05 2.809513e+05 2.247463e+05 1.893363e+05 1.688476e+05 1.563175e+05 1.481241e+05 1.385237e+05 1.337837e+05 1.318648e+05 1.318825e+05 1.333876e+05 1.361620e+05
3.341226e+05 3.341226e+05 3.341226e+05 3.341226e+05 3.341225e+05 3.341221e+05 3.341208e+05 3.341150e+05 3.341105e+05 3.341049e+05 3.340889e+05 3.340455e+05 3.338716e+05 3.333139e+05 3.319637e+05 3.293288e+05 3.249580e+05 2.765644e+05 2.215716e+05 1.869401e+05 1.669237e+05 1.547057e+05 1.467377e+05 1.374523e+05 1.329361e+05 1.312069e+05 1.314109e+05 1.331104e+05 1.360854e+05
3.286165e+05 3.286165e+05 3.286165e+05 3.286165e+05 3.286165e+05 3.286162e+05 3.286153e+05 3.286109e+05 3.286073e+05 3.286026e+05 3.285889e+05 3.285485e+05 3.283805e+05 3.278372e+05 3.265183e+05 3.239420e+05 3.196667e+05 2.723110e+05 2.184958e+05 1.846214e+05 1.650652e+05 1.531519e+05 1.454046e+05 1.364287e+05 1.321333e+05 1.305909e+05 1.309775e+05 1.328672e+05 1.360395e+05
3.232710e+05 3.232710e+05 3.232710e+05 3.232710e+05 3.232710e+05 3.232708e+05 3.232701e+05 3.232666e+05 3.232638e+05 3.232602e+05 3.232492e+05 3.232124e+05 3.230511e+05 3.225225e+05 3.212347e+05 3.187160e+05 3.145339e+05 2.681868e+05 2.155161e+05 1.823789e+05 1.632715e+05 1.516557e+05 1.441244e+05 1.354529e+05 1.313756e+05 1.300172e+05 1.305828e+05 1.326590e+05 1.360252e+05
3.180838e+05 3.180838e+05 3.180838e+05 3.180838e+05 3.180838e+05 3.180837e+05 3.180833e+05 3.180813e+05 3.180796e+05 3.180772e+05 3.180691e+05 3.180363e+05 3.178815e+05 3.173673e+05 3.161098e+05 3.136470e+05 3.095554e+05 2.641880e+05 2.126303e+05 1.802113e+05 1.615419e+05 1.502170e+05 1.428972e+05 1.345251e+05 1.306632e+05 1.294863e+05 1.302276e+05 1.324866e+05 1.360433e+05
3.130572e+05 3.130572e+05 3.130572e+05 3.130572e+05 3.130572e+05 3.130573e+05 3.130573e+05 3.130569e+05 3.130562e+05 3.130549e+05 3.130491e+05 3.130193e+05 3.128703e+05 3.123694e+05 3.111407e+05 3.087318e+05 3.047278e+05 2.603110e+05 2.098361e+05 1.781173e+05 1.598758e+05 1.488353e+05 1.417229e+05 1.336452e+05 1.299961e+05 1.289984e+05 1.299124e+05 1.323506e+05 1.360947e+05
3.081954e+05 3.081954e+05 3.081954e+05 3.081954e+05 3.081954e+05 3.081954e+05 3.081955e+05 3.081949e+05 3.081941e+05 3.081929e+05 3.081877e+05 3.081593e+05 3.080147e+05 3.075257e+05 3.063242e+05 3.039668e+05 3.000470e+05 2.565524e+05 2.071314e+05 1.760957e+05 1.582724e+05 1.475105e+05 1.406013e+05 1.328133e+05 1.293747e+05 1.285539e+05 1.296379e+05 1.322520e+05 1.361800e+05
3.034887e+05 3.034887e+05 3.034887e+05 3.034887e+05 3.034887e+05 3.034886e+05 3.034883e+05 3.034869e+05 3.034857e+05 3.034841e+05 3.034785e+05 3.034507e+05 3.033095e+05 3.028314e+05 3.016554e+05 2.993474e+05 2.955090e+05 2.529092e+05 2.045143e+05 1.741456e+05 1.567313e+05 1.462421e+05 1.395323e+05 1.320295e+05 1.287990e+05 1.281532e+05 1.294045e+05 1.321913e+05 1.363001e+05
2.989233e+05 2.989233e+05 2.989233e+05 2.989233e+05 2.989233e+05 2.989232e+05 2.989229e+05 2.989215e+05 2.989204e+05 2.989189e+05 2.989135e+05 2.988865e+05 2.987486e+05 2.982807e+05 2.971292e+05 2.948687e+05 2.911089e+05 2.493779e+05 2.019829e+05 1.722658e+05 1.552520e+05 1.450301e+05 1.385159e+05 1.312940e+05 1.282693e+05 1.277966e+05 1.292127e+05 1.321692e+05 1.364558e+05
2.944929e+05 2.944929e+05 2.944929e+05 2.944929e+05 2.944929e+05 2.944930e+05 2.944930e+05 2.944925e+05 2.944919e+05 2.944909e+05 2.944864e+05 2.944606e+05 2.943259e+05 2.938678e+05 2.927400e+05 2.905254e+05 2.868417e+05 2.459556e+05 1.995355e+05 1.704555e+05 1.538338e+05 1.438741e+05 1.375521e+05 1.306066e+05 1.277856e+05 1.274843e+05 1.290631e+05 1.321865e+05 1.366478e+05
