3.396027e+05 1.727252e+05 1.618239e+05 1.609640e+05 1.776084e+05 1.960093e+05 1.934955e+05 1.864668e+05 1.834638e+05 1.809506e+05 1.771513e+05 1.745862e+05 1.729324e+05 1.719865e+05 1.716056e+05 1.716825e+05 1.721339e+05 1.781661e+05 1.878435e+05 1.992904e+05 2.115308e+05 2.240110e+05 2.364216e+05 2.604519e+05 2.830643e+05 3.041521e+05 3.237229e+05 3.418095e+05 3.584525e+05
1.972032e+05 1.972061e+05 1.972133e+05 1.972696e+05 1.967968e+05 1.943610e+05 1.918884e+05 1.853727e+05 1.825337e+05 1.801631e+05 1.765830e+05 1.741700e+05 1.726271e+05 1.717665e+05 1.714540e+05 1.715870e+05 1.720853e+05 1.782655e+05 1.880177e+05 1.995067e+05 2.117710e+05 2.242637e+05 2.366797e+05 2.607087e+05 2.833123e+05 3.043886e+05 3.239471e+05 3.420212e+05 3.586520e+05
1.942258e+05 1.942265e+05 1.942285e+05 1.942638e+05 1.942760e+05 1.936443e+05 1.895839e+05 1.837148e+05 1.812516e+05 1.791441e+05 1.759001e+05 1.736898e+05 1.722839e+05 1.715239e+05 1.712894e+05 1.714848e+05 1.720340e+05 1.783703e+05 1.881985e+05 1.997292e+05 2.120168e+05 2.245215e+05 2.369422e+05 2.609689e+05 2.835630e+05 3.046272e+05 3.241730e+05 3.422344e+05 3.588526e+05
1.914187e+05 1.914191e+05 1.914200e+05 1.914396e+05 1.914676e+05 1.897857e+05 1.890678e+05 1.816041e+05 1.796206e+05 1.778849e+05 1.750972e+05 1.731431e+05 1.719017e+05 1.712583e+05 1.711117e+05 1.713759e+05 1.719805e+05 1.784806e+05 1.883858e+05 1.999580e+05 2.122683e+05 2.247842e+05 2.372091e+05 2.612324e+05 2.838163e+05 3.048680e+05 3.244006e+05 3.424490e+05 3.590545e+05
1.891414e+05 1.891416e+05 1.891421e+05 1.891540e+05 1.891624e+05 1.872133e+05 1.859835e+05 1.799455e+05 1.778600e+05 1.764503e+05 1.741807e+05 1.725299e+05 1.714801e+05 1.709695e+05 1.709209e+05 1.712605e+05 1.719248e+05 1.785966e+05 1.885798e+05 2.001932e+05 2.125254e+05 2.250520e+05 2.374804e+05 2.614994e+05 2.840722e+05 3.051108e+05 3.246300e+05 3.426650e+05 3.592574e+05
1.845002e+05 1.845003e+05 1.845006e+05 1.845082e+05 1.845241e+05 1.837252e+05 1.820125e+05 1.791358e+05 1.766161e+05 1.750510e+05 1.731837e+05 1.718567e+05 1.710206e+05 1.706579e+05 1.707173e+05 1.711389e+05 1.718671e+05 1.787185e+05 1.887806e+05 2.004348e+05 2.127884e+05 2.253248e+05 2.377561e+05 2.617697e+05 2.843308e+05 3.053557e+05 3.248610e+05 3.428824e+05 3.594616e+05
1.805013e+05 1.805014e+05 1.805016e+05 1.805072e+05 1.805197e+05 1.802694e+05 1.787506e+05 1.780931e+05 1.760078e+05 1.741343e+05 1.721822e+05 1.711416e+05 1.705284e+05 1.703254e+05 1.705017e+05 1.710115e+05 1.718079e+05 1.788464e+05 1.889883e+05 2.006829e+05 2.130571e+05 2.256027e+05 2.380362e+05 2.620434e+05 2.845919e+05 3.056028e+05 3.250938e+05 3.431013e+05 3.596669e+05
1.776451e+05 1.776452e+05 1.776454e+05 1.776497e+05 1.776601e+05 1.775826e+05 1.763777e+05 1.765416e+05 1.753893e+05 1.736908e+05 1.713165e+05 1.704200e+05 1.700148e+05 1.699762e+05 1.702760e+05 1.708792e+05 1.717477e+05 1.789804e+05 1.892030e+05 2.009375e+05 2.133317e+05 2.258857e+05 2.383208e+05 2.623205e+05 2.848558e+05 3.058519e+05 3.253283e+05 3.433215e+05 3.598734e+05
1.755085e+05 1.755086e+05 1.755087e+05 1.755124e+05 1.755212e+05 1.755208e+05 1.746392e+05 1.747413e+05 1.744862e+05 1.733060e+05 1.708114e+05 1.697503e+05 1.694990e+05 1.696177e+05 1.700433e+05 1.707436e+05 1.716872e+05 1.791208e+05 1.894246e+05 2.011987e+05 2.136121e+05 2.261739e+05 2.386098e+05 2.626009e+05 2.851223e+05 3.061032e+05 3.255644e+05 3.435431e+05 3.600811e+05
1.738626e+05 1.738627e+05 1.738628e+05 1.738658e+05 1.738734e+05 1.739113e+05 1.733051e+05 1.730177e+05 1.733171e+05 1.727635e+05 1.705814e+05 1.692265e+05 1.690113e+05 1.692620e+05 1.698091e+05 1.706073e+05 1.716279e+05 1.792675e+05 1.896534e+05 2.014666e+05 2.138985e+05 2.264672e+05 2.389033e+05 2.628848e+05 2.853914e+05 3.063565e+05 3.258023e+05 3.437662e+05 3.602899e+05
1.725722e+05 1.725722e+05 1.725723e+05 1.725748e+05 1.725813e+05 1.726392e+05 1.722398e+05 1.715473e+05 1.720331e+05 1.720081e+05 1.704339e+05 1.689693e+05 1.685954e+05 1.689266e+05 1.695811e+05 1.704741e+05 1.715717e+05 1.794209e+05 1.898893e+05 2.017411e+05 2.141907e+05 2.267657e+05 2.392013e+05 2.631721e+05 2.856631e+05 3.066120e+05 3.260419e+05 3.439906e+05 3.605000e+05
1.685282e+05 1.685283e+05 1.685283e+05 1.685297e+05 1.685335e+05 1.685623e+05 1.684202e+05 1.673965e+05 1.671707e+05 1.674680e+05 1.685402e+05 1.688424e+05 1.686175e+05 1.685958e+05 1.690871e+05 1.701216e+05 1.714789e+05 1.802969e+05 1.911779e+05 2.032142e+05 2.157412e+05 2.283356e+05 2.407586e+05 2.646595e+05 2.870615e+05 3.079207e+05 3.272654e+05 3.451339e+05 3.615675e+05
1.655184e+05 1.655184e+05 1.655184e+05 1.655194e+05 1.655222e+05 1.655871e+05 1.657066e+05 1.656785e+05 1.655293e+05 1.655332e+05 1.664499e+05 1.680143e+05 1.692819e+05 1.700766e+05 1.707056e+05 1.714661e+05 1.725048e+05 1.814181e+05 1.926564e+05 2.048568e+05 2.174407e+05 2.300350e+05 2.424278e+05 2.662315e+05 2.885255e+05 3.092817e+05 3.285313e+05 3.463120e+05 3.626640e+05
1.656397e+05 1.656397e+05 1.656397e+05 1.656405e+05 1.656427e+05 1.657022e+05 1.658440e+05 1.661299e+05 1.661863e+05 1.662245e+05 1.666811e+05 1.679806e+05 1.697543e+05 1.714400e+05 1.728090e+05 1.739443e+05 1.750293e+05 1.829842e+05 1.943541e+05 2.066734e+05 2.192890e+05 2.318625e+05 2.442076e+05 2.678871e+05 2.900544e+05 3.106943e+05 3.298391e+05 3.475247e+05 3.637891e+05
1.677526e+05 1.677526e+05 1.677526e+05 1.677533e+05 1.677553e+05 1.677987e+05 1.679051e+05 1.682178e+05 1.683659e+05 1.684889e+05 1.688155e+05 1.696415e+05 1.711098e+05 1.729453e+05 1.747916e+05 1.764529e+05 1.779187e+05 1.854390e+05 1.963421e+05 2.086780e+05 2.212878e+05 2.338169e+05 2.460960e+05 2.696246e+05 2.916470e+05 3.121577e+05 3.311882e+05 3.487714e+05 3.649426e+05
1.706978e+05 1.706978e+05 1.706978e+05 1.706984e+05 1.707001e+05 1.707495e+05 1.708834e+05 1.712847e+05 1.715009e+05 1.717014e+05 1.720728e+05 1.726326e+05 1.736612e+05 1.751873e+05 1.770185e+05 1.789188e+05 1.807324e+05 1.887571e+05 1.987643e+05 2.109023e+05 2.234434e+05 2.358976e+05 2.480909e+05 2.714419e+05 2.933017e+05 3.136709e+05 3.325779e+05 3.500516e+05 3.661239e+05
1.747586e+05 1.747586e+05 1.747586e+05 1.747590e+05 1.747602e+05 1.747967e+05 1.748990e+05 1.752321e+05 1.754325e+05 1.756344e+05 1.760117e+05 1.764371e+05 1.771347e+05 1.782646e+05 1.798114e+05 1.816342e+05 1.835644e+05 1.924652e+05 2.018729e+05 2.134059e+05 2.257710e+05 2.381072e+05 2.501910e+05 2.733366e+05 2.950169e+05 3.152326e+05 3.340073e+05 3.513646e+05 3.673326e+05
1.791799e+05 1.791799e+05 1.791799e+05 1.791803e+05 1.791817e+05 1.792169e+05 1.793064e+05 1.795861e+05 1.797560e+05 1.799330e+05 1.802809e+05 1.806408e+05 1.811488e+05 1.819746e+05 1.832006e+05 1.847919e+05 1.866375e+05 1.962834e+05 2.055667e+05 2.162957e+05 2.282989e+05 2.404531e+05 2.523969e+05 2.753067e+05 2.967906e+05 3.168415e+05 3.354754e+05 3.527097e+05 3.685680e+05
1.836981e+05 1.836981e+05 1.836981e+05 1.836984e+05 1.836993e+05 1.837265e+05 1.837955e+05 1.840045e+05 1.841394e+05 1.842898e+05 1.846181e+05 1.849745e+05 1.854214e+05 1.860853e+05 1.870752e+05 1.884259e+05 1.900943e+05 2.001059e+05 2.096067e+05 2.197195e+05 2.310744e+05 2.429496e+05 2.547120e+05 2.773505e+05 2.986210e+05 3.184960e+05 3.369810e+05 3.540861e+05 3.698296e+05
1.879058e+05 1.879058e+05 1.879058e+05 1.879061e+05 1.879072e+05 1.879373e+05 1.880093e+05 1.882284e+05 1.883741e+05 1.885411e+05 1.889231e+05 1.893497e+05 1.898385e+05 1.904669e+05 1.913332e+05 1.925034e+05 1.939865e+05 2.039560e+05 2.138270e+05 2.235625e+05 2.341811e+05 2.456207e+05 2.571440e+05 2.794672e+05 3.005064e+05 3.201948e+05 3.385232e+05 3.554929e+05 3.711167e+05
1.920859e+05 1.920859e+05 1.920860e+05 1.920862e+05 1.920871e+05 1.921128e+05 1.921878e+05 1.924595e+05 1.926443e+05 1.928544e+05 1.933324e+05 1.938638e+05 1.944432e+05 1.951097e+05 1.959360e+05 1.969929e+05 1.983188e+05 2.079161e+05 2.181204e+05 2.276820e+05 2.376971e+05 2.485049e+05 2.597063e+05 2.816576e+05 3.024454e+05 3.219363e+05 3.401006e+05 3.569291e+05 3.724284e+05
1.967093e+05 1.967093e+05 1.967093e+05 1.967097e+05 1.967106e+05 1.967390e+05 1.968200e+05 1.971096e+05 1.973093e+05 1.975399e+05 1.980761e+05 1.986850e+05 1.993452e+05 2.000657e+05 2.008898e+05 2.018771e+05 2.030762e+05 2.120693e+05 2.224350e+05 2.319673e+05 2.415195e+05 2.516708e+05 2.624197e+05 2.839241e+05 3.044372e+05 3.237194e+05 3.417122e+05 3.583939e+05 3.737641e+05
2.018939e+05 2.018939e+05 2.018939e+05 2.018942e+05 2.018950e+05 2.019202e+05 2.019952e+05 2.022763e+05 2.024761e+05 2.027105e+05 2.032681e+05 2.039156e+05 2.046231e+05 2.053793e+05 2.062031e+05 2.071369e+05 2.082276e+05 2.164685e+05 2.267599e+05 2.363318e+05 2.455544e+05 2.551500e+05 2.653166e+05 2.862716e+05 3.064819e+05 3.255429e+05 3.433568e+05 3.598862e+05 3.751230e+05
2.075487e+05 2.075487e+05 2.075487e+05 2.075490e+05 2.075498e+05 2.075745e+05 2.076481e+05 2.079262e+05 2.081249e+05 2.083593e+05 2.089205e+05 2.095768e+05 2.102953e+05 2.110551e+05 2.118594e+05 2.127352e+05 2.137229e+05 2.211283e+05 2.311079e+05 2.407145e+05 2.497241e+05 2.588597e+05 2.684547e+05 2.887079e+05 3.085802e+05 3.274064e+05 3.450335e+05 3.614053e+05 3.765044e+05
2.136586e+05 2.136587e+05 2.136587e+05 2.136589e+05 2.136597e+05 2.136839e+05 2.137566e+05 2.140323e+05 2.142289e+05 2.144596e+05 2.150068e+05 2.156401e+05 2.163291e+05 2.170527e+05 2.178071e+05 2.186089e+05 2.194900e+05 2.260293e+05 2.354985e+05 2.450789e+05 2.539635e+05 2.627344e+05 2.718356e+05 2.912444e+05 3.107343e+05 3.293094e+05 3.467416e+05 3.629502e+05 3.779073e+05
2.202135e+05 2.202135e+05 2.202135e+05 2.202138e+05 2.202145e+05 2.202383e+05 2.203098e+05 2.205753e+05 2.207591e+05 2.209709e+05 2.214633e+05 2.220263e+05 2.226385e+05 2.232838e+05 2.239566e+05 2.246663e+05 2.254364e+05 2.311283e+05 2.399478e+05 2.494085e+05 2.582214e+05 2.667181e+05 2.753958e+05 2.938980e+05 3.129477e+05 3.312524e+05 3.484805e+05 3.645202e+05 3.793312e+05
2.271909e+05 2.271909e+05 2.271909e+05 2.271911e+05 2.271916e+05 2.272086e+05 2.272609e+05 2.274556e+05 2.275922e+05 2.277515e+05 2.281292e+05 2.285738e+05 2.290716e+05 2.296106e+05 2.301838e+05 2.307941e+05 2.314566e+05 2.363696e+05 2.444638e+05 2.537013e+05 2.624609e+05 2.707627e+05 2.790876e+05 2.966950e+05 3.152257e+05 3.332363e+05 3.502499e+05 3.661147e+05 3.807752e+05
2.341140e+05 2.341140e+05 2.341140e+05 2.341142e+05 2.341146e+05 2.341271e+05 2.341609e+05 2.342767e+05 2.343596e+05 2.344605e+05 2.347174e+05 2.350440e+05 2.354321e+05 2.358715e+05 2.363538e+05 2.368772e+05 2.374492e+05 2.416961e+05 2.490463e+05 2.579638e+05 2.666587e+05 2.748280e+05 2.828699e+05 2.996727e+05 3.175757e+05 3.352630e+05 3.520499e+05 3.677332e+05 3.822390e+05
2.405353e+05 2.405353e+05 2.405353e+05 2.405353e+05 2.405354e+05 2.405388e+05 2.405531e+05 2.406260e+05 2.406866e+05 2.407636e+05 2.409665e+05 2.412333e+05 2.415597e+05 2.419386e+05 2.423628e+05 2.428284e+05 2.433380e+05 2.470584e+05 2.536890e+05 2.622063e+05 2.708029e+05 2.788823e+05 2.867063e+05 3.028046e+05 3.200076e+05 3.373352e+05 3.538810e+05 3.693755e+05 3.837218e+05
2.462803e+05 2.462803e+05 2.462803e+05 2.462804e+05 2.462808e+05 2.462922e+05 2.463249e+05 2.464392e+05 2.465163e+05 2.466058e+05 2.468219e+05 2.470885e+05 2.474046e+05 2.477667e+05 2.481697e+05 2.486096e+05 2.490865e+05 2.524194e+05 2.583818e+05 2.664396e+05 2.748912e+05 2.829027e+05 2.905655e+05 3.060552e+05 3.225358e+05 3.394565e+05 3.557442e+05 3.710415e+05 3.852233e+05
2.518302e+05 2.518302e+05 2.518302e+05 2.518303e+05 2.518307e+05 2.518408e+05 2.518710e+05 2.519859e+05 2.520684e+05 2.521658e+05 2.524013e+05 2.526861e+05 2.530162e+05 2.533871e+05 2.537933e+05 2.542302e+05 2.546961e+05 2.577554e+05 2.631129e+05 2.706726e+05 2.789270e+05 2.868744e+05 2.944217e+05 3.093972e+05 3.251843e+05 3.416321e+05 3.576409e+05 3.727313e+05 3.867432e+05
2.572217e+05 2.572217e+05 2.572217e+05 2.572218e+05 2.572222e+05 2.572333e+05 2.572662e+05 2.573882e+05 2.574750e+05 2.575778e+05 2.578276e+05 2.581303e+05 2.584788e+05 2.588657e+05 2.592838e+05 2.597272e+05 2.601924e+05 2.630534e+05 2.678700e+05 2.749115e+05 2.829175e+05 2.907896e+05 2.982544e+05 3.128062e+05 3.279671e+05 3.438686e+05 3.595732e+05 3.744456e+05 3.882814e+05
2.625667e+05 2.625667e+05 2.625667e+05 2.625668e+05 2.625671e+05 2.625778e+05 2.626101e+05 2.627335e+05 2.628228e+05 2.629292e+05 2.631897e+05 2.635062e+05 2.638690e+05 2.642685e+05 2.646958e+05 2.651438e+05 2.656079e+05 2.683067e+05 2.726407e+05 2.791597e+05 2.868716e+05 2.946463e+05 3.020489e+05 3.162604e+05 3.308569e+05 3.461749e+05 3.615439e+05 3.761851e+05 3.898379e+05
2.679096e+05 2.679096e+05 2.679096e+05 2.679097e+05 2.679101e+05 2.679212e+05 2.679545e+05 2.680816e+05 2.681738e+05 2.682838e+05 2.685525e+05 2.688768e+05 2.692449e+05 2.696462e+05 2.700716e+05 2.705139e+05 2.709685e+05 2.735101e+05 2.774125e+05 2.834172e+05 2.907979e+05 2.984468e+05 3.057955e+05 3.197403e+05 3.338326e+05 3.485636e+05 3.635566e+05 3.779510e+05 3.914129e+05
2.733090e+05 2.733090e+05 2.733090e+05 2.733091e+05 2.733095e+05 2.733208e+05 2.733551e+05 2.734871e+05 2.735823e+05 2.736949e+05 2.739650e+05 2.742841e+05 2.746408e+05 2.750259e+05 2.754320e+05 2.758531e+05 2.762851e+05 2.786568e+05 2.821729e+05 2.876820e+05 2.947040e+05 3.021961e+05 3.094891e+05 3.232285e+05 3.368770e+05 3.510554e+05 3.656158e+05 3.797449e+05 3.930070e+05
2.788216e+05 2.788216e+05 2.788216e+05 2.788217e+05 2.788221e+05 2.788338e+05 2.788695e+05 2.790026e+05 2.790946e+05 2.792006e+05 2.794485e+05 2.797360e+05 2.800558e+05 2.804019e+05 2.807691e+05 2.811528e+05 2.815494e+05 2.837365e+05 2.869092e+05 2.919499e+05 2.985961e+05 3.059008e+05 3.131282e+05 3.267106e+05 3.399743e+05 3.536458e+05 3.677275e+05 3.815690e+05 3.946207e+05
2.845014e+05 2.845014e+05 2.845014e+05 2.845015e+05 2.845016e+05 2.845085e+05 2.845316e+05 2.846227e+05 2.846881e+05 2.847655e+05 2.849528e+05 2.851790e+05 2.854392e+05 2.857291e+05 2.860445e+05 2.863811e+05 2.867353e+05 2.887370e+05 2.916097e+05 2.962157e+05 3.024788e+05 3.095681e+05 3.167146e+05 3.301743e+05 3.431105e+05 3.563154e+05 3.698996e+05 3.834257e+05 3.962550e+05
2.900559e+05 2.900559e+05 2.900559e+05 2.900559e+05 2.900561e+05 2.900602e+05 2.900727e+05 2.901220e+05 2.901601e+05 2.902080e+05 2.903336e+05 2.904984e+05 2.907001e+05 2.909357e+05 2.912015e+05 2.914936e+05 2.918081e+05 2.936458e+05 2.962640e+05 3.004739e+05 3.063551e+05 3.132053e+05 3.202518e+05 3.336104e+05 3.462723e+05 3.590502e+05 3.721439e+05 3.853185e+05 3.979113e+05
2.952296e+05 2.952296e+05 2.952296e+05 2.952297e+05 2.952298e+05 2.952336e+05 2.952447e+05 2.952866e+05 2.953176e+05 2.953558e+05 2.954556e+05 2.955888e+05 2.957565e+05 2.959580e+05 2.961910e+05 2.964525e+05 2.967388e+05 2.984540e+05 3.008641e+05 3.047187e+05 3.102266e+05 3.168191e+05 3.237449e+05 3.370118e+05 3.494479e+05 3.618385e+05 3.744741e+05 3.872514e+05 3.995910e+05
3.000460e+05 3.000460e+05 3.000460e+05 3.000461e+05 3.000462e+05 3.000507e+05 3.000636e+05 3.001114e+05 3.001455e+05 3.001862e+05 3.002880e+05 3.004188e+05 3.005800e+05 3.007719e+05 3.009935e+05 3.012425e+05 3.015158e+05 3.031583e+05 3.054047e+05 3.089454e+05 3.140941e+05 3.204154e+05 3.271998e+05 3.403741e+05 3.526268e+05 3.646694e+05 3.768772e+05 3.892296e+05 4.012960e+05
3.046024e+05 3.046024e+05 3.046024e+05 3.046025e+05 3.046026e+05 3.046074e+05 3.046219e+05 3.046768e+05 3.047163e+05 3.047633e+05 3.048790e+05 3.050231e+05 3.051955e+05 3.053958e+05 3.056228e+05 3.058744e+05 3.061481e+05 3.077620e+05 3.098836e+05 3.131498e+05 3.179575e+05 3.239990e+05 3.306226e+05 3.436945e+05 3.557997e+05 3.675330e+05 3.793405e+05 3.912603e+05 4.030289e+05
3.089863e+05 3.089863e+05 3.089863e+05 3.089864e+05 3.089866e+05 3.089921e+05 3.090089e+05 3.090724e+05 3.091179e+05 3.091719e+05 3.093040e+05 3.094664e+05 3.096572e+05 3.098744e+05 3.101157e+05 3.103785e+05 3.106602e+05 3.122738e+05 3.143008e+05 3.173287e+05 3.218160e+05 3.275741e+05 3.340193e+05 3.469726e+05 3.589587e+05 3.704198e+05 3.818543e+05 3.933550e+05 4.047925e+05
3.132882e+05 3.132882e+05 3.132882e+05 3.132883e+05 3.132885e+05 3.132946e+05 3.133128e+05 3.133818e+05 3.134315e+05 3.134908e+05 3.136369e+05 3.138166e+05 3.140260e+05 3.142608e+05 3.145175e+05 3.147928e+05 3.150838e+05 3.167052e+05 3.186582e+05 3.214797e+05 3.256688e+05 3.311437e+05 3.373954e+05 3.502088e+05 3.620972e+05 3.733214e+05 3.844098e+05 3.955173e+05 4.065904e+05
3.175665e+05 3.175665e+05 3.175665e+05 3.175666e+05 3.175668e+05 3.175727e+05 3.175906e+05 3.176618e+05 3.177149e+05 3.177791e+05 3.179380e+05 3.181324e+05 3.183561e+05 3.186034e+05 3.188701e+05 3.191528e+05 3.194487e+05 3.210677e+05 3.229584e+05 3.256011e+05 3.295145e+05 3.347099e+05 3.407559e+05 3.534052e+05 3.652102e+05 3.762298e+05 3.869992e+05 3.977345e+05 4.084274e+05
3.218446e+05 3.218446e+05 3.218446e+05 3.218447e+05 3.218449e+05 3.218522e+05 3.218741e+05 3.219577e+05 3.220177e+05 3.220885e+05 3.222590e+05 3.224613e+05 3.226893e+05 3.229379e+05 3.232036e+05 3.234836e+05 3.237758e+05 3.253698e+05 3.272042e+05 3.296917e+05 3.333518e+05 3.382742e+05 3.441051e+05 3.565645e+05 3.682937e+05 3.791378e+05 3.896151e+05 3.999979e+05 4.103102e+05
3.262261e+05 3.262261e+05 3.262261e+05 3.262262e+05 3.262264e+05 3.262344e+05 3.262583e+05 3.263460e+05 3.264065e+05 3.264763e+05 3.266402e+05 3.268313e+05 3.270450e+05 3.272782e+05 3.275283e+05 3.277935e+05 3.280721e+05 3.296166e+05 3.313975e+05 3.337505e+05 3.371793e+05 3.418374e+05 3.474467e+05 3.596899e+05 3.713449e+05 3.820391e+05 3.922506e+05 4.023002e+05 4.122488e+05
3.307582e+05 3.307582e+05 3.307582e+05 3.307583e+05 3.307584e+05 3.307632e+05 3.307783e+05 3.308400e+05 3.308849e+05 3.309382e+05 3.310676e+05 3.312240e+05 3.314048e+05 3.316076e+05 3.318305e+05 3.320718e+05 3.323296e+05 3.338089e+05 3.355401e+05 3.377769e+05 3.409954e+05 3.453998e+05 3.507836e+05 3.627850e+05 3.743622e+05 3.849278e+05 3.948990e+05 4.046348e+05 4.142383e+05
3.352552e+05 3.352552e+05 3.352552e+05 3.352552e+05 3.352553e+05 3.352579e+05 3.352665e+05 3.353021e+05 3.353296e+05 3.353638e+05 3.354531e+05 3.355701e+05 3.357142e+05 3.358840e+05 3.360779e+05 3.362942e+05 3.365308e+05 3.379453e+05 3.396333e+05 3.417706e+05 3.447988e+05 3.489613e+05 3.541179e+05 3.658537e+05 3.773448e+05 3.877993e+05 3.975543e+05 4.069957e+05 4.162697e+05
3.395483e+05 3.395483e+05 3.395483e+05 3.395483e+05 3.395484e+05 3.395508e+05 3.395579e+05 3.395847e+05 3.396050e+05 3.396306e+05 3.396993e+05 3.397935e+05 3.399146e+05 3.400627e+05 3.402369e+05 3.404359e+05 3.406575e+05 3.420246e+05 3.436787e+05 3.457316e+05 3.485883e+05 3.525213e+05 3.574513e+05 3.688995e+05 3.802927e+05 3.906493e+05 4.002108e+05 4.093772e+05 4.183363e+05
3.436074e+05 3.436074e+05 3.436074e+05 3.436075e+05 3.436075e+05 3.436100e+05 3.436177e+05 3.436479e+05 3.436701e+05 3.436973e+05 3.437672e+05 3.438601e+05 3.439779e+05 3.441216e+05 3.442909e+05 3.444847e+05 3.447013e+05 3.460479e+05 3.476786e+05 3.496602e+05 3.523627e+05 3.560790e+05 3.607847e+05 3.719259e+05 3.832067e+05 3.934746e+05 4.028632e+05 4.117739e+05 4.204326e+05
3.474857e+05 3.474857e+05 3.474857e+05 3.474857e+05 3.474858e+05 3.474891e+05 3.474989e+05 3.475369e+05 3.475646e+05 3.475978e+05 3.476809e+05 3.477867e+05 3.479161e+05 3.480697e+05 3.482470e+05 3.484470e+05 3.486681e+05 3.500197e+05 3.516359e+05 3.535573e+05 3.561211e+05 3.596336e+05 3.641188e+05 3.749361e+05 3.860879e+05 3.962725e+05 4.055068e+05 4.141807e+05 4.225534e+05
3.512594e+05 3.512594e+05 3.512594e+05 3.512594e+05 3.512595e+05 3.512636e+05 3.512759e+05 3.513224e+05 3.513559e+05 3.513961e+05 3.514956e+05 3.516198e+05 3.517680e+05 3.519390e+05 3.521317e+05 3.523444e+05 3.525756e+05 3.539476e+05 3.555542e+05 3.574236e+05 3.598626e+05 3.631838e+05 3.674535e+05 3.779330e+05 3.889380e+05 3.990410e+05 4.081373e+05 4.165927e+05 4.246940e+05
3.549994e+05 3.549994e+05 3.549995e+05 3.549995e+05 3.549997e+05 3.550044e+05 3.550185e+05 3.550717e+05 3.551104e+05 3.551569e+05 3.552721e+05 3.554149e+05 3.555823e+05 3.557716e+05 3.559804e+05 3.562065e+05 3.564483e+05 3.578405e+05 3.594374e+05 3.612604e+05 3.635863e+05 3.667285e+05 3.707887e+05 3.809191e+05 3.917587e+05 4.017787e+05 4.107508e+05 4.190053e+05 4.268499e+05
3.587610e+05 3.587610e+05 3.587610e+05 3.587610e+05 3.587612e+05 3.587660e+05 3.587811e+05 3.588402e+05 3.588837e+05 3.589360e+05 3.590651e+05 3.592230e+05 3.594051e+05 3.596074e+05 3.598270e+05 3.600615e+05 3.603093e+05 3.617068e+05 3.632888e+05 3.650685e+05 3.672917e+05 3.702664e+05 3.741236e+05 3.838965e+05 3.945520e+05 4.044847e+05 4.133441e+05 4.214142e+05 4.290167e+05
3.625893e+05 3.625893e+05 3.625893e+05 3.625893e+05 3.625895e+05 3.625949e+05 3.626115e+05 3.626770e+05 3.627248e+05 3.627818e+05 3.629196e+05 3.630843e+05 3.632708e+05 3.634753e+05 3.636951e+05 3.639284e+05 3.641738e+05 3.655518e+05 3.671108e+05 3.688486e+05 3.709779e+05 3.737959e+05 3.774574e+05 3.868667e+05 3.973199e+05 4.071587e+05 4.159143e+05 4.238155e+05 4.311904e+05
3.665314e+05 3.665314e+05 3.665314e+05 3.665314e+05 3.665316e+05 3.665378e+05 3.665565e+05 3.666262e+05 3.666745e+05 3.667306e+05 3.668626e+05 3.670177e+05 3.671923e+05 3.673838e+05 3.675907e+05 3.678114e+05 3.680451e+05 3.693770e+05 3.709047e+05 3.726013e+05 3.746441e+05 3.773158e+05 3.807889e+05 3.898312e+05 4.000645e+05 4.098006e+05 4.184589e+05 4.262055e+05 4.333671e+05
3.706322e+05 3.706322e+05 3.706322e+05 3.706322e+05 3.706323e+05 3.706357e+05 3.706474e+05 3.706955e+05 3.707310e+05 3.707734e+05 3.708769e+05 3.710030e+05 3.711496e+05 3.713151e+05 3.714982e+05 3.716977e+05 3.719125e+05 3.731798e+05 3.746705e+05 3.763265e+05 3.782895e+05 3.808246e+05 3.841170e+05 3.927906e+05 4.027876e+05 4.124109e+05 4.209760e+05 4.285807e+05 4.355429e+05
3.747271e+05 3.747271e+05 3.747271e+05 3.747271e+05 3.747272e+05 3.747299e+05 3.747378e+05 3.747667e+05 3.747883e+05 3.748151e+05 3.748852e+05 3.749776e+05 3.750923e+05 3.752285e+05 3.753854e+05 3.755617e+05 3.757564e+05 3.769554e+05 3.784075e+05 3.800242e+05 3.819133e+05 3.843207e+05 3.874402e+05 3.957457e+05 4.054911e+05 4.149901e+05 4.234640e+05 4.309382e+05 4.377145e+05
3.786923e+05 3.786923e+05 3.786923e+05 3.786924e+05 3.786924e+05 3.786939e+05 3.786984e+05 3.787165e+05 3.787310e+05 3.787496e+05 3.788004e+05 3.788716e+05 3.789646e+05 3.790800e+05 3.792176e+05 3.793765e+05 3.795555e+05 3.806985e+05 3.821150e+05 3.836942e+05 3.855147e+05 3.878026e+05 3.907569e+05 3.986964e+05 4.081766e+05 4.175389e+05 4.259218e+05 4.332752e+05 4.398783e+05
3.824670e+05 3.824670e+05 3.824670e+05 3.824671e+05 3.824671e+05 3.824692e+05 3.824750e+05 3.824960e+05 3.825112e+05 3.825300e+05 3.825793e+05 3.826466e+05 3.827340e+05 3.828428e+05 3.829732e+05 3.831248e+05 3.832966e+05 3.844058e+05 3.857924e+05 3.873363e+05 3.890929e+05 3.912690e+05 3.940656e+05 4.016427e+05 4.108455e+05 4.200584e+05 4.283483e+05 4.355893e+05 4.420314e+05
3.860947e+05 3.860947e+05 3.860947e+05 3.860947e+05 3.860948e+05 3.860968e+05 3.861032e+05 3.861289e+05 3.861480e+05 3.861711e+05 3.862298e+05 3.863061e+05 3.864012e+05 3.865161e+05 3.866510e+05 3.868053e+05 3.869783e+05 3.880770e+05 3.894399e+05 3.909504e+05 3.926471e+05 3.947182e+05 3.973645e+05 4.045843e+05 4.134989e+05 4.225495e+05 4.307431e+05 4.378784e+05 4.441709e+05
3.896198e+05 3.896198e+05 3.896198e+05 3.896198e+05 3.896199e+05 3.896228e+05 3.896317e+05 3.896651e+05 3.896893e+05 3.897183e+05 3.897908e+05 3.898822e+05 3.899923e+05 3.901209e+05 3.902674e+05 3.904311e+05 3.906109e+05 3.917152e+05 3.930583e+05 3.945366e+05 3.961766e+05 3.981490e+05 4.006520e+05 4.075204e+05 4.161380e+05 4.250134e+05 4.331058e+05 4.401406e+05 4.462939e+05
3.931069e+05 3.931069e+05 3.931069e+05 3.931070e+05 3.931071e+05 3.931105e+05 3.931208e+05 3.931603e+05 3.931893e+05 3.932242e+05 3.933109e+05 3.934185e+05 3.935453e+05 3.936894e+05 3.938493e+05 3.940238e+05 3.942118e+05 3.953253e+05 3.966490e+05 3.980950e+05 3.996806e+05 4.015598e+05 4.039263e+05 4.104503e+05 4.187633e+05 4.274510e+05 4.354364e+05 4.423745e+05 4.483982e+05
3.966040e+05 3.966040e+05 3.966040e+05 3.966040e+05 3.966041e+05 3.966079e+05 3.966193e+05 3.966647e+05 3.966982e+05 3.967385e+05 3.968377e+05 3.969589e+05 3.970988e+05 3.972545e+05 3.974240e+05 3.976059e+05 3.977991e+05 3.989124e+05 4.002129e+05 4.016255e+05 4.031584e+05 4.049493e+05 4.071857e+05 4.133728e+05 4.213754e+05 4.298634e+05 4.377350e+05 4.445786e+05 4.504814e+05
4.001526e+05 4.001526e+05 4.001526e+05 4.001527e+05 4.001528e+05 4.001574e+05 4.001712e+05 4.002235e+05 4.002608e+05 4.003049e+05 4.004113e+05 4.005384e+05 4.006826e+05 4.008410e+05 4.010118e+05 4.011936e+05 4.013856e+05 4.024799e+05 4.037509e+05 4.051278e+05 4.066092e+05 4.083160e+05 4.104284e+05 4.162868e+05 4.239747e+05 4.322515e+05 4.400019e+05 4.467522e+05 4.525414e+05
4.038063e+05 4.038063e+05 4.038063e+05 4.038064e+05 4.038065e+05 4.038110e+05 4.038245e+05 4.038745e+05 4.039102e+05 4.039521e+05 4.040528e+05 4.041726e+05 4.043082e+05 4.044575e+05 4.046189e+05 4.047914e+05 4.049744e+05 4.060282e+05 4.072626e+05 4.086016e+05 4.100320e+05 4.116586e+05 4.136526e+05 4.191911e+05 4.265612e+05 4.346164e+05 4.422374e+05 4.488943e+05 4.545766e+05
4.075500e+05 4.075500e+05 4.075500e+05 4.075500e+05 4.075501e+05 4.075534e+05 4.075635e+05 4.076027e+05 4.076312e+05 4.076649e+05 4.077469e+05 4.078462e+05 4.079613e+05 4.080910e+05 4.082341e+05 4.083900e+05 4.085579e+05 4.095546e+05 4.107468e+05 4.120459e+05 4.134259e+05 4.149756e+05 4.168566e+05 4.220841e+05 4.291349e+05 4.369587e+05 4.444420e+05 4.510043e+05 4.565854e+05
4.113091e+05 4.113091e+05 4.113091e+05 4.113091e+05 4.113092e+05 4.113117e+05 4.113185e+05 4.113439e+05 4.113623e+05 4.113847e+05 4.114416e+05 4.115149e+05 4.116047e+05 4.117108e+05 4.118325e+05 4.119691e+05 4.121199e+05 4.130541e+05 4.142020e+05 4.154599e+05 4.167898e+05 4.182656e+05 4.200386e+05 4.249643e+05 4.316954e+05 4.392792e+05 4.466163e+05 4.530819e+05 4.585663e+05
4.149935e+05 4.149935e+05 4.149935e+05 4.149936e+05 4.149936e+05 4.149945e+05 4.149974e+05 4.150092e+05 4.150192e+05 4.150325e+05 4.150699e+05 4.151232e+05 4.151933e+05 4.152806e+05 4.153849e+05 4.155058e+05 4.156423e+05 4.165212e+05 4.176259e+05 4.188423e+05 4.201227e+05 4.215273e+05 4.231970e+05 4.278303e+05 4.342424e+05 4.415784e+05 4.487609e+05 4.551269e+05 4.605181e+05
4.185092e+05 4.185092e+05 4.185092e+05 4.185092e+05 4.185092e+05 4.185107e+05 4.185146e+05 4.185285e+05 4.185386e+05 4.185512e+05 4.185849e+05 4.186321e+05 4.186949e+05 4.187742e+05 4.188703e+05 4.189830e+05 4.191114e+05 4.199513e+05 4.210170e+05 4.221920e+05 4.234233e+05 4.247591e+05 4.263299e+05 4.306803e+05 4.367752e+05 4.438569e+05 4.508764e+05 4.571391e+05 4.624399e+05
4.218933e+05 4.218933e+05 4.218933e+05 4.218933e+05 4.218934e+05 4.218948e+05 4.218990e+05 4.219158e+05 4.219284e+05 4.219438e+05 4.219836e+05 4.220363e+05 4.221032e+05 4.221853e+05 4.222829e+05 4.223957e+05 4.225229e+05 4.233427e+05 4.243738e+05 4.255080e+05 4.266906e+05 4.279597e+05 4.294359e+05 4.335127e+05 4.392933e+05 4.461148e+05 4.529633e+05 4.591187e+05 4.643308e+05
4.251715e+05 4.251715e+05 4.251715e+05 4.251715e+05 4.251716e+05 4.251738e+05 4.251805e+05 4.252043e+05 4.252213e+05 4.252416e+05 4.252923e+05 4.253566e+05 4.254348e+05 4.255268e+05 4.256325e+05 4.257513e+05 4.258824e+05 4.266958e+05 4.276956e+05 4.287891e+05 4.299234e+05 4.311278e+05 4.325131e+05 4.363258e+05 4.417957e+05 4.483525e+05 4.550223e+05 4.610657e+05 4.661903e+05
4.284048e+05 4.284048e+05 4.284048e+05 4.284048e+05 4.284049e+05 4.284071e+05 4.284141e+05 4.284417e+05 4.284623e+05 4.284872e+05 4.285494e+05 4.286268e+05 4.287183e+05 4.288226e+05 4.289386e+05 4.290653e+05 4.292021e+05 4.300130e+05 4.309820e+05 4.320345e+05 4.331204e+05 4.342619e+05 4.355600e+05 4.391180e+05 4.442815e+05 4.505701e+05 4.570539e+05 4.629804e+05 4.680177e+05
4.316199e+05 4.316199e+05 4.316199e+05 4.316200e+05 4.316200e+05 4.316231e+05 4.316322e+05 4.316665e+05 4.316911e+05 4.317207e+05 4.317934e+05 4.318824e+05 4.319851e+05 4.320992e+05 4.322231e+05 4.323555e+05 4.324956e+05 4.332973e+05 4.342328e+05 4.352431e+05 4.362806e+05 4.373607e+05 4.385750e+05 4.418876e+05 4.467498e+05 4.527676e+05 4.590587e+05 4.648632e+05 4.698128e+05
4.348694e+05 4.348694e+05 4.348694e+05 4.348694e+05 4.348695e+05 4.348726e+05 4.348818e+05 4.349186e+05 4.349458e+05 4.349784e+05 4.350580e+05 4.351534e+05 4.352609e+05 4.353781e+05 4.355032e+05 4.356351e+05 4.357733e+05 4.365500e+05 4.374470e+05 4.384136e+05 4.394027e+05 4.404229e+05 4.415567e+05 4.446329e+05 4.491995e+05 4.549448e+05 4.610371e+05 4.667143e+05 4.715753e+05
4.381687e+05 4.381687e+05 4.381687e+05 4.381687e+05 4.381688e+05 4.381723e+05 4.381830e+05 4.382236e+05 4.382525e+05 4.382861e+05 4.383653e+05 4.384570e+05 4.385586e+05 4.386683e+05 4.387851e+05 4.389083e+05 4.390376e+05 4.397703e+05 4.406234e+05 4.415448e+05 4.424854e+05 4.434471e+05 4.445035e+05 4.473524e+05 4.516296e+05 4.571016e+05 4.629896e+05 4.685341e+05 4.733050e+05
4.415496e+05 4.415496e+05 4.415496e+05 4.415497e+05 4.415498e+05 4.415532e+05 4.415636e+05 4.415998e+05 4.416237e+05 4.416508e+05 4.417136e+05 4.417867e+05 4.418691e+05 4.419602e+05 4.420594e+05 4.421665e+05 4.422810e+05 4.429546e+05 4.437599e+05 4.446353e+05 4.455275e+05 4.464321e+05 4.474140e+05 4.500443e+05 4.540388e+05 4.592377e+05 4.649164e+05 4.703232e+05 4.750021e+05
4.449919e+05 4.449919e+05 4.449919e+05 4.449919e+05 4.449919e+05 4.449922e+05 4.449933e+05 4.450025e+05 4.450115e+05 4.450234e+05 4.450563e+05 4.451010e+05 4.451571e+05 4.452244e+05 4.453022e+05 4.453902e+05 4.454877e+05 4.460973e+05 4.468540e+05 4.476835e+05 4.485278e+05 4.493767e+05 4.502869e+05 4.527072e+05 4.564259e+05 4.613526e+05 4.668180e+05 4.720819e+05 4.766664e+05
4.482918e+05 4.482918e+05 4.482918e+05 4.482918e+05 4.482918e+05 4.482919e+05 4.482923e+05 4.482939e+05 4.482961e+05 4.482999e+05 4.483140e+05 4.483386e+05 4.483748e+05 4.484232e+05 4.484837e+05 4.485558e+05 4.486390e+05 4.491923e+05 4.499032e+05 4.506878e+05 4.514850e+05 4.522796e+05 4.531207e+05 4.553395e+05 4.587899e+05 4.634461e+05 4.686946e+05 4.738107e+05 4.782983e+05
4.514114e+05 4.514114e+05 4.514114e+05 4.514114e+05 4.514115e+05 4.514121e+05 4.514139e+05 4.514190e+05 4.514225e+05 4.514267e+05 4.514390e+05 4.514589e+05 4.514886e+05 4.515294e+05 4.515818e+05 4.516458e+05 4.517209e+05 4.522348e+05 4.529053e+05 4.536469e+05 4.543980e+05 4.551397e+05 4.559144e+05 4.579399e+05 4.611296e+05 4.655175e+05 4.705462e+05 4.755100e+05 4.798978e+05
4.543917e+05 4.543917e+05 4.543917e+05 4.543917e+05 4.543918e+05 4.543924e+05 4.543942e+05 4.544015e+05 4.544071e+05 4.544141e+05 4.544328e+05 4.544585e+05 4.544928e+05 4.545367e+05 4.545906e+05 4.546547e+05 4.547286e+05 4.552225e+05 4.558589e+05 4.565596e+05 4.572656e+05 4.579559e+05 4.586667e+05 4.605068e+05 4.634436e+05 4.675664e+05 4.723732e+05 4.771802e+05 4.814653e+05
4.572497e+05 4.572497e+05 4.572497e+05 4.572497e+05 4.572497e+05 4.572513e+05 4.572555e+05 4.572699e+05 4.572799e+05 4.572919e+05 4.573214e+05 4.573587e+05 4.574040e+05 4.574575e+05 4.575193e+05 4.575892e+05 4.576669e+05 4.581558e+05 4.587632e+05 4.594249e+05 4.600870e+05 4.607272e+05 4.613764e+05 4.630391e+05 4.657310e+05 4.695921e+05 4.741755e+05 4.788217e+05 4.830010e+05
4.600465e+05 4.600465e+05 4.600465e+05 4.600465e+05 4.600465e+05 4.600481e+05 4.600530e+05 4.600717e+05 4.600854e+05 4.601018e+05 4.601423e+05 4.601921e+05 4.602499e+05 4.603149e+05 4.603865e+05 4.604641e+05 4.605474e+05 4.610370e+05 4.616181e+05 4.622421e+05 4.628612e+05 4.634527e+05 4.640427e+05 4.655353e+05 4.679904e+05 4.715941e+05 4.759531e+05 4.804350e+05 4.845054e+05
4.628133e+05 4.628133e+05 4.628133e+05 4.628133e+05 4.628133e+05 4.628152e+05 4.628211e+05 4.628445e+05 4.628616e+05 4.628821e+05 4.629321e+05 4.629920e+05 4.630598e+05 4.631338e+05 4.632128e+05 4.632961e+05 4.633832e+05 4.638696e+05 4.644237e+05 4.650105e+05 4.655874e+05 4.661314e+05 4.666644e+05 4.679944e+05 4.702208e+05 4.735716e+05 4.777061e+05 4.820204e+05 4.859788e+05
4.655850e+05 4.655850e+05 4.655850e+05 4.655850e+05 4.655851e+05 4.655875e+05 4.655948e+05 4.656230e+05 4.656429e+05 4.656661e+05 4.657211e+05 4.657853e+05 4.658567e+05 4.659333e+05 4.660139e+05 4.660978e+05 4.661845e+05 4.666557e+05 4.671801e+05 4.677294e+05 4.682647e+05 4.687626e+05 4.692406e+05 4.704152e+05 4.724211e+05 4.755241e+05 4.794343e+05 4.835782e+05 4.874215e+05
4.684008e+05 4.684008e+05 4.684008e+05 4.684008e+05 4.684009e+05 4.684032e+05 4.684102e+05 4.684355e+05 4.684535e+05 4.684745e+05 4.685249e+05 4.685842e+05 4.686501e+05 4.687211e+05 4.687960e+05 4.688741e+05 4.689550e+05 4.693961e+05 4.698867e+05 4.703982e+05 4.708926e+05 4.713455e+05 4.717706e+05 4.727966e+05 4.745903e+05 4.774509e+05 4.811376e+05 4.851088e+05 4.888339e+05
4.712406e+05 4.712406e+05 4.712406e+05 4.712406e+05 4.712407e+05 4.712421e+05 4.712464e+05 4.712640e+05 4.712772e+05 4.712932e+05 4.713321e+05 4.713789e+05 4.714320e+05 4.714904e+05 4.715532e+05 4.716201e+05 4.716906e+05 4.720889e+05 4.725426e+05 4.730161e+05 4.734702e+05 4.738794e+05 4.742536e+05 4.751377e+05 4.767273e+05 4.793512e+05 4.828159e+05 4.866124e+05 4.902166e+05
4.740473e+05 4.740473e+05 4.740473e+05 4.740473e+05 4.740474e+05 4.740488e+05 4.740529e+05 4.740670e+05 4.740764e+05 4.740870e+05 4.741123e+05 4.741432e+05 4.741797e+05 4.742220e+05 4.742698e+05 4.743228e+05 4.743808e+05 4.747309e+05 4.751463e+05 4.755822e+05 4.759969e+05 4.763635e+05 4.766888e+05 4.774375e+05 4.788311e+05 4.812243e+05 4.844690e+05 4.880892e+05 4.915698e+05
4.768112e+05 4.768112e+05 4.768112e+05 4.768112e+05 4.768112e+05 4.768110e+05 4.768110e+05 4.768131e+05 4.768153e+05 4.768185e+05 4.768281e+05 4.768430e+05 4.768639e+05 4.768914e+05 4.769255e+05 4.769660e+05 4.770126e+05 4.773177e+05 4.776965e+05 4.780957e+05 4.784720e+05 4.787974e+05 4.790755e+05 4.796952e+05 4.809009e+05 4.830697e+05 4.860967e+05 4.895396e+05 4.928941e+05
