8.832547e+08 4.996075e+08 3.847346e+08 1.992412e+08 1.497842e+08 7.835830e+07 6.349448e+07 5.604939e+07 5.495137e+07 5.443714e+07 5.421313e+07 5.440924e+07 5.463023e+07 5.459398e+07 5.406112e+07 5.286219e+07 5.093922e+07 3.534378e+07 2.311016e+07 1.685606e+07 1.368097e+07 1.193919e+07 1.090069e+07 9.761945e+06 9.125736e+06 8.666052e+06 8.276285e+06 7.920168e+06 7.585883e+06
7.510539e+07 7.510559e+07 7.510552e+07 7.503621e+07 7.457179e+07 6.698839e+07 6.008962e+07 5.527406e+07 5.451295e+07 5.417942e+07 5.412588e+07 5.439084e+07 5.463997e+07 5.461099e+07 5.407297e+07 5.286156e+07 5.092278e+07 3.527681e+07 2.305269e+07 1.681684e+07 1.365483e+07 1.192138e+07 1.088812e+07 9.754818e+06 9.120845e+06 8.662065e+06 8.272649e+06 7.916663e+06 7.582436e+06
6.059060e+07 6.059075e+07 6.059112e+07 6.059465e+07 6.057497e+07 5.956541e+07 5.681371e+07 5.442431e+07 5.403929e+07 5.390534e+07 5.403626e+07 5.437358e+07 5.465126e+07 5.462878e+07 5.408438e+07 5.285923e+07 5.090357e+07 3.520618e+07 2.299324e+07 1.677665e+07 1.362820e+07 1.190330e+07 1.087539e+07 9.747621e+06 9.115907e+06 8.658041e+06 8.268980e+06 7.913128e+06 7.578963e+06
5.559289e+07 5.559299e+07 5.559327e+07 5.559915e+07 5.560786e+07 5.515347e+07 5.509336e+07 5.362059e+07 5.356594e+07 5.362732e+07 5.394593e+07 5.435737e+07 5.466367e+07 5.464687e+07 5.409488e+07 5.285476e+07 5.088121e+07 3.513179e+07 2.293180e+07 1.673551e+07 1.360109e+07 1.188495e+07 1.086250e+07 9.740352e+06 9.110924e+06 8.653980e+06 8.265278e+06 7.909563e+06 7.575463e+06
5.346841e+07 5.346847e+07 5.346867e+07 5.347344e+07 5.348403e+07 5.331701e+07 5.364023e+07 5.316471e+07 5.317320e+07 5.337097e+07 5.385773e+07 5.434198e+07 5.467653e+07 5.466456e+07 5.410386e+07 5.284761e+07 5.085522e+07 3.505349e+07 2.286834e+07 1.669340e+07 1.357349e+07 1.186635e+07 1.084946e+07 9.733013e+06 9.105894e+06 8.649882e+06 8.261542e+06 7.905968e+06 7.571936e+06
5.256842e+07 5.256847e+07 5.256861e+07 5.257229e+07 5.258133e+07 5.256880e+07 5.266644e+07 5.315653e+07 5.304807e+07 5.319662e+07 5.378001e+07 5.432819e+07 5.468929e+07 5.468115e+07 5.411061e+07 5.283717e+07 5.082511e+07 3.497116e+07 2.280286e+07 1.665034e+07 1.354541e+07 1.184748e+07 1.083627e+07 9.725604e+06 9.100819e+06 8.645746e+06 8.257773e+06 7.902343e+06 7.568382e+06
5.226474e+07 5.226477e+07 5.226487e+07 5.226767e+07 5.227492e+07 5.232210e+07 5.227155e+07 5.322798e+07 5.320734e+07 5.323028e+07 5.373246e+07 5.431954e+07 5.470217e+07 5.469607e+07 5.411448e+07 5.282282e+07 5.079036e+07 3.488467e+07 2.273532e+07 1.660632e+07 1.351686e+07 1.182836e+07 1.082292e+07 9.718125e+06 9.095697e+06 8.641572e+06 8.253971e+06 7.898688e+06 7.564800e+06
5.226828e+07 5.226830e+07 5.226838e+07 5.227055e+07 5.227635e+07 5.234059e+07 5.225778e+07 5.323818e+07 5.343102e+07 5.345721e+07 5.375364e+07 5.432443e+07 5.471691e+07 5.470932e+07 5.411497e+07 5.280400e+07 5.075042e+07 3.479389e+07 2.266573e+07 1.656134e+07 1.348784e+07 1.180898e+07 1.080943e+07 9.710576e+06 9.090529e+06 8.637360e+06 8.250135e+06 7.895002e+06 7.561190e+06
5.243267e+07 5.243269e+07 5.243275e+07 5.243449e+07 5.243916e+07 5.250382e+07 5.244014e+07 5.321470e+07 5.360869e+07 5.373699e+07 5.390906e+07 5.435836e+07 5.473765e+07 5.472175e+07 5.411192e+07 5.278026e+07 5.070484e+07 3.469869e+07 2.259406e+07 1.651542e+07 1.345834e+07 1.178936e+07 1.079579e+07 9.702959e+06 9.085316e+06 8.633110e+06 8.246265e+06 7.891286e+06 7.557554e+06
5.267795e+07 5.267797e+07 5.267802e+07 5.267942e+07 5.268324e+07 5.274329e+07 5.271025e+07 5.322287e+07 5.372305e+07 5.398917e+07 5.416745e+07 5.444822e+07 5.477180e+07 5.473555e+07 5.410575e+07 5.275139e+07 5.065324e+07 3.459897e+07 2.252031e+07 1.646855e+07 1.342839e+07 1.176948e+07 1.078200e+07 9.695274e+06 9.080056e+06 8.628823e+06 8.242361e+06 7.887538e+06 7.553889e+06
5.296147e+07 5.296148e+07 5.296152e+07 5.296266e+07 5.296579e+07 5.302004e+07 5.301394e+07 5.329942e+07 5.380475e+07 5.418477e+07 5.446314e+07 5.463017e+07 5.483124e+07 5.475455e+07 5.409756e+07 5.271754e+07 5.059543e+07 3.449461e+07 2.244447e+07 1.642074e+07 1.339797e+07 1.174936e+07 1.076807e+07 9.687520e+06 9.074751e+06 8.624497e+06 8.238423e+06 7.883760e+06 7.550196e+06
5.443608e+07 5.443608e+07 5.443610e+07 5.443666e+07 5.443823e+07 5.447188e+07 5.451654e+07 5.446363e+07 5.456265e+07 5.484592e+07 5.556370e+07 5.590285e+07 5.576468e+07 5.520199e+07 5.415048e+07 5.251556e+07 5.022457e+07 3.390082e+07 2.203404e+07 1.616797e+07 1.323925e+07 1.164521e+07 1.069631e+07 9.647753e+06 9.047531e+06 8.602285e+06 8.218212e+06 7.864399e+06 7.531312e+06
5.577605e+07 5.577605e+07 5.577607e+07 5.577642e+07 5.577745e+07 5.580206e+07 5.585088e+07 5.588458e+07 5.587007e+07 5.590887e+07 5.624865e+07 5.663896e+07 5.660435e+07 5.591960e+07 5.454712e+07 5.250869e+07 4.986978e+07 3.318954e+07 2.157329e+07 1.589349e+07 1.307013e+07 1.153551e+07 1.062127e+07 9.606362e+06 9.019158e+06 8.579092e+06 8.197119e+06 7.844241e+06 7.511712e+06
5.707700e+07 5.707701e+07 5.707702e+07 5.707728e+07 5.707806e+07 5.709840e+07 5.714601e+07 5.723144e+07 5.722215e+07 5.717527e+07 5.707730e+07 5.702303e+07 5.678050e+07 5.602615e+07 5.456425e+07 5.236497e+07 4.952331e+07 3.238872e+07 2.106841e+07 1.559986e+07 1.289183e+07 1.142087e+07 1.054323e+07 9.563415e+06 8.989628e+06 8.554894e+06 8.175120e+06 7.823265e+06 7.491382e+06
5.845433e+07 5.845433e+07 5.845433e+07 5.845455e+07 5.845521e+07 5.847295e+07 5.851025e+07 5.848203e+07 5.836757e+07 5.817988e+07 5.765513e+07 5.706194e+07 5.637710e+07 5.538296e+07 5.383960e+07 5.162325e+07 4.876790e+07 3.157151e+07 2.053194e+07 1.529107e+07 1.270596e+07 1.130203e+07 1.046257e+07 9.518984e+06 8.958938e+06 8.529670e+06 8.152191e+06 7.801452e+06 7.470306e+06
5.933985e+07 5.933985e+07 5.933985e+07 5.933983e+07 5.933962e+07 5.930927e+07 5.917253e+07 5.868847e+07 5.837350e+07 5.801550e+07 5.719015e+07 5.627289e+07 5.526604e+07 5.404181e+07 5.240733e+07 5.021877e+07 4.745735e+07 3.073093e+07 1.998461e+07 1.497287e+07 1.251466e+07 1.117991e+07 1.037969e+07 9.473151e+06 8.927083e+06 8.503397e+06 8.128309e+06 7.778783e+06 7.448470e+06
5.691277e+07 5.691276e+07 5.691275e+07 5.691233e+07 5.691101e+07 5.687925e+07 5.680160e+07 5.649721e+07 5.626674e+07 5.598584e+07 5.528098e+07 5.440504e+07 5.335836e+07 5.207149e+07 5.042036e+07 4.829625e+07 4.567393e+07 2.979925e+07 1.945671e+07 1.465301e+07 1.232068e+07 1.105564e+07 1.029509e+07 9.426009e+06 8.894064e+06 8.476051e+06 8.103449e+06 7.755237e+06 7.425859e+06
5.334313e+07 5.334313e+07 5.334313e+07 5.334313e+07 5.334312e+07 5.333965e+07 5.332491e+07 5.322239e+07 5.310917e+07 5.294602e+07 5.246456e+07 5.177224e+07 5.084894e+07 4.963988e+07 4.806274e+07 4.604819e+07 4.358775e+07 2.875917e+07 1.894248e+07 1.434197e+07 1.212741e+07 1.093058e+07 1.020938e+07 9.377674e+06 8.859882e+06 8.447612e+06 8.077590e+06 7.730798e+06 7.402460e+06
5.028385e+07 5.028385e+07 5.028385e+07 5.028378e+07 5.028356e+07 5.026827e+07 5.021324e+07 5.002680e+07 4.989980e+07 4.974773e+07 4.935353e+07 4.880152e+07 4.802838e+07 4.695731e+07 4.551224e+07 4.364409e+07 4.136050e+07 2.763097e+07 1.842608e+07 1.405185e+07 1.193907e+07 1.080640e+07 1.012329e+07 9.328285e+06 8.824548e+06 8.418060e+06 8.050710e+06 7.705445e+06 7.378259e+06
4.677044e+07 4.677044e+07 4.677044e+07 4.677036e+07 4.677013e+07 4.676263e+07 4.673783e+07 4.662334e+07 4.653401e+07 4.642450e+07 4.613813e+07 4.572481e+07 4.510837e+07 4.419753e+07 4.291282e+07 4.121253e+07 3.911378e+07 2.645525e+07 1.790160e+07 1.377700e+07 1.176133e+07 1.068509e+07 1.003767e+07 9.278017e+06 8.788080e+06 8.387380e+06 8.022788e+06 7.679164e+06 7.353245e+06
4.330523e+07 4.330523e+07 4.330523e+07 4.330524e+07 4.330525e+07 4.330502e+07 4.330175e+07 4.326797e+07 4.323045e+07 4.317621e+07 4.300813e+07 4.272581e+07 4.225405e+07 4.149804e+07 4.037555e+07 3.884626e+07 3.693061e+07 2.527537e+07 1.736993e+07 1.351094e+07 1.159900e+07 1.056909e+07 9.953553e+06 9.227086e+06 8.750513e+06 8.355562e+06 7.993808e+06 7.651940e+06 7.327407e+06
4.038072e+07 4.038072e+07 4.038072e+07 4.038068e+07 4.038055e+07 4.037639e+07 4.036585e+07 4.033080e+07 4.030399e+07 4.026819e+07 4.015733e+07 3.995644e+07 3.958897e+07 3.895796e+07 3.797810e+07 3.660674e+07 3.486264e+07 2.412659e+07 1.683664e+07 1.324999e+07 1.144770e+07 1.046187e+07 9.872174e+06 9.175757e+06 8.711894e+06 8.322603e+06 7.963756e+06 7.623760e+06 7.300735e+06
3.777861e+07 3.777861e+07 3.777861e+07 3.777861e+07 3.777860e+07 3.777824e+07 3.777577e+07 3.775539e+07 3.773505e+07 3.770704e+07 3.762097e+07 3.746318e+07 3.716211e+07 3.662284e+07 3.575910e+07 3.452521e+07 3.293571e+07 2.303245e+07 1.630963e+07 1.299230e+07 1.130387e+07 1.036504e+07 9.795088e+06 9.124353e+06 8.672296e+06 8.288507e+06 7.932623e+06 7.594614e+06 7.273223e+06
3.552202e+07 3.552202e+07 3.552202e+07 3.552200e+07 3.552191e+07 3.551904e+07 3.551042e+07 3.548008e+07 3.545839e+07 3.543159e+07 3.535619e+07 3.522311e+07 3.496606e+07 3.449481e+07 3.372481e+07 3.260867e+07 3.115641e+07 2.200570e+07 1.579686e+07 1.273762e+07 1.116500e+07 1.027546e+07 9.724612e+06 9.073265e+06 8.631811e+06 8.253292e+06 7.900406e+06 7.564496e+06 7.244865e+06
3.343293e+07 3.343293e+07 3.343293e+07 3.343293e+07 3.343291e+07 3.343209e+07 3.342862e+07 3.340954e+07 3.339300e+07 3.337147e+07 3.330904e+07 3.319641e+07 3.297360e+07 3.255660e+07 3.186463e+07 3.085032e+07 2.952002e+07 2.105111e+07 1.530498e+07 1.248683e+07 1.102930e+07 1.019084e+07 9.660854e+06 9.022967e+06 8.590560e+06 8.216984e+06 7.867108e+06 7.533402e+06 7.215657e+06
3.155005e+07 3.155005e+07 3.155005e+07 3.155004e+07 3.155003e+07 3.154928e+07 3.154594e+07 3.152941e+07 3.151598e+07 3.149872e+07 3.144824e+07 3.135378e+07 3.115996e+07 3.078861e+07 3.016350e+07 2.923844e+07 2.801707e+07 2.016834e+07 1.483865e+07 1.224150e+07 1.089567e+07 1.010943e+07 9.601593e+06 8.974056e+06 8.548696e+06 8.179628e+06 7.832737e+06 7.501333e+06 7.185598e+06
2.983366e+07 2.983366e+07 2.983366e+07 2.983365e+07 2.983364e+07 2.983300e+07 2.983040e+07 2.981802e+07 2.980783e+07 2.979458e+07 2.975471e+07 2.967591e+07 2.950675e+07 2.917442e+07 2.860728e+07 2.776093e+07 2.663711e+07 1.935419e+07 1.440053e+07 1.200341e+07 1.076358e+07 1.002981e+07 9.545266e+06 8.927359e+06 8.506408e+06 8.141280e+06 7.797313e+06 7.468295e+06 7.154692e+06
2.827451e+07 2.827451e+07 2.827451e+07 2.827450e+07 2.827449e+07 2.827398e+07 2.827212e+07 2.826326e+07 2.825573e+07 2.824571e+07 2.821433e+07 2.814819e+07 2.799947e+07 2.770026e+07 2.718337e+07 2.640648e+07 2.537002e+07 1.860407e+07 1.399160e+07 1.177419e+07 1.063296e+07 9.950897e+06 9.490588e+06 8.883970e+06 8.463926e+06 8.102015e+06 7.760861e+06 7.434298e+06 7.122944e+06
2.686332e+07 2.686332e+07 2.686332e+07 2.686332e+07 2.686330e+07 2.686287e+07 2.686133e+07 2.685402e+07 2.684786e+07 2.683971e+07 2.681389e+07 2.675715e+07 2.662483e+07 2.635350e+07 2.588010e+07 2.516451e+07 2.420622e+07 1.791294e+07 1.361158e+07 1.155512e+07 1.050407e+07 9.871950e+06 9.436484e+06 8.843026e+06 8.421541e+06 8.061928e+06 7.723420e+06 7.399360e+06 7.090362e+06
2.558078e+07 2.558078e+07 2.558078e+07 2.558078e+07 2.558077e+07 2.558035e+07 2.557889e+07 2.557237e+07 2.556704e+07 2.556009e+07 2.553811e+07 2.548845e+07 2.536945e+07 2.512173e+07 2.468618e+07 2.402484e+07 2.313663e+07 1.727575e+07 1.325931e+07 1.134703e+07 1.037732e+07 9.792499e+06 9.382072e+06 8.803440e+06 8.379628e+06 8.021134e+06 7.685036e+06 7.363503e+06 7.056959e+06
2.440778e+07 2.440778e+07 2.440778e+07 2.440778e+07 2.440777e+07 2.440746e+07 2.440632e+07 2.440095e+07 2.439650e+07 2.439066e+07 2.437194e+07 2.432816e+07 2.422041e+07 2.399313e+07 2.359087e+07 2.297786e+07 2.215269e+07 1.668769e+07 1.293313e+07 1.115027e+07 1.025320e+07 9.712320e+06 9.326665e+06 8.764396e+06 8.338787e+06 7.979775e+06 7.645768e+06 7.326756e+06 7.022752e+06
2.333278e+07 2.333278e+07 2.333278e+07 2.333278e+07 2.333277e+07 2.333251e+07 2.333155e+07 2.332715e+07 2.332349e+07 2.331868e+07 2.330289e+07 2.326423e+07 2.316630e+07 2.295704e+07 2.258441e+07 2.201476e+07 2.124651e+07 1.614433e+07 1.263107e+07 1.096481e+07 1.013211e+07 9.631372e+06 9.269758e+06 8.725197e+06 8.299332e+06 7.938021e+06 7.605687e+06 7.289153e+06 6.987761e+06
2.234546e+07 2.234546e+07 2.234546e+07 2.234546e+07 2.234546e+07 2.234526e+07 2.234452e+07 2.234101e+07 2.233806e+07 2.233414e+07 2.232090e+07 2.228673e+07 2.219748e+07 2.200425e+07 2.165819e+07 2.112765e+07 2.041101e+07 1.564161e+07 1.235107e+07 1.079028e+07 1.001438e+07 9.549734e+06 9.211015e+06 8.685241e+06 8.260517e+06 7.896087e+06 7.564877e+06 7.250740e+06 6.952011e+06
2.143768e+07 2.143768e+07 2.143768e+07 2.143767e+07 2.143767e+07 2.143752e+07 2.143695e+07 2.143416e+07 2.143180e+07 2.142864e+07 2.141760e+07 2.138735e+07 2.130576e+07 2.112687e+07 2.080473e+07 2.030957e+07 1.963983e+07 1.517582e+07 1.209106e+07 1.062606e+07 9.900159e+06 9.467556e+06 9.150245e+06 8.644012e+06 8.221785e+06 7.854262e+06 7.523440e+06 7.211565e+06 6.915533e+06
2.060198e+07 2.060198e+07 2.060198e+07 2.060198e+07 2.060197e+07 2.060187e+07 2.060145e+07 2.059933e+07 2.059749e+07 2.059499e+07 2.058581e+07 2.055893e+07 2.048408e+07 2.031799e+07 2.001742e+07 1.955435e+07 1.892730e+07 1.474362e+07 1.184903e+07 1.047137e+07 9.789494e+06 9.385010e+06 9.087379e+06 8.601079e+06 8.182695e+06 7.812998e+06 7.481491e+06 7.171689e+06 6.878359e+06
1.983233e+07 1.983233e+07 1.983233e+07 1.983233e+07 1.983233e+07 1.983224e+07 1.983192e+07 1.983028e+07 1.982885e+07 1.982686e+07 1.981920e+07 1.979515e+07 1.972618e+07 1.957149e+07 1.929035e+07 1.885640e+07 1.826826e+07 1.434196e+07 1.162310e+07 1.032531e+07 9.682283e+06 9.302257e+06 9.022433e+06 8.556098e+06 8.142868e+06 7.772174e+06 7.439173e+06 7.131177e+06 6.840531e+06
1.912264e+07 1.912264e+07 1.912264e+07 1.912264e+07 1.912264e+07 1.912260e+07 1.912238e+07 1.912117e+07 1.912005e+07 1.911847e+07 1.911196e+07 1.909020e+07 1.902629e+07 1.888174e+07 1.861813e+07 1.821062e+07 1.765797e+07 1.396802e+07 1.141149e+07 1.018695e+07 9.578320e+06 9.219427e+06 8.955488e+06 8.508810e+06 8.101975e+06 7.731345e+06 7.396659e+06 7.090108e+06 6.802091e+06
1.846786e+07 1.846786e+07 1.846786e+07 1.846786e+07 1.846786e+07 1.846783e+07 1.846766e+07 1.846664e+07 1.846568e+07 1.846431e+07 1.845855e+07 1.843858e+07 1.837901e+07 1.824348e+07 1.799570e+07 1.761227e+07 1.709206e+07 1.361922e+07 1.121254e+07 1.005534e+07 9.477313e+06 9.136610e+06 8.886665e+06 8.459036e+06 8.059736e+06 7.690212e+06 7.354198e+06 7.048568e+06 6.763089e+06
1.786240e+07 1.786240e+07 1.786240e+07 1.786240e+07 1.786239e+07 1.786233e+07 1.786207e+07 1.786093e+07 1.785999e+07 1.785871e+07 1.785344e+07 1.783494e+07 1.777917e+07 1.765175e+07 1.741838e+07 1.705695e+07 1.656645e+07 1.329317e+07 1.102475e+07 9.929558e+06 9.378912e+06 9.053846e+06 8.816102e+06 8.406673e+06 8.015914e+06 7.648531e+06 7.312065e+06 7.006658e+06 6.723581e+06
1.729899e+07 1.729899e+07 1.729899e+07 1.729899e+07 1.729899e+07 1.729896e+07 1.729882e+07 1.729799e+07 1.729722e+07 1.729614e+07 1.729146e+07 1.727435e+07 1.722206e+07 1.710205e+07 1.688185e+07 1.654060e+07 1.607739e+07 1.298766e+07 1.084672e+07 9.808717e+06 9.282735e+06 8.971137e+06 8.743942e+06 8.351684e+06 7.970320e+06 7.606097e+06 7.270002e+06 6.964497e+06 6.683628e+06
1.677492e+07 1.677492e+07 1.677492e+07 1.677492e+07 1.677492e+07 1.677490e+07 1.677479e+07 1.677413e+07 1.677352e+07 1.677263e+07 1.676852e+07 1.675270e+07 1.670361e+07 1.659039e+07 1.638231e+07 1.605961e+07 1.562149e+07 1.270064e+07 1.067720e+07 9.691994e+06 9.188385e+06 8.888446e+06 8.670323e+06 8.294088e+06 7.922809e+06 7.562734e+06 7.227778e+06 6.922234e+06 6.643297e+06
1.628682e+07 1.628682e+07 1.628682e+07 1.628682e+07 1.628682e+07 1.628680e+07 1.628670e+07 1.628613e+07 1.628561e+07 1.628485e+07 1.628118e+07 1.626649e+07 1.622030e+07 1.611330e+07 1.591634e+07 1.561070e+07 1.519569e+07 1.243026e+07 1.051505e+07 9.578638e+06 9.095470e+06 8.805711e+06 8.595372e+06 8.233955e+06 7.873278e+06 7.518293e+06 7.185223e+06 6.880092e+06 6.602665e+06
1.583123e+07 1.583123e+07 1.583123e+07 1.583123e+07 1.583123e+07 1.583122e+07 1.583114e+07 1.583068e+07 1.583023e+07 1.582958e+07 1.582628e+07 1.581258e+07 1.576900e+07 1.566769e+07 1.548093e+07 1.519098e+07 1.479723e+07 1.217480e+07 1.035923e+07 9.467970e+06 9.003617e+06 8.722852e+06 8.519203e+06 8.171390e+06 7.821670e+06 7.472652e+06 7.142205e+06 6.838143e+06 6.561817e+06
1.540537e+07 1.540537e+07 1.540537e+07 1.540537e+07 1.540537e+07 1.540536e+07 1.540530e+07 1.540490e+07 1.540452e+07 1.540395e+07 1.540096e+07 1.538812e+07 1.534688e+07 1.525073e+07 1.507331e+07 1.479777e+07 1.442357e+07 1.193271e+07 1.020886e+07 9.359394e+06 8.912481e+06 8.639778e+06 8.441914e+06 8.106531e+06 7.767963e+06 7.425711e+06 7.098610e+06 6.796183e+06 6.520854e+06
1.500655e+07 1.500655e+07 1.500655e+07 1.500655e+07 1.500655e+07 1.500654e+07 1.500650e+07 1.500619e+07 1.500587e+07 1.500537e+07 1.500263e+07 1.499051e+07 1.495135e+07 1.485987e+07 1.469098e+07 1.442865e+07 1.407241e+07 1.170258e+07 1.006311e+07 9.252389e+06 8.821755e+06 8.556399e+06 8.363592e+06 8.039533e+06 7.712175e+06 7.377397e+06 7.054344e+06 6.754086e+06 6.479906e+06
1.463264e+07 1.463264e+07 1.463264e+07 1.463264e+07 1.463264e+07 1.463264e+07 1.463259e+07 1.463228e+07 1.463197e+07 1.463150e+07 1.462889e+07 1.461733e+07 1.457995e+07 1.449267e+07 1.433155e+07 1.408133e+07 1.374160e+07 1.148310e+07 9.921291e+06 9.146514e+06 8.731171e+06 8.472631e+06 8.284314e+06 7.970566e+06 7.654354e+06 7.327663e+06 7.009328e+06 6.711754e+06 6.439150e+06
1.428120e+07 1.428120e+07 1.428120e+07 1.428120e+07 1.428120e+07 1.428120e+07 1.428116e+07 1.428086e+07 1.428053e+07 1.428003e+07 1.427739e+07 1.426619e+07 1.423033e+07 1.414680e+07 1.399276e+07 1.375365e+07 1.342912e+07 1.127310e+07 9.782786e+06 9.041402e+06 8.640506e+06 8.388400e+06 8.204149e+06 7.899808e+06 7.594575e+06 7.276481e+06 6.963499e+06 6.669112e+06 6.398528e+06
1.395034e+07 1.395034e+07 1.395034e+07 1.395034e+07 1.395034e+07 1.395030e+07 1.395015e+07 1.394956e+07 1.394909e+07 1.394845e+07 1.394563e+07 1.393464e+07 1.390010e+07 1.381999e+07 1.367246e+07 1.344359e+07 1.313307e+07 1.107151e+07 9.647073e+06 8.936756e+06 8.549584e+06 8.303647e+06 8.123162e+06 7.827440e+06 7.532937e+06 7.223848e+06 6.916806e+06 6.626098e+06 6.357918e+06
1.363589e+07 1.363589e+07 1.363589e+07 1.363589e+07 1.363589e+07 1.363585e+07 1.363571e+07 1.363508e+07 1.363457e+07 1.363389e+07 1.363102e+07 1.362032e+07 1.358705e+07 1.351014e+07 1.336865e+07 1.314928e+07 1.285173e+07 1.087737e+07 9.513710e+06 8.832344e+06 8.458268e+06 8.218332e+06 8.041414e+06 7.753641e+06 7.469558e+06 7.169782e+06 6.869216e+06 6.582658e+06 6.317245e+06
1.333615e+07 1.333615e+07 1.333615e+07 1.333615e+07 1.333615e+07 1.333613e+07 1.333602e+07 1.333549e+07 1.333502e+07 1.333438e+07 1.333162e+07 1.332129e+07 1.328929e+07 1.321541e+07 1.307959e+07 1.286906e+07 1.258355e+07 1.068985e+07 9.382330e+06 8.727997e+06 8.366469e+06 8.132432e+06 7.958969e+06 7.678588e+06 7.404570e+06 7.114318e+06 6.820705e+06 6.538751e+06 6.276454e+06
1.305061e+07 1.305061e+07 1.305061e+07 1.305061e+07 1.305061e+07 1.305057e+07 1.305045e+07 1.304987e+07 1.304940e+07 1.304876e+07 1.304607e+07 1.303611e+07 1.300534e+07 1.293433e+07 1.280380e+07 1.260151e+07 1.232720e+07 1.050819e+07 9.252640e+06 8.623598e+06 8.274131e+06 8.045947e+06 7.875891e+06 7.602451e+06 7.338117e+06 7.057509e+06 6.771265e+06 6.494344e+06 6.235499e+06
1.277758e+07 1.277758e+07 1.277758e+07 1.277758e+07 1.277758e+07 1.277755e+07 1.277743e+07 1.277687e+07 1.277640e+07 1.277578e+07 1.277316e+07 1.276356e+07 1.273394e+07 1.266561e+07 1.254004e+07 1.234542e+07 1.208152e+07 1.033178e+07 9.124410e+06 8.519081e+06 8.181239e+06 7.958891e+06 7.792247e+06 7.525393e+06 7.270346e+06 6.999423e+06 6.720900e+06 6.449412e+06 6.194344e+06
1.251614e+07 1.251614e+07 1.251614e+07 1.251614e+07 1.251614e+07 1.251610e+07 1.251598e+07 1.251542e+07 1.251497e+07 1.251436e+07 1.251182e+07 1.250255e+07 1.247401e+07 1.240819e+07 1.228722e+07 1.209974e+07 1.184552e+07 1.016006e+07 8.997472e+06 8.414422e+06 8.087806e+06 7.871301e+06 7.708110e+06 7.447571e+06 7.201412e+06 6.940140e+06 6.669626e+06 6.403937e+06 6.152960e+06
1.226530e+07 1.226530e+07 1.226530e+07 1.226530e+07 1.226530e+07 1.226526e+07 1.226514e+07 1.226459e+07 1.226415e+07 1.226355e+07 1.226109e+07 1.225214e+07 1.222460e+07 1.216110e+07 1.204440e+07 1.186354e+07 1.161830e+07 9.992594e+06 8.871709e+06 8.309635e+06 7.993875e+06 7.783227e+06 7.623554e+06 7.369131e+06 7.131468e+06 6.879750e+06 6.617468e+06 6.357912e+06 6.111324e+06
1.202425e+07 1.202425e+07 1.202425e+07 1.202425e+07 1.202425e+07 1.202421e+07 1.202410e+07 1.202356e+07 1.202313e+07 1.202255e+07 1.202015e+07 1.201148e+07 1.198484e+07 1.192348e+07 1.181073e+07 1.163601e+07 1.139910e+07 9.829003e+06 8.747048e+06 8.204762e+06 7.899510e+06 7.694736e+06 7.538659e+06 7.290213e+06 7.060667e+06 6.818352e+06 6.564464e+06 6.311334e+06 6.069417e+06
1.179230e+07 1.179230e+07 1.179230e+07 1.179230e+07 1.179230e+07 1.179226e+07 1.179214e+07 1.179161e+07 1.179118e+07 1.179060e+07 1.178823e+07 1.177978e+07 1.175394e+07 1.169451e+07 1.158540e+07 1.141636e+07 1.118721e+07 9.668974e+06 8.623456e+06 8.099874e+06 7.804797e+06 7.605904e+06 7.453508e+06 7.210949e+06 6.989158e+06 6.756050e+06 6.510657e+06 6.264209e+06 6.027228e+06
1.156868e+07 1.156868e+07 1.156868e+07 1.156868e+07 1.156867e+07 1.156864e+07 1.156852e+07 1.156798e+07 1.156754e+07 1.156695e+07 1.156456e+07 1.155624e+07 1.153108e+07 1.147341e+07 1.136764e+07 1.120388e+07 1.098196e+07 9.512247e+06 8.500928e+06 7.995059e+06 7.709833e+06 7.516820e+06 7.368187e+06 7.131461e+06 6.917085e+06 6.692954e+06 6.456101e+06 6.216550e+06 5.984747e+06
1.135273e+07 1.135273e+07 1.135273e+07 1.135273e+07 1.135273e+07 1.135270e+07 1.135257e+07 1.135195e+07 1.135144e+07 1.135078e+07 1.134826e+07 1.133999e+07 1.131541e+07 1.125934e+07 1.115669e+07 1.099787e+07 1.078272e+07 9.358607e+06 8.379484e+06 7.890417e+06 7.614729e+06 7.427578e+06 7.282784e+06 7.051866e+06 6.844586e+06 6.629173e+06 6.400856e+06 6.168376e+06 5.941972e+06
1.114338e+07 1.114338e+07 1.114338e+07 1.114338e+07 1.114338e+07 1.114332e+07 1.114311e+07 1.114230e+07 1.114169e+07 1.114093e+07 1.113828e+07 1.113006e+07 1.110605e+07 1.105151e+07 1.095182e+07 1.079768e+07 1.058893e+07 9.207878e+06 8.259161e+06 7.786062e+06 7.519602e+06 7.338280e+06 7.197389e+06 6.972271e+06 6.771793e+06 6.564820e+06 6.344987e+06 6.119711e+06 5.898904e+06
1.093852e+07 1.093852e+07 1.093852e+07 1.093852e+07 1.093852e+07 1.093847e+07 1.093830e+07 1.093756e+07 1.093699e+07 1.093625e+07 1.093364e+07 1.092561e+07 1.090223e+07 1.084922e+07 1.075240e+07 1.060275e+07 1.040011e+07 9.059923e+06 8.140012e+06 7.682109e+06 7.424571e+06 7.249028e+06 7.112093e+06 6.892779e+06 6.698830e+06 6.500004e+06 6.288562e+06 6.070584e+06 5.855548e+06
1.073849e+07 1.073849e+07 1.073849e+07 1.073849e+07 1.073849e+07 1.073844e+07 1.073829e+07 1.073762e+07 1.073709e+07 1.073641e+07 1.073392e+07 1.072615e+07 1.070346e+07 1.065200e+07 1.055798e+07 1.041265e+07 1.021588e+07 8.914639e+06 8.022096e+06 7.578676e+06 7.329759e+06 7.159928e+06 7.026983e+06 6.813482e+06 6.625814e+06 6.434836e+06 6.231654e+06 6.021032e+06 5.811914e+06
1.054339e+07 1.054339e+07 1.054339e+07 1.054339e+07 1.054338e+07 1.054334e+07 1.054318e+07 1.054253e+07 1.054202e+07 1.054136e+07 1.053897e+07 1.053147e+07 1.050948e+07 1.045954e+07 1.036825e+07 1.022711e+07 1.003597e+07 8.771955e+06 7.905481e+06 7.475882e+06 7.235288e+06 7.071084e+06 6.942150e+06 6.734470e+06 6.552854e+06 6.369420e+06 6.174339e+06 5.971091e+06 5.768014e+06
1.035286e+07 1.035286e+07 1.035286e+07 1.035286e+07 1.035286e+07 1.035281e+07 1.035266e+07 1.035204e+07 1.035155e+07 1.035092e+07 1.034863e+07 1.034139e+07 1.032010e+07 1.027164e+07 1.018301e+07 1.004591e+07 9.860201e+06 8.631828e+06 7.790235e+06 7.373840e+06 7.141274e+06 6.982599e+06 6.857677e+06 6.655824e+06 6.480050e+06 6.303858e+06 6.116692e+06 5.920805e+06 5.723865e+06
1.016674e+07 1.016674e+07 1.016674e+07 1.016674e+07 1.016674e+07 1.016669e+07 1.016655e+07 1.016596e+07 1.016550e+07 1.016490e+07 1.016274e+07 1.015578e+07 1.013517e+07 1.008818e+07 1.000211e+07 9.868915e+06 9.688434e+06 8.494236e+06 7.676429e+06 7.272661e+06 7.047830e+06 6.894570e+06 6.773650e+06 6.577620e+06 6.407496e+06 6.238248e+06 6.058789e+06 5.870219e+06 5.679486e+06
9.984899e+06 9.984899e+06 9.984899e+06 9.984899e+06 9.984897e+06 9.984861e+06 9.984738e+06 9.984204e+06 9.983785e+06 9.983243e+06 9.981222e+06 9.974560e+06 9.954642e+06 9.909067e+06 9.825489e+06 9.696050e+06 9.520594e+06 8.359172e+06 7.564134e+06 7.172448e+06 6.955065e+06 6.807095e+06 6.690148e+06 6.499929e+06 6.335277e+06 6.172683e+06 6.000707e+06 5.819381e+06 5.634901e+06
9.807454e+06 9.807454e+06 9.807454e+06 9.807454e+06 9.807453e+06 9.807416e+06 9.807297e+06 9.806813e+06 9.806438e+06 9.805951e+06 9.804085e+06 9.797726e+06 9.778483e+06 9.734282e+06 9.653097e+06 9.527268e+06 9.356633e+06 8.226641e+06 7.453417e+06 7.073298e+06 6.863079e+06 6.720262e+06 6.607246e+06 6.422814e+06 6.263472e+06 6.107250e+06 5.942520e+06 5.768340e+06 5.590135e+06
9.634390e+06 9.634390e+06 9.634390e+06 9.634389e+06 9.634389e+06 9.634361e+06 9.634268e+06 9.633862e+06 9.633536e+06 9.633105e+06 9.631389e+06 9.625315e+06 9.606712e+06 9.563819e+06 9.484917e+06 9.362540e+06 9.196520e+06 8.096654e+06 7.344341e+06 6.975299e+06 6.771965e+06 6.634156e+06 6.525016e+06 6.346337e+06 6.192153e+06 6.042031e+06 5.884302e+06 5.717146e+06 5.545215e+06
9.465971e+06 9.465971e+06 9.465971e+06 9.465970e+06 9.465970e+06 9.465943e+06 9.465854e+06 9.465477e+06 9.465178e+06 9.464783e+06 9.463178e+06 9.457346e+06 9.439328e+06 9.397662e+06 9.320925e+06 9.201835e+06 9.040222e+06 7.969221e+06 7.236962e+06 6.878532e+06 6.681808e+06 6.548856e+06 6.443525e+06 6.270552e+06 6.121384e+06 5.977101e+06 5.826122e+06 5.665851e+06 5.500171e+06
9.302049e+06 9.302049e+06 9.302049e+06 9.302048e+06 9.302048e+06 9.302023e+06 9.301940e+06 9.301584e+06 9.301302e+06 9.300930e+06 9.299400e+06 9.293768e+06 9.276276e+06 9.235752e+06 9.161061e+06 9.045097e+06 8.887690e+06 7.844350e+06 7.131332e+06 6.783069e+06 6.592686e+06 6.464432e+06 6.362835e+06 6.195508e+06 6.051224e+06 5.912532e+06 5.768050e+06 5.614507e+06 5.455034e+06
9.142480e+06 9.142480e+06 9.142480e+06 9.142480e+06 9.142479e+06 9.142455e+06 9.142375e+06 9.142031e+06 9.141759e+06 9.141400e+06 9.139921e+06 9.134454e+06 9.117439e+06 9.077983e+06 9.005227e+06 8.892241e+06 8.738853e+06 7.722043e+06 7.027495e+06 6.688973e+06 6.504668e+06 6.380952e+06 6.283002e+06 6.121252e+06 5.981726e+06 5.848388e+06 5.710151e+06 5.563164e+06 5.409836e+06
8.987059e+06 8.987059e+06 8.987059e+06 8.987059e+06 8.987058e+06 8.987034e+06 8.986955e+06 8.986615e+06 8.986347e+06 8.985994e+06 8.984551e+06 8.979227e+06 8.962653e+06 8.924208e+06 8.853297e+06 8.743159e+06 8.593623e+06 7.602294e+06 6.925486e+06 6.596297e+06 6.417815e+06 6.298474e+06 6.204079e+06 6.047825e+06 5.912937e+06 5.784729e+06 5.652485e+06 5.511873e+06 5.364612e+06
8.835556e+06 8.835556e+06 8.835556e+06 8.835556e+06 8.835555e+06 8.835530e+06 8.835449e+06 8.835105e+06 8.834836e+06 8.834487e+06 8.833073e+06 8.827886e+06 8.811737e+06 8.774264e+06 8.705129e+06 8.597732e+06 8.451903e+06 7.485092e+06 6.825334e+06 6.505089e+06 6.332180e+06 6.217050e+06 6.126113e+06 5.975263e+06 5.844899e+06 5.721609e+06 5.595111e+06 5.460684e+06 5.319394e+06
8.687685e+06 8.687685e+06 8.687685e+06 8.687685e+06 8.687684e+06 8.687659e+06 8.687577e+06 8.687239e+06 8.686979e+06 8.686642e+06 8.685280e+06 8.680245e+06 8.664525e+06 8.628005e+06 8.560595e+06 8.455849e+06 8.313600e+06 7.370420e+06 6.727057e+06 6.415385e+06 6.247810e+06 6.136727e+06 6.049145e+06 5.903600e+06 5.777651e+06 5.659078e+06 5.538085e+06 5.409645e+06 5.274218e+06
8.543237e+06 8.543237e+06 8.543237e+06 8.543237e+06 8.543236e+06 8.543217e+06 8.543151e+06 8.542860e+06 8.542628e+06 8.542322e+06 8.541040e+06 8.536181e+06 8.520898e+06 8.485319e+06 8.419590e+06 8.317418e+06 8.178636e+06 7.258259e+06 6.630669e+06 6.327216e+06 6.164742e+06 6.057545e+06 5.973213e+06 5.832865e+06 5.711224e+06 5.597179e+06 5.481456e+06 5.358803e+06 5.229119e+06
8.402358e+06 8.402358e+06 8.402358e+06 8.402358e+06 8.402357e+06 8.402338e+06 8.402273e+06 8.402003e+06 8.401792e+06 8.401514e+06 8.400316e+06 8.395637e+06 8.380790e+06 8.346134e+06 8.282045e+06 8.182372e+06 8.046946e+06 7.148585e+06 6.536177e+06 6.240604e+06 6.083008e+06 5.979539e+06 5.898348e+06 5.763084e+06 5.645648e+06 5.535954e+06 5.425273e+06 5.308203e+06 5.184130e+06
8.264950e+06 8.264950e+06 8.264950e+06 8.264949e+06 8.264949e+06 8.264933e+06 8.264881e+06 8.264647e+06 8.264460e+06 8.264209e+06 8.263091e+06 8.258587e+06 8.244167e+06 8.210409e+06 8.147911e+06 8.050659e+06 7.918482e+06 7.041373e+06 6.443579e+06 6.155565e+06 6.002634e+06 5.902736e+06 5.824580e+06 5.694280e+06 5.580948e+06 5.475436e+06 5.369578e+06 5.257887e+06 5.139286e+06
8.131075e+06 8.131075e+06 8.131075e+06 8.131075e+06 8.131074e+06 8.131059e+06 8.131007e+06 8.130788e+06 8.130618e+06 8.130390e+06 8.129344e+06 8.125007e+06 8.110997e+06 8.078109e+06 8.017150e+06 7.922239e+06 7.793201e+06 6.936595e+06 6.352871e+06 6.072109e+06 5.923639e+06 5.827162e+06 5.751932e+06 5.626472e+06 5.517146e+06 5.415658e+06 5.314413e+06 5.207896e+06 5.094621e+06
8.000613e+06 8.000613e+06 8.000613e+06 8.000613e+06 8.000613e+06 8.000601e+06 8.000560e+06 8.000374e+06 8.000224e+06 8.000020e+06 7.999045e+06 7.994866e+06 7.981250e+06 7.949199e+06 7.889724e+06 7.797070e+06 7.671060e+06 6.834221e+06 6.264042e+06 5.990240e+06 5.846037e+06 5.752835e+06 5.680423e+06 5.559677e+06 5.454260e+06 5.356648e+06 5.259813e+06 5.158269e+06 5.050168e+06
7.873617e+06 7.873617e+06 7.873617e+06 7.873617e+06 7.873617e+06 7.873605e+06 7.873564e+06 7.873392e+06 7.873255e+06 7.873071e+06 7.872157e+06 7.868128e+06 7.854889e+06 7.823641e+06 7.765592e+06 7.675111e+06 7.552016e+06 6.734217e+06 6.177078e+06 5.909959e+06 5.769837e+06 5.679770e+06 5.610071e+06 5.493909e+06 5.392306e+06 5.298429e+06 5.205811e+06 5.109041e+06 5.005958e+06
7.749963e+06 7.749963e+06 7.749963e+06 7.749963e+06 7.749963e+06 7.749954e+06 7.749922e+06 7.749775e+06 7.749655e+06 7.749490e+06 7.748637e+06 7.744749e+06 7.731869e+06 7.701391e+06 7.644711e+06 7.556316e+06 7.436023e+06 6.636547e+06 6.091961e+06 5.831261e+06 5.695046e+06 5.607979e+06 5.540887e+06 5.429179e+06 5.331297e+06 5.241022e+06 5.152438e+06 5.060248e+06 4.962022e+06
7.629659e+06 7.629659e+06 7.629659e+06 7.629659e+06 7.629659e+06 7.629650e+06 7.629618e+06 7.629484e+06 7.629378e+06 7.629231e+06 7.628436e+06 7.624684e+06 7.612147e+06 7.582402e+06 7.527031e+06 7.440635e+06 7.323030e+06 6.541173e+06 6.008672e+06 5.754140e+06 5.621665e+06 5.537467e+06 5.472883e+06 5.365497e+06 5.271242e+06 5.184445e+06 5.099721e+06 5.011919e+06 4.918389e+06
7.512592e+06 7.512592e+06 7.512592e+06 7.512592e+06 7.512592e+06 7.512587e+06 7.512565e+06 7.512462e+06 7.512375e+06 7.512250e+06 7.511513e+06 7.507889e+06 7.495671e+06 7.466620e+06 7.412495e+06 7.328009e+06 7.212978e+06 6.448052e+06 5.927186e+06 5.678584e+06 5.549693e+06 5.468241e+06 5.406064e+06 5.302869e+06 5.212151e+06 5.128713e+06 5.047683e+06 4.964085e+06 4.875089e+06
7.398827e+06 7.398827e+06 7.398827e+06 7.398827e+06 7.398826e+06 7.398821e+06 7.398803e+06 7.398716e+06 7.398641e+06 7.398529e+06 7.397832e+06 7.394310e+06 7.382381e+06 7.353978e+06 7.301033e+06 7.218366e+06 7.105796e+06 6.357140e+06 5.847480e+06 5.604582e+06 5.479124e+06 5.400300e+06 5.340435e+06 5.241300e+06 5.154029e+06 5.073838e+06 4.996344e+06 4.916771e+06 4.832148e+06
7.288314e+06 7.288314e+06 7.288314e+06 7.288314e+06 7.288314e+06 7.288308e+06 7.288287e+06 7.288190e+06 7.288110e+06 7.287995e+06 7.287305e+06 7.283855e+06 7.272180e+06 7.244378e+06 7.192548e+06 7.111616e+06 7.001403e+06 6.268387e+06 5.769526e+06 5.532117e+06 5.409952e+06 5.333644e+06 5.275999e+06 5.180794e+06 5.096882e+06 5.019832e+06 4.945725e+06 4.870003e+06 4.789591e+06
7.180814e+06 7.180814e+06 7.180814e+06 7.180814e+06 7.180814e+06 7.180807e+06 7.180782e+06 7.180672e+06 7.180584e+06 7.180463e+06 7.179768e+06 7.176375e+06 7.164930e+06 7.137694e+06 7.086925e+06 7.007653e+06 6.899700e+06 6.181745e+06 5.693296e+06 5.461174e+06 5.342168e+06 5.268269e+06 5.212754e+06 5.121353e+06 5.040711e+06 4.966700e+06 4.895841e+06 4.823803e+06 4.747443e+06
7.076086e+06 7.076086e+06 7.076086e+06 7.076086e+06 7.076086e+06 7.076078e+06 7.076053e+06 7.075941e+06 7.075851e+06 7.075727e+06 7.075035e+06 7.071699e+06 7.060476e+06 7.033784e+06 6.984036e+06 6.906362e+06 6.800587e+06 6.097161e+06 5.618762e+06 5.391734e+06 5.275762e+06 5.204170e+06 5.150699e+06 5.062975e+06 4.985517e+06 4.914451e+06 4.846704e+06 4.778191e+06 4.705726e+06
6.973988e+06 6.973988e+06 6.973988e+06 6.973988e+06 6.973988e+06 6.973981e+06 6.973955e+06 6.973842e+06 6.973752e+06 6.973628e+06 6.972946e+06 6.969674e+06 6.958673e+06 6.932513e+06 6.883758e+06 6.807632e+06 6.703965e+06 6.014585e+06 5.545895e+06 5.323778e+06 5.210720e+06 5.141340e+06 5.089830e+06 5.005660e+06 4.931302e+06 4.863088e+06 4.798328e+06 4.733185e+06 4.664460e+06
6.874386e+06 6.874386e+06 6.874386e+06 6.874386e+06 6.874386e+06 6.874378e+06 6.874352e+06 6.874242e+06 6.874155e+06 6.874036e+06 6.873375e+06 6.870177e+06 6.859404e+06 6.833770e+06 6.785984e+06 6.711365e+06 6.609744e+06 5.933966e+06 5.474663e+06 5.257285e+06 5.147030e+06 5.079769e+06 5.030142e+06 4.949406e+06 4.878063e+06 4.812614e+06 4.750721e+06 4.688800e+06 4.623665e+06
6.777167e+06 6.777167e+06 6.777167e+06 6.777167e+06 6.777167e+06 6.777161e+06 6.777141e+06 6.777048e+06 6.776972e+06 6.776865e+06 6.776236e+06 6.773121e+06 6.762580e+06 6.737466e+06 6.690630e+06 6.617479e+06 6.517848e+06 5.855256e+06 5.405037e+06 5.192235e+06 5.084676e+06 5.019449e+06 4.971629e+06 4.894208e+06 4.825798e+06 4.763029e+06 4.703891e+06 4.645052e+06 4.583360e+06
