3.564522e+06 1.715584e+06 1.286616e+06 7.268317e+05 5.874546e+05 3.557799e+05 2.907242e+05 2.374124e+05 2.221984e+05 2.105269e+05 1.936824e+05 1.821144e+05 1.737306e+05 1.674071e+05 1.624575e+05 1.584299e+05 1.550172e+05 1.418756e+05 1.309130e+05 1.215122e+05 1.138260e+05 1.076735e+05 1.027442e+05 9.545598e+04 9.038059e+04 8.672099e+04 8.411475e+04 8.241064e+04 8.155506e+04
3.487038e+05 3.487049e+05 3.487051e+05 3.484009e+05 3.463014e+05 3.121284e+05 2.744248e+05 2.312829e+05 2.176787e+05 2.070084e+05 1.913364e+05 1.804263e+05 1.724580e+05 1.664164e+05 1.616671e+05 1.577860e+05 1.544826e+05 1.416024e+05 1.307210e+05 1.213587e+05 1.136990e+05 1.075675e+05 1.026549e+05 9.539072e+04 9.033086e+04 8.668194e+04 8.408380e+04 8.238655e+04 8.153731e+04
2.869655e+05 2.869657e+05 2.869659e+05 2.869345e+05 2.866913e+05 2.778493e+05 2.560078e+05 2.238474e+05 2.123300e+05 2.029335e+05 1.887057e+05 1.785745e+05 1.710834e+05 1.653586e+05 1.608304e+05 1.571091e+05 1.539236e+05 1.413200e+05 1.305233e+05 1.212013e+05 1.135693e+05 1.074595e+05 1.025642e+05 9.532466e+04 9.028063e+04 8.664255e+04 8.405263e+04 8.236232e+04 8.151948e+04
2.560885e+05 2.560886e+05 2.560887e+05 2.560788e+05 2.560033e+05 2.504888e+05 2.418021e+05 2.156939e+05 2.063608e+05 1.983979e+05 1.858218e+05 1.765730e+05 1.696145e+05 1.642381e+05 1.599504e+05 1.564009e+05 1.533412e+05 1.410285e+05 1.303200e+05 1.210400e+05 1.134369e+05 1.073495e+05 1.024721e+05 9.525781e+04 9.022992e+04 8.660284e+04 8.402124e+04 8.233794e+04 8.150156e+04
2.354403e+05 2.354404e+05 2.354404e+05 2.354360e+05 2.354031e+05 2.322239e+05 2.270554e+05 2.082470e+05 2.002191e+05 1.935855e+05 1.827346e+05 1.744418e+05 1.680610e+05 1.630605e+05 1.590304e+05 1.556638e+05 1.527370e+05 1.407282e+05 1.301109e+05 1.208747e+05 1.133016e+05 1.072376e+05 1.023785e+05 9.519017e+04 9.017870e+04 8.656281e+04 8.398963e+04 8.231342e+04 8.148356e+04
2.200502e+05 2.200502e+05 2.200503e+05 2.200484e+05 2.200318e+05 2.182750e+05 2.138406e+05 2.021049e+05 1.947628e+05 1.888240e+05 1.795230e+05 1.722089e+05 1.664358e+05 1.618326e+05 1.580744e+05 1.549001e+05 1.521125e+05 1.404191e+05 1.298961e+05 1.207053e+05 1.131636e+05 1.071237e+05 1.022836e+05 9.512173e+04 9.012700e+04 8.652244e+04 8.395780e+04 8.228876e+04 8.146547e+04
2.079438e+05 2.079438e+05 2.079438e+05 2.079427e+05 2.079334e+05 2.069145e+05 2.032002e+05 1.960773e+05 1.901742e+05 1.846582e+05 1.763067e+05 1.699140e+05 1.647555e+05 1.605627e+05 1.570870e+05 1.541126e+05 1.514695e+05 1.401016e+05 1.296755e+05 1.205319e+05 1.130227e+05 1.070078e+05 1.021872e+05 9.505249e+04 9.007481e+04 8.648176e+04 8.392575e+04 8.226395e+04 8.144731e+04
1.980719e+05 1.980719e+05 1.980719e+05 1.980713e+05 1.980658e+05 1.974414e+05 1.945959e+05 1.898999e+05 1.857826e+05 1.811066e+05 1.732619e+05 1.676123e+05 1.630425e+05 1.592616e+05 1.560741e+05 1.533047e+05 1.508099e+05 1.397756e+05 1.294492e+05 1.203545e+05 1.128790e+05 1.068899e+05 1.020894e+05 9.498247e+04 9.002212e+04 8.644074e+04 8.389348e+04 8.223900e+04 8.142906e+04
1.898197e+05 1.898197e+05 1.898197e+05 1.898196e+05 1.898165e+05 1.894404e+05 1.874369e+05 1.838809e+05 1.813373e+05 1.777593e+05 1.706367e+05 1.653784e+05 1.613261e+05 1.579426e+05 1.550424e+05 1.524802e+05 1.501362e+05 1.394415e+05 1.292170e+05 1.201730e+05 1.127325e+05 1.067701e+05 1.019901e+05 9.491165e+04 8.996895e+04 8.639941e+04 8.386100e+04 8.221391e+04 8.141074e+04
1.828099e+05 1.828099e+05 1.828101e+05 1.828154e+05 1.828265e+05 1.827201e+05 1.813912e+05 1.783664e+05 1.768938e+05 1.744224e+05 1.683563e+05 1.633162e+05 1.596441e+05 1.566230e+05 1.540009e+05 1.516440e+05 1.494510e+05 1.390994e+05 1.289790e+05 1.199873e+05 1.125831e+05 1.066482e+05 1.018895e+05 9.484004e+04 8.991528e+04 8.635775e+04 8.382829e+04 8.218868e+04 8.139233e+04
1.773184e+05 1.773184e+05 1.773184e+05 1.773190e+05 1.773193e+05 1.772007e+05 1.762587e+05 1.735179e+05 1.726261e+05 1.710658e+05 1.662406e+05 1.615497e+05 1.580452e+05 1.553242e+05 1.529600e+05 1.508017e+05 1.487576e+05 1.387496e+05 1.287352e+05 1.197975e+05 1.124309e+05 1.065244e+05 1.017874e+05 9.476765e+04 8.986113e+04 8.631577e+04 8.379537e+04 8.216331e+04 8.137385e+04
1.591400e+05 1.591400e+05 1.591400e+05 1.591406e+05 1.591421e+05 1.591363e+05 1.589385e+05 1.574953e+05 1.568404e+05 1.565465e+05 1.560701e+05 1.545574e+05 1.523603e+05 1.501989e+05 1.483457e+05 1.467969e+05 1.453326e+05 1.368959e+05 1.274281e+05 1.187861e+05 1.116268e+05 1.058754e+05 1.012559e+05 9.439392e+04 8.958311e+04 8.610105e+04 8.362754e+04 8.203438e+04 8.128027e+04
1.492553e+05 1.492553e+05 1.492553e+05 1.492557e+05 1.492569e+05 1.492790e+05 1.492816e+05 1.488469e+05 1.484183e+05 1.480674e+05 1.479920e+05 1.482384e+05 1.479687e+05 1.470327e+05 1.456989e+05 1.442198e+05 1.427179e+05 1.349217e+05 1.259781e+05 1.176703e+05 1.107511e+05 1.051771e+05 1.006894e+05 9.400086e+04 8.929309e+04 8.587838e+04 8.345436e+04 8.190203e+04 8.118482e+04
1.438984e+05 1.438984e+05 1.438984e+05 1.438988e+05 1.438999e+05 1.439332e+05 1.439963e+05 1.439699e+05 1.438116e+05 1.435938e+05 1.433490e+05 1.436175e+05 1.440370e+05 1.440919e+05 1.435730e+05 1.425527e+05 1.411980e+05 1.329724e+05 1.244035e+05 1.164540e+05 1.098056e+05 1.044308e+05 1.000889e+05 9.358891e+04 8.899131e+04 8.564790e+04 8.327595e+04 8.176636e+04 8.108758e+04
1.412851e+05 1.412851e+05 1.412852e+05 1.412855e+05 1.412865e+05 1.413110e+05 1.413633e+05 1.414395e+05 1.414141e+05 1.413285e+05 1.410885e+05 1.410422e+05 1.412579e+05 1.414693e+05 1.413648e+05 1.407882e+05 1.397525e+05 1.313422e+05 1.227508e+05 1.151497e+05 1.087956e+05 1.036390e+05 9.945599e+04 9.315870e+04 8.867805e+04 8.540975e+04 8.309239e+04 8.162744e+04 8.098866e+04
1.400960e+05 1.400960e+05 1.400960e+05 1.400963e+05 1.400972e+05 1.401234e+05 1.401878e+05 1.403401e+05 1.403825e+05 1.403690e+05 1.401494e+05 1.398150e+05 1.395676e+05 1.394165e+05 1.392015e+05 1.387396e+05 1.379271e+05 1.299611e+05 1.211105e+05 1.137826e+05 1.077305e+05 1.028063e+05 9.879302e+04 9.271109e+04 8.835366e+04 8.516410e+04 8.290382e+04 8.148539e+04 8.088816e+04
1.400652e+05 1.400652e+05 1.400652e+05 1.400655e+05 1.400663e+05 1.400883e+05 1.401453e+05 1.402641e+05 1.402582e+05 1.401749e+05 1.397482e+05 1.390645e+05 1.383275e+05 1.376731e+05 1.370886e+05 1.364642e+05 1.356791e+05 1.284616e+05 1.196323e+05 1.123944e+05 1.066262e+05 1.019399e+05 9.810360e+04 9.224723e+04 8.801859e+04 8.491118e+04 8.271035e+04 8.134032e+04 8.078618e+04
1.408106e+05 1.408106e+05 1.408106e+05 1.408109e+05 1.408116e+05 1.408220e+05 1.407633e+05 1.403732e+05 1.400803e+05 1.397321e+05 1.388751e+05 1.378423e+05 1.367475e+05 1.357142e+05 1.347912e+05 1.339403e+05 1.330756e+05 1.266525e+05 1.182511e+05 1.110510e+05 1.055057e+05 1.010498e+05 9.739268e+04 9.176859e+04 8.767340e+04 8.465125e+04 8.251217e+04 8.119235e+04 8.068285e+04
1.386409e+05 1.386409e+05 1.386409e+05 1.386407e+05 1.386399e+05 1.386157e+05 1.385195e+05 1.380579e+05 1.377257e+05 1.373439e+05 1.364512e+05 1.354093e+05 1.342784e+05 1.331487e+05 1.320890e+05 1.311130e+05 1.301848e+05 1.244985e+05 1.168376e+05 1.098360e+05 1.044008e+05 1.001495e+05 9.666682e+04 9.127710e+04 8.731879e+04 8.438462e+04 8.230944e+04 8.104163e+04 8.057829e+04
1.337023e+05 1.337023e+05 1.337023e+05 1.337023e+05 1.337022e+05 1.336964e+05 1.336712e+05 1.335192e+05 1.333722e+05 1.331716e+05 1.326120e+05 1.318592e+05 1.309562e+05 1.299720e+05 1.289778e+05 1.280181e+05 1.270991e+05 1.220751e+05 1.153254e+05 1.086989e+05 1.033582e+05 9.925671e+04 9.593440e+04 9.077515e+04 8.695561e+04 8.411167e+04 8.210238e+04 8.088831e+04 8.047265e+04
1.289314e+05 1.289314e+05 1.289314e+05 1.289313e+05 1.289312e+05 1.289253e+05 1.289062e+05 1.288225e+05 1.287484e+05 1.286450e+05 1.283310e+05 1.278573e+05 1.272268e+05 1.264719e+05 1.256443e+05 1.247927e+05 1.239461e+05 1.195076e+05 1.136956e+05 1.075840e+05 1.024196e+05 9.839400e+04 9.520580e+04 9.026571e+04 8.658490e+04 8.383284e+04 8.189124e+04 8.073257e+04 8.036608e+04
1.245234e+05 1.245234e+05 1.245234e+05 1.245234e+05 1.245234e+05 1.245234e+05 1.245203e+05 1.244875e+05 1.244511e+05 1.243970e+05 1.242209e+05 1.239314e+05 1.235113e+05 1.229638e+05 1.223145e+05 1.216008e+05 1.208560e+05 1.169207e+05 1.119670e+05 1.064583e+05 1.015470e+05 9.759460e+04 9.449383e+04 8.975233e+04 8.620792e+04 8.354869e+04 8.167633e+04 8.057462e+04 8.025874e+04
1.206671e+05 1.206671e+05 1.206671e+05 1.206671e+05 1.206671e+05 1.206678e+05 1.206677e+05 1.206550e+05 1.206374e+05 1.206087e+05 1.205067e+05 1.203259e+05 1.200447e+05 1.196514e+05 1.191519e+05 1.185678e+05 1.179275e+05 1.144126e+05 1.101812e+05 1.053054e+05 1.007101e+05 9.687509e+04 9.381472e+04 8.923928e+04 8.582619e+04 8.325986e+04 8.145797e+04 8.041468e+04 8.015082e+04
1.173268e+05 1.173268e+05 1.173268e+05 1.173269e+05 1.173269e+05 1.173282e+05 1.173305e+05 1.173266e+05 1.173160e+05 1.172976e+05 1.172304e+05 1.171089e+05 1.169130e+05 1.166253e+05 1.162390e+05 1.157628e+05 1.152162e+05 1.120476e+05 1.083876e+05 1.041227e+05 9.988826e+04 9.620815e+04 9.319231e+04 8.873157e+04 8.544148e+04 8.296710e+04 8.123657e+04 8.025301e+04 8.004252e+04
1.144440e+05 1.144440e+05 1.144440e+05 1.144440e+05 1.144440e+05 1.144422e+05 1.144377e+05 1.144235e+05 1.144127e+05 1.143975e+05 1.143481e+05 1.142613e+05 1.141193e+05 1.139031e+05 1.136000e+05 1.132092e+05 1.127420e+05 1.098599e+05 1.066319e+05 1.029184e+05 9.906781e+04 9.557474e+04 9.262951e+04 8.823510e+04 8.505585e+04 8.267132e+04 8.101260e+04 8.008990e+04 7.993406e+04
1.118226e+05 1.118226e+05 1.118226e+05 1.118226e+05 1.118227e+05 1.118249e+05 1.118302e+05 1.118382e+05 1.118369e+05 1.118308e+05 1.118006e+05 1.117397e+05 1.116347e+05 1.114687e+05 1.112269e+05 1.109030e+05 1.105019e+05 1.078614e+05 1.049500e+05 1.017073e+05 9.824119e+04 9.496065e+04 9.210707e+04 8.775699e+04 8.467170e+04 8.237353e+04 8.078657e+04 7.992569e+04 7.982569e+04
1.095868e+05 1.095868e+05 1.095868e+05 1.095868e+05 1.095868e+05 1.095857e+05 1.095837e+05 1.095803e+05 1.095774e+05 1.095722e+05 1.095501e+05 1.095050e+05 1.094249e+05 1.092945e+05 1.090983e+05 1.088271e+05 1.084808e+05 1.060495e+05 1.033663e+05 1.005067e+05 9.740627e+04 9.435510e+04 9.161206e+04 8.730671e+04 8.429180e+04 8.207493e+04 8.055912e+04 7.976076e+04 7.971769e+04
1.075586e+05 1.075586e+05 1.075586e+05 1.075586e+05 1.075586e+05 1.075603e+05 1.075644e+05 1.075706e+05 1.075705e+05 1.075675e+05 1.075514e+05 1.075168e+05 1.074542e+05 1.073499e+05 1.071887e+05 1.069596e+05 1.066591e+05 1.044135e+05 1.018943e+05 9.933366e+04 9.656522e+04 9.375051e+04 9.113427e+04 8.689632e+04 8.391931e+04 8.177688e+04 8.033092e+04 7.959552e+04 7.961034e+04
1.057829e+05 1.057829e+05 1.057829e+05 1.057829e+05 1.057829e+05 1.057827e+05 1.057821e+05 1.057808e+05 1.057794e+05 1.057767e+05 1.057643e+05 1.057380e+05 1.056894e+05 1.056058e+05 1.054727e+05 1.052783e+05 1.050169e+05 1.029387e+05 1.005390e+05 9.820238e+04 9.572308e+04 9.314226e+04 9.066547e+04 8.651874e+04 8.355800e+04 8.148090e+04 8.010277e+04 7.943045e+04 7.950399e+04
1.041484e+05 1.041484e+05 1.041484e+05 1.041484e+05 1.041485e+05 1.041505e+05 1.041548e+05 1.041625e+05 1.041641e+05 1.041639e+05 1.041571e+05 1.041393e+05 1.041035e+05 1.040381e+05 1.039290e+05 1.037641e+05 1.035362e+05 1.016097e+05 9.929899e+04 9.712359e+04 9.488646e+04 9.252838e+04 9.019926e+04 8.616469e+04 8.321248e+04 8.118874e+04 7.987556e+04 7.926609e+04 7.939899e+04
1.027119e+05 1.027119e+05 1.027119e+05 1.027119e+05 1.027119e+05 1.027119e+05 1.027114e+05 1.027107e+05 1.027109e+05 1.027109e+05 1.027089e+05 1.027004e+05 1.026776e+05 1.026291e+05 1.025411e+05 1.024015e+05 1.022022e+05 1.004111e+05 9.816885e+04 9.610420e+04 9.406230e+04 9.190904e+04 8.973099e+04 8.582751e+04 8.288954e+04 8.090239e+04 7.965028e+04 7.910302e+04 7.929575e+04
1.013674e+05 1.013674e+05 1.013674e+05 1.013674e+05 1.013675e+05 1.013697e+05 1.013749e+05 1.013858e+05 1.013912e+05 1.013967e+05 1.014062e+05 1.014101e+05 1.014009e+05 1.013677e+05 1.012975e+05 1.011785e+05 1.010026e+05 9.932853e+04 9.714042e+04 9.514761e+04 9.325705e+04 9.128602e+04 8.925767e+04 8.550164e+04 8.259320e+04 8.062412e+04 7.942804e+04 7.894189e+04 7.919471e+04
1.001892e+05 1.001892e+05 1.001892e+05 1.001892e+05 1.001892e+05 1.001905e+05 1.001951e+05 1.002123e+05 1.002232e+05 1.002345e+05 1.002550e+05 1.002689e+05 1.002694e+05 1.002466e+05 1.001887e+05 1.000845e+05 9.992604e+04 9.834836e+04 9.620411e+04 9.425429e+04 9.247608e+04 9.066215e+04 8.877781e+04 8.518239e+04 8.231684e+04 8.035665e+04 7.921008e+04 7.878343e+04 7.909635e+04
9.920038e+04 9.920038e+04 9.920038e+04 9.920039e+04 9.920044e+04 9.920198e+04 9.920701e+04 9.922399e+04 9.923376e+04 9.924354e+04 9.926149e+04 9.927414e+04 9.927526e+04 9.925526e+04 9.920268e+04 9.910675e+04 9.895953e+04 9.745748e+04 9.534974e+04 9.342244e+04 9.172340e+04 9.004073e+04 8.829117e+04 8.486578e+04 8.205571e+04 8.010344e+04 7.899779e+04 7.862843e+04 7.900119e+04
9.838810e+04 9.838810e+04 9.838810e+04 9.838810e+04 9.838809e+04 9.838769e+04 9.838669e+04 9.838637e+04 9.838784e+04 9.839030e+04 9.839664e+04 9.840109e+04 9.839684e+04 9.837412e+04 9.832160e+04 9.822875e+04 9.808768e+04 9.664324e+04 9.456709e+04 9.264867e+04 9.100163e+04 8.942516e+04 8.779851e+04 8.454860e+04 8.180610e+04 7.986962e+04 7.879273e+04 7.847776e+04 7.890980e+04
9.759422e+04 9.759422e+04 9.759422e+04 9.759423e+04 9.759425e+04 9.759506e+04 9.759756e+04 9.760464e+04 9.760794e+04 9.761078e+04 9.761473e+04 9.761467e+04 9.760558e+04 9.757891e+04 9.752422e+04 9.743160e+04 9.729353e+04 9.589356e+04 9.384632e+04 9.192852e+04 9.031210e+04 8.881862e+04 8.730130e+04 8.422836e+04 8.156489e+04 7.965447e+04 7.859671e+04 7.833240e+04 7.882281e+04
9.688777e+04 9.688777e+04 9.688777e+04 9.688776e+04 9.688776e+04 9.688782e+04 9.688847e+04 9.689135e+04 9.689314e+04 9.689468e+04 9.689582e+04 9.689205e+04 9.687871e+04 9.684808e+04 9.679061e+04 9.669712e+04 9.656056e+04 9.519735e+04 9.317832e+04 9.125700e+04 8.965501e+04 8.822382e+04 8.680147e+04 8.390330e+04 8.132936e+04 7.945391e+04 7.841189e+04 7.819340e+04 7.874089e+04
9.621996e+04 9.621996e+04 9.621996e+04 9.621998e+04 9.622002e+04 9.622105e+04 9.622320e+04 9.622663e+04 9.622739e+04 9.622741e+04 9.622464e+04 9.621638e+04 9.619851e+04 9.616395e+04 9.610381e+04 9.600947e+04 9.587422e+04 9.454488e+04 9.255493e+04 9.062896e+04 8.902972e+04 8.764298e+04 8.630117e+04 8.357230e+04 8.109719e+04 7.926529e+04 7.824123e+04 7.806193e+04 7.866477e+04
9.559951e+04 9.559951e+04 9.559951e+04 9.559951e+04 9.559949e+04 9.559895e+04 9.559755e+04 9.559502e+04 9.559362e+04 9.559153e+04 9.558418e+04 9.557115e+04 9.554903e+04 9.551138e+04 9.544971e+04 9.535567e+04 9.522268e+04 9.392819e+04 9.196911e+04 9.003933e+04 8.843490e+04 8.707772e+04 8.580258e+04 8.323486e+04 8.086643e+04 7.908646e+04 7.808798e+04 7.793932e+04 7.859524e+04
9.497391e+04 9.497391e+04 9.497391e+04 9.497392e+04 9.497395e+04 9.497490e+04 9.497694e+04 9.497721e+04 9.497451e+04 9.497022e+04 9.495790e+04 9.494091e+04 9.491652e+04 9.487832e+04 9.481776e+04 9.472638e+04 9.459758e+04 9.334130e+04 9.141499e+04 8.948338e+04 8.786880e+04 8.652913e+04 8.530779e+04 8.289101e+04 8.063548e+04 7.891562e+04 7.794974e+04 7.782710e+04 7.853317e+04
9.437851e+04 9.437851e+04 9.437851e+04 9.437849e+04 9.437843e+04 9.437646e+04 9.437093e+04 9.435692e+04 9.434993e+04 9.434304e+04 9.432910e+04 9.431352e+04 9.429229e+04 9.425835e+04 9.420285e+04 9.411724e+04 9.399491e+04 9.278018e+04 9.088779e+04 8.895679e+04 8.732940e+04 8.599781e+04 8.481870e+04 8.254125e+04 8.040311e+04 7.875120e+04 7.782429e+04 7.772714e+04 7.847949e+04
9.368871e+04 9.368871e+04 9.368871e+04 9.368872e+04 9.368876e+04 9.368972e+04 9.369214e+04 9.369624e+04 9.369706e+04 9.369718e+04 9.369564e+04 9.369096e+04 9.367950e+04 9.365446e+04 9.360724e+04 9.352959e+04 9.341514e+04 9.224244e+04 9.038373e+04 8.845572e+04 8.681455e+04 8.548396e+04 8.433696e+04 8.218641e+04 8.016846e+04 7.859184e+04 7.771006e+04 7.764218e+04 7.843525e+04
9.305931e+04 9.305931e+04 9.305931e+04 9.305932e+04 9.305933e+04 9.305974e+04 9.306111e+04 9.306822e+04 9.307344e+04 9.307900e+04 9.308924e+04 9.309575e+04 9.309429e+04 9.307813e+04 9.303896e+04 9.296884e+04 9.286167e+04 9.172671e+04 8.989979e+04 8.797676e+04 8.632209e+04 8.498746e+04 8.386396e+04 8.182759e+04 7.993098e+04 7.843639e+04 7.760582e+04 7.757328e+04 7.840163e+04
9.249292e+04 9.249292e+04 9.249292e+04 9.249294e+04 9.249299e+04 9.249476e+04 9.249966e+04 9.251299e+04 9.252003e+04 9.252700e+04 9.254004e+04 9.254992e+04 9.255234e+04 9.254036e+04 9.250558e+04 9.244003e+04 9.233769e+04 9.123192e+04 8.943346e+04 8.751697e+04 8.584994e+04 8.450792e+04 8.340081e+04 8.146610e+04 7.969046e+04 7.828390e+04 7.751050e+04 7.751838e+04 7.837998e+04
9.204029e+04 9.204029e+04 9.204029e+04 9.204029e+04 9.204027e+04 9.203984e+04 9.203871e+04 9.203857e+04 9.204035e+04 9.204309e+04 9.204999e+04 9.205599e+04 9.205619e+04 9.204327e+04 9.200858e+04 9.194403e+04 9.184347e+04 9.075669e+04 8.898259e+04 8.707378e+04 8.539609e+04 8.404481e+04 8.294840e+04 8.110335e+04 7.944697e+04 7.813363e+04 7.742317e+04 7.747621e+04 7.837202e+04
9.158036e+04 9.158036e+04 9.158036e+04 9.158038e+04 9.158041e+04 9.158150e+04 9.158438e+04 9.159092e+04 9.159356e+04 9.159576e+04 9.159920e+04 9.160066e+04 9.159658e+04 9.158018e+04 9.154298e+04 9.147690e+04 9.137580e+04 9.029907e+04 8.854523e+04 8.664497e+04 8.495874e+04 8.359746e+04 8.250738e+04 8.074080e+04 7.920084e+04 7.798501e+04 7.734306e+04 7.744584e+04 7.838012e+04
9.118092e+04 9.118092e+04 9.118092e+04 9.118091e+04 9.118090e+04 9.118030e+04 9.117885e+04 9.117602e+04 9.117503e+04 9.117422e+04 9.117265e+04 9.116962e+04 9.116132e+04 9.114108e+04 9.110063e+04 9.103204e+04 9.092924e+04 8.985664e+04 8.811959e+04 8.622864e+04 8.453623e+04 8.316516e+04 8.207823e+04 8.037994e+04 7.895262e+04 7.783769e+04 7.726950e+04 7.742653e+04 7.840378e+04
9.075757e+04 9.075757e+04 9.075757e+04 9.075758e+04 9.075760e+04 9.075804e+04 9.075868e+04 9.075904e+04 9.075876e+04 9.075818e+04 9.075588e+04 9.075092e+04 9.073995e+04 9.071679e+04 9.067355e+04 9.060257e+04 9.049795e+04 8.942681e+04 8.770406e+04 8.582319e+04 8.412713e+04 8.274722e+04 8.166127e+04 8.002221e+04 7.870305e+04 7.769150e+04 7.720195e+04 7.741765e+04 7.844170e+04
9.034266e+04 9.034266e+04 9.034266e+04 9.034266e+04 9.034267e+04 9.034303e+04 9.034400e+04 9.034664e+04 9.034750e+04 9.034765e+04 9.034538e+04 9.033905e+04 9.032606e+04 9.030075e+04 9.025550e+04 9.018283e+04 9.007693e+04 8.900722e+04 8.729727e+04 8.542731e+04 8.373019e+04 8.234294e+04 8.125671e+04 7.966899e+04 7.845302e+04 7.754643e+04 7.713998e+04 7.741867e+04 7.849311e+04
8.995424e+04 8.995424e+04 8.995424e+04 8.995425e+04 8.995425e+04 8.995439e+04 8.995426e+04 8.995186e+04 8.994963e+04 8.994683e+04 8.993968e+04 8.992998e+04 8.991480e+04 8.988811e+04 8.984200e+04 8.976879e+04 8.966262e+04 8.859604e+04 8.689813e+04 8.503996e+04 8.334439e+04 8.195171e+04 8.086469e+04 7.932159e+04 7.820353e+04 7.740264e+04 7.708327e+04 7.742914e+04 7.855747e+04
8.955375e+04 8.955375e+04 8.955375e+04 8.955375e+04 8.955372e+04 8.955296e+04 8.955064e+04 8.954328e+04 8.953899e+04 8.953459e+04 8.952566e+04 8.951570e+04 8.950119e+04 8.947558e+04 8.943063e+04 8.935850e+04 8.925330e+04 8.819208e+04 8.650585e+04 8.466039e+04 8.296892e+04 8.157300e+04 8.048529e+04 7.898123e+04 7.795565e+04 7.726045e+04 7.703162e+04 7.744870e+04 7.863431e+04
8.910173e+04 8.910173e+04 8.910173e+04 8.910173e+04 8.910174e+04 8.910189e+04 8.910220e+04 8.910234e+04 8.910209e+04 8.910163e+04 8.909986e+04 8.909589e+04 8.908624e+04 8.906448e+04 8.902255e+04 8.895276e+04 8.884936e+04 8.779474e+04 8.611992e+04 8.428808e+04 8.260318e+04 8.120636e+04 8.011856e+04 7.864903e+04 7.771053e+04 7.712031e+04 7.698494e+04 7.747704e+04 7.872329e+04
8.865882e+04 8.865882e+04 8.865882e+04 8.865883e+04 8.865886e+04 8.865975e+04 8.866210e+04 8.866913e+04 8.867298e+04 8.867659e+04 8.868220e+04 8.868426e+04 8.867934e+04 8.866125e+04 8.862210e+04 8.855441e+04 8.845260e+04 8.740385e+04 8.574009e+04 8.392273e+04 8.224674e+04 8.085147e+04 7.976455e+04 7.832603e+04 7.746932e+04 7.698278e+04 7.694326e+04 7.751393e+04 7.882411e+04
8.827611e+04 8.827611e+04 8.827611e+04 8.827612e+04 8.827615e+04 8.827685e+04 8.827834e+04 8.828258e+04 8.828502e+04 8.828749e+04 8.829183e+04 8.829369e+04 8.828916e+04 8.827165e+04 8.823309e+04 8.816590e+04 8.806453e+04 8.701929e+04 8.536626e+04 8.356427e+04 8.189939e+04 8.050809e+04 7.942332e+04 7.801319e+04 7.723321e+04 7.684853e+04 7.690668e+04 7.755923e+04 7.893651e+04
8.792846e+04 8.792846e+04 8.792846e+04 8.792846e+04 8.792845e+04 8.792819e+04 8.792738e+04 8.792547e+04 8.792486e+04 8.792453e+04 8.792416e+04 8.792241e+04 8.791515e+04 8.789557e+04 8.785544e+04 8.778710e+04 8.768492e+04 8.664085e+04 8.499853e+04 8.321280e+04 8.156107e+04 8.017613e+04 7.909496e+04 7.771136e+04 7.700336e+04 7.671829e+04 7.687542e+04 7.761284e+04 7.906030e+04
8.756425e+04 8.756425e+04 8.756425e+04 8.756426e+04 8.756427e+04 8.756459e+04 8.756544e+04 8.756714e+04 8.756745e+04 8.756727e+04 8.756546e+04 8.756098e+04 8.755064e+04 8.752817e+04 8.748559e+04 8.741532e+04 8.731176e+04 8.626819e+04 8.463712e+04 8.286861e+04 8.123189e+04 7.985557e+04 7.877957e+04 7.742134e+04 7.678089e+04 7.659289e+04 7.684980e+04 7.767474e+04 7.919533e+04
8.722031e+04 8.722031e+04 8.722031e+04 8.722031e+04 8.722030e+04 8.722006e+04 8.721955e+04 8.721782e+04 8.721646e+04 8.721471e+04 8.720979e+04 8.720216e+04 8.718879e+04 8.716361e+04 8.711880e+04 8.704689e+04 8.694226e+04 8.590106e+04 8.428245e+04 8.253215e+04 8.091210e+04 7.954653e+04 7.847732e+04 7.714386e+04 7.656692e+04 7.647319e+04 7.683019e+04 7.774499e+04 7.934151e+04
8.686726e+04 8.686726e+04 8.686726e+04 8.686726e+04 8.686725e+04 8.686689e+04 8.686580e+04 8.686189e+04 8.685923e+04 8.685615e+04 8.684867e+04 8.683872e+04 8.682338e+04 8.679672e+04 8.675099e+04 8.667869e+04 8.657419e+04 8.553956e+04 8.393520e+04 8.220405e+04 8.060211e+04 7.924920e+04 7.818840e+04 7.687960e+04 7.636252e+04 7.636008e+04 7.681706e+04 7.782369e+04 7.949877e+04
8.648987e+04 8.648987e+04 8.648987e+04 8.648987e+04 8.648987e+04 8.648981e+04 8.648952e+04 8.648751e+04 8.648550e+04 8.648279e+04 8.647550e+04 8.646558e+04 8.645056e+04 8.642467e+04 8.638018e+04 8.630951e+04 8.620694e+04 8.518451e+04 8.359629e+04 8.188507e+04 8.030240e+04 7.896388e+04 7.791305e+04 7.662916e+04 7.616869e+04 7.625450e+04 7.681095e+04 7.791102e+04 7.966709e+04
8.610709e+04 8.610709e+04 8.610709e+04 8.610709e+04 8.610708e+04 8.610679e+04 8.610593e+04 8.610258e+04 8.610018e+04 8.609738e+04 8.609091e+04 8.608298e+04 8.607085e+04 8.604846e+04 8.600776e+04 8.594098e+04 8.584228e+04 8.483752e+04 8.326692e+04 8.157611e+04 8.001357e+04 7.869091e+04 7.765155e+04 7.639314e+04 7.598641e+04 7.615738e+04 7.681243e+04 7.800722e+04 7.984652e+04
8.570718e+04 8.570718e+04 8.570718e+04 8.570718e+04 8.570717e+04 8.570684e+04 8.570592e+04 8.570335e+04 8.570195e+04 8.570063e+04 8.569833e+04 8.569582e+04 8.568977e+04 8.567361e+04 8.563901e+04 8.557797e+04 8.548458e+04 8.450088e+04 8.294849e+04 8.127812e+04 7.973630e+04 7.843074e+04 7.740422e+04 7.617209e+04 7.581659e+04 7.606966e+04 7.682213e+04 7.811257e+04 8.003711e+04
8.529458e+04 8.529458e+04 8.529458e+04 8.529459e+04 8.529460e+04 8.529496e+04 8.529597e+04 8.529929e+04 8.530153e+04 8.530417e+04 8.531039e+04 8.531654e+04 8.531879e+04 8.531032e+04 8.528268e+04 8.522790e+04 8.514009e+04 8.417729e+04 8.264246e+04 8.099214e+04 7.947130e+04 7.818385e+04 7.717143e+04 7.596651e+04 7.566012e+04 7.599228e+04 7.684075e+04 7.822743e+04 8.023899e+04
8.491207e+04 8.491207e+04 8.491207e+04 8.491208e+04 8.491211e+04 8.491289e+04 8.491519e+04 8.492380e+04 8.492972e+04 8.493635e+04 8.495064e+04 8.496434e+04 8.497339e+04 8.497099e+04 8.494875e+04 8.489878e+04 8.481526e+04 8.386929e+04 8.235023e+04 8.071916e+04 7.921932e+04 7.795076e+04 7.695356e+04 7.577690e+04 7.551782e+04 7.592615e+04 7.686897e+04 7.835219e+04 8.045230e+04
8.459468e+04 8.459468e+04 8.459468e+04 8.459470e+04 8.459473e+04 8.459583e+04 8.459913e+04 8.461024e+04 8.461712e+04 8.462449e+04 8.463999e+04 8.465492e+04 8.466543e+04 8.466470e+04 8.464427e+04 8.459619e+04 8.451460e+04 8.357879e+04 8.207304e+04 8.046015e+04 7.898112e+04 7.773203e+04 7.675103e+04 7.560376e+04 7.539045e+04 7.587219e+04 7.690754e+04 7.848728e+04 8.067725e+04
8.436198e+04 8.436198e+04 8.436198e+04 8.436198e+04 8.436198e+04 8.436195e+04 8.436208e+04 8.436438e+04 8.436681e+04 8.437008e+04 8.437873e+04 8.438858e+04 8.439545e+04 8.439223e+04 8.437018e+04 8.432115e+04 8.423914e+04 8.330680e+04 8.181185e+04 8.021603e+04 7.875747e+04 7.752824e+04 7.656428e+04 7.544753e+04 7.527878e+04 7.583126e+04 7.695720e+04 7.863318e+04 8.091407e+04
8.414003e+04 8.414003e+04 8.414003e+04 8.414003e+04 8.414003e+04 8.413999e+04 8.413994e+04 8.414037e+04 8.414111e+04 8.414235e+04 8.414638e+04 8.415152e+04 8.415406e+04 8.414709e+04 8.412196e+04 8.407052e+04 8.398674e+04 8.305346e+04 8.156742e+04 7.998764e+04 7.854912e+04 7.734000e+04 7.639379e+04 7.530869e+04 7.518348e+04 7.580424e+04 7.701871e+04 7.879040e+04 8.116302e+04
8.391748e+04 8.391748e+04 8.391748e+04 8.391748e+04 8.391749e+04 8.391780e+04 8.391871e+04 8.392157e+04 8.392319e+04 8.392486e+04 8.392834e+04 8.393145e+04 8.393119e+04 8.392122e+04 8.389327e+04 8.383941e+04 8.375371e+04 8.281839e+04 8.134034e+04 7.977579e+04 7.835682e+04 7.716792e+04 7.624005e+04 7.518767e+04 7.510524e+04 7.579195e+04 7.709285e+04 7.895949e+04 8.142442e+04
8.371557e+04 8.371557e+04 8.371557e+04 8.371557e+04 8.371558e+04 8.371577e+04 8.371623e+04 8.371768e+04 8.371858e+04 8.371953e+04 8.372149e+04 8.372284e+04 8.372059e+04 8.370860e+04 8.367879e+04 8.362337e+04 8.353648e+04 8.260109e+04 8.113116e+04 7.958126e+04 7.818134e+04 7.701262e+04 7.610354e+04 7.508494e+04 7.504468e+04 7.579520e+04 7.718038e+04 7.914101e+04 8.169860e+04
8.352184e+04 8.352184e+04 8.352184e+04 8.352184e+04 8.352184e+04 8.352181e+04 8.352168e+04 8.352126e+04 8.352112e+04 8.352108e+04 8.352132e+04 8.352129e+04 8.351799e+04 8.350526e+04 8.347502e+04 8.341947e+04 8.333274e+04 8.240148e+04 8.094055e+04 7.940485e+04 7.802341e+04 7.687475e+04 7.598480e+04 7.500092e+04 7.500241e+04 7.581476e+04 7.728207e+04 7.933555e+04 8.198592e+04
8.332131e+04 8.332131e+04 8.332131e+04 8.332131e+04 8.332131e+04 8.332142e+04 8.332163e+04 8.332206e+04 8.332226e+04 8.332246e+04 8.332303e+04 8.332343e+04 8.332091e+04 8.330937e+04 8.328067e+04 8.322689e+04 8.314203e+04 8.222016e+04 8.076933e+04 7.924738e+04 7.788381e+04 7.675494e+04 7.588435e+04 7.493607e+04 7.497902e+04 7.585139e+04 7.739868e+04 7.954372e+04 8.228679e+04
8.312235e+04 8.312235e+04 8.312235e+04 8.312235e+04 8.312235e+04 8.312246e+04 8.312278e+04 8.312381e+04 8.312445e+04 8.312520e+04 8.312728e+04 8.312992e+04 8.313037e+04 8.312232e+04 8.309739e+04 8.304738e+04 8.296616e+04 8.205850e+04 8.061852e+04 7.910973e+04 7.776327e+04 7.665386e+04 7.580274e+04 7.489084e+04 7.497506e+04 7.590580e+04 7.753096e+04 7.976614e+04 8.260161e+04
8.292915e+04 8.292915e+04 8.292915e+04 8.292915e+04 8.292915e+04 8.292926e+04 8.292956e+04 8.293070e+04 8.293172e+04 8.293326e+04 8.293829e+04 8.294547e+04 8.295143e+04 8.294927e+04 8.293014e+04 8.288559e+04 8.280930e+04 8.191858e+04 8.048930e+04 7.899277e+04 7.766256e+04 7.657213e+04 7.574051e+04 7.486568e+04 7.499108e+04 7.597868e+04 7.767964e+04 8.000344e+04 8.293084e+04
8.274122e+04 8.274122e+04 8.274122e+04 8.274122e+04 8.274122e+04 8.274132e+04 8.274170e+04 8.274479e+04 8.274803e+04 8.275249e+04 8.276477e+04 8.278003e+04 8.279404e+04 8.279943e+04 8.278710e+04 8.274852e+04 8.267737e+04 8.180280e+04 8.038288e+04 7.889736e+04 7.758241e+04 7.651042e+04 7.569822e+04 7.486105e+04 7.502761e+04 7.607072e+04 7.784546e+04 8.025625e+04 8.327493e+04
8.256679e+04 8.256679e+04 8.256679e+04 8.256681e+04 8.256685e+04 8.256824e+04 8.257225e+04 8.258579e+04 8.259468e+04 8.260469e+04 8.262725e+04 8.265144e+04 8.267306e+04 8.268489e+04 8.267800e+04 8.264397e+04 8.257662e+04 8.171339e+04 8.030037e+04 7.882433e+04 7.752355e+04 7.646936e+04 7.567643e+04 7.487741e+04 7.508517e+04 7.618257e+04 7.802912e+04 8.052522e+04 8.363437e+04
8.248539e+04 8.248539e+04 8.248539e+04 8.248540e+04 8.248545e+04 8.248684e+04 8.249106e+04 8.250609e+04 8.251605e+04 8.252720e+04 8.255208e+04 8.257844e+04 8.260203e+04 8.261562e+04 8.261028e+04 8.257758e+04 8.251138e+04 8.165190e+04 8.024272e+04 7.877444e+04 7.748667e+04 7.644960e+04 7.567572e+04 7.491522e+04 7.516426e+04 7.631484e+04 7.823133e+04 8.081098e+04 8.400964e+04
8.250409e+04 8.250409e+04 8.250409e+04 8.250410e+04 8.250411e+04 8.250449e+04 8.250580e+04 8.251259e+04 8.251824e+04 8.252531e+04 8.254303e+04 8.256365e+04 8.258275e+04 8.259285e+04 8.258481e+04 8.255003e+04 8.248222e+04 8.161893e+04 8.021058e+04 7.874838e+04 7.747245e+04 7.645176e+04 7.569665e+04 7.497498e+04 7.526540e+04 7.646815e+04 7.845275e+04 8.111417e+04 8.440124e+04
8.255497e+04 8.255497e+04 8.255497e+04 8.255497e+04 8.255498e+04 8.255535e+04 8.255645e+04 8.256056e+04 8.256369e+04 8.256765e+04 8.257827e+04 8.259164e+04 8.260408e+04 8.260842e+04 8.259558e+04 8.255689e+04 8.248592e+04 8.161416e+04 8.020440e+04 7.874676e+04 7.748154e+04 7.647648e+04 7.573981e+04 7.505716e+04 7.538907e+04 7.664309e+04 7.869405e+04 8.143542e+04 8.480969e+04
8.262190e+04 8.262190e+04 8.262190e+04 8.262190e+04 8.262190e+04 8.262208e+04 8.262263e+04 8.262499e+04 8.262684e+04 8.262919e+04 8.263559e+04 8.264391e+04 8.265114e+04 8.265064e+04 8.263356e+04 8.259128e+04 8.251733e+04 8.163679e+04 8.022448e+04 7.877016e+04 7.751456e+04 7.652438e+04 7.580578e+04 7.516226e+04 7.553577e+04 7.684024e+04 7.895588e+04 8.177537e+04 8.523552e+04
8.269235e+04 8.269235e+04 8.269235e+04 8.269235e+04 8.269236e+04 8.269252e+04 8.269301e+04 8.269475e+04 8.269600e+04 8.269756e+04 8.270194e+04 8.270791e+04 8.271280e+04 8.271014e+04 8.269116e+04 8.264727e+04 8.257192e+04 8.168612e+04 8.027114e+04 7.881913e+04 7.757213e+04 7.659608e+04 7.589516e+04 7.529078e+04 7.570600e+04 7.706016e+04 7.923886e+04 8.213463e+04 8.567924e+04
8.276302e+04 8.276302e+04 8.276302e+04 8.276302e+04 8.276303e+04 8.276311e+04 8.276337e+04 8.276447e+04 8.276542e+04 8.276679e+04 8.277126e+04 8.277796e+04 8.278399e+04 8.278266e+04 8.276498e+04 8.272221e+04 8.264771e+04 8.176203e+04 8.034479e+04 7.889424e+04 7.765489e+04 7.669222e+04 7.600855e+04 7.544325e+04 7.590024e+04 7.730340e+04 7.954362e+04 8.251382e+04 8.614138e+04
8.282916e+04 8.282916e+04 8.282916e+04 8.282916e+04 8.282916e+04 8.282924e+04 8.282948e+04 8.283111e+04 8.283296e+04 8.283572e+04 8.284410e+04 8.285560e+04 8.286670e+04 8.287020e+04 8.285684e+04 8.281770e+04 8.274608e+04 8.186524e+04 8.044602e+04 7.899610e+04 7.776347e+04 7.681344e+04 7.614656e+04 7.562019e+04 7.611900e+04 7.757049e+04 7.987074e+04 8.291353e+04 8.662247e+04
8.289058e+04 8.289058e+04 8.289058e+04 8.289059e+04 8.289063e+04 8.289159e+04 8.289409e+04 8.290255e+04 8.290842e+04 8.291535e+04 8.293217e+04 8.295185e+04 8.297055e+04 8.298087e+04 8.297339e+04 8.293910e+04 8.287130e+04 8.199716e+04 8.057554e+04 7.912534e+04 7.789851e+04 7.696038e+04 7.630982e+04 7.582215e+04 7.636276e+04 7.786196e+04 8.022081e+04 8.333436e+04 8.712304e+04
8.299983e+04 8.299983e+04 8.299983e+04 8.299984e+04 8.299988e+04 8.300091e+04 8.300412e+04 8.301643e+04 8.302507e+04 8.303507e+04 8.305846e+04 8.308481e+04 8.310989e+04 8.312602e+04 8.312360e+04 8.309348e+04 8.302892e+04 8.215950e+04 8.073417e+04 7.928261e+04 7.806067e+04 7.713371e+04 7.649898e+04 7.604968e+04 7.663203e+04 7.817834e+04 8.059439e+04 8.377689e+04 8.764361e+04
8.318211e+04 8.318211e+04 8.318211e+04 8.318212e+04 8.318215e+04 8.318311e+04 8.318602e+04 8.319741e+04 8.320579e+04 8.321582e+04 8.324020e+04 8.326850e+04 8.329605e+04 8.331480e+04 8.331478e+04 8.328667e+04 8.322357e+04 8.235377e+04 8.092267e+04 7.946858e+04 7.825065e+04 7.733413e+04 7.671469e+04 7.630333e+04 7.692732e+04 7.852013e+04 8.099204e+04 8.424168e+04 8.818470e+04
8.342619e+04 8.342619e+04 8.342619e+04 8.342620e+04 8.342622e+04 8.342704e+04 8.342955e+04 8.343957e+04 8.344706e+04 8.345614e+04 8.347873e+04 8.350562e+04 8.353221e+04 8.355031e+04 8.354978e+04 8.352112e+04 8.345732e+04 8.258085e+04 8.114169e+04 7.968395e+04 7.846914e+04 7.756233e+04 7.695763e+04 7.658371e+04 7.724912e+04 7.888783e+04 8.141430e+04 8.472929e+04 8.874683e+04
8.371994e+04 8.371994e+04 8.371994e+04 8.371995e+04 8.371997e+04 8.372078e+04 8.372320e+04 8.373236e+04 8.373903e+04 8.374706e+04 8.376706e+04 8.379103e+04 8.381467e+04 8.382994e+04 8.382674e+04 8.379554e+04 8.372928e+04 8.284089e+04 8.139179e+04 7.992939e+04 7.871689e+04 7.781904e+04 7.722850e+04 7.689138e+04 7.759796e+04 7.928196e+04 8.186170e+04 8.524027e+04 8.933051e+04
8.405709e+04 8.405709e+04 8.405709e+04 8.405710e+04 8.405711e+04 8.405769e+04 8.405948e+04 8.406676e+04 8.407228e+04 8.407903e+04 8.409597e+04 8.411638e+04 8.413620e+04 8.414761e+04 8.414069e+04 8.410593e+04 8.403633e+04 8.313345e+04 8.167342e+04 8.020563e+04 7.899466e+04 7.810503e+04 7.752802e+04 7.722697e+04 7.797434e+04 7.970299e+04 8.233474e+04 8.577513e+04 8.993624e+04
8.442226e+04 8.442226e+04 8.442226e+04 8.442226e+04 8.442228e+04 8.442285e+04 8.442461e+04 8.443122e+04 8.443593e+04 8.444156e+04 8.445555e+04 8.447235e+04 8.448830e+04 8.449587e+04 8.448529e+04 8.444713e+04 8.437436e+04 8.345791e+04 8.198713e+04 8.051347e+04 7.930328e+04 7.842109e+04 7.785692e+04 7.759108e+04 7.837880e+04 8.015143e+04 8.283393e+04 8.633440e+04 9.056451e+04
8.481224e+04 8.481224e+04 8.481224e+04 8.481225e+04 8.481225e+04 8.481254e+04 8.481351e+04 8.481780e+04 8.482116e+04 8.482533e+04 8.483621e+04 8.484981e+04 8.486270e+04 8.486754e+04 8.485458e+04 8.481433e+04 8.473966e+04 8.381398e+04 8.233361e+04 8.085378e+04 7.964361e+04 7.876802e+04 7.821596e+04 7.798434e+04 7.881184e+04 8.062774e+04 8.335975e+04 8.691858e+04 9.121580e+04
