0.000000e+00 0.000000e+00 0.000000e+00 4.815662e-82 7.535341e-45 1.126136e-12 6.315952e-08 4.690598e-05 2.318896e-04 7.602306e-04 4.225948e-03 1.427852e-02 3.606731e-02 7.561556e-02 1.397253e-01 2.360651e-01 3.732928e-01 2.125222e+00 9.069927e+00 3.373639e+01 9.412635e+01 1.970632e+02 3.252132e+02 5.243286e+02 5.617722e+02 5.141644e+02 4.523650e+02 3.991552e+02 3.577662e+02
0.000000e+00 0.000000e+00 0.000000e+00 5.328265e-74 2.112079e-41 2.630135e-12 8.802821e-08 5.410214e-05 2.589067e-04 8.313852e-04 4.508305e-03 1.501748e-02 3.758661e-02 7.829534e-02 1.439916e-01 2.423888e-01 3.821932e-01 2.157795e+00 9.172037e+00 3.403583e+01 9.481117e+01 1.982648e+02 3.268960e+02 5.263122e+02 5.633284e+02 5.152007e+02 4.530241e+02 3.995745e+02 3.580382e+02
0.000000e+00 0.000000e+00 3.659081e-280 2.311080e-64 8.337438e-37 1.122465e-11 1.475030e-07 6.530807e-05 2.975071e-04 9.272800e-04 4.861678e-03 1.590175e-02 3.935085e-02 8.134071e-02 1.487619e-01 2.493708e-01 3.919214e-01 2.192351e+00 9.278845e+00 3.434642e+01 9.551735e+01 1.994985e+02 3.286178e+02 5.283317e+02 5.649070e+02 5.162489e+02 4.536894e+02 3.999971e+02 3.583119e+02
0.000000e+00 0.000000e+00 5.494689e-230 1.541362e-54 5.028729e-32 6.393786e-11 2.905771e-07 8.249719e-05 3.519025e-04 1.055063e-03 5.300639e-03 1.695447e-02 4.139182e-02 8.479164e-02 1.540835e-01 2.570654e-01 4.025382e-01 2.228987e+00 9.390527e+00 3.466851e+01 9.624547e+01 2.007650e+02 3.303795e+02 5.303876e+02 5.665082e+02 5.173093e+02 4.543609e+02 4.004229e+02 3.585873e+02
0.000000e+00 0.000000e+00 9.845593e-180 1.226487e-44 3.616278e-27 4.291476e-10 6.291278e-07 1.090805e-04 4.281941e-04 1.224111e-03 5.842427e-03 1.820168e-02 4.374435e-02 8.869111e-02 1.600070e-01 2.655297e-01 4.141072e-01 2.267799e+00 9.507264e+00 3.500247e+01 9.699609e+01 2.020650e+02 3.321818e+02 5.324804e+02 5.681324e+02 5.183818e+02 4.550387e+02 4.008518e+02 3.588643e+02
0.000000e+00 1.039104e-246 1.943495e-129 1.075101e-34 2.864340e-22 3.156124e-09 1.459058e-06 1.502743e-04 5.361850e-04 1.447565e-03 6.508097e-03 1.967322e-02 4.644689e-02 9.308549e-02 1.665858e-01 2.748238e-01 4.266946e-01 2.308888e+00 9.629239e+00 3.534865e+01 9.776980e+01 2.033993e+02 3.340255e+02 5.346107e+02 5.697796e+02 5.194667e+02 4.557228e+02 4.012841e+02 3.591431e+02
0.000000e+00 6.015892e-146 4.078665e-79 1.001899e-24 2.411856e-17 2.457475e-08 3.562543e-06 2.127829e-04 6.886433e-04 1.745314e-03 7.324391e-03 2.140398e-02 4.954246e-02 9.802525e-02 1.738771e-01 2.850111e-01 4.403696e-01 2.352358e+00 9.756641e+00 3.570742e+01 9.856719e+01 2.047687e+02 3.359113e+02 5.367789e+02 5.714503e+02 5.205639e+02 4.564131e+02 4.017195e+02 3.594236e+02
7.164800e-173 3.633228e-45 8.929030e-29 9.738087e-15 2.108818e-12 1.976258e-07 8.972831e-06 3.068541e-04 8.998976e-04 2.139924e-03 8.326863e-03 2.343599e-02 5.308006e-02 1.035659e-01 1.819425e-01 2.961588e-01 4.552050e-01 2.398313e+00 9.889663e+00 3.607917e+01 9.938888e+01 2.061740e+02 3.378402e+02 5.389856e+02 5.731445e+02 5.216736e+02 4.571098e+02 4.021582e+02 3.597058e+02
8.225883e-09 7.897172e-09 7.881215e-09 8.814747e-09 1.481306e-08 1.533724e-06 2.272699e-05 4.480501e-04 1.189347e-03 2.654589e-03 9.564908e-03 2.582126e-02 5.711662e-02 1.097694e-01 1.908486e-01 3.083384e-01 4.712770e-01 2.446863e+00 1.002850e+01 3.646427e+01 1.002355e+02 2.076158e+02 3.398128e+02 5.412314e+02 5.748626e+02 5.227958e+02 4.578129e+02 4.026001e+02 3.599896e+02
2.341067e-06 2.314506e-06 2.305531e-06 2.356237e-06 2.510987e-06 9.369476e-06 5.601538e-05 6.589943e-04 1.583094e-03 3.318460e-03 1.108272e-02 2.862708e-02 6.171966e-02 1.167060e-01 2.006689e-01 3.216268e-01 4.886668e-01 2.498120e+00 1.017336e+01 3.686313e+01 1.011076e+02 2.090951e+02 3.418301e+02 5.435168e+02 5.766047e+02 5.239306e+02 4.585223e+02 4.030452e+02 3.602752e+02
2.028505e-05 2.028750e-05 2.029244e-05 2.044958e-05 2.094400e-05 3.947306e-05 1.301222e-04 9.708828e-04 2.115320e-03 4.167906e-03 1.292305e-02 3.194010e-02 6.697120e-02 1.244564e-01 2.114850e-01 3.361076e-01 5.074607e-01 2.552198e+00 1.032445e+01 3.727615e+01 1.020060e+02 2.106126e+02 3.438928e+02 5.458424e+02 5.783711e+02 5.250781e+02 4.592381e+02 4.034936e+02 3.605624e+02
1.992407e-03 1.992536e-03 1.992590e-03 1.994524e-03 2.000585e-03 2.198491e-03 2.842468e-03 5.803841e-03 8.665939e-03 1.309548e-02 2.903794e-02 5.846526e-02 1.065371e-01 1.793551e-01 2.842757e-01 4.299990e-01 6.260567e-01 2.869251e+00 1.118097e+01 3.956854e+01 1.069140e+02 2.188030e+02 3.549183e+02 5.580917e+02 5.875764e+02 5.310091e+02 4.629139e+02 4.057843e+02 3.620239e+02
1.463684e-02 1.463680e-02 1.463692e-02 1.464090e-02 1.465318e-02 1.504164e-02 1.628941e-02 2.268155e-02 2.886485e-02 3.769130e-02 6.535044e-02 1.101493e-01 1.769671e-01 2.714447e-01 4.006032e-01 5.730211e-01 7.987589e-01 3.277107e+00 1.222805e+01 4.228182e+01 1.125815e+02 2.280792e+02 3.672121e+02 5.714289e+02 5.974250e+02 5.372694e+02 4.667527e+02 4.081563e+02 3.635271e+02
4.517309e-02 4.517315e-02 4.517334e-02 4.517943e-02 4.520101e-02 4.673372e-02 5.158631e-02 6.888284e-02 8.161164e-02 9.752635e-02 1.410384e-01 2.045157e-01 2.937326e-01 4.148255e-01 5.747338e-01 7.817300e-01 1.045677e+00 3.798505e+00 1.350073e+01 4.548039e+01 1.191064e+02 2.385600e+02 3.808925e+02 5.859268e+02 6.079463e+02 5.438683e+02 4.707566e+02 4.106097e+02 3.650716e+02
1.518812e-01 1.518814e-01 1.518820e-01 1.518990e-01 1.519521e-01 1.536666e-01 1.590880e-01 1.817566e-01 1.993540e-01 2.213966e-01 2.804345e-01 3.635431e-01 4.769717e-01 6.276905e-01 8.231626e-01 1.071597e+00 1.382445e+00 4.467622e+00 1.504324e+01 4.924037e+01 1.266000e+02 2.503766e+02 3.960868e+02 6.016604e+02 6.191693e+02 5.508143e+02 4.749271e+02 4.131438e+02 3.666565e+02
3.373662e-01 3.373664e-01 3.373671e-01 3.373904e-01 3.374635e-01 3.398250e-01 3.472166e-01 3.771700e-01 4.001220e-01 4.287510e-01 5.046105e-01 6.092311e-01 7.491845e-01 9.323675e-01 1.167249e+00 1.462608e+00 1.827891e+00 5.316939e+00 1.691488e+01 5.365457e+01 1.351912e+02 2.636759e+02 4.129337e+02 6.187076e+02 6.311226e+02 5.581149e+02 4.792650e+02 4.157582e+02 3.682812e+02
6.229263e-01 6.229266e-01 6.229276e-01 6.229589e-01 6.230565e-01 6.261383e-01 6.357498e-01 6.744856e-01 7.039309e-01 7.404137e-01 8.359308e-01 9.652982e-01 1.135336e+00 1.354815e+00 1.633337e+00 1.980643e+00 2.406749e+00 6.370950e+00 1.919942e+01 5.883965e+01 1.450324e+02 2.786240e+02 4.315851e+02 6.371493e+02 6.438339e+02 5.657767e+02 4.837709e+02 4.184517e+02 3.699445e+02
1.037785e+00 1.037785e+00 1.037786e+00 1.037826e+00 1.037949e+00 1.041822e+00 1.053876e+00 1.102283e+00 1.138923e+00 1.184153e+00 1.301774e+00 1.459360e+00 1.663907e+00 1.924746e+00 2.252302e+00 2.657203e+00 3.150315e+00 7.659013e+00 2.196636e+01 6.494898e+01 1.563073e+02 2.954121e+02 4.522096e+02 6.570699e+02 6.573306e+02 5.738057e+02 4.884444e+02 4.212230e+02 3.716452e+02
1.613519e+00 1.613519e+00 1.613521e+00 1.613568e+00 1.613715e+00 1.618424e+00 1.633110e+00 1.691958e+00 1.736396e+00 1.791153e+00 1.933228e+00 2.122892e+00 2.367394e+00 2.676119e+00 3.059651e+00 3.529035e+00 4.095952e+00 9.217404e+00 2.528021e+01 7.218288e+01 1.692422e+02 3.142633e+02 4.749963e+02 6.785581e+02 6.716392e+02 5.822063e+02 4.932845e+02 4.240703e+02 3.733821e+02
2.383639e+00 2.383639e+00 2.383641e+00 2.383696e+00 2.383870e+00 2.389480e+00 2.406996e+00 2.477102e+00 2.529977e+00 2.595160e+00 2.764764e+00 2.991764e+00 3.283449e+00 3.648417e+00 4.096481e+00 4.638479e+00 5.286783e+00 1.109138e+01 2.921977e+01 8.069416e+01 1.841306e+02 3.354414e+02 5.001592e+02 7.017076e+02 6.867858e+02 5.909823e+02 4.982898e+02 4.269917e+02 3.751535e+02
3.384373e+00 3.384374e+00 3.384376e+00 3.384441e+00 3.384644e+00 3.391203e+00 3.411699e+00 3.493803e+00 3.556027e+00 3.633253e+00 3.836146e+00 4.108999e+00 4.457772e+00 4.889071e+00 5.411142e+00 6.034259e+00 6.771648e+00 1.333601e+01 3.388101e+01 9.064595e+01 2.013166e+02 3.592657e+02 5.279436e+02 7.266180e+02 7.027955e+02 6.001362e+02 5.034580e+02 4.299847e+02 3.769577e+02
4.653381e+00 4.653382e+00 4.653384e+00 4.653461e+00 4.653700e+00 4.661305e+00 4.685008e+00 4.781384e+00 4.856348e+00 4.950658e+00 5.199727e+00 5.531642e+00 5.949050e+00 6.456305e+00 7.060406e+00 7.771529e+00 8.604435e+00 1.601621e+01 3.938272e+01 1.022336e+02 2.210437e+02 3.861469e+02 5.586341e+02 7.533963e+02 7.196933e+02 6.096694e+02 5.087862e+02 4.330466e+02 3.787930e+02
6.231469e+00 6.231469e+00 6.231472e+00 6.231558e+00 6.231827e+00 6.240544e+00 6.269808e+00 6.400876e+00 6.501990e+00 6.625613e+00 6.938841e+00 7.340094e+00 7.831738e+00 8.418373e+00 9.107240e+00 9.909289e+00 1.084167e+01 1.920691e+01 4.587269e+01 1.156890e+02 2.435881e+02 4.164984e+02 5.925703e+02 7.821576e+02 7.375035e+02 6.195824e+02 5.142709e+02 4.361745e+02 3.806574e+02
8.308991e+00 8.308992e+00 8.308996e+00 8.309110e+00 8.309466e+00 8.322368e+00 8.366690e+00 8.538132e+00 8.660674e+00 8.806732e+00 9.169198e+00 9.626942e+00 1.018317e+01 1.084265e+01 1.161256e+01 1.250450e+01 1.353851e+01 2.299438e+01 5.353420e+01 1.312896e+02 2.692691e+02 4.505930e+02 6.301867e+02 8.130277e+02 7.562502e+02 6.298743e+02 5.199080e+02 4.393651e+02 3.825489e+02
1.109067e+01 1.109068e+01 1.109068e+01 1.109081e+01 1.109120e+01 1.110375e+01 1.114278e+01 1.130099e+01 1.142185e+01 1.157094e+01 1.195343e+01 1.244802e+01 1.305573e+01 1.377967e+01 1.462597e+01 1.560673e+01 1.674577e+01 2.747928e+01 6.259368e+01 1.493690e+02 2.984513e+02 4.887463e+02 6.718316e+02 8.461450e+02 7.759574e+02 6.405436e+02 5.256927e+02 4.426149e+02 3.844651e+02
1.435344e+01 1.435344e+01 1.435344e+01 1.435358e+01 1.435402e+01 1.436790e+01 1.441112e+01 1.458393e+01 1.471398e+01 1.487367e+01 1.528370e+01 1.581683e+01 1.647560e+01 1.726339e+01 1.818655e+01 1.925916e+01 2.051121e+01 3.278216e+01 7.333015e+01 1.703281e+02 3.315518e+02 5.313078e+02 7.177120e+02 8.816662e+02 7.966492e+02 6.515877e+02 5.316199e+02 4.459200e+02 3.864039e+02
1.815429e+01 1.815430e+01 1.815430e+01 1.815446e+01 1.815494e+01 1.817033e+01 1.821810e+01 1.840866e+01 1.855159e+01 1.872655e+01 1.917395e+01 1.975406e+01 2.047041e+01 2.132736e+01 2.233284e+01 2.350525e+01 2.488463e+01 3.905177e+01 8.608757e+01 1.946468e+02 3.690482e+02 5.786571e+02 7.680683e+02 9.197808e+02 8.183506e+02 6.630030e+02 5.376839e+02 4.492765e+02 3.883629e+02
2.255290e+01 2.255290e+01 2.255291e+01 2.255308e+01 2.255362e+01 2.257054e+01 2.262296e+01 2.283197e+01 2.298864e+01 2.318027e+01 2.366944e+01 2.430227e+01 2.508241e+01 2.601497e+01 2.711052e+01 2.839483e+01 2.992329e+01 4.647667e+01 1.012906e+02 2.228965e+02 4.114864e+02 6.312044e+02 8.231500e+02 9.607200e+02 8.410878e+02 6.747855e+02 5.438786e+02 4.526804e+02 3.903398e+02
2.761007e+01 2.761007e+01 2.761008e+01 2.761026e+01 2.761083e+01 2.762908e+01 2.768613e+01 2.791397e+01 2.808484e+01 2.829385e+01 2.882719e+01 2.951646e+01 3.036517e+01 3.137935e+01 3.257402e+01 3.398689e+01 3.569616e+01 5.530106e+01 1.194647e+02 2.557532e+02 4.594861e+02 6.893905e+02 8.832076e+02 1.004513e+03 8.648904e+02 6.869305e+02 5.501977e+02 4.561274e+02 3.923323e+02
3.338345e+01 3.338346e+01 3.338346e+01 3.338367e+01 3.338430e+01 3.340451e+01 3.346711e+01 3.371550e+01 3.390145e+01 3.412882e+01 3.470876e+01 3.545763e+01 3.637897e+01 3.748075e+01 3.878585e+01 4.035116e+01 4.228821e+01 6.584640e+01 1.412616e+02 2.940119e+02 5.137444e+02 7.536851e+02 9.484867e+02 1.051138e+03 8.897953e+02 6.994334e+02 5.566345e+02 4.596134e+02 3.943378e+02
3.994293e+01 3.994294e+01 3.994294e+01 3.994317e+01 3.994386e+01 3.996556e+01 4.003298e+01 4.030217e+01 4.050402e+01 4.075078e+01 4.137972e+01 4.219103e+01 4.318876e+01 4.438497e+01 4.581664e+01 4.757098e+01 4.980725e+01 7.854125e+01 1.674898e+02 3.386005e+02 5.750365e+02 8.245820e+02 1.019222e+03 1.100573e+03 9.158622e+02 7.122894e+02 5.631826e+02 4.631341e+02 3.963543e+02
4.735544e+01 4.735545e+01 4.735545e+01 4.735569e+01 4.735643e+01 4.738001e+01 4.745338e+01 4.774520e+01 4.796352e+01 4.823024e+01 4.890956e+01 4.978533e+01 5.086308e+01 5.216324e+01 5.374734e+01 5.574959e+01 5.839598e+01 9.396259e+01 1.991524e+02 3.905936e+02 6.442112e+02 9.025905e+02 1.095631e+03 1.152774e+03 9.431210e+02 7.254953e+02 5.698353e+02 4.666854e+02 3.983795e+02
5.569940e+01 5.569940e+01 5.569941e+01 5.569965e+01 5.570042e+01 5.572541e+01 5.580375e+01 5.611682e+01 5.635143e+01 5.663817e+01 5.736867e+01 5.831071e+01 5.947335e+01 6.089359e+01 6.267498e+01 6.502278e+01 6.825341e+01 1.128930e+02 2.374900e+02 4.512238e+02 7.221811e+02 9.882221e+02 1.177903e+03 1.207673e+03 9.714742e+02 7.390499e+02 5.765865e+02 4.702635e+02 4.004112e+02
6.503703e+01 6.503704e+01 6.503704e+01 6.503732e+01 6.503817e+01 6.506526e+01 6.514943e+01 6.548509e+01 6.573661e+01 6.604404e+01 6.682738e+01 6.783852e+01 6.909491e+01 7.066590e+01 7.272540e+01 7.558277e+01 7.967195e+01 1.363992e+02 2.840303e+02 5.218862e+02 8.099059e+02 1.081972e+03 1.266188e+03 1.265175e+03 1.000828e+03 7.529586e+02 5.834304e+02 4.738646e+02 4.024477e+02
7.544234e+01 7.544234e+01 7.544235e+01 7.544264e+01 7.544354e+01 7.547226e+01 7.556207e+01 7.592114e+01 7.619035e+01 7.651946e+01 7.735824e+01 7.844334e+01 7.981158e+01 8.159416e+01 8.407912e+01 8.772224e+01 9.310098e+01 1.659378e+02 3.406382e+02 6.041339e+02 9.083652e+02 1.184295e+03 1.360585e+03 1.325148e+03 1.031085e+03 7.672424e+02 5.903625e+02 4.774853e+02 4.044872e+02
8.698681e+01 8.698681e+01 8.698682e+01 8.698713e+01 8.698808e+01 8.701878e+01 8.711524e+01 8.750051e+01 8.778892e+01 8.814125e+01 8.903884e+01 9.020662e+01 9.172581e+01 9.384245e+01 9.702214e+01 1.019142e+02 1.092549e+02 2.034951e+02 4.095632e+02 6.996565e+02 1.018521e+03 1.295573e+03 1.461121e+03 1.387429e+03 1.062137e+03 7.818662e+02 5.973795e+02 4.811229e+02 4.065282e+02
9.976312e+01 9.976312e+01 9.976313e+01 9.976347e+01 9.976452e+01 9.979768e+01 9.990044e+01 1.003104e+02 1.006180e+02 1.009939e+02 1.019531e+02 1.032222e+02 1.049810e+02 1.076802e+02 1.120449e+02 1.189562e+02 1.292957e+02 2.517639e+02 4.934687e+02 8.102357e+02 1.141265e+03 1.416087e+03 1.567738e+03 1.451819e+03 1.093867e+03 7.967578e+02 6.044811e+02 4.847750e+02 4.085697e+02
1.138442e+02 1.138442e+02 1.138442e+02 1.138446e+02 1.138457e+02 1.138818e+02 1.139929e+02 1.144331e+02 1.147621e+02 1.151636e+02 1.161900e+02 1.176100e+02 1.198162e+02 1.236021e+02 1.300367e+02 1.402313e+02 1.551391e+02 3.143528e+02 5.954280e+02 9.376682e+02 1.277353e+03 1.545967e+03 1.680273e+03 1.518081e+03 1.126147e+03 8.118537e+02 6.116732e+02 4.884402e+02 4.106107e+02
1.293464e+02 1.293464e+02 1.293464e+02 1.293468e+02 1.293480e+02 1.293858e+02 1.295032e+02 1.299705e+02 1.303197e+02 1.307448e+02 1.318492e+02 1.335605e+02 1.367037e+02 1.425912e+02 1.526687e+02 1.681757e+02 1.899602e+02 3.960046e+02 7.188552e+02 1.083649e+03 1.427326e+03 1.685159e+03 1.798440e+03 1.585945e+03 1.158841e+03 8.270907e+02 6.189650e+02 4.921180e+02 4.126509e+02
1.463556e+02 1.463556e+02 1.463556e+02 1.463560e+02 1.463572e+02 1.463968e+02 1.465202e+02 1.470122e+02 1.473766e+02 1.478176e+02 1.490481e+02 1.514703e+02 1.567016e+02 1.666994e+02 1.831421e+02 2.071019e+02 2.390006e+02 5.027587e+02 8.673364e+02 1.249612e+03 1.591416e+03 1.833384e+03 1.921818e+03 1.655104e+03 1.191801e+03 8.424052e+02 6.263211e+02 4.958096e+02 4.146903e+02
1.649426e+02 1.649426e+02 1.649426e+02 1.649430e+02 1.649443e+02 1.649865e+02 1.651178e+02 1.656226e+02 1.659711e+02 1.663990e+02 1.679972e+02 1.723914e+02 1.823692e+02 2.003229e+02 2.276205e+02 2.645878e+02 3.107676e+02 6.419330e+02 1.044322e+03 1.436520e+03 1.769455e+03 1.990095e+03 2.049836e+03 1.725219e+03 1.224876e+03 8.577329e+02 6.337060e+02 4.995186e+02 4.167297e+02
1.852249e+02 1.852249e+02 1.852249e+02 1.852253e+02 1.852267e+02 1.852711e+02 1.853853e+02 1.856365e+02 1.858032e+02 1.862115e+02 1.894492e+02 1.995546e+02 2.201476e+02 2.529239e+02 2.978038e+02 3.535866e+02 4.185512e+02 8.217130e+02 1.252652e+03 1.644637e+03 1.960781e+03 2.154459e+03 2.181774e+03 1.795920e+03 1.257909e+03 8.730087e+02 6.410888e+02 5.032548e+02 4.187704e+02
2.056350e+02 2.056350e+02 2.056350e+02 2.056343e+02 2.056320e+02 2.055588e+02 2.053478e+02 2.048456e+02 2.051205e+02 2.067007e+02 2.176285e+02 2.435422e+02 2.862199e+02 3.442574e+02 4.148334e+02 4.948731e+02 5.815953e+02 1.050085e+03 1.493931e+03 1.873287e+03 2.164172e+03 2.325337e+03 2.316764e+03 1.866815e+03 1.290741e+03 8.881681e+02 6.484402e+02 5.070174e+02 4.208145e+02
2.196499e+02 2.196499e+02 2.196499e+02 2.196496e+02 2.196487e+02 2.196206e+02 2.195334e+02 2.210021e+02 2.257609e+02 2.356954e+02 2.743559e+02 3.369659e+02 4.180856e+02 5.116604e+02 6.127370e+02 7.176929e+02 8.240096e+02 1.332943e+03 1.767828e+03 2.120663e+03 2.377809e+03 2.501296e+03 2.453802e+03 1.937492e+03 1.323213e+03 9.031473e+02 6.557321e+02 5.107859e+02 4.228657e+02
2.297431e+02 2.297431e+02 2.297431e+02 2.297428e+02 2.297419e+02 2.297282e+02 2.313082e+02 2.609924e+02 2.932869e+02 3.354517e+02 4.403114e+02 5.602465e+02 6.856686e+02 8.113094e+02 9.344187e+02 1.053626e+03 1.168304e+03 1.671556e+03 2.071472e+03 2.383725e+03 2.599289e+03 2.680633e+03 2.591766e+03 2.007530e+03 1.355169e+03 9.178843e+02 6.629377e+02 5.145442e+02 4.249297e+02
3.747776e+02 3.747792e+02 3.747845e+02 3.749542e+02 3.754842e+02 3.923777e+02 4.412091e+02 5.842680e+02 6.625235e+02 7.407184e+02 8.923426e+02 1.035033e+03 1.168377e+03 1.292979e+03 1.409661e+03 1.519223e+03 1.622370e+03 2.060243e+03 2.399158e+03 2.658239e+03 2.825692e+03 2.861427e+03 2.729454e+03 2.076503e+03 1.386456e+03 9.323198e+02 6.700313e+02 5.182789e+02 4.270159e+02
1.597096e+03 1.597096e+03 1.597094e+03 1.597053e+03 1.596925e+03 1.593138e+03 1.587891e+03 1.602634e+03 1.623232e+03 1.650188e+03 1.716186e+03 1.790487e+03 1.867694e+03 1.945040e+03 2.021090e+03 2.095103e+03 2.166702e+03 2.485548e+03 2.742564e+03 2.938987e+03 3.053715e+03 3.041610e+03 2.865611e+03 2.143992e+03 1.416932e+03 9.463977e+02 6.769887e+02 5.219778e+02 4.291188e+02
2.782895e+03 2.782895e+03 2.782894e+03 2.782865e+03 2.782773e+03 2.779748e+03 2.769704e+03 2.732604e+03 2.711452e+03 2.692347e+03 2.665517e+03 2.655390e+03 2.659490e+03 2.674269e+03 2.696620e+03 2.724159e+03 2.755139e+03 2.927887e+03 3.091520e+03 3.220124e+03 3.279835e+03 3.219051e+03 2.998979e+03 2.209593e+03 1.446461e+03 9.600663e+02 6.837872e+02 5.256298e+02 4.312283e+02
3.605020e+03 3.605019e+03 3.605019e+03 3.604996e+03 3.604925e+03 3.602665e+03 3.595611e+03 3.567644e+03 3.547579e+03 3.524850e+03 3.476728e+03 3.432021e+03 3.395266e+03 3.367712e+03 3.348888e+03 3.337647e+03 3.332691e+03 3.365345e+03 3.435200e+03 3.495638e+03 3.500523e+03 3.391652e+03 3.128338e+03 2.272927e+03 1.474922e+03 9.732785e+02 6.904062e+02 5.292245e+02 4.333374e+02
4.181091e+03 4.181090e+03 4.181090e+03 4.181074e+03 4.181025e+03 4.179505e+03 4.175254e+03 4.159322e+03 4.147085e+03 4.131831e+03 4.093534e+03 4.048816e+03 4.002666e+03 3.958777e+03 3.919260e+03 3.885010e+03 3.856158e+03 3.778008e+03 3.763418e+03 3.759836e+03 3.712439e+03 3.557438e+03 3.252546e+03 2.333646e+03 1.502206e+03 9.859927e+02 6.968270e+02 5.327529e+02 4.354404e+02
4.613382e+03 4.613382e+03 4.613381e+03 4.613376e+03 4.613361e+03 4.612861e+03 4.611177e+03 4.602560e+03 4.594882e+03 4.584688e+03 4.556758e+03 4.520148e+03 4.477714e+03 4.432565e+03 4.387283e+03 4.343691e+03 4.302914e+03 4.151050e+03 4.067697e+03 4.007766e+03 3.912624e+03 3.714646e+03 3.370582e+03 2.391445e+03 1.528219e+03 9.981733e+02 7.030333e+02 5.362066e+02 4.375325e+02
4.964564e+03 4.964564e+03 4.964564e+03 4.964553e+03 4.964520e+03 4.963471e+03 4.960257e+03 4.948617e+03 4.940560e+03 4.931020e+03 4.907189e+03 4.876826e+03 4.840559e+03 4.799836e+03 4.756408e+03 4.711929e+03 4.667749e+03 4.475813e+03 4.341911e+03 4.235517e+03 4.098633e+03 3.861784e+03 3.481574e+03 2.446062e+03 1.552883e+03 1.009791e+03 7.090113e+02 5.395784e+02 4.396095e+02
5.209761e+03 5.209761e+03 5.209761e+03 5.209755e+03 5.209739e+03 5.209201e+03 5.207281e+03 5.198893e+03 5.192614e+03 5.185066e+03 5.166166e+03 5.141944e+03 5.112330e+03 5.077834e+03 5.039441e+03 4.998349e+03 4.955743e+03 4.749212e+03 4.582444e+03 4.440368e+03 4.268629e+03 3.997684e+03 3.584824e+03 2.497290e+03 1.576138e+03 1.020822e+03 7.147495e+02 5.428622e+02 4.416677e+02
5.381669e+03 5.381669e+03 5.381668e+03 5.381663e+03 5.381647e+03 5.381199e+03 5.380007e+03 5.375435e+03 5.371790e+03 5.367050e+03 5.353938e+03 5.335690e+03 5.312250e+03 5.283904e+03 5.251260e+03 5.215147e+03 5.176478e+03 4.972313e+03 4.787969e+03 4.620791e+03 4.421409e+03 4.121521e+03 3.679818e+03 2.544971e+03 1.597941e+03 1.031251e+03 7.202393e+02 5.460529e+02 4.437042e+02
5.511856e+03 5.511856e+03 5.511856e+03 5.511855e+03 5.511852e+03 5.511744e+03 5.511318e+03 5.508498e+03 5.505741e+03 5.501968e+03 5.491239e+03 5.476187e+03 5.456795e+03 5.433169e+03 5.405586e+03 5.374505e+03 5.340517e+03 5.148800e+03 4.959018e+03 4.776351e+03 4.556386e+03 4.232813e+03 3.766232e+03 2.589005e+03 1.618266e+03 1.041067e+03 7.254746e+02 5.491466e+02 4.457163e+02
5.617398e+03 5.617398e+03 5.617398e+03 5.617392e+03 5.617373e+03 5.616779e+03 5.614969e+03 5.608629e+03 5.604423e+03 5.599604e+03 5.588117e+03 5.573986e+03 5.556941e+03 5.536766e+03 5.513389e+03 5.486920e+03 5.457629e+03 5.283730e+03 5.097472e+03 4.907524e+03 4.673530e+03 4.331405e+03 3.843923e+03 2.629344e+03 1.637103e+03 1.050267e+03 7.304520e+02 5.521405e+02 4.477022e+02
5.669981e+03 5.669981e+03 5.669980e+03 5.669978e+03 5.669970e+03 5.669664e+03 5.668523e+03 5.663671e+03 5.660117e+03 5.655940e+03 5.645945e+03 5.633848e+03 5.619510e+03 5.602703e+03 5.583251e+03 5.561101e+03 5.536338e+03 5.382661e+03 5.206083e+03 5.015493e+03 4.773288e+03 4.417431e+03 3.912922e+03 2.665990e+03 1.654459e+03 1.058854e+03 7.351710e+02 5.550330e+02 4.496605e+02
5.685798e+03 5.685798e+03 5.685798e+03 5.685795e+03 5.685787e+03 5.685531e+03 5.684796e+03 5.682170e+03 5.680205e+03 5.677743e+03 5.671239e+03 5.662566e+03 5.651658e+03 5.638425e+03 5.622777e+03 5.604672e+03 5.584141e+03 5.451122e+03 5.288080e+03 5.101939e+03 4.856481e+03 4.491280e+03 3.973406e+03 2.698996e+03 1.670355e+03 1.066835e+03 7.396333e+02 5.578237e+02 4.515902e+02
5.682306e+03 5.682306e+03 5.682306e+03 5.682306e+03 5.682306e+03 5.682291e+03 5.682224e+03 5.681548e+03 5.680736e+03 5.679511e+03 5.675641e+03 5.669721e+03 5.661674e+03 5.651463e+03 5.639060e+03 5.624445e+03 5.607632e+03 5.494295e+03 5.346861e+03 5.168860e+03 4.924214e+03 4.553539e+03 4.025687e+03 2.728454e+03 1.684829e+03 1.074225e+03 7.438431e+02 5.605134e+02 4.534913e+02
5.675137e+03 5.675137e+03 5.675137e+03 5.675135e+03 5.675131e+03 5.675002e+03 5.674657e+03 5.673399e+03 5.672435e+03 5.671195e+03 5.667739e+03 5.662803e+03 5.656248e+03 5.647986e+03 5.637943e+03 5.626062e+03 5.612309e+03 5.516840e+03 5.385783e+03 5.218410e+03 4.977782e+03 4.604953e+03 4.070180e+03 2.754498e+03 1.697927e+03 1.081041e+03 7.478071e+02 5.631038e+02 4.553637e+02
5.658964e+03 5.658964e+03 5.658964e+03 5.658963e+03 5.658958e+03 5.658815e+03 5.658355e+03 5.656495e+03 5.655139e+03 5.653534e+03 5.649632e+03 5.644792e+03 5.638910e+03 5.631857e+03 5.623503e+03 5.613734e+03 5.602462e+03 5.522819e+03 5.408019e+03 5.252783e+03 5.018588e+03 4.646373e+03 4.107381e+03 2.777290e+03 1.709708e+03 1.087308e+03 7.515339e+02 5.655979e+02 4.572085e+02
5.630118e+03 5.630118e+03 5.630118e+03 5.630116e+03 5.630111e+03 5.629939e+03 5.629402e+03 5.627379e+03 5.625996e+03 5.624419e+03 5.620751e+03 5.616413e+03 5.611339e+03 5.605420e+03 5.598534e+03 5.590561e+03 5.581396e+03 5.515714e+03 5.416484e+03 5.274118e+03 5.048079e+03 4.678720e+03 4.137847e+03 2.797019e+03 1.720242e+03 1.093053e+03 7.550341e+02 5.679996e+02 4.590269e+02
5.587550e+03 5.587550e+03 5.587550e+03 5.587550e+03 5.587549e+03 5.587492e+03 5.587281e+03 5.586379e+03 5.585670e+03 5.584777e+03 5.582419e+03 5.579310e+03 5.575460e+03 5.570849e+03 5.565425e+03 5.559110e+03 5.551822e+03 5.498477e+03 5.413790e+03 5.284445e+03 5.067695e+03 4.702944e+03 4.162171e+03 2.813895e+03 1.729603e+03 1.098304e+03 7.583202e+02 5.703137e+02 4.608207e+02
5.540446e+03 5.540446e+03 5.540446e+03 5.540446e+03 5.540447e+03 5.540473e+03 5.540542e+03 5.540557e+03 5.540368e+03 5.540000e+03 5.538701e+03 5.536680e+03 5.533977e+03 5.530604e+03 5.526538e+03 5.521728e+03 5.516108e+03 5.473608e+03 5.402243e+03 5.285638e+03 5.078823e+03 4.719998e+03 4.180965e+03 2.828141e+03 1.737873e+03 1.103096e+03 7.614060e+02 5.725461e+02 4.625923e+02
5.496214e+03 5.496214e+03 5.496213e+03 5.496213e+03 5.496210e+03 5.496118e+03 5.495857e+03 5.495035e+03 5.494534e+03 5.493991e+03 5.492751e+03 5.491222e+03 5.489306e+03 5.486922e+03 5.484004e+03 5.480487e+03 5.476306e+03 5.443209e+03 5.383848e+03 5.279399e+03 5.082775e+03 4.730812e+03 4.194843e+03 2.839988e+03 1.745139e+03 1.107463e+03 7.643068e+02 5.747034e+02 4.643444e+02
5.447404e+03 5.447404e+03 5.447404e+03 5.447403e+03 5.447400e+03 5.447309e+03 5.447082e+03 5.446487e+03 5.446164e+03 5.445831e+03 5.445103e+03 5.444201e+03 5.443024e+03 5.441489e+03 5.439533e+03 5.437096e+03 5.434119e+03 5.409031e+03 5.360325e+03 5.267245e+03 5.080764e+03 4.736276e+03 4.204409e+03 2.849674e+03 1.751490e+03 1.111443e+03 7.670389e+02 5.767929e+02 4.660805e+02
5.395758e+03 5.395758e+03 5.395758e+03 5.395758e+03 5.395761e+03 5.395834e+03 5.396053e+03 5.396678e+03 5.396950e+03 5.397146e+03 5.397277e+03 5.397069e+03 5.396540e+03 5.395688e+03 5.394491e+03 5.392912e+03 5.390906e+03 5.372506e+03 5.333129e+03 5.250511e+03 5.073897e+03 4.737229e+03 4.210248e+03 2.857435e+03 1.757017e+03 1.115074e+03 7.696195e+02 5.788225e+02 4.678041e+02
5.351261e+03 5.351261e+03 5.351261e+03 5.351262e+03 5.351264e+03 5.351291e+03 5.351334e+03 5.351428e+03 5.351465e+03 5.351484e+03 5.351456e+03 5.351314e+03 5.351029e+03 5.350568e+03 5.349888e+03 5.348946e+03 5.347691e+03 5.334782e+03 5.303476e+03 5.230357e+03 5.063171e+03 4.734448e+03 4.212914e+03 2.863505e+03 1.761812e+03 1.118394e+03 7.720668e+02 5.808007e+02 4.695193e+02
5.308966e+03 5.308966e+03 5.308966e+03 5.308966e+03 5.308964e+03 5.308902e+03 5.308711e+03 5.308109e+03 5.307813e+03 5.307562e+03 5.307210e+03 5.306996e+03 5.306828e+03 5.306626e+03 5.306324e+03 5.305865e+03 5.305196e+03 5.296763e+03 5.272369e+03 5.207774e+03 5.049467e+03 4.728642e+03 4.212928e+03 2.868111e+03 1.765966e+03 1.121443e+03 7.743991e+02 5.827367e+02 4.712306e+02
5.262864e+03 5.262864e+03 5.262864e+03 5.262865e+03 5.262867e+03 5.262924e+03 5.263031e+03 5.263266e+03 5.263382e+03 5.263493e+03 5.263694e+03 5.263871e+03 5.264022e+03 5.264132e+03 5.264177e+03 5.264123e+03 5.263931e+03 5.259147e+03 5.240622e+03 5.183604e+03 5.033562e+03 4.720456e+03 4.210775e+03 2.871473e+03 1.769568e+03 1.124260e+03 7.766353e+02 5.846399e+02 4.729427e+02
5.220070e+03 5.220070e+03 5.220070e+03 5.220071e+03 5.220073e+03 5.220143e+03 5.220352e+03 5.221014e+03 5.221368e+03 5.221697e+03 5.222256e+03 5.222712e+03 5.223111e+03 5.223476e+03 5.223808e+03 5.224086e+03 5.224281e+03 5.222466e+03 5.208888e+03 5.158551e+03 5.016128e+03 4.710466e+03 4.206898e+03 2.873800e+03 1.772706e+03 1.126885e+03 7.787947e+02 5.865200e+02 4.746608e+02
5.183841e+03 5.183841e+03 5.183841e+03 5.183840e+03 5.183839e+03 5.183801e+03 5.183717e+03 5.183572e+03 5.183543e+03 5.183555e+03 5.183709e+03 5.184019e+03 5.184446e+03 5.184947e+03 5.185486e+03 5.186026e+03 5.186532e+03 5.187119e+03 5.177682e+03 5.133198e+03 4.997746e+03 4.699182e+03 4.201703e+03 2.875290e+03 1.775466e+03 1.129356e+03 7.808964e+02 5.883871e+02 4.763901e+02
5.147349e+03 5.147349e+03 5.147349e+03 5.147349e+03 5.147348e+03 5.147307e+03 5.147187e+03 5.146890e+03 5.146798e+03 5.146775e+03 5.146942e+03 5.147350e+03 5.147927e+03 5.148611e+03 5.149355e+03 5.150125e+03 5.150887e+03 5.153399e+03 5.147404e+03 5.108021e+03 4.978907e+03 4.687055e+03 4.195556e+03 2.876128e+03 1.777929e+03 1.131712e+03 7.829594e+02 5.902514e+02 4.781362e+02
5.109212e+03 5.109212e+03 5.109212e+03 5.109213e+03 5.109215e+03 5.109301e+03 5.109539e+03 5.110247e+03 5.110658e+03 5.111085e+03 5.111954e+03 5.112831e+03 5.113724e+03 5.114641e+03 5.115582e+03 5.116539e+03 5.117500e+03 5.121510e+03 5.118359e+03 5.083407e+03 4.960031e+03 4.674478e+03 4.188784e+03 2.876488e+03 1.780173e+03 1.133987e+03 7.850028e+02 5.921233e+02 4.799048e+02
5.077372e+03 5.077372e+03 5.077372e+03 5.077373e+03 5.077376e+03 5.077462e+03 5.077719e+03 5.078538e+03 5.079014e+03 5.079500e+03 5.080459e+03 5.081399e+03 5.082346e+03 5.083321e+03 5.084335e+03 5.085385e+03 5.086464e+03 5.091581e+03 5.090772e+03 5.059662e+03 4.941466e+03 4.661793e+03 4.181682e+03 2.876531e+03 1.782272e+03 1.136220e+03 7.870454e+02 5.940131e+02 4.817019e+02
5.052468e+03 5.052468e+03 5.052468e+03 5.052468e+03 5.052467e+03 5.052433e+03 5.052345e+03 5.052195e+03 5.052185e+03 5.052234e+03 5.052523e+03 5.053044e+03 5.053752e+03 5.054608e+03 5.055577e+03 5.056637e+03 5.057766e+03 5.063679e+03 5.064803e+03 5.037032e+03 4.923505e+03 4.649295e+03 4.174508e+03 2.876406e+03 1.784298e+03 1.138443e+03 7.891054e+02 5.959313e+02 4.835336e+02
5.026635e+03 5.026635e+03 5.026635e+03 5.026634e+03 5.026633e+03 5.026598e+03 5.026495e+03 5.026233e+03 5.026144e+03 5.026114e+03 5.026262e+03 5.026677e+03 5.027314e+03 5.028127e+03 5.029081e+03 5.030148e+03 5.031310e+03 5.037828e+03 5.040565e+03 5.015707e+03 4.906389e+03 4.637238e+03 4.167494e+03 2.876249e+03 1.786318e+03 1.140690e+03 7.912011e+02 5.978883e+02 4.854059e+02
4.999066e+03 4.999066e+03 4.999066e+03 4.999066e+03 4.999068e+03 4.999134e+03 4.999317e+03 4.999862e+03 5.000181e+03 5.000515e+03 5.001214e+03 5.001962e+03 5.002781e+03 5.003688e+03 5.004693e+03 5.005798e+03 5.006998e+03 5.014018e+03 5.018131e+03 4.995835e+03 4.890319e+03 4.625840e+03 4.160841e+03 2.876185e+03 1.788393e+03 1.142993e+03 7.933498e+02 5.998945e+02 4.873252e+02
4.976135e+03 4.976135e+03 4.976135e+03 4.976135e+03 4.976137e+03 4.976203e+03 4.976404e+03 4.977079e+03 4.977484e+03 4.977902e+03 4.978738e+03 4.979575e+03 4.980444e+03 4.981379e+03 4.982405e+03 4.983532e+03 4.984764e+03 4.992228e+03 4.997549e+03 4.977532e+03 4.875458e+03 4.615288e+03 4.154729e+03 2.876328e+03 1.790582e+03 1.145383e+03 7.955688e+02 6.019602e+02 4.892977e+02
4.958682e+03 4.958682e+03 4.958682e+03 4.958682e+03 4.958681e+03 4.958660e+03 4.958618e+03 4.958606e+03 4.958657e+03 4.958754e+03 4.959092e+03 4.959615e+03 4.960309e+03 4.961157e+03 4.962149e+03 4.963277e+03 4.964534e+03 4.972430e+03 4.978851e+03 4.960888e+03 4.861945e+03 4.605741e+03 4.149313e+03 2.876784e+03 1.792941e+03 1.147888e+03 7.978746e+02 6.040954e+02 4.913298e+02
4.941120e+03 4.941120e+03 4.941120e+03 4.941120e+03 4.941119e+03 4.941096e+03 4.941023e+03 4.940810e+03 4.940734e+03 4.940711e+03 4.940860e+03 4.941272e+03 4.941915e+03 4.942752e+03 4.943759e+03 4.944921e+03 4.946226e+03 4.954599e+03 4.962061e+03 4.945976e+03 4.849893e+03 4.597336e+03 4.144732e+03 2.877647e+03 1.795522e+03 1.150536e+03 8.002834e+02 6.063102e+02 4.934279e+02
4.921835e+03 4.921835e+03 4.921835e+03 4.921836e+03 4.921838e+03 4.921892e+03 4.922016e+03 4.922381e+03 4.922614e+03 4.922878e+03 4.923493e+03 4.924223e+03 4.925073e+03 4.926050e+03 4.927161e+03 4.928410e+03 4.929800e+03 4.938722e+03 4.947197e+03 4.932855e+03 4.839398e+03 4.590192e+03 4.141105e+03 2.879002e+03 1.798372e+03 1.153353e+03 8.028107e+02 6.086144e+02 4.955982e+02
4.905446e+03 4.905446e+03 4.905446e+03 4.905447e+03 4.905449e+03 4.905509e+03 4.905695e+03 4.906370e+03 4.906797e+03 4.907249e+03 4.908179e+03 4.909135e+03 4.910143e+03 4.911237e+03 4.912446e+03 4.913787e+03 4.915269e+03 4.924796e+03 4.934279e+03 4.921577e+03 4.830542e+03 4.584409e+03 4.138540e+03 2.880930e+03 1.801535e+03 1.156366e+03 8.054717e+02 6.110176e+02 4.978473e+02
4.894189e+03 4.894189e+03 4.894189e+03 4.894190e+03 4.894192e+03 4.894226e+03 4.894311e+03 4.894611e+03 4.894822e+03 4.895071e+03 4.895682e+03 4.896445e+03 4.897364e+03 4.898444e+03 4.899685e+03 4.901090e+03 4.902659e+03 4.912833e+03 4.923331e+03 4.912186e+03 4.823394e+03 4.580078e+03 4.137131e+03 2.883501e+03 1.805055e+03 1.159596e+03 8.082810e+02 6.135294e+02 5.001813e+02
4.884985e+03 4.884985e+03 4.884985e+03 4.884985e+03 4.884984e+03 4.884970e+03 4.884924e+03 4.884793e+03 4.884763e+03 4.884789e+03 4.885054e+03 4.885616e+03 4.886452e+03 4.887528e+03 4.888817e+03 4.890302e+03 4.891973e+03 4.902855e+03 4.914378e+03 4.904724e+03 4.818017e+03 4.577275e+03 4.136960e+03 2.886780e+03 1.808970e+03 1.163068e+03 8.112525e+02 6.161589e+02 5.026067e+02
4.874407e+03 4.874407e+03 4.874407e+03 4.874407e+03 4.874406e+03 4.874393e+03 4.874376e+03 4.874458e+03 4.874579e+03 4.874761e+03 4.875315e+03 4.876115e+03 4.877143e+03 4.878378e+03 4.879809e+03 4.881430e+03 4.883236e+03 4.894894e+03 4.907453e+03 4.899231e+03 4.814465e+03 4.576069e+03 4.138101e+03 2.890827e+03 1.813316e+03 1.166803e+03 8.144000e+02 6.189154e+02 5.051296e+02
4.864116e+03 4.864116e+03 4.864116e+03 4.864117e+03 4.864119e+03 4.864187e+03 4.864396e+03 4.865129e+03 4.865599e+03 4.866113e+03 4.867228e+03 4.868440e+03 4.869758e+03 4.871206e+03 4.872806e+03 4.874577e+03 4.876528e+03 4.888992e+03 4.902589e+03 4.895745e+03 4.812788e+03 4.576521e+03 4.140620e+03 2.895696e+03 1.818127e+03 1.170822e+03 8.177366e+02 6.218077e+02 5.077563e+02
4.859115e+03 4.859115e+03 4.859115e+03 4.859115e+03 4.859118e+03 4.859186e+03 4.859396e+03 4.860132e+03 4.860604e+03 4.861119e+03 4.862242e+03 4.863469e+03 4.864819e+03 4.866321e+03 4.867999e+03 4.869870e+03 4.871941e+03 4.885198e+03 4.899823e+03 4.894302e+03 4.813029e+03 4.578684e+03 4.144577e+03 2.901437e+03 1.823437e+03 1.175143e+03 8.212750e+02 6.248446e+02 5.104930e+02
4.859233e+03 4.859233e+03 4.859233e+03 4.859233e+03 4.859233e+03 4.859224e+03 4.859218e+03 4.859331e+03 4.859469e+03 4.859668e+03 4.860262e+03 4.861134e+03 4.862286e+03 4.863711e+03 4.865398e+03 4.867337e+03 4.869514e+03 4.883559e+03 4.899191e+03 4.894937e+03 4.815230e+03 4.582608e+03 4.150025e+03 2.908095e+03 1.829273e+03 1.179787e+03 8.250278e+02 6.280346e+02 5.133458e+02
