3.614043e+07 1.917435e+07 1.451633e+07 7.842796e+06 6.373615e+06 4.242065e+06 3.602325e+06 3.110961e+06 2.976726e+06 2.866606e+06 2.671908e+06 2.487380e+06 2.312739e+06 2.154337e+06 2.015828e+06 1.897495e+06 1.797650e+06 1.493455e+06 1.364750e+06 1.313819e+06 1.304072e+06 1.319952e+06 1.353737e+06 1.456144e+06 1.576037e+06 1.678659e+06 1.739479e+06 1.751354e+06 1.721071e+06
4.206798e+06 4.206812e+06 4.206819e+06 4.203296e+06 4.178621e+06 3.812294e+06 3.438613e+06 3.055222e+06 2.937417e+06 2.836854e+06 2.652110e+06 2.472290e+06 2.300304e+06 2.143684e+06 2.006544e+06 1.889352e+06 1.790494e+06 1.489701e+06 1.362842e+06 1.312991e+06 1.303925e+06 1.320254e+06 1.354334e+06 1.457015e+06 1.576894e+06 1.679325e+06 1.739875e+06 1.751476e+06 1.720960e+06
3.551780e+06 3.551785e+06 3.551796e+06 3.551661e+06 3.549445e+06 3.464080e+06 3.255656e+06 2.987986e+06 2.890992e+06 2.802292e+06 2.629603e+06 2.455378e+06 2.286528e+06 2.132005e+06 1.996465e+06 1.880588e+06 1.782849e+06 1.485791e+06 1.360882e+06 1.312149e+06 1.303781e+06 1.320567e+06 1.354944e+06 1.457899e+06 1.577760e+06 1.679997e+06 1.740273e+06 1.751597e+06 1.720847e+06
3.236218e+06 3.236222e+06 3.236231e+06 3.236339e+06 3.236116e+06 3.187706e+06 3.130850e+06 2.915646e+06 2.839365e+06 2.763604e+06 2.604476e+06 2.436623e+06 2.271377e+06 2.119273e+06 1.985571e+06 1.871189e+06 1.774707e+06 1.481725e+06 1.358870e+06 1.311295e+06 1.303641e+06 1.320890e+06 1.355567e+06 1.458796e+06 1.578636e+06 1.680674e+06 1.740673e+06 1.751718e+06 1.720732e+06
3.052179e+06 3.052181e+06 3.052188e+06 3.052305e+06 3.052410e+06 3.027027e+06 3.001767e+06 2.855629e+06 2.787386e+06 2.722453e+06 2.576974e+06 2.416046e+06 2.254829e+06 2.105465e+06 1.973843e+06 1.861143e+06 1.766062e+06 1.477502e+06 1.356808e+06 1.310428e+06 1.303505e+06 1.321224e+06 1.356204e+06 1.459706e+06 1.579521e+06 1.681356e+06 1.741075e+06 1.751839e+06 1.720615e+06
2.931857e+06 2.931859e+06 2.931863e+06 2.931949e+06 2.932077e+06 2.919629e+06 2.891402e+06 2.814578e+06 2.745654e+06 2.682429e+06 2.547684e+06 2.393746e+06 2.236889e+06 2.090567e+06 1.961272e+06 1.850445e+06 1.756910e+06 1.473126e+06 1.354695e+06 1.309549e+06 1.303373e+06 1.321569e+06 1.356854e+06 1.460628e+06 1.580415e+06 1.682043e+06 1.741478e+06 1.751958e+06 1.720496e+06
2.845643e+06 2.845644e+06 2.845647e+06 2.845709e+06 2.845825e+06 2.839586e+06 2.810980e+06 2.774340e+06 2.715648e+06 2.650341e+06 2.517759e+06 2.369976e+06 2.217612e+06 2.074591e+06 1.947858e+06 1.839093e+06 1.747252e+06 1.468597e+06 1.352535e+06 1.308660e+06 1.303246e+06 1.321925e+06 1.357518e+06 1.461564e+06 1.581318e+06 1.682735e+06 1.741883e+06 1.752077e+06 1.720374e+06
2.779593e+06 2.779594e+06 2.779596e+06 2.779644e+06 2.779742e+06 2.776490e+06 2.752039e+06 2.729200e+06 2.686721e+06 2.625713e+06 2.489203e+06 2.345206e+06 2.197127e+06 2.057574e+06 1.933613e+06 1.827094e+06 1.737091e+06 1.463918e+06 1.350327e+06 1.307760e+06 1.303124e+06 1.322294e+06 1.358197e+06 1.462512e+06 1.582231e+06 1.683433e+06 1.742290e+06 1.752196e+06 1.720250e+06
2.726497e+06 2.726497e+06 2.726499e+06 2.726539e+06 2.726622e+06 2.724905e+06 2.705668e+06 2.681894e+06 2.654071e+06 2.601894e+06 2.465148e+06 2.320203e+06 2.175669e+06 2.039601e+06 1.918574e+06 1.814466e+06 1.726439e+06 1.459092e+06 1.348073e+06 1.306851e+06 1.303008e+06 1.322674e+06 1.358889e+06 1.463474e+06 1.583153e+06 1.684136e+06 1.742698e+06 1.752313e+06 1.720124e+06
2.682378e+06 2.682378e+06 2.682380e+06 2.682412e+06 2.682484e+06 2.681550e+06 2.666398e+06 2.636433e+06 2.617523e+06 2.575347e+06 2.444161e+06 2.296180e+06 2.153601e+06 2.020809e+06 1.902802e+06 1.801240e+06 1.715316e+06 1.454123e+06 1.345775e+06 1.305934e+06 1.302898e+06 1.323067e+06 1.359596e+06 1.464449e+06 1.584085e+06 1.684844e+06 1.743108e+06 1.752430e+06 1.719996e+06
2.644889e+06 2.644889e+06 2.644890e+06 2.644917e+06 2.644977e+06 2.643900e+06 2.630886e+06 2.594825e+06 2.579033e+06 2.545053e+06 2.423296e+06 2.274670e+06 2.131453e+06 2.001406e+06 1.886392e+06 1.787467e+06 1.703748e+06 1.449016e+06 1.343434e+06 1.305009e+06 1.302794e+06 1.323473e+06 1.360318e+06 1.465438e+06 1.585025e+06 1.685556e+06 1.743520e+06 1.752546e+06 1.719866e+06
2.473140e+06 2.473141e+06 2.473141e+06 2.473152e+06 2.473177e+06 2.472991e+06 2.467830e+06 2.427827e+06 2.398818e+06 2.367171e+06 2.282562e+06 2.163141e+06 2.030789e+06 1.907214e+06 1.801176e+06 1.713636e+06 1.641115e+06 1.421673e+06 1.331168e+06 1.300298e+06 1.302394e+06 1.325700e+06 1.364153e+06 1.470581e+06 1.589869e+06 1.689196e+06 1.745601e+06 1.753111e+06 1.719178e+06
2.294803e+06 2.294803e+06 2.294803e+06 2.294784e+06 2.294710e+06 2.291457e+06 2.281275e+06 2.242062e+06 2.211914e+06 2.176777e+06 2.098279e+06 2.009601e+06 1.911960e+06 1.813618e+06 1.723209e+06 1.645073e+06 1.579842e+06 1.392420e+06 1.318233e+06 1.295546e+06 1.302235e+06 1.328286e+06 1.368379e+06 1.476063e+06 1.594943e+06 1.692957e+06 1.747715e+06 1.753649e+06 1.718429e+06
2.034552e+06 2.034552e+06 2.034552e+06 2.034549e+06 2.034539e+06 2.034043e+06 2.031876e+06 2.017157e+06 2.000687e+06 1.977223e+06 1.915814e+06 1.846745e+06 1.776461e+06 1.706964e+06 1.640482e+06 1.579577e+06 1.525972e+06 1.363776e+06 1.305179e+06 1.290928e+06 1.302391e+06 1.331266e+06 1.373014e+06 1.481887e+06 1.600245e+06 1.696834e+06 1.749856e+06 1.754156e+06 1.717613e+06
1.835317e+06 1.835317e+06 1.835317e+06 1.835317e+06 1.835316e+06 1.835189e+06 1.834470e+06 1.828051e+06 1.819031e+06 1.804357e+06 1.760010e+06 1.705814e+06 1.651830e+06 1.601581e+06 1.555108e+06 1.512081e+06 1.472712e+06 1.339950e+06 1.292868e+06 1.286702e+06 1.302958e+06 1.334683e+06 1.378077e+06 1.488055e+06 1.605770e+06 1.700819e+06 1.752017e+06 1.754624e+06 1.716727e+06
1.689595e+06 1.689595e+06 1.689595e+06 1.689595e+06 1.689597e+06 1.689603e+06 1.689419e+06 1.686130e+06 1.680336e+06 1.670180e+06 1.637074e+06 1.593896e+06 1.550158e+06 1.510923e+06 1.476903e+06 1.446978e+06 1.420008e+06 1.321381e+06 1.282598e+06 1.283244e+06 1.304072e+06 1.338590e+06 1.383591e+06 1.494565e+06 1.611512e+06 1.704906e+06 1.754192e+06 1.755048e+06 1.715767e+06
1.582916e+06 1.582916e+06 1.582916e+06 1.582917e+06 1.582920e+06 1.582966e+06 1.582980e+06 1.581029e+06 1.576743e+06 1.568894e+06 1.542571e+06 1.507226e+06 1.470708e+06 1.438238e+06 1.411405e+06 1.389523e+06 1.371177e+06 1.305305e+06 1.276245e+06 1.281085e+06 1.305919e+06 1.343061e+06 1.389585e+06 1.501418e+06 1.617461e+06 1.709083e+06 1.756371e+06 1.755422e+06 1.714726e+06
1.503790e+06 1.503790e+06 1.503790e+06 1.503791e+06 1.503794e+06 1.503863e+06 1.503959e+06 1.502434e+06 1.498761e+06 1.492021e+06 1.469648e+06 1.439774e+06 1.408763e+06 1.381187e+06 1.358935e+06 1.341887e+06 1.328935e+06 1.290396e+06 1.273314e+06 1.281008e+06 1.308761e+06 1.348198e+06 1.396098e+06 1.508615e+06 1.623611e+06 1.713343e+06 1.758547e+06 1.755739e+06 1.713600e+06
1.443076e+06 1.443076e+06 1.443076e+06 1.443076e+06 1.443076e+06 1.443056e+06 1.442930e+06 1.441142e+06 1.437695e+06 1.431575e+06 1.411829e+06 1.386073e+06 1.359607e+06 1.336156e+06 1.317453e+06 1.303696e+06 1.294176e+06 1.276420e+06 1.272474e+06 1.283989e+06 1.312960e+06 1.354143e+06 1.403188e+06 1.516159e+06 1.629952e+06 1.717674e+06 1.760709e+06 1.755991e+06 1.712385e+06
1.391434e+06 1.391434e+06 1.391434e+06 1.391435e+06 1.391436e+06 1.391464e+06 1.391497e+06 1.390281e+06 1.387315e+06 1.381911e+06 1.364519e+06 1.342258e+06 1.319790e+06 1.300112e+06 1.284611e+06 1.273551e+06 1.266510e+06 1.263815e+06 1.272896e+06 1.289430e+06 1.319066e+06 1.361088e+06 1.410936e+06 1.524059e+06 1.636477e+06 1.722066e+06 1.762849e+06 1.756172e+06 1.711075e+06
1.349255e+06 1.349255e+06 1.349255e+06 1.349255e+06 1.349257e+06 1.349295e+06 1.349370e+06 1.348420e+06 1.345790e+06 1.340943e+06 1.325484e+06 1.306172e+06 1.287213e+06 1.271011e+06 1.258547e+06 1.249986e+06 1.245038e+06 1.253219e+06 1.274127e+06 1.296596e+06 1.327580e+06 1.369297e+06 1.419451e+06 1.532331e+06 1.643181e+06 1.726509e+06 1.764958e+06 1.756274e+06 1.709664e+06
1.314950e+06 1.314950e+06 1.314950e+06 1.314950e+06 1.314952e+06 1.314980e+06 1.315039e+06 1.314174e+06 1.311753e+06 1.307310e+06 1.293380e+06 1.276525e+06 1.260605e+06 1.247552e+06 1.237960e+06 1.231809e+06 1.228818e+06 1.245147e+06 1.276038e+06 1.304963e+06 1.337980e+06 1.379196e+06 1.428879e+06 1.541000e+06 1.650059e+06 1.730993e+06 1.767025e+06 1.756290e+06 1.708149e+06
1.286574e+06 1.286574e+06 1.286574e+06 1.286575e+06 1.286576e+06 1.286615e+06 1.286709e+06 1.286020e+06 1.283810e+06 1.279729e+06 1.267121e+06 1.252377e+06 1.239106e+06 1.228879e+06 1.221964e+06 1.218133e+06 1.217042e+06 1.239889e+06 1.278732e+06 1.314158e+06 1.349806e+06 1.390993e+06 1.439426e+06 1.550102e+06 1.657112e+06 1.735510e+06 1.769043e+06 1.756213e+06 1.706523e+06
1.263634e+06 1.263634e+06 1.263634e+06 1.263635e+06 1.263637e+06 1.263681e+06 1.263796e+06 1.263239e+06 1.261207e+06 1.257438e+06 1.245970e+06 1.233055e+06 1.222104e+06 1.214399e+06 1.209942e+06 1.208312e+06 1.209070e+06 1.237513e+06 1.282419e+06 1.323957e+06 1.362699e+06 1.404273e+06 1.451430e+06 1.559687e+06 1.664343e+06 1.740052e+06 1.771002e+06 1.756036e+06 1.704782e+06
1.245602e+06 1.245602e+06 1.245602e+06 1.245603e+06 1.245605e+06 1.245652e+06 1.245779e+06 1.245320e+06 1.243426e+06 1.239909e+06 1.229398e+06 1.218059e+06 1.209133e+06 1.203667e+06 1.201443e+06 1.201870e+06 1.204403e+06 1.237934e+06 1.287329e+06 1.334268e+06 1.376370e+06 1.418716e+06 1.464919e+06 1.569823e+06 1.671762e+06 1.744615e+06 1.772896e+06 1.755752e+06 1.702922e+06
1.231988e+06 1.231988e+06 1.231988e+06 1.231989e+06 1.231990e+06 1.232040e+06 1.232176e+06 1.231773e+06 1.229976e+06 1.226652e+06 1.216931e+06 1.206947e+06 1.199795e+06 1.196317e+06 1.196110e+06 1.198434e+06 1.202648e+06 1.240971e+06 1.293647e+06 1.345100e+06 1.390609e+06 1.434057e+06 1.479566e+06 1.580605e+06 1.679386e+06 1.749195e+06 1.774717e+06 1.755357e+06 1.700937e+06
1.222269e+06 1.222269e+06 1.222269e+06 1.222270e+06 1.222271e+06 1.222316e+06 1.222441e+06 1.222046e+06 1.220315e+06 1.217142e+06 1.208091e+06 1.199295e+06 1.193719e+06 1.192019e+06 1.193632e+06 1.197696e+06 1.203482e+06 1.246396e+06 1.301489e+06 1.356523e+06 1.405273e+06 1.450072e+06 1.495132e+06 1.592172e+06 1.687237e+06 1.753793e+06 1.776461e+06 1.754843e+06 1.698825e+06
1.215733e+06 1.215733e+06 1.215733e+06 1.215734e+06 1.215735e+06 1.215784e+06 1.215920e+06 1.215576e+06 1.213917e+06 1.210888e+06 1.202448e+06 1.194726e+06 1.190572e+06 1.190476e+06 1.193735e+06 1.199387e+06 1.206629e+06 1.253965e+06 1.310901e+06 1.368633e+06 1.420290e+06 1.466575e+06 1.511411e+06 1.604724e+06 1.695348e+06 1.758413e+06 1.778123e+06 1.754208e+06 1.696581e+06
1.212204e+06 1.212204e+06 1.212204e+06 1.212204e+06 1.212206e+06 1.212252e+06 1.212389e+06 1.212080e+06 1.210485e+06 1.207587e+06 1.199699e+06 1.192946e+06 1.190076e+06 1.191426e+06 1.196170e+06 1.203263e+06 1.211844e+06 1.263440e+06 1.321872e+06 1.381528e+06 1.435636e+06 1.483423e+06 1.528220e+06 1.618111e+06 1.703766e+06 1.763060e+06 1.779703e+06 1.753447e+06 1.694202e+06
1.211425e+06 1.211425e+06 1.211425e+06 1.211426e+06 1.211427e+06 1.211478e+06 1.211626e+06 1.211363e+06 1.209825e+06 1.207038e+06 1.199625e+06 1.193722e+06 1.191988e+06 1.194626e+06 1.200700e+06 1.209094e+06 1.218899e+06 1.274594e+06 1.334344e+06 1.395288e+06 1.451325e+06 1.500511e+06 1.545397e+06 1.632134e+06 1.712556e+06 1.767749e+06 1.781198e+06 1.752558e+06 1.691687e+06
1.213352e+06 1.213352e+06 1.213352e+06 1.213352e+06 1.213354e+06 1.213405e+06 1.213554e+06 1.213297e+06 1.211783e+06 1.209063e+06 1.202007e+06 1.196809e+06 1.196056e+06 1.199827e+06 1.207087e+06 1.216652e+06 1.227573e+06 1.287222e+06 1.348235e+06 1.409971e+06 1.467396e+06 1.517773e+06 1.562808e+06 1.646639e+06 1.721833e+06 1.772496e+06 1.782613e+06 1.751539e+06 1.689034e+06
1.217733e+06 1.217733e+06 1.217733e+06 1.217734e+06 1.217735e+06 1.217773e+06 1.217889e+06 1.217555e+06 1.216023e+06 1.213323e+06 1.206514e+06 1.201892e+06 1.201982e+06 1.206754e+06 1.215077e+06 1.225707e+06 1.237656e+06 1.301144e+06 1.363445e+06 1.425605e+06 1.483891e+06 1.535170e+06 1.580340e+06 1.661482e+06 1.731656e+06 1.777326e+06 1.783953e+06 1.750391e+06 1.686241e+06
1.223732e+06 1.223732e+06 1.223732e+06 1.223733e+06 1.223734e+06 1.223776e+06 1.223898e+06 1.223554e+06 1.222015e+06 1.219333e+06 1.212727e+06 1.208601e+06 1.209442e+06 1.215121e+06 1.224420e+06 1.236038e+06 1.248950e+06 1.316206e+06 1.379875e+06 1.442196e+06 1.500852e+06 1.552686e+06 1.597906e+06 1.676532e+06 1.741865e+06 1.782274e+06 1.785224e+06 1.749115e+06 1.683308e+06
1.231216e+06 1.231216e+06 1.231216e+06 1.231217e+06 1.231218e+06 1.231252e+06 1.231353e+06 1.230949e+06 1.229385e+06 1.226705e+06 1.220266e+06 1.216590e+06 1.218130e+06 1.224662e+06 1.234887e+06 1.247448e+06 1.261286e+06 1.332282e+06 1.397422e+06 1.459728e+06 1.518313e+06 1.570321e+06 1.615439e+06 1.691668e+06 1.752330e+06 1.787394e+06 1.786439e+06 1.747714e+06 1.680237e+06
1.239643e+06 1.239643e+06 1.239643e+06 1.239643e+06 1.239644e+06 1.239675e+06 1.239766e+06 1.239324e+06 1.237743e+06 1.235071e+06 1.228802e+06 1.225571e+06 1.227795e+06 1.235164e+06 1.246297e+06 1.259781e+06 1.274529e+06 1.349276e+06 1.415997e+06 1.478166e+06 1.536292e+06 1.588078e+06 1.632891e+06 1.706778e+06 1.762942e+06 1.792776e+06 1.787613e+06 1.746192e+06 1.677029e+06
1.248716e+06 1.248716e+06 1.248716e+06 1.248717e+06 1.248718e+06 1.248749e+06 1.248840e+06 1.248397e+06 1.246823e+06 1.244179e+06 1.238114e+06 1.235349e+06 1.238271e+06 1.246483e+06 1.258525e+06 1.272935e+06 1.288591e+06 1.367120e+06 1.435514e+06 1.497464e+06 1.554791e+06 1.605963e+06 1.650226e+06 1.721761e+06 1.773601e+06 1.798383e+06 1.788767e+06 1.744557e+06 1.673687e+06
1.258455e+06 1.258455e+06 1.258455e+06 1.258455e+06 1.258457e+06 1.258488e+06 1.258581e+06 1.258143e+06 1.256579e+06 1.253970e+06 1.248126e+06 1.245843e+06 1.249477e+06 1.258545e+06 1.271509e+06 1.286852e+06 1.303425e+06 1.385769e+06 1.455899e+06 1.517562e+06 1.573796e+06 1.623977e+06 1.667418e+06 1.736526e+06 1.784212e+06 1.804100e+06 1.789933e+06 1.742818e+06 1.670214e+06
1.268892e+06 1.268892e+06 1.268892e+06 1.268892e+06 1.268894e+06 1.268926e+06 1.269021e+06 1.268591e+06 1.267039e+06 1.264466e+06 1.258842e+06 1.257046e+06 1.261400e+06 1.271335e+06 1.285233e+06 1.301522e+06 1.319020e+06 1.405194e+06 1.477082e+06 1.538390e+06 1.593274e+06 1.642111e+06 1.684446e+06 1.750996e+06 1.794687e+06 1.809841e+06 1.791157e+06 1.740986e+06 1.666616e+06
1.280082e+06 1.280082e+06 1.280082e+06 1.280082e+06 1.280083e+06 1.280116e+06 1.280212e+06 1.279787e+06 1.278245e+06 1.275704e+06 1.270296e+06 1.268984e+06 1.274063e+06 1.284874e+06 1.299717e+06 1.316962e+06 1.335393e+06 1.425381e+06 1.498995e+06 1.559869e+06 1.613179e+06 1.660347e+06 1.701291e+06 1.765102e+06 1.804941e+06 1.815531e+06 1.792496e+06 1.739077e+06 1.662900e+06
1.292062e+06 1.292062e+06 1.292062e+06 1.292062e+06 1.292063e+06 1.292095e+06 1.292190e+06 1.291766e+06 1.290230e+06 1.287719e+06 1.282522e+06 1.281695e+06 1.287504e+06 1.299201e+06 1.314998e+06 1.333207e+06 1.352574e+06 1.446317e+06 1.521569e+06 1.581911e+06 1.633447e+06 1.678655e+06 1.717930e+06 1.778786e+06 1.814900e+06 1.821103e+06 1.793877e+06 1.737109e+06 1.659073e+06
1.304821e+06 1.304821e+06 1.304821e+06 1.304822e+06 1.304823e+06 1.304856e+06 1.304955e+06 1.304541e+06 1.303016e+06 1.300538e+06 1.295559e+06 1.295225e+06 1.301773e+06 1.314365e+06 1.331125e+06 1.350301e+06 1.370600e+06 1.467988e+06 1.544731e+06 1.604418e+06 1.654001e+06 1.696992e+06 1.734338e+06 1.792000e+06 1.824494e+06 1.826490e+06 1.795229e+06 1.735111e+06 1.655144e+06
1.318440e+06 1.318440e+06 1.318440e+06 1.318440e+06 1.318441e+06 1.318475e+06 1.318577e+06 1.318175e+06 1.316664e+06 1.314221e+06 1.309466e+06 1.309634e+06 1.316932e+06 1.330427e+06 1.348151e+06 1.368289e+06 1.389509e+06 1.490366e+06 1.568393e+06 1.627281e+06 1.674751e+06 1.715304e+06 1.750486e+06 1.804701e+06 1.833659e+06 1.831635e+06 1.796496e+06 1.733129e+06 1.651127e+06
1.332993e+06 1.332993e+06 1.332993e+06 1.332993e+06 1.332994e+06 1.333030e+06 1.333137e+06 1.332755e+06 1.331259e+06 1.328854e+06 1.324327e+06 1.324999e+06 1.333049e+06 1.347446e+06 1.366127e+06 1.387211e+06 1.409323e+06 1.513405e+06 1.592458e+06 1.650381e+06 1.695594e+06 1.733526e+06 1.766337e+06 1.816855e+06 1.842340e+06 1.836480e+06 1.797630e+06 1.731173e+06 1.647033e+06
1.348606e+06 1.348606e+06 1.348606e+06 1.348607e+06 1.348608e+06 1.348646e+06 1.348759e+06 1.348393e+06 1.346911e+06 1.344541e+06 1.340232e+06 1.341400e+06 1.350192e+06 1.365475e+06 1.385090e+06 1.407085e+06 1.430047e+06 1.537034e+06 1.616809e+06 1.673588e+06 1.716420e+06 1.751582e+06 1.781847e+06 1.828431e+06 1.850490e+06 1.840975e+06 1.798587e+06 1.729182e+06 1.642883e+06
1.365393e+06 1.365393e+06 1.365393e+06 1.365393e+06 1.365394e+06 1.365433e+06 1.365548e+06 1.365189e+06 1.363712e+06 1.361366e+06 1.357254e+06 1.358896e+06 1.368405e+06 1.384541e+06 1.405047e+06 1.427899e+06 1.451646e+06 1.561148e+06 1.641312e+06 1.696762e+06 1.737109e+06 1.769388e+06 1.796968e+06 1.839402e+06 1.858065e+06 1.845073e+06 1.799324e+06 1.727113e+06 1.638702e+06
1.383379e+06 1.383379e+06 1.383379e+06 1.383379e+06 1.383380e+06 1.383419e+06 1.383533e+06 1.383170e+06 1.381691e+06 1.379361e+06 1.375426e+06 1.377513e+06 1.387697e+06 1.404633e+06 1.425961e+06 1.449594e+06 1.474041e+06 1.585609e+06 1.665813e+06 1.719754e+06 1.757534e+06 1.786854e+06 1.811646e+06 1.849746e+06 1.865032e+06 1.848731e+06 1.799805e+06 1.724932e+06 1.634527e+06
1.402520e+06 1.402520e+06 1.402520e+06 1.402520e+06 1.402522e+06 1.402561e+06 1.402679e+06 1.402320e+06 1.400841e+06 1.398525e+06 1.394746e+06 1.397236e+06 1.408030e+06 1.425682e+06 1.447739e+06 1.472051e+06 1.497096e+06 1.610242e+06 1.690141e+06 1.742407e+06 1.777564e+06 1.803886e+06 1.825821e+06 1.859439e+06 1.871362e+06 1.851912e+06 1.799994e+06 1.722607e+06 1.630339e+06
1.422854e+06 1.422854e+06 1.422854e+06 1.422855e+06 1.422856e+06 1.422896e+06 1.423016e+06 1.422657e+06 1.421173e+06 1.418861e+06 1.415196e+06 1.418009e+06 1.429310e+06 1.447560e+06 1.470223e+06 1.495093e+06 1.520616e+06 1.634840e+06 1.714114e+06 1.764563e+06 1.797068e+06 1.820385e+06 1.839431e+06 1.868462e+06 1.877032e+06 1.854585e+06 1.799858e+06 1.720111e+06 1.626099e+06
1.444400e+06 1.444400e+06 1.444400e+06 1.444401e+06 1.444402e+06 1.444441e+06 1.444561e+06 1.444190e+06 1.442684e+06 1.440348e+06 1.436704e+06 1.439709e+06 1.451364e+06 1.470061e+06 1.493184e+06 1.518476e+06 1.544354e+06 1.659172e+06 1.737537e+06 1.786059e+06 1.815911e+06 1.836252e+06 1.852413e+06 1.876794e+06 1.882023e+06 1.856721e+06 1.799370e+06 1.717419e+06 1.621781e+06
1.467123e+06 1.467123e+06 1.467123e+06 1.467124e+06 1.467125e+06 1.467163e+06 1.467272e+06 1.466828e+06 1.465250e+06 1.462829e+06 1.459053e+06 1.462076e+06 1.473912e+06 1.492890e+06 1.516324e+06 1.541903e+06 1.568014e+06 1.682990e+06 1.760216e+06 1.806734e+06 1.833964e+06 1.851389e+06 1.864700e+06 1.884417e+06 1.886323e+06 1.858298e+06 1.798503e+06 1.714507e+06 1.617364e+06
1.490585e+06 1.490585e+06 1.490585e+06 1.490585e+06 1.490586e+06 1.490609e+06 1.490677e+06 1.490063e+06 1.488354e+06 1.485786e+06 1.481747e+06 1.484654e+06 1.496533e+06 1.515659e+06 1.539278e+06 1.565028e+06 1.591267e+06 1.706043e+06 1.781957e+06 1.826435e+06 1.851100e+06 1.865698e+06 1.876228e+06 1.891312e+06 1.889922e+06 1.859299e+06 1.797236e+06 1.711355e+06 1.612828e+06
1.513685e+06 1.513685e+06 1.513685e+06 1.513685e+06 1.513685e+06 1.513689e+06 1.513699e+06 1.512899e+06 1.511064e+06 1.508355e+06 1.504067e+06 1.506843e+06 1.518720e+06 1.537923e+06 1.561643e+06 1.587480e+06 1.613770e+06 1.728087e+06 1.802579e+06 1.845014e+06 1.867200e+06 1.879089e+06 1.886933e+06 1.897460e+06 1.892814e+06 1.859710e+06 1.795548e+06 1.707943e+06 1.608158e+06
1.535232e+06 1.535232e+06 1.535232e+06 1.535232e+06 1.535232e+06 1.535239e+06 1.535257e+06 1.534442e+06 1.532568e+06 1.529805e+06 1.525403e+06 1.528122e+06 1.540010e+06 1.559261e+06 1.583035e+06 1.608905e+06 1.635195e+06 1.748897e+06 1.821914e+06 1.862336e+06 1.882152e+06 1.891472e+06 1.896754e+06 1.902845e+06 1.894995e+06 1.859521e+06 1.793424e+06 1.704256e+06 1.603337e+06
1.555412e+06 1.555412e+06 1.555412e+06 1.555412e+06 1.555412e+06 1.555420e+06 1.555442e+06 1.554647e+06 1.552770e+06 1.549989e+06 1.545534e+06 1.548214e+06 1.560093e+06 1.579354e+06 1.603137e+06 1.629004e+06 1.655264e+06 1.768281e+06 1.839812e+06 1.878275e+06 1.895851e+06 1.902767e+06 1.905632e+06 1.907451e+06 1.896465e+06 1.858727e+06 1.790852e+06 1.700277e+06 1.598352e+06
1.574562e+06 1.574562e+06 1.574562e+06 1.574562e+06 1.574562e+06 1.574573e+06 1.574600e+06 1.573789e+06 1.571878e+06 1.569043e+06 1.564446e+06 1.566990e+06 1.578770e+06 1.597971e+06 1.621717e+06 1.647550e+06 1.673764e+06 1.786090e+06 1.856147e+06 1.892722e+06 1.908205e+06 1.912899e+06 1.913516e+06 1.911261e+06 1.897225e+06 1.857326e+06 1.787821e+06 1.695995e+06 1.593191e+06
1.592782e+06 1.592782e+06 1.592782e+06 1.592782e+06 1.592782e+06 1.592778e+06 1.592764e+06 1.591809e+06 1.589791e+06 1.586828e+06 1.581948e+06 1.584236e+06 1.595831e+06 1.614917e+06 1.638598e+06 1.664388e+06 1.690558e+06 1.802214e+06 1.870809e+06 1.905576e+06 1.919127e+06 1.921801e+06 1.920355e+06 1.914263e+06 1.897279e+06 1.855319e+06 1.784327e+06 1.691399e+06 1.587844e+06
1.609249e+06 1.609249e+06 1.609249e+06 1.609249e+06 1.609248e+06 1.609220e+06 1.609142e+06 1.607969e+06 1.605809e+06 1.602693e+06 1.597515e+06 1.599563e+06 1.611002e+06 1.630009e+06 1.653659e+06 1.679436e+06 1.705583e+06 1.816582e+06 1.883709e+06 1.916750e+06 1.928545e+06 1.929413e+06 1.926107e+06 1.916445e+06 1.896632e+06 1.852711e+06 1.780364e+06 1.686481e+06 1.582301e+06
1.622516e+06 1.622516e+06 1.622516e+06 1.622516e+06 1.622515e+06 1.622482e+06 1.622384e+06 1.621150e+06 1.618959e+06 1.615814e+06 1.610590e+06 1.612627e+06 1.624095e+06 1.643159e+06 1.666873e+06 1.692694e+06 1.718849e+06 1.829151e+06 1.894766e+06 1.926168e+06 1.936394e+06 1.935686e+06 1.930736e+06 1.917797e+06 1.895290e+06 1.849506e+06 1.775932e+06 1.681235e+06 1.576554e+06
1.632337e+06 1.632337e+06 1.632337e+06 1.632337e+06 1.632336e+06 1.632329e+06 1.632302e+06 1.631274e+06 1.629199e+06 1.626176e+06 1.621205e+06 1.623498e+06 1.635209e+06 1.654483e+06 1.678352e+06 1.704263e+06 1.730435e+06 1.839882e+06 1.903904e+06 1.933759e+06 1.942620e+06 1.940577e+06 1.934213e+06 1.918313e+06 1.893261e+06 1.845715e+06 1.771033e+06 1.675656e+06 1.570596e+06
1.640480e+06 1.640480e+06 1.640480e+06 1.640480e+06 1.640480e+06 1.640482e+06 1.640478e+06 1.639556e+06 1.637576e+06 1.634677e+06 1.630024e+06 1.632678e+06 1.644732e+06 1.664279e+06 1.688324e+06 1.714305e+06 1.740447e+06 1.848726e+06 1.911050e+06 1.939465e+06 1.947178e+06 1.944056e+06 1.936514e+06 1.917988e+06 1.890554e+06 1.841346e+06 1.765671e+06 1.669742e+06 1.564423e+06
1.647688e+06 1.647688e+06 1.647688e+06 1.647688e+06 1.647688e+06 1.647690e+06 1.647695e+06 1.646838e+06 1.644927e+06 1.642127e+06 1.637759e+06 1.640756e+06 1.653122e+06 1.672884e+06 1.697019e+06 1.722963e+06 1.748959e+06 1.855605e+06 1.916125e+06 1.943232e+06 1.950038e+06 1.946101e+06 1.937626e+06 1.916820e+06 1.887179e+06 1.836412e+06 1.759852e+06 1.663494e+06 1.558030e+06
1.654394e+06 1.654394e+06 1.654394e+06 1.654394e+06 1.654394e+06 1.654402e+06 1.654423e+06 1.653626e+06 1.651771e+06 1.649055e+06 1.644920e+06 1.648169e+06 1.660713e+06 1.680521e+06 1.704558e+06 1.730277e+06 1.755949e+06 1.860406e+06 1.919049e+06 1.945020e+06 1.951178e+06 1.946700e+06 1.937540e+06 1.914811e+06 1.883147e+06 1.830927e+06 1.753583e+06 1.656911e+06 1.551415e+06
1.660993e+06 1.660993e+06 1.660993e+06 1.660993e+06 1.660993e+06 1.661003e+06 1.661029e+06 1.660267e+06 1.658456e+06 1.655803e+06 1.651819e+06 1.655158e+06 1.667646e+06 1.687233e+06 1.710902e+06 1.736149e+06 1.761281e+06 1.862987e+06 1.919750e+06 1.944803e+06 1.950594e+06 1.945855e+06 1.936259e+06 1.911968e+06 1.878471e+06 1.824904e+06 1.746875e+06 1.649998e+06 1.544576e+06
1.667671e+06 1.667671e+06 1.667671e+06 1.667671e+06 1.667672e+06 1.667683e+06 1.667713e+06 1.666978e+06 1.665197e+06 1.662577e+06 1.658599e+06 1.661766e+06 1.673864e+06 1.692877e+06 1.715855e+06 1.740350e+06 1.764719e+06 1.863193e+06 1.918168e+06 1.942570e+06 1.948294e+06 1.943577e+06 1.933792e+06 1.908296e+06 1.873163e+06 1.818359e+06 1.739738e+06 1.642760e+06 1.537514e+06
1.674569e+06 1.674569e+06 1.674569e+06 1.674569e+06 1.674570e+06 1.674582e+06 1.674616e+06 1.673886e+06 1.672096e+06 1.669437e+06 1.665208e+06 1.667823e+06 1.679108e+06 1.697149e+06 1.719094e+06 1.742568e+06 1.765969e+06 1.860888e+06 1.914268e+06 1.938333e+06 1.944302e+06 1.939889e+06 1.930157e+06 1.903809e+06 1.867238e+06 1.811307e+06 1.732185e+06 1.635202e+06 1.530230e+06
1.681764e+06 1.681764e+06 1.681764e+06 1.681765e+06 1.681765e+06 1.681776e+06 1.681785e+06 1.680869e+06 1.678919e+06 1.676050e+06 1.671172e+06 1.672803e+06 1.682858e+06 1.699566e+06 1.720192e+06 1.742432e+06 1.764720e+06 1.855971e+06 1.908051e+06 1.932128e+06 1.938663e+06 1.934827e+06 1.925379e+06 1.898521e+06 1.860711e+06 1.803766e+06 1.724229e+06 1.627331e+06 1.522727e+06
1.688040e+06 1.688040e+06 1.688040e+06 1.688039e+06 1.688038e+06 1.687990e+06 1.687840e+06 1.686452e+06 1.684219e+06 1.681020e+06 1.675261e+06 1.675676e+06 1.684283e+06 1.699474e+06 1.718642e+06 1.739556e+06 1.760679e+06 1.848402e+06 1.899558e+06 1.924019e+06 1.931433e+06 1.928436e+06 1.919492e+06 1.892450e+06 1.853597e+06 1.795751e+06 1.715884e+06 1.619157e+06 1.515007e+06
1.689933e+06 1.689933e+06 1.689933e+06 1.689933e+06 1.689931e+06 1.689877e+06 1.689699e+06 1.688146e+06 1.685762e+06 1.682347e+06 1.675888e+06 1.675215e+06 1.682464e+06 1.696204e+06 1.713969e+06 1.733610e+06 1.753628e+06 1.838209e+06 1.888874e+06 1.914095e+06 1.922688e+06 1.920773e+06 1.912535e+06 1.885616e+06 1.845915e+06 1.787281e+06 1.707164e+06 1.610689e+06 1.507075e+06
1.686733e+06 1.686733e+06 1.686733e+06 1.686732e+06 1.686730e+06 1.686664e+06 1.686454e+06 1.684807e+06 1.682366e+06 1.678864e+06 1.672018e+06 1.670584e+06 1.676772e+06 1.689311e+06 1.705880e+06 1.724420e+06 1.743481e+06 1.825496e+06 1.876127e+06 1.902467e+06 1.912517e+06 1.911905e+06 1.904554e+06 1.878044e+06 1.837681e+06 1.778373e+06 1.698087e+06 1.601938e+06 1.498936e+06
1.677889e+06 1.677889e+06 1.677889e+06 1.677889e+06 1.677887e+06 1.677839e+06 1.677676e+06 1.676169e+06 1.673808e+06 1.670365e+06 1.663457e+06 1.661614e+06 1.667082e+06 1.678729e+06 1.694366e+06 1.712033e+06 1.730328e+06 1.810441e+06 1.861483e+06 1.889271e+06 1.901023e+06 1.901903e+06 1.895600e+06 1.869757e+06 1.828915e+06 1.769044e+06 1.688666e+06 1.592915e+06 1.490598e+06
1.664749e+06 1.664749e+06 1.664749e+06 1.664748e+06 1.664747e+06 1.664700e+06 1.664553e+06 1.663157e+06 1.660893e+06 1.657553e+06 1.650743e+06 1.648719e+06 1.653732e+06 1.664749e+06 1.679698e+06 1.696705e+06 1.714422e+06 1.793280e+06 1.845137e+06 1.874657e+06 1.888315e+06 1.890848e+06 1.885729e+06 1.860784e+06 1.819634e+06 1.759313e+06 1.678919e+06 1.583632e+06 1.482066e+06
1.648145e+06 1.648145e+06 1.648145e+06 1.648145e+06 1.648144e+06 1.648111e+06 1.648002e+06 1.646734e+06 1.644568e+06 1.641337e+06 1.634678e+06 1.632593e+06 1.637311e+06 1.647881e+06 1.662326e+06 1.678844e+06 1.696136e+06 1.774293e+06 1.827304e+06 1.858785e+06 1.874511e+06 1.878821e+06 1.874997e+06 1.851154e+06 1.809859e+06 1.749198e+06 1.668862e+06 1.574101e+06 1.473349e+06
1.629070e+06 1.629070e+06 1.629070e+06 1.629070e+06 1.629069e+06 1.629036e+06 1.628932e+06 1.627740e+06 1.625657e+06 1.622529e+06 1.616037e+06 1.613950e+06 1.618470e+06 1.628709e+06 1.642771e+06 1.658921e+06 1.675903e+06 1.753785e+06 1.808211e+06 1.841822e+06 1.859730e+06 1.865908e+06 1.863464e+06 1.840897e+06 1.799609e+06 1.738717e+06 1.658511e+06 1.564336e+06 1.464456e+06
1.607985e+06 1.607985e+06 1.607985e+06 1.607984e+06 1.607984e+06 1.607963e+06 1.607894e+06 1.606818e+06 1.604826e+06 1.601805e+06 1.595494e+06 1.593437e+06 1.597815e+06 1.607794e+06 1.621550e+06 1.637410e+06 1.654157e+06 1.732059e+06 1.788083e+06 1.823931e+06 1.844090e+06 1.852194e+06 1.851191e+06 1.830044e+06 1.788906e+06 1.727887e+06 1.647883e+06 1.554349e+06 1.455394e+06
1.585725e+06 1.585725e+06 1.585725e+06 1.585725e+06 1.585724e+06 1.585704e+06 1.585638e+06 1.584617e+06 1.582696e+06 1.579766e+06 1.573625e+06 1.571609e+06 1.575872e+06 1.585629e+06 1.599126e+06 1.614744e+06 1.631301e+06 1.709410e+06 1.767134e+06 1.805272e+06 1.827709e+06 1.837761e+06 1.838236e+06 1.818627e+06 1.777770e+06 1.716727e+06 1.636994e+06 1.544155e+06 1.446174e+06
1.562567e+06 1.562567e+06 1.562567e+06 1.562567e+06 1.562567e+06 1.562553e+06 1.562507e+06 1.561562e+06 1.559709e+06 1.556867e+06 1.550884e+06 1.548910e+06 1.553072e+06 1.562629e+06 1.575891e+06 1.591294e+06 1.607688e+06 1.686102e+06 1.745568e+06 1.785995e+06 1.810695e+06 1.822690e+06 1.824658e+06 1.806677e+06 1.766221e+06 1.705254e+06 1.625861e+06 1.533766e+06 1.436805e+06
1.538988e+06 1.538988e+06 1.538988e+06 1.538988e+06 1.538987e+06 1.538974e+06 1.538929e+06 1.538022e+06 1.536224e+06 1.533458e+06 1.527620e+06 1.525687e+06 1.529754e+06 1.539124e+06 1.552167e+06 1.567368e+06 1.583613e+06 1.662369e+06 1.723563e+06 1.766235e+06 1.793150e+06 1.807056e+06 1.810513e+06 1.794226e+06 1.754281e+06 1.693486e+06 1.614500e+06 1.523197e+06 1.427297e+06
1.515122e+06 1.515122e+06 1.515122e+06 1.515121e+06 1.515121e+06 1.515112e+06 1.515082e+06 1.514230e+06 1.512489e+06 1.509797e+06 1.504099e+06 1.502205e+06 1.506182e+06 1.515373e+06 1.528206e+06 1.543214e+06 1.559316e+06 1.638410e+06 1.701277e+06 1.746115e+06 1.775165e+06 1.790928e+06 1.795853e+06 1.781306e+06 1.741972e+06 1.681442e+06 1.602927e+06 1.512462e+06 1.417661e+06
1.491278e+06 1.491278e+06 1.491278e+06 1.491278e+06 1.491278e+06 1.491269e+06 1.491240e+06 1.490417e+06 1.488722e+06 1.486096e+06 1.480527e+06 1.478669e+06 1.482559e+06 1.491576e+06 1.504205e+06 1.519024e+06 1.534984e+06 1.614388e+06 1.678844e+06 1.725739e+06 1.756824e+06 1.774372e+06 1.780728e+06 1.767946e+06 1.729313e+06 1.669138e+06 1.591159e+06 1.501574e+06 1.407908e+06
1.467528e+06 1.467528e+06 1.467528e+06 1.467528e+06 1.467528e+06 1.467522e+06 1.467500e+06 1.466716e+06 1.465067e+06 1.462503e+06 1.457058e+06 1.455232e+06 1.459037e+06 1.467884e+06 1.480312e+06 1.494945e+06 1.510765e+06 1.590433e+06 1.656374e+06 1.705196e+06 1.738198e+06 1.757443e+06 1.765185e+06 1.754177e+06 1.716327e+06 1.656591e+06 1.579210e+06 1.490547e+06 1.398047e+06
1.444038e+06 1.444038e+06 1.444038e+06 1.444038e+06 1.444038e+06 1.444032e+06 1.444012e+06 1.443251e+06 1.441641e+06 1.439135e+06 1.433804e+06 1.432007e+06 1.435727e+06 1.444409e+06 1.456639e+06 1.471088e+06 1.486766e+06 1.566647e+06 1.633955e+06 1.684560e+06 1.719347e+06 1.740193e+06 1.749266e+06 1.740029e+06 1.703035e+06 1.643820e+06 1.567096e+06 1.479395e+06 1.388090e+06
1.420849e+06 1.420849e+06 1.420849e+06 1.420849e+06 1.420849e+06 1.420845e+06 1.420828e+06 1.420093e+06 1.418522e+06 1.416070e+06 1.410846e+06 1.409075e+06 1.412711e+06 1.421230e+06 1.433266e+06 1.447533e+06 1.463068e+06 1.543108e+06 1.611654e+06 1.663889e+06 1.700323e+06 1.722667e+06 1.733009e+06 1.725530e+06 1.689457e+06 1.630841e+06 1.554833e+06 1.468130e+06 1.378048e+06
1.398035e+06 1.398035e+06 1.398035e+06 1.398035e+06 1.398035e+06 1.398031e+06 1.398016e+06 1.397301e+06 1.395764e+06 1.393363e+06 1.388239e+06 1.386491e+06 1.390044e+06 1.398403e+06 1.410250e+06 1.424337e+06 1.439730e+06 1.519871e+06 1.589521e+06 1.643227e+06 1.681168e+06 1.704905e+06 1.716452e+06 1.710707e+06 1.675615e+06 1.617672e+06 1.542435e+06 1.456766e+06 1.367930e+06
1.375621e+06 1.375621e+06 1.375621e+06 1.375621e+06 1.375621e+06 1.375617e+06 1.375603e+06 1.374905e+06 1.373400e+06 1.371046e+06 1.366017e+06 1.364289e+06 1.367762e+06 1.375966e+06 1.387628e+06 1.401539e+06 1.416790e+06 1.496974e+06 1.567590e+06 1.622610e+06 1.661915e+06 1.686940e+06 1.699627e+06 1.695588e+06 1.661529e+06 1.604328e+06 1.529918e+06 1.445316e+06 1.357748e+06
1.353615e+06 1.353615e+06 1.353615e+06 1.353615e+06 1.353615e+06 1.353611e+06 1.353599e+06 1.352918e+06 1.351443e+06 1.349136e+06 1.344198e+06 1.342492e+06 1.345888e+06 1.353944e+06 1.365428e+06 1.379167e+06 1.394276e+06 1.474441e+06 1.545883e+06 1.602060e+06 1.642593e+06 1.668803e+06 1.682565e+06 1.680199e+06 1.647219e+06 1.590828e+06 1.517295e+06 1.433793e+06 1.347513e+06
1.332029e+06 1.332029e+06 1.332029e+06 1.332029e+06 1.332029e+06 1.332026e+06 1.332014e+06 1.331348e+06 1.329904e+06 1.327641e+06 1.322795e+06 1.321113e+06 1.324439e+06 1.332354e+06 1.343666e+06 1.357237e+06 1.372206e+06 1.452284e+06 1.524412e+06 1.581594e+06 1.623225e+06 1.650521e+06 1.665293e+06 1.664565e+06 1.632707e+06 1.577186e+06 1.504581e+06 1.422208e+06 1.337234e+06
1.310862e+06 1.310862e+06 1.310862e+06 1.310862e+06 1.310862e+06 1.310859e+06 1.310850e+06 1.310205e+06 1.308791e+06 1.306574e+06 1.301820e+06 1.300166e+06 1.303428e+06 1.311210e+06 1.322357e+06 1.335763e+06 1.350590e+06 1.430508e+06 1.503183e+06 1.561225e+06 1.603829e+06 1.632118e+06 1.647840e+06 1.648714e+06 1.618013e+06 1.563420e+06 1.491789e+06 1.410574e+06 1.326921e+06
1.290154e+06 1.290154e+06 1.290154e+06 1.290154e+06 1.290154e+06 1.290152e+06 1.290142e+06 1.289511e+06 1.288126e+06 1.285952e+06 1.281290e+06 1.279666e+06 1.282869e+06 1.290523e+06 1.301509e+06 1.314751e+06 1.329432e+06 1.409109e+06 1.482195e+06 1.540960e+06 1.584422e+06 1.613616e+06 1.630230e+06 1.632668e+06 1.603158e+06 1.549546e+06 1.478933e+06 1.398903e+06 1.316585e+06
1.269893e+06 1.269893e+06 1.269893e+06 1.269893e+06 1.269893e+06 1.269891e+06 1.269886e+06 1.269275e+06 1.267920e+06 1.265791e+06 1.261219e+06 1.259626e+06 1.262772e+06 1.270301e+06 1.281128e+06 1.294205e+06 1.308735e+06 1.388084e+06 1.461447e+06 1.520807e+06 1.565020e+06 1.595038e+06 1.612489e+06 1.616454e+06 1.588160e+06 1.535579e+06 1.466026e+06 1.387207e+06 1.306236e+06
