1.858859e+05 1.741741e+05 1.745710e+05 1.722287e+05 1.699516e+05 1.542506e+05 1.456368e+05 1.369586e+05 1.343590e+05 1.323621e+05 1.294796e+05 1.274758e+05 1.259820e+05 1.248187e+05 1.238951e+05 1.231642e+05 1.226011e+05 1.219419e+05 1.242998e+05 1.288320e+05 1.345166e+05 1.403411e+05 1.457346e+05 1.564245e+05 1.713125e+05 1.924076e+05 2.185397e+05 2.477675e+05 2.783267e+05
1.540122e+05 1.540140e+05 1.540184e+05 1.540227e+05 1.535287e+05 1.484179e+05 1.429235e+05 1.358307e+05 1.335180e+05 1.317052e+05 1.290408e+05 1.271577e+05 1.257380e+05 1.246239e+05 1.237354e+05 1.230312e+05 1.224897e+05 1.219070e+05 1.243220e+05 1.289004e+05 1.346220e+05 1.404749e+05 1.458890e+05 1.566032e+05 1.715048e+05 1.926111e+05 2.187533e+05 2.479893e+05 2.785538e+05
1.456238e+05 1.456242e+05 1.456253e+05 1.456413e+05 1.456178e+05 1.441864e+05 1.396258e+05 1.343137e+05 1.324407e+05 1.308939e+05 1.285240e+05 1.267937e+05 1.254641e+05 1.244083e+05 1.235605e+05 1.228868e+05 1.223696e+05 1.218704e+05 1.243453e+05 1.289712e+05 1.347302e+05 1.406118e+05 1.460465e+05 1.567846e+05 1.716995e+05 1.928167e+05 2.189689e+05 2.482128e+05 2.787825e+05
1.403879e+05 1.403880e+05 1.403886e+05 1.403977e+05 1.404021e+05 1.388023e+05 1.379999e+05 1.325503e+05 1.311520e+05 1.299305e+05 1.279267e+05 1.263819e+05 1.251590e+05 1.241710e+05 1.233698e+05 1.227305e+05 1.222405e+05 1.218320e+05 1.243697e+05 1.290444e+05 1.348414e+05 1.407517e+05 1.462071e+05 1.569687e+05 1.718965e+05 1.930245e+05 2.191864e+05 2.484381e+05 2.790127e+05
1.364438e+05 1.364439e+05 1.364442e+05 1.364498e+05 1.364563e+05 1.354668e+05 1.351231e+05 1.312339e+05 1.298228e+05 1.288658e+05 1.272537e+05 1.259219e+05 1.248219e+05 1.239111e+05 1.231626e+05 1.225619e+05 1.221021e+05 1.217918e+05 1.243953e+05 1.291201e+05 1.349556e+05 1.408948e+05 1.463708e+05 1.571556e+05 1.720960e+05 1.932343e+05 2.194058e+05 2.486652e+05 2.792445e+05
1.332581e+05 1.332582e+05 1.332584e+05 1.332627e+05 1.332767e+05 1.329956e+05 1.322482e+05 1.306438e+05 1.289200e+05 1.278516e+05 1.265281e+05 1.254176e+05 1.244529e+05 1.236283e+05 1.229385e+05 1.223807e+05 1.219540e+05 1.217499e+05 1.244221e+05 1.291983e+05 1.350728e+05 1.410411e+05 1.465376e+05 1.573453e+05 1.722979e+05 1.934464e+05 2.196271e+05 2.488939e+05 2.794780e+05
1.314427e+05 1.314428e+05 1.314429e+05 1.314458e+05 1.314513e+05 1.312381e+05 1.301981e+05 1.299499e+05 1.285145e+05 1.272073e+05 1.258037e+05 1.248812e+05 1.240550e+05 1.233230e+05 1.226973e+05 1.221864e+05 1.217961e+05 1.217062e+05 1.244503e+05 1.292791e+05 1.351932e+05 1.411906e+05 1.467075e+05 1.575378e+05 1.725022e+05 1.936606e+05 2.198504e+05 2.491245e+05 2.797130e+05
1.299237e+05 1.299237e+05 1.299238e+05 1.299260e+05 1.299305e+05 1.297548e+05 1.287405e+05 1.289040e+05 1.281163e+05 1.269183e+05 1.251805e+05 1.243370e+05 1.236352e+05 1.229974e+05 1.224397e+05 1.219793e+05 1.216283e+05 1.216607e+05 1.244798e+05 1.293625e+05 1.353167e+05 1.413434e+05 1.468807e+05 1.577331e+05 1.727090e+05 1.938770e+05 2.200757e+05 2.493568e+05 2.799496e+05
1.283372e+05 1.283372e+05 1.283373e+05 1.283387e+05 1.283390e+05 1.282653e+05 1.275868e+05 1.276669e+05 1.275110e+05 1.266748e+05 1.248202e+05 1.238263e+05 1.232064e+05 1.226559e+05 1.221671e+05 1.217597e+05 1.214506e+05 1.216135e+05 1.245107e+05 1.294486e+05 1.354433e+05 1.414995e+05 1.470571e+05 1.579313e+05 1.729182e+05 1.940955e+05 2.203029e+05 2.495909e+05 2.801878e+05
1.268792e+05 1.268793e+05 1.268793e+05 1.268814e+05 1.268910e+05 1.270441e+05 1.266705e+05 1.264683e+05 1.267050e+05 1.263141e+05 1.246583e+05 1.234157e+05 1.227891e+05 1.223060e+05 1.218825e+05 1.215291e+05 1.212638e+05 1.215645e+05 1.245431e+05 1.295376e+05 1.355733e+05 1.416590e+05 1.472368e+05 1.581324e+05 1.731300e+05 1.943162e+05 2.205320e+05 2.498267e+05 2.804275e+05
1.262552e+05 1.262553e+05 1.262553e+05 1.262565e+05 1.262593e+05 1.262700e+05 1.259604e+05 1.254387e+05 1.258074e+05 1.257940e+05 1.245521e+05 1.231916e+05 1.224137e+05 1.219594e+05 1.215910e+05 1.212895e+05 1.210686e+05 1.215140e+05 1.245771e+05 1.296293e+05 1.357066e+05 1.418219e+05 1.474198e+05 1.583363e+05 1.733442e+05 1.945392e+05 2.207631e+05 2.500643e+05 2.806689e+05
1.231508e+05 1.231508e+05 1.231509e+05 1.231538e+05 1.231616e+05 1.232522e+05 1.232638e+05 1.226203e+05 1.224293e+05 1.225676e+05 1.230289e+05 1.227179e+05 1.218450e+05 1.209827e+05 1.203926e+05 1.201274e+05 1.200564e+05 1.212444e+05 1.247733e+05 1.301329e+05 1.364242e+05 1.426887e+05 1.483853e+05 1.594000e+05 1.744532e+05 1.956871e+05 2.219485e+05 2.512793e+05 2.819000e+05
1.216401e+05 1.216401e+05 1.216401e+05 1.216406e+05 1.216417e+05 1.216616e+05 1.216653e+05 1.213314e+05 1.210056e+05 1.207545e+05 1.208035e+05 1.211804e+05 1.212229e+05 1.208409e+05 1.202906e+05 1.198109e+05 1.195241e+05 1.209963e+05 1.250263e+05 1.307176e+05 1.372319e+05 1.436461e+05 1.494377e+05 1.605387e+05 1.756263e+05 1.968913e+05 2.231841e+05 2.525392e+05 2.831716e+05
1.203507e+05 1.203507e+05 1.203507e+05 1.203509e+05 1.203516e+05 1.203644e+05 1.203731e+05 1.202147e+05 1.199966e+05 1.197238e+05 1.193492e+05 1.194670e+05 1.198374e+05 1.200880e+05 1.200869e+05 1.199175e+05 1.197252e+05 1.209233e+05 1.253692e+05 1.313956e+05 1.381361e+05 1.446984e+05 1.505801e+05 1.617542e+05 1.768648e+05 1.981524e+05 2.244703e+05 2.538447e+05 2.844839e+05
1.191465e+05 1.191465e+05 1.191465e+05 1.191467e+05 1.191473e+05 1.191564e+05 1.191623e+05 1.190926e+05 1.189820e+05 1.188132e+05 1.184317e+05 1.182980e+05 1.185419e+05 1.189955e+05 1.194335e+05 1.197400e+05 1.199229e+05 1.213471e+05 1.258660e+05 1.321870e+05 1.391455e+05 1.458503e+05 1.518156e+05 1.630482e+05 1.781697e+05 1.994712e+05 2.258077e+05 2.551960e+05 2.858373e+05
1.180099e+05 1.180099e+05 1.180100e+05 1.180101e+05 1.180106e+05 1.180227e+05 1.180535e+05 1.181054e+05 1.180926e+05 1.180380e+05 1.178272e+05 1.176607e+05 1.177570e+05 1.181548e+05 1.187383e+05 1.193595e+05 1.199235e+05 1.222827e+05 1.266289e+05 1.331239e+05 1.402721e+05 1.471077e+05 1.531474e+05 1.644221e+05 1.795418e+05 2.008483e+05 2.271967e+05 2.565933e+05 2.872318e+05
1.174672e+05 1.174672e+05 1.174672e+05 1.174674e+05 1.174680e+05 1.174822e+05 1.175143e+05 1.175918e+05 1.176171e+05 1.176211e+05 1.175545e+05 1.174623e+05 1.175120e+05 1.178215e+05 1.183875e+05 1.191216e+05 1.199172e+05 1.234620e+05 1.278368e+05 1.342563e+05 1.415341e+05 1.484781e+05 1.545793e+05 1.658773e+05 1.809818e+05 2.022841e+05 2.286376e+05 2.580369e+05 2.886676e+05
1.173844e+05 1.173844e+05 1.173844e+05 1.173846e+05 1.173850e+05 1.173963e+05 1.174245e+05 1.175028e+05 1.175429e+05 1.175777e+05 1.176200e+05 1.176447e+05 1.177434e+05 1.180263e+05 1.185468e+05 1.192827e+05 1.201645e+05 1.247481e+05 1.294417e+05 1.356632e+05 1.429579e+05 1.499728e+05 1.561166e+05 1.674153e+05 1.824903e+05 2.037788e+05 2.301305e+05 2.595269e+05 2.901447e+05
1.175801e+05 1.175801e+05 1.175801e+05 1.175802e+05 1.175806e+05 1.175916e+05 1.176214e+05 1.177220e+05 1.177906e+05 1.178686e+05 1.180388e+05 1.182152e+05 1.184287e+05 1.187534e+05 1.192563e+05 1.199596e+05 1.208390e+05 1.261110e+05 1.313086e+05 1.374482e+05 1.445819e+05 1.516071e+05 1.577661e+05 1.690377e+05 1.840678e+05 2.053327e+05 2.316755e+05 2.610632e+05 2.916631e+05
1.180712e+05 1.180712e+05 1.180712e+05 1.180714e+05 1.180718e+05 1.180909e+05 1.181476e+05 1.183450e+05 1.184777e+05 1.186259e+05 1.189479e+05 1.192785e+05 1.196183e+05 1.200108e+05 1.205170e+05 1.211811e+05 1.220134e+05 1.275898e+05 1.333479e+05 1.395494e+05 1.464668e+05 1.534025e+05 1.595376e+05 1.707470e+05 1.857149e+05 2.069459e+05 2.332725e+05 2.626457e+05 2.932226e+05
1.194241e+05 1.194241e+05 1.194241e+05 1.194245e+05 1.194260e+05 1.194630e+05 1.195511e+05 1.198142e+05 1.199790e+05 1.201602e+05 1.205534e+05 1.209616e+05 1.213720e+05 1.218046e+05 1.223054e+05 1.229223e+05 1.236847e+05 1.292455e+05 1.355053e+05 1.418881e+05 1.486699e+05 1.553896e+05 1.614441e+05 1.725461e+05 1.874324e+05 2.086186e+05 2.349217e+05 2.642745e+05 2.948231e+05
1.219812e+05 1.219812e+05 1.219812e+05 1.219813e+05 1.219817e+05 1.219940e+05 1.220371e+05 1.222174e+05 1.223491e+05 1.225028e+05 1.228579e+05 1.232493e+05 1.236561e+05 1.240816e+05 1.245541e+05 1.251143e+05 1.257974e+05 1.311274e+05 1.377586e+05 1.444053e+05 1.511353e+05 1.576179e+05 1.635032e+05 1.744391e+05 1.892215e+05 2.103511e+05 2.366229e+05 2.659493e+05 2.964645e+05
1.249023e+05 1.249023e+05 1.249023e+05 1.249024e+05 1.249028e+05 1.249156e+05 1.249554e+05 1.251095e+05 1.252170e+05 1.253413e+05 1.256332e+05 1.259687e+05 1.263331e+05 1.267233e+05 1.271550e+05 1.276584e+05 1.282665e+05 1.332612e+05 1.401107e+05 1.470574e+05 1.538127e+05 1.601138e+05 1.657401e+05 1.764316e+05 1.910835e+05 2.121435e+05 2.383761e+05 2.676700e+05 2.981465e+05
1.280846e+05 1.280846e+05 1.280846e+05 1.280847e+05 1.280850e+05 1.280941e+05 1.281219e+05 1.282296e+05 1.283084e+05 1.284029e+05 1.286355e+05 1.289179e+05 1.292394e+05 1.295950e+05 1.299922e+05 1.304521e+05 1.310024e+05 1.356513e+05 1.425787e+05 1.498166e+05 1.566619e+05 1.628322e+05 1.681956e+05 1.785308e+05 1.930203e+05 2.139965e+05 2.401813e+05 2.694364e+05 2.998689e+05
1.311917e+05 1.311917e+05 1.311917e+05 1.311918e+05 1.311921e+05 1.312008e+05 1.312270e+05 1.313259e+05 1.313972e+05 1.314827e+05 1.316938e+05 1.319535e+05 1.322552e+05 1.325951e+05 1.329774e+05 1.334163e+05 1.339337e+05 1.382902e+05 1.451854e+05 1.526698e+05 1.596497e+05 1.657380e+05 1.708756e+05 1.807461e+05 1.950348e+05 2.159108e+05 2.420385e+05 2.712483e+05 3.016314e+05
1.342343e+05 1.342343e+05 1.342343e+05 1.342344e+05 1.342347e+05 1.342427e+05 1.342694e+05 1.343778e+05 1.344555e+05 1.345466e+05 1.347649e+05 1.350274e+05 1.353319e+05 1.356772e+05 1.360661e+05 1.365076e+05 1.370179e+05 1.411664e+05 1.479530e+05 1.556161e+05 1.627512e+05 1.688018e+05 1.737451e+05 1.830903e+05 1.971302e+05 2.178873e+05 2.439480e+05 2.731057e+05 3.034338e+05
1.373344e+05 1.373344e+05 1.373344e+05 1.373345e+05 1.373349e+05 1.373449e+05 1.373762e+05 1.374918e+05 1.375715e+05 1.376641e+05 1.378859e+05 1.381560e+05 1.384742e+05 1.388398e+05 1.392527e+05 1.397169e+05 1.402422e+05 1.442706e+05 1.509000e+05 1.586629e+05 1.659492e+05 1.719979e+05 1.767781e+05 1.855820e+05 1.993112e+05 2.199275e+05 2.459102e+05 2.750084e+05 3.052758e+05
1.405757e+05 1.405757e+05 1.405757e+05 1.405758e+05 1.405761e+05 1.405845e+05 1.406092e+05 1.407048e+05 1.407755e+05 1.408617e+05 1.410808e+05 1.413629e+05 1.417064e+05 1.421065e+05 1.425587e+05 1.430612e+05 1.436178e+05 1.475970e+05 1.540394e+05 1.618215e+05 1.692341e+05 1.753050e+05 1.799520e+05 1.882471e+05 2.015834e+05 2.220333e+05 2.479255e+05 2.769565e+05 3.071573e+05
1.438128e+05 1.438128e+05 1.438128e+05 1.438129e+05 1.438131e+05 1.438219e+05 1.438477e+05 1.439461e+05 1.440204e+05 1.441132e+05 1.443576e+05 1.446791e+05 1.450707e+05 1.455229e+05 1.460268e+05 1.465769e+05 1.471730e+05 1.511430e+05 1.573783e+05 1.651041e+05 1.726022e+05 1.787061e+05 1.832468e+05 1.910714e+05 2.039544e+05 2.242071e+05 2.499948e+05 2.789501e+05 3.090780e+05
1.470944e+05 1.470944e+05 1.470944e+05 1.470945e+05 1.470948e+05 1.471031e+05 1.471307e+05 1.472568e+05 1.473576e+05 1.474826e+05 1.477990e+05 1.481925e+05 1.486506e+05 1.491622e+05 1.497182e+05 1.503125e+05 1.509440e+05 1.549056e+05 1.609182e+05 1.685213e+05 1.760545e+05 1.821886e+05 1.866445e+05 1.940345e+05 2.064345e+05 2.264520e+05 2.521191e+05 2.809895e+05 3.110379e+05
1.505752e+05 1.505752e+05 1.505752e+05 1.505755e+05 1.505762e+05 1.505984e+05 1.506640e+05 1.508907e+05 1.510399e+05 1.512091e+05 1.516008e+05 1.520541e+05 1.525592e+05 1.531079e+05 1.536934e+05 1.543112e+05 1.549601e+05 1.588781e+05 1.646551e+05 1.720807e+05 1.795943e+05 1.857441e+05 1.901299e+05 1.971207e+05 2.090401e+05 2.287721e+05 2.543000e+05 2.830751e+05 3.130371e+05
1.550561e+05 1.550561e+05 1.550561e+05 1.550562e+05 1.550565e+05 1.550654e+05 1.550993e+05 1.552679e+05 1.553983e+05 1.555541e+05 1.559278e+05 1.563683e+05 1.568622e+05 1.574004e+05 1.579763e+05 1.585855e+05 1.592260e+05 1.630471e+05 1.685799e+05 1.757862e+05 1.832266e+05 1.893681e+05 1.936905e+05 2.003158e+05 2.117815e+05 2.311722e+05 2.565393e+05 2.852076e+05 3.150755e+05
1.599572e+05 1.599572e+05 1.599572e+05 1.599574e+05 1.599579e+05 1.599721e+05 1.600133e+05 1.601627e+05 1.602677e+05 1.603925e+05 1.606987e+05 1.610740e+05 1.615095e+05 1.619972e+05 1.625302e+05 1.631033e+05 1.637133e+05 1.673919e+05 1.726802e+05 1.796384e+05 1.869560e+05 1.930585e+05 1.973167e+05 2.036067e+05 2.146424e+05 2.336591e+05 2.588392e+05 2.873879e+05 3.171534e+05
1.651748e+05 1.651748e+05 1.651748e+05 1.651748e+05 1.651751e+05 1.651822e+05 1.652051e+05 1.652999e+05 1.653731e+05 1.654638e+05 1.656983e+05 1.660015e+05 1.663687e+05 1.667942e+05 1.672725e+05 1.677986e+05 1.683686e+05 1.718872e+05 1.769410e+05 1.836346e+05 1.907865e+05 1.968156e+05 2.010015e+05 2.069812e+05 2.176101e+05 2.362419e+05 2.612028e+05 2.896172e+05 3.192712e+05
1.702914e+05 1.702914e+05 1.702914e+05 1.702915e+05 1.702917e+05 1.702984e+05 1.703185e+05 1.703978e+05 1.704581e+05 1.705333e+05 1.707296e+05 1.709874e+05 1.713057e+05 1.716825e+05 1.721149e+05 1.725995e+05 1.731333e+05 1.765072e+05 1.813470e+05 1.877704e+05 1.947209e+05 2.006409e+05 2.047403e+05 2.104282e+05 2.206739e+05 2.389352e+05 2.636337e+05 2.918968e+05 3.214294e+05
1.752532e+05 1.752532e+05 1.752532e+05 1.752533e+05 1.752535e+05 1.752604e+05 1.752831e+05 1.753723e+05 1.754368e+05 1.755139e+05 1.757049e+05 1.759463e+05 1.762406e+05 1.765896e+05 1.769938e+05 1.774519e+05 1.779615e+05 1.812304e+05 1.858837e+05 1.920394e+05 1.987607e+05 2.045366e+05 2.085305e+05 2.139378e+05 2.238241e+05 2.417370e+05 2.661364e+05 2.942285e+05 3.236288e+05
1.801848e+05 1.801848e+05 1.801848e+05 1.801848e+05 1.801851e+05 1.801925e+05 1.802161e+05 1.803065e+05 1.803706e+05 1.804463e+05 1.806318e+05 1.808646e+05 1.811485e+05 1.814866e+05 1.818802e+05 1.823284e+05 1.828289e+05 1.860424e+05 1.905389e+05 1.964350e+05 2.029060e+05 2.085050e+05 2.123711e+05 2.175014e+05 2.270516e+05 2.446346e+05 2.687172e+05 2.966148e+05 3.258701e+05
1.851267e+05 1.851267e+05 1.851267e+05 1.851267e+05 1.851269e+05 1.851327e+05 1.851507e+05 1.852229e+05 1.852776e+05 1.853448e+05 1.855179e+05 1.857454e+05 1.860298e+05 1.863723e+05 1.867721e+05 1.872268e+05 1.877330e+05 1.909367e+05 1.953027e+05 2.009496e+05 2.071554e+05 2.125479e+05 2.162622e+05 2.211119e+05 2.303478e+05 2.476189e+05 2.713850e+05 2.990582e+05 3.281546e+05
1.899542e+05 1.899542e+05 1.899542e+05 1.899543e+05 1.899545e+05 1.899608e+05 1.899799e+05 1.900524e+05 1.901067e+05 1.901743e+05 1.903538e+05 1.905962e+05 1.909019e+05 1.912684e+05 1.916917e+05 1.921672e+05 1.926905e+05 1.959140e+05 2.001671e+05 2.055757e+05 2.115067e+05 2.166668e+05 2.202045e+05 2.247634e+05 2.337046e+05 2.506824e+05 2.741505e+05 3.015623e+05 3.304838e+05
1.947063e+05 1.947063e+05 1.947063e+05 1.947064e+05 1.947066e+05 1.947124e+05 1.947309e+05 1.948119e+05 1.948771e+05 1.949600e+05 1.951793e+05 1.954676e+05 1.958189e+05 1.962268e+05 1.966851e+05 1.971886e+05 1.977329e+05 2.009781e+05 2.051255e+05 2.103058e+05 2.159563e+05 2.208624e+05 2.241992e+05 2.284513e+05 2.371146e+05 2.538177e+05 2.770046e+05 3.041313e+05 3.328593e+05
1.994408e+05 1.994408e+05 1.994408e+05 1.994409e+05 1.994413e+05 1.994518e+05 1.994847e+05 1.996179e+05 1.997167e+05 1.998351e+05 2.001250e+05 2.004761e+05 2.008791e+05 2.013272e+05 2.018150e+05 2.023389e+05 2.028962e+05 2.061325e+05 2.101710e+05 2.151316e+05 2.205002e+05 2.251346e+05 2.282477e+05 2.321724e+05 2.405710e+05 2.570181e+05 2.799387e+05 3.067712e+05 3.352834e+05
2.045399e+05 2.045399e+05 2.045399e+05 2.045401e+05 2.045406e+05 2.045575e+05 2.046084e+05 2.047909e+05 2.049150e+05 2.050570e+05 2.053864e+05 2.057656e+05 2.061862e+05 2.066430e+05 2.071327e+05 2.076534e+05 2.082036e+05 2.113755e+05 2.152959e+05 2.200452e+05 2.251332e+05 2.294827e+05 2.323510e+05 2.359243e+05 2.440680e+05 2.602770e+05 2.829458e+05 3.094915e+05 3.377585e+05
2.103599e+05 2.103599e+05 2.103599e+05 2.103601e+05 2.103605e+05 2.103727e+05 2.104098e+05 2.105505e+05 2.106512e+05 2.107697e+05 2.110533e+05 2.113891e+05 2.117690e+05 2.121878e+05 2.126422e+05 2.131300e+05 2.136499e+05 2.166980e+05 2.204910e+05 2.250379e+05 2.298501e+05 2.339052e+05 2.365102e+05 2.397056e+05 2.476003e+05 2.635885e+05 2.860199e+05 3.122953e+05 3.402881e+05
2.165427e+05 2.165427e+05 2.165427e+05 2.165427e+05 2.165429e+05 2.165491e+05 2.165681e+05 2.166474e+05 2.167090e+05 2.167856e+05 2.169829e+05 2.172360e+05 2.175405e+05 2.178920e+05 2.182871e+05 2.187229e+05 2.191972e+05 2.220838e+05 2.257461e+05 2.301014e+05 2.346451e+05 2.384001e+05 2.407258e+05 2.435159e+05 2.511635e+05 2.669468e+05 2.891554e+05 3.151733e+05 3.428762e+05
2.226457e+05 2.226457e+05 2.226457e+05 2.226457e+05 2.226458e+05 2.226500e+05 2.226625e+05 2.227118e+05 2.227498e+05 2.227985e+05 2.229315e+05 2.231158e+05 2.233525e+05 2.236402e+05 2.239771e+05 2.243608e+05 2.247890e+05 2.275128e+05 2.310507e+05 2.352277e+05 2.395124e+05 2.429649e+05 2.449980e+05 2.473551e+05 2.547539e+05 2.703466e+05 2.923469e+05 3.181187e+05 3.455287e+05
2.285044e+05 2.285044e+05 2.285044e+05 2.285044e+05 2.285045e+05 2.285068e+05 2.285141e+05 2.285496e+05 2.285802e+05 2.286203e+05 2.287307e+05 2.288844e+05 2.290847e+05 2.293336e+05 2.296318e+05 2.299787e+05 2.303727e+05 2.329662e+05 2.363954e+05 2.404091e+05 2.444464e+05 2.475968e+05 2.493268e+05 2.512236e+05 2.583687e+05 2.737829e+05 2.955893e+05 3.211262e+05 3.482544e+05
2.340405e+05 2.340405e+05 2.340405e+05 2.340405e+05 2.340408e+05 2.340475e+05 2.340666e+05 2.341306e+05 2.341732e+05 2.342225e+05 2.343425e+05 2.344958e+05 2.346883e+05 2.349248e+05 2.352081e+05 2.355388e+05 2.359164e+05 2.384312e+05 2.417727e+05 2.456394e+05 2.494416e+05 2.522927e+05 2.537116e+05 2.551222e+05 2.620057e+05 2.772515e+05 2.988777e+05 3.241909e+05 3.510497e+05
2.395304e+05 2.395304e+05 2.395304e+05 2.395304e+05 2.395305e+05 2.395344e+05 2.395475e+05 2.396023e+05 2.396428e+05 2.396916e+05 2.398142e+05 2.399729e+05 2.401719e+05 2.404144e+05 2.407023e+05 2.410358e+05 2.414139e+05 2.439026e+05 2.471778e+05 2.509129e+05 2.544931e+05 2.570495e+05 2.581516e+05 2.590519e+05 2.656634e+05 2.807484e+05 3.022076e+05 3.273080e+05 3.539071e+05
2.449026e+05 2.449026e+05 2.449026e+05 2.449026e+05 2.449028e+05 2.449066e+05 2.449184e+05 2.449656e+05 2.450027e+05 2.450499e+05 2.451769e+05 2.453492e+05 2.455675e+05 2.458312e+05 2.461392e+05 2.464898e+05 2.468813e+05 2.493832e+05 2.526085e+05 2.562255e+05 2.595962e+05 2.618640e+05 2.626458e+05 2.630137e+05 2.693408e+05 2.842701e+05 3.055745e+05 3.304732e+05 3.568213e+05
2.501174e+05 2.501174e+05 2.501174e+05 2.501175e+05 2.501176e+05 2.501219e+05 2.501364e+05 2.501985e+05 2.502466e+05 2.503070e+05 2.504651e+05 2.506729e+05 2.509276e+05 2.512255e+05 2.515636e+05 2.519392e+05 2.523501e+05 2.548809e+05 2.580641e+05 2.615735e+05 2.647468e+05 2.667331e+05 2.671930e+05 2.670088e+05 2.730374e+05 2.878139e+05 3.089745e+05 3.336823e+05 3.597878e+05
2.552982e+05 2.552982e+05 2.552982e+05 2.552982e+05 2.552985e+05 2.553056e+05 2.553281e+05 2.554207e+05 2.554902e+05 2.555741e+05 2.557818e+05 2.560371e+05 2.563338e+05 2.566672e+05 2.570336e+05 2.574309e+05 2.578576e+05 2.604048e+05 2.635449e+05 2.669540e+05 2.699410e+05 2.716535e+05 2.717917e+05 2.710381e+05 2.767534e+05 2.913773e+05 3.124036e+05 3.369313e+05 3.628025e+05
2.606676e+05 2.606676e+05 2.606676e+05 2.606677e+05 2.606680e+05 2.606792e+05 2.607131e+05 2.608393e+05 2.609274e+05 2.610300e+05 2.612725e+05 2.615567e+05 2.618755e+05 2.622247e+05 2.626017e+05 2.630051e+05 2.634344e+05 2.659616e+05 2.690507e+05 2.723644e+05 2.751752e+05 2.766223e+05 2.764403e+05 2.751026e+05 2.804888e+05 2.949584e+05 3.158586e+05 3.402162e+05 3.658615e+05
2.664713e+05 2.664713e+05 2.664713e+05 2.664714e+05 2.664717e+05 2.664807e+05 2.665094e+05 2.666235e+05 2.667055e+05 2.668014e+05 2.670288e+05 2.672962e+05 2.675976e+05 2.679292e+05 2.682892e+05 2.686765e+05 2.690904e+05 2.715520e+05 2.745799e+05 2.778019e+05 2.804463e+05 2.816366e+05 2.811371e+05 2.792033e+05 2.842445e+05 2.985557e+05 3.193363e+05 3.435334e+05 3.689610e+05
2.725987e+05 2.725987e+05 2.725987e+05 2.725988e+05 2.725991e+05 2.726069e+05 2.726281e+05 2.727060e+05 2.727625e+05 2.728306e+05 2.730005e+05 2.732124e+05 2.734633e+05 2.737503e+05 2.740713e+05 2.744248e+05 2.748095e+05 2.771705e+05 2.801301e+05 2.832641e+05 2.857512e+05 2.866937e+05 2.858805e+05 2.833408e+05 2.880212e+05 3.021682e+05 3.228339e+05 3.468794e+05 3.720975e+05
2.787891e+05 2.787891e+05 2.787891e+05 2.787892e+05 2.787893e+05 2.787923e+05 2.788014e+05 2.788394e+05 2.788704e+05 2.789109e+05 2.790226e+05 2.791769e+05 2.793736e+05 2.796115e+05 2.798889e+05 2.802044e+05 2.805562e+05 2.828072e+05 2.856976e+05 2.887485e+05 2.910873e+05 2.917909e+05 2.906688e+05 2.875159e+05 2.918198e+05 3.057951e+05 3.263490e+05 3.502509e+05 3.752674e+05
2.847566e+05 2.847566e+05 2.847566e+05 2.847566e+05 2.847567e+05 2.847590e+05 2.847660e+05 2.847956e+05 2.848198e+05 2.848514e+05 2.849394e+05 2.850641e+05 2.852283e+05 2.854334e+05 2.856797e+05 2.859665e+05 2.862925e+05 2.884512e+05 2.912788e+05 2.942527e+05 2.964520e+05 2.969259e+05 2.955003e+05 2.917290e+05 2.956414e+05 3.094363e+05 3.298795e+05 3.536448e+05 3.784675e+05
2.904760e+05 2.904760e+05 2.904760e+05 2.904761e+05 2.904762e+05 2.904805e+05 2.904925e+05 2.905361e+05 2.905672e+05 2.906043e+05 2.906978e+05 2.908206e+05 2.909773e+05 2.911716e+05 2.914054e+05 2.916793e+05 2.919925e+05 2.940945e+05 2.968711e+05 2.997749e+05 3.018434e+05 3.020966e+05 3.003734e+05 2.959804e+05 2.994872e+05 3.130915e+05 3.334237e+05 3.570582e+05 3.816945e+05
2.960837e+05 2.960837e+05 2.960837e+05 2.960837e+05 2.960839e+05 2.960884e+05 2.961020e+05 2.961512e+05 2.961856e+05 2.962263e+05 2.963275e+05 2.964580e+05 2.966218e+05 2.968219e+05 2.970598e+05 2.973360e+05 2.976499e+05 2.997344e+05 3.024731e+05 3.053138e+05 3.072596e+05 3.073010e+05 3.052866e+05 3.002706e+05 3.033584e+05 3.167610e+05 3.369801e+05 3.604886e+05 3.849454e+05
3.016365e+05 3.016365e+05 3.016365e+05 3.016366e+05 3.016367e+05 3.016395e+05 3.016484e+05 3.016868e+05 3.017181e+05 3.017581e+05 3.018650e+05 3.020087e+05 3.021894e+05 3.024072e+05 3.026616e+05 3.029517e+05 3.032764e+05 3.053737e+05 3.080850e+05 3.108686e+05 3.126991e+05 3.125374e+05 3.102384e+05 3.045996e+05 3.072560e+05 3.204453e+05 3.405476e+05 3.639336e+05 3.882172e+05
3.070438e+05 3.070438e+05 3.070438e+05 3.070438e+05 3.070440e+05 3.070493e+05 3.070643e+05 3.071198e+05 3.071610e+05 3.072118e+05 3.073433e+05 3.075146e+05 3.077237e+05 3.079684e+05 3.082465e+05 3.085564e+05 3.088966e+05 3.110194e+05 3.137079e+05 3.164389e+05 3.181610e+05 3.178044e+05 3.152276e+05 3.089675e+05 3.111812e+05 3.241450e+05 3.441254e+05 3.673910e+05 3.915072e+05
3.124544e+05 3.124544e+05 3.124544e+05 3.124545e+05 3.124546e+05 3.124602e+05 3.124779e+05 3.125518e+05 3.126074e+05 3.126746e+05 3.128413e+05 3.130472e+05 3.132878e+05 3.135596e+05 3.138599e+05 3.141871e+05 3.145402e+05 3.166793e+05 3.193436e+05 3.220246e+05 3.236443e+05 3.231006e+05 3.202530e+05 3.133745e+05 3.151350e+05 3.278607e+05 3.477128e+05 3.708590e+05 3.948127e+05
3.179953e+05 3.179953e+05 3.179953e+05 3.179954e+05 3.179956e+05 3.180038e+05 3.180291e+05 3.181247e+05 3.181925e+05 3.182723e+05 3.184634e+05 3.186908e+05 3.189487e+05 3.192336e+05 3.195430e+05 3.198759e+05 3.202319e+05 3.223596e+05 3.249931e+05 3.276255e+05 3.291483e+05 3.284251e+05 3.253136e+05 3.178204e+05 3.191184e+05 3.315932e+05 3.513095e+05 3.743359e+05 3.981314e+05
3.238298e+05 3.238298e+05 3.238298e+05 3.238299e+05 3.238301e+05 3.238374e+05 3.238602e+05 3.239500e+05 3.240151e+05 3.240920e+05 3.242764e+05 3.244951e+05 3.247428e+05 3.250164e+05 3.253144e+05 3.256360e+05 3.259810e+05 3.280618e+05 3.306569e+05 3.332417e+05 3.346726e+05 3.337771e+05 3.304084e+05 3.223053e+05 3.231324e+05 3.353436e+05 3.549152e+05 3.778202e+05 4.014609e+05
3.298967e+05 3.298967e+05 3.298967e+05 3.298968e+05 3.298970e+05 3.299036e+05 3.299238e+05 3.299976e+05 3.300492e+05 3.301099e+05 3.302576e+05 3.304382e+05 3.306496e+05 3.308901e+05 3.311586e+05 3.314542e+05 3.317768e+05 3.337826e+05 3.363339e+05 3.388730e+05 3.402169e+05 3.391559e+05 3.355368e+05 3.268290e+05 3.271779e+05 3.391126e+05 3.585302e+05 3.813109e+05 4.047991e+05
3.360970e+05 3.360970e+05 3.360970e+05 3.360970e+05 3.360971e+05 3.360987e+05 3.361048e+05 3.361373e+05 3.361652e+05 3.362013e+05 3.362993e+05 3.364317e+05 3.365983e+05 3.367982e+05 3.370310e+05 3.372958e+05 3.375919e+05 3.395147e+05 3.420230e+05 3.445192e+05 3.457810e+05 3.445612e+05 3.406982e+05 3.313915e+05 3.312555e+05 3.429012e+05 3.621544e+05 3.848067e+05 4.081440e+05
3.421213e+05 3.421213e+05 3.421213e+05 3.421214e+05 3.421214e+05 3.421230e+05 3.421281e+05 3.421513e+05 3.421705e+05 3.421959e+05 3.422674e+05 3.423694e+05 3.425045e+05 3.426744e+05 3.428795e+05 3.431198e+05 3.433949e+05 3.452504e+05 3.477225e+05 3.501804e+05 3.513651e+05 3.499927e+05 3.458921e+05 3.359926e+05 3.353661e+05 3.467104e+05 3.657881e+05 3.883071e+05 4.114940e+05
3.479300e+05 3.479300e+05 3.479300e+05 3.479300e+05 3.479301e+05 3.479330e+05 3.479418e+05 3.479743e+05 3.479973e+05 3.480249e+05 3.480953e+05 3.481906e+05 3.483156e+05 3.484739e+05 3.486675e+05 3.488973e+05 3.491627e+05 3.509843e+05 3.534320e+05 3.558570e+05 3.569696e+05 3.554503e+05 3.511183e+05 3.406324e+05 3.395101e+05 3.505412e+05 3.694319e+05 3.918112e+05 4.148475e+05
3.536188e+05 3.536188e+05 3.536188e+05 3.536188e+05 3.536189e+05 3.536216e+05 3.536299e+05 3.536621e+05 3.536859e+05 3.537148e+05 3.537899e+05 3.538910e+05 3.540223e+05 3.541867e+05 3.543859e+05 3.546203e+05 3.548895e+05 3.567158e+05 3.591523e+05 3.615499e+05 3.625949e+05 3.609344e+05 3.563766e+05 3.453106e+05 3.436881e+05 3.543942e+05 3.730861e+05 3.953187e+05 4.182030e+05
3.591899e+05 3.591899e+05 3.591899e+05 3.591899e+05 3.591900e+05 3.591925e+05 3.592003e+05 3.592323e+05 3.592578e+05 3.592902e+05 3.593771e+05 3.594956e+05 3.596472e+05 3.598326e+05 3.600517e+05 3.603037e+05 3.605877e+05 3.624502e+05 3.648856e+05 3.672604e+05 3.682420e+05 3.664453e+05 3.616672e+05 3.500272e+05 3.479007e+05 3.582705e+05 3.767512e+05 3.988292e+05 4.215593e+05
3.646412e+05 3.646412e+05 3.646412e+05 3.646412e+05 3.646414e+05 3.646460e+05 3.646591e+05 3.647078e+05 3.647437e+05 3.647879e+05 3.649028e+05 3.650532e+05 3.652381e+05 3.654554e+05 3.657031e+05 3.659798e+05 3.662841e+05 3.681962e+05 3.706351e+05 3.729900e+05 3.739117e+05 3.719835e+05 3.669900e+05 3.547823e+05 3.521481e+05 3.621708e+05 3.804279e+05 4.023426e+05 4.249152e+05
3.701080e+05 3.701080e+05 3.701080e+05 3.701080e+05 3.701082e+05 3.701130e+05 3.701282e+05 3.701916e+05 3.702407e+05 3.703012e+05 3.704538e+05 3.706437e+05 3.708657e+05 3.711157e+05 3.713910e+05 3.716902e+05 3.720123e+05 3.739644e+05 3.764044e+05 3.787407e+05 3.796053e+05 3.775496e+05 3.723454e+05 3.595757e+05 3.564308e+05 3.660957e+05 3.841167e+05 4.058586e+05 4.282699e+05
3.756777e+05 3.756777e+05 3.756777e+05 3.756778e+05 3.756781e+05 3.756870e+05 3.757132e+05 3.758092e+05 3.758767e+05 3.759556e+05 3.761424e+05 3.763613e+05 3.766065e+05 3.768745e+05 3.771633e+05 3.774722e+05 3.778013e+05 3.797630e+05 3.821964e+05 3.845139e+05 3.853239e+05 3.831445e+05 3.777338e+05 3.644075e+05 3.607489e+05 3.700458e+05 3.878182e+05 4.093774e+05 4.316225e+05
3.815959e+05 3.815959e+05 3.815959e+05 3.815960e+05 3.815963e+05 3.816052e+05 3.816326e+05 3.817324e+05 3.818004e+05 3.818784e+05 3.820602e+05 3.822711e+05 3.825068e+05 3.827647e+05 3.830436e+05 3.833432e+05 3.836636e+05 3.855952e+05 3.880130e+05 3.903114e+05 3.910689e+05 3.887691e+05 3.831557e+05 3.692777e+05 3.651027e+05 3.740219e+05 3.915330e+05 4.128990e+05 4.349723e+05
3.878942e+05 3.878942e+05 3.878942e+05 3.878943e+05 3.878944e+05 3.878974e+05 3.879079e+05 3.879594e+05 3.880011e+05 3.880531e+05 3.881851e+05 3.883506e+05 3.885457e+05 3.887681e+05 3.890164e+05 3.892901e+05 3.895889e+05 3.914589e+05 3.938548e+05 3.961345e+05 3.968416e+05 3.944244e+05 3.886116e+05 3.741864e+05 3.694923e+05 3.780242e+05 3.952616e+05 4.164236e+05 4.383188e+05
3.941898e+05 3.941898e+05 3.941898e+05 3.941898e+05 3.941899e+05 3.941928e+05 3.942017e+05 3.942350e+05 3.942601e+05 3.942916e+05 3.943767e+05 3.944930e+05 3.946412e+05 3.948214e+05 3.950330e+05 3.952755e+05 3.955484e+05 3.973476e+05 3.997215e+05 4.019844e+05 4.026433e+05 4.001114e+05 3.941022e+05 3.791335e+05 3.739177e+05 3.820533e+05 3.990045e+05 4.199513e+05 4.416615e+05
4.003822e+05 4.003822e+05 4.003822e+05 4.003822e+05 4.003823e+05 4.003836e+05 4.003879e+05 4.004070e+05 4.004227e+05 4.004432e+05 4.005013e+05 4.005865e+05 4.007028e+05 4.008524e+05 4.010365e+05 4.012553e+05 4.015084e+05 4.032540e+05 4.056131e+05 4.078626e+05 4.084757e+05 4.058313e+05 3.996282e+05 3.841193e+05 3.783791e+05 3.861094e+05 4.027623e+05 4.234823e+05 4.450000e+05
4.063797e+05 4.063797e+05 4.063797e+05 4.063797e+05 4.063797e+05 4.063810e+05 4.063849e+05 4.064024e+05 4.064168e+05 4.064357e+05 4.064889e+05 4.065667e+05 4.066737e+05 4.068135e+05 4.069881e+05 4.071985e+05 4.074445e+05 4.091732e+05 4.115301e+05 4.137706e+05 4.143402e+05 4.115854e+05 4.051905e+05 3.891438e+05 3.828763e+05 3.901928e+05 4.065352e+05 4.270170e+05 4.483340e+05
4.121818e+05 4.121818e+05 4.121818e+05 4.121819e+05 4.121819e+05 4.121847e+05 4.121929e+05 4.122226e+05 4.122437e+05 4.122693e+05 4.123357e+05 4.124260e+05 4.125447e+05 4.126950e+05 4.128792e+05 4.130982e+05 4.133518e+05 4.151061e+05 4.174745e+05 4.197106e+05 4.202385e+05 4.173749e+05 4.107898e+05 3.942071e+05 3.874094e+05 3.943037e+05 4.103238e+05 4.305555e+05 4.516634e+05
4.178950e+05 4.178950e+05 4.178950e+05 4.178950e+05 4.178951e+05 4.178978e+05 4.179063e+05 4.179414e+05 4.179683e+05 4.180016e+05 4.180879e+05 4.182021e+05 4.183465e+05 4.185226e+05 4.187311e+05 4.189720e+05 4.192449e+05 4.210593e+05 4.234500e+05 4.256849e+05 4.261726e+05 4.232012e+05 4.164271e+05 3.993092e+05 3.919781e+05 3.984420e+05 4.141283e+05 4.340981e+05 4.549880e+05
4.235526e+05 4.235526e+05 4.235526e+05 4.235527e+05 4.235528e+05 4.235573e+05 4.235704e+05 4.236195e+05 4.236553e+05 4.236990e+05 4.238111e+05 4.239568e+05 4.241355e+05 4.243458e+05 4.245865e+05 4.248563e+05 4.251543e+05 4.270442e+05 4.294614e+05 4.316961e+05 4.321441e+05 4.290656e+05 4.221031e+05 4.044504e+05 3.965825e+05 4.026078e+05 4.179489e+05 4.376450e+05 4.583077e+05
4.292642e+05 4.292642e+05 4.292643e+05 4.292643e+05 4.292644e+05 4.292689e+05 4.292827e+05 4.293401e+05 4.293851e+05 4.294410e+05 4.295844e+05 4.297662e+05 4.299816e+05 4.302267e+05 4.304987e+05 4.307957e+05 4.311168e+05 4.330737e+05 4.355135e+05 4.377469e+05 4.381549e+05 4.349694e+05 4.278187e+05 4.096307e+05 4.012221e+05 4.068010e+05 4.217858e+05 4.411965e+05 4.616223e+05
4.350682e+05 4.350682e+05 4.350682e+05 4.350682e+05 4.350685e+05 4.350767e+05 4.350999e+05 4.351863e+05 4.352485e+05 4.353223e+05 4.355009e+05 4.357148e+05 4.359581e+05 4.362268e+05 4.365184e+05 4.368316e+05 4.371659e+05 4.391588e+05 4.416106e+05 4.438396e+05 4.442068e+05 4.409139e+05 4.335749e+05 4.148502e+05 4.058968e+05 4.110215e+05 4.256391e+05 4.447527e+05 4.649320e+05
4.411828e+05 4.411828e+05 4.411828e+05 4.411829e+05 4.411832e+05 4.411916e+05 4.412178e+05 4.413180e+05 4.413878e+05 4.414682e+05 4.416561e+05 4.418744e+05 4.421190e+05 4.423870e+05 4.426770e+05 4.429881e+05 4.433202e+05 4.453055e+05 4.477556e+05 4.499762e+05 4.503012e+05 4.469004e+05 4.393723e+05 4.201089e+05 4.106063e+05 4.152691e+05 4.295088e+05 4.483138e+05 4.682366e+05
4.477119e+05 4.477119e+05 4.477119e+05 4.477120e+05 4.477122e+05 4.477186e+05 4.477368e+05 4.478061e+05 4.478568e+05 4.479175e+05 4.480669e+05 4.482501e+05 4.484633e+05 4.487039e+05 4.489701e+05 4.492610e+05 4.495761e+05 4.515134e+05 4.539493e+05 4.561579e+05 4.564395e+05 4.529299e+05 4.452119e+05 4.254069e+05 4.153502e+05 4.195435e+05 4.333950e+05 4.518799e+05 4.715363e+05
4.544126e+05 4.544126e+05 4.544126e+05 4.544126e+05 4.544127e+05 4.544152e+05 4.544229e+05 4.544564e+05 4.544844e+05 4.545211e+05 4.546212e+05 4.547566e+05 4.549256e+05 4.551266e+05 4.553581e+05 4.556193e+05 4.559094e+05 4.577762e+05 4.601912e+05 4.623858e+05 4.626230e+05 4.590035e+05 4.510944e+05 4.307443e+05 4.201282e+05 4.238442e+05 4.372975e+05 4.554510e+05 4.748309e+05
4.610144e+05 4.610144e+05 4.610144e+05 4.610144e+05 4.610145e+05 4.610169e+05 4.610244e+05 4.610538e+05 4.610760e+05 4.611040e+05 4.611790e+05 4.612827e+05 4.614176e+05 4.615850e+05 4.617854e+05 4.620190e+05 4.622855e+05 4.640847e+05 4.664798e+05 4.686604e+05 4.688527e+05 4.651223e+05 4.570205e+05 4.361209e+05 4.249399e+05 4.281710e+05 4.412160e+05 4.590272e+05 4.781205e+05
4.675192e+05 4.675192e+05 4.675192e+05 4.675193e+05 4.675193e+05 4.675217e+05 4.675288e+05 4.675569e+05 4.675777e+05 4.676031e+05 4.676691e+05 4.677583e+05 4.678752e+05 4.680233e+05 4.682051e+05 4.684218e+05 4.686735e+05 4.704305e+05 4.728138e+05 4.749825e+05 4.751296e+05 4.712871e+05 4.629907e+05 4.415368e+05 4.297847e+05 4.325233e+05 4.451505e+05 4.626085e+05 4.814051e+05
4.739265e+05 4.739265e+05 4.739265e+05 4.739265e+05 4.739266e+05 4.739289e+05 4.739359e+05 4.739631e+05 4.739830e+05 4.740073e+05 4.740702e+05 4.741558e+05 4.742688e+05 4.744134e+05 4.745920e+05 4.748060e+05 4.750557e+05 4.768091e+05 4.791930e+05 4.813530e+05 4.814549e+05 4.774990e+05 4.690058e+05 4.469919e+05 4.346621e+05 4.369005e+05 4.491004e+05 4.661948e+05 4.846847e+05
4.802385e+05 4.802385e+05 4.802385e+05 4.802385e+05 4.802386e+05 4.802406e+05 4.802468e+05 4.802718e+05 4.802909e+05 4.803149e+05 4.803804e+05 4.804731e+05 4.805968e+05 4.807537e+05 4.809452e+05 4.811715e+05 4.814322e+05 4.832215e+05 4.856189e+05 4.877730e+05 4.878296e+05 4.837586e+05 4.750663e+05 4.524860e+05 4.395717e+05 4.413022e+05 4.530656e+05 4.697859e+05 4.879592e+05
