2.408105e+06 2.378632e+06 2.392986e+06 2.462856e+06 2.565035e+06 3.342361e+06 4.297240e+06 6.034119e+06 6.810812e+06 7.528195e+06 8.797585e+06 9.870946e+06 1.077735e+07 1.154281e+07 1.218958e+07 1.273650e+07 1.319968e+07 1.471193e+07 1.584437e+07 1.761171e+07 2.077525e+07 2.599678e+07 3.385363e+07 5.874872e+07 9.503752e+07 1.384472e+08 1.837208e+08 2.268110e+08 2.653561e+08
3.151954e+06 3.152077e+06 3.152432e+06 3.161008e+06 3.177020e+06 3.678136e+06 4.557610e+06 6.242733e+06 7.002319e+06 7.705081e+06 8.949884e+06 1.000292e+07 1.089213e+07 1.164290e+07 1.227703e+07 1.281304e+07 1.326676e+07 1.474710e+07 1.586353e+07 1.762354e+07 2.078501e+07 2.600805e+07 3.386919e+07 5.877966e+07 9.509062e+07 1.385256e+08 1.838234e+08 2.269335e+08 2.654923e+08
3.958329e+06 3.958380e+06 3.958536e+06 3.962923e+06 3.974596e+06 4.293317e+06 4.955565e+06 6.506076e+06 7.235315e+06 7.914349e+06 9.123103e+06 1.014914e+07 1.101697e+07 1.175027e+07 1.236985e+07 1.289358e+07 1.333684e+07 1.478301e+07 1.588281e+07 1.763533e+07 2.079472e+07 2.601933e+07 3.388485e+07 5.881088e+07 9.514425e+07 1.386047e+08 1.839269e+08 2.270569e+08 2.656295e+08
4.740844e+06 4.740875e+06 4.740970e+06 4.743759e+06 4.751650e+06 4.933139e+06 5.518764e+06 6.820310e+06 7.505614e+06 8.152958e+06 9.315667e+06 1.030868e+07 1.115125e+07 1.186447e+07 1.246770e+07 1.297786e+07 1.340973e+07 1.481958e+07 1.590217e+07 1.764707e+07 2.080439e+07 2.603062e+07 3.390059e+07 5.884241e+07 9.519839e+07 1.386845e+08 1.840312e+08 2.271812e+08 2.657676e+08
5.494131e+06 5.494153e+06 5.494219e+06 5.496196e+06 5.501921e+06 5.629937e+06 6.081208e+06 7.205932e+06 7.813472e+06 8.418218e+06 9.525361e+06 1.048015e+07 1.129407e+07 1.198489e+07 1.257012e+07 1.306554e+07 1.348515e+07 1.485671e+07 1.592157e+07 1.765873e+07 2.081398e+07 2.604190e+07 3.391642e+07 5.887423e+07 9.525305e+07 1.387650e+08 1.841363e+08 2.273064e+08 2.659065e+08
6.215804e+06 6.215821e+06 6.215870e+06 6.217360e+06 6.221731e+06 6.324469e+06 6.643170e+06 7.666927e+06 8.177497e+06 8.712917e+06 9.750435e+06 1.066204e+07 1.144437e+07 1.211079e+07 1.267659e+07 1.315623e+07 1.356282e+07 1.489430e+07 1.594098e+07 1.767029e+07 2.082350e+07 2.605318e+07 3.393233e+07 5.890634e+07 9.530823e+07 1.388463e+08 1.842423e+08 2.274325e+08 2.660464e+08
6.905106e+06 6.905119e+06 6.905157e+06 6.906326e+06 6.909779e+06 6.995149e+06 7.223827e+06 8.144074e+06 8.595798e+06 9.052739e+06 9.991120e+06 1.085316e+07 1.160108e+07 1.224136e+07 1.278653e+07 1.324949e+07 1.364240e+07 1.493225e+07 1.596033e+07 1.768173e+07 2.083293e+07 2.606443e+07 3.394830e+07 5.893874e+07 9.536393e+07 1.389283e+08 1.843492e+08 2.275596e+08 2.661873e+08
7.562655e+06 7.562665e+06 7.562696e+06 7.563637e+06 7.566426e+06 7.637696e+06 7.811743e+06 8.606474e+06 9.029148e+06 9.432618e+06 1.025163e+07 1.105324e+07 1.176339e+07 1.237586e+07 1.289932e+07 1.334486e+07 1.372353e+07 1.497044e+07 1.597959e+07 1.769302e+07 2.084225e+07 2.607565e+07 3.396435e+07 5.897143e+07 9.542016e+07 1.390110e+08 1.844569e+08 2.276875e+08 2.663290e+08
8.187803e+06 8.187811e+06 8.187836e+06 8.188605e+06 8.190896e+06 8.250686e+06 8.390931e+06 9.050558e+06 9.453081e+06 9.825209e+06 1.054239e+07 1.126362e+07 1.193096e+07 1.251369e+07 1.301444e+07 1.344190e+07 1.380586e+07 1.500874e+07 1.599871e+07 1.770413e+07 2.085145e+07 2.608684e+07 3.398046e+07 5.900440e+07 9.547690e+07 1.390944e+08 1.845655e+08 2.278164e+08 2.664717e+08
8.780384e+06 8.780391e+06 8.780412e+06 8.781051e+06 8.782957e+06 8.833471e+06 8.950947e+06 9.483026e+06 9.858668e+06 1.021192e+07 1.085605e+07 1.148832e+07 1.210424e+07 1.265456e+07 1.313144e+07 1.354020e+07 1.388905e+07 1.504705e+07 1.601762e+07 1.771505e+07 2.086051e+07 2.609798e+07 3.399662e+07 5.903766e+07 9.553417e+07 1.391785e+08 1.846750e+08 2.279463e+08 2.666153e+08
9.341114e+06 9.341120e+06 9.341138e+06 9.341675e+06 9.343280e+06 9.386162e+06 9.486607e+06 9.909051e+06 1.024702e+07 1.058308e+07 1.117791e+07 1.173389e+07 1.228480e+07 1.279860e+07 1.325008e+07 1.363944e+07 1.397280e+07 1.508523e+07 1.603628e+07 1.772573e+07 2.086942e+07 2.610906e+07 3.401283e+07 5.907121e+07 9.559197e+07 1.392634e+08 1.847853e+08 2.280770e+08 2.667598e+08
1.169789e+07 1.169790e+07 1.169790e+07 1.169815e+07 1.169890e+07 1.171904e+07 1.176856e+07 1.190847e+07 1.203468e+07 1.221582e+07 1.264392e+07 1.302043e+07 1.332982e+07 1.361113e+07 1.388341e+07 1.414970e+07 1.439505e+07 1.527027e+07 1.612399e+07 1.777484e+07 2.091118e+07 2.616331e+07 3.409442e+07 5.924310e+07 9.588880e+07 1.396988e+08 1.853500e+08 2.287449e+08 2.674963e+08
1.341380e+07 1.341380e+07 1.341380e+07 1.341393e+07 1.341430e+07 1.342442e+07 1.344931e+07 1.350838e+07 1.354121e+07 1.359441e+07 1.379280e+07 1.405592e+07 1.429056e+07 1.446929e+07 1.460991e+07 1.473383e+07 1.485289e+07 1.543856e+07 1.619811e+07 1.781441e+07 2.094690e+07 2.621472e+07 3.417631e+07 5.942173e+07 9.619874e+07 1.401527e+08 1.859367e+08 2.294363e+08 2.682562e+08
1.463378e+07 1.463378e+07 1.463379e+07 1.463386e+07 1.463406e+07 1.463930e+07 1.465174e+07 1.467713e+07 1.468214e+07 1.468550e+07 1.472622e+07 1.484147e+07 1.499568e+07 1.513471e+07 1.523413e+07 1.529818e+07 1.534158e+07 1.559270e+07 1.625510e+07 1.784188e+07 2.097493e+07 2.626221e+07 3.425776e+07 5.960678e+07 9.652177e+07 1.406251e+08 1.865457e+08 2.301515e+08 2.690397e+08
1.547649e+07 1.547649e+07 1.547649e+07 1.547653e+07 1.547665e+07 1.547955e+07 1.548566e+07 1.549371e+07 1.548913e+07 1.547721e+07 1.544890e+07 1.545548e+07 1.551286e+07 1.559596e+07 1.567128e+07 1.571995e+07 1.574061e+07 1.576027e+07 1.629626e+07 1.785615e+07 2.099415e+07 2.630488e+07 3.433810e+07 5.979796e+07 9.685784e+07 1.411163e+08 1.871771e+08 2.308907e+08 2.698468e+08
1.603513e+07 1.603513e+07 1.603513e+07 1.603515e+07 1.603521e+07 1.603660e+07 1.603912e+07 1.603815e+07 1.602973e+07 1.601372e+07 1.596338e+07 1.591480e+07 1.589801e+07 1.591701e+07 1.595418e+07 1.598783e+07 1.600433e+07 1.593289e+07 1.633037e+07 1.785837e+07 2.100437e+07 2.634230e+07 3.441690e+07 5.999501e+07 9.720689e+07 1.416263e+08 1.878310e+08 2.316539e+08 2.706776e+08
1.638085e+07 1.638085e+07 1.638085e+07 1.638086e+07 1.638090e+07 1.638158e+07 1.638238e+07 1.637738e+07 1.636765e+07 1.635113e+07 1.629745e+07 1.622889e+07 1.617037e+07 1.613863e+07 1.613295e+07 1.614095e+07 1.614840e+07 1.606816e+07 1.637610e+07 1.785279e+07 2.100668e+07 2.637468e+07 3.449411e+07 6.019783e+07 9.756891e+07 1.421552e+08 1.885076e+08 2.324413e+08 2.715322e+08
1.657126e+07 1.657126e+07 1.657126e+07 1.657127e+07 1.657129e+07 1.657157e+07 1.657146e+07 1.656467e+07 1.655474e+07 1.653887e+07 1.648799e+07 1.641674e+07 1.634101e+07 1.627845e+07 1.623782e+07 1.621699e+07 1.620744e+07 1.614417e+07 1.642401e+07 1.784806e+07 2.100383e+07 2.640308e+07 3.457015e+07 6.040647e+07 9.794395e+07 1.427030e+08 1.892068e+08 2.332529e+08 2.724106e+08
1.664767e+07 1.664767e+07 1.664767e+07 1.664768e+07 1.664769e+07 1.664775e+07 1.664724e+07 1.664004e+07 1.663052e+07 1.661574e+07 1.656925e+07 1.650219e+07 1.642345e+07 1.634677e+07 1.628365e+07 1.623862e+07 1.620962e+07 1.615678e+07 1.645526e+07 1.785638e+07 2.100063e+07 2.642964e+07 3.464609e+07 6.062126e+07 9.833214e+07 1.432698e+08 1.899289e+08 2.340887e+08 2.733127e+08
1.664159e+07 1.664159e+07 1.664159e+07 1.664159e+07 1.664159e+07 1.664157e+07 1.664092e+07 1.663391e+07 1.662501e+07 1.661139e+07 1.656927e+07 1.650835e+07 1.643335e+07 1.635351e+07 1.627924e+07 1.621791e+07 1.617215e+07 1.611425e+07 1.645884e+07 1.786862e+07 2.100530e+07 2.645773e+07 3.472376e+07 6.084290e+07 9.873380e+07 1.438559e+08 1.906738e+08 2.349488e+08 2.742385e+08
1.657657e+07 1.657657e+07 1.657657e+07 1.657658e+07 1.657658e+07 1.657646e+07 1.657564e+07 1.656877e+07 1.656044e+07 1.654784e+07 1.650958e+07 1.645481e+07 1.638615e+07 1.630922e+07 1.623202e+07 1.616216e+07 1.610469e+07 1.603003e+07 1.642993e+07 1.787455e+07 2.102552e+07 2.649243e+07 3.480592e+07 6.107248e+07 9.914943e+07 1.444613e+08 1.914417e+08 2.358331e+08 2.751879e+08
1.646754e+07 1.646754e+07 1.646754e+07 1.646754e+07 1.646754e+07 1.646740e+07 1.646660e+07 1.646023e+07 1.645255e+07 1.644100e+07 1.640631e+07 1.635726e+07 1.629553e+07 1.622441e+07 1.614940e+07 1.607705e+07 1.601319e+07 1.591743e+07 1.636909e+07 1.786750e+07 2.105297e+07 2.654199e+07 3.489643e+07 6.131162e+07 9.957981e+07 1.450866e+08 1.922327e+08 2.367416e+08 2.761609e+08
1.632699e+07 1.632699e+07 1.632699e+07 1.632699e+07 1.632699e+07 1.632687e+07 1.632618e+07 1.632066e+07 1.631381e+07 1.630341e+07 1.627214e+07 1.622826e+07 1.617318e+07 1.610880e+07 1.603869e+07 1.596794e+07 1.590207e+07 1.578706e+07 1.628064e+07 1.784357e+07 2.108079e+07 2.661065e+07 3.500072e+07 6.156251e+07 1.000260e+08 1.457322e+08 1.930470e+08 2.376744e+08 2.771572e+08
1.616662e+07 1.616662e+07 1.616662e+07 1.616662e+07 1.616662e+07 1.616652e+07 1.616598e+07 1.616125e+07 1.615513e+07 1.614572e+07 1.611740e+07 1.607792e+07 1.602868e+07 1.597090e+07 1.590675e+07 1.583993e+07 1.577521e+07 1.564643e+07 1.617071e+07 1.780143e+07 2.110413e+07 2.669077e+07 3.512747e+07 6.182804e+07 1.004894e+08 1.463988e+08 1.938848e+08 2.386315e+08 2.781769e+08
1.599481e+07 1.599481e+07 1.599481e+07 1.599481e+07 1.599481e+07 1.599476e+07 1.599433e+07 1.599011e+07 1.598449e+07 1.597581e+07 1.594977e+07 1.591386e+07 1.586952e+07 1.581765e+07 1.575955e+07 1.569776e+07 1.563613e+07 1.550041e+07 1.604576e+07 1.774191e+07 2.111964e+07 2.677692e+07 3.527787e+07 6.211192e+07 1.009719e+08 1.470873e+08 1.947467e+08 2.396130e+08 2.792197e+08
1.581642e+07 1.581642e+07 1.581642e+07 1.581642e+07 1.581642e+07 1.581633e+07 1.581588e+07 1.581197e+07 1.580673e+07 1.579865e+07 1.577447e+07 1.574146e+07 1.570120e+07 1.565444e+07 1.560198e+07 1.554552e+07 1.548806e+07 1.535206e+07 1.591158e+07 1.766739e+07 2.112542e+07 2.686496e+07 3.544479e+07 6.241894e+07 1.014759e+08 1.477989e+08 1.956330e+08 2.406191e+08 2.802857e+08
1.563397e+07 1.563397e+07 1.563397e+07 1.563397e+07 1.563397e+07 1.563390e+07 1.563353e+07 1.563006e+07 1.562522e+07 1.561768e+07 1.559511e+07 1.556456e+07 1.552772e+07 1.548535e+07 1.543795e+07 1.538666e+07 1.533381e+07 1.520322e+07 1.577281e+07 1.758112e+07 2.112092e+07 2.695178e+07 3.562336e+07 6.275588e+07 1.020042e+08 1.485350e+08 1.965446e+08 2.416499e+08 2.813748e+08
1.545071e+07 1.545071e+07 1.545071e+07 1.545071e+07 1.545071e+07 1.545066e+07 1.545036e+07 1.544722e+07 1.544271e+07 1.543564e+07 1.541448e+07 1.538603e+07 1.535209e+07 1.531346e+07 1.527051e+07 1.522403e+07 1.517581e+07 1.505504e+07 1.563294e+07 1.748663e+07 2.110672e+07 2.703519e+07 3.580974e+07 6.313176e+07 1.025603e+08 1.492977e+08 1.974822e+08 2.427057e+08 2.824869e+08
1.526856e+07 1.526856e+07 1.526856e+07 1.526856e+07 1.526856e+07 1.526852e+07 1.526827e+07 1.526548e+07 1.526128e+07 1.525463e+07 1.523470e+07 1.520805e+07 1.517658e+07 1.514113e+07 1.510205e+07 1.505990e+07 1.501612e+07 1.490828e+07 1.549442e+07 1.738730e+07 2.108423e+07 2.711394e+07 3.600080e+07 6.354204e+07 1.031487e+08 1.500889e+08 1.984470e+08 2.437871e+08 2.836222e+08
1.508934e+07 1.508934e+07 1.508934e+07 1.508934e+07 1.508934e+07 1.508929e+07 1.508906e+07 1.508649e+07 1.508255e+07 1.507626e+07 1.505736e+07 1.503225e+07 1.500287e+07 1.497014e+07 1.493440e+07 1.489609e+07 1.485641e+07 1.476347e+07 1.535884e+07 1.728609e+07 2.105541e+07 2.718762e+07 3.619411e+07 6.398039e+07 1.037751e+08 1.509114e+08 1.994402e+08 2.448946e+08 2.847807e+08
1.491385e+07 1.491385e+07 1.491385e+07 1.491385e+07 1.491385e+07 1.491383e+07 1.491367e+07 1.491136e+07 1.490763e+07 1.490163e+07 1.488360e+07 1.485978e+07 1.483219e+07 1.480179e+07 1.476894e+07 1.473401e+07 1.469804e+07 1.462104e+07 1.522720e+07 1.718544e+07 2.102244e+07 2.725657e+07 3.638793e+07 6.444221e+07 1.044482e+08 1.517684e+08 2.004636e+08 2.460289e+08 2.859626e+08
1.474309e+07 1.474309e+07 1.474309e+07 1.474309e+07 1.474309e+07 1.474307e+07 1.474292e+07 1.474073e+07 1.473716e+07 1.473139e+07 1.471411e+07 1.469145e+07 1.466543e+07 1.463707e+07 1.460672e+07 1.457476e+07 1.454212e+07 1.448133e+07 1.510006e+07 1.708723e+07 2.098753e+07 2.732166e+07 3.658122e+07 6.492360e+07 1.051736e+08 1.526637e+08 2.015189e+08 2.471908e+08 2.871682e+08
1.457691e+07 1.457691e+07 1.457691e+07 1.457691e+07 1.457691e+07 1.457689e+07 1.457677e+07 1.457478e+07 1.457140e+07 1.456591e+07 1.454942e+07 1.452786e+07 1.450328e+07 1.447672e+07 1.444856e+07 1.441920e+07 1.438951e+07 1.434467e+07 1.497768e+07 1.699283e+07 2.095274e+07 2.738417e+07 3.677353e+07 6.542116e+07 1.059432e+08 1.536022e+08 2.026086e+08 2.483815e+08 2.883979e+08
1.441579e+07 1.441579e+07 1.441579e+07 1.441579e+07 1.441579e+07 1.441581e+07 1.441578e+07 1.441415e+07 1.441104e+07 1.440587e+07 1.439020e+07 1.436967e+07 1.434638e+07 1.432138e+07 1.429512e+07 1.426798e+07 1.424086e+07 1.421130e+07 1.486013e+07 1.690320e+07 2.091987e+07 2.744562e+07 3.696496e+07 6.593191e+07 1.067515e+08 1.545903e+08 2.037352e+08 2.496023e+08 2.896522e+08
1.426148e+07 1.426148e+07 1.426148e+07 1.426148e+07 1.426148e+07 1.426152e+07 1.426157e+07 1.426020e+07 1.425727e+07 1.425233e+07 1.423724e+07 1.421751e+07 1.419525e+07 1.417153e+07 1.414683e+07 1.412157e+07 1.409665e+07 1.408142e+07 1.474738e+07 1.681892e+07 2.089042e+07 2.750757e+07 3.715605e+07 6.645337e+07 1.075937e+08 1.556379e+08 2.049020e+08 2.508546e+08 2.909318e+08
1.411496e+07 1.411496e+07 1.411496e+07 1.411496e+07 1.411496e+07 1.411496e+07 1.411492e+07 1.411341e+07 1.411049e+07 1.410560e+07 1.409080e+07 1.407159e+07 1.405007e+07 1.402735e+07 1.400391e+07 1.398020e+07 1.395714e+07 1.395518e+07 1.463930e+07 1.674033e+07 2.086560e+07 2.757157e+07 3.734766e+07 6.698347e+07 1.084657e+08 1.567439e+08 2.061130e+08 2.521404e+08 2.922374e+08
1.397405e+07 1.397405e+07 1.397405e+07 1.397405e+07 1.397405e+07 1.397407e+07 1.397407e+07 1.397267e+07 1.396980e+07 1.396499e+07 1.395043e+07 1.393161e+07 1.391067e+07 1.388874e+07 1.386633e+07 1.384391e+07 1.382241e+07 1.383263e+07 1.453572e+07 1.666756e+07 2.084630e+07 2.763906e+07 3.754085e+07 6.752064e+07 1.093637e+08 1.579002e+08 2.073730e+08 2.534617e+08 2.935700e+08
1.383906e+07 1.383906e+07 1.383906e+07 1.383906e+07 1.383906e+07 1.383907e+07 1.383904e+07 1.383761e+07 1.383477e+07 1.383002e+07 1.381567e+07 1.379719e+07 1.377674e+07 1.375547e+07 1.373392e+07 1.371258e+07 1.369241e+07 1.371381e+07 1.443647e+07 1.660057e+07 2.083315e+07 2.771128e+07 3.773681e+07 6.806375e+07 1.102843e+08 1.591014e+08 2.086893e+08 2.548211e+08 2.949308e+08
1.370898e+07 1.370898e+07 1.370898e+07 1.370898e+07 1.370898e+07 1.370900e+07 1.370901e+07 1.370769e+07 1.370492e+07 1.370025e+07 1.368613e+07 1.366797e+07 1.364796e+07 1.362726e+07 1.360645e+07 1.358604e+07 1.356703e+07 1.359870e+07 1.434136e+07 1.653926e+07 2.082658e+07 2.778930e+07 3.793675e+07 6.861208e+07 1.112244e+08 1.603428e+08 2.100700e+08 2.562216e+08 2.963211e+08
1.358413e+07 1.358413e+07 1.358413e+07 1.358413e+07 1.358414e+07 1.358414e+07 1.358414e+07 1.358282e+07 1.358009e+07 1.357548e+07 1.356155e+07 1.354368e+07 1.352406e+07 1.350387e+07 1.348371e+07 1.346411e+07 1.344611e+07 1.348723e+07 1.425019e+07 1.648343e+07 2.082681e+07 2.787398e+07 3.814181e+07 6.916528e+07 1.121812e+08 1.616202e+08 2.115084e+08 2.576672e+08 2.977425e+08
1.346395e+07 1.346395e+07 1.346395e+07 1.346395e+07 1.346395e+07 1.346397e+07 1.346399e+07 1.346274e+07 1.346004e+07 1.345549e+07 1.344171e+07 1.342408e+07 1.340480e+07 1.338506e+07 1.336548e+07 1.334660e+07 1.332949e+07 1.337934e+07 1.416279e+07 1.643286e+07 2.083393e+07 2.796595e+07 3.835306e+07 6.972334e+07 1.131524e+08 1.629296e+08 2.129977e+08 2.591626e+08 2.991971e+08
1.334851e+07 1.334851e+07 1.334851e+07 1.334851e+07 1.334851e+07 1.334852e+07 1.334851e+07 1.334720e+07 1.334451e+07 1.333997e+07 1.332631e+07 1.330890e+07 1.328994e+07 1.327063e+07 1.325157e+07 1.323334e+07 1.321702e+07 1.327493e+07 1.407895e+07 1.638730e+07 2.084789e+07 2.806571e+07 3.857144e+07 7.028650e+07 1.141358e+08 1.642674e+08 2.145329e+08 2.607160e+08 3.006870e+08
1.323692e+07 1.323692e+07 1.323692e+07 1.323692e+07 1.323692e+07 1.323693e+07 1.323691e+07 1.323563e+07 1.323298e+07 1.322852e+07 1.321506e+07 1.319793e+07 1.317932e+07 1.316041e+07 1.314184e+07 1.312418e+07 1.310855e+07 1.317389e+07 1.399851e+07 1.634647e+07 2.086857e+07 2.817354e+07 3.879775e+07 7.085519e+07 1.151297e+08 1.656301e+08 2.161094e+08 2.623298e+08 3.022151e+08
1.312896e+07 1.312896e+07 1.312896e+07 1.312896e+07 1.312896e+07 1.312899e+07 1.312903e+07 1.312797e+07 1.312545e+07 1.312113e+07 1.310798e+07 1.309116e+07 1.307288e+07 1.305434e+07 1.303618e+07 1.301899e+07 1.300395e+07 1.307608e+07 1.392128e+07 1.631011e+07 2.089579e+07 2.828960e+07 3.903260e+07 7.143001e+07 1.161328e+08 1.670145e+08 2.177230e+08 2.639960e+08 3.037850e+08
1.302586e+07 1.302586e+07 1.302586e+07 1.302586e+07 1.302586e+07 1.302590e+07 1.302599e+07 1.302506e+07 1.302261e+07 1.301836e+07 1.300536e+07 1.298872e+07 1.297065e+07 1.295235e+07 1.293446e+07 1.291763e+07 1.290303e+07 1.298134e+07 1.384709e+07 1.627796e+07 2.092930e+07 2.841394e+07 3.927650e+07 7.201160e+07 1.171439e+08 1.684176e+08 2.193698e+08 2.657088e+08 3.054017e+08
1.292823e+07 1.292823e+07 1.292823e+07 1.292823e+07 1.292823e+07 1.292824e+07 1.292824e+07 1.292709e+07 1.292455e+07 1.292023e+07 1.290714e+07 1.289047e+07 1.287243e+07 1.285420e+07 1.283645e+07 1.281984e+07 1.280557e+07 1.288948e+07 1.377574e+07 1.624975e+07 2.096883e+07 2.854649e+07 3.952977e+07 7.260069e+07 1.181624e+08 1.698368e+08 2.210461e+08 2.674637e+08 3.070727e+08
1.283386e+07 1.283386e+07 1.283386e+07 1.283386e+07 1.283386e+07 1.283388e+07 1.283391e+07 1.283277e+07 1.283021e+07 1.282585e+07 1.281266e+07 1.279589e+07 1.277776e+07 1.275950e+07 1.274177e+07 1.272526e+07 1.271122e+07 1.280029e+07 1.370706e+07 1.622524e+07 2.101411e+07 2.868711e+07 3.979263e+07 7.319795e+07 1.191877e+08 1.712697e+08 2.227483e+08 2.692562e+08 3.087944e+08
1.274283e+07 1.274283e+07 1.274283e+07 1.274283e+07 1.274283e+07 1.274284e+07 1.274284e+07 1.274165e+07 1.273904e+07 1.273463e+07 1.272129e+07 1.270435e+07 1.268608e+07 1.266771e+07 1.264995e+07 1.263348e+07 1.261959e+07 1.271354e+07 1.364086e+07 1.620418e+07 2.106482e+07 2.883558e+07 4.006517e+07 7.380407e+07 1.202196e+08 1.727141e+08 2.244731e+08 2.710825e+08 3.105601e+08
1.265456e+07 1.265456e+07 1.265456e+07 1.265456e+07 1.265456e+07 1.265455e+07 1.265451e+07 1.265313e+07 1.265041e+07 1.264587e+07 1.263231e+07 1.261517e+07 1.259674e+07 1.257827e+07 1.256047e+07 1.254405e+07 1.253031e+07 1.262902e+07 1.357700e+07 1.618636e+07 2.112068e+07 2.899166e+07 4.034736e+07 7.441965e+07 1.212581e+08 1.741682e+08 2.262172e+08 2.729387e+08 3.123647e+08
1.256752e+07 1.256752e+07 1.256752e+07 1.256752e+07 1.256752e+07 1.256750e+07 1.256742e+07 1.256594e+07 1.256317e+07 1.255857e+07 1.254489e+07 1.252766e+07 1.250916e+07 1.249067e+07 1.247290e+07 1.245657e+07 1.244302e+07 1.254652e+07 1.351531e+07 1.617156e+07 2.118139e+07 2.915505e+07 4.063912e+07 7.504520e+07 1.223032e+08 1.756305e+08 2.279776e+08 2.748213e+08 3.142040e+08
1.248094e+07 1.248094e+07 1.248094e+07 1.248094e+07 1.248094e+07 1.248093e+07 1.248088e+07 1.247949e+07 1.247675e+07 1.247219e+07 1.245857e+07 1.244141e+07 1.242299e+07 1.240459e+07 1.238695e+07 1.237079e+07 1.235749e+07 1.246590e+07 1.345566e+07 1.615961e+07 2.124667e+07 2.932544e+07 4.094026e+07 7.568116e+07 1.233552e+08 1.770996e+08 2.297516e+08 2.767266e+08 3.160740e+08
1.239550e+07 1.239550e+07 1.239550e+07 1.239550e+07 1.239550e+07 1.239549e+07 1.239544e+07 1.239406e+07 1.239136e+07 1.238686e+07 1.237339e+07 1.235640e+07 1.233816e+07 1.231996e+07 1.230252e+07 1.228661e+07 1.227361e+07 1.238705e+07 1.339795e+07 1.615033e+07 2.131624e+07 2.950250e+07 4.125054e+07 7.632789e+07 1.244143e+08 1.785746e+08 2.315366e+08 2.786513e+08 3.179711e+08
1.231111e+07 1.231111e+07 1.231111e+07 1.231111e+07 1.231111e+07 1.231112e+07 1.231112e+07 1.230990e+07 1.230729e+07 1.230288e+07 1.228961e+07 1.227284e+07 1.225483e+07 1.223687e+07 1.221968e+07 1.220404e+07 1.219137e+07 1.230989e+07 1.334208e+07 1.614357e+07 2.138986e+07 2.968590e+07 4.156968e+07 7.698561e+07 1.254809e+08 1.800545e+08 2.333302e+08 2.805921e+08 3.198915e+08
1.222890e+07 1.222890e+07 1.222890e+07 1.222890e+07 1.222890e+07 1.222891e+07 1.222891e+07 1.222771e+07 1.222514e+07 1.222077e+07 1.220764e+07 1.219104e+07 1.217323e+07 1.215548e+07 1.213853e+07 1.212315e+07 1.211080e+07 1.223438e+07 1.328798e+07 1.613920e+07 2.146726e+07 2.987530e+07 4.189736e+07 7.765448e+07 1.265554e+08 1.815388e+08 2.351304e+08 2.825461e+08 3.218320e+08
1.214887e+07 1.214887e+07 1.214887e+07 1.214887e+07 1.214887e+07 1.214887e+07 1.214885e+07 1.214762e+07 1.214505e+07 1.214071e+07 1.212766e+07 1.211118e+07 1.209352e+07 1.207594e+07 1.205918e+07 1.204402e+07 1.203196e+07 1.216048e+07 1.323560e+07 1.613709e+07 2.154824e+07 3.007038e+07 4.223323e+07 7.833457e+07 1.276381e+08 1.830270e+08 2.369353e+08 2.845101e+08 3.237891e+08
1.207057e+07 1.207057e+07 1.207057e+07 1.207057e+07 1.207057e+07 1.207058e+07 1.207062e+07 1.206953e+07 1.206702e+07 1.206273e+07 1.204976e+07 1.203335e+07 1.201577e+07 1.199830e+07 1.198166e+07 1.196667e+07 1.195484e+07 1.208818e+07 1.318487e+07 1.613713e+07 2.163256e+07 3.027079e+07 4.257692e+07 7.902584e+07 1.287294e+08 1.845188e+08 2.387432e+08 2.864816e+08 3.257595e+08
1.199503e+07 1.199503e+07 1.199503e+07 1.199503e+07 1.199503e+07 1.199503e+07 1.199502e+07 1.199385e+07 1.199130e+07 1.198698e+07 1.197396e+07 1.195753e+07 1.193995e+07 1.192250e+07 1.190593e+07 1.189105e+07 1.187941e+07 1.201741e+07 1.313574e+07 1.613923e+07 2.172004e+07 3.047623e+07 4.292806e+07 7.972820e+07 1.298296e+08 1.860141e+08 2.405527e+08 2.884578e+08 3.277401e+08
1.192138e+07 1.192138e+07 1.192138e+07 1.192138e+07 1.192138e+07 1.192138e+07 1.192136e+07 1.192010e+07 1.191750e+07 1.191312e+07 1.190000e+07 1.188349e+07 1.186586e+07 1.184840e+07 1.183186e+07 1.181707e+07 1.180558e+07 1.194814e+07 1.308816e+07 1.614329e+07 2.181049e+07 3.068638e+07 4.328626e+07 8.044149e+07 1.309390e+08 1.875127e+08 2.423624e+08 2.904364e+08 3.297278e+08
1.184895e+07 1.184895e+07 1.184895e+07 1.184895e+07 1.184895e+07 1.184894e+07 1.184892e+07 1.184766e+07 1.184504e+07 1.184065e+07 1.182749e+07 1.181093e+07 1.179327e+07 1.177581e+07 1.175929e+07 1.174458e+07 1.173325e+07 1.188032e+07 1.304209e+07 1.614922e+07 2.190372e+07 3.090096e+07 4.365114e+07 8.116546e+07 1.320577e+08 1.890147e+08 2.441714e+08 2.924151e+08 3.317198e+08
1.177763e+07 1.177763e+07 1.177763e+07 1.177763e+07 1.177763e+07 1.177763e+07 1.177761e+07 1.177636e+07 1.177375e+07 1.176936e+07 1.175620e+07 1.173964e+07 1.172200e+07 1.170456e+07 1.168810e+07 1.167347e+07 1.166230e+07 1.181389e+07 1.299747e+07 1.615695e+07 2.199958e+07 3.111968e+07 4.402231e+07 8.189986e+07 1.331860e+08 1.905201e+08 2.459786e+08 2.943919e+08 3.337132e+08
1.170751e+07 1.170751e+07 1.170751e+07 1.170751e+07 1.170751e+07 1.170751e+07 1.170749e+07 1.170623e+07 1.170362e+07 1.169923e+07 1.168607e+07 1.166954e+07 1.165194e+07 1.163457e+07 1.161819e+07 1.160368e+07 1.159270e+07 1.174882e+07 1.295427e+07 1.616639e+07 2.209792e+07 3.134228e+07 4.439940e+07 8.264434e+07 1.343240e+08 1.920291e+08 2.477833e+08 2.963647e+08 3.357054e+08
1.163849e+07 1.163849e+07 1.163849e+07 1.163849e+07 1.163849e+07 1.163848e+07 1.163845e+07 1.163716e+07 1.163455e+07 1.163016e+07 1.161705e+07 1.160060e+07 1.158309e+07 1.156583e+07 1.154957e+07 1.153520e+07 1.152441e+07 1.168507e+07 1.291245e+07 1.617749e+07 2.219860e+07 3.156850e+07 4.478204e+07 8.339857e+07 1.354715e+08 1.935416e+08 2.495850e+08 2.983320e+08 3.376938e+08
1.157018e+07 1.157018e+07 1.157018e+07 1.157018e+07 1.157018e+07 1.157019e+07 1.157019e+07 1.156904e+07 1.156650e+07 1.156220e+07 1.154924e+07 1.153293e+07 1.151556e+07 1.149841e+07 1.148228e+07 1.146806e+07 1.145745e+07 1.162261e+07 1.287196e+07 1.619016e+07 2.230147e+07 3.179811e+07 4.516988e+07 8.416214e+07 1.366287e+08 1.950579e+08 2.513830e+08 3.002921e+08 3.396760e+08
1.150355e+07 1.150355e+07 1.150355e+07 1.150355e+07 1.150356e+07 1.150357e+07 1.150361e+07 1.150256e+07 1.150009e+07 1.149585e+07 1.148301e+07 1.146680e+07 1.144951e+07 1.143245e+07 1.141641e+07 1.140229e+07 1.139185e+07 1.156144e+07 1.283277e+07 1.620436e+07 2.240642e+07 3.203088e+07 4.556258e+07 8.493466e+07 1.377954e+08 1.965780e+08 2.531770e+08 3.022436e+08 3.416496e+08
1.143940e+07 1.143940e+07 1.143940e+07 1.143940e+07 1.143940e+07 1.143941e+07 1.143941e+07 1.143828e+07 1.143576e+07 1.143148e+07 1.141858e+07 1.140234e+07 1.138504e+07 1.136798e+07 1.135197e+07 1.133792e+07 1.132761e+07 1.150151e+07 1.279485e+07 1.622001e+07 2.251333e+07 3.226659e+07 4.595981e+07 8.571570e+07 1.389714e+08 1.981020e+08 2.549666e+08 3.041852e+08 3.436127e+08
1.137687e+07 1.137687e+07 1.137687e+07 1.137687e+07 1.137687e+07 1.137687e+07 1.137686e+07 1.137568e+07 1.137311e+07 1.136878e+07 1.135577e+07 1.133942e+07 1.132204e+07 1.130494e+07 1.128891e+07 1.127488e+07 1.126466e+07 1.144280e+07 1.275816e+07 1.623707e+07 2.262209e+07 3.250506e+07 4.636127e+07 8.650482e+07 1.401566e+08 1.996298e+08 2.567514e+08 3.061159e+08 3.455631e+08
1.131554e+07 1.131554e+07 1.131554e+07 1.131554e+07 1.131554e+07 1.131554e+07 1.131552e+07 1.131429e+07 1.131169e+07 1.130732e+07 1.129422e+07 1.127777e+07 1.126031e+07 1.124315e+07 1.122709e+07 1.121307e+07 1.120293e+07 1.138525e+07 1.272265e+07 1.625547e+07 2.273260e+07 3.274609e+07 4.676666e+07 8.730159e+07 1.413507e+08 2.011616e+08 2.585314e+08 3.080345e+08 3.474991e+08
1.125506e+07 1.125506e+07 1.125506e+07 1.125506e+07 1.125506e+07 1.125506e+07 1.125504e+07 1.125379e+07 1.125119e+07 1.124680e+07 1.123365e+07 1.121716e+07 1.119966e+07 1.118246e+07 1.116639e+07 1.115239e+07 1.114234e+07 1.132883e+07 1.268830e+07 1.627518e+07 2.284478e+07 3.298952e+07 4.717570e+07 8.810556e+07 1.425533e+08 2.026971e+08 2.603061e+08 3.099402e+08 3.494188e+08
1.119536e+07 1.119536e+07 1.119536e+07 1.119536e+07 1.119536e+07 1.119536e+07 1.119534e+07 1.119410e+07 1.119150e+07 1.118711e+07 1.117397e+07 1.115748e+07 1.113997e+07 1.112278e+07 1.110671e+07 1.109276e+07 1.108280e+07 1.127350e+07 1.265507e+07 1.629613e+07 2.295853e+07 3.323520e+07 4.758814e+07 8.891629e+07 1.437640e+08 2.042363e+08 2.620754e+08 3.118321e+08 3.513207e+08
1.113642e+07 1.113642e+07 1.113642e+07 1.113642e+07 1.113642e+07 1.113643e+07 1.113642e+07 1.113524e+07 1.113266e+07 1.112830e+07 1.111519e+07 1.109872e+07 1.108124e+07 1.106406e+07 1.104803e+07 1.103414e+07 1.102429e+07 1.121923e+07 1.262294e+07 1.631830e+07 2.307379e+07 3.348298e+07 4.800372e+07 8.973334e+07 1.449826e+08 2.057790e+08 2.638392e+08 3.137095e+08 3.532033e+08
1.107862e+07 1.107862e+07 1.107862e+07 1.107862e+07 1.107862e+07 1.107862e+07 1.107863e+07 1.107746e+07 1.107489e+07 1.107053e+07 1.105742e+07 1.104096e+07 1.102349e+07 1.100634e+07 1.099035e+07 1.097652e+07 1.096680e+07 1.116600e+07 1.259188e+07 1.634164e+07 2.319047e+07 3.373272e+07 4.842223e+07 9.055628e+07 1.462086e+08 2.073250e+08 2.655970e+08 3.155717e+08 3.550652e+08
1.102207e+07 1.102207e+07 1.102207e+07 1.102207e+07 1.102207e+07 1.102207e+07 1.102205e+07 1.102082e+07 1.101822e+07 1.101383e+07 1.100068e+07 1.098421e+07 1.096674e+07 1.094962e+07 1.093368e+07 1.091992e+07 1.091032e+07 1.111379e+07 1.256186e+07 1.636612e+07 2.330852e+07 3.398431e+07 4.884346e+07 9.138468e+07 1.474414e+08 2.088740e+08 2.673489e+08 3.174181e+08 3.569051e+08
1.096625e+07 1.096625e+07 1.096625e+07 1.096625e+07 1.096625e+07 1.096625e+07 1.096622e+07 1.096499e+07 1.096239e+07 1.095801e+07 1.094489e+07 1.092845e+07 1.091102e+07 1.089394e+07 1.087804e+07 1.086435e+07 1.085488e+07 1.106261e+07 1.253288e+07 1.639171e+07 2.342788e+07 3.423763e+07 4.926720e+07 9.221813e+07 1.486807e+08 2.104257e+08 2.690943e+08 3.192481e+08 3.587219e+08
1.091105e+07 1.091105e+07 1.091105e+07 1.091106e+07 1.091106e+07 1.091107e+07 1.091110e+07 1.091001e+07 1.090749e+07 1.090317e+07 1.089014e+07 1.087376e+07 1.085638e+07 1.083933e+07 1.082347e+07 1.080985e+07 1.080050e+07 1.101244e+07 1.250491e+07 1.641839e+07 2.354850e+07 3.449260e+07 4.969328e+07 9.305623e+07 1.499258e+08 2.119796e+08 2.708331e+08 3.210612e+08 3.605144e+08
1.085762e+07 1.085762e+07 1.085762e+07 1.085762e+07 1.085762e+07 1.085763e+07 1.085766e+07 1.085659e+07 1.085407e+07 1.084975e+07 1.083671e+07 1.082031e+07 1.080291e+07 1.078586e+07 1.077001e+07 1.075643e+07 1.074717e+07 1.096329e+07 1.247795e+07 1.644612e+07 2.367034e+07 3.474912e+07 5.012153e+07 9.389857e+07 1.511763e+08 2.135353e+08 2.725649e+08 3.228567e+08 3.622816e+08
1.080598e+07 1.080598e+07 1.080598e+07 1.080598e+07 1.080598e+07 1.080598e+07 1.080596e+07 1.080475e+07 1.080215e+07 1.079776e+07 1.078459e+07 1.076808e+07 1.075060e+07 1.073351e+07 1.071764e+07 1.070407e+07 1.069489e+07 1.091513e+07 1.245197e+07 1.647488e+07 2.379335e+07 3.500711e+07 5.055180e+07 9.474477e+07 1.524315e+08 2.150923e+08 2.742892e+08 3.246343e+08 3.640226e+08
1.075502e+07 1.075502e+07 1.075502e+07 1.075502e+07 1.075502e+07 1.075502e+07 1.075500e+07 1.075375e+07 1.075112e+07 1.074670e+07 1.073344e+07 1.071686e+07 1.069931e+07 1.068217e+07 1.066628e+07 1.065272e+07 1.064362e+07 1.086795e+07 1.242697e+07 1.650466e+07 2.391750e+07 3.526650e+07 5.098395e+07 9.559446e+07 1.536910e+08 2.166501e+08 2.760057e+08 3.263933e+08 3.657366e+08
1.070452e+07 1.070452e+07 1.070452e+07 1.070452e+07 1.070452e+07 1.070452e+07 1.070453e+07 1.070334e+07 1.070074e+07 1.069633e+07 1.068308e+07 1.066649e+07 1.064894e+07 1.063179e+07 1.061589e+07 1.060236e+07 1.059333e+07 1.082174e+07 1.240292e+07 1.653544e+07 2.404277e+07 3.552722e+07 5.141786e+07 9.644727e+07 1.549541e+08 2.182079e+08 2.777138e+08 3.281333e+08 3.674226e+08
1.065496e+07 1.065496e+07 1.065496e+07 1.065496e+07 1.065496e+07 1.065496e+07 1.065497e+07 1.065380e+07 1.065121e+07 1.064682e+07 1.063360e+07 1.061703e+07 1.059949e+07 1.058234e+07 1.056646e+07 1.055295e+07 1.054401e+07 1.077648e+07 1.237983e+07 1.656721e+07 2.416911e+07 3.578923e+07 5.185340e+07 9.730284e+07 1.562202e+08 2.197652e+08 2.794130e+08 3.298536e+08 3.690800e+08
1.060640e+07 1.060640e+07 1.060640e+07 1.060640e+07 1.060640e+07 1.060641e+07 1.060643e+07 1.060529e+07 1.060272e+07 1.059834e+07 1.058514e+07 1.056857e+07 1.055102e+07 1.053387e+07 1.051799e+07 1.050451e+07 1.049564e+07 1.073216e+07 1.235766e+07 1.659994e+07 2.429652e+07 3.605248e+07 5.229046e+07 9.816084e+07 1.574887e+08 2.213213e+08 2.811027e+08 3.315538e+08 3.707079e+08
1.055909e+07 1.055909e+07 1.055909e+07 1.055909e+07 1.055909e+07 1.055910e+07 1.055911e+07 1.055798e+07 1.055540e+07 1.055101e+07 1.053777e+07 1.052116e+07 1.050357e+07 1.048639e+07 1.047049e+07 1.045702e+07 1.044822e+07 1.068876e+07 1.233642e+07 1.663364e+07 2.442497e+07 3.631691e+07 5.272896e+07 9.902092e+07 1.587590e+08 2.228754e+08 2.827823e+08 3.332332e+08 3.723056e+08
1.051302e+07 1.051302e+07 1.051302e+07 1.051302e+07 1.051302e+07 1.051302e+07 1.051302e+07 1.051183e+07 1.050921e+07 1.050477e+07 1.049145e+07 1.047475e+07 1.045710e+07 1.043986e+07 1.042393e+07 1.041046e+07 1.040172e+07 1.064627e+07 1.231609e+07 1.666828e+07 2.455444e+07 3.658250e+07 5.316878e+07 9.988274e+07 1.600303e+08 2.244267e+08 2.844509e+08 3.348912e+08 3.738724e+08
1.046774e+07 1.046774e+07 1.046774e+07 1.046774e+07 1.046774e+07 1.046774e+07 1.046773e+07 1.046650e+07 1.046386e+07 1.045939e+07 1.044599e+07 1.042923e+07 1.041151e+07 1.039423e+07 1.037827e+07 1.036480e+07 1.035612e+07 1.060467e+07 1.229667e+07 1.670385e+07 2.468493e+07 3.684920e+07 5.360986e+07 1.007460e+08 1.613021e+08 2.259743e+08 2.861079e+08 3.365271e+08 3.754076e+08
1.042298e+07 1.042298e+07 1.042298e+07 1.042298e+07 1.042298e+07 1.042298e+07 1.042298e+07 1.042178e+07 1.041915e+07 1.041468e+07 1.040128e+07 1.038449e+07 1.036675e+07 1.034944e+07 1.033346e+07 1.032000e+07 1.031138e+07 1.056395e+07 1.227813e+07 1.674036e+07 2.481642e+07 3.711699e+07 5.405210e+07 1.016103e+08 1.625737e+08 2.275175e+08 2.877523e+08 3.381404e+08 3.769106e+08
1.037897e+07 1.037897e+07 1.037897e+07 1.037897e+07 1.037897e+07 1.037898e+07 1.037899e+07 1.037783e+07 1.037521e+07 1.037076e+07 1.035736e+07 1.034057e+07 1.032280e+07 1.030548e+07 1.028950e+07 1.027605e+07 1.026751e+07 1.052411e+07 1.226048e+07 1.677780e+07 2.494890e+07 3.738584e+07 5.449543e+07 1.024754e+08 1.638444e+08 2.290552e+08 2.893834e+08 3.397302e+08 3.783807e+08
1.033600e+07 1.033600e+07 1.033600e+07 1.033600e+07 1.033600e+07 1.033600e+07 1.033601e+07 1.033484e+07 1.033222e+07 1.032775e+07 1.031433e+07 1.029750e+07 1.027972e+07 1.026237e+07 1.024639e+07 1.023296e+07 1.022449e+07 1.048513e+07 1.224372e+07 1.681616e+07 2.508237e+07 3.765573e+07 5.493978e+07 1.033410e+08 1.651134e+08 2.305866e+08 2.910002e+08 3.412957e+08 3.798171e+08
1.029396e+07 1.029396e+07 1.029396e+07 1.029396e+07 1.029396e+07 1.029396e+07 1.029396e+07 1.029277e+07 1.029013e+07 1.028565e+07 1.027218e+07 1.025531e+07 1.023749e+07 1.022013e+07 1.020413e+07 1.019072e+07 1.018233e+07 1.044702e+07 1.222783e+07 1.685544e+07 2.521682e+07 3.792663e+07 5.538507e+07 1.042066e+08 1.663801e+08 2.321107e+08 2.926018e+08 3.428362e+08 3.812193e+08
1.025270e+07 1.025270e+07 1.025270e+07 1.025270e+07 1.025270e+07 1.025270e+07 1.025270e+07 1.025151e+07 1.024886e+07 1.024437e+07 1.023087e+07 1.021397e+07 1.019612e+07 1.017874e+07 1.016274e+07 1.014935e+07 1.014103e+07 1.040977e+07 1.221283e+07 1.689564e+07 2.535224e+07 3.819851e+07 5.583123e+07 1.050721e+08 1.676438e+08 2.336264e+08 2.941870e+08 3.443509e+08 3.825865e+08
1.021217e+07 1.021217e+07 1.021217e+07 1.021217e+07 1.021217e+07 1.021218e+07 1.021219e+07 1.021103e+07 1.020839e+07 1.020390e+07 1.019039e+07 1.017348e+07 1.015561e+07 1.013822e+07 1.012222e+07 1.010886e+07 1.010062e+07 1.037339e+07 1.219869e+07 1.693676e+07 2.548862e+07 3.847137e+07 5.627819e+07 1.059370e+08 1.689036e+08 2.351327e+08 2.957549e+08 3.458388e+08 3.839180e+08
