5.621404e+04 3.156364e+04 2.368297e+04 1.115087e+04 8.041332e+03 3.691215e+03 2.687273e+03 2.002073e+03 1.832477e+03 1.710510e+03 1.548423e+03 1.452840e+03 1.415956e+03 1.466887e+03 1.655342e+03 2.029176e+03 2.616567e+03 7.857619e+03 1.120093e+04 9.862981e+03 7.337024e+03 5.467755e+03 4.366687e+03 3.604156e+03 3.843579e+03 4.602978e+03 5.691856e+03 7.015110e+03 8.510682e+03
3.525520e+03 3.525503e+03 3.525420e+03 3.519623e+03 3.490145e+03 2.981869e+03 2.452849e+03 1.927197e+03 1.780543e+03 1.672130e+03 1.525006e+03 1.437513e+03 1.406515e+03 1.463766e+03 1.660660e+03 2.045785e+03 2.647160e+03 7.961589e+03 1.130758e+04 9.927231e+03 7.369258e+03 5.484193e+03 4.376336e+03 3.610497e+03 3.850651e+03 4.611618e+03 5.702179e+03 7.027036e+03 8.524064e+03
2.575882e+03 2.575880e+03 2.575872e+03 2.575259e+03 2.572048e+03 2.463626e+03 2.205384e+03 1.840831e+03 1.721458e+03 1.629085e+03 1.499369e+03 1.421066e+03 1.396658e+03 1.460929e+03 1.667110e+03 2.064522e+03 2.680948e+03 8.072002e+03 1.141874e+04 9.993386e+03 7.402161e+03 5.500873e+03 4.386096e+03 3.616912e+03 3.857808e+03 4.620356e+03 5.712605e+03 7.039068e+03 8.537553e+03
2.171290e+03 2.171290e+03 2.171289e+03 2.171126e+03 2.170241e+03 2.115255e+03 2.017464e+03 1.750684e+03 1.658227e+03 1.582813e+03 1.471990e+03 1.403719e+03 1.386528e+03 1.458519e+03 1.674872e+03 2.085621e+03 2.718218e+03 8.189179e+03 1.153453e+04 1.006146e+04 7.435731e+03 5.517792e+03 4.395966e+03 3.623402e+03 3.865053e+03 4.629191e+03 5.723135e+03 7.051206e+03 8.551148e+03
1.927489e+03 1.927489e+03 1.927488e+03 1.927432e+03 1.927100e+03 1.898838e+03 1.848093e+03 1.670116e+03 1.595478e+03 1.535362e+03 1.443481e+03 1.385735e+03 1.376288e+03 1.456695e+03 1.684145e+03 2.109336e+03 2.759276e+03 8.313447e+03 1.165509e+04 1.013149e+04 7.469965e+03 5.534944e+03 4.405942e+03 3.629967e+03 3.872386e+03 4.638124e+03 5.733769e+03 7.063451e+03 8.564851e+03
1.761611e+03 1.761611e+03 1.761612e+03 1.761593e+03 1.761451e+03 1.746997e+03 1.709281e+03 1.604364e+03 1.540567e+03 1.489722e+03 1.414642e+03 1.367431e+03 1.366127e+03 1.455632e+03 1.695143e+03 2.135936e+03 2.804446e+03 8.445140e+03 1.178052e+04 1.020346e+04 7.504857e+03 5.552326e+03 4.416024e+03 3.636607e+03 3.879807e+03 4.647156e+03 5.744507e+03 7.075803e+03 8.578661e+03
1.640584e+03 1.640584e+03 1.640585e+03 1.640579e+03 1.640516e+03 1.632769e+03 1.603608e+03 1.543696e+03 1.494994e+03 1.450360e+03 1.386544e+03 1.349202e+03 1.356263e+03 1.455528e+03 1.708100e+03 2.165715e+03 2.854076e+03 8.584604e+03 1.191096e+04 1.027741e+04 7.540401e+03 5.569931e+03 4.426207e+03 3.643322e+03 3.887317e+03 4.656288e+03 5.755351e+03 7.088264e+03 8.592580e+03
1.548165e+03 1.548165e+03 1.548165e+03 1.548166e+03 1.548141e+03 1.543777e+03 1.522327e+03 1.485546e+03 1.453326e+03 1.417418e+03 1.360648e+03 1.331553e+03 1.346959e+03 1.456608e+03 1.723278e+03 2.198992e+03 2.908542e+03 8.732191e+03 1.204649e+04 1.035334e+04 7.576589e+03 5.587755e+03 4.436490e+03 3.650111e+03 3.894916e+03 4.665521e+03 5.766302e+03 7.100833e+03 8.606607e+03
1.475321e+03 1.475321e+03 1.475321e+03 1.475327e+03 1.475322e+03 1.472789e+03 1.457664e+03 1.431703e+03 1.413395e+03 1.387616e+03 1.338934e+03 1.315124e+03 1.338538e+03 1.459135e+03 1.740970e+03 2.236117e+03 2.968246e+03 8.888260e+03 1.218725e+04 1.043125e+04 7.613413e+03 5.605791e+03 4.446868e+03 3.656975e+03 3.902606e+03 4.674855e+03 5.777359e+03 7.113512e+03 8.620745e+03
1.416593e+03 1.416593e+03 1.416594e+03 1.416601e+03 1.416607e+03 1.415125e+03 1.404777e+03 1.384254e+03 1.375398e+03 1.359354e+03 1.320818e+03 1.300783e+03 1.331396e+03 1.463418e+03 1.761509e+03 2.277479e+03 3.033628e+03 9.053183e+03 1.233333e+04 1.051115e+04 7.650861e+03 5.624032e+03 4.457340e+03 3.663914e+03 3.910386e+03 4.684290e+03 5.788524e+03 7.126301e+03 8.634992e+03
1.368429e+03 1.368429e+03 1.368429e+03 1.368436e+03 1.368447e+03 1.367610e+03 1.360830e+03 1.344001e+03 1.340466e+03 1.332294e+03 1.304872e+03 1.289549e+03 1.326029e+03 1.469830e+03 1.785282e+03 2.323513e+03 3.105170e+03 9.227337e+03 1.248484e+04 1.059304e+04 7.688924e+03 5.642471e+03 4.467902e+03 3.670927e+03 3.918258e+03 4.693828e+03 5.799797e+03 7.139200e+03 8.649349e+03
1.234363e+03 1.234363e+03 1.234363e+03 1.234372e+03 1.234394e+03 1.234746e+03 1.234636e+03 1.229270e+03 1.228227e+03 1.230666e+03 1.240033e+03 1.260389e+03 1.339259e+03 1.552291e+03 1.971594e+03 2.643621e+03 3.576158e+03 1.025063e+04 1.332676e+04 1.103195e+04 7.887931e+03 5.737358e+03 4.521932e+03 3.707103e+03 3.959009e+03 4.743081e+03 5.857809e+03 7.205372e+03 8.722812e+03
1.188354e+03 1.188354e+03 1.188354e+03 1.188362e+03 1.188383e+03 1.188895e+03 1.189894e+03 1.190473e+03 1.190211e+03 1.191517e+03 1.206472e+03 1.261086e+03 1.415011e+03 1.749694e+03 2.331937e+03 3.191265e+03 4.316436e+03 1.156877e+04 1.431555e+04 1.151805e+04 8.099687e+03 5.835857e+03 4.577629e+03 3.745112e+03 4.002132e+03 4.795002e+03 5.918623e+03 7.274393e+03 8.799114e+03
1.180506e+03 1.180506e+03 1.180506e+03 1.180513e+03 1.180533e+03 1.181077e+03 1.182454e+03 1.186193e+03 1.188207e+03 1.191266e+03 1.215526e+03 1.317940e+03 1.590429e+03 2.119050e+03 2.949889e+03 4.079501e+03 5.463378e+03 1.324738e+04 1.545568e+04 1.204641e+04 8.321091e+03 5.936568e+03 4.634426e+03 3.784926e+03 4.047700e+03 4.849675e+03 5.982319e+03 7.346333e+03 8.878317e+03
1.198231e+03 1.198231e+03 1.198231e+03 1.198237e+03 1.198257e+03 1.198842e+03 1.200719e+03 1.207244e+03 1.211774e+03 1.219629e+03 1.278350e+03 1.489755e+03 1.973493e+03 2.802483e+03 3.983361e+03 5.466225e+03 7.165768e+03 1.537397e+04 1.674634e+04 1.260936e+04 8.548218e+03 6.037871e+03 4.691705e+03 3.826516e+03 4.095787e+03 4.907185e+03 6.048975e+03 7.421262e+03 8.960481e+03
1.244874e+03 1.244875e+03 1.244875e+03 1.244882e+03 1.244903e+03 1.245541e+03 1.247431e+03 1.254853e+03 1.263562e+03 1.286704e+03 1.453158e+03 1.919220e+03 2.789078e+03 4.073200e+03 5.711551e+03 7.603236e+03 9.629952e+03 1.799554e+04 1.818248e+04 1.319690e+04 8.776539e+03 6.138019e+03 4.748828e+03 3.869856e+03 4.146465e+03 4.967614e+03 6.118665e+03 7.499246e+03 9.045667e+03
1.313798e+03 1.313799e+03 1.313799e+03 1.313806e+03 1.313828e+03 1.314482e+03 1.316417e+03 1.329320e+03 1.364504e+03 1.459272e+03 1.960412e+03 2.984257e+03 4.505540e+03 6.409719e+03 8.562285e+03 1.083353e+04 1.310325e+04 2.107548e+04 1.975814e+04 1.379766e+04 9.001269e+03 6.235258e+03 4.805185e+03 3.914938e+03 4.199813e+03 5.031043e+03 6.191464e+03 7.580351e+03 9.133931e+03
1.400260e+03 1.400261e+03 1.400261e+03 1.400268e+03 1.400289e+03 1.400953e+03 1.403191e+03 1.497570e+03 1.720372e+03 2.137526e+03 3.569878e+03 5.617146e+03 8.008426e+03 1.053590e+04 1.306549e+04 1.550657e+04 1.778567e+04 2.451350e+04 2.142082e+04 1.440108e+04 9.217842e+03 6.327979e+03 4.860246e+03 3.961773e+03 4.255912e+03 5.097555e+03 6.267444e+03 7.664640e+03 9.225329e+03
1.504487e+03 1.504487e+03 1.504487e+03 1.504494e+03 1.504517e+03 1.505553e+03 1.572718e+03 2.811990e+03 4.003955e+03 5.415641e+03 8.511264e+03 1.160882e+04 1.451552e+04 1.717523e+04 1.958424e+04 2.174664e+04 2.365358e+04 2.813572e+04 2.308543e+04 1.499845e+04 9.422523e+03 6.414886e+03 4.913620e+03 4.010404e+03 4.314852e+03 5.167230e+03 6.346676e+03 7.752175e+03 9.319916e+03
7.757233e+03 7.757405e+03 7.757942e+03 7.774816e+03 7.820630e+03 8.685887e+03 1.037478e+04 1.397732e+04 1.565215e+04 1.721121e+04 1.999478e+04 2.238337e+04 2.444046e+04 2.622344e+04 2.777765e+04 2.912797e+04 3.027380e+04 3.170705e+04 2.466047e+04 1.556327e+04 9.613521e+03 6.495169e+03 4.965110e+03 4.060919e+03 4.376730e+03 5.240152e+03 6.429228e+03 7.843014e+03 9.417742e+03
3.830374e+04 3.830372e+04 3.830365e+04 3.830166e+04 3.829543e+04 3.811428e+04 3.763908e+04 3.643951e+04 3.598320e+04 3.567497e+04 3.542428e+04 3.548809e+04 3.571077e+04 3.600179e+04 3.630932e+04 3.659434e+04 3.681414e+04 3.496896e+04 2.605870e+04 1.606788e+04 9.789655e+03 6.568726e+03 5.014764e+03 4.113452e+03 4.441659e+03 5.316405e+03 6.515169e+03 7.937218e+03 9.518860e+03
5.095617e+04 5.095616e+04 5.095614e+04 5.095546e+04 5.095333e+04 5.088402e+04 5.066097e+04 4.975436e+04 4.912606e+04 4.844846e+04 4.711110e+04 4.593660e+04 4.496337e+04 4.416607e+04 4.350171e+04 4.292092e+04 4.236708e+04 3.769406e+04 2.721018e+04 1.648978e+04 9.943329e+03 6.636648e+03 5.062941e+03 4.168199e+03 4.509763e+03 5.396078e+03 6.604568e+03 8.034842e+03 9.623318e+03
5.532708e+04 5.532708e+04 5.532707e+04 5.532690e+04 5.532628e+04 5.530292e+04 5.521929e+04 5.480851e+04 5.446548e+04 5.403603e+04 5.298389e+04 5.180082e+04 5.060405e+04 4.945610e+04 4.837626e+04 4.735329e+04 4.635310e+04 3.973489e+04 2.807153e+04 1.681317e+04 1.006863e+04 6.699465e+03 5.110392e+03 4.225425e+03 4.581185e+03 5.479261e+03 6.697493e+03 8.135945e+03 9.731165e+03
5.640781e+04 5.640781e+04 5.640780e+04 5.640755e+04 5.640677e+04 5.638099e+04 5.630595e+04 5.603898e+04 5.583850e+04 5.558503e+04 5.491335e+04 5.405189e+04 5.306294e+04 5.200546e+04 5.091670e+04 4.980802e+04 4.866643e+04 4.104502e+04 2.862895e+04 1.703024e+04 1.016186e+04 6.755150e+03 5.158516e+03 4.285469e+03 4.656090e+03 5.566054e+03 6.794014e+03 8.240581e+03 9.842449e+03
5.557943e+04 5.557943e+04 5.557942e+04 5.557926e+04 5.557874e+04 5.556350e+04 5.552632e+04 5.538332e+04 5.526554e+04 5.511188e+04 5.468784e+04 5.410674e+04 5.338624e+04 5.255402e+04 5.163279e+04 5.063122e+04 4.954079e+04 4.166808e+04 2.889530e+04 1.714122e+04 1.022151e+04 6.802616e+03 5.207792e+03 4.348760e+03 4.734663e+03 5.656562e+03 6.894205e+03 8.348808e+03 9.957216e+03
5.400272e+04 5.400272e+04 5.400271e+04 5.400261e+04 5.400231e+04 5.399225e+04 5.396080e+04 5.383820e+04 5.374791e+04 5.363720e+04 5.334680e+04 5.295242e+04 5.244810e+04 5.183605e+04 5.111881e+04 5.029206e+04 4.934099e+04 4.170707e+04 2.890314e+04 1.715330e+04 1.024813e+04 6.841501e+03 5.257604e+03 4.415835e+03 4.817119e+03 5.750899e+03 6.998140e+03 8.460683e+03 1.007551e+04
5.183814e+04 5.183814e+04 5.183814e+04 5.183809e+04 5.183793e+04 5.183268e+04 5.181640e+04 5.174662e+04 5.169064e+04 5.161977e+04 5.143011e+04 5.116879e+04 5.082615e+04 5.039356e+04 4.986063e+04 4.921141e+04 4.842242e+04 4.129085e+04 2.869657e+04 1.707879e+04 1.024413e+04 6.872052e+03 5.307779e+03 4.487402e+03 4.903703e+03 5.849192e+03 7.105900e+03 8.576267e+03 1.019739e+04
4.953381e+04 4.953381e+04 4.953381e+04 4.953377e+04 4.953366e+04 4.952969e+04 4.951717e+04 4.947145e+04 4.943763e+04 4.939501e+04 4.927857e+04 4.911268e+04 4.888738e+04 4.859072e+04 4.820618e+04 4.771053e+04 4.707336e+04 4.054849e+04 2.832379e+04 1.693300e+04 1.021340e+04 6.895054e+03 5.358388e+03 4.564371e+03 4.994698e+03 5.951578e+03 7.217571e+03 8.695621e+03 1.032289e+04
4.722720e+04 4.722720e+04 4.722720e+04 4.722723e+04 4.722729e+04 4.722832e+04 4.722847e+04 4.721535e+04 4.719963e+04 4.717704e+04 4.710910e+04 4.700625e+04 4.686083e+04 4.666090e+04 4.638769e+04 4.601412e+04 4.550528e+04 3.959411e+04 2.783155e+04 1.673239e+04 1.016080e+04 6.911740e+03 5.409676e+03 4.646695e+03 5.090436e+03 6.058214e+03 7.333246e+03 8.818811e+03 1.045207e+04
4.514210e+04 4.514210e+04 4.514209e+04 4.514207e+04 4.514201e+04 4.513991e+04 4.513393e+04 4.511433e+04 4.510074e+04 4.508397e+04 4.503830e+04 4.497183e+04 4.487736e+04 4.474319e+04 4.454994e+04 4.426884e+04 4.386252e+04 3.852059e+04 2.726167e+04 1.649299e+04 1.009171e+04 6.923686e+03 5.462039e+03 4.734190e+03 5.191324e+03 6.169275e+03 7.453028e+03 8.945907e+03 1.058498e+04
4.316340e+04 4.316340e+04 4.316340e+04 4.316339e+04 4.316337e+04 4.316289e+04 4.316128e+04 4.315179e+04 4.314343e+04 4.313272e+04 4.310364e+04 4.306176e+04 4.300162e+04 4.291282e+04 4.277666e+04 4.256434e+04 4.223768e+04 3.739899e+04 2.664938e+04 1.622948e+04 1.001158e+04 6.932695e+03 5.515986e+03 4.826781e+03 5.297930e+03 6.284959e+03 7.577030e+03 9.076986e+03 1.072167e+04
4.135032e+04 4.135032e+04 4.135032e+04 4.135031e+04 4.135027e+04 4.134911e+04 4.134655e+04 4.134172e+04 4.133881e+04 4.133475e+04 4.132151e+04 4.129927e+04 4.126435e+04 4.120816e+04 4.111346e+04 4.095240e+04 4.068708e+04 3.628096e+04 2.602288e+04 1.595454e+04 9.925606e+03 6.940674e+03 5.572120e+03 4.924420e+03 5.410682e+03 6.405499e+03 7.705379e+03 9.212131e+03 1.086220e+04
3.969688e+04 3.969688e+04 3.969688e+04 3.969691e+04 3.969699e+04 3.969855e+04 3.970196e+04 3.970874e+04 3.971039e+04 3.971058e+04 3.970676e+04 3.969738e+04 3.968023e+04 3.964776e+04 3.958370e+04 3.946117e+04 3.924308e+04 3.520225e+04 2.540380e+04 1.567871e+04 9.838523e+03 6.949535e+03 5.631096e+03 5.027074e+03 5.529321e+03 6.531172e+03 7.838218e+03 9.351433e+03 1.100664e+04
3.827411e+04 3.827411e+04 3.827411e+04 3.827410e+04 3.827408e+04 3.827321e+04 3.827057e+04 3.826359e+04 3.826067e+04 3.825849e+04 3.825625e+04 3.825536e+04 3.825206e+04 3.823813e+04 3.819761e+04 3.810449e+04 3.792280e+04 3.418621e+04 2.480794e+04 1.541034e+04 9.754438e+03 6.961103e+03 5.693600e+03 5.134713e+03 5.653670e+03 6.662336e+03 7.975711e+03 9.494994e+03 1.115506e+04
3.692771e+04 3.692771e+04 3.692771e+04 3.692772e+04 3.692776e+04 3.692869e+04 3.693067e+04 3.693461e+04 3.693754e+04 3.694167e+04 3.695318e+04 3.696684e+04 3.697862e+04 3.698089e+04 3.695885e+04 3.688797e+04 3.673381e+04 3.324682e+04 2.424628e+04 1.515584e+04 9.676795e+03 6.977051e+03 5.760313e+03 5.247310e+03 5.783587e+03 6.799513e+03 8.118045e+03 9.642927e+03 1.130752e+04
3.572633e+04 3.572633e+04 3.572633e+04 3.572633e+04 3.572631e+04 3.572691e+04 3.573179e+04 3.575402e+04 3.576854e+04 3.578376e+04 3.581383e+04 3.584150e+04 3.586465e+04 3.587769e+04 3.586765e+04 3.581169e+04 3.567694e+04 3.239096e+04 2.372585e+04 1.491990e+04 9.608376e+03 6.998857e+03 5.831883e+03 5.364839e+03 5.918938e+03 6.942755e+03 8.265444e+03 9.795359e+03 1.146412e+04
3.479189e+04 3.479189e+04 3.479189e+04 3.479188e+04 3.479186e+04 3.479248e+04 3.479709e+04 3.481592e+04 3.482756e+04 3.483967e+04 3.486409e+04 3.488790e+04 3.490949e+04 3.492356e+04 3.491753e+04 3.486924e+04 3.474676e+04 3.162036e+04 2.325064e+04 1.470575e+04 9.551348e+03 7.027779e+03 5.908908e+03 5.487275e+03 6.059589e+03 7.091808e+03 8.418184e+03 9.952436e+03 1.162494e+04
3.407545e+04 3.407545e+04 3.407545e+04 3.407544e+04 3.407542e+04 3.407462e+04 3.407206e+04 3.406504e+04 3.406281e+04 3.406220e+04 3.406613e+04 3.407599e+04 3.408902e+04 3.409885e+04 3.409231e+04 3.404730e+04 3.393236e+04 3.093311e+04 2.282236e+04 1.451546e+04 9.507326e+03 7.064849e+03 5.991916e+03 5.614594e+03 6.205401e+03 7.246512e+03 8.576639e+03 1.011432e+04 1.179009e+04
3.334717e+04 3.334717e+04 3.334717e+04 3.334717e+04 3.334719e+04 3.334771e+04 3.334876e+04 3.334897e+04 3.334836e+04 3.334811e+04 3.335060e+04 3.335817e+04 3.336931e+04 3.337821e+04 3.337225e+04 3.332994e+04 3.322071e+04 3.032509e+04 2.244108e+04 1.435021e+04 9.477447e+03 7.110878e+03 6.081352e+03 5.746771e+03 6.356236e+03 7.406733e+03 8.741250e+03 1.028121e+04 1.195967e+04
3.267863e+04 3.267863e+04 3.267863e+04 3.267862e+04 3.267860e+04 3.267794e+04 3.267655e+04 3.267856e+04 3.268256e+04 3.268797e+04 3.270156e+04 3.271752e+04 3.273415e+04 3.274663e+04 3.274351e+04 3.270456e+04 3.260039e+04 2.979111e+04 2.210578e+04 1.421045e+04 9.462450e+03 7.166465e+03 6.177574e+03 5.883778e+03 6.511954e+03 7.572342e+03 8.911837e+03 1.045333e+04 1.213382e+04
3.205803e+04 3.205803e+04 3.205803e+04 3.205807e+04 3.205817e+04 3.206159e+04 3.207097e+04 3.209509e+04 3.210727e+04 3.211918e+04 3.214225e+04 3.216441e+04 3.218503e+04 3.220012e+04 3.219913e+04 3.216275e+04 3.206256e+04 2.932565e+04 2.181475e+04 1.409615e+04 9.462739e+03 7.232019e+03 6.280848e+03 6.025588e+03 6.672419e+03 7.743217e+03 9.088220e+03 1.063097e+04 1.231268e+04
3.166341e+04 3.166341e+04 3.166341e+04 3.166340e+04 3.166338e+04 3.166263e+04 3.166096e+04 3.166212e+04 3.166599e+04 3.167158e+04 3.168613e+04 3.170320e+04 3.172071e+04 3.173404e+04 3.173248e+04 3.169689e+04 3.159928e+04 2.892330e+04 2.156592e+04 1.400690e+04 9.478453e+03 7.307776e+03 6.391351e+03 6.172169e+03 6.837503e+03 7.919238e+03 9.270277e+03 1.081456e+04 1.249641e+04
3.128210e+04 3.128210e+04 3.128210e+04 3.128211e+04 3.128214e+04 3.128315e+04 3.128579e+04 3.129132e+04 3.129378e+04 3.129648e+04 3.130368e+04 3.131397e+04 3.132641e+04 3.133648e+04 3.133337e+04 3.129790e+04 3.120227e+04 2.857896e+04 2.135705e+04 1.394205e+04 9.509514e+03 7.393822e+03 6.509174e+03 6.323485e+03 7.007086e+03 8.100287e+03 9.457904e+03 1.100430e+04 1.268520e+04
3.096627e+04 3.096627e+04 3.096627e+04 3.096627e+04 3.096625e+04 3.096557e+04 3.096380e+04 3.096118e+04 3.096113e+04 3.096191e+04 3.096604e+04 3.097388e+04 3.098465e+04 3.099397e+04 3.099107e+04 3.095691e+04 3.086392e+04 2.828810e+04 2.118592e+04 1.390075e+04 9.555672e+03 7.490111e+03 6.634329e+03 6.479496e+03 7.181060e+03 8.286256e+03 9.651009e+03 1.119998e+04 1.287929e+04
3.063829e+04 3.063829e+04 3.063829e+04 3.063830e+04 3.063833e+04 3.063929e+04 3.064191e+04 3.064787e+04 3.065061e+04 3.065356e+04 3.066135e+04 3.067262e+04 3.068666e+04 3.069909e+04 3.069924e+04 3.066829e+04 3.057905e+04 2.804687e+04 2.105032e+04 1.388208e+04 9.616539e+03 7.596487e+03 6.766754e+03 6.640159e+03 7.359331e+03 8.477041e+03 9.849506e+03 1.140146e+04 1.307897e+04
3.037472e+04 3.037472e+04 3.037472e+04 3.037471e+04 3.037470e+04 3.037413e+04 3.037275e+04 3.037306e+04 3.037619e+04 3.038121e+04 3.039563e+04 3.041415e+04 3.043466e+04 3.045251e+04 3.045727e+04 3.043050e+04 3.034543e+04 2.785203e+04 2.094815e+04 1.388500e+04 9.691620e+03 7.712697e+03 6.906326e+03 6.805427e+03 7.541824e+03 8.672553e+03 1.005331e+04 1.160863e+04 1.328467e+04
3.010607e+04 3.010607e+04 3.010607e+04 3.010610e+04 3.010619e+04 3.010894e+04 3.011638e+04 3.013759e+04 3.014940e+04 3.016151e+04 3.018628e+04 3.021182e+04 3.023749e+04 3.025946e+04 3.026773e+04 3.024419e+04 3.016241e+04 2.770072e+04 2.087736e+04 1.390843e+04 9.780330e+03 7.838411e+03 7.052868e+03 6.975248e+03 7.728480e+03 8.872711e+03 1.026235e+04 1.182143e+04 1.349634e+04
3.000949e+04 3.000949e+04 3.000949e+04 3.000949e+04 3.000948e+04 3.000944e+04 3.001082e+04 3.001981e+04 3.002669e+04 3.003472e+04 3.005368e+04 3.007609e+04 3.010056e+04 3.012251e+04 3.013144e+04 3.010899e+04 3.002874e+04 2.759012e+04 2.083590e+04 1.395124e+04 9.882020e+03 7.973237e+03 7.206156e+03 7.149575e+03 7.919262e+03 9.077453e+03 1.047655e+04 1.203977e+04 1.371378e+04
2.997031e+04 2.997031e+04 2.997031e+04 2.997030e+04 2.997029e+04 2.996995e+04 2.996884e+04 2.996594e+04 2.996594e+04 2.996781e+04 2.997776e+04 2.999491e+04 3.001644e+04 3.003673e+04 3.004468e+04 3.002169e+04 2.994133e+04 2.751713e+04 2.082167e+04 1.401226e+04 9.995984e+03 8.116735e+03 7.365935e+03 7.328359e+03 8.114153e+03 9.286734e+03 1.069585e+04 1.226358e+04 1.393688e+04
2.989475e+04 2.989475e+04 2.989475e+04 2.989475e+04 2.989474e+04 2.989446e+04 2.989498e+04 2.990166e+04 2.990753e+04 2.991471e+04 2.993219e+04 2.995297e+04 2.997549e+04 2.999525e+04 3.000193e+04 2.997744e+04 2.989572e+04 2.747831e+04 2.083254e+04 1.409028e+04 1.012148e+04 8.268427e+03 7.531924e+03 7.511556e+03 8.313159e+03 9.500526e+03 1.092019e+04 1.249280e+04 1.416554e+04
2.985636e+04 2.985636e+04 2.985636e+04 2.985639e+04 2.985647e+04 2.985905e+04 2.986648e+04 2.988812e+04 2.989976e+04 2.991126e+04 2.993358e+04 2.995549e+04 2.997692e+04 2.999442e+04 2.999834e+04 2.997102e+04 2.988668e+04 2.746987e+04 2.086634e+04 1.418411e+04 1.025775e+04 8.427816e+03 7.703831e+03 7.699133e+03 8.516306e+03 9.718822e+03 1.114953e+04 1.272736e+04 1.439968e+04
2.997995e+04 2.997995e+04 2.997995e+04 2.997995e+04 2.997993e+04 2.997939e+04 2.997798e+04 2.997677e+04 2.997805e+04 2.998064e+04 2.998927e+04 3.000165e+04 3.001608e+04 3.002805e+04 3.002731e+04 2.999592e+04 2.990806e+04 2.748787e+04 2.092093e+04 1.429253e+04 1.040401e+04 8.594396e+03 7.881357e+03 7.891067e+03 8.723646e+03 9.941635e+03 1.138384e+04 1.296719e+04 1.463920e+04
3.006799e+04 3.006799e+04 3.006799e+04 3.006799e+04 3.006798e+04 3.006770e+04 3.006666e+04 3.006281e+04 3.006104e+04 3.006010e+04 3.006164e+04 3.006782e+04 3.007701e+04 3.008439e+04 3.007951e+04 3.004434e+04 2.995307e+04 2.752843e+04 2.099420e+04 1.441437e+04 1.055950e+04 8.767662e+03 8.064212e+03 8.087348e+03 8.935254e+03 1.016900e+04 1.162308e+04 1.321224e+04 1.488404e+04
3.011188e+04 3.011188e+04 3.011188e+04 3.011188e+04 3.011187e+04 3.011187e+04 3.011257e+04 3.011648e+04 3.011934e+04 3.012259e+04 3.013006e+04 3.013886e+04 3.014824e+04 3.015433e+04 3.014731e+04 3.010961e+04 3.001577e+04 2.758799e+04 2.108423e+04 1.454849e+04 1.072347e+04 8.947129e+03 8.252119e+03 8.287989e+03 9.151225e+03 1.040097e+04 1.186726e+04 1.346246e+04 1.513410e+04
3.017170e+04 3.017170e+04 3.017170e+04 3.017171e+04 3.017175e+04 3.017296e+04 3.017648e+04 3.018707e+04 3.019293e+04 3.019874e+04 3.020988e+04 3.022048e+04 3.023018e+04 3.023553e+04 3.022710e+04 3.018763e+04 3.009193e+04 2.766350e+04 2.118929e+04 1.469385e+04 1.089521e+04 9.132334e+03 8.444830e+03 8.493021e+03 9.371682e+03 1.063763e+04 1.211637e+04 1.371779e+04 1.538932e+04
3.030241e+04 3.030241e+04 3.030241e+04 3.030241e+04 3.030240e+04 3.030224e+04 3.030185e+04 3.030209e+04 3.030315e+04 3.030484e+04 3.030980e+04 3.031640e+04 3.032342e+04 3.032676e+04 3.031662e+04 3.027560e+04 3.017854e+04 2.775256e+04 2.130792e+04 1.484949e+04 1.107407e+04 9.322856e+03 8.642126e+03 8.702505e+03 9.596767e+03 1.087907e+04 1.237042e+04 1.397817e+04 1.564961e+04
3.041529e+04 3.041529e+04 3.041529e+04 3.041529e+04 3.041528e+04 3.041516e+04 3.041474e+04 3.041314e+04 3.041243e+04 3.041215e+04 3.041342e+04 3.041722e+04 3.042225e+04 3.042413e+04 3.041286e+04 3.037094e+04 3.027324e+04 2.785342e+04 2.143894e+04 1.501457e+04 1.125943e+04 9.518320e+03 8.843832e+03 8.916527e+03 9.826645e+03 1.112540e+04 1.262943e+04 1.424358e+04 1.591489e+04
3.050248e+04 3.050248e+04 3.050248e+04 3.050248e+04 3.050247e+04 3.050237e+04 3.050225e+04 3.050324e+04 3.050444e+04 3.050607e+04 3.051054e+04 3.051638e+04 3.052251e+04 3.052488e+04 3.051378e+04 3.047196e+04 3.037452e+04 2.796496e+04 2.158148e+04 1.518836e+04 1.145077e+04 9.718412e+03 9.049821e+03 9.135205e+03 1.006151e+04 1.137676e+04 1.289346e+04 1.451396e+04 1.618507e+04
3.058291e+04 3.058291e+04 3.058291e+04 3.058292e+04 3.058295e+04 3.058368e+04 3.058589e+04 3.059310e+04 3.059731e+04 3.060164e+04 3.061032e+04 3.061890e+04 3.062666e+04 3.063001e+04 3.061960e+04 3.057850e+04 3.048201e+04 2.808673e+04 2.173499e+04 1.537028e+04 1.164764e+04 9.922880e+03 9.260021e+03 9.358694e+03 1.030156e+04 1.163330e+04 1.316253e+04 1.478928e+04 1.646007e+04
3.070758e+04 3.070758e+04 3.070758e+04 3.070758e+04 3.070759e+04 3.070769e+04 3.070835e+04 3.071171e+04 3.071422e+04 3.071712e+04 3.072369e+04 3.073096e+04 3.073804e+04 3.074123e+04 3.073120e+04 3.069101e+04 3.059601e+04 2.821885e+04 2.189922e+04 1.555989e+04 1.184970e+04 1.013155e+04 9.474419e+03 9.587178e+03 1.054703e+04 1.189518e+04 1.343672e+04 1.506951e+04 1.673981e+04
3.084136e+04 3.084136e+04 3.084136e+04 3.084136e+04 3.084136e+04 3.084139e+04 3.084144e+04 3.084153e+04 3.084180e+04 3.084240e+04 3.084490e+04 3.084933e+04 3.085490e+04 3.085778e+04 3.084844e+04 3.080979e+04 3.071710e+04 2.836206e+04 2.207420e+04 1.575688e+04 1.205667e+04 1.034432e+04 9.693066e+03 9.820881e+03 1.079816e+04 1.216258e+04 1.371608e+04 1.535462e+04 1.702419e+04
3.096157e+04 3.096157e+04 3.096157e+04 3.096157e+04 3.096157e+04 3.096148e+04 3.096118e+04 3.096039e+04 3.096026e+04 3.096051e+04 3.096260e+04 3.096721e+04 3.097369e+04 3.097824e+04 3.097128e+04 3.093568e+04 3.084664e+04 2.851770e+04 2.226025e+04 1.596109e+04 1.226841e+04 1.056118e+04 9.916082e+03 1.006006e+04 1.105523e+04 1.243567e+04 1.400069e+04 1.564457e+04 1.731312e+04
3.106159e+04 3.106159e+04 3.106159e+04 3.106159e+04 3.106161e+04 3.106188e+04 3.106261e+04 3.106534e+04 3.106734e+04 3.106978e+04 3.107621e+04 3.108504e+04 3.109577e+04 3.110471e+04 3.110235e+04 3.107156e+04 3.098759e+04 2.868770e+04 2.245788e+04 1.617246e+04 1.248484e+04 1.078219e+04 1.014365e+04 1.030502e+04 1.131850e+04 1.271465e+04 1.429062e+04 1.593936e+04 1.760653e+04
3.116931e+04 3.116931e+04 3.116931e+04 3.116932e+04 3.116933e+04 3.116987e+04 3.117151e+04 3.117756e+04 3.118168e+04 3.118646e+04 3.119802e+04 3.121246e+04 3.122908e+04 3.124404e+04 3.124769e+04 3.122287e+04 3.114481e+04 2.887442e+04 2.266778e+04 1.639105e+04 1.270602e+04 1.100752e+04 1.037604e+04 1.055607e+04 1.158826e+04 1.299972e+04 1.458594e+04 1.623894e+04 1.790432e+04
3.130900e+04 3.130901e+04 3.130901e+04 3.130901e+04 3.130902e+04 3.130946e+04 3.131083e+04 3.131656e+04 3.132111e+04 3.132689e+04 3.134208e+04 3.136176e+04 3.138441e+04 3.140563e+04 3.141545e+04 3.139660e+04 3.132430e+04 2.908038e+04 2.289067e+04 1.661703e+04 1.293208e+04 1.123742e+04 1.061357e+04 1.081359e+04 1.186483e+04 1.329107e+04 1.488676e+04 1.654331e+04 1.820638e+04
3.147327e+04 3.147327e+04 3.147327e+04 3.147327e+04 3.147329e+04 3.147374e+04 3.147540e+04 3.148346e+04 3.148995e+04 3.149804e+04 3.151857e+04 3.154397e+04 3.157230e+04 3.159891e+04 3.161377e+04 3.159964e+04 3.153184e+04 2.930782e+04 2.312725e+04 1.685062e+04 1.316326e+04 1.147221e+04 1.085663e+04 1.107796e+04 1.214849e+04 1.358890e+04 1.519312e+04 1.685243e+04 1.851264e+04
3.167589e+04 3.167589e+04 3.167589e+04 3.167590e+04 3.167594e+04 3.167717e+04 3.168097e+04 3.169498e+04 3.170457e+04 3.171559e+04 3.174124e+04 3.177074e+04 3.180234e+04 3.183166e+04 3.184891e+04 3.183705e+04 3.177150e+04 2.955833e+04 2.337812e+04 1.709210e+04 1.339989e+04 1.171231e+04 1.110568e+04 1.134960e+04 1.243957e+04 1.389340e+04 1.550513e+04 1.716628e+04 1.882299e+04
3.196222e+04 3.196222e+04 3.196222e+04 3.196223e+04 3.196227e+04 3.196333e+04 3.196647e+04 3.197864e+04 3.198738e+04 3.199760e+04 3.202162e+04 3.204934e+04 3.207913e+04 3.210683e+04 3.212285e+04 3.211022e+04 3.204439e+04 2.983262e+04 2.364371e+04 1.734182e+04 1.364238e+04 1.195822e+04 1.136125e+04 1.162896e+04 1.273838e+04 1.420475e+04 1.582283e+04 1.748483e+04 1.913734e+04
3.231197e+04 3.231197e+04 3.231197e+04 3.231198e+04 3.231200e+04 3.231273e+04 3.231497e+04 3.232334e+04 3.232919e+04 3.233606e+04 3.235280e+04 3.237346e+04 3.239705e+04 3.241964e+04 3.243166e+04 3.241608e+04 3.234818e+04 3.013059e+04 2.392436e+04 1.760017e+04 1.389124e+04 1.221052e+04 1.162391e+04 1.191648e+04 1.304521e+04 1.452312e+04 1.614630e+04 1.780804e+04 1.945558e+04
3.269877e+04 3.269877e+04 3.269877e+04 3.269877e+04 3.269876e+04 3.269859e+04 3.269856e+04 3.269979e+04 3.270132e+04 3.270373e+04 3.271183e+04 3.272482e+04 3.274191e+04 3.275922e+04 3.276713e+04 3.274848e+04 3.267835e+04 3.045168e+04 2.422030e+04 1.786760e+04 1.414706e+04 1.246985e+04 1.189428e+04 1.221264e+04 1.336037e+04 1.484869e+04 1.647557e+04 1.813587e+04 1.977761e+04
3.306857e+04 3.306857e+04 3.306857e+04 3.306857e+04 3.306856e+04 3.306829e+04 3.306750e+04 3.306605e+04 3.306636e+04 3.306773e+04 3.307394e+04 3.308486e+04 3.309976e+04 3.311503e+04 3.312130e+04 3.310147e+04 3.303052e+04 3.079538e+04 2.453184e+04 1.814464e+04 1.441052e+04 1.273693e+04 1.217304e+04 1.251792e+04 1.368414e+04 1.518158e+04 1.681070e+04 1.846828e+04 2.010331e+04
3.339845e+04 3.339845e+04 3.339845e+04 3.339846e+04 3.339850e+04 3.339956e+04 3.340240e+04 3.341109e+04 3.341641e+04 3.342211e+04 3.343455e+04 3.344904e+04 3.346606e+04 3.348292e+04 3.349070e+04 3.347237e+04 3.340276e+04 3.116170e+04 2.485934e+04 1.843190e+04 1.468236e+04 1.301252e+04 1.246089e+04 1.283278e+04 1.401680e+04 1.552193e+04 1.715170e+04 1.880521e+04 2.043257e+04
3.377120e+04 3.377120e+04 3.377120e+04 3.377121e+04 3.377124e+04 3.377233e+04 3.377557e+04 3.378563e+04 3.379127e+04 3.379704e+04 3.380961e+04 3.382522e+04 3.384472e+04 3.386511e+04 3.387693e+04 3.386258e+04 3.379641e+04 3.155140e+04 2.520330e+04 1.873004e+04 1.496341e+04 1.329747e+04 1.275857e+04 1.315770e+04 1.435858e+04 1.586984e+04 1.749858e+04 1.914659e+04 2.076528e+04
3.419990e+04 3.419990e+04 3.419990e+04 3.419989e+04 3.419987e+04 3.419906e+04 3.419694e+04 3.419217e+04 3.419092e+04 3.419129e+04 3.419849e+04 3.421505e+04 3.423945e+04 3.426653e+04 3.428528e+04 3.427717e+04 3.421595e+04 3.196586e+04 2.556430e+04 1.903983e+04 1.525457e+04 1.359263e+04 1.306682e+04 1.349314e+04 1.470971e+04 1.622538e+04 1.785132e+04 1.949235e+04 2.110131e+04
3.456439e+04 3.456439e+04 3.456439e+04 3.456438e+04 3.456436e+04 3.456353e+04 3.456138e+04 3.455964e+04 3.456245e+04 3.456836e+04 3.458934e+04 3.462067e+04 3.465881e+04 3.469765e+04 3.472587e+04 3.472489e+04 3.466850e+04 3.240662e+04 2.594289e+04 1.936209e+04 1.555680e+04 1.389893e+04 1.338642e+04 1.383951e+04 1.507039e+04 1.658861e+04 1.820989e+04 1.984240e+04 2.144053e+04
3.487629e+04 3.487629e+04 3.487630e+04 3.487633e+04 3.487645e+04 3.488018e+04 3.489101e+04 3.492622e+04 3.494823e+04 3.497205e+04 3.502300e+04 3.507624e+04 3.512964e+04 3.517879e+04 3.521365e+04 3.521653e+04 3.516165e+04 3.287456e+04 2.633955e+04 1.969770e+04 1.587111e+04 1.421727e+04 1.371811e+04 1.419724e+04 1.544076e+04 1.695955e+04 1.857424e+04 2.019663e+04 2.178280e+04
3.542367e+04 3.542367e+04 3.542367e+04 3.542371e+04 3.542383e+04 3.542759e+04 3.543893e+04 3.547696e+04 3.550041e+04 3.552533e+04 3.557719e+04 3.562976e+04 3.568132e+04 3.572776e+04 3.575928e+04 3.575820e+04 3.569870e+04 3.336922e+04 2.675461e+04 2.004763e+04 1.619859e+04 1.454863e+04 1.406265e+04 1.456668e+04 1.582094e+04 1.733817e+04 1.894429e+04 2.055493e+04 2.212798e+04
3.622215e+04 3.622215e+04 3.622215e+04 3.622214e+04 3.622211e+04 3.622120e+04 3.621925e+04 3.621944e+04 3.622306e+04 3.622926e+04 3.624877e+04 3.627589e+04 3.630752e+04 3.633802e+04 3.635636e+04 3.634397e+04 3.627427e+04 3.388853e+04 2.718830e+04 2.041295e+04 1.654036e+04 1.489394e+04 1.442075e+04 1.494814e+04 1.621102e+04 1.772444e+04 1.931994e+04 2.091718e+04 2.247592e+04
3.696906e+04 3.696906e+04 3.696906e+04 3.696905e+04 3.696902e+04 3.696807e+04 3.696517e+04 3.695596e+04 3.695148e+04 3.694819e+04 3.694691e+04 3.695331e+04 3.696574e+04 3.697907e+04 3.698232e+04 3.695667e+04 3.687510e+04 3.442928e+04 2.764098e+04 2.079483e+04 1.689759e+04 1.525414e+04 1.479310e+04 1.534191e+04 1.661101e+04 1.811826e+04 1.970106e+04 2.128322e+04 2.282647e+04
3.760724e+04 3.760724e+04 3.760724e+04 3.760725e+04 3.760726e+04 3.760779e+04 3.760895e+04 3.761080e+04 3.761120e+04 3.761133e+04 3.761158e+04 3.761328e+04 3.761708e+04 3.762005e+04 3.761273e+04 3.757705e+04 3.748615e+04 3.498840e+04 2.811335e+04 2.119465e+04 1.727148e+04 1.563015e+04 1.518033e+04 1.574818e+04 1.702089e+04 1.851951e+04 2.008749e+04 2.165289e+04 2.317945e+04
3.823153e+04 3.823153e+04 3.823153e+04 3.823153e+04 3.823155e+04 3.823210e+04 3.823376e+04 3.823902e+04 3.824158e+04 3.824359e+04 3.824566e+04 3.824609e+04 3.824621e+04 3.824432e+04 3.823196e+04 3.819162e+04 3.809642e+04 3.556441e+04 2.860680e+04 2.161397e+04 1.766327e+04 1.602285e+04 1.558299e+04 1.616709e+04 1.744058e+04 1.892804e+04 2.047906e+04 2.202602e+04 2.353470e+04
3.886975e+04 3.886975e+04 3.886975e+04 3.886974e+04 3.886972e+04 3.886911e+04 3.886784e+04 3.886449e+04 3.886245e+04 3.886019e+04 3.885522e+04 3.885075e+04 3.884800e+04 3.884508e+04 3.883330e+04 3.879465e+04 3.870162e+04 3.615866e+04 2.912361e+04 2.205454e+04 1.807419e+04 1.643304e+04 1.600160e+04 1.659871e+04 1.786995e+04 1.934364e+04 2.087556e+04 2.240242e+04 2.389204e+04
3.945392e+04 3.945392e+04 3.945392e+04 3.945392e+04 3.945390e+04 3.945319e+04 3.945098e+04 3.944284e+04 3.943773e+04 3.943247e+04 3.942307e+04 3.941756e+04 3.941758e+04 3.942079e+04 3.941752e+04 3.938865e+04 3.930544e+04 3.677604e+04 2.966701e+04 2.251833e+04 1.850546e+04 1.686148e+04 1.643653e+04 1.704302e+04 1.830880e+04 1.976607e+04 2.127676e+04 2.278189e+04 2.425128e+04
3.995125e+04 3.995125e+04 3.995125e+04 3.995124e+04 3.995122e+04 3.995080e+04 3.994972e+04 3.994578e+04 3.994326e+04 3.994092e+04 3.993922e+04 3.994498e+04 3.995994e+04 3.998082e+04 3.999657e+04 3.998667e+04 3.992109e+04 3.742500e+04 3.024102e+04 2.300735e+04 1.895823e+04 1.730879e+04 1.688810e+04 1.749994e+04 1.875688e+04 2.019504e+04 2.168240e+04 2.316419e+04 2.461222e+04
4.039790e+04 4.039790e+04 4.039790e+04 4.039790e+04 4.039791e+04 4.039804e+04 4.039844e+04 4.040061e+04 4.040351e+04 4.040860e+04 4.042743e+04 4.045937e+04 4.050343e+04 4.055401e+04 4.059836e+04 4.061472e+04 4.057208e+04 3.811659e+04 3.085013e+04 2.352365e+04 1.943355e+04 1.777550e+04 1.735647e+04 1.796926e+04 1.921389e+04 2.063024e+04 2.209219e+04 2.354909e+04 2.497468e+04
4.083402e+04 4.083402e+04 4.083402e+04 4.083402e+04 4.083403e+04 4.083423e+04 4.083645e+04 4.085442e+04 4.087106e+04 4.089269e+04 4.094950e+04 4.102145e+04 4.110414e+04 4.119022e+04 4.126613e+04 4.130965e+04 4.128946e+04 3.886267e+04 3.149868e+04 2.406911e+04 1.993235e+04 1.826201e+04 1.784172e+04 1.845072e+04 1.967944e+04 2.107130e+04 2.250584e+04 2.393635e+04 2.533843e+04
4.135703e+04 4.135703e+04 4.135703e+04 4.135709e+04 4.135724e+04 4.136234e+04 4.137801e+04 4.143491e+04 4.147310e+04 4.151622e+04 4.161381e+04 4.172213e+04 4.183639e+04 4.194942e+04 4.204794e+04 4.210992e+04 4.210397e+04 3.967343e+04 3.219038e+04 2.464535e+04 2.045535e+04 1.876855e+04 1.834377e+04 1.894395e+04 2.015310e+04 2.151782e+04 2.292301e+04 2.432570e+04 2.570328e+04
4.226212e+04 4.226212e+04 4.226212e+04 4.226217e+04 4.226233e+04 4.226745e+04 4.228324e+04 4.234129e+04 4.238071e+04 4.242543e+04 4.252701e+04 4.263978e+04 4.275838e+04 4.287528e+04 4.297690e+04 4.304082e+04 4.303511e+04 4.055497e+04 3.292777e+04 2.525363e+04 2.100310e+04 1.929520e+04 1.886241e+04 1.944850e+04 2.063438e+04 2.196938e+04 2.334334e+04 2.471687e+04 2.606900e+04
4.354067e+04 4.354067e+04 4.354067e+04 4.354068e+04 4.354071e+04 4.354182e+04 4.354656e+04 4.357273e+04 4.359468e+04 4.362221e+04 4.369191e+04 4.377702e+04 4.387211e+04 4.396909e+04 4.405370e+04 4.410265e+04 4.408297e+04 4.150797e+04 3.371203e+04 2.589476e+04 2.157589e+04 1.984184e+04 1.939729e+04 1.996380e+04 2.112274e+04 2.242549e+04 2.376647e+04 2.510956e+04 2.643536e+04
