1.071560e+08 6.377301e+07 5.020544e+07 2.862879e+07 2.385481e+07 1.982292e+07 1.945511e+07 1.915667e+07 1.913658e+07 1.918463e+07 1.943271e+07 1.982068e+07 2.030072e+07 2.084398e+07 2.143160e+07 2.205041e+07 2.269107e+07 2.607894e+07 2.979146e+07 3.398643e+07 3.854087e+07 4.292769e+07 4.646877e+07 4.971663e+07 4.895184e+07 4.648314e+07 4.362108e+07 4.084793e+07 3.829947e+07
1.952264e+07 1.952297e+07 1.952384e+07 1.953420e+07 1.950200e+07 1.942578e+07 1.929910e+07 1.910365e+07 1.910736e+07 1.917340e+07 1.944665e+07 1.985083e+07 2.034159e+07 2.089181e+07 2.148358e+07 2.210436e+07 2.274532e+07 2.612360e+07 2.982701e+07 3.401829e+07 3.857120e+07 4.295566e+07 4.649236e+07 4.972784e+07 4.895192e+07 4.647583e+07 4.360942e+07 4.083387e+07 3.828419e+07
1.944585e+07 1.944592e+07 1.944612e+07 1.944968e+07 1.945104e+07 1.940835e+07 1.911949e+07 1.901853e+07 1.906275e+07 1.915556e+07 1.946156e+07 1.988450e+07 2.038678e+07 2.094406e+07 2.153975e+07 2.216212e+07 2.280295e+07 2.616982e+07 2.986335e+07 3.405069e+07 3.860197e+07 4.298395e+07 4.651616e+07 4.973906e+07 4.895188e+07 4.646836e+07 4.359759e+07 4.081965e+07 3.826878e+07
1.923503e+07 1.923506e+07 1.923516e+07 1.923705e+07 1.923963e+07 1.908620e+07 1.916408e+07 1.891521e+07 1.900415e+07 1.913082e+07 1.947722e+07 1.992165e+07 2.043633e+07 2.100077e+07 2.160016e+07 2.222373e+07 2.286398e+07 2.621756e+07 2.990045e+07 3.408361e+07 3.863315e+07 4.301258e+07 4.654017e+07 4.975028e+07 4.895173e+07 4.646074e+07 4.358561e+07 4.080529e+07 3.825323e+07
1.901919e+07 1.901921e+07 1.901927e+07 1.902058e+07 1.902315e+07 1.893166e+07 1.900643e+07 1.888760e+07 1.895393e+07 1.910558e+07 1.949424e+07 1.996231e+07 2.049022e+07 2.106194e+07 2.166478e+07 2.228916e+07 2.292835e+07 2.626676e+07 2.993827e+07 3.411704e+07 3.866476e+07 4.304152e+07 4.656439e+07 4.976149e+07 4.895146e+07 4.645296e+07 4.357347e+07 4.079078e+07 3.823755e+07
1.886084e+07 1.886086e+07 1.886090e+07 1.886196e+07 1.886437e+07 1.883488e+07 1.881819e+07 1.897525e+07 1.897905e+07 1.910129e+07 1.951579e+07 2.000703e+07 2.054850e+07 2.112753e+07 2.173357e+07 2.235834e+07 2.299602e+07 2.631737e+07 2.997677e+07 3.415095e+07 3.869676e+07 4.307077e+07 4.658881e+07 4.977270e+07 4.895107e+07 4.644502e+07 4.356117e+07 4.077612e+07 3.822172e+07
1.877291e+07 1.877292e+07 1.877295e+07 1.877382e+07 1.877599e+07 1.877955e+07 1.872987e+07 1.905902e+07 1.909062e+07 1.916541e+07 1.954966e+07 2.005748e+07 2.061155e+07 2.119757e+07 2.180646e+07 2.243120e+07 2.306689e+07 2.636930e+07 3.001592e+07 3.418532e+07 3.872914e+07 4.310032e+07 4.661341e+07 4.978390e+07 4.895056e+07 4.643692e+07 4.354870e+07 4.076130e+07 3.820577e+07
1.874933e+07 1.874934e+07 1.874937e+07 1.875011e+07 1.875207e+07 1.877146e+07 1.873299e+07 1.910213e+07 1.921660e+07 1.929631e+07 1.961101e+07 2.011727e+07 2.068033e+07 2.127230e+07 2.188347e+07 2.250766e+07 2.314086e+07 2.642246e+07 3.005565e+07 3.422012e+07 3.876191e+07 4.313016e+07 4.663820e+07 4.979507e+07 4.894992e+07 4.642866e+07 4.353606e+07 4.074633e+07 3.818967e+07
1.878170e+07 1.878171e+07 1.878173e+07 1.878239e+07 1.878416e+07 1.881042e+07 1.879661e+07 1.912674e+07 1.932386e+07 1.944725e+07 1.972518e+07 2.019269e+07 2.075675e+07 2.135230e+07 2.196473e+07 2.258769e+07 2.321783e+07 2.647677e+07 3.009593e+07 3.425534e+07 3.879503e+07 4.316029e+07 4.666317e+07 4.980623e+07 4.894915e+07 4.642023e+07 4.352326e+07 4.073120e+07 3.817344e+07
1.886049e+07 1.886050e+07 1.886052e+07 1.886110e+07 1.886269e+07 1.889135e+07 1.890036e+07 1.916553e+07 1.941159e+07 1.959245e+07 1.988233e+07 2.029442e+07 2.084395e+07 2.143865e+07 2.205058e+07 2.267135e+07 2.329776e+07 2.653211e+07 3.013668e+07 3.429093e+07 3.882849e+07 4.319069e+07 4.668831e+07 4.981736e+07 4.894825e+07 4.641163e+07 4.351029e+07 4.071592e+07 3.815706e+07
1.897673e+07 1.897673e+07 1.897675e+07 1.897725e+07 1.897868e+07 1.900754e+07 1.903326e+07 1.923773e+07 1.949479e+07 1.972394e+07 2.005974e+07 2.043667e+07 2.094683e+07 2.153311e+07 2.214167e+07 2.275884e+07 2.338064e+07 2.658838e+07 3.017786e+07 3.432687e+07 3.886227e+07 4.322134e+07 4.671361e+07 4.982845e+07 4.894721e+07 4.640286e+07 4.349715e+07 4.070048e+07 3.814055e+07
1.989892e+07 1.989892e+07 1.989893e+07 1.989924e+07 1.990015e+07 1.992298e+07 1.997179e+07 2.007522e+07 2.019805e+07 2.040458e+07 2.092588e+07 2.139423e+07 2.180980e+07 2.224563e+07 2.273354e+07 2.327659e+07 2.384751e+07 2.687992e+07 3.038794e+07 3.451072e+07 3.903546e+07 4.337813e+07 4.684220e+07 4.988322e+07 4.893981e+07 4.635638e+07 4.342885e+07 4.062091e+07 3.805587e+07
2.109691e+07 2.109691e+07 2.109692e+07 2.109714e+07 2.109779e+07 2.111536e+07 2.115953e+07 2.127328e+07 2.134274e+07 2.145041e+07 2.183103e+07 2.234152e+07 2.283302e+07 2.326085e+07 2.365509e+07 2.405421e+07 2.448196e+07 2.718250e+07 3.059955e+07 3.469846e+07 3.921399e+07 4.353957e+07 4.697343e+07 4.993629e+07 4.892840e+07 4.630526e+07 4.335606e+07 4.053727e+07 3.796759e+07
2.241271e+07 2.241271e+07 2.241271e+07 2.241288e+07 2.241339e+07 2.242784e+07 2.246675e+07 2.258509e+07 2.265326e+07 2.273211e+07 2.297400e+07 2.335739e+07 2.381193e+07 2.424670e+07 2.462564e+07 2.496338e+07 2.529261e+07 2.750363e+07 3.080801e+07 3.488659e+07 3.939556e+07 4.370405e+07 4.710605e+07 4.998686e+07 4.891250e+07 4.624920e+07 4.327860e+07 4.044943e+07 3.787564e+07
2.381233e+07 2.381233e+07 2.381234e+07 2.381248e+07 2.381291e+07 2.382543e+07 2.386031e+07 2.397494e+07 2.404460e+07 2.411751e+07 2.428404e+07 2.451619e+07 2.482165e+07 2.515968e+07 2.548621e+07 2.578431e+07 2.606420e+07 2.788791e+07 3.101600e+07 3.507368e+07 3.957849e+07 4.387009e+07 4.723884e+07 5.003412e+07 4.889158e+07 4.618790e+07 4.319626e+07 4.035728e+07 3.777992e+07
2.528598e+07 2.528599e+07 2.528599e+07 2.528611e+07 2.528647e+07 2.529722e+07 2.532793e+07 2.543228e+07 2.549374e+07 2.555141e+07 2.564281e+07 2.572467e+07 2.584042e+07 2.600647e+07 2.621106e+07 2.643637e+07 2.667396e+07 2.831173e+07 3.123909e+07 3.526209e+07 3.976244e+07 4.403673e+07 4.737075e+07 5.007729e+07 4.886517e+07 4.612104e+07 4.310886e+07 4.026069e+07 3.768038e+07
2.681497e+07 2.681497e+07 2.681497e+07 2.681508e+07 2.681541e+07 2.682523e+07 2.685298e+07 2.691803e+07 2.693383e+07 2.693272e+07 2.688212e+07 2.679508e+07 2.672370e+07 2.671021e+07 2.677032e+07 2.689940e+07 2.708554e+07 2.868917e+07 3.151160e+07 3.545981e+07 3.994917e+07 4.420383e+07 4.750107e+07 5.011564e+07 4.883276e+07 4.604834e+07 4.301622e+07 4.015955e+07 3.757693e+07
2.840167e+07 2.840166e+07 2.840164e+07 2.840099e+07 2.839903e+07 2.835765e+07 2.827912e+07 2.809819e+07 2.800211e+07 2.790275e+07 2.769355e+07 2.747847e+07 2.728647e+07 2.715522e+07 2.711136e+07 2.716331e+07 2.730533e+07 2.897230e+07 3.181449e+07 3.568357e+07 4.014330e+07 4.437250e+07 4.762969e+07 5.014859e+07 4.879393e+07 4.596950e+07 4.291816e+07 4.005376e+07 3.746951e+07
2.825572e+07 2.825572e+07 2.825572e+07 2.825570e+07 2.825561e+07 2.825258e+07 2.824004e+07 2.816189e+07 2.809669e+07 2.801894e+07 2.783737e+07 2.763651e+07 2.744244e+07 2.729123e+07 2.721660e+07 2.723886e+07 2.736282e+07 2.915006e+07 3.211092e+07 3.595758e+07 4.035329e+07 4.454546e+07 4.775721e+07 5.017573e+07 4.874828e+07 4.588427e+07 4.281452e+07 3.994321e+07 3.735806e+07
2.766530e+07 2.766530e+07 2.766530e+07 2.766529e+07 2.766526e+07 2.766461e+07 2.766245e+07 2.764826e+07 2.763136e+07 2.760544e+07 2.752520e+07 2.741326e+07 2.728920e+07 2.718546e+07 2.713776e+07 2.717371e+07 2.730724e+07 2.924007e+07 3.237932e+07 3.626363e+07 4.059420e+07 4.472743e+07 4.788522e+07 5.019694e+07 4.869554e+07 4.579245e+07 4.270518e+07 3.982781e+07 3.724251e+07
2.710309e+07 2.710309e+07 2.710309e+07 2.710310e+07 2.710315e+07 2.710442e+07 2.710754e+07 2.711458e+07 2.711603e+07 2.711426e+07 2.709648e+07 2.705741e+07 2.700600e+07 2.696555e+07 2.696691e+07 2.703819e+07 2.719757e+07 2.927433e+07 3.261060e+07 3.658074e+07 4.088028e+07 4.492589e+07 4.801649e+07 5.021243e+07 4.863552e+07 4.569385e+07 4.259000e+07 3.970750e+07 3.712284e+07
2.667514e+07 2.667514e+07 2.667514e+07 2.667516e+07 2.667522e+07 2.667680e+07 2.668107e+07 2.669484e+07 2.670309e+07 2.671125e+07 2.672389e+07 2.672824e+07 2.672836e+07 2.674035e+07 2.678865e+07 2.689809e+07 2.708709e+07 2.928650e+07 3.280626e+07 3.689459e+07 4.119477e+07 4.515378e+07 4.815520e+07 5.022278e+07 4.856819e+07 4.558837e+07 4.246890e+07 3.958222e+07 3.699899e+07
2.638363e+07 2.638363e+07 2.638363e+07 2.638365e+07 2.638371e+07 2.638553e+07 2.639070e+07 2.640883e+07 2.642090e+07 2.643434e+07 2.646324e+07 2.649256e+07 2.652530e+07 2.657394e+07 2.665820e+07 2.679917e+07 2.701374e+07 2.930425e+07 3.297498e+07 3.719599e+07 4.152326e+07 4.541717e+07 4.830768e+07 5.022906e+07 4.849368e+07 4.547596e+07 4.234182e+07 3.945191e+07 3.687095e+07
2.622669e+07 2.622669e+07 2.622669e+07 2.622671e+07 2.622678e+07 2.622883e+07 2.623477e+07 2.625624e+07 2.627102e+07 2.628801e+07 2.632702e+07 2.637118e+07 2.642355e+07 2.649515e+07 2.660312e+07 2.676585e+07 2.699852e+07 2.934629e+07 3.312860e+07 3.748047e+07 4.185482e+07 4.570188e+07 4.848467e+07 5.023286e+07 4.841230e+07 4.535666e+07 4.220874e+07 3.931656e+07 3.673869e+07
2.620102e+07 2.620102e+07 2.620103e+07 2.620105e+07 2.620112e+07 2.620327e+07 2.620961e+07 2.623314e+07 2.624970e+07 2.626900e+07 2.631409e+07 2.636617e+07 2.642829e+07 2.651129e+07 2.663138e+07 2.680561e+07 2.704798e+07 2.942236e+07 3.327875e+07 3.774762e+07 4.218108e+07 4.599721e+07 4.868652e+07 5.023639e+07 4.832457e+07 4.523060e+07 4.206969e+07 3.917617e+07 3.660222e+07
2.629795e+07 2.629795e+07 2.629795e+07 2.629798e+07 2.629805e+07 2.630030e+07 2.630701e+07 2.633214e+07 2.634982e+07 2.637025e+07 2.641710e+07 2.646986e+07 2.653212e+07 2.661563e+07 2.673702e+07 2.691313e+07 2.715732e+07 2.953477e+07 3.343491e+07 3.799990e+07 4.249625e+07 4.629451e+07 4.890201e+07 5.024273e+07 4.823125e+07 4.509799e+07 4.192474e+07 3.903077e+07 3.646155e+07
2.651098e+07 2.651098e+07 2.651098e+07 2.651100e+07 2.651108e+07 2.651334e+07 2.652011e+07 2.654512e+07 2.656199e+07 2.658068e+07 2.662105e+07 2.666428e+07 2.671590e+07 2.678949e+07 2.690285e+07 2.707307e+07 2.731314e+07 2.968049e+07 3.360356e+07 3.824142e+07 4.279695e+07 4.658671e+07 4.912308e+07 5.025645e+07 4.813337e+07 4.495916e+07 4.177400e+07 3.888040e+07 3.631670e+07
2.682783e+07 2.682783e+07 2.682783e+07 2.682785e+07 2.682792e+07 2.683010e+07 2.683610e+07 2.685312e+07 2.686267e+07 2.687248e+07 2.689243e+07 2.691436e+07 2.694606e+07 2.700261e+07 2.710259e+07 2.726313e+07 2.749671e+07 2.985344e+07 3.378838e+07 3.847685e+07 4.308192e+07 4.686826e+07 4.934301e+07 5.028384e+07 4.803224e+07 4.481456e+07 4.161765e+07 3.872515e+07 3.616772e+07
2.719215e+07 2.719215e+07 2.719215e+07 2.719213e+07 2.719208e+07 2.719085e+07 2.718806e+07 2.718085e+07 2.717702e+07 2.717333e+07 2.716724e+07 2.716579e+07 2.717764e+07 2.721830e+07 2.730655e+07 2.745935e+07 2.768862e+07 3.004673e+07 3.399087e+07 3.871060e+07 4.335156e+07 4.713514e+07 4.955611e+07 5.032027e+07 4.792956e+07 4.466476e+07 4.145594e+07 3.856512e+07 3.601466e+07
2.743093e+07 2.743093e+07 2.743093e+07 2.743091e+07 2.743085e+07 2.742885e+07 2.742381e+07 2.741008e+07 2.740216e+07 2.739403e+07 2.737867e+07 2.736830e+07 2.737238e+07 2.740714e+07 2.749187e+07 2.764376e+07 2.787451e+07 3.025450e+07 3.421107e+07 3.894642e+07 4.360737e+07 4.738480e+07 4.975768e+07 5.035980e+07 4.782762e+07 4.451046e+07 4.128915e+07 3.840047e+07 3.585762e+07
2.752132e+07 2.752132e+07 2.752132e+07 2.752133e+07 2.752134e+07 2.752152e+07 2.752178e+07 2.752071e+07 2.751907e+07 2.751685e+07 2.751176e+07 2.750946e+07 2.752004e+07 2.756062e+07 2.765143e+07 2.781028e+07 2.804909e+07 3.047298e+07 3.444829e+07 3.918715e+07 4.385149e+07 4.761598e+07 4.994404e+07 5.039803e+07 4.772998e+07 4.435253e+07 4.111765e+07 3.823138e+07 3.569669e+07
2.757702e+07 2.757702e+07 2.757702e+07 2.757703e+07 2.757705e+07 2.757773e+07 2.757970e+07 2.758639e+07 2.759053e+07 2.759486e+07 2.760372e+07 2.761511e+07 2.763845e+07 2.769106e+07 2.779368e+07 2.796460e+07 2.821599e+07 3.070080e+07 3.470157e+07 3.943471e+07 4.408622e+07 4.782843e+07 5.011251e+07 5.043119e+07 4.763867e+07 4.419200e+07 4.094188e+07 3.805805e+07 3.553199e+07
2.765235e+07 2.765235e+07 2.765235e+07 2.765236e+07 2.765239e+07 2.765331e+07 2.765607e+07 2.766612e+07 2.767296e+07 2.768068e+07 2.769822e+07 2.772002e+07 2.775472e+07 2.781928e+07 2.793446e+07 2.811866e+07 2.838406e+07 3.093842e+07 3.496992e+07 3.969021e+07 4.431373e+07 4.802272e+07 5.026134e+07 5.045604e+07 4.754966e+07 4.403019e+07 4.076234e+07 3.788075e+07 3.536367e+07
2.776770e+07 2.776770e+07 2.776770e+07 2.776771e+07 2.776774e+07 2.776865e+07 2.777140e+07 2.778194e+07 2.778950e+07 2.779839e+07 2.781977e+07 2.784737e+07 2.788953e+07 2.796302e+07 2.808851e+07 2.828441e+07 2.856280e+07 3.118735e+07 3.525238e+07 3.995404e+07 4.453587e+07 4.819987e+07 5.038964e+07 5.046982e+07 4.745997e+07 4.386883e+07 4.057962e+07 3.769976e+07 3.519187e+07
2.792175e+07 2.792175e+07 2.792175e+07 2.792176e+07 2.792179e+07 2.792272e+07 2.792555e+07 2.793640e+07 2.794430e+07 2.795373e+07 2.797690e+07 2.800740e+07 2.805372e+07 2.813280e+07 2.826551e+07 2.847038e+07 2.875946e+07 3.144924e+07 3.554799e+07 4.022599e+07 4.475401e+07 4.836119e+07 5.049717e+07 5.047023e+07 4.736725e+07 4.371055e+07 4.039442e+07 3.751541e+07 3.501680e+07
2.811323e+07 2.811323e+07 2.811323e+07 2.811324e+07 2.811327e+07 2.811427e+07 2.811733e+07 2.812909e+07 2.813753e+07 2.814749e+07 2.817163e+07 2.820319e+07 2.825111e+07 2.833289e+07 2.846986e+07 2.868087e+07 2.897805e+07 3.172530e+07 3.585571e+07 4.050535e+07 4.496904e+07 4.850803e+07 5.058426e+07 5.045548e+07 4.726951e+07 4.355483e+07 4.020756e+07 3.732809e+07 3.483866e+07
2.834608e+07 2.834608e+07 2.834608e+07 2.834609e+07 2.834613e+07 2.834724e+07 2.835057e+07 2.836262e+07 2.837087e+07 2.838042e+07 2.840336e+07 2.843368e+07 2.848085e+07 2.856291e+07 2.870173e+07 2.891651e+07 2.921955e+07 3.201597e+07 3.617433e+07 4.079101e+07 4.518136e+07 4.864167e+07 5.065165e+07 5.042423e+07 4.716504e+07 4.339929e+07 4.002002e+07 3.713822e+07 3.465769e+07
2.862304e+07 2.862304e+07 2.862304e+07 2.862304e+07 2.862306e+07 2.862349e+07 2.862510e+07 2.863270e+07 2.863877e+07 2.864632e+07 2.866575e+07 2.869316e+07 2.873812e+07 2.881904e+07 2.895822e+07 2.917526e+07 2.948260e+07 3.232096e+07 3.650246e+07 4.108158e+07 4.539092e+07 4.876321e+07 5.070028e+07 5.037561e+07 4.705236e+07 4.324237e+07 3.983321e+07 3.694627e+07 3.447413e+07
2.890584e+07 2.890584e+07 2.890584e+07 2.890585e+07 2.890587e+07 2.890665e+07 2.890889e+07 2.891705e+07 2.892293e+07 2.893000e+07 2.894785e+07 2.897319e+07 2.901618e+07 2.909581e+07 2.923498e+07 2.945369e+07 2.976459e+07 3.263932e+07 3.683850e+07 4.137540e+07 4.559732e+07 4.887351e+07 5.073126e+07 5.030916e+07 4.693022e+07 4.308279e+07 3.964867e+07 3.675279e+07 3.428828e+07
2.920171e+07 2.920171e+07 2.920171e+07 2.920172e+07 2.920175e+07 2.920261e+07 2.920514e+07 2.921409e+07 2.922015e+07 2.922715e+07 2.924413e+07 2.926802e+07 2.930954e+07 2.938830e+07 2.952776e+07 2.974827e+07 3.006262e+07 3.296974e+07 3.718073e+07 4.167067e+07 4.579983e+07 4.897319e+07 5.074571e+07 5.022479e+07 4.679765e+07 4.291949e+07 3.946505e+07 3.655841e+07 3.410044e+07
2.951836e+07 2.951836e+07 2.951836e+07 2.951836e+07 2.951838e+07 2.951888e+07 2.952038e+07 2.952647e+07 2.953109e+07 2.953676e+07 2.955152e+07 2.957375e+07 2.961425e+07 2.969288e+07 2.983337e+07 3.005627e+07 3.037438e+07 3.331085e+07 3.752733e+07 4.196549e+07 4.599751e+07 4.906263e+07 5.074474e+07 5.012274e+07 4.665387e+07 4.275152e+07 3.928112e+07 3.636392e+07 3.391096e+07
2.983345e+07 2.983345e+07 2.983345e+07 2.983346e+07 2.983347e+07 2.983389e+07 2.983519e+07 2.984060e+07 2.984483e+07 2.985013e+07 2.986438e+07 2.988655e+07 2.992757e+07 3.000747e+07 3.015016e+07 3.037630e+07 3.069865e+07 3.366139e+07 3.787647e+07 4.225792e+07 4.618926e+07 4.914202e+07 5.072935e+07 5.000350e+07 4.649835e+07 4.257810e+07 3.909601e+07 3.617051e+07 3.372022e+07
3.014381e+07 3.014381e+07 3.014381e+07 3.014382e+07 3.014384e+07 3.014447e+07 3.014638e+07 3.015368e+07 3.015900e+07 3.016542e+07 3.018194e+07 3.020643e+07 3.024993e+07 3.033265e+07 3.047868e+07 3.070876e+07 3.103562e+07 3.402029e+07 3.822629e+07 4.254600e+07 4.637386e+07 4.921133e+07 5.070045e+07 4.986778e+07 4.633078e+07 4.239855e+07 3.890899e+07 3.597854e+07 3.352865e+07
3.046502e+07 3.046502e+07 3.046502e+07 3.046503e+07 3.046505e+07 3.046581e+07 3.046811e+07 3.047701e+07 3.048350e+07 3.049129e+07 3.051090e+07 3.053870e+07 3.058561e+07 3.067185e+07 3.082160e+07 3.105563e+07 3.138661e+07 3.438665e+07 3.857496e+07 4.282783e+07 4.655007e+07 4.927042e+07 5.065882e+07 4.971642e+07 4.615106e+07 4.221233e+07 3.871945e+07 3.578697e+07 3.333675e+07
3.080781e+07 3.080781e+07 3.080781e+07 3.080781e+07 3.080784e+07 3.080870e+07 3.081132e+07 3.082145e+07 3.082884e+07 3.083771e+07 3.085989e+07 3.089058e+07 3.094047e+07 3.102972e+07 3.118247e+07 3.141949e+07 3.175336e+07 3.475945e+07 3.892061e+07 4.310155e+07 4.671664e+07 4.931905e+07 5.060514e+07 4.955040e+07 4.595926e+07 4.201902e+07 3.852687e+07 3.559509e+07 3.314517e+07
3.117963e+07 3.117963e+07 3.117963e+07 3.117964e+07 3.117967e+07 3.118060e+07 3.118343e+07 3.119434e+07 3.120228e+07 3.121180e+07 3.123549e+07 3.126779e+07 3.131927e+07 3.140999e+07 3.156407e+07 3.180223e+07 3.213696e+07 3.513742e+07 3.926133e+07 4.336538e+07 4.687238e+07 4.935691e+07 5.053996e+07 4.937071e+07 4.575562e+07 4.181829e+07 3.833080e+07 3.540238e+07 3.295480e+07
3.158464e+07 3.158464e+07 3.158464e+07 3.158465e+07 3.158468e+07 3.158559e+07 3.158839e+07 3.159937e+07 3.160741e+07 3.161703e+07 3.164080e+07 3.167292e+07 3.172393e+07 3.181392e+07 3.196703e+07 3.220392e+07 3.253701e+07 3.551870e+07 3.959512e+07 4.361762e+07 4.701615e+07 4.938365e+07 5.046376e+07 4.917839e+07 4.554051e+07 4.160996e+07 3.813085e+07 3.520842e+07 3.276532e+07
3.202152e+07 3.202152e+07 3.202152e+07 3.202153e+07 3.202156e+07 3.202250e+07 3.202536e+07 3.203622e+07 3.204389e+07 3.205287e+07 3.207473e+07 3.210436e+07 3.215252e+07 3.223939e+07 3.238909e+07 3.262222e+07 3.295109e+07 3.590086e+07 3.991990e+07 4.385670e+07 4.714693e+07 4.939895e+07 5.037693e+07 4.897449e+07 4.531445e+07 4.139394e+07 3.792672e+07 3.501285e+07 3.257609e+07
3.249046e+07 3.249046e+07 3.249046e+07 3.249047e+07 3.249049e+07 3.249113e+07 3.249309e+07 3.250070e+07 3.250632e+07 3.251313e+07 3.253047e+07 3.255546e+07 3.259886e+07 3.268076e+07 3.282514e+07 3.305246e+07 3.337490e+07 3.628086e+07 4.023356e+07 4.408118e+07 4.726380e+07 4.940251e+07 5.027981e+07 4.875998e+07 4.507801e+07 4.117025e+07 3.771815e+07 3.481536e+07 3.238669e+07
3.296645e+07 3.296645e+07 3.296645e+07 3.296645e+07 3.296646e+07 3.296681e+07 3.296795e+07 3.297291e+07 3.297686e+07 3.298182e+07 3.299503e+07 3.301541e+07 3.305374e+07 3.313005e+07 3.326815e+07 3.348839e+07 3.380287e+07 3.665530e+07 4.053402e+07 4.428976e+07 4.736602e+07 4.939407e+07 5.017269e+07 4.853585e+07 4.483184e+07 4.093899e+07 3.750495e+07 3.461566e+07 3.219680e+07
3.343061e+07 3.343061e+07 3.343061e+07 3.343061e+07 3.343063e+07 3.343116e+07 3.343272e+07 3.343821e+07 3.344194e+07 3.344630e+07 3.345727e+07 3.347428e+07 3.350825e+07 3.357920e+07 3.371086e+07 3.392344e+07 3.422903e+07 3.702064e+07 4.081928e+07 4.448136e+07 4.745298e+07 4.937345e+07 5.005585e+07 4.830299e+07 4.457666e+07 4.070034e+07 3.728701e+07 3.441355e+07 3.200616e+07
3.389209e+07 3.389209e+07 3.389209e+07 3.389209e+07 3.389210e+07 3.389237e+07 3.389322e+07 3.389678e+07 3.389952e+07 3.390286e+07 3.391152e+07 3.392555e+07 3.395565e+07 3.402158e+07 3.414686e+07 3.435157e+07 3.464776e+07 3.737346e+07 4.108756e+07 4.465507e+07 4.752424e+07 4.934054e+07 4.992955e+07 4.806225e+07 4.431318e+07 4.045458e+07 3.706426e+07 3.420882e+07 3.181454e+07
3.433665e+07 3.433665e+07 3.433665e+07 3.433665e+07 3.433666e+07 3.433697e+07 3.433786e+07 3.434113e+07 3.434342e+07 3.434610e+07 3.435286e+07 3.436421e+07 3.439070e+07 3.445182e+07 3.457081e+07 3.476757e+07 3.505408e+07 3.771063e+07 4.133734e+07 4.481024e+07 4.757953e+07 4.929532e+07 4.979405e+07 4.781441e+07 4.404215e+07 4.020201e+07 3.683668e+07 3.400133e+07 3.162175e+07
3.476582e+07 3.476582e+07 3.476582e+07 3.476583e+07 3.476584e+07 3.476610e+07 3.476679e+07 3.476920e+07 3.477084e+07 3.477274e+07 3.477747e+07 3.478611e+07 3.480902e+07 3.486539e+07 3.497813e+07 3.516692e+07 3.544366e+07 3.802944e+07 4.156739e+07 4.494647e+07 4.761878e+07 4.923788e+07 4.964962e+07 4.756020e+07 4.376430e+07 3.994301e+07 3.660433e+07 3.379096e+07 3.142762e+07
3.517569e+07 3.517569e+07 3.517569e+07 3.517569e+07 3.517569e+07 3.517580e+07 3.517610e+07 3.517722e+07 3.517803e+07 3.517898e+07 3.518144e+07 3.518723e+07 3.520651e+07 3.525815e+07 3.536473e+07 3.554566e+07 3.581274e+07 3.832771e+07 4.177687e+07 4.506361e+07 4.764206e+07 4.916836e+07 4.949654e+07 4.730027e+07 4.348035e+07 3.967800e+07 3.636730e+07 3.357764e+07 3.123201e+07
3.555877e+07 3.555877e+07 3.555877e+07 3.555877e+07 3.555877e+07 3.555886e+07 3.555909e+07 3.555972e+07 3.555998e+07 3.556017e+07 3.556048e+07 3.556341e+07 3.557910e+07 3.562618e+07 3.572688e+07 3.590032e+07 3.615811e+07 3.860380e+07 4.196534e+07 4.516177e+07 4.764962e+07 4.908702e+07 4.933513e+07 4.703522e+07 4.319099e+07 3.940741e+07 3.612572e+07 3.336131e+07 3.103480e+07
3.591570e+07 3.591570e+07 3.591570e+07 3.591570e+07 3.591570e+07 3.591560e+07 3.591536e+07 3.591443e+07 3.591369e+07 3.591275e+07 3.591050e+07 3.591054e+07 3.592291e+07 3.596593e+07 3.606140e+07 3.622805e+07 3.647730e+07 3.885673e+07 4.213275e+07 4.524129e+07 4.764186e+07 4.899420e+07 4.916569e+07 4.676560e+07 4.289688e+07 3.913170e+07 3.587976e+07 3.314197e+07 3.083591e+07
3.623742e+07 3.623742e+07 3.623742e+07 3.623742e+07 3.623742e+07 3.623727e+07 3.623677e+07 3.623460e+07 3.623297e+07 3.623105e+07 3.622672e+07 3.622462e+07 3.623463e+07 3.627467e+07 3.636604e+07 3.652705e+07 3.676884e+07 3.908624e+07 4.227945e+07 4.530275e+07 4.761931e+07 4.889028e+07 4.898857e+07 4.649189e+07 4.259865e+07 3.885134e+07 3.562963e+07 3.291963e+07 3.063525e+07
3.651812e+07 3.651812e+07 3.651812e+07 3.651812e+07 3.651811e+07 3.651790e+07 3.651721e+07 3.651455e+07 3.651269e+07 3.651056e+07 3.650588e+07 3.650341e+07 3.651279e+07 3.655149e+07 3.664030e+07 3.679708e+07 3.703273e+07 3.929282e+07 4.240620e+07 4.534694e+07 4.758262e+07 4.877575e+07 4.880412e+07 4.621455e+07 4.229687e+07 3.856680e+07 3.537557e+07 3.269433e+07 3.043277e+07
3.675657e+07 3.675657e+07 3.675657e+07 3.675657e+07 3.675657e+07 3.675655e+07 3.675633e+07 3.675506e+07 3.675401e+07 3.675271e+07 3.674969e+07 3.674876e+07 3.675927e+07 3.679825e+07 3.688596e+07 3.703984e+07 3.727051e+07 3.947768e+07 4.251408e+07 4.537480e+07 4.753250e+07 4.865109e+07 4.861269e+07 4.593397e+07 4.199208e+07 3.827855e+07 3.511784e+07 3.246616e+07 3.022845e+07
3.696642e+07 3.696642e+07 3.696642e+07 3.696642e+07 3.696642e+07 3.696641e+07 3.696637e+07 3.696627e+07 3.696613e+07 3.696587e+07 3.696518e+07 3.696663e+07 3.697918e+07 3.701936e+07 3.710686e+07 3.725868e+07 3.748518e+07 3.964260e+07 4.260441e+07 4.538740e+07 4.746976e+07 4.851684e+07 4.841467e+07 4.565051e+07 4.168478e+07 3.798705e+07 3.485671e+07 3.223521e+07 3.002227e+07
3.715738e+07 3.715738e+07 3.715738e+07 3.715739e+07 3.715739e+07 3.715749e+07 3.715777e+07 3.715864e+07 3.715915e+07 3.715969e+07 3.716090e+07 3.716449e+07 3.717902e+07 3.722044e+07 3.730788e+07 3.745785e+07 3.768043e+07 3.978971e+07 4.267867e+07 4.538585e+07 4.739522e+07 4.837357e+07 4.821041e+07 4.536449e+07 4.137542e+07 3.769275e+07 3.459247e+07 3.200159e+07 2.981423e+07
3.733754e+07 3.733754e+07 3.733754e+07 3.733754e+07 3.733754e+07 3.733767e+07 3.733804e+07 3.733937e+07 3.734027e+07 3.734129e+07 3.734374e+07 3.734878e+07 3.736465e+07 3.740679e+07 3.749374e+07 3.764154e+07 3.785998e+07 3.992118e+07 4.273839e+07 4.537130e+07 4.730971e+07 4.822183e+07 4.800028e+07 4.507620e+07 4.106440e+07 3.739606e+07 3.432542e+07 3.176545e+07 2.960438e+07
3.751069e+07 3.751069e+07 3.751069e+07 3.751069e+07 3.751069e+07 3.751084e+07 3.751128e+07 3.751288e+07 3.751398e+07 3.751523e+07 3.751826e+07 3.752397e+07 3.754034e+07 3.758239e+07 3.766812e+07 3.781313e+07 3.802692e+07 4.003903e+07 4.278502e+07 4.534486e+07 4.721404e+07 4.806215e+07 4.778463e+07 4.478588e+07 4.075210e+07 3.709740e+07 3.405587e+07 3.152694e+07 2.939274e+07
3.767951e+07 3.767951e+07 3.767951e+07 3.767951e+07 3.767951e+07 3.767965e+07 3.768007e+07 3.768160e+07 3.768266e+07 3.768388e+07 3.768684e+07 3.769244e+07 3.770848e+07 3.774959e+07 3.783331e+07 3.797481e+07 3.818335e+07 4.014492e+07 4.281988e+07 4.530757e+07 4.710898e+07 4.789507e+07 4.756379e+07 4.449378e+07 4.043885e+07 3.679714e+07 3.378411e+07 3.128623e+07 2.917937e+07
3.784399e+07 3.784399e+07 3.784399e+07 3.784400e+07 3.784400e+07 3.784413e+07 3.784450e+07 3.784576e+07 3.784660e+07 3.784755e+07 3.784987e+07 3.785470e+07 3.786971e+07 3.790918e+07 3.799022e+07 3.812761e+07 3.833038e+07 4.024009e+07 4.284409e+07 4.526035e+07 4.699523e+07 4.772108e+07 4.733808e+07 4.420008e+07 4.012493e+07 3.649565e+07 3.351044e+07 3.104350e+07 2.896435e+07
3.800293e+07 3.800293e+07 3.800293e+07 3.800293e+07 3.800293e+07 3.800300e+07 3.800318e+07 3.800386e+07 3.800431e+07 3.800481e+07 3.800609e+07 3.800973e+07 3.802327e+07 3.806066e+07 3.813862e+07 3.827156e+07 3.846825e+07 4.032537e+07 4.285858e+07 4.520402e+07 4.687345e+07 4.754062e+07 4.710779e+07 4.390497e+07 3.981061e+07 3.619325e+07 3.323517e+07 3.079894e+07 2.874777e+07
3.815282e+07 3.815282e+07 3.815282e+07 3.815282e+07 3.815282e+07 3.815285e+07 3.815291e+07 3.815299e+07 3.815301e+07 3.815301e+07 3.815316e+07 3.815554e+07 3.816755e+07 3.820283e+07 3.827767e+07 3.840610e+07 3.859669e+07 4.040129e+07 4.286406e+07 4.513928e+07 4.674419e+07 4.735410e+07 4.687319e+07 4.360858e+07 3.949611e+07 3.589025e+07 3.295858e+07 3.055275e+07 2.852971e+07
3.829047e+07 3.829047e+07 3.829047e+07 3.829047e+07 3.829047e+07 3.829044e+07 3.829033e+07 3.828988e+07 3.828956e+07 3.828921e+07 3.828859e+07 3.829009e+07 3.830093e+07 3.833441e+07 3.840639e+07 3.853056e+07 3.871525e+07 4.046816e+07 4.286109e+07 4.506667e+07 4.660793e+07 4.716189e+07 4.663451e+07 4.331107e+07 3.918163e+07 3.558694e+07 3.268095e+07 3.030513e+07 2.831029e+07
3.841261e+07 3.841261e+07 3.841261e+07 3.841261e+07 3.841261e+07 3.841261e+07 3.841257e+07 3.841229e+07 3.841203e+07 3.841169e+07 3.841102e+07 3.841228e+07 3.842253e+07 3.845470e+07 3.852426e+07 3.864454e+07 3.882368e+07 4.052616e+07 4.285006e+07 4.498665e+07 4.646508e+07 4.696428e+07 4.639197e+07 4.301253e+07 3.886734e+07 3.528356e+07 3.240254e+07 3.005627e+07 2.808962e+07
3.852187e+07 3.852187e+07 3.852187e+07 3.852187e+07 3.852187e+07 3.852187e+07 3.852186e+07 3.852173e+07 3.852161e+07 3.852143e+07 3.852108e+07 3.852252e+07 3.853259e+07 3.856386e+07 3.863137e+07 3.874811e+07 3.892202e+07 4.057545e+07 4.283126e+07 4.489955e+07 4.631596e+07 4.676154e+07 4.614574e+07 4.271306e+07 3.855340e+07 3.498036e+07 3.212361e+07 2.980639e+07 2.786782e+07
3.862002e+07 3.862002e+07 3.862002e+07 3.862002e+07 3.862002e+07 3.862006e+07 3.862015e+07 3.862033e+07 3.862039e+07 3.862041e+07 3.862043e+07 3.862215e+07 3.863215e+07 3.866265e+07 3.872828e+07 3.884167e+07 3.901057e+07 4.061617e+07 4.280487e+07 4.480563e+07 4.616084e+07 4.655390e+07 4.589599e+07 4.241276e+07 3.823993e+07 3.467755e+07 3.184440e+07 2.955568e+07 2.764503e+07
3.871009e+07 3.871009e+07 3.871009e+07 3.871009e+07 3.871009e+07 3.871013e+07 3.871022e+07 3.871047e+07 3.871059e+07 3.871067e+07 3.871083e+07 3.871260e+07 3.872237e+07 3.875199e+07 3.881569e+07 3.892576e+07 3.908973e+07 4.064839e+07 4.277099e+07 4.470505e+07 4.599989e+07 4.634153e+07 4.564284e+07 4.211168e+07 3.792704e+07 3.437531e+07 3.156514e+07 2.930434e+07 2.742138e+07
3.879311e+07 3.879311e+07 3.879311e+07 3.879312e+07 3.879312e+07 3.879313e+07 3.879317e+07 3.879327e+07 3.879329e+07 3.879328e+07 3.879322e+07 3.879471e+07 3.880395e+07 3.883246e+07 3.889407e+07 3.900074e+07 3.915976e+07 4.067216e+07 4.272965e+07 4.459789e+07 4.583327e+07 4.612457e+07 4.538642e+07 4.180989e+07 3.761483e+07 3.407382e+07 3.128604e+07 2.905257e+07 2.719700e+07
3.886840e+07 3.886840e+07 3.886840e+07 3.886840e+07 3.886840e+07 3.886841e+07 3.886843e+07 3.886836e+07 3.886824e+07 3.886804e+07 3.886754e+07 3.886849e+07 3.887695e+07 3.890414e+07 3.896351e+07 3.906667e+07 3.922073e+07 4.068742e+07 4.268080e+07 4.448419e+07 4.566105e+07 4.590312e+07 4.512680e+07 4.150744e+07 3.730337e+07 3.377323e+07 3.100729e+07 2.880054e+07 2.697203e+07
3.893555e+07 3.893555e+07 3.893555e+07 3.893555e+07 3.893555e+07 3.893552e+07 3.893540e+07 3.893492e+07 3.893455e+07 3.893409e+07 3.893302e+07 3.893332e+07 3.894090e+07 3.896668e+07 3.902374e+07 3.912338e+07 3.927247e+07 4.069404e+07 4.262435e+07 4.436392e+07 4.548330e+07 4.567728e+07 4.486408e+07 4.120437e+07 3.699274e+07 3.347368e+07 3.072909e+07 2.854846e+07 2.674662e+07
3.899203e+07 3.899203e+07 3.899203e+07 3.899203e+07 3.899203e+07 3.899199e+07 3.899185e+07 3.899122e+07 3.899072e+07 3.899009e+07 3.898861e+07 3.898836e+07 3.899513e+07 3.901956e+07 3.907436e+07 3.917051e+07 3.931471e+07 4.069184e+07 4.256017e+07 4.423705e+07 4.530004e+07 4.544709e+07 4.459830e+07 4.090071e+07 3.668298e+07 3.317528e+07 3.045160e+07 2.829648e+07 2.652090e+07
3.903752e+07 3.903752e+07 3.903752e+07 3.903752e+07 3.903752e+07 3.903748e+07 3.903732e+07 3.903662e+07 3.903606e+07 3.903536e+07 3.903365e+07 3.903304e+07 3.903916e+07 3.906235e+07 3.911499e+07 3.920775e+07 3.934714e+07 4.068060e+07 4.248809e+07 4.410348e+07 4.511125e+07 4.521260e+07 4.432952e+07 4.059651e+07 3.637416e+07 3.287814e+07 3.017498e+07 2.804477e+07 2.629502e+07
3.907221e+07 3.907221e+07 3.907221e+07 3.907221e+07 3.907221e+07 3.907216e+07 3.907199e+07 3.907125e+07 3.907065e+07 3.906991e+07 3.906807e+07 3.906721e+07 3.907278e+07 3.909483e+07 3.914539e+07 3.923485e+07 3.936953e+07 4.066005e+07 4.240792e+07 4.396313e+07 4.491693e+07 4.497384e+07 4.405780e+07 4.029179e+07 3.606631e+07 3.258236e+07 2.989937e+07 2.779351e+07 2.606910e+07
3.909636e+07 3.909636e+07 3.909636e+07 3.909636e+07 3.909636e+07 3.909631e+07 3.909614e+07 3.909537e+07 3.909476e+07 3.909398e+07 3.909204e+07 3.909096e+07 3.909600e+07 3.911694e+07 3.916545e+07 3.925164e+07 3.938166e+07 4.062996e+07 4.231948e+07 4.381588e+07 4.471704e+07 4.473084e+07 4.378316e+07 3.998658e+07 3.575947e+07 3.228802e+07 2.962490e+07 2.754283e+07 2.584329e+07
3.911042e+07 3.911042e+07 3.911042e+07 3.911042e+07 3.911042e+07 3.911037e+07 3.911018e+07 3.910938e+07 3.910873e+07 3.910790e+07 3.910581e+07 3.910444e+07 3.910889e+07 3.912864e+07 3.917505e+07 3.925793e+07 3.938329e+07 4.059005e+07 4.222257e+07 4.366164e+07 4.451157e+07 4.448362e+07 4.350565e+07 3.968091e+07 3.545367e+07 3.199519e+07 2.935171e+07 2.729287e+07 2.561772e+07
3.911468e+07 3.911468e+07 3.911468e+07 3.911468e+07 3.911468e+07 3.911461e+07 3.911439e+07 3.911347e+07 3.911274e+07 3.911182e+07 3.910944e+07 3.910763e+07 3.911132e+07 3.912973e+07 3.917391e+07 3.925341e+07 3.937410e+07 4.054001e+07 4.211700e+07 4.350032e+07 4.430048e+07 4.423219e+07 4.322531e+07 3.937481e+07 3.514895e+07 3.170394e+07 2.907988e+07 2.704378e+07 2.539250e+07
3.910880e+07 3.910880e+07 3.910880e+07 3.910880e+07 3.910879e+07 3.910872e+07 3.910848e+07 3.910744e+07 3.910659e+07 3.910550e+07 3.910264e+07 3.910015e+07 3.910285e+07 3.911973e+07 3.916153e+07 3.923758e+07 3.935359e+07 4.047953e+07 4.200260e+07 4.333182e+07 4.408377e+07 4.397658e+07 4.294218e+07 3.906831e+07 3.484531e+07 3.141433e+07 2.880954e+07 2.679568e+07 2.516778e+07
3.909270e+07 3.909270e+07 3.909270e+07 3.909270e+07 3.909270e+07 3.909260e+07 3.909225e+07 3.909075e+07 3.908959e+07 3.908815e+07 3.908450e+07 3.908106e+07 3.908257e+07 3.909776e+07 3.913713e+07 3.920973e+07 3.932113e+07 4.040827e+07 4.187922e+07 4.315609e+07 4.386142e+07 4.371683e+07 4.265630e+07 3.876144e+07 3.454280e+07 3.112639e+07 2.854075e+07 2.654868e+07 2.494365e+07
3.906369e+07 3.906369e+07 3.906369e+07 3.906369e+07 3.906368e+07 3.906353e+07 3.906303e+07 3.906104e+07 3.905955e+07 3.905774e+07 3.905324e+07 3.904884e+07 3.904915e+07 3.906270e+07 3.909970e+07 3.916899e+07 3.927598e+07 4.032594e+07 4.174672e+07 4.297308e+07 4.363344e+07 4.345297e+07 4.236774e+07 3.845425e+07 3.424144e+07 3.084019e+07 2.827361e+07 2.630290e+07 2.472025e+07
3.901868e+07 3.901868e+07 3.901868e+07 3.901868e+07 3.901867e+07 3.901851e+07 3.901800e+07 3.901584e+07 3.901419e+07 3.901215e+07 3.900708e+07 3.900194e+07 3.900128e+07 3.901343e+07 3.904834e+07 3.911460e+07 3.921750e+07 4.023230e+07 4.160503e+07 4.278279e+07 4.339987e+07 4.318507e+07 4.207655e+07 3.814676e+07 3.394125e+07 3.055575e+07 2.800819e+07 2.605843e+07 2.449767e+07
3.895755e+07 3.895755e+07 3.895755e+07 3.895755e+07 3.895754e+07 3.895735e+07 3.895676e+07 3.895435e+07 3.895255e+07 3.895036e+07 3.894495e+07 3.893939e+07 3.893811e+07 3.894922e+07 3.898241e+07 3.904605e+07 3.914529e+07 4.012722e+07 4.145414e+07 4.258523e+07 4.316075e+07 4.291317e+07 4.178280e+07 3.783904e+07 3.364225e+07 3.027312e+07 2.774456e+07 2.581537e+07 2.427602e+07
3.887912e+07 3.887912e+07 3.887912e+07 3.887912e+07 3.887911e+07 3.887892e+07 3.887831e+07 3.887590e+07 3.887410e+07 3.887192e+07 3.886653e+07 3.886094e+07 3.885944e+07 3.886992e+07 3.890181e+07 3.896327e+07 3.905929e+07 4.001074e+07 4.129408e+07 4.238046e+07 4.291614e+07 4.263736e+07 4.148656e+07 3.753112e+07 3.334448e+07 2.999231e+07 2.748277e+07 2.557380e+07 2.405540e+07
3.878391e+07 3.878391e+07 3.878391e+07 3.878391e+07 3.878390e+07 3.878376e+07 3.878327e+07 3.878120e+07 3.877959e+07 3.877759e+07 3.877255e+07 3.876725e+07 3.876585e+07 3.877603e+07 3.880697e+07 3.886661e+07 3.895981e+07 3.988301e+07 4.112498e+07 4.216858e+07 4.266615e+07 4.235774e+07 4.118793e+07 3.722306e+07 3.304795e+07 2.971338e+07 2.722287e+07 2.533381e+07 2.383590e+07
