3.212428e+07 3.458996e+07 3.530136e+07 3.610936e+07 3.652646e+07 3.831048e+07 4.067021e+07 4.489183e+07 4.676569e+07 4.860821e+07 5.309592e+07 6.034738e+07 7.141484e+07 8.573852e+07 1.018565e+08 1.183470e+08 1.342658e+08 1.973940e+08 2.403357e+08 2.741194e+08 3.039637e+08 3.320223e+08 3.590064e+08 4.094292e+08 4.526478e+08 4.861061e+08 5.089169e+08 5.216643e+08 5.257687e+08
3.768444e+07 3.768523e+07 3.768739e+07 3.772279e+07 3.770802e+07 3.890339e+07 4.120451e+07 4.536311e+07 4.719946e+07 4.900905e+07 5.344851e+07 6.067771e+07 7.174482e+07 8.608051e+07 1.022137e+08 1.187169e+08 1.346441e+08 1.977668e+08 2.406885e+08 2.744652e+08 3.043136e+08 3.323811e+08 3.593740e+08 4.098010e+08 4.529986e+08 4.864138e+08 5.091680e+08 5.218542e+08 5.258991e+08
3.970598e+07 3.970623e+07 3.970698e+07 3.972529e+07 3.976233e+07 4.063248e+07 4.207373e+07 4.591829e+07 4.770246e+07 4.946664e+07 5.384049e+07 6.103788e+07 7.209962e+07 8.644446e+07 1.025908e+08 1.191052e+08 1.350392e+08 1.981507e+08 2.410496e+08 2.748181e+08 3.046698e+08 3.327458e+08 3.597470e+08 4.101773e+08 4.533529e+08 4.867239e+08 5.094206e+08 5.220448e+08 5.260297e+08
4.166909e+07 4.166923e+07 4.166964e+07 4.168047e+07 4.170708e+07 4.200139e+07 4.371886e+07 4.655865e+07 4.825927e+07 4.996804e+07 5.426491e+07 6.142372e+07 7.247636e+07 8.682824e+07 1.029863e+08 1.195106e+08 1.354501e+08 1.985454e+08 2.414188e+08 2.751780e+08 3.050324e+08 3.331164e+08 3.601254e+08 4.105581e+08 4.537106e+08 4.870363e+08 5.096747e+08 5.222362e+08 5.261605e+08
4.353219e+07 4.353228e+07 4.353254e+07 4.353976e+07 4.355880e+07 4.375497e+07 4.502368e+07 4.746923e+07 4.889757e+07 5.051151e+07 5.471473e+07 6.183017e+07 7.287144e+07 8.722911e+07 1.033980e+08 1.199312e+08 1.358754e+08 1.989501e+08 2.417960e+08 2.755447e+08 3.054013e+08 3.334929e+08 3.605094e+08 4.109435e+08 4.540717e+08 4.873512e+08 5.099303e+08 5.224284e+08 5.262916e+08
4.528897e+07 4.528903e+07 4.528921e+07 4.529442e+07 4.530859e+07 4.550207e+07 4.621527e+07 4.870933e+07 4.976036e+07 5.113275e+07 5.518852e+07 6.225294e+07 7.328106e+07 8.764401e+07 1.038234e+08 1.203651e+08 1.363134e+08 1.993645e+08 2.421808e+08 2.759182e+08 3.057764e+08 3.338752e+08 3.608988e+08 4.113334e+08 4.544364e+08 4.876685e+08 5.101873e+08 5.226213e+08 5.264228e+08
4.693951e+07 4.693956e+07 4.693970e+07 4.694363e+07 4.695459e+07 4.713799e+07 4.752548e+07 4.993575e+07 5.085375e+07 5.194018e+07 5.569762e+07 6.269093e+07 7.370230e+07 8.807003e+07 1.042600e+08 1.208103e+08 1.367625e+08 1.997877e+08 2.425731e+08 2.762984e+08 3.061578e+08 3.342635e+08 3.612938e+08 4.117278e+08 4.548044e+08 4.879881e+08 5.104458e+08 5.228149e+08 5.265543e+08
4.848799e+07 4.848802e+07 4.848813e+07 4.849120e+07 4.849987e+07 4.866426e+07 4.890860e+07 5.101003e+07 5.196475e+07 5.291550e+07 5.627525e+07 6.314902e+07 7.413433e+07 8.850504e+07 1.047055e+08 1.212645e+08 1.372207e+08 2.002192e+08 2.429724e+08 2.766851e+08 3.065454e+08 3.346576e+08 3.616942e+08 4.121268e+08 4.551759e+08 4.883101e+08 5.107058e+08 5.230093e+08 5.266859e+08
4.993814e+07 4.993817e+07 4.993826e+07 4.994074e+07 4.994777e+07 5.009177e+07 5.028209e+07 5.195866e+07 5.298119e+07 5.391771e+07 5.698619e+07 6.364114e+07 7.457974e+07 8.894838e+07 1.051583e+08 1.217260e+08 1.376865e+08 2.006580e+08 2.433786e+08 2.770783e+08 3.069391e+08 3.350575e+08 3.621000e+08 4.125303e+08 4.555509e+08 4.886345e+08 5.109672e+08 5.232044e+08 5.268177e+08
5.129629e+07 5.129632e+07 5.129638e+07 5.129842e+07 5.130421e+07 5.142907e+07 5.159890e+07 5.285295e+07 5.388237e+07 5.486239e+07 5.779592e+07 6.419578e+07 7.504601e+07 8.940166e+07 1.056179e+08 1.221937e+08 1.381583e+08 2.011035e+08 2.437912e+08 2.774776e+08 3.073389e+08 3.354632e+08 3.625114e+08 4.129383e+08 4.559293e+08 4.889613e+08 5.112300e+08 5.234001e+08 5.269497e+08
5.256783e+07 5.256785e+07 5.256791e+07 5.256959e+07 5.257440e+07 5.268236e+07 5.284131e+07 5.374065e+07 5.469823e+07 5.571631e+07 5.863273e+07 6.485379e+07 7.554726e+07 8.986951e+07 1.060853e+08 1.226670e+08 1.386353e+08 2.015548e+08 2.442100e+08 2.778831e+08 3.077446e+08 3.358747e+08 3.629282e+08 4.133509e+08 4.563111e+08 4.892903e+08 5.114942e+08 5.235966e+08 5.270818e+08
5.780642e+07 5.780643e+07 5.780646e+07 5.780724e+07 5.780953e+07 5.786481e+07 5.797255e+07 5.814660e+07 5.844883e+07 5.912537e+07 6.212442e+07 6.844022e+07 7.889856e+07 9.284998e+07 1.087630e+08 1.252039e+08 1.411216e+08 2.038765e+08 2.463829e+08 2.799963e+08 3.098605e+08 3.380175e+08 3.650932e+08 4.154814e+08 4.582711e+08 4.909704e+08 5.128361e+08 5.245885e+08 5.277441e+08
6.159235e+07 6.159236e+07 6.159237e+07 6.159281e+07 6.159407e+07 6.162545e+07 6.169150e+07 6.177614e+07 6.183654e+07 6.213371e+07 6.458044e+07 7.104329e+07 8.201037e+07 9.638432e+07 1.124206e+08 1.286584e+08 1.442348e+08 2.062906e+08 2.486612e+08 2.822369e+08 3.121136e+08 3.402985e+08 3.673913e+08 4.177236e+08 4.603152e+08 4.927071e+08 5.142112e+08 5.255954e+08 5.284081e+08
6.432481e+07 6.432481e+07 6.432482e+07 6.432507e+07 6.432578e+07 6.434367e+07 6.438217e+07 6.443642e+07 6.446490e+07 6.465464e+07 6.671353e+07 7.296222e+07 8.416690e+07 9.911169e+07 1.157532e+08 1.323965e+08 1.480989e+08 2.089223e+08 2.510357e+08 2.845894e+08 3.144935e+08 3.427113e+08 3.698185e+08 4.200754e+08 4.624412e+08 4.944983e+08 5.156173e+08 5.266152e+08 5.290720e+08
6.625108e+07 6.625108e+07 6.625109e+07 6.625125e+07 6.625172e+07 6.626321e+07 6.628758e+07 6.632432e+07 6.635714e+07 6.654323e+07 6.850944e+07 7.462406e+07 8.584694e+07 1.010790e+08 1.182381e+08 1.354674e+08 1.516541e+08 2.122089e+08 2.535612e+08 2.870549e+08 3.169943e+08 3.452505e+08 3.723706e+08 4.225339e+08 4.646467e+08 4.963414e+08 5.170520e+08 5.276457e+08 5.297339e+08
6.759520e+07 6.759520e+07 6.759520e+07 6.759529e+07 6.759555e+07 6.760221e+07 6.761694e+07 6.764122e+07 6.768029e+07 6.788352e+07 6.989625e+07 7.605032e+07 8.733071e+07 1.027014e+08 1.201445e+08 1.378074e+08 1.545007e+08 2.160842e+08 2.563977e+08 2.896640e+08 3.196197e+08 3.479139e+08 3.750444e+08 4.250960e+08 4.669286e+08 4.982337e+08 5.185127e+08 5.286846e+08 5.303917e+08
6.850253e+07 6.850253e+07 6.850254e+07 6.850262e+07 6.850285e+07 6.850851e+07 6.852057e+07 6.854299e+07 6.858884e+07 6.881034e+07 7.090876e+07 7.720646e+07 8.865116e+07 1.041805e+08 1.218024e+08 1.397196e+08 1.567675e+08 2.199926e+08 2.598553e+08 2.924916e+08 3.223891e+08 3.507052e+08 3.778386e+08 4.277585e+08 4.692836e+08 5.001718e+08 5.199964e+08 5.297293e+08 5.310434e+08
6.912678e+07 6.912678e+07 6.912679e+07 6.912685e+07 6.912702e+07 6.913128e+07 6.914042e+07 6.915960e+07 6.920938e+07 6.944443e+07 7.162626e+07 7.810349e+07 8.978930e+07 1.055522e+08 1.233662e+08 1.414623e+08 1.587300e+08 2.236198e+08 2.637959e+08 2.956814e+08 3.253437e+08 3.536371e+08 3.807560e+08 4.305187e+08 4.717081e+08 5.021524e+08 5.215001e+08 5.307772e+08 5.316866e+08
6.954687e+07 6.954687e+07 6.954687e+07 6.954691e+07 6.954703e+07 6.955007e+07 6.955675e+07 6.957168e+07 6.962281e+07 6.986690e+07 7.212019e+07 7.877897e+07 9.074244e+07 1.068050e+08 1.248709e+08 1.431573e+08 1.605902e+08 2.268658e+08 2.679140e+08 2.994374e+08 3.285547e+08 3.567342e+08 3.838048e+08 4.333751e+08 4.741988e+08 5.041717e+08 5.230203e+08 5.318253e+08 5.323191e+08
6.980608e+07 6.980608e+07 6.980608e+07 6.980611e+07 6.980619e+07 6.980820e+07 6.981241e+07 6.982230e+07 6.987341e+07 7.012391e+07 7.243927e+07 7.927209e+07 9.152530e+07 1.079303e+08 1.263100e+08 1.448369e+08 1.624449e+08 2.297862e+08 2.720084e+08 3.036077e+08 3.321467e+08 3.600373e+08 3.870001e+08 4.363276e+08 4.767525e+08 5.062262e+08 5.245538e+08 5.328707e+08 5.329383e+08
6.992566e+07 6.992566e+07 6.992566e+07 6.992568e+07 6.992576e+07 6.992727e+07 6.992967e+07 6.993501e+07 6.998587e+07 7.024196e+07 7.261483e+07 7.961514e+07 9.216006e+07 1.089314e+08 1.276730e+08 1.464977e+08 1.643229e+08 2.325062e+08 2.759631e+08 3.080096e+08 3.362385e+08 3.636088e+08 3.903666e+08 4.393787e+08 4.793664e+08 5.083121e+08 5.260969e+08 5.339105e+08 5.335419e+08
6.991665e+07 6.991665e+07 6.991665e+07 6.991667e+07 6.991673e+07 6.991809e+07 6.992056e+07 6.992577e+07 6.997796e+07 7.024064e+07 7.267069e+07 7.983536e+07 9.267139e+07 1.098214e+08 1.289578e+08 1.481296e+08 1.662225e+08 2.351537e+08 2.797405e+08 3.125096e+08 3.406939e+08 3.675566e+08 3.939407e+08 4.425337e+08 4.820388e+08 5.104260e+08 5.276462e+08 5.349415e+08 5.341272e+08
6.981409e+07 6.981409e+07 6.981409e+07 6.981409e+07 6.981412e+07 6.981475e+07 6.981568e+07 6.981930e+07 6.987315e+07 7.014292e+07 7.263057e+07 7.995841e+07 9.308474e+07 1.106196e+08 1.301714e+08 1.497271e+08 1.681341e+08 2.378269e+08 2.833624e+08 3.170125e+08 3.453927e+08 3.719347e+08 3.977765e+08 4.458017e+08 4.847689e+08 5.125647e+08 5.291981e+08 5.359606e+08 5.346918e+08
6.963032e+07 6.963032e+07 6.963032e+07 6.963033e+07 6.963037e+07 6.963126e+07 6.963284e+07 6.963860e+07 6.969511e+07 6.997255e+07 7.251805e+07 8.000839e+07 9.342424e+07 1.113466e+08 1.313259e+08 1.512911e+08 1.700494e+08 2.405870e+08 2.868839e+08 3.214620e+08 3.502403e+08 3.766307e+08 4.019659e+08 4.491963e+08 4.875575e+08 5.147254e+08 5.307495e+08 5.369649e+08 5.352331e+08
6.940222e+07 6.940222e+07 6.940222e+07 6.940223e+07 6.940226e+07 6.940293e+07 6.940409e+07 6.940944e+07 6.946751e+07 6.975166e+07 7.235350e+07 8.000527e+07 9.370997e+07 1.120211e+08 1.324348e+08 1.528264e+08 1.719639e+08 2.434646e+08 2.903708e+08 3.258366e+08 3.551621e+08 3.815588e+08 4.065166e+08 4.527365e+08 4.904068e+08 5.169061e+08 5.322970e+08 5.379512e+08 5.357485e+08
6.913631e+07 6.913631e+07 6.913631e+07 6.913632e+07 6.913634e+07 6.913691e+07 6.913782e+07 6.914285e+07 6.920225e+07 6.949273e+07 7.215005e+07 7.996275e+07 9.395636e+07 1.126572e+08 1.335099e+08 1.543391e+08 1.738759e+08 2.464688e+08 2.938843e+08 3.301425e+08 3.601033e+08 3.866477e+08 4.113390e+08 4.564495e+08 4.933215e+08 5.191054e+08 5.338380e+08 5.389168e+08 5.362357e+08
6.883953e+07 6.883953e+07 6.883953e+07 6.883954e+07 6.883956e+07 6.884004e+07 6.884078e+07 6.884576e+07 6.890654e+07 6.920328e+07 7.191582e+07 7.988961e+07 9.417299e+07 1.132653e+08 1.345603e+08 1.558350e+08 1.757857e+08 2.495961e+08 2.974727e+08 3.344040e+08 3.650295e+08 3.918375e+08 4.163673e+08 4.603766e+08 4.963082e+08 5.213229e+08 5.353699e+08 5.398589e+08 5.366922e+08
6.851917e+07 6.851917e+07 6.851917e+07 6.851918e+07 6.851920e+07 6.851954e+07 6.851995e+07 6.852435e+07 6.858620e+07 6.888890e+07 7.165628e+07 7.979156e+07 9.436613e+07 1.138522e+08 1.355930e+08 1.573190e+08 1.776944e+08 2.528359e+08 3.011695e+08 3.386539e+08 3.699243e+08 3.970797e+08 4.215452e+08 4.645761e+08 4.993770e+08 5.235589e+08 5.368908e+08 5.407751e+08 5.371157e+08
6.817651e+07 6.817651e+07 6.817651e+07 6.817652e+07 6.817653e+07 6.817675e+07 6.817692e+07 6.818086e+07 6.824375e+07 6.855233e+07 7.137450e+07 7.967197e+07 9.453962e+07 1.144223e+08 1.366125e+08 1.587951e+08 1.796033e+08 2.561753e+08 3.049944e+08 3.429268e+08 3.747861e+08 4.023374e+08 4.268232e+08 4.690064e+08 5.025417e+08 5.258155e+08 5.383991e+08 5.416631e+08 5.375041e+08
6.781325e+07 6.781325e+07 6.781325e+07 6.781326e+07 6.781327e+07 6.781338e+07 6.781329e+07 6.781675e+07 6.788065e+07 6.819508e+07 7.107214e+07 7.953269e+07 9.469561e+07 1.149782e+08 1.376218e+08 1.602660e+08 1.815139e+08 2.596009e+08 3.089560e+08 3.472538e+08 3.796239e+08 4.075854e+08 4.321588e+08 4.736117e+08 5.058224e+08 5.280958e+08 5.398939e+08 5.425209e+08 5.378554e+08
6.743018e+07 6.743018e+07 6.743018e+07 6.743018e+07 6.743019e+07 6.743025e+07 6.743001e+07 6.743304e+07 6.749789e+07 6.781807e+07 7.075000e+07 7.937458e+07 9.483520e+07 1.155213e+08 1.386228e+08 1.617334e+08 1.834271e+08 2.631002e+08 3.130544e+08 3.516602e+08 3.844531e+08 4.128089e+08 4.375165e+08 4.783484e+08 5.092537e+08 5.304049e+08 5.413752e+08 5.433470e+08 5.381678e+08
6.702810e+07 6.702810e+07 6.702810e+07 6.702810e+07 6.702810e+07 6.702802e+07 6.702742e+07 6.702961e+07 6.709526e+07 6.742108e+07 7.040801e+07 7.919774e+07 9.495869e+07 1.160524e+08 1.396165e+08 1.631985e+08 1.853435e+08 2.666623e+08 3.172842e+08 3.561639e+08 3.892916e+08 4.180018e+08 4.428682e+08 4.831775e+08 5.128544e+08 5.327499e+08 5.428435e+08 5.441402e+08 5.384398e+08
6.660398e+07 6.660398e+07 6.660398e+07 6.660399e+07 6.660399e+07 6.660386e+07 6.660313e+07 6.660492e+07 6.667152e+07 6.700313e+07 7.004554e+07 7.900184e+07 9.506604e+07 1.165716e+08 1.406032e+08 1.646618e+08 1.872635e+08 2.702778e+08 3.216365e+08 3.607762e+08 3.941573e+08 4.231648e+08 4.481932e+08 4.880629e+08 5.165779e+08 5.351414e+08 5.443005e+08 5.448997e+08 5.386701e+08
6.615828e+07 6.615828e+07 6.615828e+07 6.615828e+07 6.615828e+07 6.615810e+07 6.615721e+07 6.615865e+07 6.622630e+07 6.656383e+07 6.966236e+07 7.878680e+07 9.515722e+07 1.170789e+08 1.415830e+08 1.661236e+08 1.891871e+08 2.739389e+08 3.261002e+08 3.655023e+08 3.990659e+08 4.283027e+08 4.534769e+08 4.929716e+08 5.203874e+08 5.375952e+08 5.457487e+08 5.456253e+08 5.388575e+08
6.569104e+07 6.569104e+07 6.569104e+07 6.569104e+07 6.569104e+07 6.569081e+07 6.568982e+07 6.569120e+07 6.576008e+07 6.610374e+07 6.925901e+07 7.855308e+07 9.523259e+07 1.175746e+08 1.425563e+08 1.675838e+08 1.911143e+08 2.776389e+08 3.306635e+08 3.703420e+08 4.040296e+08 4.334232e+08 4.587106e+08 4.978737e+08 5.242516e+08 5.401392e+08 5.471923e+08 5.463174e+08 5.390015e+08
6.520426e+07 6.520426e+07 6.520426e+07 6.520425e+07 6.520425e+07 6.520398e+07 6.520293e+07 6.520433e+07 6.527450e+07 6.562439e+07 6.883684e+07 7.830180e+07 9.529299e+07 1.180592e+08 1.435232e+08 1.690427e+08 1.930449e+08 2.813725e+08 3.353144e+08 3.752916e+08 4.090569e+08 4.385344e+08 4.638898e+08 5.027426e+08 5.281417e+08 5.427621e+08 5.486370e+08 5.469769e+08 5.391016e+08
6.469961e+07 6.469961e+07 6.469961e+07 6.469961e+07 6.469960e+07 6.469936e+07 6.469834e+07 6.469998e+07 6.477154e+07 6.512775e+07 6.839767e+07 7.803448e+07 9.533957e+07 1.185335e+08 1.444842e+08 1.705004e+08 1.949790e+08 2.851348e+08 3.400413e+08 3.803439e+08 4.141525e+08 4.436441e+08 4.690132e+08 5.075554e+08 5.320309e+08 5.454294e+08 5.500913e+08 5.476054e+08 5.391578e+08
6.418046e+07 6.418046e+07 6.418046e+07 6.418046e+07 6.418045e+07 6.418017e+07 6.417908e+07 6.418070e+07 6.425351e+07 6.461590e+07 6.794325e+07 7.775264e+07 9.537356e+07 1.189985e+08 1.454399e+08 1.719571e+08 1.969163e+08 2.889220e+08 3.448330e+08 3.854899e+08 4.193172e+08 4.487584e+08 4.740815e+08 5.122922e+08 5.358937e+08 5.481155e+08 5.515695e+08 5.482056e+08 5.391704e+08
6.364751e+07 6.364751e+07 6.364751e+07 6.364751e+07 6.364750e+07 6.364716e+07 6.364593e+07 6.364731e+07 6.372127e+07 6.408977e+07 6.747463e+07 7.745732e+07 9.539592e+07 1.194547e+08 1.463906e+08 1.734129e+08 1.988566e+08 2.927306e+08 3.496791e+08 3.907190e+08 4.245485e+08 4.538816e+08 4.790965e+08 5.169367e+08 5.397068e+08 5.507977e+08 5.530883e+08 5.487810e+08 5.391405e+08
6.309948e+07 6.309948e+07 6.309948e+07 6.309948e+07 6.309947e+07 6.309915e+07 6.309795e+07 6.309954e+07 6.317486e+07 6.354967e+07 6.699247e+07 7.714939e+07 9.540744e+07 1.199028e+08 1.473366e+08 1.748676e+08 2.007995e+08 2.965574e+08 3.545699e+08 3.960194e+08 4.298413e+08 4.590152e+08 4.840599e+08 5.214757e+08 5.434483e+08 5.534551e+08 5.546245e+08 5.493369e+08 5.390691e+08
6.253871e+07 6.253871e+07 6.253871e+07 6.253871e+07 6.253870e+07 6.253837e+07 6.253717e+07 6.253902e+07 6.261578e+07 6.299701e+07 6.649810e+07 7.683001e+07 9.540905e+07 1.203435e+08 1.482780e+08 1.763212e+08 2.027445e+08 3.003993e+08 3.594964e+08 4.013790e+08 4.351878e+08 4.641586e+08 4.889731e+08 5.258984e+08 5.470984e+08 5.560679e+08 5.561559e+08 5.498809e+08 5.389584e+08
6.196720e+07 6.196720e+07 6.196720e+07 6.196720e+07 6.196719e+07 6.196686e+07 6.196570e+07 6.196787e+07 6.204611e+07 6.243379e+07 6.599333e+07 7.650071e+07 9.540190e+07 1.207773e+08 1.492153e+08 1.777734e+08 2.046911e+08 3.042538e+08 3.644500e+08 4.067853e+08 4.405783e+08 4.693086e+08 4.938362e+08 5.301966e+08 5.506394e+08 5.586177e+08 5.576645e+08 5.504268e+08 5.388110e+08
6.138714e+07 6.138714e+07 6.138714e+07 6.138714e+07 6.138713e+07 6.138683e+07 6.138574e+07 6.138830e+07 6.146803e+07 6.186218e+07 6.548015e+07 7.616319e+07 9.538727e+07 1.212051e+08 1.501488e+08 1.792244e+08 2.066390e+08 3.081181e+08 3.694227e+08 4.122255e+08 4.460017e+08 4.744597e+08 4.986481e+08 5.343638e+08 5.540553e+08 5.610870e+08 5.591343e+08 5.509769e+08 5.386303e+08
6.080111e+07 6.080111e+07 6.080111e+07 6.080110e+07 6.080110e+07 6.080078e+07 6.079969e+07 6.080249e+07 6.088366e+07 6.128420e+07 6.496044e+07 7.581910e+07 9.536653e+07 1.216280e+08 1.510791e+08 1.806744e+08 2.085882e+08 3.119898e+08 3.744067e+08 4.176868e+08 4.514455e+08 4.796044e+08 5.034061e+08 5.383948e+08 5.573326e+08 5.634596e+08 5.605506e+08 5.515110e+08 5.384213e+08
6.021004e+07 6.021004e+07 6.021004e+07 6.021004e+07 6.021003e+07 6.020974e+07 6.020873e+07 6.021189e+07 6.029451e+07 6.070141e+07 6.443577e+07 7.546994e+07 9.534100e+07 1.220470e+08 1.520070e+08 1.821238e+08 2.105385e+08 3.158662e+08 3.793945e+08 4.231564e+08 4.568961e+08 4.847335e+08 5.081059e+08 5.422857e+08 5.604592e+08 5.657205e+08 5.618995e+08 5.520146e+08 5.381913e+08
5.961596e+07 5.961596e+07 5.961596e+07 5.961596e+07 5.961595e+07 5.961566e+07 5.961467e+07 5.961804e+07 5.970202e+07 6.011519e+07 6.390740e+07 7.511691e+07 9.531182e+07 1.224631e+08 1.529333e+08 1.835730e+08 2.124901e+08 3.197449e+08 3.843786e+08 4.286215e+08 4.623393e+08 4.898359e+08 5.127417e+08 5.460328e+08 5.634253e+08 5.678562e+08 5.631682e+08 5.524753e+08 5.379522e+08
5.901957e+07 5.901957e+07 5.901957e+07 5.901957e+07 5.901956e+07 5.901925e+07 5.901819e+07 5.902156e+07 5.910679e+07 5.952612e+07 6.337599e+07 7.476077e+07 9.527982e+07 1.228772e+08 1.538586e+08 1.850224e+08 2.144430e+08 3.236229e+08 3.893512e+08 4.340690e+08 4.677602e+08 4.948994e+08 5.173060e+08 5.496331e+08 5.662225e+08 5.698543e+08 5.643445e+08 5.528824e+08 5.376960e+08
5.841974e+07 5.841974e+07 5.841974e+07 5.841974e+07 5.841973e+07 5.841944e+07 5.841842e+07 5.842203e+07 5.850862e+07 5.893419e+07 6.284183e+07 7.440205e+07 9.524565e+07 1.232898e+08 1.547834e+08 1.864723e+08 2.163971e+08 3.274970e+08 3.943046e+08 4.394859e+08 4.731433e+08 4.999107e+08 5.217901e+08 5.530834e+08 5.688440e+08 5.717039e+08 5.654172e+08 5.532259e+08 5.374094e+08
5.781747e+07 5.781747e+07 5.781747e+07 5.781747e+07 5.781746e+07 5.781717e+07 5.781618e+07 5.782009e+07 5.790810e+07 5.833999e+07 6.230554e+07 7.404142e+07 9.521001e+07 1.237016e+08 1.557081e+08 1.879227e+08 2.183518e+08 3.313635e+08 3.992303e+08 4.448588e+08 4.784728e+08 5.048555e+08 5.261841e+08 5.563805e+08 5.712843e+08 5.733957e+08 5.663759e+08 5.534963e+08 5.370828e+08
5.721398e+07 5.721398e+07 5.721398e+07 5.721397e+07 5.721397e+07 5.721367e+07 5.721271e+07 5.721693e+07 5.730639e+07 5.774463e+07 6.176818e+07 7.367989e+07 9.517378e+07 1.241133e+08 1.566332e+08 1.893735e+08 2.203067e+08 3.352181e+08 4.041195e+08 4.501742e+08 4.837325e+08 5.097188e+08 5.304771e+08 5.595209e+08 5.735389e+08 5.749214e+08 5.672112e+08 5.536850e+08 5.367081e+08
5.661040e+07 5.661040e+07 5.661040e+07 5.661040e+07 5.661039e+07 5.661013e+07 5.660924e+07 5.661389e+07 5.670485e+07 5.714947e+07 6.123107e+07 7.331864e+07 9.513794e+07 1.245255e+08 1.575587e+08 1.908245e+08 2.222608e+08 3.390559e+08 4.089627e+08 4.554180e+08 4.889060e+08 5.144850e+08 5.346572e+08 5.625008e+08 5.756046e+08 5.762744e+08 5.679148e+08 5.537841e+08 5.362780e+08
5.600863e+07 5.600863e+07 5.600863e+07 5.600862e+07 5.600862e+07 5.600839e+07 5.600760e+07 5.601268e+07 5.610512e+07 5.655609e+07 6.069561e+07 7.295889e+07 9.510342e+07 1.249387e+08 1.584847e+08 1.922750e+08 2.242127e+08 3.428710e+08 4.137497e+08 4.605760e+08 4.939767e+08 5.191382e+08 5.387119e+08 5.653159e+08 5.774787e+08 5.774489e+08 5.684792e+08 5.537863e+08 5.357859e+08
5.541047e+07 5.541047e+07 5.541047e+07 5.541047e+07 5.541046e+07 5.541024e+07 5.540947e+07 5.541476e+07 5.550856e+07 5.596576e+07 6.016294e+07 7.260158e+07 9.507089e+07 1.253532e+08 1.594109e+08 1.937238e+08 2.261604e+08 3.466568e+08 4.184693e+08 4.656334e+08 4.989277e+08 5.236623e+08 5.426283e+08 5.679615e+08 5.791593e+08 5.784408e+08 5.688978e+08 5.536848e+08 5.352258e+08
5.481606e+07 5.481606e+07 5.481606e+07 5.481605e+07 5.481605e+07 5.481581e+07 5.481503e+07 5.482045e+07 5.491555e+07 5.537892e+07 5.963355e+07 7.224720e+07 9.504060e+07 1.257689e+08 1.603364e+08 1.951694e+08 2.281013e+08 3.504054e+08 4.231097e+08 4.705751e+08 5.037422e+08 5.280409e+08 5.463931e+08 5.704329e+08 5.806449e+08 5.792467e+08 5.691654e+08 5.534737e+08 5.345921e+08
5.422494e+07 5.422494e+07 5.422494e+07 5.422493e+07 5.422493e+07 5.422469e+07 5.422390e+07 5.422952e+07 5.432597e+07 5.479555e+07 5.910762e+07 7.189591e+07 9.501247e+07 1.261849e+08 1.612597e+08 1.966092e+08 2.300320e+08 3.541081e+08 4.276578e+08 4.753856e+08 5.084033e+08 5.322579e+08 5.499928e+08 5.727247e+08 5.819344e+08 5.798645e+08 5.692773e+08 5.531475e+08 5.338798e+08
5.363711e+07 5.363711e+07 5.363711e+07 5.363710e+07 5.363710e+07 5.363690e+07 5.363622e+07 5.364228e+07 5.374020e+07 5.421607e+07 5.858556e+07 7.154794e+07 9.498625e+07 1.266005e+08 1.621789e+08 1.980401e+08 2.319480e+08 3.577547e+08 4.321001e+08 4.800489e+08 5.128942e+08 5.362972e+08 5.534142e+08 5.748315e+08 5.830272e+08 5.802927e+08 5.692302e+08 5.527018e+08 5.330843e+08
5.305446e+07 5.305446e+07 5.305446e+07 5.305446e+07 5.305445e+07 5.305427e+07 5.305366e+07 5.306008e+07 5.315944e+07 5.364157e+07 5.806820e+07 7.120368e+07 9.496158e+07 1.270140e+08 1.630913e+08 1.994583e+08 2.338441e+08 3.613342e+08 4.364219e+08 4.845488e+08 5.171981e+08 5.401431e+08 5.566440e+08 5.767479e+08 5.839228e+08 5.805309e+08 5.690213e+08 5.521325e+08 5.322015e+08
5.247817e+07 5.247817e+07 5.247817e+07 5.247817e+07 5.247817e+07 5.247799e+07 5.247739e+07 5.248409e+07 5.258484e+07 5.307313e+07 5.755638e+07 7.086341e+07 9.493785e+07 1.274238e+08 1.639936e+08 2.008588e+08 2.357138e+08 3.648340e+08 4.406078e+08 4.888689e+08 5.212987e+08 5.437803e+08 5.596694e+08 5.784681e+08 5.846211e+08 5.805793e+08 5.686490e+08 5.514365e+08 5.312278e+08
5.190874e+07 5.190874e+07 5.190874e+07 5.190874e+07 5.190873e+07 5.190857e+07 5.190801e+07 5.191498e+07 5.201705e+07 5.251141e+07 5.705057e+07 7.052709e+07 9.491400e+07 1.278273e+08 1.648818e+08 2.022359e+08 2.375499e+08 3.682409e+08 4.446418e+08 4.929927e+08 5.251799e+08 5.471939e+08 5.624780e+08 5.799869e+08 5.851218e+08 5.804388e+08 5.681124e+08 5.506113e+08 5.301600e+08
5.134649e+07 5.134649e+07 5.134649e+07 5.134649e+07 5.134649e+07 5.134634e+07 5.134581e+07 5.135299e+07 5.145637e+07 5.195670e+07 5.655093e+07 7.019433e+07 9.488855e+07 1.282215e+08 1.657511e+08 2.035830e+08 2.393441e+08 3.715403e+08 4.485073e+08 4.969037e+08 5.288261e+08 5.503701e+08 5.650579e+08 5.812989e+08 5.854253e+08 5.801108e+08 5.674113e+08 5.496549e+08 5.289956e+08
5.079155e+07 5.079155e+07 5.079155e+07 5.079155e+07 5.079155e+07 5.079139e+07 5.079087e+07 5.079829e+07 5.090298e+07 5.140919e+07 5.605753e+07 6.986456e+07 9.485976e+07 1.286031e+08 1.665962e+08 2.048930e+08 2.410872e+08 3.747170e+08 4.521874e+08 5.005858e+08 5.322225e+08 5.532954e+08 5.673983e+08 5.823992e+08 5.855319e+08 5.795972e+08 5.665464e+08 5.485663e+08 5.277322e+08
5.024407e+07 5.024407e+07 5.024407e+07 5.024407e+07 5.024406e+07 5.024394e+07 5.024351e+07 5.025130e+07 5.035731e+07 5.086932e+07 5.557052e+07 6.953722e+07 9.482572e+07 1.289684e+08 1.674113e+08 2.061579e+08 2.427695e+08 3.777552e+08 4.556651e+08 5.040229e+08 5.353549e+08 5.559577e+08 5.694889e+08 5.832833e+08 5.854420e+08 5.789003e+08 5.655189e+08 5.473449e+08 5.263683e+08
4.970539e+07 4.970539e+07 4.970539e+07 4.970538e+07 4.970538e+07 4.970526e+07 4.970484e+07 4.971284e+07 4.982008e+07 5.033766e+07 5.509014e+07 6.921172e+07 9.478440e+07 1.293132e+08 1.681902e+08 2.073694e+08 2.443806e+08 3.806384e+08 4.589234e+08 5.071999e+08 5.382102e+08 5.583456e+08 5.713205e+08 5.839469e+08 5.851564e+08 5.780229e+08 5.643306e+08 5.459908e+08 5.249027e+08
4.917544e+07 4.917544e+07 4.917544e+07 4.917544e+07 4.917544e+07 4.917532e+07 4.917491e+07 4.918308e+07 4.929149e+07 4.981444e+07 5.461637e+07 6.888724e+07 9.473349e+07 1.296334e+08 1.689264e+08 2.085186e+08 2.459097e+08 3.833503e+08 4.619458e+08 5.101024e+08 5.407761e+08 5.604490e+08 5.728850e+08 5.843866e+08 5.846762e+08 5.769679e+08 5.629840e+08 5.445047e+08 5.233346e+08
4.865405e+07 4.865405e+07 4.865405e+07 4.865405e+07 4.865405e+07 4.865394e+07 4.865359e+07 4.866200e+07 4.877155e+07 4.929966e+07 5.414901e+07 6.856277e+07 9.467045e+07 1.299242e+08 1.696128e+08 2.095963e+08 2.473454e+08 3.858743e+08 4.647163e+08 5.127167e+08 5.430419e+08 5.622592e+08 5.741753e+08 5.845994e+08 5.840024e+08 5.757388e+08 5.614819e+08 5.428877e+08 5.216638e+08
4.814163e+07 4.814163e+07 4.814163e+07 4.814163e+07 4.814163e+07 4.814152e+07 4.814117e+07 4.814978e+07 4.826043e+07 4.879348e+07 5.368791e+07 6.823725e+07 9.459259e+07 1.301808e+08 1.702422e+08 2.105931e+08 2.486763e+08 3.881944e+08 4.672198e+08 5.150308e+08 5.449979e+08 5.637686e+08 5.751857e+08 5.845832e+08 5.831367e+08 5.743390e+08 5.598274e+08 5.411414e+08 5.198905e+08
4.763821e+07 4.763821e+07 4.763821e+07 4.763821e+07 4.763820e+07 4.763812e+07 4.763783e+07 4.764673e+07 4.775845e+07 4.829615e+07 5.323298e+07 6.790966e+07 9.449720e+07 1.303984e+08 1.708075e+08 2.114995e+08 2.498912e+08 3.902952e+08 4.694423e+08 5.170337e+08 5.466361e+08 5.649711e+08 5.759116e+08 5.843364e+08 5.820808e+08 5.727724e+08 5.580244e+08 5.392682e+08 5.180153e+08
4.714462e+07 4.714462e+07 4.714462e+07 4.714462e+07 4.714462e+07 4.714454e+07 4.714426e+07 4.715331e+07 4.726598e+07 4.780798e+07 5.278414e+07 6.757893e+07 9.438156e+07 1.305720e+08 1.713015e+08 2.123062e+08 2.509790e+08 3.921621e+08 4.713713e+08 5.187161e+08 5.479500e+08 5.658623e+08 5.763498e+08 5.838584e+08 5.808369e+08 5.710429e+08 5.560766e+08 5.372705e+08 5.160391e+08
4.666070e+07 4.666070e+07 4.666070e+07 4.666070e+07 4.666070e+07 4.666062e+07 4.666037e+07 4.666956e+07 4.678308e+07 4.732899e+07 5.234111e+07 6.724389e+07 9.424296e+07 1.306970e+08 1.717174e+08 2.130046e+08 2.519294e+08 3.937820e+08 4.729958e+08 5.200704e+08 5.489348e+08 5.664391e+08 5.764986e+08 5.831492e+08 5.794074e+08 5.691548e+08 5.539883e+08 5.351512e+08 5.139634e+08
4.618631e+07 4.618631e+07 4.618631e+07 4.618631e+07 4.618631e+07 4.618624e+07 4.618599e+07 4.619528e+07 4.630955e+07 4.685896e+07 5.190343e+07 6.690331e+07 9.407874e+07 1.307688e+08 1.720487e+08 2.135864e+08 2.527326e+08 3.951433e+08 4.743068e+08 5.210910e+08 5.495874e+08 5.667000e+08 5.763572e+08 5.822097e+08 5.777951e+08 5.671124e+08 5.517640e+08 5.329137e+08 5.117898e+08
4.572105e+07 4.572105e+07 4.572105e+07 4.572105e+07 4.572105e+07 4.572097e+07 4.572072e+07 4.573008e+07 4.584502e+07 4.639754e+07 5.147052e+07 6.655592e+07 9.388642e+07 1.307834e+08 1.722897e+08 2.140444e+08 2.533803e+08 3.962361e+08 4.752974e+08 5.217741e+08 5.499066e+08 5.666453e+08 5.759267e+08 5.810416e+08 5.760033e+08 5.649202e+08 5.494083e+08 5.305615e+08 5.095205e+08
4.526441e+07 4.526441e+07 4.526441e+07 4.526441e+07 4.526441e+07 4.526435e+07 4.526413e+07 4.527365e+07 4.538920e+07 4.594441e+07 5.104190e+07 6.620063e+07 9.366380e+07 1.307372e+08 1.724354e+08 2.143723e+08 2.538652e+08 3.970528e+08 4.759627e+08 5.221182e+08 5.498929e+08 5.662767e+08 5.752091e+08 5.796476e+08 5.740355e+08 5.625827e+08 5.469259e+08 5.280983e+08 5.071578e+08
4.481668e+07 4.481668e+07 4.481668e+07 4.481668e+07 4.481668e+07 4.481661e+07 4.481639e+07 4.482599e+07 4.494203e+07 4.549947e+07 5.061724e+07 6.583656e+07 9.340910e+07 1.306273e+08 1.724817e+08 2.145650e+08 2.541816e+08 3.975878e+08 4.763002e+08 5.221235e+08 5.495487e+08 5.655973e+08 5.742079e+08 5.780310e+08 5.718957e+08 5.601050e+08 5.443217e+08 5.255282e+08 5.047043e+08
4.437752e+07 4.437752e+07 4.437752e+07 4.437752e+07 4.437752e+07 4.437746e+07 4.437726e+07 4.438696e+07 4.450339e+07 4.506257e+07 5.019624e+07 6.546299e+07 9.312087e+07 1.304513e+08 1.724254e+08 2.146187e+08 2.543251e+08 3.978379e+08 4.763099e+08 5.217926e+08 5.488781e+08 5.646121e+08 5.729278e+08 5.761960e+08 5.695880e+08 5.574917e+08 5.416008e+08 5.228554e+08 5.021629e+08
4.394688e+07 4.394688e+07 4.394688e+07 4.394688e+07 4.394688e+07 4.394682e+07 4.394662e+07 4.395636e+07 4.407309e+07 4.463354e+07 4.977864e+07 6.507936e+07 9.279806e+07 1.302076e+08 1.722644e+08 2.145309e+08 2.542932e+08 3.978025e+08 4.759939e+08 5.211301e+08 5.478869e+08 5.633270e+08 5.713748e+08 5.741474e+08 5.671172e+08 5.547480e+08 5.387683e+08 5.200842e+08 4.995366e+08
4.352440e+07 4.352440e+07 4.352440e+07 4.352439e+07 4.352439e+07 4.352435e+07 4.352419e+07 4.353406e+07 4.365102e+07 4.421226e+07 4.936425e+07 6.468532e+07 9.244006e+07 1.298954e+08 1.719977e+08 2.143008e+08 2.540853e+08 3.974834e+08 4.753570e+08 5.201425e+08 5.465825e+08 5.617497e+08 5.695558e+08 5.718907e+08 5.644883e+08 5.518789e+08 5.358292e+08 5.172191e+08 4.968287e+08
4.311050e+07 4.311050e+07 4.311050e+07 4.311050e+07 4.311050e+07 4.311045e+07 4.311029e+07 4.312020e+07 4.323725e+07 4.379878e+07 4.895306e+07 6.428077e+07 9.204679e+07 1.295147e+08 1.716257e+08 2.139289e+08 2.537024e+08 3.968847e+08 4.744058e+08 5.188381e+08 5.449740e+08 5.598890e+08 5.674789e+08 5.694324e+08 5.617064e+08 5.488897e+08 5.327887e+08 5.142646e+08 4.940426e+08
4.270488e+07 4.270488e+07 4.270488e+07 4.270488e+07 4.270488e+07 4.270484e+07 4.270471e+07 4.271469e+07 4.283173e+07 4.339304e+07 4.854505e+07 6.386586e+07 9.161867e+07 1.290664e+08 1.711498e+08 2.134176e+08 2.531477e+08 3.960129e+08 4.731493e+08 5.172270e+08 5.430717e+08 5.577546e+08 5.651530e+08 5.667792e+08 5.587774e+08 5.457857e+08 5.296519e+08 5.112252e+08 4.911818e+08
4.230768e+07 4.230768e+07 4.230768e+07 4.230768e+07 4.230768e+07 4.230764e+07 4.230750e+07 4.231749e+07 4.243438e+07 4.299498e+07 4.814022e+07 6.344088e+07 9.115664e+07 1.285523e+08 1.705729e+08 2.127708e+08 2.524259e+08 3.948769e+08 4.715983e+08 5.153209e+08 5.408871e+08 5.553576e+08 5.625880e+08 5.639385e+08 5.557069e+08 5.425722e+08 5.264241e+08 5.081057e+08 4.882499e+08
4.191850e+07 4.191850e+07 4.191850e+07 4.191850e+07 4.191850e+07 4.191846e+07 4.191832e+07 4.192829e+07 4.204493e+07 4.260433e+07 4.773850e+07 6.300625e+07 9.066197e+07 1.279749e+08 1.698988e+08 2.119934e+08 2.515434e+08 3.934872e+08 4.697652e+08 5.131328e+08 5.384330e+08 5.527097e+08 5.597943e+08 5.609182e+08 5.525011e+08 5.392547e+08 5.231103e+08 5.049105e+08 4.852507e+08
4.153695e+07 4.153695e+07 4.153695e+07 4.153695e+07 4.153695e+07 4.153691e+07 4.153677e+07 4.154670e+07 4.166301e+07 4.222076e+07 4.733978e+07 6.256248e+07 9.013630e+07 1.273373e+08 1.691322e+08 2.110919e+08 2.505079e+08 3.918560e+08 4.676639e+08 5.106767e+08 5.357228e+08 5.498233e+08 5.567832e+08 5.577265e+08 5.491665e+08 5.358386e+08 5.197157e+08 5.016444e+08 4.821878e+08
4.116260e+07 4.116260e+07 4.116260e+07 4.116260e+07 4.116260e+07 4.116257e+07 4.116244e+07 4.117240e+07 4.128830e+07 4.184400e+07 4.694404e+07 6.211028e+07 8.958160e+07 1.266431e+08 1.682784e+08 2.100733e+08 2.493282e+08 3.899967e+08 4.653094e+08 5.079677e+08 5.327710e+08 5.467117e+08 5.535663e+08 5.543722e+08 5.457093e+08 5.323295e+08 5.162454e+08 4.983119e+08 4.790652e+08
4.079551e+07 4.079551e+07 4.079551e+07 4.079551e+07 4.079551e+07 4.079548e+07 4.079535e+07 4.080529e+07 4.092070e+07 4.147395e+07 4.655143e+07 6.165056e+07 8.900013e+07 1.258964e+08 1.673436e+08 2.089455e+08 2.480136e+08 3.879237e+08 4.627175e+08 5.050215e+08 5.295922e+08 5.433883e+08 5.501555e+08 5.508642e+08 5.421364e+08 5.287328e+08 5.127043e+08 4.949176e+08 4.758866e+08
4.043549e+07 4.043549e+07 4.043549e+07 4.043549e+07 4.043549e+07 4.043545e+07 4.043533e+07 4.044521e+07 4.056004e+07 4.111048e+07 4.616207e+07 6.118422e+07 8.839420e+07 1.251012e+08 1.663337e+08 2.077165e+08 2.465739e+08 3.856520e+08 4.599046e+08 5.018543e+08 5.262019e+08 5.398671e+08 5.465632e+08 5.472116e+08 5.384545e+08 5.250540e+08 5.090975e+08 4.914659e+08 4.726559e+08
4.008221e+07 4.008221e+07 4.008221e+07 4.008221e+07 4.008221e+07 4.008217e+07 4.008205e+07 4.009188e+07 4.020606e+07 4.075335e+07 4.577599e+07 6.071208e+07 8.776598e+07 1.242617e+08 1.652548e+08 2.063943e+08 2.450189e+08 3.831967e+08 4.568875e+08 4.984827e+08 5.226155e+08 5.361622e+08 5.428020e+08 5.434236e+08 5.346705e+08 5.212988e+08 5.054297e+08 4.879613e+08 4.693768e+08
3.973539e+07 3.973539e+07 3.973539e+07 3.973539e+07 3.973539e+07 3.973536e+07 3.973524e+07 3.974502e+07 3.985849e+07 4.040234e+07 4.539325e+07 6.023490e+07 8.711757e+07 1.233816e+08 1.641128e+08 2.049868e+08 2.433585e+08 3.805734e+08 4.536832e+08 4.949232e+08 5.188486e+08 5.322877e+08 5.388843e+08 5.395098e+08 5.307913e+08 5.174725e+08 5.017059e+08 4.844081e+08 4.660530e+08
3.939482e+07 3.939482e+07 3.939482e+07 3.939482e+07 3.939482e+07 3.939479e+07 3.939470e+07 3.940447e+07 3.951720e+07 4.005733e+07 4.501394e+07 5.975349e+07 8.645109e+07 1.224648e+08 1.629137e+08 2.035018e+08 2.416021e+08 3.777973e+08 4.503083e+08 4.911925e+08 5.149166e+08 5.282577e+08 5.348228e+08 5.354794e+08 5.268237e+08 5.135805e+08 4.979306e+08 4.808106e+08 4.626883e+08
3.906070e+07 3.906070e+07 3.906070e+07 3.906070e+07 3.906070e+07 3.906067e+07 3.906057e+07 3.907027e+07 3.918216e+07 3.971831e+07 4.463823e+07 5.926868e+07 8.576861e+07 1.215153e+08 1.616630e+08 2.019472e+08 2.397593e+08 3.748833e+08 4.467795e+08 4.873068e+08 5.108350e+08 5.240863e+08 5.306299e+08 5.313420e+08 5.227748e+08 5.096284e+08 4.941085e+08 4.771730e+08 4.592864e+08
3.873269e+07 3.873269e+07 3.873269e+07 3.873269e+07 3.873269e+07 3.873266e+07 3.873255e+07 3.874215e+07 3.885315e+07 3.938506e+07 4.426615e+07 5.878121e+07 8.507217e+07 1.205367e+08 1.603666e+08 2.003303e+08 2.378395e+08 3.718463e+08 4.431131e+08 4.832822e+08 5.066187e+08 5.197871e+08 5.263180e+08 5.271067e+08 5.186514e+08 5.056213e+08 4.902442e+08 4.734992e+08 4.558508e+08
