3.878334e+06 8.798049e+06 1.282204e+07 2.050309e+07 2.277098e+07 2.723315e+07 3.012014e+07 3.455242e+07 3.643501e+07 3.827807e+07 4.286923e+07 5.059027e+07 6.284750e+07 7.954217e+07 9.957537e+07 1.215901e+08 1.444287e+08 2.517677e+08 3.389655e+08 4.120504e+08 4.768979e+08 5.368130e+08 5.935796e+08 7.011430e+08 8.032610e+08 9.009325e+08 9.940970e+08 1.082174e+09 1.164342e+09
2.676927e+07 2.676992e+07 2.677173e+07 2.680584e+07 2.682296e+07 2.830408e+07 3.080318e+07 3.505301e+07 3.688321e+07 3.868606e+07 4.322672e+07 5.093536e+07 6.321202e+07 7.994602e+07 1.000265e+08 1.220880e+08 1.449683e+08 2.524241e+08 3.396570e+08 4.127568e+08 4.776154e+08 5.375406e+08 5.943162e+08 7.018927e+08 8.040172e+08 9.016891e+08 9.948485e+08 1.082915e+09 1.165067e+09
2.931088e+07 2.931109e+07 2.931173e+07 2.932779e+07 2.936307e+07 3.024080e+07 3.181260e+07 3.564976e+07 3.740719e+07 3.915470e+07 4.362605e+07 5.131344e+07 6.360601e+07 8.037823e+07 1.005056e+08 1.226135e+08 1.455350e+08 2.531031e+08 3.403671e+08 4.134789e+08 4.783466e+08 5.382804e+08 5.950638e+08 7.026518e+08 8.047813e+08 9.024524e+08 9.956059e+08 1.083661e+09 1.165796e+09
3.143595e+07 3.143607e+07 3.143642e+07 3.144586e+07 3.146993e+07 3.181440e+07 3.343287e+07 3.633596e+07 3.799129e+07 3.967191e+07 4.406100e+07 5.172083e+07 6.402696e+07 8.083687e+07 1.010112e+08 1.231654e+08 1.461278e+08 2.538045e+08 3.410955e+08 4.142167e+08 4.790915e+08 5.390325e+08 5.958226e+08 7.034201e+08 8.055532e+08 9.032226e+08 9.963692e+08 1.084413e+09 1.166529e+09
3.335233e+07 3.335240e+07 3.335263e+07 3.335894e+07 3.337595e+07 3.360168e+07 3.478755e+07 3.724789e+07 3.865261e+07 4.023365e+07 4.452490e+07 5.215286e+07 6.447148e+07 8.131935e+07 1.015411e+08 1.237421e+08 1.467454e+08 2.545275e+08 3.418421e+08 4.149700e+08 4.798502e+08 5.397969e+08 5.965924e+08 7.041976e+08 8.063330e+08 9.039995e+08 9.971384e+08 1.085169e+09 1.167267e+09
3.511437e+07 3.511443e+07 3.511459e+07 3.511915e+07 3.513177e+07 3.533263e+07 3.603391e+07 3.842713e+07 3.950017e+07 4.086553e+07 4.501533e+07 5.260534e+07 6.493595e+07 8.182269e+07 1.020930e+08 1.243415e+08 1.473860e+08 2.552715e+08 3.426066e+08 4.157388e+08 4.806226e+08 5.405736e+08 5.973734e+08 7.049845e+08 8.071208e+08 9.047832e+08 9.979134e+08 1.085931e+09 1.168010e+09
3.674587e+07 3.674591e+07 3.674602e+07 3.674947e+07 3.675919e+07 3.693890e+07 3.734988e+07 3.959926e+07 4.053657e+07 4.165204e+07 4.554028e+07 5.307665e+07 6.541740e+07 8.234396e+07 1.026642e+08 1.249613e+08 1.480477e+08 2.560357e+08 3.433887e+08 4.165230e+08 4.814086e+08 5.413626e+08 5.981656e+08 7.057807e+08 8.079164e+08 9.055737e+08 9.986944e+08 1.086697e+09 1.168757e+09
3.826166e+07 3.826169e+07 3.826179e+07 3.826449e+07 3.827218e+07 3.842891e+07 3.870286e+07 4.064953e+07 4.159010e+07 4.257736e+07 4.612575e+07 5.357020e+07 6.591461e+07 8.288084e+07 1.032523e+08 1.255993e+08 1.487287e+08 2.568193e+08 3.441879e+08 4.173223e+08 4.822081e+08 5.421638e+08 5.989688e+08 7.065862e+08 8.087199e+08 9.063711e+08 9.994813e+08 1.087469e+09 1.169508e+09
3.967305e+07 3.967307e+07 3.967314e+07 3.967532e+07 3.968157e+07 3.981650e+07 4.003067e+07 4.159495e+07 4.256829e+07 4.352691e+07 4.682410e+07 5.409710e+07 6.642939e+07 8.343239e+07 1.038555e+08 1.262535e+08 1.494268e+08 2.576214e+08 3.450039e+08 4.181367e+08 4.830212e+08 5.429772e+08 5.997832e+08 7.074010e+08 8.095314e+08 9.071752e+08 1.000274e+09 1.088246e+09 1.170264e+09
4.098876e+07 4.098878e+07 4.098884e+07 4.099062e+07 4.099575e+07 4.111183e+07 4.129812e+07 4.249047e+07 4.345193e+07 4.443094e+07 4.760656e+07 5.468098e+07 6.696788e+07 8.399969e+07 1.044728e+08 1.269224e+08 1.501405e+08 2.584408e+08 3.458361e+08 4.189658e+08 4.838476e+08 5.438028e+08 6.006086e+08 7.082251e+08 8.103508e+08 9.079862e+08 1.001073e+09 1.089028e+09 1.171025e+09
4.221710e+07 4.221712e+07 4.221717e+07 4.221865e+07 4.222296e+07 4.232344e+07 4.249308e+07 4.337387e+07 4.426336e+07 4.526089e+07 4.841357e+07 5.535634e+07 6.754225e+07 8.458668e+07 1.051052e+08 1.276053e+08 1.508685e+08 2.592767e+08 3.466843e+08 4.198095e+08 4.846873e+08 5.446405e+08 6.014451e+08 7.090585e+08 8.111781e+08 9.088039e+08 1.001877e+09 1.089815e+09 1.171790e+09
4.729412e+07 4.729413e+07 4.729416e+07 4.729486e+07 4.729693e+07 4.734858e+07 4.745635e+07 4.767553e+07 4.799042e+07 4.867359e+07 5.188289e+07 5.902240e+07 7.122928e+07 8.820513e+07 1.087016e+08 1.313087e+08 1.547417e+08 2.636716e+08 3.511447e+08 4.242373e+08 4.890805e+08 5.490081e+08 6.057924e+08 7.133649e+08 8.154333e+08 9.129951e+08 1.005989e+09 1.093829e+09 1.175683e+09
5.101877e+07 5.101878e+07 5.101879e+07 5.101918e+07 5.102034e+07 5.104980e+07 5.111575e+07 5.123207e+07 5.132961e+07 5.168682e+07 5.446213e+07 6.186016e+07 7.476360e+07 9.245341e+07 1.134151e+08 1.361392e+08 1.594869e+08 2.683962e+08 3.559303e+08 4.289893e+08 4.937841e+08 5.536668e+08 6.104098e+08 7.179019e+08 8.198860e+08 9.173565e+08 1.010249e+09 1.097972e+09 1.179688e+09
5.377882e+07 5.377882e+07 5.377883e+07 5.377907e+07 5.377976e+07 5.379733e+07 5.383725e+07 5.391459e+07 5.397643e+07 5.423966e+07 5.673013e+07 6.408897e+07 7.745052e+07 9.599377e+07 1.179076e+08 1.414094e+08 1.652255e+08 2.735979e+08 3.610197e+08 4.340368e+08 4.987782e+08 5.586038e+08 6.152892e+08 7.226660e+08 8.245343e+08 9.218873e+08 1.014657e+09 1.102244e+09 1.183806e+09
5.581520e+07 5.581521e+07 5.581521e+07 5.581537e+07 5.581583e+07 5.582677e+07 5.585101e+07 5.589983e+07 5.595791e+07 5.621600e+07 5.867375e+07 6.606858e+07 7.969923e+07 9.883167e+07 1.216092e+08 1.460768e+08 1.707598e+08 2.798361e+08 3.664795e+08 4.393739e+08 5.040482e+08 5.638066e+08 6.204214e+08 7.276525e+08 8.293758e+08 9.265859e+08 1.019211e+09 1.106644e+09 1.188035e+09
5.728196e+07 5.728196e+07 5.728197e+07 5.728207e+07 5.728236e+07 5.728990e+07 5.730674e+07 5.734285e+07 5.740457e+07 5.768016e+07 6.022999e+07 6.781659e+07 8.176060e+07 1.013505e+08 1.247629e+08 1.500350e+08 1.756054e+08 2.870176e+08 3.725287e+08 4.450380e+08 5.095935e+08 5.692672e+08 6.257981e+08 7.328557e+08 8.344069e+08 9.314502e+08 1.023909e+09 1.111171e+09 1.192376e+09
5.834243e+07 5.834244e+07 5.834244e+07 5.834252e+07 5.834275e+07 5.834850e+07 5.836166e+07 5.839363e+07 5.846081e+07 5.875664e+07 6.143502e+07 6.930685e+07 8.366694e+07 1.037426e+08 1.276924e+08 1.535834e+08 1.798720e+08 2.943932e+08 3.796083e+08 4.511334e+08 5.154373e+08 5.749863e+08 6.314141e+08 7.382702e+08 8.396237e+08 9.364776e+08 1.028752e+09 1.115824e+09 1.196827e+09
5.913573e+07 5.913573e+07 5.913573e+07 5.913579e+07 5.913596e+07 5.914023e+07 5.914997e+07 5.917621e+07 5.924636e+07 5.955875e+07 6.236475e+07 7.055402e+07 8.540283e+07 1.060420e+08 1.305504e+08 1.569868e+08 1.838465e+08 3.015178e+08 3.875113e+08 4.578723e+08 5.216372e+08 5.809789e+08 6.372704e+08 7.438911e+08 8.450223e+08 9.416651e+08 1.033735e+09 1.120600e+09 1.201386e+09
5.972587e+07 5.972587e+07 5.972587e+07 5.972592e+07 5.972605e+07 5.972942e+07 5.973732e+07 5.976077e+07 5.983386e+07 6.016098e+07 6.308708e+07 7.159598e+07 8.696707e+07 1.082359e+08 1.333689e+08 1.603691e+08 1.877442e+08 3.082266e+08 3.957793e+08 4.655636e+08 5.282992e+08 5.872798e+08 6.433767e+08 7.497157e+08 8.505985e+08 9.470095e+08 1.038857e+09 1.125500e+09 1.206053e+09
6.016895e+07 6.016895e+07 6.016895e+07 6.016898e+07 6.016909e+07 6.017192e+07 6.017861e+07 6.020034e+07 6.027616e+07 6.061662e+07 6.365506e+07 7.247479e+07 8.837611e+07 1.103147e+08 1.361374e+08 1.637599e+08 1.916668e+08 3.145644e+08 4.040992e+08 4.739656e+08 5.356168e+08 5.939497e+08 6.497551e+08 7.557440e+08 8.563493e+08 9.525077e+08 1.044115e+09 1.130519e+09 1.210825e+09
6.050557e+07 6.050557e+07 6.050558e+07 6.050561e+07 6.050570e+07 6.050808e+07 6.051383e+07 6.053390e+07 6.061170e+07 6.096381e+07 6.410727e+07 7.322668e+07 8.965405e+07 1.122813e+08 1.388418e+08 1.671505e+08 1.956410e+08 3.206771e+08 4.122792e+08 4.827851e+08 5.437760e+08 6.010866e+08 6.564432e+08 7.619803e+08 8.622725e+08 9.581567e+08 1.049507e+09 1.135657e+09 1.215702e+09
6.076377e+07 6.076378e+07 6.076378e+07 6.076380e+07 6.076388e+07 6.076581e+07 6.076992e+07 6.078508e+07 6.086292e+07 6.122458e+07 6.446724e+07 7.387760e+07 9.082415e+07 1.141470e+08 1.414767e+08 1.705252e+08 1.996598e+08 3.267212e+08 4.202425e+08 4.918015e+08 5.525517e+08 6.088641e+08 6.634989e+08 7.684344e+08 8.683677e+08 9.639541e+08 1.055030e+09 1.140911e+09 1.220681e+09
6.093639e+07 6.093639e+07 6.093639e+07 6.093641e+07 6.093647e+07 6.093791e+07 6.094109e+07 6.095413e+07 6.103329e+07 6.140541e+07 6.474719e+07 7.444515e+07 9.190640e+07 1.159269e+08 1.440447e+08 1.738734e+08 2.037069e+08 3.328186e+08 4.280016e+08 5.008523e+08 5.617425e+08 6.173678e+08 6.710108e+08 7.751228e+08 8.746367e+08 9.698982e+08 1.060681e+09 1.146279e+09 1.225760e+09
6.103418e+07 6.103418e+07 6.103418e+07 6.103420e+07 6.103424e+07 6.103545e+07 6.103825e+07 6.105173e+07 6.113379e+07 6.151779e+07 6.496039e+07 7.494545e+07 9.291928e+07 1.176380e+08 1.465548e+08 1.771913e+08 2.077680e+08 3.390453e+08 4.356222e+08 5.098346e+08 5.711871e+08 6.264086e+08 6.791323e+08 7.820700e+08 8.810843e+08 9.759884e+08 1.066460e+09 1.151759e+09 1.230938e+09
6.108222e+07 6.108222e+07 6.108222e+07 6.108223e+07 6.108228e+07 6.108343e+07 6.108615e+07 6.109990e+07 6.118464e+07 6.158033e+07 6.512347e+07 7.539497e+07 9.388006e+07 1.192968e+08 1.490185e+08 1.804810e+08 2.118337e+08 3.454370e+08 4.431893e+08 5.187006e+08 5.807551e+08 6.358394e+08 6.878751e+08 7.893113e+08 8.877186e+08 9.822256e+08 1.072364e+09 1.157350e+09 1.236213e+09
6.109620e+07 6.109620e+07 6.109620e+07 6.109621e+07 6.109625e+07 6.109728e+07 6.109971e+07 6.111312e+07 6.120015e+07 6.160710e+07 6.524995e+07 7.580728e+07 9.480295e+07 1.209175e+08 1.514473e+08 1.837471e+08 2.158991e+08 3.520015e+08 4.507838e+08 5.274474e+08 5.903486e+08 6.455374e+08 6.970872e+08 7.968961e+08 8.945518e+08 9.886120e+08 1.078393e+09 1.163048e+09 1.241582e+09
6.108352e+07 6.108352e+07 6.108352e+07 6.108353e+07 6.108356e+07 6.108444e+07 6.108651e+07 6.109934e+07 6.118847e+07 6.160644e+07 6.534864e+07 7.619174e+07 9.569814e+07 1.225107e+08 1.538507e+08 1.869949e+08 2.199620e+08 3.587290e+08 4.584703e+08 5.361018e+08 5.999026e+08 6.553985e+08 7.066565e+08 8.048999e+08 9.016011e+08 9.951521e+08 1.084548e+09 1.168854e+09 1.247045e+09
6.104760e+07 6.104760e+07 6.104760e+07 6.104761e+07 6.104764e+07 6.104845e+07 6.105037e+07 6.106306e+07 6.115439e+07 6.158345e+07 6.542509e+07 7.655443e+07 9.657238e+07 1.240840e+08 1.562356e+08 1.902287e+08 2.240217e+08 3.656004e+08 4.662925e+08 5.447065e+08 6.093823e+08 6.653373e+08 7.164869e+08 8.134284e+08 9.088897e+08 1.001853e+09 1.090828e+09 1.174767e+09 1.252599e+09
6.099419e+07 6.099419e+07 6.099419e+07 6.099420e+07 6.099423e+07 6.099489e+07 6.099654e+07 6.100879e+07 6.110219e+07 6.154217e+07 6.548317e+07 7.689927e+07 9.742990e+07 1.256419e+08 1.586068e+08 1.934519e+08 2.280778e+08 3.725930e+08 4.742744e+08 5.533085e+08 6.187780e+08 6.752886e+08 7.264941e+08 8.224137e+08 9.164487e+08 1.008723e+09 1.097238e+09 1.180786e+09 1.258245e+09
6.092523e+07 6.092523e+07 6.092523e+07 6.092524e+07 6.092526e+07 6.092582e+07 6.092715e+07 6.093869e+07 6.103393e+07 6.148465e+07 6.552487e+07 7.722834e+07 9.827302e+07 1.271870e+08 1.609669e+08 1.966665e+08 2.321300e+08 3.796833e+08 4.824241e+08 5.619512e+08 6.280987e+08 6.852070e+08 7.366059e+08 8.317634e+08 9.243214e+08 1.015776e+09 1.103780e+09 1.186913e+09 1.263981e+09
6.084003e+07 6.084003e+07 6.084003e+07 6.084004e+07 6.084005e+07 6.084051e+07 6.084155e+07 6.085232e+07 6.094935e+07 6.141077e+07 6.555045e+07 7.754222e+07 9.910258e+07 1.287206e+08 1.633172e+08 1.998730e+08 2.361773e+08 3.868493e+08 4.907372e+08 5.706696e+08 6.373650e+08 6.950656e+08 7.467628e+08 8.414066e+08 9.325781e+08 1.023027e+09 1.110461e+09 1.193148e+09 1.269806e+09
6.073680e+07 6.073680e+07 6.073680e+07 6.073680e+07 6.073682e+07 6.073718e+07 6.073800e+07 6.074838e+07 6.084745e+07 6.131985e+07 6.555973e+07 7.784102e+07 9.991880e+07 1.302427e+08 1.656579e+08 2.030714e+08 2.402184e+08 3.940709e+08 4.992014e+08 5.794888e+08 6.466033e+08 7.048529e+08 7.569185e+08 8.512805e+08 9.412619e+08 1.030499e+09 1.117287e+09 1.199494e+09 1.275721e+09
6.061615e+07 6.061615e+07 6.061615e+07 6.061615e+07 6.061617e+07 6.061651e+07 6.061729e+07 6.062775e+07 6.072911e+07 6.121272e+07 6.555342e+07 7.812524e+07 1.007219e+08 1.317533e+08 1.679883e+08 2.062605e+08 2.442514e+08 4.013303e+08 5.077988e+08 5.884239e+08 6.558411e+08 7.145698e+08 7.670397e+08 8.613282e+08 9.502962e+08 1.038218e+09 1.124269e+09 1.205954e+09 1.281727e+09
6.048189e+07 6.048189e+07 6.048189e+07 6.048190e+07 6.048191e+07 6.048220e+07 6.048283e+07 6.049308e+07 6.059661e+07 6.109136e+07 6.553293e+07 7.839575e+07 1.015121e+08 1.332520e+08 1.703076e+08 2.094389e+08 2.482740e+08 4.086117e+08 5.165090e+08 5.974811e+08 6.651034e+08 7.242258e+08 7.771050e+08 8.714985e+08 9.596225e+08 1.046225e+09 1.131418e+09 1.212533e+09 1.287825e+09
6.033460e+07 6.033460e+07 6.033460e+07 6.033460e+07 6.033461e+07 6.033483e+07 6.033529e+07 6.034528e+07 6.045093e+07 6.095678e+07 6.549919e+07 7.865310e+07 1.022894e+08 1.347379e+08 1.726141e+08 2.126043e+08 2.522831e+08 4.159016e+08 5.253106e+08 6.066594e+08 6.744114e+08 7.338358e+08 7.871036e+08 8.817462e+08 9.691925e+08 1.054582e+09 1.138750e+09 1.219237e+09 1.294017e+09
6.017400e+07 6.017400e+07 6.017400e+07 6.017400e+07 6.017401e+07 6.017420e+07 6.017458e+07 6.018454e+07 6.029242e+07 6.080944e+07 6.545270e+07 7.889749e+07 1.030533e+08 1.362100e+08 1.749061e+08 2.157542e+08 2.562757e+08 4.231882e+08 5.341823e+08 6.159520e+08 6.837807e+08 7.434175e+08 7.970330e+08 8.920323e+08 9.789626e+08 1.063278e+09 1.146284e+09 1.226073e+09 1.300305e+09
6.000154e+07 6.000154e+07 6.000155e+07 6.000155e+07 6.000156e+07 6.000172e+07 6.000202e+07 6.001190e+07 6.012197e+07 6.065012e+07 6.539397e+07 7.912907e+07 1.038035e+08 1.376671e+08 1.771818e+08 2.188862e+08 2.602486e+08 4.304611e+08 5.431039e+08 6.253483e+08 6.932220e+08 7.529884e+08 8.068975e+08 9.023246e+08 9.888928e+08 1.072256e+09 1.154046e+09 1.233050e+09 1.306694e+09
5.981798e+07 5.981798e+07 5.981798e+07 5.981799e+07 5.981799e+07 5.981810e+07 5.981824e+07 5.982788e+07 5.994008e+07 6.047927e+07 6.532336e+07 7.934791e+07 1.045395e+08 1.391083e+08 1.794393e+08 2.219977e+08 2.641988e+08 4.377117e+08 5.520569e+08 6.348347e+08 7.027408e+08 7.625653e+08 8.167059e+08 9.125974e+08 9.989462e+08 1.081475e+09 1.162073e+09 1.240179e+09 1.313188e+09
5.962228e+07 5.962228e+07 5.962228e+07 5.962228e+07 5.962229e+07 5.962238e+07 5.962249e+07 5.963220e+07 5.974665e+07 6.029695e+07 6.524106e+07 7.955407e+07 1.052611e+08 1.405324e+08 1.816771e+08 2.250866e+08 2.681235e+08 4.449323e+08 5.610243e+08 6.443966e+08 7.123383e+08 7.721625e+08 8.264696e+08 9.228315e+08 1.009089e+09 1.090899e+09 1.170410e+09 1.247476e+09 1.319792e+09
5.941581e+07 5.941581e+07 5.941581e+07 5.941581e+07 5.941582e+07 5.941589e+07 5.941594e+07 5.942575e+07 5.954248e+07 6.010389e+07 6.514764e+07 7.974787e+07 1.059680e+08 1.419390e+08 1.838939e+08 2.281510e+08 2.720201e+08 4.521165e+08 5.699912e+08 6.540185e+08 7.220122e+08 7.817914e+08 8.362016e+08 9.330136e+08 1.019291e+09 1.100499e+09 1.179018e+09 1.254956e+09 1.326515e+09
5.919974e+07 5.919974e+07 5.919974e+07 5.919974e+07 5.919974e+07 5.919979e+07 5.919978e+07 5.920963e+07 5.932861e+07 5.990105e+07 6.504388e+07 7.992977e+07 1.066603e+08 1.433275e+08 1.860885e+08 2.311891e+08 2.758866e+08 4.592590e+08 5.789445e+08 6.636850e+08 7.317575e+08 7.914606e+08 8.459151e+08 9.431358e+08 1.029526e+09 1.110244e+09 1.187857e+09 1.262645e+09 1.333363e+09
5.897459e+07 5.897459e+07 5.897459e+07 5.897459e+07 5.897459e+07 5.897462e+07 5.897459e+07 5.898455e+07 5.910577e+07 5.968915e+07 6.493039e+07 8.010016e+07 1.073381e+08 1.446974e+08 1.882601e+08 2.341996e+08 2.797209e+08 4.663551e+08 5.878729e+08 6.733815e+08 7.415671e+08 8.011760e+08 8.556223e+08 9.531949e+08 1.039771e+09 1.120107e+09 1.196897e+09 1.270580e+09 1.340348e+09
5.874134e+07 5.874134e+07 5.874134e+07 5.874134e+07 5.874134e+07 5.874134e+07 5.874121e+07 5.875110e+07 5.887446e+07 5.946864e+07 6.480752e+07 8.025923e+07 1.080013e+08 1.460482e+08 1.904077e+08 2.371810e+08 2.835213e+08 4.734010e+08 5.967669e+08 6.830941e+08 7.514326e+08 8.109405e+08 8.653344e+08 9.631914e+08 1.050007e+09 1.130062e+09 1.206114e+09 1.278774e+09 1.347482e+09
5.849932e+07 5.849932e+07 5.849932e+07 5.849932e+07 5.849932e+07 5.849929e+07 5.849909e+07 5.850897e+07 5.863449e+07 5.923944e+07 6.467533e+07 8.040701e+07 1.086496e+08 1.473796e+08 1.925305e+08 2.401323e+08 2.872864e+08 4.803937e+08 6.056184e+08 6.928102e+08 7.613447e+08 8.207552e+08 8.750611e+08 9.731290e+08 1.060218e+09 1.140086e+09 1.215483e+09 1.287186e+09 1.354782e+09
5.824829e+07 5.824829e+07 5.824829e+07 5.824829e+07 5.824829e+07 5.824827e+07 5.824810e+07 5.825823e+07 5.838603e+07 5.900177e+07 6.453407e+07 8.054371e+07 1.092833e+08 1.486913e+08 1.946281e+08 2.430526e+08 2.910151e+08 4.873307e+08 6.144209e+08 7.025187e+08 7.712940e+08 8.306188e+08 8.848100e+08 9.830137e+08 1.070393e+09 1.150158e+09 1.224982e+09 1.295791e+09 1.362269e+09
5.799003e+07 5.799003e+07 5.799003e+07 5.799003e+07 5.799003e+07 5.799000e+07 5.798979e+07 5.800004e+07 5.813006e+07 5.875648e+07 6.438442e+07 8.066983e+07 1.099025e+08 1.499834e+08 1.967002e+08 2.459415e+08 2.947066e+08 4.942103e+08 6.231693e+08 7.122096e+08 7.812708e+08 8.405290e+08 8.945873e+08 9.928529e+08 1.080523e+09 1.160259e+09 1.234589e+09 1.304564e+09 1.369979e+09
5.772488e+07 5.772488e+07 5.772488e+07 5.772488e+07 5.772488e+07 5.772484e+07 5.772461e+07 5.773502e+07 5.786725e+07 5.850428e+07 6.422710e+07 8.078600e+07 1.105077e+08 1.512562e+08 1.987470e+08 2.487989e+08 2.983607e+08 5.010313e+08 6.318596e+08 7.218743e+08 7.912662e+08 8.504821e+08 9.043973e+08 1.002655e+09 1.090603e+09 1.170371e+09 1.244285e+09 1.313485e+09 1.377896e+09
5.745336e+07 5.745336e+07 5.745336e+07 5.745336e+07 5.745336e+07 5.745333e+07 5.745313e+07 5.746384e+07 5.759834e+07 5.824597e+07 6.406294e+07 8.089307e+07 1.110997e+08 1.525104e+08 2.007688e+08 2.516249e+08 3.019774e+08 5.077930e+08 6.404888e+08 7.315058e+08 8.012716e+08 8.604738e+08 9.142431e+08 1.012430e+09 1.100632e+09 1.180481e+09 1.254051e+09 1.322537e+09 1.385990e+09
5.717701e+07 5.717701e+07 5.717701e+07 5.717701e+07 5.717701e+07 5.717698e+07 5.717680e+07 5.718784e+07 5.732462e+07 5.798275e+07 6.389307e+07 8.099203e+07 1.116795e+08 1.537465e+08 2.027663e+08 2.544201e+08 3.055570e+08 5.144954e+08 6.490550e+08 7.410981e+08 8.112791e+08 8.704992e+08 9.241261e+08 1.022185e+09 1.110607e+09 1.190576e+09 1.263870e+09 1.331700e+09 1.394241e+09
5.689749e+07 5.689749e+07 5.689749e+07 5.689749e+07 5.689749e+07 5.689746e+07 5.689727e+07 5.690848e+07 5.704741e+07 5.771587e+07 6.371851e+07 8.108379e+07 1.122477e+08 1.549655e+08 2.047402e+08 2.571851e+08 3.091001e+08 5.211387e+08 6.575572e+08 7.506467e+08 8.212818e+08 8.805534e+08 9.340469e+08 1.031930e+09 1.120532e+09 1.200646e+09 1.273725e+09 1.340958e+09 1.402629e+09
5.661516e+07 5.661516e+07 5.661516e+07 5.661516e+07 5.661516e+07 5.661509e+07 5.661484e+07 5.662607e+07 5.676709e+07 5.744573e+07 6.353980e+07 8.116895e+07 1.128051e+08 1.561679e+08 2.066910e+08 2.599205e+08 3.126073e+08 5.277236e+08 6.659950e+08 7.601480e+08 8.312735e+08 8.906311e+08 9.440049e+08 1.041674e+09 1.130409e+09 1.210684e+09 1.283603e+09 1.350295e+09 1.411139e+09
5.632908e+07 5.632908e+07 5.632908e+07 5.632908e+07 5.632908e+07 5.632904e+07 5.632884e+07 5.634042e+07 5.648363e+07 5.717247e+07 6.335728e+07 8.124801e+07 1.133522e+08 1.573545e+08 2.086196e+08 2.626271e+08 3.160796e+08 5.342514e+08 6.743688e+08 7.695997e+08 8.412490e+08 9.007275e+08 9.539991e+08 1.051423e+09 1.140244e+09 1.220684e+09 1.293490e+09 1.359696e+09 1.419756e+09
5.604092e+07 5.604092e+07 5.604092e+07 5.604092e+07 5.604092e+07 5.604089e+07 5.604072e+07 5.605259e+07 5.619799e+07 5.689695e+07 6.317169e+07 8.132164e+07 1.138897e+08 1.585259e+08 2.105268e+08 2.653058e+08 3.195178e+08 5.407233e+08 6.826796e+08 7.790000e+08 8.512040e+08 9.108379e+08 9.640279e+08 1.061184e+09 1.150042e+09 1.230641e+09 1.303375e+09 1.369146e+09 1.428463e+09
5.575176e+07 5.575176e+07 5.575176e+07 5.575176e+07 5.575176e+07 5.575172e+07 5.575153e+07 5.576361e+07 5.591111e+07 5.662004e+07 6.298381e+07 8.139060e+07 1.144184e+08 1.596830e+08 2.124135e+08 2.679578e+08 3.229233e+08 5.471414e+08 6.909290e+08 7.883485e+08 8.611349e+08 9.209581e+08 9.740890e+08 1.070963e+09 1.159808e+09 1.240554e+09 1.313248e+09 1.378632e+09 1.437249e+09
5.546194e+07 5.546194e+07 5.546194e+07 5.546194e+07 5.546194e+07 5.546190e+07 5.546170e+07 5.547393e+07 5.562347e+07 5.634223e+07 6.279412e+07 8.145542e+07 1.149390e+08 1.608267e+08 2.142807e+08 2.705843e+08 3.262975e+08 5.535076e+08 6.991189e+08 7.976452e+08 8.710393e+08 9.310842e+08 9.841804e+08 1.080766e+09 1.169550e+09 1.250422e+09 1.323100e+09 1.388141e+09 1.446099e+09
5.517143e+07 5.517143e+07 5.517143e+07 5.517142e+07 5.517142e+07 5.517137e+07 5.517114e+07 5.518346e+07 5.533501e+07 5.606350e+07 6.260276e+07 8.151642e+07 1.154521e+08 1.619578e+08 2.161297e+08 2.731866e+08 3.296421e+08 5.598244e+08 7.072518e+08 8.068908e+08 8.809150e+08 9.412128e+08 9.942994e+08 1.090596e+09 1.179273e+09 1.260246e+09 1.332923e+09 1.397661e+09 1.454999e+09
5.487962e+07 5.487962e+07 5.487962e+07 5.487962e+07 5.487962e+07 5.487958e+07 5.487938e+07 5.489196e+07 5.504558e+07 5.578380e+07 6.240983e+07 8.157392e+07 1.159581e+08 1.630771e+08 2.179615e+08 2.757664e+08 3.329587e+08 5.660947e+08 7.153304e+08 8.160868e+08 8.907610e+08 9.513409e+08 1.004444e+09 1.100457e+09 1.188985e+09 1.270026e+09 1.342713e+09 1.407182e+09 1.463939e+09
5.458741e+07 5.458741e+07 5.458741e+07 5.458741e+07 5.458741e+07 5.458736e+07 5.458717e+07 5.460000e+07 5.475570e+07 5.550358e+07 6.221578e+07 8.162844e+07 1.164578e+08 1.641857e+08 2.197775e+08 2.783251e+08 3.362495e+08 5.723212e+08 7.233578e+08 8.252348e+08 9.005767e+08 9.614662e+08 1.014611e+09 1.110352e+09 1.198692e+09 1.279767e+09 1.352464e+09 1.416694e+09 1.472906e+09
5.429542e+07 5.429542e+07 5.429542e+07 5.429542e+07 5.429542e+07 5.429538e+07 5.429521e+07 5.430828e+07 5.446602e+07 5.522349e+07 6.202121e+07 8.168068e+07 1.169521e+08 1.652847e+08 2.215793e+08 2.808647e+08 3.395164e+08 5.785071e+08 7.313374e+08 8.343372e+08 9.103621e+08 9.715865e+08 1.024799e+09 1.120283e+09 1.208399e+09 1.289470e+09 1.362173e+09 1.426188e+09 1.481889e+09
5.400411e+07 5.400411e+07 5.400411e+07 5.400411e+07 5.400411e+07 5.400408e+07 5.400392e+07 5.401723e+07 5.417699e+07 5.494400e+07 6.182669e+07 8.173136e+07 1.174421e+08 1.663755e+08 2.233684e+08 2.833871e+08 3.427618e+08 5.846557e+08 7.392724e+08 8.433964e+08 9.201176e+08 9.817004e+08 1.035005e+09 1.130250e+09 1.218112e+09 1.299139e+09 1.371837e+09 1.435657e+09 1.490878e+09
5.371393e+07 5.371393e+07 5.371393e+07 5.371393e+07 5.371393e+07 5.371389e+07 5.371373e+07 5.372729e+07 5.388909e+07 5.466560e+07 6.163280e+07 8.178123e+07 1.179286e+08 1.674593e+08 2.251464e+08 2.858942e+08 3.459878e+08 5.907701e+08 7.471665e+08 8.524153e+08 9.298441e+08 9.918067e+08 1.045227e+09 1.140256e+09 1.227836e+09 1.308779e+09 1.381456e+09 1.445093e+09 1.499863e+09
5.342532e+07 5.342532e+07 5.342532e+07 5.342532e+07 5.342532e+07 5.342530e+07 5.342521e+07 5.343914e+07 5.360302e+07 5.438900e+07 6.144027e+07 8.183110e+07 1.184126e+08 1.685374e+08 2.269148e+08 2.883879e+08 3.491966e+08 5.968536e+08 7.550233e+08 8.613967e+08 9.395428e+08 1.001905e+09 1.055464e+09 1.150300e+09 1.237575e+09 1.318393e+09 1.391028e+09 1.454491e+09 1.508834e+09
5.313966e+07 5.313966e+07 5.313966e+07 5.313966e+07 5.313966e+07 5.313965e+07 5.313958e+07 5.315378e+07 5.331968e+07 5.411506e+07 6.124987e+07 8.188175e+07 1.188951e+08 1.696108e+08 2.286751e+08 2.908698e+08 3.523902e+08 6.029094e+08 7.628463e+08 8.703438e+08 9.492152e+08 1.011994e+09 1.065713e+09 1.160381e+09 1.247333e+09 1.327986e+09 1.400553e+09 1.463846e+09 1.517783e+09
5.285750e+07 5.285750e+07 5.285750e+07 5.285750e+07 5.285750e+07 5.285749e+07 5.285743e+07 5.287185e+07 5.303972e+07 5.384439e+07 6.106220e+07 8.193380e+07 1.193769e+08 1.706805e+08 2.304285e+08 2.933416e+08 3.555706e+08 6.089406e+08 7.706390e+08 8.792597e+08 9.588629e+08 1.022073e+09 1.075974e+09 1.170501e+09 1.257113e+09 1.337561e+09 1.410033e+09 1.473153e+09 1.526703e+09
5.257908e+07 5.257908e+07 5.257908e+07 5.257908e+07 5.257908e+07 5.257907e+07 5.257898e+07 5.259351e+07 5.276327e+07 5.357712e+07 6.087741e+07 8.198757e+07 1.198584e+08 1.717475e+08 2.321763e+08 2.958048e+08 3.587396e+08 6.149502e+08 7.784050e+08 8.881474e+08 9.684877e+08 1.032144e+09 1.086244e+09 1.180657e+09 1.266919e+09 1.347123e+09 1.419468e+09 1.482409e+09 1.535585e+09
5.230375e+07 5.230375e+07 5.230375e+07 5.230375e+07 5.230375e+07 5.230372e+07 5.230362e+07 5.231827e+07 5.248992e+07 5.331290e+07 6.069533e+07 8.204307e+07 1.203399e+08 1.728123e+08 2.339195e+08 2.982608e+08 3.618990e+08 6.209413e+08 7.861476e+08 8.970100e+08 9.780915e+08 1.042205e+09 1.096522e+09 1.190849e+09 1.276751e+09 1.356676e+09 1.428861e+09 1.491611e+09 1.544424e+09
5.203103e+07 5.203103e+07 5.203103e+07 5.203103e+07 5.203103e+07 5.203101e+07 5.203090e+07 5.204571e+07 5.221927e+07 5.305138e+07 6.051572e+07 8.210030e+07 1.208219e+08 1.738756e+08 2.356590e+08 3.007111e+08 3.650506e+08 6.269167e+08 7.938699e+08 9.058504e+08 9.876762e+08 1.052258e+09 1.106807e+09 1.201074e+09 1.286612e+09 1.366222e+09 1.438212e+09 1.500757e+09 1.553213e+09
5.176079e+07 5.176079e+07 5.176079e+07 5.176079e+07 5.176079e+07 5.176076e+07 5.176067e+07 5.177569e+07 5.195119e+07 5.279244e+07 6.033854e+07 8.215936e+07 1.213045e+08 1.749382e+08 2.373960e+08 3.031570e+08 3.681959e+08 6.328790e+08 8.015752e+08 9.146716e+08 9.972437e+08 1.062302e+09 1.117098e+09 1.211333e+09 1.296502e+09 1.375766e+09 1.447524e+09 1.509846e+09 1.561948e+09
5.149326e+07 5.149326e+07 5.149326e+07 5.149326e+07 5.149326e+07 5.149324e+07 5.149317e+07 5.150842e+07 5.168587e+07 5.253627e+07 6.016397e+07 8.222052e+07 1.217883e+08 1.760006e+08 2.391313e+08 3.055997e+08 3.713366e+08 6.388307e+08 8.092661e+08 9.234762e+08 1.006796e+09 1.072338e+09 1.127394e+09 1.221622e+09 1.306421e+09 1.385309e+09 1.456799e+09 1.518876e+09 1.570624e+09
5.122880e+07 5.122880e+07 5.122880e+07 5.122880e+07 5.122880e+07 5.122880e+07 5.122875e+07 5.124426e+07 5.142366e+07 5.228319e+07 5.999234e+07 8.228418e+07 1.222738e+08 1.770636e+08 2.408661e+08 3.080405e+08 3.744742e+08 6.447742e+08 8.169453e+08 9.322666e+08 1.016334e+09 1.082367e+09 1.137694e+09 1.231940e+09 1.316371e+09 1.394854e+09 1.466038e+09 1.527846e+09 1.579236e+09
5.096792e+07 5.096792e+07 5.096792e+07 5.096792e+07 5.096792e+07 5.096791e+07 5.096786e+07 5.098358e+07 5.116492e+07 5.203355e+07 5.982401e+07 8.235074e+07 1.227615e+08 1.781280e+08 2.426012e+08 3.104805e+08 3.776099e+08 6.507117e+08 8.246152e+08 9.410450e+08 1.025860e+09 1.092388e+09 1.147997e+09 1.242284e+09 1.326350e+09 1.404402e+09 1.475245e+09 1.536757e+09 1.587781e+09
5.071071e+07 5.071071e+07 5.071071e+07 5.071071e+07 5.071071e+07 5.071071e+07 5.071069e+07 5.072666e+07 5.090993e+07 5.178765e+07 5.965928e+07 8.242057e+07 1.232520e+08 1.791943e+08 2.443373e+08 3.129208e+08 3.807450e+08 6.566448e+08 8.322778e+08 9.498135e+08 1.035375e+09 1.102402e+09 1.158301e+09 1.252652e+09 1.336358e+09 1.413956e+09 1.484420e+09 1.545608e+09 1.596255e+09
5.045764e+07 5.045764e+07 5.045764e+07 5.045764e+07 5.045764e+07 5.045764e+07 5.045761e+07 5.047375e+07 5.065892e+07 5.154569e+07 5.949834e+07 8.249389e+07 1.237455e+08 1.802630e+08 2.460753e+08 3.153622e+08 3.838805e+08 6.625753e+08 8.399350e+08 9.585736e+08 1.044881e+09 1.112408e+09 1.168606e+09 1.263043e+09 1.346393e+09 1.423516e+09 1.493566e+09 1.554399e+09 1.604657e+09
5.020857e+07 5.020857e+07 5.020857e+07 5.020857e+07 5.020857e+07 5.020857e+07 5.020854e+07 5.022483e+07 5.041188e+07 5.130765e+07 5.934120e+07 8.257078e+07 1.242421e+08 1.813345e+08 2.478154e+08 3.178052e+08 3.870171e+08 6.685044e+08 8.475882e+08 9.673268e+08 1.054378e+09 1.122408e+09 1.178911e+09 1.273452e+09 1.356454e+09 1.433083e+09 1.502684e+09 1.563131e+09 1.612984e+09
4.996326e+07 4.996326e+07 4.996326e+07 4.996326e+07 4.996326e+07 4.996325e+07 4.996321e+07 4.997964e+07 5.016855e+07 5.107332e+07 5.918769e+07 8.265114e+07 1.247420e+08 1.824089e+08 2.495581e+08 3.202503e+08 3.901554e+08 6.744330e+08 8.552385e+08 9.760741e+08 1.063866e+09 1.132400e+09 1.189213e+09 1.283877e+09 1.366538e+09 1.442656e+09 1.511775e+09 1.571803e+09 1.621233e+09
4.972135e+07 4.972135e+07 4.972135e+07 4.972135e+07 4.972135e+07 4.972134e+07 4.972130e+07 4.973787e+07 4.992865e+07 5.084241e+07 5.903756e+07 8.273480e+07 1.252451e+08 1.834862e+08 2.513035e+08 3.226978e+08 3.932958e+08 6.803621e+08 8.628868e+08 9.848163e+08 1.073347e+09 1.142385e+09 1.199513e+09 1.294316e+09 1.376644e+09 1.452236e+09 1.520840e+09 1.580417e+09 1.629404e+09
4.948260e+07 4.948260e+07 4.948260e+07 4.948260e+07 4.948260e+07 4.948259e+07 4.948254e+07 4.949925e+07 4.969190e+07 5.061465e+07 5.889057e+07 8.282153e+07 1.257511e+08 1.845664e+08 2.530515e+08 3.251478e+08 3.964385e+08 6.862920e+08 8.705335e+08 9.935537e+08 1.082821e+09 1.152362e+09 1.209808e+09 1.304766e+09 1.386769e+09 1.461822e+09 1.529880e+09 1.588973e+09 1.637494e+09
4.924671e+07 4.924671e+07 4.924671e+07 4.924671e+07 4.924671e+07 4.924670e+07 4.924665e+07 4.926353e+07 4.945805e+07 5.038979e+07 5.874650e+07 8.291115e+07 1.262599e+08 1.856493e+08 2.548021e+08 3.276004e+08 3.995835e+08 6.922229e+08 8.781789e+08 1.002287e+09 1.092286e+09 1.162330e+09 1.220096e+09 1.315223e+09 1.396910e+09 1.471413e+09 1.538896e+09 1.597471e+09 1.645503e+09
4.901359e+07 4.901359e+07 4.901359e+07 4.901359e+07 4.901359e+07 4.901358e+07 4.901352e+07 4.903055e+07 4.922695e+07 5.016769e+07 5.860517e+07 8.300351e+07 1.267715e+08 1.867349e+08 2.565554e+08 3.300554e+08 4.027308e+08 6.981547e+08 8.858228e+08 1.011015e+09 1.101743e+09 1.172288e+09 1.230377e+09 1.325685e+09 1.407065e+09 1.481006e+09 1.547886e+09 1.605912e+09 1.653430e+09
4.878301e+07 4.878301e+07 4.878301e+07 4.878301e+07 4.878301e+07 4.878301e+07 4.878296e+07 4.880019e+07 4.899848e+07 4.994824e+07 5.846651e+07 8.309854e+07 1.272857e+08 1.878230e+08 2.583111e+08 3.325127e+08 4.058804e+08 7.040872e+08 8.934648e+08 1.019737e+09 1.111191e+09 1.182235e+09 1.240648e+09 1.336148e+09 1.417229e+09 1.490601e+09 1.556853e+09 1.614295e+09 1.661274e+09
4.855512e+07 4.855512e+07 4.855512e+07 4.855512e+07 4.855512e+07 4.855511e+07 4.855506e+07 4.857246e+07 4.877264e+07 4.973143e+07 5.833052e+07 8.319625e+07 1.278025e+08 1.889137e+08 2.600693e+08 3.349723e+08 4.090318e+08 7.100196e+08 9.011040e+08 1.028453e+09 1.120630e+09 1.192170e+09 1.250908e+09 1.346609e+09 1.427400e+09 1.500196e+09 1.565794e+09 1.622620e+09 1.669033e+09
4.832978e+07 4.832978e+07 4.832978e+07 4.832978e+07 4.832978e+07 4.832978e+07 4.832976e+07 4.834742e+07 4.854954e+07 4.951737e+07 5.819729e+07 8.329666e+07 1.283220e+08 1.900068e+08 2.618295e+08 3.374336e+08 4.121848e+08 7.159513e+08 9.087395e+08 1.037162e+09 1.130057e+09 1.202091e+09 1.261153e+09 1.357064e+09 1.437574e+09 1.509788e+09 1.574708e+09 1.630889e+09 1.676708e+09
4.810762e+07 4.810762e+07 4.810762e+07 4.810762e+07 4.810762e+07 4.810762e+07 4.810761e+07 4.812547e+07 4.832948e+07 4.930632e+07 5.806698e+07 8.339982e+07 1.288439e+08 1.911021e+08 2.635915e+08 3.398962e+08 4.153384e+08 7.218809e+08 9.163697e+08 1.045862e+09 1.139471e+09 1.211996e+09 1.271382e+09 1.367511e+09 1.447747e+09 1.519373e+09 1.583596e+09 1.639099e+09 1.684297e+09
4.788882e+07 4.788882e+07 4.788882e+07 4.788882e+07 4.788882e+07 4.788881e+07 4.788878e+07 4.790672e+07 4.811256e+07 4.909834e+07 5.793953e+07 8.350556e+07 1.293680e+08 1.921990e+08 2.653546e+08 3.423593e+08 4.184919e+08 7.278070e+08 9.239932e+08 1.054552e+09 1.148871e+09 1.221884e+09 1.281593e+09 1.377945e+09 1.457916e+09 1.528951e+09 1.592454e+09 1.647252e+09 1.691801e+09
4.767265e+07 4.767265e+07 4.767265e+07 4.767265e+07 4.767265e+07 4.767263e+07 4.767256e+07 4.769058e+07 4.789823e+07 4.889291e+07 5.781450e+07 8.361343e+07 1.298937e+08 1.932970e+08 2.671180e+08 3.448219e+08 4.216441e+08 7.337281e+08 9.316079e+08 1.063229e+09 1.158254e+09 1.231752e+09 1.291783e+09 1.388363e+09 1.468076e+09 1.538516e+09 1.601282e+09 1.655345e+09 1.699218e+09
4.745833e+07 4.745833e+07 4.745833e+07 4.745833e+07 4.745833e+07 4.745831e+07 4.745824e+07 4.747638e+07 4.768586e+07 4.868945e+07 5.769136e+07 8.372289e+07 1.304205e+08 1.943952e+08 2.688808e+08 3.472830e+08 4.247938e+08 7.396423e+08 9.392119e+08 1.071891e+09 1.167618e+09 1.241598e+09 1.301949e+09 1.398762e+09 1.478223e+09 1.548066e+09 1.610078e+09 1.663379e+09 1.706548e+09
4.724557e+07 4.724557e+07 4.724557e+07 4.724557e+07 4.724557e+07 4.724555e+07 4.724545e+07 4.726370e+07 4.747502e+07 4.848752e+07 5.756965e+07 8.383341e+07 1.309477e+08 1.954929e+08 2.706420e+08 3.497413e+08 4.279396e+08 7.455475e+08 9.468029e+08 1.080536e+09 1.176962e+09 1.251419e+09 1.312089e+09 1.409137e+09 1.488354e+09 1.557598e+09 1.618839e+09 1.671352e+09 1.713789e+09
4.703394e+07 4.703394e+07 4.703394e+07 4.703394e+07 4.703394e+07 4.703391e+07 4.703381e+07 4.705220e+07 4.726537e+07 4.828677e+07 5.744899e+07 8.394458e+07 1.314748e+08 1.965894e+08 2.724007e+08 3.521958e+08 4.310802e+08 7.514418e+08 9.543784e+08 1.089162e+09 1.186282e+09 1.261213e+09 1.322200e+09 1.419486e+09 1.498463e+09 1.567106e+09 1.627563e+09 1.679262e+09 1.720942e+09
4.682323e+07 4.682323e+07 4.682323e+07 4.682323e+07 4.682323e+07 4.682321e+07 4.682312e+07 4.684168e+07 4.705671e+07 4.808702e+07 5.732918e+07 8.405609e+07 1.320013e+08 1.976840e+08 2.741561e+08 3.546453e+08 4.342143e+08 7.573229e+08 9.619359e+08 1.097766e+09 1.195575e+09 1.270977e+09 1.332278e+09 1.429803e+09 1.508547e+09 1.576589e+09 1.636246e+09 1.687109e+09 1.728005e+09
