2.006719e+08 2.012849e+08 2.016041e+08 1.997094e+08 1.994935e+08 2.014709e+08 2.091914e+08 2.251585e+08 2.324702e+08 2.392743e+08 2.515745e+08 2.625481e+08 2.725004e+08 2.814922e+08 2.894942e+08 2.965043e+08 3.025736e+08 3.220678e+08 3.312340e+08 3.369917e+08 3.425827e+08 3.490454e+08 3.563695e+08 3.719874e+08 3.862904e+08 3.974493e+08 4.049248e+08 4.089038e+08 4.098793e+08
1.987166e+08 1.987204e+08 1.987306e+08 1.988787e+08 1.986817e+08 2.023494e+08 2.107673e+08 2.269092e+08 2.341323e+08 2.408347e+08 2.529315e+08 2.637176e+08 2.735038e+08 2.823533e+08 2.902361e+08 2.971474e+08 3.031348e+08 3.223796e+08 3.314351e+08 3.371466e+08 3.427227e+08 3.491843e+08 3.565110e+08 3.721291e+08 3.864187e+08 3.975536e+08 4.049995e+08 4.089480e+08 4.098947e+08
2.049189e+08 2.049201e+08 2.049236e+08 2.050059e+08 2.051592e+08 2.085491e+08 2.136602e+08 2.289322e+08 2.360378e+08 2.426022e+08 2.544320e+08 2.649850e+08 2.745742e+08 2.832606e+08 2.910104e+08 2.978136e+08 3.037127e+08 3.226951e+08 3.316374e+08 3.373023e+08 3.428638e+08 3.493244e+08 3.566538e+08 3.722720e+08 3.865479e+08 3.976583e+08 4.050744e+08 4.089921e+08 4.099098e+08
2.119975e+08 2.119981e+08 2.120000e+08 2.120492e+08 2.121659e+08 2.130898e+08 2.203243e+08 2.312682e+08 2.381269e+08 2.445222e+08 2.560456e+08 2.663327e+08 2.757002e+08 2.842065e+08 2.918115e+08 2.984987e+08 3.043041e+08 3.230134e+08 3.318403e+08 3.374584e+08 3.430057e+08 3.494656e+08 3.567980e+08 3.724162e+08 3.866780e+08 3.977634e+08 4.051494e+08 4.090360e+08 4.099245e+08
2.191225e+08 2.191229e+08 2.191241e+08 2.191569e+08 2.192414e+08 2.198763e+08 2.252657e+08 2.348749e+08 2.405583e+08 2.465987e+08 2.577436e+08 2.677399e+08 2.768680e+08 2.851813e+08 2.926327e+08 2.991978e+08 3.049054e+08 3.233334e+08 3.320434e+08 3.376150e+08 3.431485e+08 3.496080e+08 3.569434e+08 3.725615e+08 3.868090e+08 3.978691e+08 4.052244e+08 4.090798e+08 4.099388e+08
2.260349e+08 2.260351e+08 2.260360e+08 2.260596e+08 2.261230e+08 2.268527e+08 2.297241e+08 2.400713e+08 2.440557e+08 2.490199e+08 2.595243e+08 2.691897e+08 2.780634e+08 2.861745e+08 2.934665e+08 2.999055e+08 3.055125e+08 3.236538e+08 3.322463e+08 3.377717e+08 3.432919e+08 3.497514e+08 3.570901e+08 3.727081e+08 3.869408e+08 3.979751e+08 4.052996e+08 4.091233e+08 4.099528e+08
2.326403e+08 2.326405e+08 2.326411e+08 2.326589e+08 2.327078e+08 2.334492e+08 2.348758e+08 2.451862e+08 2.486614e+08 2.523245e+08 2.614463e+08 2.706790e+08 2.792754e+08 2.871766e+08 2.943053e+08 3.006160e+08 3.061211e+08 3.239735e+08 3.324485e+08 3.379283e+08 3.434359e+08 3.498959e+08 3.572380e+08 3.728559e+08 3.870734e+08 3.980817e+08 4.053748e+08 4.091667e+08 4.099663e+08
2.389039e+08 2.389040e+08 2.389045e+08 2.389184e+08 2.389573e+08 2.396462e+08 2.404856e+08 2.495659e+08 2.533448e+08 2.564298e+08 2.636701e+08 2.722308e+08 2.805015e+08 2.881804e+08 2.951423e+08 3.013238e+08 3.067269e+08 3.242910e+08 3.326494e+08 3.380847e+08 3.435803e+08 3.500413e+08 3.573872e+08 3.730048e+08 3.872069e+08 3.981886e+08 4.054501e+08 4.092098e+08 4.099795e+08
2.448217e+08 2.448219e+08 2.448222e+08 2.448335e+08 2.448651e+08 2.454796e+08 2.461376e+08 2.533612e+08 2.575729e+08 2.606583e+08 2.665015e+08 2.739064e+08 2.817517e+08 2.891837e+08 2.959729e+08 3.020244e+08 3.073260e+08 3.246050e+08 3.328485e+08 3.382405e+08 3.437251e+08 3.501876e+08 3.575375e+08 3.731550e+08 3.873412e+08 3.982959e+08 4.055255e+08 4.092527e+08 4.099923e+08
2.503992e+08 2.503993e+08 2.503996e+08 2.504088e+08 2.504349e+08 2.509751e+08 2.515945e+08 2.569324e+08 2.612578e+08 2.646088e+08 2.697792e+08 2.758289e+08 2.830546e+08 2.901919e+08 2.967956e+08 3.027146e+08 3.079151e+08 3.249142e+08 3.330453e+08 3.383955e+08 3.438702e+08 3.503348e+08 3.576889e+08 3.733062e+08 3.874763e+08 3.984036e+08 4.056009e+08 4.092954e+08 4.100046e+08
2.556495e+08 2.556496e+08 2.556498e+08 2.556575e+08 2.556793e+08 2.561523e+08 2.567656e+08 2.605157e+08 2.645529e+08 2.681273e+08 2.731685e+08 2.781731e+08 2.844633e+08 2.912198e+08 2.976134e+08 3.033934e+08 3.084921e+08 3.252172e+08 3.332393e+08 3.385495e+08 3.440153e+08 3.504827e+08 3.578414e+08 3.734586e+08 3.876122e+08 3.985118e+08 4.056763e+08 4.093378e+08 4.100165e+08
2.776332e+08 2.776333e+08 2.776334e+08 2.776371e+08 2.776477e+08 2.779026e+08 2.783666e+08 2.788137e+08 2.797449e+08 2.816702e+08 2.866681e+08 2.907918e+08 2.942641e+08 2.980112e+08 3.022531e+08 3.068322e+08 3.112552e+08 3.266040e+08 3.341477e+08 3.392954e+08 3.447384e+08 3.512316e+08 3.586190e+08 3.742365e+08 3.883029e+08 3.990576e+08 4.060534e+08 4.095460e+08 4.100692e+08
2.931980e+08 2.931980e+08 2.931981e+08 2.931993e+08 2.932028e+08 2.932875e+08 2.934230e+08 2.931832e+08 2.928564e+08 2.928561e+08 2.947881e+08 2.985364e+08 3.024394e+08 3.058646e+08 3.089476e+08 3.119100e+08 3.148472e+08 3.277607e+08 3.349171e+08 3.399799e+08 3.454456e+08 3.519893e+08 3.594176e+08 3.750391e+08 3.890108e+08 3.996108e+08 4.064292e+08 4.097465e+08 4.101097e+08
3.017967e+08 3.017967e+08 3.017967e+08 3.017976e+08 3.018000e+08 3.018480e+08 3.019042e+08 3.016488e+08 3.012318e+08 3.007522e+08 3.006607e+08 3.027325e+08 3.064450e+08 3.105256e+08 3.141477e+08 3.171178e+08 3.195678e+08 3.289078e+08 3.355406e+08 3.405843e+08 3.461238e+08 3.527477e+08 3.602317e+08 3.758633e+08 3.897333e+08 4.001692e+08 4.068019e+08 4.099376e+08 4.101367e+08
3.059219e+08 3.059219e+08 3.059220e+08 3.059225e+08 3.059238e+08 3.059524e+08 3.059852e+08 3.058100e+08 3.055157e+08 3.051037e+08 3.045181e+08 3.054375e+08 3.083105e+08 3.123898e+08 3.166172e+08 3.202926e+08 3.231930e+08 3.307525e+08 3.361012e+08 3.411129e+08 3.467669e+08 3.535006e+08 3.610563e+08 3.767056e+08 3.904679e+08 4.007307e+08 4.071697e+08 4.101179e+08 4.101490e+08
3.074441e+08 3.074441e+08 3.074441e+08 3.074445e+08 3.074453e+08 3.074605e+08 3.074759e+08 3.073593e+08 3.071732e+08 3.069095e+08 3.064848e+08 3.070724e+08 3.093283e+08 3.130022e+08 3.173056e+08 3.214637e+08 3.249993e+08 3.331971e+08 3.368213e+08 3.416081e+08 3.473815e+08 3.542462e+08 3.618879e+08 3.775627e+08 3.912116e+08 4.012927e+08 4.075304e+08 4.102855e+08 4.101449e+08
3.074282e+08 3.074282e+08 3.074282e+08 3.074284e+08 3.074290e+08 3.074408e+08 3.074558e+08 3.073941e+08 3.072864e+08 3.071453e+08 3.070273e+08 3.077479e+08 3.098176e+08 3.131564e+08 3.172515e+08 3.214919e+08 3.253896e+08 3.353982e+08 3.381118e+08 3.421641e+08 3.479921e+08 3.549901e+08 3.627261e+08 3.784316e+08 3.919615e+08 4.018526e+08 4.078819e+08 4.104387e+08 4.101233e+08
3.065836e+08 3.065836e+08 3.065836e+08 3.065838e+08 3.065845e+08 3.065983e+08 3.066210e+08 3.066027e+08 3.065443e+08 3.064843e+08 3.066312e+08 3.076375e+08 3.098193e+08 3.130502e+08 3.169434e+08 3.210612e+08 3.250267e+08 3.369090e+08 3.397904e+08 3.429542e+08 3.486476e+08 3.557474e+08 3.635747e+08 3.793102e+08 3.927148e+08 4.024079e+08 4.082219e+08 4.105756e+08 4.100824e+08
3.053918e+08 3.053918e+08 3.053918e+08 3.053919e+08 3.053921e+08 3.053962e+08 3.054009e+08 3.053628e+08 3.053167e+08 3.052948e+08 3.056241e+08 3.069215e+08 3.093576e+08 3.126805e+08 3.165024e+08 3.204852e+08 3.243717e+08 3.376215e+08 3.414672e+08 3.442150e+08 3.494279e+08 3.565460e+08 3.644431e+08 3.801976e+08 3.934687e+08 4.029559e+08 4.085481e+08 4.106944e+08 4.100209e+08
3.037623e+08 3.037623e+08 3.037623e+08 3.037624e+08 3.037626e+08 3.037665e+08 3.037675e+08 3.037251e+08 3.036894e+08 3.036962e+08 3.041705e+08 3.057374e+08 3.084818e+08 3.120259e+08 3.159180e+08 3.198474e+08 3.236386e+08 3.376603e+08 3.428996e+08 3.457695e+08 3.504678e+08 3.574291e+08 3.653478e+08 3.810945e+08 3.942211e+08 4.034939e+08 4.088583e+08 4.107931e+08 4.099372e+08
3.017638e+08 3.017638e+08 3.017638e+08 3.017638e+08 3.017641e+08 3.017690e+08 3.017752e+08 3.017537e+08 3.017382e+08 3.017788e+08 3.023895e+08 3.042059e+08 3.072680e+08 3.110989e+08 3.151666e+08 3.191425e+08 3.228906e+08 3.372450e+08 3.439619e+08 3.474117e+08 3.518918e+08 3.584609e+08 3.663138e+08 3.820042e+08 3.949705e+08 4.040197e+08 4.091501e+08 4.108699e+08 4.098297e+08
2.996101e+08 2.996101e+08 2.996101e+08 2.996102e+08 2.996104e+08 2.996148e+08 2.996203e+08 2.996098e+08 2.996105e+08 2.996801e+08 3.004094e+08 3.024462e+08 3.058067e+08 3.099421e+08 3.142456e+08 3.183501e+08 3.221267e+08 3.365878e+08 3.446316e+08 3.489986e+08 3.535551e+08 3.597483e+08 3.673770e+08 3.829323e+08 3.957161e+08 4.045310e+08 4.094214e+08 4.109228e+08 4.096969e+08
2.973991e+08 2.973991e+08 2.973991e+08 2.973991e+08 2.973993e+08 2.974031e+08 2.974089e+08 2.974059e+08 2.974175e+08 2.975082e+08 2.983319e+08 3.005543e+08 3.041791e+08 3.086074e+08 3.131707e+08 3.174581e+08 3.213285e+08 3.358478e+08 3.449599e+08 3.504351e+08 3.553345e+08 3.613425e+08 3.685889e+08 3.838881e+08 3.964583e+08 4.050262e+08 4.096701e+08 4.109500e+08 4.095374e+08
2.951917e+08 2.951917e+08 2.951917e+08 2.951918e+08 2.951919e+08 2.951948e+08 2.951986e+08 2.951951e+08 2.952123e+08 2.953170e+08 2.962136e+08 2.985891e+08 3.024425e+08 3.071398e+08 3.119649e+08 3.164660e+08 3.204801e+08 3.351242e+08 3.450365e+08 3.516727e+08 3.571365e+08 3.631330e+08 3.700343e+08 3.848842e+08 3.971985e+08 4.055039e+08 4.098944e+08 4.109497e+08 4.093495e+08
2.929830e+08 2.929830e+08 2.929830e+08 2.929830e+08 2.929832e+08 2.929858e+08 2.929895e+08 2.929875e+08 2.930083e+08 2.931227e+08 2.940755e+08 2.965779e+08 3.006295e+08 3.055712e+08 3.106504e+08 3.153802e+08 3.195732e+08 3.344687e+08 3.449598e+08 3.527029e+08 3.588910e+08 3.650372e+08 3.717189e+08 3.859382e+08 3.979400e+08 4.059633e+08 4.100926e+08 4.109204e+08 4.091320e+08
2.907924e+08 2.907924e+08 2.907924e+08 2.907924e+08 2.907925e+08 2.907942e+08 2.907953e+08 2.907849e+08 2.908029e+08 2.909199e+08 2.919125e+08 2.945225e+08 2.987511e+08 3.039191e+08 3.092442e+08 3.142098e+08 3.186054e+08 3.339008e+08 3.448176e+08 3.535470e+08 3.605505e+08 3.669892e+08 3.735594e+08 3.870740e+08 3.986875e+08 4.064046e+08 4.102635e+08 4.108606e+08 4.088835e+08
2.885649e+08 2.885649e+08 2.885649e+08 2.885649e+08 2.885649e+08 2.885646e+08 2.885603e+08 2.885354e+08 2.885479e+08 2.886651e+08 2.896927e+08 2.924045e+08 2.968032e+08 3.021902e+08 3.077576e+08 3.129643e+08 3.175794e+08 3.334213e+08 3.446783e+08 3.542444e+08 3.620888e+08 3.689353e+08 3.754963e+08 3.883271e+08 3.994477e+08 4.068283e+08 4.104061e+08 4.107688e+08 4.086028e+08
2.862063e+08 2.862063e+08 2.862063e+08 2.862063e+08 2.862063e+08 2.862057e+08 2.862008e+08 2.861746e+08 2.861879e+08 2.863108e+08 2.873827e+08 2.902039e+08 2.947779e+08 3.003871e+08 3.061995e+08 3.116532e+08 3.165004e+08 3.330219e+08 3.445893e+08 3.548420e+08 3.634988e+08 3.708341e+08 3.774800e+08 3.897464e+08 4.002297e+08 4.072362e+08 4.105198e+08 4.106442e+08 4.082887e+08
2.837369e+08 2.837369e+08 2.837369e+08 2.837369e+08 2.837369e+08 2.837358e+08 2.837303e+08 2.837039e+08 2.837197e+08 2.838507e+08 2.849742e+08 2.879148e+08 2.926747e+08 2.985148e+08 3.045789e+08 3.102863e+08 3.153757e+08 3.326901e+08 3.445793e+08 3.553855e+08 3.647875e+08 3.726564e+08 3.794683e+08 3.912961e+08 4.010458e+08 4.076310e+08 4.106046e+08 4.104857e+08 4.079404e+08
2.811720e+08 2.811720e+08 2.811720e+08 2.811720e+08 2.811719e+08 2.811705e+08 2.811644e+08 2.811375e+08 2.811558e+08 2.812956e+08 2.824748e+08 2.855432e+08 2.905000e+08 2.965812e+08 3.029053e+08 3.088736e+08 3.142132e+08 3.324132e+08 3.446620e+08 3.559148e+08 3.659716e+08 3.743842e+08 3.814260e+08 3.929300e+08 4.019130e+08 4.080163e+08 4.106609e+08 4.102928e+08 4.075569e+08
2.785201e+08 2.785201e+08 2.785201e+08 2.785201e+08 2.785201e+08 2.785187e+08 2.785125e+08 2.784859e+08 2.785071e+08 2.786562e+08 2.798945e+08 2.830983e+08 2.882623e+08 2.945953e+08 3.011880e+08 3.074240e+08 3.130205e+08 3.321794e+08 3.448407e+08 3.564613e+08 3.670732e+08 3.760098e+08 3.833254e+08 3.946123e+08 4.028594e+08 4.083973e+08 4.106898e+08 4.100653e+08 4.071378e+08
2.757933e+08 2.757933e+08 2.757933e+08 2.757933e+08 2.757933e+08 2.757917e+08 2.757852e+08 2.757591e+08 2.757833e+08 2.759422e+08 2.772428e+08 2.805888e+08 2.859696e+08 2.925644e+08 2.994344e+08 3.059446e+08 3.118035e+08 3.319783e+08 3.451114e+08 3.570475e+08 3.681155e+08 3.775331e+08 3.851457e+08 3.963119e+08 4.039004e+08 4.087810e+08 4.106930e+08 4.098033e+08 4.066824e+08
2.730013e+08 2.730013e+08 2.730013e+08 2.730013e+08 2.730012e+08 2.729995e+08 2.729928e+08 2.729667e+08 2.729937e+08 2.731626e+08 2.745276e+08 2.780218e+08 2.836284e+08 2.904945e+08 2.976500e+08 3.044408e+08 3.105672e+08 3.318015e+08 3.454656e+08 3.576874e+08 3.691203e+08 3.789601e+08 3.868730e+08 3.980011e+08 4.049997e+08 4.091765e+08 4.106729e+08 4.095071e+08 4.061907e+08
2.701483e+08 2.701483e+08 2.701483e+08 2.701483e+08 2.701482e+08 2.701464e+08 2.701394e+08 2.701133e+08 2.701433e+08 2.703226e+08 2.717546e+08 2.754030e+08 2.812437e+08 2.883901e+08 2.958389e+08 3.029164e+08 3.093148e+08 3.316420e+08 3.458926e+08 3.583879e+08 3.701063e+08 3.803002e+08 3.884993e+08 3.996552e+08 4.061294e+08 4.095972e+08 4.106327e+08 4.091777e+08 4.056626e+08
2.672369e+08 2.672369e+08 2.672369e+08 2.672368e+08 2.672368e+08 2.672349e+08 2.672279e+08 2.672030e+08 2.672368e+08 2.674273e+08 2.689296e+08 2.727378e+08 2.788202e+08 2.862550e+08 2.940044e+08 3.013743e+08 3.080489e+08 3.314944e+08 3.463806e+08 3.591501e+08 3.710881e+08 3.815646e+08 3.900214e+08 4.012524e+08 4.072665e+08 4.100653e+08 4.105767e+08 4.088163e+08 4.050984e+08
2.642786e+08 2.642786e+08 2.642786e+08 2.642786e+08 2.642785e+08 2.642765e+08 2.642695e+08 2.642455e+08 2.642829e+08 2.644850e+08 2.660595e+08 2.700319e+08 2.763625e+08 2.840929e+08 2.921495e+08 2.998172e+08 3.067720e+08 3.313546e+08 3.469180e+08 3.599709e+08 3.720758e+08 3.827647e+08 3.914400e+08 4.027745e+08 4.083903e+08 4.105733e+08 4.105105e+08 4.084247e+08 4.044986e+08
2.612791e+08 2.612791e+08 2.612791e+08 2.612790e+08 2.612790e+08 2.612772e+08 2.612703e+08 2.612479e+08 2.612891e+08 2.615029e+08 2.631511e+08 2.672913e+08 2.738754e+08 2.819075e+08 2.902773e+08 2.982476e+08 3.054863e+08 3.312197e+08 3.474937e+08 3.608440e+08 3.730757e+08 3.839108e+08 3.927584e+08 4.042063e+08 4.094820e+08 4.110962e+08 4.104417e+08 4.080052e+08 4.038641e+08
2.582488e+08 2.582488e+08 2.582488e+08 2.582488e+08 2.582487e+08 2.582467e+08 2.582396e+08 2.582174e+08 2.582620e+08 2.584874e+08 2.602101e+08 2.645210e+08 2.713636e+08 2.797030e+08 2.883912e+08 2.966686e+08 3.041945e+08 3.310878e+08 3.480974e+08 3.617609e+08 3.740898e+08 3.850115e+08 3.939815e+08 4.055359e+08 4.105244e+08 4.116160e+08 4.103821e+08 4.075608e+08 4.031960e+08
2.551860e+08 2.551860e+08 2.551860e+08 2.551860e+08 2.551860e+08 2.551840e+08 2.551770e+08 2.551558e+08 2.552042e+08 2.554416e+08 2.572407e+08 2.617257e+08 2.688314e+08 2.774834e+08 2.864949e+08 2.950835e+08 3.028995e+08 3.309574e+08 3.487195e+08 3.627121e+08 3.751172e+08 3.860732e+08 3.951149e+08 4.067543e+08 4.115022e+08 4.121173e+08 4.103453e+08 4.070954e+08 4.024957e+08
2.520954e+08 2.520954e+08 2.520954e+08 2.520954e+08 2.520953e+08 2.520934e+08 2.520868e+08 2.520676e+08 2.521205e+08 2.523706e+08 2.542480e+08 2.589106e+08 2.662839e+08 2.752533e+08 2.845927e+08 2.934959e+08 3.016043e+08 3.308276e+08 3.493516e+08 3.636870e+08 3.761545e+08 3.871003e+08 3.961641e+08 4.078552e+08 4.124017e+08 4.125863e+08 4.103151e+08 4.066136e+08 4.017652e+08
2.489886e+08 2.489886e+08 2.489886e+08 2.489886e+08 2.489886e+08 2.489867e+08 2.489802e+08 2.489624e+08 2.490194e+08 2.492823e+08 2.512392e+08 2.560820e+08 2.637268e+08 2.730178e+08 2.826887e+08 2.919094e+08 3.003121e+08 3.306978e+08 3.499858e+08 3.646748e+08 3.771959e+08 3.880946e+08 3.971341e+08 4.088347e+08 4.132110e+08 4.130104e+08 4.102762e+08 4.061224e+08 4.010066e+08
2.458710e+08 2.458710e+08 2.458710e+08 2.458710e+08 2.458709e+08 2.458690e+08 2.458626e+08 2.458461e+08 2.459072e+08 2.461829e+08 2.482201e+08 2.532455e+08 2.611652e+08 2.707814e+08 2.807870e+08 2.903274e+08 2.990255e+08 3.305669e+08 3.506150e+08 3.656648e+08 3.782344e+08 3.890562e+08 3.980289e+08 4.096908e+08 4.139200e+08 4.133779e+08 4.102169e+08 4.056329e+08 4.002227e+08
2.427459e+08 2.427459e+08 2.427459e+08 2.427459e+08 2.427458e+08 2.427440e+08 2.427378e+08 2.427229e+08 2.427883e+08 2.430771e+08 2.451959e+08 2.504061e+08 2.586037e+08 2.685483e+08 2.788911e+08 2.887528e+08 2.977468e+08 3.304338e+08 3.512324e+08 3.666463e+08 3.792617e+08 3.899832e+08 3.988516e+08 4.104231e+08 4.145204e+08 4.136783e+08 4.101268e+08 4.051475e+08 3.994171e+08
2.396192e+08 2.396192e+08 2.396192e+08 2.396192e+08 2.396192e+08 2.396174e+08 2.396115e+08 2.395983e+08 2.396681e+08 2.399702e+08 2.421716e+08 2.475687e+08 2.560467e+08 2.663221e+08 2.770039e+08 2.871878e+08 2.964775e+08 3.302970e+08 3.518314e+08 3.676090e+08 3.802690e+08 3.908723e+08 3.996040e+08 4.110325e+08 4.150056e+08 4.139021e+08 4.099967e+08 4.046526e+08 3.985942e+08
2.364967e+08 2.364967e+08 2.364967e+08 2.364967e+08 2.364966e+08 2.364950e+08 2.364893e+08 2.364779e+08 2.365522e+08 2.368678e+08 2.391526e+08 2.447381e+08 2.534984e+08 2.641062e+08 2.751280e+08 2.856342e+08 2.952188e+08 3.301544e+08 3.524060e+08 3.685430e+08 3.812469e+08 3.917188e+08 4.002867e+08 4.115206e+08 4.153708e+08 4.140410e+08 4.098182e+08 4.041384e+08 3.977601e+08
2.333839e+08 2.333839e+08 2.333839e+08 2.333839e+08 2.333838e+08 2.333823e+08 2.333771e+08 2.333676e+08 2.334464e+08 2.337755e+08 2.361441e+08 2.419188e+08 2.509625e+08 2.619034e+08 2.732652e+08 2.840930e+08 2.939709e+08 3.300032e+08 3.529499e+08 3.694386e+08 3.821859e+08 3.925174e+08 4.008993e+08 4.118896e+08 4.156124e+08 4.140877e+08 4.095835e+08 4.035971e+08 3.969242e+08
2.302880e+08 2.302880e+08 2.302880e+08 2.302880e+08 2.302880e+08 2.302864e+08 2.302812e+08 2.302729e+08 2.303559e+08 2.306982e+08 2.331505e+08 2.391147e+08 2.484420e+08 2.597157e+08 2.714168e+08 2.825644e+08 2.927332e+08 3.298403e+08 3.534570e+08 3.702868e+08 3.830767e+08 3.932620e+08 4.014405e+08 4.121420e+08 4.157284e+08 4.140360e+08 4.092857e+08 4.030218e+08 3.960816e+08
2.272085e+08 2.272085e+08 2.272085e+08 2.272085e+08 2.272084e+08 2.272070e+08 2.272021e+08 2.271954e+08 2.272827e+08 2.276386e+08 2.301748e+08 2.363286e+08 2.459391e+08 2.575447e+08 2.695832e+08 2.810482e+08 2.915046e+08 3.296618e+08 3.539214e+08 3.710789e+08 3.839100e+08 3.939459e+08 4.019080e+08 4.122805e+08 4.157178e+08 4.138810e+08 4.089184e+08 4.024064e+08 3.952230e+08
2.241496e+08 2.241496e+08 2.241496e+08 2.241496e+08 2.241495e+08 2.241481e+08 2.241435e+08 2.241387e+08 2.242307e+08 2.246002e+08 2.272206e+08 2.335634e+08 2.434558e+08 2.553912e+08 2.677643e+08 2.795433e+08 2.902833e+08 3.294636e+08 3.543371e+08 3.718069e+08 3.846770e+08 3.945626e+08 4.022991e+08 4.123076e+08 4.155808e+08 4.136186e+08 4.084761e+08 4.017454e+08 3.943421e+08
2.211178e+08 2.211178e+08 2.211178e+08 2.211178e+08 2.211178e+08 2.211165e+08 2.211121e+08 2.211088e+08 2.212051e+08 2.215879e+08 2.242916e+08 2.308220e+08 2.409938e+08 2.532558e+08 2.659596e+08 2.780482e+08 2.890669e+08 3.292410e+08 3.546981e+08 3.724629e+08 3.853695e+08 3.951053e+08 4.026106e+08 4.122257e+08 4.153184e+08 4.132459e+08 4.079540e+08 4.010337e+08 3.934338e+08
2.181164e+08 2.181164e+08 2.181164e+08 2.181163e+08 2.181163e+08 2.181150e+08 2.181107e+08 2.181085e+08 2.182089e+08 2.186048e+08 2.213906e+08 2.281064e+08 2.385543e+08 2.511384e+08 2.641678e+08 2.765605e+08 2.878524e+08 3.289891e+08 3.549986e+08 3.730400e+08 3.859795e+08 3.955673e+08 4.028389e+08 4.120370e+08 4.149321e+08 4.127611e+08 4.073478e+08 4.002667e+08 3.924935e+08
2.151444e+08 2.151444e+08 2.151444e+08 2.151444e+08 2.151444e+08 2.151432e+08 2.151392e+08 2.151387e+08 2.152433e+08 2.156522e+08 2.185191e+08 2.254176e+08 2.361372e+08 2.490380e+08 2.623872e+08 2.750777e+08 2.866364e+08 3.287027e+08 3.552329e+08 3.735315e+08 3.864997e+08 3.959424e+08 4.029802e+08 4.117433e+08 4.144242e+08 4.121629e+08 4.066542e+08 3.994404e+08 3.915171e+08
2.122063e+08 2.122063e+08 2.122063e+08 2.122063e+08 2.122063e+08 2.122051e+08 2.122013e+08 2.122018e+08 2.123103e+08 2.127317e+08 2.156781e+08 2.227558e+08 2.337420e+08 2.469532e+08 2.606151e+08 2.735966e+08 2.854151e+08 3.283766e+08 3.553957e+08 3.739314e+08 3.869236e+08 3.962246e+08 4.030308e+08 4.113462e+08 4.137971e+08 4.114513e+08 4.058705e+08 3.985511e+08 3.905010e+08
2.093016e+08 2.093016e+08 2.093016e+08 2.093016e+08 2.093016e+08 2.093004e+08 2.092965e+08 2.092977e+08 2.094098e+08 2.098432e+08 2.128671e+08 2.201203e+08 2.313673e+08 2.448817e+08 2.588489e+08 2.721137e+08 2.841846e+08 3.280057e+08 3.554816e+08 3.742341e+08 3.872452e+08 3.964083e+08 4.029870e+08 4.108472e+08 4.130538e+08 4.106268e+08 4.049947e+08 3.975958e+08 3.894420e+08
2.064274e+08 2.064274e+08 2.064274e+08 2.064274e+08 2.064274e+08 2.064262e+08 2.064223e+08 2.064241e+08 2.065397e+08 2.069849e+08 2.100847e+08 2.175093e+08 2.290109e+08 2.428211e+08 2.570854e+08 2.706254e+08 2.829407e+08 3.275850e+08 3.554860e+08 3.744348e+08 3.874591e+08 3.964887e+08 4.028453e+08 4.102473e+08 4.121973e+08 4.096904e+08 4.040254e+08 3.965718e+08 3.883371e+08
2.035809e+08 2.035809e+08 2.035809e+08 2.035809e+08 2.035809e+08 2.035798e+08 2.035761e+08 2.035789e+08 2.036980e+08 2.041550e+08 2.073291e+08 2.149211e+08 2.266709e+08 2.407687e+08 2.553215e+08 2.691282e+08 2.816797e+08 3.271096e+08 3.554043e+08 3.745290e+08 3.875609e+08 3.964610e+08 4.026023e+08 4.095476e+08 4.112308e+08 4.086439e+08 4.029620e+08 3.954770e+08 3.871836e+08
2.007625e+08 2.007625e+08 2.007625e+08 2.007625e+08 2.007624e+08 2.007614e+08 2.007578e+08 2.007617e+08 2.008845e+08 2.013530e+08 2.045998e+08 2.123548e+08 2.243456e+08 2.387225e+08 2.535547e+08 2.676189e+08 2.803979e+08 3.265753e+08 3.552325e+08 3.745132e+08 3.875464e+08 3.963216e+08 4.022551e+08 4.087488e+08 4.101573e+08 4.074895e+08 4.018044e+08 3.943098e+08 3.859794e+08
1.979732e+08 1.979732e+08 1.979732e+08 1.979732e+08 1.979731e+08 1.979721e+08 1.979685e+08 1.979734e+08 1.980996e+08 1.985793e+08 2.018966e+08 2.098097e+08 2.220341e+08 2.366808e+08 2.517826e+08 2.660948e+08 2.790923e+08 3.259779e+08 3.549670e+08 3.743842e+08 3.874126e+08 3.960671e+08 4.018010e+08 4.078516e+08 4.089802e+08 4.062298e+08 4.005530e+08 3.930688e+08 3.847225e+08
1.952129e+08 1.952129e+08 1.952129e+08 1.952129e+08 1.952128e+08 1.952118e+08 1.952084e+08 1.952142e+08 1.953438e+08 1.958343e+08 1.992199e+08 2.072859e+08 2.197356e+08 2.346425e+08 2.500036e+08 2.645537e+08 2.777599e+08 3.253138e+08 3.546047e+08 3.741394e+08 3.871568e+08 3.956947e+08 4.012377e+08 4.068566e+08 4.077025e+08 4.048677e+08 3.992088e+08 3.917534e+08 3.834113e+08
1.924816e+08 1.924816e+08 1.924816e+08 1.924816e+08 1.924815e+08 1.924806e+08 1.924774e+08 1.924842e+08 1.926172e+08 1.931183e+08 1.965700e+08 2.047834e+08 2.174500e+08 2.326066e+08 2.482162e+08 2.629936e+08 2.763986e+08 3.245797e+08 3.541431e+08 3.737768e+08 3.867770e+08 3.952024e+08 4.005635e+08 4.057644e+08 4.063273e+08 4.034062e+08 3.977732e+08 3.903633e+08 3.820446e+08
1.897809e+08 1.897809e+08 1.897809e+08 1.897809e+08 1.897808e+08 1.897799e+08 1.897767e+08 1.897846e+08 1.899209e+08 1.904324e+08 1.939480e+08 2.023030e+08 2.151776e+08 2.305730e+08 2.464195e+08 2.614129e+08 2.750062e+08 3.237729e+08 3.535801e+08 3.732951e+08 3.862719e+08 3.945885e+08 3.997769e+08 4.045757e+08 4.048578e+08 4.018488e+08 3.962481e+08 3.888986e+08 3.806213e+08
1.871118e+08 1.871118e+08 1.871118e+08 1.871118e+08 1.871118e+08 1.871110e+08 1.871082e+08 1.871176e+08 1.872573e+08 1.877789e+08 1.913557e+08 1.998462e+08 2.129191e+08 2.285415e+08 2.446128e+08 2.598104e+08 2.735810e+08 3.228908e+08 3.529139e+08 3.726933e+08 3.856409e+08 3.938522e+08 3.988770e+08 4.032910e+08 4.032967e+08 4.001989e+08 3.946355e+08 3.873597e+08 3.791408e+08
1.844794e+08 1.844794e+08 1.844794e+08 1.844794e+08 1.844794e+08 1.844786e+08 1.844760e+08 1.844866e+08 1.846295e+08 1.851606e+08 1.887958e+08 1.974149e+08 2.106755e+08 2.265125e+08 2.427954e+08 2.581849e+08 2.721213e+08 3.219315e+08 3.521436e+08 3.719713e+08 3.848835e+08 3.929929e+08 3.978631e+08 4.019112e+08 4.016470e+08 3.984600e+08 3.929380e+08 3.857476e+08 3.776029e+08
1.818857e+08 1.818857e+08 1.818857e+08 1.818857e+08 1.818856e+08 1.818849e+08 1.818824e+08 1.818941e+08 1.820399e+08 1.825801e+08 1.862704e+08 1.950107e+08 2.084478e+08 2.244861e+08 2.409670e+08 2.565353e+08 2.706256e+08 3.208933e+08 3.512686e+08 3.711291e+08 3.840003e+08 3.920107e+08 3.967352e+08 4.004371e+08 3.999114e+08 3.966357e+08 3.911584e+08 3.840633e+08 3.760074e+08
1.793320e+08 1.793320e+08 1.793320e+08 1.793320e+08 1.793320e+08 1.793313e+08 1.793292e+08 1.793421e+08 1.794908e+08 1.800395e+08 1.837814e+08 1.926350e+08 2.062367e+08 2.224622e+08 2.391268e+08 2.548605e+08 2.690928e+08 3.197753e+08 3.502887e+08 3.701674e+08 3.829919e+08 3.909060e+08 3.954934e+08 3.988697e+08 3.980927e+08 3.947296e+08 3.892995e+08 3.823086e+08 3.743546e+08
1.768217e+08 1.768217e+08 1.768217e+08 1.768217e+08 1.768217e+08 1.768210e+08 1.768189e+08 1.768326e+08 1.769839e+08 1.775404e+08 1.813302e+08 1.902888e+08 2.040426e+08 2.204408e+08 2.372744e+08 2.531598e+08 2.675217e+08 3.185767e+08 3.492044e+08 3.690874e+08 3.818596e+08 3.896799e+08 3.941385e+08 3.972101e+08 3.961936e+08 3.927453e+08 3.873644e+08 3.804850e+08 3.726451e+08
1.743545e+08 1.743545e+08 1.743545e+08 1.743545e+08 1.743544e+08 1.743539e+08 1.743520e+08 1.743667e+08 1.745203e+08 1.750841e+08 1.789180e+08 1.879729e+08 2.018661e+08 2.184219e+08 2.354095e+08 2.514327e+08 2.659119e+08 3.172977e+08 3.480167e+08 3.678905e+08 3.806050e+08 3.883337e+08 3.926715e+08 3.954595e+08 3.942166e+08 3.906865e+08 3.853564e+08 3.785948e+08 3.708795e+08
1.719319e+08 1.719319e+08 1.719319e+08 1.719319e+08 1.719319e+08 1.719314e+08 1.719296e+08 1.719450e+08 1.721009e+08 1.726714e+08 1.765455e+08 1.856879e+08 1.997074e+08 2.164059e+08 2.335323e+08 2.496793e+08 2.642634e+08 3.159387e+08 3.467269e+08 3.665787e+08 3.792301e+08 3.868690e+08 3.910938e+08 3.936195e+08 3.921644e+08 3.885566e+08 3.832788e+08 3.766400e+08 3.690590e+08
1.695543e+08 1.695543e+08 1.695543e+08 1.695543e+08 1.695543e+08 1.695538e+08 1.695521e+08 1.695684e+08 1.697263e+08 1.703028e+08 1.742132e+08 1.834344e+08 1.975671e+08 2.143930e+08 2.316431e+08 2.478999e+08 2.625767e+08 3.145010e+08 3.453369e+08 3.651542e+08 3.777371e+08 3.852880e+08 3.894070e+08 3.916917e+08 3.900395e+08 3.863590e+08 3.811350e+08 3.746231e+08 3.671848e+08
1.672223e+08 1.672223e+08 1.672223e+08 1.672223e+08 1.672222e+08 1.672218e+08 1.672203e+08 1.672372e+08 1.673969e+08 1.679788e+08 1.719215e+08 1.812127e+08 1.954457e+08 2.123840e+08 2.297427e+08 2.460955e+08 2.608528e+08 3.129862e+08 3.438489e+08 3.636194e+08 3.761286e+08 3.835928e+08 3.876131e+08 3.896778e+08 3.878446e+08 3.840974e+08 3.789284e+08 3.725467e+08 3.652582e+08
1.649359e+08 1.649359e+08 1.649359e+08 1.649359e+08 1.649359e+08 1.649354e+08 1.649339e+08 1.649514e+08 1.651127e+08 1.656993e+08 1.696706e+08 1.790232e+08 1.933436e+08 2.103795e+08 2.278320e+08 2.442672e+08 2.590929e+08 3.113963e+08 3.422652e+08 3.619772e+08 3.744074e+08 3.817862e+08 3.857145e+08 3.875798e+08 3.855822e+08 3.817749e+08 3.766625e+08 3.704134e+08 3.632810e+08
1.626940e+08 1.626940e+08 1.626940e+08 1.626940e+08 1.626940e+08 1.626936e+08 1.626923e+08 1.627105e+08 1.628732e+08 1.634641e+08 1.674603e+08 1.768659e+08 1.912614e+08 2.083804e+08 2.259121e+08 2.424163e+08 2.572987e+08 3.097338e+08 3.405888e+08 3.602303e+08 3.725764e+08 3.798710e+08 3.837136e+08 3.854000e+08 3.832548e+08 3.793949e+08 3.743407e+08 3.682262e+08 3.612548e+08
1.604976e+08 1.604976e+08 1.604976e+08 1.604976e+08 1.604976e+08 1.604972e+08 1.604959e+08 1.605145e+08 1.606784e+08 1.612730e+08 1.652905e+08 1.747410e+08 1.891994e+08 2.063873e+08 2.239842e+08 2.405443e+08 2.554720e+08 3.080014e+08 3.388224e+08 3.583819e+08 3.706388e+08 3.778501e+08 3.816132e+08 3.831405e+08 3.808652e+08 3.769607e+08 3.719664e+08 3.659877e+08 3.591817e+08
1.583453e+08 1.583453e+08 1.583453e+08 1.583453e+08 1.583453e+08 1.583449e+08 1.583438e+08 1.583629e+08 1.585280e+08 1.591256e+08 1.631610e+08 1.726484e+08 1.871578e+08 2.044010e+08 2.220492e+08 2.386527e+08 2.536146e+08 3.062018e+08 3.369692e+08 3.564351e+08 3.685979e+08 3.757269e+08 3.794164e+08 3.808041e+08 3.784159e+08 3.744753e+08 3.695430e+08 3.637011e+08 3.570636e+08
1.562376e+08 1.562376e+08 1.562376e+08 1.562376e+08 1.562376e+08 1.562372e+08 1.562361e+08 1.562555e+08 1.564215e+08 1.570217e+08 1.610714e+08 1.705881e+08 1.851370e+08 2.024222e+08 2.201085e+08 2.367432e+08 2.517286e+08 3.043381e+08 3.350321e+08 3.543931e+08 3.664571e+08 3.735048e+08 3.771263e+08 3.783932e+08 3.759097e+08 3.719420e+08 3.670738e+08 3.613691e+08 3.549027e+08
1.541729e+08 1.541729e+08 1.541729e+08 1.541729e+08 1.541729e+08 1.541726e+08 1.541716e+08 1.541916e+08 1.543584e+08 1.549607e+08 1.590215e+08 1.685600e+08 1.831374e+08 2.004517e+08 2.181634e+08 2.348176e+08 2.498162e+08 3.024133e+08 3.330142e+08 3.522592e+08 3.642198e+08 3.711872e+08 3.747464e+08 3.759109e+08 3.733492e+08 3.693638e+08 3.645621e+08 3.589948e+08 3.527011e+08
1.521522e+08 1.521522e+08 1.521522e+08 1.521522e+08 1.521522e+08 1.521519e+08 1.521509e+08 1.521711e+08 1.523385e+08 1.529423e+08 1.570110e+08 1.665641e+08 1.811595e+08 1.984906e+08 2.162154e+08 2.328779e+08 2.478797e+08 3.004303e+08 3.309186e+08 3.500367e+08 3.618896e+08 3.687781e+08 3.722803e+08 3.733600e+08 3.707372e+08 3.667437e+08 3.620110e+08 3.565811e+08 3.504613e+08
1.501736e+08 1.501736e+08 1.501736e+08 1.501736e+08 1.501736e+08 1.501734e+08 1.501725e+08 1.501932e+08 1.503611e+08 1.509660e+08 1.550397e+08 1.646005e+08 1.792036e+08 1.965399e+08 2.142661e+08 2.309260e+08 2.459215e+08 2.983919e+08 3.287481e+08 3.477287e+08 3.594704e+08 3.662812e+08 3.697317e+08 3.707436e+08 3.680766e+08 3.640845e+08 3.594237e+08 3.541309e+08 3.481856e+08
1.482381e+08 1.482381e+08 1.482381e+08 1.482381e+08 1.482381e+08 1.482378e+08 1.482370e+08 1.482578e+08 1.484260e+08 1.490315e+08 1.531071e+08 1.626691e+08 1.772703e+08 1.946006e+08 2.123170e+08 2.289639e+08 2.439437e+08 2.963009e+08 3.265056e+08 3.453387e+08 3.569658e+08 3.637005e+08 3.671045e+08 3.680652e+08 3.653701e+08 3.613893e+08 3.568033e+08 3.516472e+08 3.458763e+08
1.463439e+08 1.463439e+08 1.463439e+08 1.463439e+08 1.463439e+08 1.463436e+08 1.463429e+08 1.463639e+08 1.465323e+08 1.471379e+08 1.512126e+08 1.607696e+08 1.753598e+08 1.926735e+08 2.103694e+08 2.269934e+08 2.419486e+08 2.941596e+08 3.241938e+08 3.428699e+08 3.543797e+08 3.610403e+08 3.644028e+08 3.653280e+08 3.626207e+08 3.586609e+08 3.541527e+08 3.491329e+08 3.435357e+08
1.444902e+08 1.444902e+08 1.444902e+08 1.444902e+08 1.444902e+08 1.444900e+08 1.444892e+08 1.445103e+08 1.446786e+08 1.452840e+08 1.493553e+08 1.589016e+08 1.734722e+08 1.907595e+08 2.084248e+08 2.250162e+08 2.399379e+08 2.919701e+08 3.218151e+08 3.403257e+08 3.517162e+08 3.583047e+08 3.616309e+08 3.625356e+08 3.598312e+08 3.559021e+08 3.514748e+08 3.465906e+08 3.411664e+08
1.426752e+08 1.426752e+08 1.426752e+08 1.426752e+08 1.426752e+08 1.426750e+08 1.426743e+08 1.426956e+08 1.428639e+08 1.434687e+08 1.475343e+08 1.570646e+08 1.716077e+08 1.888589e+08 2.064839e+08 2.230335e+08 2.379131e+08 2.897341e+08 3.193720e+08 3.377094e+08 3.489792e+08 3.554983e+08 3.587930e+08 3.596915e+08 3.570046e+08 3.531155e+08 3.487725e+08 3.440233e+08 3.387707e+08
1.408986e+08 1.408986e+08 1.408986e+08 1.408986e+08 1.408986e+08 1.408984e+08 1.408977e+08 1.409192e+08 1.410873e+08 1.416911e+08 1.457488e+08 1.552581e+08 1.697660e+08 1.869722e+08 2.045474e+08 2.210460e+08 2.358749e+08 2.874527e+08 3.168667e+08 3.350244e+08 3.461731e+08 3.526254e+08 3.558937e+08 3.567996e+08 3.541439e+08 3.503040e+08 3.460484e+08 3.414335e+08 3.363510e+08
1.391592e+08 1.391592e+08 1.391592e+08 1.391592e+08 1.391592e+08 1.391590e+08 1.391584e+08 1.391799e+08 1.393479e+08 1.399504e+08 1.439982e+08 1.534817e+08 1.679472e+08 1.850995e+08 2.026155e+08 2.190539e+08 2.338237e+08 2.851267e+08 3.143015e+08 3.322744e+08 3.433022e+08 3.496908e+08 3.529375e+08 3.538635e+08 3.512520e+08 3.474702e+08 3.433052e+08 3.388238e+08 3.339096e+08
1.374564e+08 1.374564e+08 1.374564e+08 1.374564e+08 1.374564e+08 1.374563e+08 1.374557e+08 1.374774e+08 1.376450e+08 1.382460e+08 1.422818e+08 1.517348e+08 1.661505e+08 1.832401e+08 2.006875e+08 2.170566e+08 2.317586e+08 2.827565e+08 3.116785e+08 3.294629e+08 3.403709e+08 3.466993e+08 3.499290e+08 3.508870e+08 3.483320e+08 3.446167e+08 3.405455e+08 3.361969e+08 3.314488e+08
1.357900e+08 1.357900e+08 1.357900e+08 1.357900e+08 1.357900e+08 1.357898e+08 1.357892e+08 1.358109e+08 1.359780e+08 1.365771e+08 1.405989e+08 1.500165e+08 1.643752e+08 1.813928e+08 1.987620e+08 2.150523e+08 2.296780e+08 2.803420e+08 3.090001e+08 3.265938e+08 3.373839e+08 3.436556e+08 3.468729e+08 3.478741e+08 3.453869e+08 3.417461e+08 3.377717e+08 3.335551e+08 3.289710e+08
1.341583e+08 1.341583e+08 1.341583e+08 1.341583e+08 1.341583e+08 1.341581e+08 1.341576e+08 1.341793e+08 1.343459e+08 1.349427e+08 1.389483e+08 1.483257e+08 1.626192e+08 1.795554e+08 1.968365e+08 2.130388e+08 2.275797e+08 2.778834e+08 3.062688e+08 3.236711e+08 3.343460e+08 3.405648e+08 3.437741e+08 3.448286e+08 3.424197e+08 3.388609e+08 3.349864e+08 3.309009e+08 3.264782e+08
1.325608e+08 1.325608e+08 1.325608e+08 1.325607e+08 1.325607e+08 1.325606e+08 1.325600e+08 1.325817e+08 1.327476e+08 1.333418e+08 1.373289e+08 1.466604e+08 1.608804e+08 1.777251e+08 1.949080e+08 2.110129e+08 2.254609e+08 2.753810e+08 3.034874e+08 3.206992e+08 3.312621e+08 3.374319e+08 3.406373e+08 3.417544e+08 3.394332e+08 3.359636e+08 3.321916e+08 3.282365e+08 3.239727e+08
1.309957e+08 1.309957e+08 1.309957e+08 1.309957e+08 1.309957e+08 1.309956e+08 1.309951e+08 1.310168e+08 1.311819e+08 1.317732e+08 1.357391e+08 1.450187e+08 1.591562e+08 1.758991e+08 1.929735e+08 2.089718e+08 2.233193e+08 2.728354e+08 3.006593e+08 3.176827e+08 3.281372e+08 3.342620e+08 3.374674e+08 3.386554e+08 3.364306e+08 3.330565e+08 3.293898e+08 3.255641e+08 3.214566e+08
