1.185524e+07 5.848121e+06 4.376512e+06 2.511633e+06 2.113963e+06 1.415173e+06 1.195095e+06 1.024414e+06 9.784128e+05 9.441283e+05 8.969878e+05 8.675946e+05 8.494120e+05 8.389427e+05 8.339376e+05 8.326368e+05 8.333906e+05 8.067155e+05 6.451768e+05 4.558837e+05 3.311760e+05 2.596391e+05 2.179400e+05 1.755516e+05 1.557641e+05 1.448113e+05 1.381468e+05 1.340989e+05 1.320268e+05
1.398608e+06 1.398613e+06 1.398616e+06 1.397457e+06 1.389251e+06 1.265363e+06 1.139375e+06 1.004788e+06 9.642956e+05 9.333722e+05 8.901215e+05 8.629236e+05 8.461589e+05 8.366827e+05 8.324085e+05 8.316596e+05 8.328322e+05 8.069554e+05 6.451686e+05 4.556555e+05 3.309173e+05 2.594182e+05 2.177653e+05 1.754446e+05 1.556938e+05 1.447610e+05 1.381086e+05 1.340697e+05 1.320058e+05
1.175404e+06 1.175406e+06 1.175411e+06 1.175394e+06 1.174746e+06 1.147873e+06 1.077503e+06 9.809517e+05 9.475478e+05 9.208784e+05 8.824046e+05 8.577985e+05 8.426559e+05 8.342877e+05 8.308128e+05 8.306577e+05 8.322746e+05 8.072167e+05 6.451605e+05 4.554203e+05 3.306524e+05 2.591930e+05 2.175878e+05 1.753363e+05 1.556229e+05 1.447102e+05 1.380701e+05 1.340403e+05 1.319847e+05
1.074098e+06 1.074099e+06 1.074102e+06 1.074121e+06 1.073995e+06 1.056662e+06 1.034446e+06 9.549818e+05 9.288266e+05 9.069207e+05 8.739193e+05 8.522576e+05 8.389252e+05 8.317725e+05 8.291612e+05 8.296391e+05 8.317240e+05 8.075006e+05 6.451526e+05 4.551777e+05 3.303812e+05 2.589635e+05 2.174074e+05 1.752268e+05 1.555513e+05 1.446589e+05 1.380312e+05 1.340107e+05 1.319635e+05
1.011153e+06 1.011153e+06 1.011154e+06 1.011171e+06 1.011141e+06 1.001023e+06 9.886359e+05 9.326258e+05 9.098002e+05 8.921271e+05 8.648143e+05 8.463572e+05 8.349954e+05 8.291545e+05 8.274654e+05 8.286123e+05 8.311866e+05 8.078083e+05 6.451445e+05 4.549278e+05 3.301036e+05 2.587297e+05 2.172242e+05 1.751159e+05 1.554789e+05 1.446072e+05 1.379920e+05 1.339808e+05 1.319421e+05
9.659059e+05 9.659062e+05 9.659071e+05 9.659210e+05 9.659182e+05 9.604507e+05 9.477296e+05 9.161674e+05 8.940567e+05 8.777888e+05 8.553647e+05 8.401868e+05 8.309059e+05 8.264548e+05 8.257385e+05 8.275860e+05 8.306685e+05 8.081406e+05 6.451362e+05 4.546702e+05 3.298194e+05 2.584914e+05 2.170382e+05 1.750038e+05 1.554058e+05 1.445550e+05 1.379525e+05 1.339508e+05 1.319206e+05
9.307487e+05 9.307489e+05 9.307495e+05 9.307607e+05 9.307697e+05 9.278263e+05 9.160488e+05 8.999097e+05 8.822378e+05 8.662696e+05 8.460451e+05 8.338908e+05 8.267138e+05 8.237013e+05 8.239965e+05 8.265703e+05 8.301766e+05 8.084985e+05 6.451273e+05 4.544047e+05 3.295287e+05 2.582487e+05 2.168493e+05 1.748903e+05 1.553320e+05 1.445024e+05 1.379127e+05 1.339205e+05 1.318990e+05
9.024457e+05 9.024459e+05 9.024464e+05 9.024564e+05 9.024711e+05 9.008786e+05 8.914675e+05 8.823079e+05 8.710807e+05 8.575614e+05 8.376216e+05 8.276922e+05 8.225037e+05 8.209326e+05 8.222593e+05 8.255771e+05 8.297183e+05 8.088827e+05 6.451174e+05 4.541311e+05 3.292313e+05 2.580016e+05 2.166575e+05 1.747755e+05 1.552575e+05 1.444492e+05 1.378725e+05 1.338899e+05 1.318772e+05
8.792366e+05 8.792367e+05 8.792372e+05 8.792473e+05 8.792654e+05 8.784321e+05 8.715684e+05 8.645635e+05 8.592483e+05 8.496504e+05 8.312463e+05 8.219189e+05 8.183970e+05 8.182017e+05 8.205538e+05 8.246210e+05 8.293024e+05 8.092936e+05 6.451063e+05 4.538493e+05 3.289271e+05 2.577500e+05 2.164628e+05 1.746595e+05 1.551822e+05 1.443956e+05 1.378320e+05 1.338592e+05 1.318553e+05
8.600244e+05 8.600245e+05 8.600249e+05 8.600343e+05 8.600539e+05 8.596671e+05 8.549368e+05 8.482350e+05 8.468880e+05 8.415347e+05 8.265370e+05 8.170588e+05 8.145622e+05 8.155816e+05 8.189154e+05 8.237211e+05 8.289398e+05 8.097320e+05 6.450935e+05 4.535588e+05 3.286160e+05 2.574939e+05 2.162653e+05 1.745421e+05 1.551063e+05 1.443416e+05 1.377912e+05 1.338282e+05 1.318332e+05
8.440438e+05 8.440439e+05 8.440442e+05 8.440525e+05 8.440717e+05 8.439567e+05 8.408414e+05 8.341669e+05 8.347951e+05 8.330127e+05 8.225931e+05 8.137181e+05 8.112291e+05 8.131694e+05 8.173908e+05 8.229017e+05 8.286440e+05 8.101984e+05 6.450784e+05 4.532594e+05 3.282980e+05 2.572333e+05 2.160649e+05 1.744234e+05 1.550296e+05 1.442870e+05 1.377500e+05 1.337970e+05 1.318110e+05
7.973524e+05 7.973524e+05 7.973527e+05 7.973591e+05 7.973770e+05 7.977032e+05 7.978355e+05 7.948958e+05 7.946949e+05 7.969045e+05 8.034849e+05 8.064967e+05 8.073242e+05 8.095068e+05 8.143307e+05 8.214440e+05 8.289477e+05 8.129821e+05 6.449505e+05 4.516191e+05 3.265994e+05 2.558608e+05 2.150190e+05 1.738104e+05 1.546352e+05 1.440071e+05 1.375392e+05 1.336374e+05 1.316978e+05
7.834087e+05 7.834088e+05 7.834090e+05 7.834141e+05 7.834291e+05 7.837910e+05 7.845236e+05 7.851377e+05 7.850481e+05 7.858362e+05 7.921298e+05 8.020069e+05 8.109351e+05 8.179165e+05 8.240717e+05 8.302334e+05 8.362334e+05 8.167177e+05 6.446862e+05 4.497119e+05 3.247108e+05 2.543701e+05 2.138996e+05 1.731648e+05 1.542227e+05 1.437152e+05 1.373198e+05 1.334721e+05 1.315810e+05
7.872765e+05 7.872766e+05 7.872767e+05 7.872810e+05 7.872938e+05 7.876368e+05 7.884887e+05 7.905874e+05 7.914556e+05 7.924027e+05 7.966110e+05 8.054967e+05 8.172086e+05 8.287887e+05 8.386587e+05 8.465126e+05 8.522977e+05 8.220922e+05 6.442549e+05 4.475045e+05 3.226210e+05 2.527584e+05 2.127064e+05 1.724866e+05 1.537917e+05 1.434111e+05 1.370919e+05 1.333007e+05 1.314607e+05
8.026464e+05 8.026464e+05 8.026466e+05 8.026502e+05 8.026613e+05 8.029749e+05 8.038222e+05 8.064295e+05 8.078938e+05 8.093817e+05 8.132158e+05 8.200812e+05 8.305171e+05 8.428452e+05 8.547847e+05 8.646237e+05 8.713421e+05 8.307418e+05 6.437291e+05 4.449821e+05 3.203243e+05 2.510251e+05 2.114397e+05 1.717760e+05 1.533424e+05 1.430946e+05 1.368551e+05 1.331234e+05 1.313368e+05
8.261812e+05 8.261813e+05 8.261814e+05 8.261847e+05 8.261949e+05 8.264915e+05 8.273239e+05 8.301202e+05 8.318814e+05 8.337689e+05 8.379859e+05 8.437377e+05 8.520413e+05 8.625515e+05 8.737242e+05 8.836488e+05 8.906237e+05 8.420254e+05 6.433755e+05 4.421661e+05 3.178250e+05 2.491729e+05 2.101015e+05 1.710337e+05 1.528746e+05 1.427655e+05 1.366094e+05 1.329400e+05 1.312093e+05
8.562874e+05 8.562874e+05 8.562875e+05 8.562906e+05 8.563001e+05 8.565812e+05 8.573900e+05 8.602407e+05 8.621352e+05 8.642377e+05 8.688173e+05 8.739656e+05 8.802574e+05 8.879350e+05 8.963566e+05 9.041570e+05 9.096569e+05 8.531455e+05 6.437555e+05 4.391329e+05 3.151427e+05 2.472097e+05 2.086957e+05 1.702604e+05 1.523883e+05 1.424237e+05 1.363547e+05 1.327504e+05 1.310782e+05
8.920437e+05 8.920437e+05 8.920438e+05 8.920467e+05 8.920557e+05 8.923238e+05 8.931021e+05 8.959177e+05 8.978355e+05 8.999742e+05 9.044492e+05 9.086827e+05 9.127500e+05 9.170568e+05 9.216139e+05 9.257355e+05 9.281435e+05 8.620676e+05 6.442541e+05 4.360493e+05 3.123170e+05 2.451505e+05 2.072287e+05 1.694576e+05 1.518838e+05 1.420691e+05 1.360907e+05 1.325546e+05 1.309435e+05
9.326163e+05 9.326164e+05 9.326165e+05 9.326193e+05 9.326280e+05 9.328898e+05 9.336542e+05 9.364170e+05 9.382045e+05 9.400466e+05 9.432852e+05 9.453587e+05 9.463033e+05 9.466424e+05 9.467580e+05 9.464537e+05 9.448662e+05 8.675137e+05 6.438587e+05 4.331539e+05 3.094141e+05 2.430184e+05 2.057105e+05 1.686274e+05 1.513613e+05 1.417016e+05 1.358175e+05 1.323526e+05 1.308054e+05
9.777911e+05 9.777911e+05 9.777912e+05 9.777939e+05 9.778020e+05 9.780533e+05 9.787935e+05 9.808408e+05 9.815779e+05 9.819323e+05 9.814128e+05 9.793705e+05 9.761358e+05 9.722011e+05 9.679558e+05 9.633590e+05 9.577806e+05 8.688718e+05 6.418726e+05 4.301632e+05 3.065464e+05 2.408469e+05 2.041548e+05 1.677727e+05 1.508215e+05 1.413212e+05 1.355349e+05 1.321443e+05 1.306637e+05
1.027591e+06 1.027591e+06 1.027591e+06 1.027593e+06 1.027600e+06 1.027317e+06 1.025813e+06 1.020986e+06 1.018224e+06 1.015351e+06 1.009333e+06 1.002904e+06 9.960230e+05 9.887839e+05 9.813093e+05 9.734897e+05 9.647822e+05 8.660087e+05 6.378904e+05 4.267801e+05 3.038145e+05 2.386825e+05 2.025799e+05 1.668973e+05 1.502652e+05 1.409280e+05 1.352429e+05 1.319297e+05 1.305187e+05
1.031829e+06 1.031829e+06 1.031829e+06 1.031829e+06 1.031826e+06 1.031728e+06 1.031222e+06 1.028072e+06 1.025622e+06 1.022804e+06 1.016432e+06 1.009333e+06 1.001605e+06 9.933187e+05 9.845269e+05 9.751115e+05 9.646142e+05 8.591124e+05 6.317920e+05 4.228129e+05 3.010870e+05 2.365989e+05 2.010096e+05 1.660062e+05 1.496936e+05 1.405224e+05 1.349417e+05 1.317090e+05 1.303702e+05
1.012771e+06 1.012771e+06 1.012771e+06 1.012771e+06 1.012770e+06 1.012720e+06 1.012535e+06 1.011637e+06 1.010752e+06 1.009484e+06 1.005752e+06 1.000548e+06 9.940759e+05 9.865164e+05 9.779722e+05 9.683659e+05 9.573191e+05 8.485889e+05 6.236894e+05 4.181579e+05 2.982612e+05 2.346305e+05 1.994755e+05 1.651060e+05 1.491082e+05 1.401048e+05 1.346312e+05 1.314821e+05 1.302186e+05
9.912720e+05 9.912720e+05 9.912720e+05 9.912722e+05 9.912729e+05 9.912859e+05 9.912727e+05 9.908443e+05 9.903202e+05 9.895283e+05 9.870060e+05 9.831376e+05 9.779417e+05 9.714875e+05 9.637963e+05 9.547395e+05 9.439386e+05 8.349807e+05 6.138479e+05 4.127935e+05 2.952696e+05 2.327071e+05 1.980257e+05 1.642042e+05 1.485113e+05 1.396757e+05 1.343119e+05 1.312492e+05 1.300640e+05
9.704546e+05 9.704546e+05 9.704546e+05 9.704535e+05 9.704502e+05 9.703438e+05 9.700434e+05 9.689691e+05 9.681869e+05 9.672217e+05 9.646708e+05 9.611873e+05 9.566828e+05 9.510854e+05 9.442776e+05 9.360166e+05 9.258563e+05 8.188889e+05 6.026076e+05 4.067664e+05 2.920720e+05 2.307810e+05 1.966645e+05 1.633105e+05 1.479055e+05 1.392360e+05 1.339840e+05 1.310106e+05 1.299064e+05
9.451393e+05 9.451393e+05 9.451393e+05 9.451385e+05 9.451362e+05 9.450566e+05 9.447792e+05 9.435928e+05 9.427187e+05 9.416803e+05 9.391272e+05 9.359028e+05 9.319190e+05 9.270470e+05 9.210831e+05 9.136930e+05 9.043585e+05 8.009100e+05 5.903230e+05 4.001722e+05 2.886537e+05 2.288179e+05 1.953496e+05 1.624367e+05 1.472938e+05 1.387869e+05 1.336479e+05 1.307666e+05 1.297462e+05
9.152452e+05 9.152452e+05 9.152452e+05 9.152447e+05 9.152431e+05 9.151844e+05 9.149772e+05 9.141235e+05 9.134781e+05 9.126841e+05 9.106446e+05 9.079869e+05 9.046611e+05 9.005541e+05 8.954450e+05 8.889598e+05 8.805373e+05 7.815963e+05 5.773248e+05 3.931336e+05 2.850219e+05 2.267940e+05 1.940530e+05 1.615993e+05 1.466803e+05 1.383296e+05 1.333043e+05 1.305174e+05 1.295837e+05
8.835919e+05 8.835919e+05 8.835919e+05 8.835918e+05 8.835913e+05 8.835734e+05 8.835040e+05 8.830962e+05 8.827142e+05 8.821983e+05 8.807458e+05 8.787150e+05 8.760710e+05 8.727158e+05 8.684307e+05 8.628285e+05 8.553266e+05 7.614377e+05 5.639006e+05 3.857814e+05 2.812007e+05 2.246952e+05 1.927531e+05 1.608193e+05 1.460696e+05 1.378660e+05 1.329540e+05 1.302635e+05 1.294192e+05
8.534826e+05 8.534826e+05 8.534826e+05 8.534822e+05 8.534809e+05 8.534407e+05 8.533197e+05 8.528607e+05 8.525189e+05 8.520911e+05 8.509401e+05 8.493434e+05 8.472393e+05 8.445175e+05 8.409522e+05 8.361470e+05 8.295078e+05 7.408530e+05 5.502890e+05 3.782409e+05 2.772259e+05 2.225158e+05 1.914330e+05 1.600828e+05 1.454674e+05 1.373979e+05 1.325979e+05 1.300055e+05 1.292530e+05
8.238347e+05 8.238347e+05 8.238347e+05 8.238346e+05 8.238341e+05 8.238158e+05 8.237484e+05 8.234215e+05 8.231503e+05 8.228031e+05 8.218674e+05 8.205786e+05 8.188801e+05 8.166592e+05 8.136870e+05 8.095635e+05 8.036912e+05 7.201872e+05 5.366795e+05 3.706228e+05 2.731395e+05 2.202576e+05 1.900805e+05 1.593718e+05 1.448811e+05 1.369279e+05 1.322371e+05 1.297441e+05 1.290857e+05
7.954924e+05 7.954924e+05 7.954924e+05 7.954922e+05 7.954916e+05 7.954702e+05 7.953988e+05 7.951021e+05 7.948730e+05 7.945859e+05 7.938224e+05 7.927776e+05 7.913986e+05 7.895759e+05 7.870845e+05 7.835292e+05 7.783175e+05 6.997128e+05 5.232181e+05 3.630190e+05 2.689842e+05 2.179282e+05 1.886874e+05 1.586731e+05 1.443216e+05 1.364588e+05 1.318729e+05 1.294799e+05 1.289178e+05
7.682585e+05 7.682585e+05 7.682585e+05 7.682584e+05 7.682581e+05 7.682453e+05 7.681998e+05 7.679882e+05 7.678152e+05 7.675934e+05 7.669917e+05 7.661546e+05 7.650352e+05 7.635311e+05 7.614266e+05 7.583374e+05 7.536835e+05 6.796339e+05 5.100119e+05 3.555019e+05 2.648006e+05 2.155395e+05 1.872493e+05 1.579760e+05 1.437955e+05 1.359939e+05 1.315069e+05 1.292139e+05 1.287498e+05
7.424974e+05 7.424974e+05 7.424974e+05 7.424973e+05 7.424971e+05 7.424876e+05 7.424542e+05 7.422994e+05 7.421698e+05 7.420005e+05 7.415281e+05 7.408538e+05 7.399354e+05 7.386783e+05 7.368777e+05 7.341636e+05 7.299726e+05 6.600950e+05 4.971366e+05 3.481253e+05 2.606244e+05 2.131055e+05 1.857654e+05 1.572713e+05 1.432906e+05 1.355375e+05 1.311409e+05 1.289472e+05 1.285826e+05
7.183178e+05 7.183178e+05 7.183178e+05 7.183177e+05 7.183175e+05 7.183099e+05 7.182819e+05 7.181522e+05 7.180441e+05 7.179026e+05 7.175062e+05 7.169369e+05 7.161573e+05 7.150797e+05 7.135093e+05 7.110909e+05 7.072793e+05 6.411895e+05 4.846415e+05 3.409269e+05 2.564852e+05 2.106412e+05 1.842375e+05 1.565512e+05 1.427981e+05 1.350950e+05 1.307769e+05 1.286808e+05 1.284168e+05
6.956210e+05 6.956210e+05 6.956210e+05 6.956209e+05 6.956208e+05 6.956144e+05 6.955901e+05 6.954702e+05 6.953685e+05 6.952360e+05 6.948711e+05 6.943586e+05 6.936673e+05 6.927154e+05 6.913171e+05 6.891309e+05 6.856301e+05 6.229699e+05 4.725556e+05 3.339309e+05 2.524062e+05 2.081611e+05 1.826695e+05 1.558098e+05 1.423111e+05 1.346748e+05 1.304174e+05 1.284161e+05 1.282533e+05
6.742572e+05 6.742572e+05 6.742572e+05 6.742571e+05 6.742568e+05 6.742470e+05 6.742131e+05 6.740701e+05 6.739607e+05 6.738253e+05 6.734712e+05 6.729945e+05 6.723664e+05 6.715094e+05 6.702456e+05 6.682468e+05 6.650051e+05 6.054581e+05 4.608919e+05 3.271508e+05 2.484044e+05 2.056786e+05 1.810669e+05 1.550424e+05 1.418239e+05 1.342754e+05 1.300651e+05 1.281546e+05 1.280931e+05
6.538309e+05 6.538309e+05 6.538309e+05 6.538308e+05 6.538306e+05 6.538234e+05 6.537963e+05 6.536744e+05 6.535779e+05 6.534567e+05 6.531377e+05 6.527078e+05 6.521425e+05 6.513696e+05 6.502202e+05 6.483798e+05 6.453600e+05 5.886538e+05 4.496522e+05 3.205919e+05 2.444917e+05 2.032053e+05 1.794360e+05 1.542458e+05 1.413314e+05 1.338896e+05 1.297236e+05 1.278978e+05 1.279373e+05
6.343625e+05 6.343625e+05 6.343625e+05 6.343624e+05 6.343623e+05 6.343562e+05 6.343350e+05 6.342400e+05 6.341624e+05 6.340626e+05 6.337916e+05 6.334166e+05 6.329150e+05 6.322199e+05 6.311713e+05 6.294684e+05 6.266423e+05 5.725426e+05 4.388302e+05 3.142537e+05 2.406749e+05 2.007507e+05 1.777833e+05 1.534182e+05 1.408295e+05 1.335128e+05 1.293975e+05 1.276478e+05 1.277869e+05
6.159014e+05 6.159014e+05 6.159014e+05 6.159013e+05 6.159012e+05 6.158961e+05 6.158781e+05 6.157966e+05 6.157302e+05 6.156446e+05 6.154096e+05 6.150791e+05 6.146308e+05 6.140014e+05 6.130386e+05 6.114545e+05 6.087984e+05 5.571012e+05 4.284140e+05 3.081313e+05 2.369576e+05 1.983225e+05 1.761153e+05 1.525589e+05 1.403146e+05 1.331414e+05 1.290922e+05 1.274067e+05 1.276434e+05
5.983943e+05 5.983943e+05 5.983943e+05 5.983943e+05 5.983942e+05 5.983898e+05 5.983742e+05 5.983030e+05 5.982437e+05 5.981661e+05 5.979509e+05 5.976470e+05 5.972351e+05 5.966556e+05 5.957629e+05 5.942803e+05 5.917740e+05 5.423014e+05 4.183889e+05 3.022170e+05 2.333401e+05 1.959261e+05 1.744382e+05 1.516685e+05 1.397840e+05 1.327721e+05 1.288037e+05 1.271768e+05 1.275080e+05
5.817935e+05 5.817935e+05 5.817935e+05 5.817934e+05 5.817933e+05 5.817893e+05 5.817744e+05 5.816994e+05 5.816365e+05 5.815558e+05 5.813395e+05 5.810450e+05 5.806555e+05 5.801139e+05 5.792795e+05 5.778856e+05 5.755135e+05 5.281127e+05 4.087381e+05 2.965020e+05 2.298211e+05 1.935657e+05 1.727575e+05 1.507483e+05 1.392356e+05 1.324023e+05 1.285282e+05 1.269614e+05 1.273824e+05
5.659704e+05 5.659704e+05 5.659704e+05 5.659704e+05 5.659701e+05 5.659615e+05 5.659344e+05 5.658341e+05 5.657624e+05 5.656761e+05 5.654581e+05 5.651742e+05 5.648076e+05 5.643026e+05 5.635232e+05 5.622117e+05 5.599639e+05 5.145048e+05 3.994447e+05 2.909761e+05 2.263975e+05 1.912437e+05 1.710781e+05 1.498006e+05 1.386682e+05 1.320298e+05 1.282633e+05 1.267648e+05 1.272683e+05
5.506206e+05 5.506206e+05 5.506206e+05 5.506206e+05 5.506205e+05 5.506161e+05 5.506009e+05 5.505302e+05 5.504726e+05 5.504000e+05 5.502092e+05 5.499553e+05 5.496237e+05 5.491621e+05 5.484399e+05 5.472089e+05 5.450791e+05 5.014487e+05 3.904917e+05 2.856295e+05 2.230655e+05 1.889616e+05 1.694043e+05 1.488280e+05 1.380810e+05 1.316528e+05 1.280069e+05 1.265889e+05 1.271677e+05
5.359161e+05 5.359161e+05 5.359161e+05 5.359161e+05 5.359159e+05 5.359120e+05 5.358986e+05 5.358413e+05 5.357957e+05 5.357374e+05 5.355802e+05 5.353638e+05 5.350734e+05 5.346586e+05 5.339941e+05 5.328409e+05 5.308232e+05 4.889175e+05 3.818631e+05 2.804524e+05 2.198207e+05 1.867199e+05 1.677394e+05 1.478336e+05 1.374741e+05 1.312699e+05 1.277573e+05 1.264304e+05 1.270827e+05
5.218586e+05 5.218586e+05 5.218586e+05 5.218586e+05 5.218585e+05 5.218559e+05 5.218466e+05 5.218023e+05 5.217655e+05 5.217177e+05 5.215863e+05 5.214012e+05 5.211468e+05 5.207743e+05 5.201627e+05 5.190814e+05 5.171676e+05 4.768865e+05 3.735435e+05 2.754356e+05 2.166589e+05 1.845185e+05 1.660866e+05 1.468209e+05 1.368481e+05 1.308799e+05 1.275133e+05 1.262873e+05 1.270164e+05
5.084685e+05 5.084685e+05 5.084685e+05 5.084685e+05 5.084684e+05 5.084656e+05 5.084561e+05 5.084151e+05 5.083823e+05 5.083402e+05 5.082241e+05 5.080593e+05 5.078307e+05 5.074910e+05 5.069235e+05 5.059056e+05 5.040864e+05 4.653326e+05 3.655187e+05 2.705704e+05 2.135755e+05 1.823570e+05 1.644482e+05 1.457934e+05 1.362039e+05 1.304824e+05 1.272735e+05 1.261581e+05 1.269726e+05
4.956877e+05 4.956877e+05 4.956877e+05 4.956877e+05 4.956877e+05 4.956861e+05 4.956798e+05 4.956461e+05 4.956161e+05 4.955763e+05 4.954655e+05 4.953098e+05 4.950964e+05 4.947802e+05 4.942485e+05 4.932855e+05 4.915517e+05 4.542339e+05 3.577754e+05 2.658493e+05 2.105667e+05 1.802347e+05 1.628263e+05 1.447546e+05 1.355431e+05 1.300769e+05 1.270373e+05 1.260419e+05 1.269505e+05
4.835232e+05 4.835232e+05 4.835232e+05 4.835231e+05 4.835230e+05 4.835186e+05 4.835057e+05 4.834557e+05 4.834187e+05 4.833735e+05 4.832574e+05 4.831042e+05 4.829009e+05 4.826038e+05 4.821030e+05 4.811895e+05 4.795343e+05 4.435693e+05 3.503010e+05 2.612652e+05 2.076287e+05 1.781507e+05 1.612225e+05 1.437080e+05 1.348676e+05 1.296636e+05 1.268038e+05 1.259376e+05 1.269482e+05
4.717781e+05 4.717781e+05 4.717781e+05 4.717780e+05 4.717779e+05 4.717746e+05 4.717635e+05 4.717171e+05 4.716820e+05 4.716391e+05 4.715298e+05 4.713868e+05 4.711985e+05 4.709225e+05 4.704527e+05 4.695866e+05 4.680056e+05 4.333188e+05 3.430841e+05 2.568118e+05 2.047582e+05 1.761042e+05 1.596382e+05 1.426572e+05 1.341797e+05 1.292429e+05 1.265727e+05 1.258447e+05 1.269647e+05
4.604386e+05 4.604386e+05 4.604386e+05 4.604386e+05 4.604385e+05 4.604365e+05 4.604297e+05 4.603988e+05 4.603731e+05 4.603399e+05 4.602501e+05 4.601269e+05 4.599598e+05 4.597085e+05 4.592709e+05 4.584512e+05 4.569409e+05 4.234638e+05 3.361139e+05 2.524837e+05 2.019525e+05 1.740946e+05 1.580747e+05 1.416055e+05 1.334816e+05 1.288155e+05 1.263437e+05 1.257626e+05 1.269990e+05
4.495815e+05 4.495815e+05 4.495815e+05 4.495815e+05 4.495814e+05 4.495797e+05 4.495737e+05 4.495474e+05 4.495261e+05 4.494987e+05 4.494240e+05 4.493192e+05 4.491730e+05 4.489460e+05 4.485393e+05 4.477636e+05 4.463200e+05 4.139866e+05 3.293802e+05 2.482759e+05 1.992092e+05 1.721212e+05 1.565330e+05 1.405560e+05 1.327761e+05 1.283825e+05 1.261168e+05 1.256909e+05 1.270506e+05
4.391851e+05 4.391851e+05 4.391851e+05 4.391851e+05 4.391850e+05 4.391836e+05 4.391788e+05 4.391565e+05 4.391383e+05 4.391148e+05 4.390505e+05 4.389592e+05 4.388294e+05 4.386227e+05 4.382432e+05 4.375072e+05 4.361250e+05 4.048707e+05 3.228738e+05 2.441843e+05 1.965264e+05 1.701837e+05 1.550142e+05 1.395118e+05 1.320659e+05 1.279452e+05 1.258922e+05 1.256294e+05 1.271192e+05
4.292345e+05 4.292345e+05 4.292345e+05 4.292345e+05 4.292344e+05 4.292334e+05 4.292294e+05 4.292105e+05 4.291947e+05 4.291739e+05 4.291162e+05 4.290335e+05 4.289147e+05 4.287231e+05 4.283657e+05 4.276643e+05 4.263378e+05 3.961004e+05 3.165858e+05 2.402050e+05 1.939026e+05 1.682818e+05 1.535192e+05 1.384756e+05 1.313536e+05 1.275049e+05 1.256702e+05 1.255778e+05 1.272043e+05
4.197156e+05 4.197156e+05 4.197156e+05 4.197156e+05 4.197156e+05 4.197145e+05 4.197104e+05 4.196917e+05 4.196760e+05 4.196556e+05 4.195992e+05 4.195195e+05 4.194068e+05 4.192255e+05 4.188857e+05 4.182144e+05 4.169384e+05 3.876601e+05 3.105078e+05 2.363348e+05 1.913367e+05 1.664156e+05 1.520490e+05 1.374501e+05 1.306421e+05 1.270634e+05 1.254516e+05 1.255363e+05 1.273058e+05
4.105934e+05 4.105934e+05 4.105934e+05 4.105934e+05 4.105934e+05 4.105921e+05 4.105874e+05 4.105655e+05 4.105477e+05 4.105252e+05 4.104659e+05 4.103860e+05 4.102767e+05 4.101036e+05 4.097792e+05 4.091352e+05 4.079062e+05 3.795349e+05 3.046319e+05 2.325707e+05 1.888279e+05 1.645852e+05 1.506046e+05 1.364379e+05 1.299343e+05 1.266225e+05 1.252369e+05 1.255049e+05 1.274235e+05
4.018146e+05 4.018146e+05 4.018146e+05 4.018146e+05 4.018145e+05 4.018124e+05 4.018054e+05 4.017779e+05 4.017580e+05 4.017342e+05 4.016745e+05 4.015975e+05 4.014941e+05 4.013309e+05 4.010224e+05 4.004052e+05 3.992210e+05 3.717106e+05 2.989507e+05 2.289102e+05 1.863756e+05 1.627908e+05 1.491870e+05 1.354412e+05 1.292327e+05 1.261841e+05 1.250271e+05 1.254838e+05 1.275574e+05
3.933019e+05 3.933019e+05 3.933019e+05 3.933019e+05 3.933019e+05 3.933011e+05 3.932974e+05 3.932792e+05 3.932644e+05 3.932456e+05 3.931962e+05 3.931295e+05 3.930373e+05 3.928872e+05 3.925966e+05 3.920064e+05 3.908656e+05 3.641737e+05 2.934570e+05 2.253509e+05 1.839796e+05 1.610332e+05 1.477972e+05 1.344623e+05 1.285400e+05 1.257502e+05 1.248233e+05 1.254735e+05 1.277075e+05
3.851063e+05 3.851063e+05 3.851063e+05 3.851063e+05 3.851063e+05 3.851057e+05 3.851035e+05 3.850923e+05 3.850824e+05 3.850691e+05 3.850314e+05 3.849771e+05 3.848978e+05 3.847620e+05 3.844894e+05 3.839255e+05 3.828261e+05 3.569115e+05 2.881441e+05 2.218907e+05 1.816398e+05 1.593128e+05 1.464363e+05 1.335032e+05 1.278589e+05 1.253229e+05 1.246266e+05 1.254743e+05 1.278739e+05
3.772522e+05 3.772522e+05 3.772522e+05 3.772522e+05 3.772521e+05 3.772515e+05 3.772490e+05 3.772381e+05 3.772294e+05 3.772181e+05 3.771870e+05 3.771415e+05 3.770725e+05 3.769488e+05 3.766920e+05 3.761517e+05 3.750905e+05 3.499120e+05 2.830053e+05 2.185276e+05 1.793563e+05 1.576304e+05 1.451054e+05 1.325659e+05 1.271917e+05 1.249043e+05 1.244382e+05 1.254869e+05 1.280567e+05
3.697095e+05 3.697095e+05 3.697095e+05 3.697095e+05 3.697095e+05 3.697092e+05 3.697078e+05 3.697000e+05 3.696931e+05 3.696839e+05 3.696573e+05 3.696172e+05 3.695545e+05 3.694388e+05 3.691940e+05 3.686736e+05 3.676465e+05 3.431634e+05 2.780346e+05 2.152601e+05 1.771292e+05 1.559869e+05 1.438057e+05 1.316522e+05 1.265409e+05 1.244965e+05 1.242595e+05 1.255119e+05 1.282563e+05
3.624796e+05 3.624796e+05 3.624796e+05 3.624796e+05 3.624795e+05 3.624793e+05 3.624781e+05 3.624714e+05 3.624652e+05 3.624565e+05 3.624309e+05 3.623916e+05 3.623305e+05 3.622184e+05 3.619813e+05 3.614767e+05 3.604794e+05 3.366538e+05 2.732258e+05 2.120864e+05 1.749588e+05 1.543832e+05 1.425383e+05 1.307639e+05 1.259085e+05 1.241016e+05 1.240921e+05 1.255501e+05 1.284730e+05
3.555487e+05 3.555487e+05 3.555487e+05 3.555487e+05 3.555487e+05 3.555481e+05 3.555461e+05 3.555365e+05 3.555284e+05 3.555176e+05 3.554872e+05 3.554437e+05 3.553797e+05 3.552674e+05 3.550349e+05 3.545431e+05 3.535726e+05 3.303716e+05 2.685732e+05 2.090050e+05 1.728456e+05 1.528202e+05 1.413044e+05 1.299024e+05 1.252969e+05 1.237216e+05 1.239372e+05 1.256023e+05 1.287070e+05
3.488779e+05 3.488779e+05 3.488779e+05 3.488779e+05 3.488779e+05 3.488767e+05 3.488730e+05 3.488573e+05 3.488452e+05 3.488303e+05 3.487922e+05 3.487425e+05 3.486747e+05 3.485615e+05 3.483328e+05 3.478532e+05 3.469082e+05 3.243055e+05 2.640713e+05 2.060146e+05 1.707900e+05 1.512991e+05 1.401052e+05 1.290695e+05 1.247080e+05 1.233586e+05 1.237966e+05 1.256694e+05 1.289590e+05
3.424049e+05 3.424049e+05 3.424049e+05 3.424049e+05 3.424049e+05 3.424033e+05 3.423982e+05 3.423784e+05 3.423642e+05 3.423474e+05 3.423065e+05 3.422553e+05 3.421876e+05 3.420768e+05 3.418546e+05 3.413886e+05 3.404696e+05 3.184451e+05 2.597152e+05 2.031141e+05 1.687925e+05 1.498209e+05 1.389419e+05 1.282666e+05 1.241436e+05 1.230145e+05 1.236717e+05 1.257525e+05 1.292294e+05
3.360817e+05 3.360817e+05 3.360817e+05 3.360817e+05 3.360816e+05 3.360809e+05 3.360783e+05 3.360652e+05 3.360546e+05 3.360413e+05 3.360071e+05 3.359624e+05 3.359011e+05 3.357977e+05 3.355856e+05 3.351358e+05 3.342443e+05 3.127812e+05 2.555002e+05 2.003022e+05 1.668537e+05 1.483867e+05 1.378158e+05 1.274951e+05 1.236055e+05 1.226913e+05 1.235640e+05 1.258524e+05 1.295187e+05
3.299507e+05 3.299507e+05 3.299507e+05 3.299506e+05 3.299506e+05 3.299499e+05 3.299477e+05 3.299389e+05 3.299320e+05 3.299230e+05 3.298983e+05 3.298634e+05 3.298120e+05 3.297189e+05 3.295193e+05 3.290875e+05 3.282242e+05 3.073062e+05 2.514222e+05 1.975781e+05 1.649740e+05 1.469974e+05 1.367279e+05 1.267563e+05 1.230955e+05 1.223907e+05 1.234753e+05 1.259704e+05 1.298277e+05
3.240254e+05 3.240254e+05 3.240254e+05 3.240254e+05 3.240254e+05 3.240252e+05 3.240247e+05 3.240208e+05 3.240168e+05 3.240110e+05 3.239937e+05 3.239670e+05 3.239245e+05 3.238414e+05 3.236542e+05 3.232400e+05 3.224044e+05 3.020136e+05 2.474774e+05 1.949408e+05 1.631542e+05 1.456543e+05 1.356795e+05 1.260515e+05 1.226151e+05 1.221145e+05 1.234069e+05 1.261075e+05 1.301569e+05
3.183292e+05 3.183292e+05 3.183292e+05 3.183292e+05 3.183292e+05 3.183290e+05 3.183281e+05 3.183236e+05 3.183197e+05 3.183145e+05 3.182997e+05 3.182774e+05 3.182409e+05 3.181655e+05 3.179889e+05 3.175909e+05 3.167813e+05 2.968975e+05 2.436625e+05 1.923897e+05 1.613947e+05 1.443583e+05 1.346718e+05 1.253818e+05 1.221657e+05 1.218643e+05 1.233605e+05 1.262648e+05 1.305072e+05
3.128407e+05 3.128407e+05 3.128407e+05 3.128407e+05 3.128407e+05 3.128403e+05 3.128390e+05 3.128334e+05 3.128292e+05 3.128241e+05 3.128105e+05 3.127908e+05 3.127582e+05 3.126883e+05 3.125201e+05 3.121360e+05 3.113504e+05 2.919528e+05 2.399744e+05 1.899239e+05 1.596961e+05 1.431106e+05 1.337058e+05 1.247486e+05 1.217488e+05 1.216418e+05 1.233375e+05 1.264436e+05 1.308791e+05
3.075365e+05 3.075365e+05 3.075365e+05 3.075365e+05 3.075365e+05 3.075366e+05 3.075363e+05 3.075339e+05 3.075314e+05 3.075279e+05 3.075170e+05 3.074997e+05 3.074696e+05 3.074035e+05 3.072417e+05 3.068696e+05 3.061055e+05 2.871740e+05 2.364102e+05 1.875430e+05 1.580591e+05 1.419120e+05 1.327826e+05 1.241527e+05 1.213656e+05 1.214484e+05 1.233394e+05 1.266449e+05 1.312737e+05
3.024307e+05 3.024307e+05 3.024307e+05 3.024307e+05 3.024307e+05 3.024308e+05 3.024309e+05 3.024297e+05 3.024277e+05 3.024245e+05 3.024139e+05 3.023967e+05 3.023671e+05 3.023028e+05 3.021456e+05 3.017837e+05 3.010394e+05 2.825558e+05 2.329672e+05 1.852463e+05 1.564841e+05 1.407636e+05 1.319034e+05 1.235954e+05 1.210174e+05 1.212857e+05 1.233677e+05 1.268701e+05 1.316916e+05
2.975230e+05 2.975230e+05 2.975230e+05 2.975230e+05 2.975229e+05 2.975224e+05 2.975207e+05 2.975145e+05 2.975100e+05 2.975044e+05 2.974899e+05 2.974700e+05 2.974391e+05 2.973753e+05 2.972218e+05 2.968691e+05 2.961435e+05 2.780929e+05 2.296429e+05 1.830335e+05 1.549717e+05 1.396663e+05 1.310690e+05 1.230775e+05 1.207052e+05 1.211548e+05 1.234238e+05 1.271202e+05 1.321338e+05
2.927631e+05 2.927631e+05 2.927631e+05 2.927631e+05 2.927631e+05 2.927625e+05 2.927605e+05 2.927528e+05 2.927472e+05 2.927405e+05 2.927240e+05 2.927028e+05 2.926715e+05 2.926089e+05 2.924597e+05 2.921165e+05 2.914096e+05 2.737805e+05 2.264351e+05 1.809039e+05 1.535224e+05 1.386209e+05 1.302805e+05 1.226000e+05 1.204302e+05 1.210572e+05 1.235089e+05 1.273965e+05 1.326011e+05
2.881312e+05 2.881312e+05 2.881312e+05 2.881312e+05 2.881312e+05 2.881310e+05 2.881301e+05 2.881252e+05 2.881210e+05 2.881155e+05 2.881012e+05 2.880818e+05 2.880528e+05 2.879936e+05 2.878503e+05 2.875180e+05 2.868307e+05 2.696144e+05 2.233417e+05 1.788574e+05 1.521367e+05 1.376283e+05 1.295388e+05 1.221637e+05 1.201933e+05 1.209939e+05 1.236244e+05 1.277001e+05 1.330944e+05
2.836423e+05 2.836423e+05 2.836423e+05 2.836423e+05 2.836423e+05 2.836420e+05 2.836412e+05 2.836373e+05 2.836340e+05 2.836297e+05 2.836181e+05 2.836022e+05 2.835775e+05 2.835239e+05 2.833885e+05 2.830687e+05 2.824020e+05 2.655914e+05 2.203611e+05 1.768936e+05 1.508151e+05 1.366893e+05 1.288446e+05 1.217696e+05 1.199955e+05 1.209662e+05 1.237714e+05 1.280321e+05 1.336147e+05
2.792938e+05 2.792938e+05 2.792938e+05 2.792938e+05 2.792938e+05 2.792936e+05 2.792929e+05 2.792894e+05 2.792866e+05 2.792832e+05 2.792747e+05 2.792634e+05 2.792446e+05 2.791983e+05 2.790726e+05 2.787668e+05 2.781217e+05 2.617091e+05 2.174920e+05 1.750122e+05 1.495579e+05 1.358045e+05 1.281989e+05 1.214184e+05 1.198376e+05 1.209751e+05 1.239513e+05 1.283937e+05 1.341628e+05
2.750806e+05 2.750806e+05 2.750806e+05 2.750806e+05 2.750806e+05 2.750804e+05 2.750797e+05 2.750775e+05 2.750763e+05 2.750749e+05 2.750718e+05 2.750673e+05 2.750564e+05 2.750191e+05 2.749043e+05 2.746133e+05 2.739901e+05 2.579661e+05 2.147331e+05 1.732130e+05 1.483655e+05 1.349746e+05 1.276024e+05 1.211108e+05 1.197204e+05 1.210216e+05 1.241651e+05 1.287860e+05 1.347397e+05
2.710013e+05 2.710013e+05 2.710013e+05 2.710013e+05 2.710013e+05 2.710019e+05 2.710034e+05 2.710077e+05 2.710101e+05 2.710126e+05 2.710175e+05 2.710215e+05 2.710193e+05 2.709914e+05 2.708874e+05 2.706109e+05 2.700089e+05 2.543613e+05 2.120835e+05 1.714957e+05 1.472383e+05 1.342002e+05 1.270556e+05 1.208475e+05 1.196447e+05 1.211066e+05 1.244139e+05 1.292102e+05 1.353463e+05
2.670974e+05 2.670974e+05 2.670974e+05 2.670974e+05 2.670974e+05 2.670980e+05 2.670997e+05 2.671060e+05 2.671104e+05 2.671154e+05 2.671263e+05 2.671369e+05 2.671417e+05 2.671212e+05 2.670263e+05 2.667624e+05 2.661798e+05 2.508935e+05 2.095420e+05 1.698602e+05 1.461765e+05 1.334819e+05 1.265593e+05 1.206292e+05 1.196112e+05 1.212310e+05 1.246987e+05 1.296671e+05 1.359835e+05
2.633719e+05 2.633719e+05 2.633719e+05 2.633720e+05 2.633720e+05 2.633727e+05 2.633748e+05 2.633824e+05 2.633877e+05 2.633936e+05 2.634069e+05 2.634202e+05 2.634282e+05 2.634117e+05 2.633227e+05 2.630686e+05 2.625028e+05 2.475612e+05 2.071077e+05 1.683061e+05 1.451803e+05 1.328200e+05 1.261140e+05 1.204563e+05 1.196206e+05 1.213956e+05 1.250206e+05 1.301579e+05 1.366522e+05
2.598255e+05 2.598255e+05 2.598255e+05 2.598255e+05 2.598256e+05 2.598263e+05 2.598284e+05 2.598359e+05 2.598408e+05 2.598461e+05 2.598576e+05 2.598692e+05 2.598760e+05 2.598598e+05 2.597735e+05 2.595264e+05 2.589748e+05 2.443624e+05 2.047794e+05 1.668331e+05 1.442499e+05 1.322150e+05 1.257203e+05 1.203296e+05 1.196734e+05 1.216012e+05 1.253805e+05 1.306836e+05 1.373534e+05
2.564519e+05 2.564519e+05 2.564519e+05 2.564519e+05 2.564519e+05 2.564520e+05 2.564524e+05 2.564548e+05 2.564567e+05 2.564590e+05 2.564647e+05 2.564713e+05 2.564745e+05 2.564563e+05 2.563709e+05 2.561293e+05 2.555904e+05 2.412944e+05 2.025559e+05 1.654407e+05 1.433853e+05 1.316672e+05 1.253784e+05 1.202495e+05 1.197703e+05 1.218486e+05 1.257793e+05 1.312451e+05 1.380880e+05
2.532042e+05 2.532042e+05 2.532042e+05 2.532042e+05 2.532042e+05 2.532042e+05 2.532041e+05 2.532037e+05 2.532035e+05 2.532036e+05 2.532049e+05 2.532076e+05 2.532079e+05 2.531887e+05 2.531048e+05 2.528690e+05 2.523429e+05 2.383544e+05 2.004359e+05 1.641287e+05 1.425866e+05 1.311768e+05 1.250889e+05 1.202164e+05 1.199118e+05 1.221385e+05 1.262178e+05 1.318434e+05 1.388569e+05
2.500564e+05 2.500564e+05 2.500564e+05 2.500564e+05 2.500564e+05 2.500564e+05 2.500566e+05 2.500570e+05 2.500572e+05 2.500575e+05 2.500591e+05 2.500623e+05 2.500637e+05 2.500466e+05 2.499668e+05 2.497386e+05 2.492265e+05 2.355398e+05 1.984182e+05 1.628963e+05 1.418536e+05 1.307441e+05 1.248521e+05 1.202309e+05 1.200984e+05 1.224714e+05 1.266968e+05 1.324794e+05 1.396608e+05
2.470112e+05 2.470112e+05 2.470112e+05 2.470112e+05 2.470112e+05 2.470114e+05 2.470119e+05 2.470137e+05 2.470151e+05 2.470169e+05 2.470225e+05 2.470304e+05 2.470371e+05 2.470258e+05 2.469531e+05 2.467349e+05 2.462383e+05 2.328485e+05 1.965014e+05 1.617432e+05 1.411864e+05 1.303691e+05 1.246682e+05 1.202933e+05 1.203306e+05 1.228480e+05 1.272172e+05 1.331540e+05 1.405008e+05
2.440730e+05 2.440730e+05 2.440730e+05 2.440730e+05 2.440730e+05 2.440732e+05 2.440740e+05 2.440789e+05 2.440830e+05 2.440881e+05 2.441013e+05 2.441176e+05 2.441325e+05 2.441296e+05 2.440659e+05 2.438590e+05 2.433785e+05 2.302791e+05 1.946843e+05 1.606686e+05 1.405846e+05 1.300520e+05 1.245374e+05 1.204039e+05 1.206089e+05 1.232690e+05 1.277797e+05 1.338679e+05 1.413777e+05
2.412555e+05 2.412555e+05 2.412555e+05 2.412555e+05 2.412556e+05 2.412567e+05 2.412602e+05 2.412726e+05 2.412810e+05 2.412905e+05 2.413125e+05 2.413373e+05 2.413604e+05 2.413654e+05 2.413103e+05 2.411141e+05 2.406492e+05 2.278302e+05 1.929658e+05 1.596720e+05 1.400481e+05 1.297927e+05 1.244600e+05 1.205631e+05 1.209336e+05 1.237348e+05 1.283850e+05 1.346221e+05 1.422922e+05
2.386114e+05 2.386114e+05 2.386114e+05 2.386114e+05 2.386115e+05 2.386126e+05 2.386161e+05 2.386293e+05 2.386386e+05 2.386493e+05 2.386746e+05 2.387032e+05 2.387306e+05 2.387403e+05 2.386910e+05 2.385033e+05 2.380518e+05 2.255007e+05 1.913445e+05 1.587526e+05 1.395765e+05 1.295913e+05 1.244361e+05 1.207713e+05 1.213053e+05 1.242461e+05 1.290337e+05 1.354174e+05 1.432453e+05
2.361364e+05 2.361364e+05 2.361364e+05 2.361364e+05 2.361364e+05 2.361372e+05 2.361398e+05 2.361502e+05 2.361580e+05 2.361674e+05 2.361905e+05 2.362179e+05 2.362448e+05 2.362552e+05 2.362083e+05 2.360261e+05 2.355855e+05 2.232885e+05 1.898190e+05 1.579096e+05 1.391696e+05 1.294476e+05 1.244658e+05 1.210286e+05 1.217242e+05 1.248033e+05 1.297266e+05 1.362544e+05 1.442377e+05
