1.844435e+08 1.587752e+08 1.455871e+08 1.104748e+08 9.663954e+07 7.209181e+07 6.750886e+07 6.600769e+07 6.602754e+07 6.620861e+07 6.680793e+07 6.756525e+07 6.839852e+07 6.926357e+07 7.012779e+07 7.096352e+07 7.174647e+07 7.426183e+07 7.389835e+07 7.144163e+07 6.837650e+07 6.577101e+07 6.406694e+07 6.347064e+07 6.608225e+07 7.150740e+07 7.967060e+07 9.054907e+07 1.040261e+08
7.040404e+07 7.040490e+07 7.040698e+07 7.041088e+07 7.018917e+07 6.788131e+07 6.635465e+07 6.581605e+07 6.594530e+07 6.618396e+07 6.683914e+07 6.762215e+07 6.846957e+07 6.934319e+07 7.021275e+07 7.105160e+07 7.183602e+07 7.434273e+07 7.395892e+07 7.148338e+07 6.840581e+07 6.579396e+07 6.408773e+07 6.349370e+07 6.611188e+07 7.154652e+07 7.972178e+07 9.061438e+07 1.041068e+08
6.596064e+07 6.596092e+07 6.596171e+07 6.597781e+07 6.599466e+07 6.606929e+07 6.536068e+07 6.555957e+07 6.582955e+07 6.614205e+07 6.686704e+07 6.768073e+07 6.854426e+07 6.942722e+07 7.030230e+07 7.114421e+07 7.192986e+07 7.442619e+07 7.402067e+07 7.152559e+07 6.843529e+07 6.581700e+07 6.410862e+07 6.351695e+07 6.614180e+07 7.158600e+07 7.977341e+07 9.068023e+07 1.041882e+08
6.502897e+07 6.502911e+07 6.502952e+07 6.503896e+07 6.505720e+07 6.479997e+07 6.553960e+07 6.528990e+07 6.568223e+07 6.607804e+07 6.688797e+07 6.773898e+07 6.862148e+07 6.951498e+07 7.039605e+07 7.124106e+07 7.202781e+07 7.451213e+07 7.408355e+07 7.156820e+07 6.846489e+07 6.584011e+07 6.412961e+07 6.354039e+07 6.617199e+07 7.162585e+07 7.982549e+07 9.074661e+07 1.042701e+08
6.487560e+07 6.487568e+07 6.487592e+07 6.488187e+07 6.489522e+07 6.472141e+07 6.529344e+07 6.531456e+07 6.557032e+07 6.600710e+07 6.690054e+07 6.779501e+07 6.869993e+07 6.960566e+07 7.049344e+07 7.134180e+07 7.212959e+07 7.460044e+07 7.414748e+07 7.161119e+07 6.849461e+07 6.586328e+07 6.415069e+07 6.356402e+07 6.620247e+07 7.166606e+07 7.987802e+07 9.081352e+07 1.043527e+08
6.496128e+07 6.496133e+07 6.496150e+07 6.496566e+07 6.497560e+07 6.492738e+07 6.501178e+07 6.574254e+07 6.571056e+07 6.599449e+07 6.691180e+07 6.784868e+07 6.877869e+07 6.969845e+07 7.059389e+07 7.144598e+07 7.223488e+07 7.469100e+07 7.421239e+07 7.165449e+07 6.852440e+07 6.588649e+07 6.417184e+07 6.358783e+07 6.623322e+07 7.170664e+07 7.993101e+07 9.088097e+07 1.044359e+08
6.514179e+07 6.514183e+07 6.514195e+07 6.514502e+07 6.515275e+07 6.517227e+07 6.502234e+07 6.613245e+07 6.612613e+07 6.619510e+07 6.694482e+07 6.790392e+07 6.885798e+07 6.979288e+07 7.069687e+07 7.155317e+07 7.234333e+07 7.478366e+07 7.427820e+07 7.169807e+07 6.855424e+07 6.590972e+07 6.419305e+07 6.361183e+07 6.626426e+07 7.174759e+07 7.998445e+07 9.094896e+07 1.045196e+08
6.537179e+07 6.537182e+07 6.537191e+07 6.537430e+07 6.538055e+07 6.542990e+07 6.524674e+07 6.633374e+07 6.655441e+07 6.659517e+07 6.704812e+07 6.797132e+07 6.894023e+07 6.988929e+07 7.080217e+07 7.166303e+07 7.245461e+07 7.487826e+07 7.434481e+07 7.174185e+07 6.858410e+07 6.593295e+07 6.421433e+07 6.363600e+07 6.629557e+07 7.178891e+07 8.003835e+07 9.101749e+07 1.046040e+08
6.563468e+07 6.563471e+07 6.563478e+07 6.563675e+07 6.564196e+07 6.570287e+07 6.556674e+07 6.641034e+07 6.687174e+07 6.702707e+07 6.730542e+07 6.807092e+07 6.903110e+07 6.998923e+07 7.091008e+07 7.177545e+07 7.256849e+07 7.497463e+07 7.441212e+07 7.178580e+07 6.861394e+07 6.595618e+07 6.423565e+07 6.366036e+07 6.632717e+07 7.183060e+07 8.009271e+07 9.108656e+07 1.046891e+08
6.592293e+07 6.592295e+07 6.592301e+07 6.592466e+07 6.592909e+07 6.599315e+07 6.591839e+07 6.647209e+07 6.707145e+07 6.739858e+07 6.768058e+07 6.823757e+07 6.914064e+07 7.009609e+07 7.102168e+07 7.189068e+07 7.268490e+07 7.507258e+07 7.448003e+07 7.182984e+07 6.864373e+07 6.597936e+07 6.425701e+07 6.368489e+07 6.635904e+07 7.187266e+07 8.014753e+07 9.115618e+07 1.047747e+08
6.623194e+07 6.623196e+07 6.623200e+07 6.623338e+07 6.623716e+07 6.630039e+07 6.627748e+07 6.658778e+07 6.720557e+07 6.768157e+07 6.809472e+07 6.851807e+07 6.928474e+07 7.021551e+07 7.113910e+07 7.200945e+07 7.280403e+07 7.517194e+07 7.454842e+07 7.187391e+07 6.867343e+07 6.600250e+07 6.427839e+07 6.370959e+07 6.639120e+07 7.191509e+07 8.020281e+07 9.122635e+07 1.048610e+08
6.797575e+07 6.797576e+07 6.797578e+07 6.797653e+07 6.797866e+07 6.802589e+07 6.809729e+07 6.808400e+07 6.824153e+07 6.863674e+07 6.967196e+07 7.040781e+07 7.089093e+07 7.138843e+07 7.200602e+07 7.273842e+07 7.347607e+07 7.568525e+07 7.489374e+07 7.209238e+07 6.881935e+07 6.611668e+07 6.438530e+07 6.383556e+07 6.655616e+07 7.213290e+07 8.048623e+07 9.158549e+07 1.053017e+08
6.987921e+07 6.987922e+07 6.987923e+07 6.987972e+07 6.988114e+07 6.991605e+07 6.998970e+07 7.007946e+07 7.009890e+07 7.020319e+07 7.084570e+07 7.180263e+07 7.263606e+07 7.323388e+07 7.369610e+07 7.412475e+07 7.456230e+07 7.622827e+07 7.523548e+07 7.230152e+07 6.895734e+07 6.622636e+07 6.449111e+07 6.396532e+07 6.672806e+07 7.236017e+07 8.078148e+07 9.195865e+07 1.057584e+08
7.185420e+07 7.185420e+07 7.185421e+07 7.185457e+07 7.185562e+07 7.188317e+07 7.194923e+07 7.209529e+07 7.214153e+07 7.218819e+07 7.246878e+07 7.313365e+07 7.400281e+07 7.480677e+07 7.541952e+07 7.585239e+07 7.616395e+07 7.685277e+07 7.556826e+07 7.249405e+07 6.908276e+07 6.632889e+07 6.459434e+07 6.409842e+07 6.690679e+07 7.259698e+07 8.108874e+07 9.234609e+07 1.062313e+08
7.389746e+07 7.389746e+07 7.389747e+07 7.389775e+07 7.389858e+07 7.392140e+07 7.398004e+07 7.414161e+07 7.421636e+07 7.427784e+07 7.442875e+07 7.478718e+07 7.540797e+07 7.615461e+07 7.685006e+07 7.738688e+07 7.774115e+07 7.771549e+07 7.590381e+07 7.266673e+07 6.919209e+07 6.642199e+07 6.469362e+07 6.423441e+07 6.709225e+07 7.284340e+07 8.140819e+07 9.274805e+07 1.067207e+08
7.601827e+07 7.601827e+07 7.601828e+07 7.601851e+07 7.601921e+07 7.603907e+07 7.609231e+07 7.624984e+07 7.632960e+07 7.639690e+07 7.650114e+07 7.666527e+07 7.700785e+07 7.752764e+07 7.812066e+07 7.866256e+07 7.906674e+07 7.877813e+07 7.628290e+07 7.282352e+07 6.928418e+07 6.650423e+07 6.478796e+07 6.437289e+07 6.728432e+07 7.309947e+07 8.173997e+07 9.316475e+07 1.072270e+08
7.823873e+07 7.823873e+07 7.823873e+07 7.823894e+07 7.823955e+07 7.825537e+07 7.828873e+07 7.837673e+07 7.842258e+07 7.846253e+07 7.851395e+07 7.856273e+07 7.869838e+07 7.897538e+07 7.936753e+07 7.979322e+07 8.016152e+07 7.981833e+07 7.678764e+07 7.297907e+07 6.936148e+07 6.657564e+07 6.487696e+07 6.451359e+07 6.748291e+07 7.336525e+07 8.208423e+07 9.359641e+07 1.077502e+08
8.014333e+07 8.014333e+07 8.014334e+07 8.014344e+07 8.014376e+07 8.015212e+07 8.017231e+07 8.022674e+07 8.025617e+07 8.028273e+07 8.031271e+07 8.031205e+07 8.032780e+07 8.041938e+07 8.060663e+07 8.085811e+07 8.111128e+07 8.070030e+07 7.736496e+07 7.316476e+07 6.943134e+07 6.663820e+07 6.496111e+07 6.465641e+07 6.768797e+07 7.364076e+07 8.244112e+07 9.404324e+07 1.082908e+08
8.165358e+07 8.165358e+07 8.165359e+07 8.165369e+07 8.165400e+07 8.166281e+07 8.168667e+07 8.175920e+07 8.179734e+07 8.183019e+07 8.186515e+07 8.184897e+07 8.180187e+07 8.176980e+07 8.178949e+07 8.186462e+07 8.196614e+07 8.136668e+07 7.791390e+07 7.342579e+07 6.950760e+07 6.669646e+07 6.504205e+07 6.480157e+07 6.789950e+07 7.392607e+07 8.281076e+07 9.450543e+07 1.088488e+08
8.308796e+07 8.308796e+07 8.308796e+07 8.308806e+07 8.308837e+07 8.309714e+07 8.311855e+07 8.316857e+07 8.319014e+07 8.320611e+07 8.321133e+07 8.316755e+07 8.307534e+07 8.295979e+07 8.285434e+07 8.277872e+07 8.272879e+07 8.181846e+07 7.836729e+07 7.371962e+07 6.961531e+07 6.675808e+07 6.512284e+07 6.494962e+07 6.811764e+07 7.422126e+07 8.319329e+07 9.498317e+07 1.094246e+08
8.437208e+07 8.437208e+07 8.437208e+07 8.437207e+07 8.437206e+07 8.437143e+07 8.436858e+07 8.435928e+07 8.435352e+07 8.434517e+07 8.431089e+07 8.423609e+07 8.410914e+07 8.393780e+07 8.374509e+07 8.355399e+07 8.337450e+07 8.208517e+07 7.868644e+07 7.399854e+07 6.977780e+07 6.683492e+07 6.520823e+07 6.510158e+07 6.834263e+07 7.452648e+07 8.358887e+07 9.547667e+07 1.100184e+08
8.514696e+07 8.514696e+07 8.514696e+07 8.514700e+07 8.514710e+07 8.514977e+07 8.515593e+07 8.516688e+07 8.516629e+07 8.515874e+07 8.511568e+07 8.502452e+07 8.487549e+07 8.466951e+07 8.442084e+07 8.414977e+07 8.387205e+07 8.220186e+07 7.885908e+07 7.422949e+07 6.996557e+07 6.694699e+07 6.530505e+07 6.525898e+07 6.857491e+07 7.484191e+07 8.399768e+07 9.598613e+07 1.106304e+08
8.572756e+07 8.572756e+07 8.572756e+07 8.572759e+07 8.572770e+07 8.573069e+07 8.573709e+07 8.574055e+07 8.573219e+07 8.571497e+07 8.564960e+07 8.553641e+07 8.536758e+07 8.513974e+07 8.485904e+07 8.453968e+07 8.419695e+07 8.219839e+07 7.889336e+07 7.439137e+07 7.015415e+07 6.710416e+07 6.542307e+07 6.542397e+07 6.881512e+07 7.516783e+07 8.441992e+07 9.651175e+07 1.112609e+08
8.613188e+07 8.613188e+07 8.613188e+07 8.613185e+07 8.613175e+07 8.612797e+07 8.611553e+07 8.607082e+07 8.603907e+07 8.600046e+07 8.589998e+07 8.576280e+07 8.558007e+07 8.534391e+07 8.505293e+07 8.471389e+07 8.433814e+07 8.209782e+07 7.880988e+07 7.447459e+07 7.032585e+07 6.728654e+07 6.557809e+07 6.559943e+07 6.906415e+07 7.550460e+07 8.485584e+07 9.705378e+07 1.119100e+08
8.606292e+07 8.606292e+07 8.606291e+07 8.606288e+07 8.606277e+07 8.605912e+07 8.604826e+07 8.600483e+07 8.597165e+07 8.593097e+07 8.582735e+07 8.569163e+07 8.551660e+07 8.529286e+07 8.501433e+07 8.468168e+07 8.430156e+07 8.191870e+07 7.863453e+07 7.447965e+07 7.046839e+07 6.747990e+07 6.577193e+07 6.578906e+07 6.932317e+07 7.585274e+07 8.530574e+07 9.761246e+07 1.125780e+08
8.563281e+07 8.563281e+07 8.563281e+07 8.563280e+07 8.563277e+07 8.563159e+07 8.562662e+07 8.560091e+07 8.557888e+07 8.555023e+07 8.547215e+07 8.536370e+07 8.521829e+07 8.502624e+07 8.477899e+07 8.447303e+07 8.411081e+07 8.167775e+07 7.839343e+07 7.441470e+07 7.057471e+07 6.767347e+07 6.599090e+07 6.599774e+07 6.959368e+07 7.621286e+07 8.577000e+07 9.818809e+07 1.132651e+08
8.502419e+07 8.502419e+07 8.502419e+07 8.502420e+07 8.502421e+07 8.502428e+07 8.502329e+07 8.501355e+07 8.500299e+07 8.498767e+07 8.494051e+07 8.486715e+07 8.475994e+07 8.460829e+07 8.440173e+07 8.413360e+07 8.380272e+07 8.139112e+07 7.810996e+07 7.429261e+07 7.064250e+07 6.785914e+07 6.622568e+07 6.623233e+07 6.987754e+07 7.658577e+07 8.624907e+07 9.878099e+07 1.139717e+08
8.437151e+07 8.437151e+07 8.437151e+07 8.437151e+07 8.437154e+07 8.437191e+07 8.437219e+07 8.436975e+07 8.436588e+07 8.435942e+07 8.433594e+07 8.429286e+07 8.422091e+07 8.410808e+07 8.394215e+07 8.371386e+07 8.341898e+07 8.107431e+07 7.780353e+07 7.412828e+07 7.067356e+07 6.803130e+07 6.646885e+07 6.650205e+07 7.017707e+07 7.697243e+07 8.674348e+07 9.939153e+07 1.146981e+08
8.372423e+07 8.372423e+07 8.372423e+07 8.372424e+07 8.372427e+07 8.372507e+07 8.372710e+07 8.373197e+07 8.373365e+07 8.373405e+07 8.372837e+07 8.370835e+07 8.366418e+07 8.358304e+07 8.345156e+07 8.325868e+07 8.299777e+07 8.074115e+07 7.748921e+07 7.393657e+07 7.067269e+07 6.818677e+07 6.671443e+07 6.680173e+07 7.049516e+07 7.737404e+07 8.725388e+07 1.000202e+08 1.154445e+08
8.312979e+07 8.312979e+07 8.312979e+07 8.312981e+07 8.312985e+07 8.313121e+07 8.313478e+07 8.314528e+07 8.315086e+07 8.315586e+07 8.316178e+07 8.315690e+07 8.313156e+07 8.307281e+07 8.296677e+07 8.280139e+07 8.256842e+07 8.040269e+07 7.717799e+07 7.373086e+07 7.064660e+07 6.832457e+07 6.695777e+07 6.712439e+07 7.083559e+07 7.779200e+07 8.778104e+07 1.006674e+08 1.162113e+08
8.262209e+07 8.262209e+07 8.262209e+07 8.262211e+07 8.262214e+07 8.262326e+07 8.262627e+07 8.263600e+07 8.264194e+07 8.264799e+07 8.265816e+07 8.266037e+07 8.264495e+07 8.259907e+07 8.250890e+07 8.236204e+07 8.214937e+07 8.006656e+07 7.687727e+07 7.352241e+07 7.060293e+07 6.844554e+07 6.719551e+07 6.746487e+07 7.120415e+07 7.822804e+07 8.832585e+07 1.013337e+08 1.169990e+08
8.218190e+07 8.218190e+07 8.218190e+07 8.218191e+07 8.218195e+07 8.218303e+07 8.218599e+07 8.219586e+07 8.220196e+07 8.220821e+07 8.221896e+07 8.222234e+07 8.220936e+07 8.216798e+07 8.208501e+07 8.194833e+07 8.174853e+07 7.973689e+07 7.659158e+07 7.332012e+07 7.054936e+07 6.855196e+07 6.742556e+07 6.781878e+07 7.160443e+07 7.868422e+07 8.888936e+07 1.020199e+08 1.178080e+08
8.180383e+07 8.180383e+07 8.180383e+07 8.180384e+07 8.180389e+07 8.180513e+07 8.180844e+07 8.181839e+07 8.182380e+07 8.182880e+07 8.183573e+07 8.183450e+07 8.181743e+07 8.177367e+07 8.169102e+07 8.155796e+07 8.136517e+07 7.941489e+07 7.632328e+07 7.313062e+07 7.049306e+07 6.864702e+07 6.764697e+07 6.818227e+07 7.203093e+07 7.916311e+07 8.947282e+07 1.027266e+08 1.186388e+08
8.148802e+07 8.148802e+07 8.148802e+07 8.148802e+07 8.148804e+07 8.148843e+07 8.148944e+07 8.149193e+07 8.149271e+07 8.149276e+07 8.148931e+07 8.147793e+07 8.145193e+07 8.140144e+07 8.131505e+07 8.118185e+07 8.099273e+07 7.909990e+07 7.607335e+07 7.295868e+07 7.044032e+07 6.873446e+07 6.785973e+07 6.855196e+07 7.247954e+07 7.966812e+07 9.007764e+07 1.034547e+08 1.194919e+08
8.117588e+07 8.117588e+07 8.117588e+07 8.117588e+07 8.117588e+07 8.117574e+07 8.117492e+07 8.117029e+07 8.116629e+07 8.116109e+07 8.114662e+07 8.112463e+07 8.108946e+07 8.103207e+07 8.094177e+07 8.080815e+07 8.062238e+07 7.879060e+07 7.584204e+07 7.280753e+07 7.039637e+07 6.881810e+07 6.806459e+07 6.892496e+07 7.294699e+07 8.020449e+07 9.070552e+07 1.042052e+08 1.203681e+08
8.082110e+07 8.082110e+07 8.082110e+07 8.082110e+07 8.082108e+07 8.082060e+07 8.081886e+07 8.081090e+07 8.080460e+07 8.079678e+07 8.077658e+07 8.074899e+07 8.070920e+07 8.064892e+07 8.055809e+07 8.042685e+07 8.024675e+07 7.848626e+07 7.562947e+07 7.267925e+07 7.036534e+07 6.890162e+07 6.826283e+07 6.929887e+07 7.343037e+07 8.077172e+07 9.135848e+07 1.049792e+08 1.212680e+08
8.040765e+07 8.040765e+07 8.040765e+07 8.040765e+07 8.040764e+07 8.040724e+07 8.040564e+07 8.039822e+07 8.039229e+07 8.038490e+07 8.036568e+07 8.033936e+07 8.030148e+07 8.024421e+07 8.015805e+07 8.003365e+07 7.986297e+07 7.818759e+07 7.543605e+07 7.257515e+07 7.035033e+07 6.898830e+07 6.845608e+07 6.967181e+07 7.392706e+07 8.136585e+07 9.203905e+07 1.057780e+08 1.221925e+08
7.994645e+07 7.994645e+07 7.994646e+07 7.994646e+07 7.994646e+07 7.994638e+07 7.994572e+07 7.994165e+07 7.993804e+07 7.993331e+07 7.992016e+07 7.990062e+07 7.987018e+07 7.982120e+07 7.974455e+07 7.963131e+07 7.947383e+07 7.789715e+07 7.526263e+07 7.249595e+07 7.035346e+07 6.908089e+07 6.864605e+07 7.004232e+07 7.443467e+07 8.198423e+07 9.275076e+07 1.066031e+08 1.231425e+08
7.946591e+07 7.946591e+07 7.946591e+07 7.946591e+07 7.946592e+07 7.946614e+07 7.946654e+07 7.946662e+07 7.946596e+07 7.946464e+07 7.945953e+07 7.944933e+07 7.942928e+07 7.939173e+07 7.932772e+07 7.922859e+07 7.908700e+07 7.761921e+07 7.511056e+07 7.244198e+07 7.037603e+07 6.918154e+07 6.883443e+07 7.040941e+07 7.495108e+07 8.262467e+07 9.349766e+07 1.074562e+08 1.241189e+08
7.899690e+07 7.899690e+07 7.899690e+07 7.899690e+07 7.899692e+07 7.899728e+07 7.899823e+07 7.900115e+07 7.900284e+07 7.900448e+07 7.900692e+07 7.900610e+07 7.899696e+07 7.897171e+07 7.892141e+07 7.883759e+07 7.871309e+07 7.735922e+07 7.498153e+07 7.241323e+07 7.041856e+07 6.929176e+07 6.902276e+07 7.077247e+07 7.547442e+07 8.328519e+07 9.427711e+07 1.083392e+08 1.251229e+08
7.855664e+07 7.855664e+07 7.855664e+07 7.855665e+07 7.855667e+07 7.855729e+07 7.855905e+07 7.856501e+07 7.856889e+07 7.857317e+07 7.858225e+07 7.858980e+07 7.859064e+07 7.857696e+07 7.853988e+07 7.847102e+07 7.836340e+07 7.712308e+07 7.487736e+07 7.240939e+07 7.048093e+07 6.941245e+07 6.921231e+07 7.113122e+07 7.600308e+07 8.396402e+07 9.508655e+07 1.092549e+08 1.261559e+08
7.816369e+07 7.816369e+07 7.816369e+07 7.816369e+07 7.816372e+07 7.816450e+07 7.816675e+07 7.817487e+07 7.818042e+07 7.818676e+07 7.820110e+07 7.821542e+07 7.822460e+07 7.822086e+07 7.819547e+07 7.814020e+07 7.804821e+07 7.691638e+07 7.479966e+07 7.242980e+07 7.056241e+07 6.954389e+07 6.940403e+07 7.148567e+07 7.653571e+07 8.465953e+07 9.592416e+07 1.102072e+08 1.272193e+08
7.782854e+07 7.782854e+07 7.782854e+07 7.782855e+07 7.782858e+07 7.782945e+07 7.783204e+07 7.784161e+07 7.784830e+07 7.785606e+07 7.787413e+07 7.789344e+07 7.790899e+07 7.791319e+07 7.789750e+07 7.785389e+07 7.777567e+07 7.674389e+07 7.474965e+07 7.247340e+07 7.066179e+07 6.968584e+07 6.959854e+07 7.183602e+07 7.707126e+07 8.537022e+07 9.678839e+07 1.111977e+08 1.283148e+08
7.755633e+07 7.755633e+07 7.755633e+07 7.755634e+07 7.755637e+07 7.755734e+07 7.756021e+07 7.757071e+07 7.757808e+07 7.758669e+07 7.760710e+07 7.762974e+07 7.764982e+07 7.766000e+07 7.765199e+07 7.761797e+07 7.755143e+07 7.660911e+07 7.472791e+07 7.253875e+07 7.077735e+07 6.983755e+07 6.979613e+07 7.218263e+07 7.760893e+07 8.609479e+07 9.767785e+07 1.122235e+08 1.294445e+08
7.734905e+07 7.734905e+07 7.734905e+07 7.734906e+07 7.734909e+07 7.735001e+07 7.735277e+07 7.736328e+07 7.737087e+07 7.737988e+07 7.740161e+07 7.742638e+07 7.744956e+07 7.746410e+07 7.746197e+07 7.743562e+07 7.737874e+07 7.651418e+07 7.473426e+07 7.262390e+07 7.090699e+07 6.999786e+07 6.999672e+07 7.252598e+07 7.814818e+07 8.683207e+07 9.859129e+07 1.132829e+08 1.306113e+08
7.720134e+07 7.720134e+07 7.720134e+07 7.720135e+07 7.720138e+07 7.720239e+07 7.720539e+07 7.721656e+07 7.722453e+07 7.723395e+07 7.725671e+07 7.728293e+07 7.730824e+07 7.732589e+07 7.732819e+07 7.730785e+07 7.725874e+07 7.645979e+07 7.476768e+07 7.272648e+07 7.104823e+07 7.016524e+07 7.019998e+07 7.286656e+07 7.868872e+07 8.758107e+07 9.952753e+07 1.143745e+08 1.318189e+08
7.711442e+07 7.711442e+07 7.711442e+07 7.711444e+07 7.711447e+07 7.711547e+07 7.711848e+07 7.712981e+07 7.713791e+07 7.714750e+07 7.717074e+07 7.719776e+07 7.722441e+07 7.724422e+07 7.724977e+07 7.723400e+07 7.719097e+07 7.644529e+07 7.482629e+07 7.284363e+07 7.119829e+07 7.033787e+07 7.040529e+07 7.320495e+07 7.923048e+07 8.834097e+07 1.004855e+08 1.154971e+08 1.330666e+08
7.708570e+07 7.708570e+07 7.708570e+07 7.708571e+07 7.708574e+07 7.708668e+07 7.708951e+07 7.710038e+07 7.710828e+07 7.711773e+07 7.714090e+07 7.716822e+07 7.719565e+07 7.721690e+07 7.722473e+07 7.721229e+07 7.717377e+07 7.646879e+07 7.490734e+07 7.297205e+07 7.135413e+07 7.051369e+07 7.061180e+07 7.354167e+07 7.977356e+07 8.911116e+07 1.014643e+08 1.166497e+08 1.343521e+08
7.710804e+07 7.710804e+07 7.710804e+07 7.710805e+07 7.710808e+07 7.710903e+07 7.711187e+07 7.712275e+07 7.713066e+07 7.714013e+07 7.716341e+07 7.719100e+07 7.721896e+07 7.724112e+07 7.725040e+07 7.724010e+07 7.720452e+07 7.652727e+07 7.500730e+07 7.310806e+07 7.151253e+07 7.069050e+07 7.081851e+07 7.387725e+07 8.031829e+07 8.989116e+07 1.024630e+08 1.178312e+08 1.356739e+08
7.717895e+07 7.717895e+07 7.717895e+07 7.717896e+07 7.717899e+07 7.717995e+07 7.718286e+07 7.719400e+07 7.720206e+07 7.721169e+07 7.723529e+07 7.726317e+07 7.729140e+07 7.731389e+07 7.732368e+07 7.731417e+07 7.727978e+07 7.661657e+07 7.512188e+07 7.324763e+07 7.167014e+07 7.086597e+07 7.102431e+07 7.421219e+07 8.086509e+07 9.068071e+07 1.034808e+08 1.190408e+08 1.370310e+08
7.729798e+07 7.729798e+07 7.729798e+07 7.729799e+07 7.729803e+07 7.729898e+07 7.730188e+07 7.731301e+07 7.732111e+07 7.733079e+07 7.735447e+07 7.738226e+07 7.741013e+07 7.743198e+07 7.744091e+07 7.743047e+07 7.739519e+07 7.673143e+07 7.524606e+07 7.338643e+07 7.182350e+07 7.103775e+07 7.122798e+07 7.454695e+07 8.141455e+07 9.147970e+07 1.045172e+08 1.202775e+08 1.384222e+08
7.746259e+07 7.746259e+07 7.746259e+07 7.746260e+07 7.746263e+07 7.746359e+07 7.746648e+07 7.747762e+07 7.748569e+07 7.749531e+07 7.751859e+07 7.754541e+07 7.757165e+07 7.759122e+07 7.759735e+07 7.758373e+07 7.754505e+07 7.686548e+07 7.537426e+07 7.351998e+07 7.196920e+07 7.120351e+07 7.142831e+07 7.488197e+07 8.196735e+07 9.228818e+07 1.055716e+08 1.215406e+08 1.398467e+08
7.767066e+07 7.767066e+07 7.767066e+07 7.767067e+07 7.767070e+07 7.767166e+07 7.767457e+07 7.768557e+07 7.769338e+07 7.770252e+07 7.772410e+07 7.774816e+07 7.777061e+07 7.778551e+07 7.778626e+07 7.776675e+07 7.772182e+07 7.701117e+07 7.550034e+07 7.364364e+07 7.210386e+07 7.136098e+07 7.162409e+07 7.521765e+07 8.252424e+07 9.310635e+07 1.066435e+08 1.228293e+08 1.413036e+08
7.792051e+07 7.792051e+07 7.792051e+07 7.792052e+07 7.792055e+07 7.792143e+07 7.792392e+07 7.793304e+07 7.793942e+07 7.794682e+07 7.796398e+07 7.798243e+07 7.799821e+07 7.800554e+07 7.799804e+07 7.796976e+07 7.791573e+07 7.715991e+07 7.561782e+07 7.375279e+07 7.222423e+07 7.150804e+07 7.181418e+07 7.555439e+07 8.308606e+07 9.393456e+07 1.077328e+08 1.241430e+08 1.427920e+08
7.819786e+07 7.819786e+07 7.819786e+07 7.819787e+07 7.819789e+07 7.819846e+07 7.820011e+07 7.820577e+07 7.820963e+07 7.821407e+07 7.822420e+07 7.823436e+07 7.824081e+07 7.823800e+07 7.821972e+07 7.818022e+07 7.811466e+07 7.730224e+07 7.572000e+07 7.384291e+07 7.232727e+07 7.164270e+07 7.199751e+07 7.589258e+07 8.365369e+07 9.477327e+07 1.088391e+08 1.254810e+08 1.443111e+08
7.847836e+07 7.847836e+07 7.847836e+07 7.847836e+07 7.847837e+07 7.847849e+07 7.847885e+07 7.848025e+07 7.848122e+07 7.848229e+07 7.848435e+07 7.848497e+07 7.848069e+07 7.846625e+07 7.843568e+07 7.838341e+07 7.830478e+07 7.742826e+07 7.580024e+07 7.390972e+07 7.241019e+07 7.176320e+07 7.217317e+07 7.623260e+07 8.422804e+07 9.562306e+07 1.099625e+08 1.268429e+08 1.458601e+08
7.873433e+07 7.873433e+07 7.873433e+07 7.873433e+07 7.873432e+07 7.873413e+07 7.873363e+07 7.873162e+07 7.873002e+07 7.872798e+07 7.872237e+07 7.871362e+07 7.869861e+07 7.867237e+07 7.862920e+07 7.856376e+07 7.847159e+07 7.752804e+07 7.585218e+07 7.394925e+07 7.247053e+07 7.186803e+07 7.234035e+07 7.657489e+07 8.481007e+07 9.648460e+07 1.111030e+08 1.282281e+08 1.474384e+08
7.894518e+07 7.894518e+07 7.894518e+07 7.894517e+07 7.894517e+07 7.894489e+07 7.894389e+07 7.893920e+07 7.893546e+07 7.893078e+07 7.891848e+07 7.890134e+07 7.887652e+07 7.883931e+07 7.878428e+07 7.870631e+07 7.860115e+07 7.759226e+07 7.586998e+07 7.395801e+07 7.250617e+07 7.195594e+07 7.249846e+07 7.691985e+07 8.540073e+07 9.735865e+07 1.122607e+08 1.296362e+08 1.490452e+08
7.909691e+07 7.909691e+07 7.909691e+07 7.909690e+07 7.909688e+07 7.909634e+07 7.909457e+07 7.908727e+07 7.908167e+07 7.907473e+07 7.905673e+07 7.903243e+07 7.899917e+07 7.895245e+07 7.888703e+07 7.879798e+07 7.868120e+07 7.761266e+07 7.584857e+07 7.393306e+07 7.251542e+07 7.202596e+07 7.264707e+07 7.726797e+07 8.600101e+07 9.824602e+07 1.134359e+08 1.310671e+08 1.506799e+08
7.917649e+07 7.917649e+07 7.917649e+07 7.917648e+07 7.917646e+07 7.917567e+07 7.917326e+07 7.916364e+07 7.915640e+07 7.914751e+07 7.912479e+07 7.909470e+07 7.905468e+07 7.900031e+07 7.892647e+07 7.882833e+07 7.870189e+07 7.758248e+07 7.578382e+07 7.387208e+07 7.249702e+07 7.207744e+07 7.278593e+07 7.761975e+07 8.661188e+07 9.914758e+07 1.146289e+08 1.325203e+08 1.523419e+08
7.917284e+07 7.917284e+07 7.917284e+07 7.917283e+07 7.917281e+07 7.917197e+07 7.916928e+07 7.915824e+07 7.914990e+07 7.913970e+07 7.911372e+07 7.907960e+07 7.903479e+07 7.897492e+07 7.889491e+07 7.878998e+07 7.865620e+07 7.749670e+07 7.567268e+07 7.377343e+07 7.245016e+07 7.211003e+07 7.291501e+07 7.797574e+07 8.723433e+07 1.000643e+08 1.158402e+08 1.339959e+08 1.540305e+08
7.908171e+07 7.908171e+07 7.908171e+07 7.908171e+07 7.908168e+07 7.908078e+07 7.907792e+07 7.906628e+07 7.905747e+07 7.904667e+07 7.901908e+07 7.898278e+07 7.893522e+07 7.887204e+07 7.878816e+07 7.867880e+07 7.854009e+07 7.735220e+07 7.551321e+07 7.363616e+07 7.237447e+07 7.212367e+07 7.303446e+07 7.833655e+07 8.786934e+07 1.009970e+08 1.170702e+08 1.354936e+08 1.557453e+08
7.890441e+07 7.890441e+07 7.890441e+07 7.890440e+07 7.890437e+07 7.890347e+07 7.890061e+07 7.888891e+07 7.888002e+07 7.886911e+07 7.884111e+07 7.880413e+07 7.875556e+07 7.869100e+07 7.860532e+07 7.849374e+07 7.835236e+07 7.714765e+07 7.530459e+07 7.345999e+07 7.227004e+07 7.211861e+07 7.314464e+07 7.870283e+07 8.851788e+07 1.019467e+08 1.183194e+08 1.370134e+08 1.574858e+08
7.864577e+07 7.864577e+07 7.864576e+07 7.864576e+07 7.864573e+07 7.864483e+07 7.864197e+07 7.863039e+07 7.862164e+07 7.861090e+07 7.858330e+07 7.854672e+07 7.849847e+07 7.843406e+07 7.834829e+07 7.823633e+07 7.809425e+07 7.688340e+07 7.504705e+07 7.324528e+07 7.213733e+07 7.209535e+07 7.324608e+07 7.907529e+07 8.918093e+07 1.029145e+08 1.195885e+08 1.385554e+08 1.592515e+08
7.831097e+07 7.831097e+07 7.831097e+07 7.831096e+07 7.831094e+07 7.831011e+07 7.830746e+07 7.829648e+07 7.828809e+07 7.827777e+07 7.825116e+07 7.821574e+07 7.816873e+07 7.810559e+07 7.802103e+07 7.791013e+07 7.776893e+07 7.656120e+07 7.474170e+07 7.299299e+07 7.197720e+07 7.205467e+07 7.333948e+07 7.945468e+07 8.985944e+07 1.039012e+08 1.208781e+08 1.401198e+08 1.610421e+08
7.790851e+07 7.790851e+07 7.790851e+07 7.790850e+07 7.790848e+07 7.790764e+07 7.790501e+07 7.789446e+07 7.788648e+07 7.787668e+07 7.785139e+07 7.781758e+07 7.777242e+07 7.771130e+07 7.762885e+07 7.752006e+07 7.738093e+07 7.618391e+07 7.439044e+07 7.270454e+07 7.179085e+07 7.199756e+07 7.342569e+07 7.984180e+07 9.055438e+07 1.049078e+08 1.221888e+08 1.417065e+08 1.628572e+08
7.744453e+07 7.744453e+07 7.744453e+07 7.744452e+07 7.744450e+07 7.744375e+07 7.744138e+07 7.743162e+07 7.742417e+07 7.741497e+07 7.739118e+07 7.735924e+07 7.731627e+07 7.725760e+07 7.717782e+07 7.707184e+07 7.693559e+07 7.575518e+07 7.399577e+07 7.238178e+07 7.157972e+07 7.192522e+07 7.350570e+07 8.023751e+07 9.126667e+07 1.059353e+08 1.235214e+08 1.433159e+08 1.646966e+08
7.692776e+07 7.692776e+07 7.692776e+07 7.692775e+07 7.692773e+07 7.692701e+07 7.692476e+07 7.691559e+07 7.690862e+07 7.690002e+07 7.687777e+07 7.684777e+07 7.680713e+07 7.675113e+07 7.667430e+07 7.657152e+07 7.643866e+07 7.527914e+07 7.356059e+07 7.202687e+07 7.134552e+07 7.183898e+07 7.358062e+07 8.064269e+07 9.199725e+07 1.069847e+08 1.248765e+08 1.449482e+08 1.665599e+08
7.636460e+07 7.636460e+07 7.636460e+07 7.636459e+07 7.636457e+07 7.636392e+07 7.636183e+07 7.635330e+07 7.634682e+07 7.633881e+07 7.631806e+07 7.628998e+07 7.625165e+07 7.619835e+07 7.612457e+07 7.602515e+07 7.589593e+07 7.476019e+07 7.308813e+07 7.164220e+07 7.109010e+07 7.174035e+07 7.365166e+07 8.105826e+07 9.274702e+07 1.080567e+08 1.262548e+08 1.466036e+08 1.684470e+08
7.576153e+07 7.576153e+07 7.576153e+07 7.576153e+07 7.576151e+07 7.576094e+07 7.575905e+07 7.575121e+07 7.574519e+07 7.573775e+07 7.571843e+07 7.569217e+07 7.565607e+07 7.560538e+07 7.553459e+07 7.543851e+07 7.531299e+07 7.420277e+07 7.258170e+07 7.123032e+07 7.081546e+07 7.163093e+07 7.372012e+07 8.148518e+07 9.351688e+07 1.091525e+08 1.276571e+08 1.482825e+08 1.703577e+08
7.512510e+07 7.512510e+07 7.512510e+07 7.512510e+07 7.512508e+07 7.512451e+07 7.512268e+07 7.511528e+07 7.510966e+07 7.510272e+07 7.508470e+07 7.506011e+07 7.502606e+07 7.497779e+07 7.490982e+07 7.481696e+07 7.469506e+07 7.361121e+07 7.204468e+07 7.079385e+07 7.052369e+07 7.151238e+07 7.378736e+07 8.192440e+07 9.430769e+07 1.102727e+08 1.290841e+08 1.499851e+08 1.722919e+08
7.445942e+07 7.445942e+07 7.445942e+07 7.445941e+07 7.445940e+07 7.445890e+07 7.445729e+07 7.445053e+07 7.444532e+07 7.443885e+07 7.442199e+07 7.439888e+07 7.436664e+07 7.432056e+07 7.425519e+07 7.416533e+07 7.404687e+07 7.298960e+07 7.148038e+07 7.033541e+07 7.021690e+07 7.138642e+07 7.385476e+07 8.237694e+07 9.512032e+07 1.114182e+08 1.305364e+08 1.517120e+08 1.742495e+08
7.377037e+07 7.377037e+07 7.377037e+07 7.377036e+07 7.377035e+07 7.376985e+07 7.376825e+07 7.376175e+07 7.375680e+07 7.375068e+07 7.373472e+07 7.371283e+07 7.368214e+07 7.363800e+07 7.357496e+07 7.348788e+07 7.337266e+07 7.234174e+07 7.089199e+07 6.985762e+07 6.989724e+07 7.125481e+07 7.392377e+07 8.284376e+07 9.595560e+07 1.125898e+08 1.320146e+08 1.534632e+08 1.762304e+08
7.306039e+07 7.306039e+07 7.306039e+07 7.306039e+07 7.306037e+07 7.305991e+07 7.305842e+07 7.305223e+07 7.304749e+07 7.304163e+07 7.302638e+07 7.300549e+07 7.297615e+07 7.293373e+07 7.287282e+07 7.278831e+07 7.267612e+07 7.167112e+07 7.028252e+07 6.936301e+07 6.956681e+07 7.111931e+07 7.399582e+07 8.332589e+07 9.681433e+07 1.137883e+08 1.335195e+08 1.552394e+08 1.782345e+08
7.233252e+07 7.233252e+07 7.233252e+07 7.233252e+07 7.233250e+07 7.233203e+07 7.233054e+07 7.232449e+07 7.231992e+07 7.231429e+07 7.229970e+07 7.227976e+07 7.225169e+07 7.221088e+07 7.215196e+07 7.206985e+07 7.196053e+07 7.098091e+07 6.965479e+07 6.885401e+07 6.922768e+07 7.098165e+07 7.407237e+07 8.382431e+07 9.769729e+07 1.150143e+08 1.350517e+08 1.570407e+08 1.802619e+08
7.158802e+07 7.158802e+07 7.158802e+07 7.158802e+07 7.158800e+07 7.158758e+07 7.158624e+07 7.158062e+07 7.157631e+07 7.157099e+07 7.155718e+07 7.153825e+07 7.151146e+07 7.147224e+07 7.141523e+07 7.133540e+07 7.122879e+07 7.027396e+07 6.901144e+07 6.833294e+07 6.888188e+07 7.084354e+07 7.415484e+07 8.434002e+07 9.860523e+07 1.162686e+08 1.366116e+08 1.588676e+08 1.823125e+08
7.083063e+07 7.083063e+07 7.083063e+07 7.083063e+07 7.083061e+07 7.083019e+07 7.082884e+07 7.082344e+07 7.081938e+07 7.081438e+07 7.080143e+07 7.078360e+07 7.075812e+07 7.072045e+07 7.066527e+07 7.058759e+07 7.048352e+07 6.955281e+07 6.835486e+07 6.780200e+07 6.853133e+07 7.070668e+07 7.424466e+07 8.487397e+07 9.953887e+07 1.175517e+08 1.381999e+08 1.607203e+08 1.843864e+08
7.006171e+07 7.006171e+07 7.006171e+07 7.006171e+07 7.006170e+07 7.006136e+07 7.006025e+07 7.005552e+07 7.005185e+07 7.004728e+07 7.003528e+07 7.001853e+07 6.999429e+07 6.995804e+07 6.990453e+07 6.982880e+07 6.972708e+07 6.881972e+07 6.768724e+07 6.726324e+07 6.817791e+07 7.057268e+07 7.434321e+07 8.542714e+07 1.004989e+08 1.188642e+08 1.398170e+08 1.625993e+08 1.864835e+08
6.928669e+07 6.928669e+07 6.928669e+07 6.928669e+07 6.928668e+07 6.928633e+07 6.928523e+07 6.928069e+07 6.927721e+07 6.927289e+07 6.926154e+07 6.924560e+07 6.922234e+07 6.918726e+07 6.913515e+07 6.906112e+07 6.896149e+07 6.807668e+07 6.701058e+07 6.671858e+07 6.782337e+07 7.044311e+07 7.445184e+07 8.600044e+07 1.014860e+08 1.202067e+08 1.414634e+08 1.645047e+08 1.886038e+08
6.850660e+07 6.850660e+07 6.850660e+07 6.850660e+07 6.850659e+07 6.850626e+07 6.850519e+07 6.850077e+07 6.849738e+07 6.849318e+07 6.848215e+07 6.846668e+07 6.844405e+07 6.840982e+07 6.835880e+07 6.828619e+07 6.818838e+07 6.732539e+07 6.632668e+07 6.616981e+07 6.746941e+07 7.031949e+07 7.457185e+07 8.659478e+07 1.025008e+08 1.215797e+08 1.431396e+08 1.664369e+08 1.907475e+08
6.772231e+07 6.772231e+07 6.772231e+07 6.772230e+07 6.772229e+07 6.772196e+07 6.772089e+07 6.771648e+07 6.771311e+07 6.770893e+07 6.769801e+07 6.768275e+07 6.766049e+07 6.762682e+07 6.757662e+07 6.750517e+07 6.740897e+07 6.656731e+07 6.563716e+07 6.561859e+07 6.711760e+07 7.020325e+07 7.470449e+07 8.721101e+07 1.035438e+08 1.229835e+08 1.448458e+08 1.683961e+08 1.929144e+08
6.693385e+07 6.693385e+07 6.693385e+07 6.693385e+07 6.693384e+07 6.693350e+07 6.693240e+07 6.692794e+07 6.692453e+07 6.692033e+07 6.690938e+07 6.689418e+07 6.687211e+07 6.683884e+07 6.678931e+07 6.671887e+07 6.662414e+07 6.580370e+07 6.494351e+07 6.506647e+07 6.676944e+07 7.009577e+07 7.485097e+07 8.784998e+07 1.046156e+08 1.244187e+08 1.465824e+08 1.703825e+08 1.951046e+08
6.614074e+07 6.614074e+07 6.614074e+07 6.614074e+07 6.614073e+07 6.614038e+07 6.613928e+07 6.613476e+07 6.613133e+07 6.612709e+07 6.611612e+07 6.610096e+07 6.607907e+07 6.604616e+07 6.599726e+07 6.592782e+07 6.583455e+07 6.503567e+07 6.424709e+07 6.451490e+07 6.642635e+07 6.999835e+07 7.501244e+07 8.851247e+07 1.057167e+08 1.258855e+08 1.483496e+08 1.723963e+08 1.973181e+08
6.534260e+07 6.534260e+07 6.534260e+07 6.534260e+07 6.534259e+07 6.534224e+07 6.534114e+07 6.533663e+07 6.533321e+07 6.532899e+07 6.531808e+07 6.530307e+07 6.528145e+07 6.524901e+07 6.520085e+07 6.513250e+07 6.504079e+07 6.426424e+07 6.354917e+07 6.396522e+07 6.608966e+07 6.991222e+07 7.518999e+07 8.919924e+07 1.068475e+08 1.273842e+08 1.501478e+08 1.744377e+08 1.995549e+08
6.453954e+07 6.453954e+07 6.453954e+07 6.453954e+07 6.453953e+07 6.453918e+07 6.453809e+07 6.453361e+07 6.453023e+07 6.452607e+07 6.451536e+07 6.450068e+07 6.447954e+07 6.444779e+07 6.440057e+07 6.433349e+07 6.424353e+07 6.349043e+07 6.285094e+07 6.341872e+07 6.576061e+07 6.983856e+07 7.538465e+07 8.991097e+07 1.080085e+08 1.289151e+08 1.519770e+08 1.765066e+08 2.018149e+08
6.373173e+07 6.373173e+07 6.373173e+07 6.373172e+07 6.373171e+07 6.373136e+07 6.373028e+07 6.372597e+07 6.372273e+07 6.371876e+07 6.370852e+07 6.369443e+07 6.367403e+07 6.364320e+07 6.359716e+07 6.353161e+07 6.344363e+07 6.271527e+07 6.215358e+07 6.287659e+07 6.544038e+07 6.977844e+07 7.559738e+07 9.064834e+07 1.092001e+08 1.304783e+08 1.538374e+08 1.786033e+08 2.040981e+08
6.292011e+07 6.292011e+07 6.292011e+07 6.292010e+07 6.292010e+07 6.291981e+07 6.291888e+07 6.291502e+07 6.291205e+07 6.290837e+07 6.289880e+07 6.288551e+07 6.286606e+07 6.283638e+07 6.279174e+07 6.272792e+07 6.264215e+07 6.193987e+07 6.145821e+07 6.233997e+07 6.513008e+07 6.973290e+07 7.582911e+07 9.141196e+07 1.104225e+08 1.320741e+08 1.557290e+08 1.807277e+08 2.064043e+08
6.210808e+07 6.210808e+07 6.210808e+07 6.210807e+07 6.210807e+07 6.210777e+07 6.210684e+07 6.210311e+07 6.210031e+07 6.209687e+07 6.208796e+07 6.207553e+07 6.205714e+07 6.202874e+07 6.198564e+07 6.192373e+07 6.184034e+07 6.116537e+07 6.076596e+07 6.180995e+07 6.483073e+07 6.970289e+07 7.608067e+07 9.220237e+07 1.116761e+08 1.337026e+08 1.576520e+08 1.828798e+08 2.087335e+08
6.129581e+07 6.129581e+07 6.129581e+07 6.129581e+07 6.129580e+07 6.129557e+07 6.129480e+07 6.129155e+07 6.128903e+07 6.128591e+07 6.127774e+07 6.126622e+07 6.124893e+07 6.122186e+07 6.118039e+07 6.112049e+07 6.103960e+07 6.039296e+07 6.007791e+07 6.128756e+07 6.454332e+07 6.968931e+07 7.635285e+07 9.302010e+07 1.129611e+08 1.353637e+08 1.596062e+08 1.850595e+08 2.110856e+08
