1.256574e+07 6.320112e+06 4.723243e+06 2.611396e+06 2.185815e+06 1.617593e+06 1.498052e+06 1.411850e+06 1.386769e+06 1.368819e+06 1.347203e+06 1.317901e+06 1.245132e+06 1.122292e+06 9.735960e+05 8.271438e+05 6.988208e+05 3.450097e+05 2.259442e+05 1.781156e+05 1.566501e+05 1.470833e+05 1.436575e+05 1.456890e+05 1.527534e+05 1.613476e+05 1.701034e+05 1.785632e+05 1.867052e+05
1.584651e+06 1.584670e+06 1.584714e+06 1.584717e+06 1.579455e+06 1.520618e+06 1.466485e+06 1.400793e+06 1.378441e+06 1.362181e+06 1.342417e+06 1.313695e+06 1.240887e+06 1.117969e+06 9.694169e+05 8.233056e+05 6.954139e+05 3.433558e+05 2.250939e+05 1.776488e+05 1.563911e+05 1.469483e+05 1.436017e+05 1.457219e+05 1.528278e+05 1.614402e+05 1.702021e+05 1.786619e+05 1.868013e+05
1.476334e+06 1.476340e+06 1.476355e+06 1.476631e+06 1.476745e+06 1.470390e+06 1.433906e+06 1.386031e+06 1.367716e+06 1.353927e+06 1.336792e+06 1.308947e+06 1.236217e+06 1.113288e+06 9.649371e+05 8.192216e+05 6.918098e+05 3.416391e+05 2.242211e+05 1.771733e+05 1.561289e+05 1.468126e+05 1.435464e+05 1.457560e+05 1.529034e+05 1.615340e+05 1.703018e+05 1.787614e+05 1.868980e+05
1.438039e+06 1.438042e+06 1.438049e+06 1.438190e+06 1.438362e+06 1.425262e+06 1.422271e+06 1.368766e+06 1.354733e+06 1.344040e+06 1.330313e+06 1.303661e+06 1.231131e+06 1.108257e+06 9.601618e+05 8.148949e+05 6.880104e+05 3.398602e+05 2.233263e+05 1.766894e+05 1.558636e+05 1.466763e+05 1.434915e+05 1.457913e+05 1.529802e+05 1.616288e+05 1.704025e+05 1.788617e+05 1.869954e+05
1.411016e+06 1.411017e+06 1.411020e+06 1.411086e+06 1.411178e+06 1.401362e+06 1.397591e+06 1.355783e+06 1.341128e+06 1.333011e+06 1.323054e+06 1.297864e+06 1.225648e+06 1.102887e+06 9.550989e+05 8.103300e+05 6.840185e+05 3.380196e+05 2.224096e+05 1.761971e+05 1.555954e+05 1.465393e+05 1.434371e+05 1.458278e+05 1.530584e+05 1.617248e+05 1.705040e+05 1.789628e+05 1.870933e+05
1.386510e+06 1.386511e+06 1.386513e+06 1.386555e+06 1.386620e+06 1.381021e+06 1.370087e+06 1.349713e+06 1.331656e+06 1.322406e+06 1.315293e+06 1.291639e+06 1.219804e+06 1.097198e+06 9.497595e+05 8.055336e+05 6.798381e+05 3.361183e+05 2.214716e+05 1.756968e+05 1.553243e+05 1.464018e+05 1.433833e+05 1.458656e+05 1.531378e+05 1.618219e+05 1.706065e+05 1.790646e+05 1.871919e+05
1.363875e+06 1.363875e+06 1.363876e+06 1.363906e+06 1.363960e+06 1.360984e+06 1.348141e+06 1.341962e+06 1.327070e+06 1.315577e+06 1.307643e+06 1.285157e+06 1.213665e+06 1.091222e+06 9.441597e+05 8.005146e+05 6.754744e+05 3.341572e+05 2.205127e+05 1.751887e+05 1.550506e+05 1.462640e+05 1.433300e+05 1.459047e+05 1.532185e+05 1.619201e+05 1.707100e+05 1.791672e+05 1.872912e+05
1.343430e+06 1.343430e+06 1.343431e+06 1.343455e+06 1.343504e+06 1.342037e+06 1.331025e+06 1.330155e+06 1.322424e+06 1.312461e+06 1.301208e+06 1.278723e+06 1.207340e+06 1.085005e+06 9.383218e+05 7.952846e+05 6.709341e+05 3.321377e+05 2.195334e+05 1.746730e+05 1.547744e+05 1.461257e+05 1.432775e+05 1.459451e+05 1.533005e+05 1.620195e+05 1.708143e+05 1.792705e+05 1.873910e+05
1.325449e+06 1.325450e+06 1.325451e+06 1.325474e+06 1.325526e+06 1.324997e+06 1.316937e+06 1.316225e+06 1.315678e+06 1.309978e+06 1.297749e+06 1.272814e+06 1.200996e+06 1.078615e+06 9.322768e+05 7.898594e+05 6.662260e+05 3.300611e+05 2.185343e+05 1.741501e+05 1.544958e+05 1.459873e+05 1.432257e+05 1.459868e+05 1.533839e+05 1.621200e+05 1.709197e+05 1.793746e+05 1.874915e+05
1.310240e+06 1.310241e+06 1.310241e+06 1.310261e+06 1.310309e+06 1.310312e+06 1.304994e+06 1.302818e+06 1.307104e+06 1.306594e+06 1.296678e+06 1.268171e+06 1.194870e+06 1.072145e+06 9.260660e+05 7.842590e+05 6.613608e+05 3.279290e+05 2.175160e+05 1.736202e+05 1.542150e+05 1.458487e+05 1.431747e+05 1.460299e+05 1.534686e+05 1.622217e+05 1.710260e+05 1.794795e+05 1.875926e+05
1.297667e+06 1.297667e+06 1.297667e+06 1.297685e+06 1.297731e+06 1.298083e+06 1.294945e+06 1.291564e+06 1.298032e+06 1.302016e+06 1.296593e+06 1.265729e+06 1.189293e+06 1.065721e+06 9.197437e+05 7.785094e+05 6.563523e+05 3.257435e+05 2.164791e+05 1.730836e+05 1.539322e+05 1.457100e+05 1.431245e+05 1.460744e+05 1.535547e+05 1.623245e+05 1.711332e+05 1.795852e+05 1.876943e+05
1.270091e+06 1.270091e+06 1.270092e+06 1.270106e+06 1.270147e+06 1.271081e+06 1.272559e+06 1.272683e+06 1.275779e+06 1.282968e+06 1.293969e+06 1.265735e+06 1.176988e+06 1.040988e+06 8.896236e+05 7.489365e+05 6.298796e+05 3.140984e+05 2.110435e+05 1.703124e+05 1.524934e+05 1.450197e+05 1.428889e+05 1.463189e+05 1.540058e+05 1.628564e+05 1.716838e+05 1.801250e+05 1.882123e+05
1.286714e+06 1.286714e+06 1.286714e+06 1.286726e+06 1.286759e+06 1.287635e+06 1.289677e+06 1.293709e+06 1.295327e+06 1.297572e+06 1.298044e+06 1.264130e+06 1.168968e+06 1.024792e+06 8.669853e+05 7.231644e+05 6.042315e+05 3.015737e+05 2.052766e+05 1.674293e+05 1.510308e+05 1.443436e+05 1.426841e+05 1.466024e+05 1.544927e+05 1.634182e+05 1.722584e+05 1.806841e+05 1.887460e+05
1.327276e+06 1.327277e+06 1.327277e+06 1.327285e+06 1.327310e+06 1.327987e+06 1.329731e+06 1.333778e+06 1.334425e+06 1.333053e+06 1.317441e+06 1.263680e+06 1.153967e+06 1.002254e+06 8.417779e+05 6.980329e+05 5.805791e+05 2.888017e+05 1.993323e+05 1.644908e+05 1.495707e+05 1.436957e+05 1.425184e+05 1.469282e+05 1.550168e+05 1.640104e+05 1.728574e+05 1.812626e+05 1.892951e+05
1.378262e+06 1.378262e+06 1.378262e+06 1.378268e+06 1.378288e+06 1.378742e+06 1.378958e+06 1.375988e+06 1.372024e+06 1.365110e+06 1.333505e+06 1.258880e+06 1.131507e+06 9.709540e+05 8.093739e+05 6.684503e+05 5.549246e+05 2.767343e+05 1.934128e+05 1.615655e+05 1.481425e+05 1.430908e+05 1.423999e+05 1.472994e+05 1.555792e+05 1.646335e+05 1.734807e+05 1.818602e+05 1.898596e+05
1.394986e+06 1.394986e+06 1.394986e+06 1.394980e+06 1.394960e+06 1.394370e+06 1.392221e+06 1.381760e+06 1.373599e+06 1.362514e+06 1.321496e+06 1.235079e+06 1.097030e+06 9.313917e+05 7.707789e+05 6.343642e+05 5.263502e+05 2.655055e+05 1.877777e+05 1.587357e+05 1.467800e+05 1.425454e+05 1.423376e+05 1.477189e+05 1.561811e+05 1.652878e+05 1.741283e+05 1.824768e+05 1.904392e+05
1.339080e+06 1.339080e+06 1.339080e+06 1.339077e+06 1.339065e+06 1.338569e+06 1.336531e+06 1.327683e+06 1.320803e+06 1.311044e+06 1.272077e+06 1.186179e+06 1.048233e+06 8.845044e+05 7.283223e+05 5.978966e+05 4.961309e+05 2.546453e+05 1.827526e+05 1.560989e+05 1.455222e+05 1.420774e+05 1.423407e+05 1.481897e+05 1.568235e+05 1.659735e+05 1.748001e+05 1.831121e+05 1.910337e+05
1.245840e+06 1.245840e+06 1.245840e+06 1.245839e+06 1.245832e+06 1.245572e+06 1.244715e+06 1.240865e+06 1.237120e+06 1.230668e+06 1.198626e+06 1.119933e+06 9.893482e+05 8.331429e+05 6.845129e+05 5.613076e+05 4.660670e+05 2.440438e+05 1.783029e+05 1.537766e+05 1.444137e+05 1.417073e+05 1.424195e+05 1.487149e+05 1.575070e+05 1.666905e+05 1.754958e+05 1.837659e+05 1.916428e+05
1.156589e+06 1.156589e+06 1.156589e+06 1.156588e+06 1.156584e+06 1.156432e+06 1.155874e+06 1.153274e+06 1.150740e+06 1.145995e+06 1.119119e+06 1.048180e+06 9.272557e+05 7.810984e+05 6.416656e+05 5.263082e+05 4.375607e+05 2.338262e+05 1.742794e+05 1.519039e+05 1.435077e+05 1.414582e+05 1.425852e+05 1.492974e+05 1.582325e+05 1.674389e+05 1.762152e+05 1.844378e+05 1.922662e+05
1.073523e+06 1.073523e+06 1.073523e+06 1.073523e+06 1.073520e+06 1.073430e+06 1.073075e+06 1.071319e+06 1.069517e+06 1.065827e+06 1.042646e+06 9.784543e+05 8.670613e+05 7.313423e+05 6.014406e+05 4.939445e+05 4.114191e+05 2.242196e+05 1.706068e+05 1.504214e+05 1.428740e+05 1.413574e+05 1.428511e+05 1.499407e+05 1.590007e+05 1.682185e+05 1.769578e+05 1.851273e+05 1.929033e+05
9.981235e+05 9.981235e+05 9.981235e+05 9.981231e+05 9.981220e+05 9.980796e+05 9.979175e+05 9.970205e+05 9.958547e+05 9.929983e+05 9.727111e+05 9.142199e+05 8.114424e+05 6.855416e+05 5.647346e+05 4.646983e+05 3.879673e+05 2.154363e+05 1.672577e+05 1.492543e+05 1.425731e+05 1.414380e+05 1.432322e+05 1.506487e+05 1.598124e+05 1.690292e+05 1.777231e+05 1.858339e+05 1.935539e+05
9.330600e+05 9.330600e+05 9.330600e+05 9.330595e+05 9.330582e+05 9.330099e+05 9.328619e+05 9.321915e+05 9.312979e+05 9.288980e+05 9.106413e+05 8.567771e+05 7.614599e+05 6.443601e+05 5.318536e+05 4.386619e+05 3.672202e+05 2.076119e+05 1.642390e+05 1.483514e+05 1.425527e+05 1.417477e+05 1.437468e+05 1.514259e+05 1.606686e+05 1.698708e+05 1.785108e+05 1.865572e+05 1.942173e+05
8.762366e+05 8.762366e+05 8.762366e+05 8.762365e+05 8.762360e+05 8.762177e+05 8.761432e+05 8.757095e+05 8.750059e+05 8.729164e+05 8.561823e+05 8.061099e+05 7.171841e+05 6.078190e+05 5.027236e+05 4.156946e+05 3.490218e+05 2.007974e+05 1.615763e+05 1.476777e+05 1.427673e+05 1.423106e+05 1.444184e+05 1.522776e+05 1.615702e+05 1.707431e+05 1.793202e+05 1.872965e+05 1.948932e+05
8.268862e+05 8.268862e+05 8.268862e+05 8.268862e+05 8.268860e+05 8.268740e+05 8.268209e+05 8.264970e+05 8.259076e+05 8.240311e+05 8.084916e+05 7.615988e+05 6.781825e+05 5.755931e+05 4.770637e+05 3.955368e+05 3.331379e+05 1.949775e+05 1.592984e+05 1.472122e+05 1.431813e+05 1.430854e+05 1.452824e+05 1.532102e+05 1.625188e+05 1.716460e+05 1.801509e+05 1.880513e+05 1.955811e+05
7.837325e+05 7.837325e+05 7.837325e+05 7.837325e+05 7.837322e+05 7.837211e+05 7.836749e+05 7.834094e+05 7.828941e+05 7.811748e+05 7.666178e+05 7.224561e+05 6.438461e+05 5.472200e+05 4.545096e+05 3.778865e+05 3.193119e+05 1.900949e+05 1.574269e+05 1.469459e+05 1.437659e+05 1.440409e+05 1.463428e+05 1.542319e+05 1.635162e+05 1.725796e+05 1.810024e+05 1.888210e+05 1.962803e+05
7.456304e+05 7.456304e+05 7.456304e+05 7.456304e+05 7.456303e+05 7.456246e+05 7.455972e+05 7.454093e+05 7.449660e+05 7.433864e+05 7.296874e+05 6.879258e+05 6.135608e+05 5.222214e+05 4.346882e+05 3.624443e+05 3.072958e+05 1.860712e+05 1.559712e+05 1.468781e+05 1.444993e+05 1.451507e+05 1.475678e+05 1.553527e+05 1.645647e+05 1.735442e+05 1.818742e+05 1.896050e+05 1.969904e+05
7.119639e+05 7.119639e+05 7.119639e+05 7.119639e+05 7.119639e+05 7.119610e+05 7.119441e+05 7.118085e+05 7.114208e+05 7.099569e+05 6.970048e+05 6.573684e+05 5.867818e+05 5.001595e+05 4.172554e+05 3.489357e+05 2.968651e+05 1.828214e+05 1.549286e+05 1.470121e+05 1.453660e+05 1.463920e+05 1.489339e+05 1.565876e+05 1.656674e+05 1.745400e+05 1.827660e+05 1.904028e+05 1.977108e+05
6.821368e+05 6.821368e+05 6.821368e+05 6.821368e+05 6.821368e+05 6.821357e+05 6.821254e+05 6.820238e+05 6.816750e+05 6.803019e+05 6.679932e+05 6.302441e+05 5.630394e+05 4.806505e+05 4.019063e+05 3.371182e+05 2.878221e+05 1.802621e+05 1.542863e+05 1.473523e+05 1.463563e+05 1.477456e+05 1.504207e+05 1.579567e+05 1.668281e+05 1.755679e+05 1.836775e+05 1.912138e+05 1.984410e+05
6.556190e+05 6.556190e+05 6.556190e+05 6.556190e+05 6.556190e+05 6.556183e+05 6.556096e+05 6.555186e+05 6.551917e+05 6.538870e+05 6.421355e+05 6.060766e+05 5.419223e+05 4.633582e+05 3.883745e+05 3.267803e+05 2.799957e+05 1.783160e+05 1.540238e+05 1.479014e+05 1.474649e+05 1.491960e+05 1.520097e+05 1.594459e+05 1.680518e+05 1.766289e+05 1.846087e+05 1.920377e+05 1.991806e+05
6.318610e+05 6.318610e+05 6.318610e+05 6.318610e+05 6.318609e+05 6.318584e+05 6.318467e+05 6.317586e+05 6.314499e+05 6.302064e+05 6.189622e+05 5.844452e+05 5.230716e+05 4.479909e+05 3.764287e+05 3.177387e+05 2.732378e+05 1.769133e+05 1.541163e+05 1.486596e+05 1.486895e+05 1.507310e+05 1.536845e+05 1.610363e+05 1.693458e+05 1.777244e+05 1.855595e+05 1.928741e+05 1.999291e+05
6.103719e+05 6.103719e+05 6.103719e+05 6.103719e+05 6.103719e+05 6.103723e+05 6.103695e+05 6.103130e+05 6.100341e+05 6.088584e+05 5.980978e+05 5.650074e+05 5.061900e+05 4.343026e+05 3.658715e+05 3.098362e+05 2.674214e+05 1.759925e+05 1.545364e+05 1.496237e+05 1.500292e+05 1.523418e+05 1.554308e+05 1.627129e+05 1.707217e+05 1.788566e+05 1.865304e+05 1.937227e+05 2.006862e+05
5.909920e+05 5.909920e+05 5.909920e+05 5.909920e+05 5.909921e+05 5.909941e+05 5.909966e+05 5.909640e+05 5.907114e+05 5.895973e+05 5.792819e+05 5.475054e+05 4.910411e+05 4.220911e+05 3.565375e+05 3.029392e+05 2.624378e+05 1.754996e+05 1.552563e+05 1.507874e+05 1.514837e+05 1.540221e+05 1.572364e+05 1.644618e+05 1.721862e+05 1.800281e+05 1.875217e+05 1.945833e+05 2.014515e+05
5.735415e+05 5.735415e+05 5.735415e+05 5.735415e+05 5.735416e+05 5.735438e+05 5.735479e+05 5.735259e+05 5.732901e+05 5.722250e+05 5.623046e+05 5.317285e+05 4.774294e+05 4.111874e+05 3.482868e+05 2.969337e+05 2.581938e+05 1.753875e+05 1.562482e+05 1.521420e+05 1.530521e+05 1.557678e+05 1.590915e+05 1.662702e+05 1.737238e+05 1.812427e+05 1.885343e+05 1.954561e+05 2.022248e+05
5.577964e+05 5.577964e+05 5.577964e+05 5.577964e+05 5.577966e+05 5.577993e+05 5.578045e+05 5.577842e+05 5.575560e+05 5.565268e+05 5.469535e+05 5.174762e+05 4.651770e+05 4.014419e+05 3.409972e+05 2.917211e+05 2.546088e+05 1.756146e+05 1.574857e+05 1.536763e+05 1.547324e+05 1.575758e+05 1.609880e+05 1.681261e+05 1.753223e+05 1.825063e+05 1.895695e+05 1.963411e+05 2.030059e+05
5.435334e+05 5.435334e+05 5.435334e+05 5.435334e+05 5.435334e+05 5.435329e+05 5.435297e+05 5.434902e+05 5.432608e+05 5.422588e+05 5.330018e+05 5.045479e+05 4.541151e+05 3.927175e+05 3.345594e+05 2.872137e+05 2.516115e+05 1.761446e+05 1.589434e+05 1.553778e+05 1.565214e+05 1.594440e+05 1.629199e+05 1.700182e+05 1.769710e+05 1.838284e+05 1.906289e+05 1.972387e+05 2.037948e+05
5.303963e+05 5.303963e+05 5.303963e+05 5.303963e+05 5.303963e+05 5.303965e+05 5.303958e+05 5.303642e+05 5.301458e+05 5.291802e+05 5.202399e+05 4.927633e+05 4.440932e+05 3.848923e+05 3.288759e+05 2.833334e+05 2.491384e+05 1.769446e+05 1.605977e+05 1.572329e+05 1.584144e+05 1.613702e+05 1.648822e+05 1.719364e+05 1.786602e+05 1.852057e+05 1.917148e+05 1.981495e+05 2.045916e+05
5.182907e+05 5.182907e+05 5.182907e+05 5.182907e+05 5.182908e+05 5.182929e+05 5.182972e+05 5.182834e+05 5.180826e+05 5.171594e+05 5.085340e+05 4.819932e+05 4.349937e+05 3.778652e+05 3.238631e+05 2.800119e+05 2.471334e+05 1.779853e+05 1.624262e+05 1.592273e+05 1.604055e+05 1.633521e+05 1.668712e+05 1.738717e+05 1.803805e+05 1.866267e+05 1.928304e+05 1.990744e+05 2.053964e+05
5.072092e+05 5.072092e+05 5.072092e+05 5.072093e+05 5.072094e+05 5.072119e+05 5.072179e+05 5.072135e+05 5.070261e+05 5.061404e+05 4.978095e+05 4.721514e+05 4.267289e+05 3.715553e+05 3.194508e+05 2.771901e+05 2.455468e+05 1.792398e+05 1.644081e+05 1.613462e+05 1.624876e+05 1.653870e+05 1.688838e+05 1.758160e+05 1.821232e+05 1.880830e+05 1.939812e+05 2.000144e+05 2.062097e+05
4.970834e+05 4.970834e+05 4.970834e+05 4.970835e+05 4.970836e+05 4.970863e+05 4.970932e+05 4.970939e+05 4.969159e+05 4.960613e+05 4.879981e+05 4.631640e+05 4.192248e+05 3.658945e+05 3.155795e+05 2.748170e+05 2.443351e+05 1.806834e+05 1.665237e+05 1.635752e+05 1.646525e+05 1.674713e+05 1.709173e+05 1.777624e+05 1.838799e+05 1.895668e+05 1.951733e+05 2.009713e+05 2.070319e+05
4.878351e+05 4.878351e+05 4.878351e+05 4.878352e+05 4.878353e+05 4.878383e+05 4.878459e+05 4.878461e+05 4.876713e+05 4.868394e+05 4.790154e+05 4.549499e+05 4.124084e+05 3.608198e+05 3.121958e+05 2.728473e+05 2.434594e+05 1.822935e+05 1.687547e+05 1.658995e+05 1.668914e+05 1.696011e+05 1.729691e+05 1.797049e+05 1.856428e+05 1.910712e+05 1.963991e+05 2.019471e+05 2.078638e+05
4.793705e+05 4.793705e+05 4.793705e+05 4.793705e+05 4.793706e+05 4.793710e+05 4.793713e+05 4.793520e+05 4.791724e+05 4.783555e+05 4.707505e+05 4.474133e+05 4.062014e+05 3.562686e+05 3.092493e+05 2.712393e+05 2.428842e+05 1.840492e+05 1.710838e+05 1.683049e+05 1.691947e+05 1.717714e+05 1.750366e+05 1.816385e+05 1.874048e+05 1.925895e+05 1.976510e+05 2.029451e+05 2.087064e+05
4.714574e+05 4.714574e+05 4.714574e+05 4.714574e+05 4.714574e+05 4.714577e+05 4.714575e+05 4.714361e+05 4.712597e+05 4.704646e+05 4.630836e+05 4.404572e+05 4.005272e+05 3.521806e+05 3.066915e+05 2.699533e+05 2.425763e+05 1.859310e+05 1.734948e+05 1.707775e+05 1.715526e+05 1.739769e+05 1.771168e+05 1.835592e+05 1.891594e+05 1.941152e+05 1.989230e+05 2.039706e+05 2.095608e+05
4.640235e+05 4.640235e+05 4.640235e+05 4.640235e+05 4.640236e+05 4.640248e+05 4.640277e+05 4.640173e+05 4.638523e+05 4.630871e+05 4.559398e+05 4.340130e+05 3.953249e+05 3.485038e+05 3.044790e+05 2.689528e+05 2.425047e+05 1.879205e+05 1.759724e+05 1.733038e+05 1.739551e+05 1.762117e+05 1.792069e+05 1.854633e+05 1.909007e+05 1.956424e+05 2.002097e+05 2.050250e+05 2.104288e+05
4.570961e+05 4.570961e+05 4.570961e+05 4.570961e+05 4.570962e+05 4.570982e+05 4.571036e+05 4.571030e+05 4.569493e+05 4.562141e+05 4.492958e+05 4.280462e+05 3.905542e+05 3.451972e+05 3.025741e+05 2.682049e+05 2.426407e+05 1.900003e+05 1.785018e+05 1.758707e+05 1.763919e+05 1.784693e+05 1.813032e+05 1.873481e+05 1.926236e+05 1.971654e+05 2.015060e+05 2.061012e+05 2.113126e+05
4.506895e+05 4.506895e+05 4.506895e+05 4.506895e+05 4.506896e+05 4.506918e+05 4.506978e+05 4.507014e+05 4.505560e+05 4.498467e+05 4.431423e+05 4.225363e+05 3.861857e+05 3.422283e+05 3.009451e+05 2.676806e+05 2.429585e+05 1.921538e+05 1.810693e+05 1.784657e+05 1.788531e+05 1.807430e+05 1.834021e+05 1.892111e+05 1.943235e+05 1.986788e+05 2.028071e+05 2.071941e+05 2.122153e+05
4.447782e+05 4.447782e+05 4.447782e+05 4.447782e+05 4.447783e+05 4.447808e+05 4.447879e+05 4.447955e+05 4.446564e+05 4.439693e+05 4.374607e+05 4.174592e+05 3.821917e+05 3.395685e+05 2.995645e+05 2.673546e+05 2.434350e+05 1.943650e+05 1.836616e+05 1.810770e+05 1.813287e+05 1.830260e+05 1.854997e+05 1.910502e+05 1.959966e+05 2.001780e+05 2.041086e+05 2.082994e+05 2.131419e+05
4.393446e+05 4.393446e+05 4.393446e+05 4.393447e+05 4.393448e+05 4.393473e+05 4.393544e+05 4.393604e+05 4.392222e+05 4.385498e+05 4.322138e+05 4.127776e+05 3.785384e+05 3.371882e+05 2.984066e+05 2.672037e+05 2.440489e+05 1.966186e+05 1.862661e+05 1.836932e+05 1.838091e+05 1.853113e+05 1.875916e+05 1.928635e+05 1.976396e+05 2.016584e+05 2.054062e+05 2.094134e+05 2.140899e+05
4.343508e+05 4.343508e+05 4.343508e+05 4.343507e+05 4.343507e+05 4.343497e+05 4.343479e+05 4.343282e+05 4.341798e+05 4.335122e+05 4.273294e+05 4.084315e+05 3.751802e+05 3.350536e+05 2.974448e+05 2.672053e+05 2.447800e+05 1.989003e+05 1.888712e+05 1.863036e+05 1.862850e+05 1.875919e+05 1.896736e+05 1.946496e+05 1.992499e+05 2.031161e+05 2.066958e+05 2.105324e+05 2.150543e+05
4.295594e+05 4.295594e+05 4.295594e+05 4.295594e+05 4.295594e+05 4.295589e+05 4.295566e+05 4.295315e+05 4.293824e+05 4.287281e+05 4.227103e+05 4.043495e+05 3.720664e+05 3.331282e+05 2.966513e+05 2.673367e+05 2.456086e+05 2.011969e+05 1.914660e+05 1.888982e+05 1.887475e+05 1.898608e+05 1.917410e+05 1.964067e+05 2.008252e+05 2.045476e+05 2.079738e+05 2.116531e+05 2.160316e+05
4.249171e+05 4.249171e+05 4.249171e+05 4.249171e+05 4.249171e+05 4.249174e+05 4.249181e+05 4.249048e+05 4.247665e+05 4.241371e+05 4.183038e+05 4.004872e+05 3.691601e+05 3.313815e+05 2.960004e+05 2.675760e+05 2.465156e+05 2.034961e+05 1.940402e+05 1.914679e+05 1.911883e+05 1.921115e+05 1.937895e+05 1.981335e+05 2.023639e+05 2.059499e+05 2.092366e+05 2.127724e+05 2.170188e+05
4.204992e+05 4.204992e+05 4.204992e+05 4.204992e+05 4.204993e+05 4.205004e+05 4.205033e+05 4.204988e+05 4.203704e+05 4.197661e+05 4.141179e+05 3.968379e+05 3.664452e+05 3.297931e+05 2.954713e+05 2.679041e+05 2.474840e+05 2.057869e+05 1.965848e+05 1.940038e+05 1.935995e+05 1.943374e+05 1.958144e+05 1.998286e+05 2.038646e+05 2.073205e+05 2.104813e+05 2.138874e+05 2.180133e+05
4.163431e+05 4.163431e+05 4.163431e+05 4.163431e+05 4.163431e+05 4.163447e+05 4.163489e+05 4.163496e+05 4.162289e+05 4.156468e+05 4.101735e+05 3.934090e+05 3.639160e+05 3.283493e+05 2.950476e+05 2.683044e+05 2.484987e+05 2.080592e+05 1.990910e+05 1.964983e+05 1.959739e+05 1.965324e+05 1.978114e+05 2.014905e+05 2.053263e+05 2.086571e+05 2.117049e+05 2.149952e+05 2.190125e+05
4.124591e+05 4.124591e+05 4.124591e+05 4.124591e+05 4.124592e+05 4.124611e+05 4.124664e+05 4.124711e+05 4.123564e+05 4.117936e+05 4.064817e+05 3.902034e+05 3.615672e+05 3.270389e+05 2.947158e+05 2.687635e+05 2.495469e+05 2.103039e+05 2.015512e+05 1.989440e+05 1.983046e+05 1.986907e+05 1.997760e+05 2.031179e+05 2.067483e+05 2.099582e+05 2.129050e+05 2.160934e+05 2.200143e+05
4.088542e+05 4.088542e+05 4.088542e+05 4.088542e+05 4.088543e+05 4.088561e+05 4.088612e+05 4.088659e+05 4.087540e+05 4.082057e+05 4.030376e+05 3.872125e+05 3.593876e+05 3.258501e+05 2.944641e+05 2.692704e+05 2.506182e+05 2.125124e+05 2.039582e+05 2.013344e+05 2.005855e+05 2.008069e+05 2.017043e+05 2.047095e+05 2.081301e+05 2.112223e+05 2.140794e+05 2.171797e+05 2.210164e+05
4.055089e+05 4.055089e+05 4.055089e+05 4.055089e+05 4.055090e+05 4.055105e+05 4.055146e+05 4.055118e+05 4.053965e+05 4.048552e+05 3.998111e+05 3.844096e+05 3.573566e+05 3.247680e+05 2.942813e+05 2.698152e+05 2.517035e+05 2.146770e+05 2.063053e+05 2.036636e+05 2.028112e+05 2.028762e+05 2.035923e+05 2.062639e+05 2.094714e+05 2.124486e+05 2.152264e+05 2.182518e+05 2.220170e+05
4.023591e+05 4.023591e+05 4.023591e+05 4.023591e+05 4.023591e+05 4.023579e+05 4.023542e+05 4.023298e+05 4.022058e+05 4.016673e+05 3.967392e+05 3.817475e+05 3.554433e+05 3.237733e+05 2.941546e+05 2.703881e+05 2.527939e+05 2.167902e+05 2.085868e+05 2.059264e+05 2.049765e+05 2.048938e+05 2.054363e+05 2.077799e+05 2.107723e+05 2.136364e+05 2.163444e+05 2.193079e+05 2.230142e+05
3.992240e+05 3.992240e+05 3.992240e+05 3.992240e+05 3.992240e+05 3.992236e+05 3.992213e+05 3.991983e+05 3.990763e+05 3.985504e+05 3.937536e+05 3.791782e+05 3.536163e+05 3.228460e+05 2.940702e+05 2.709783e+05 2.538800e+05 2.188454e+05 2.107976e+05 2.081183e+05 2.070772e+05 2.068559e+05 2.072331e+05 2.092563e+05 2.120325e+05 2.147855e+05 2.174323e+05 2.203464e+05 2.240062e+05
3.961211e+05 3.961211e+05 3.961211e+05 3.961211e+05 3.961211e+05 3.961208e+05 3.961196e+05 3.961032e+05 3.959890e+05 3.954825e+05 3.908311e+05 3.766808e+05 3.518577e+05 3.219713e+05 2.940155e+05 2.715747e+05 2.549520e+05 2.208366e+05 2.129332e+05 2.102355e+05 2.091095e+05 2.087588e+05 2.089797e+05 2.106919e+05 2.132524e+05 2.158957e+05 2.184891e+05 2.213659e+05 2.249917e+05
3.930921e+05 3.930921e+05 3.930921e+05 3.930921e+05 3.930921e+05 3.930927e+05 3.930942e+05 3.930863e+05 3.929803e+05 3.924938e+05 3.879890e+05 3.742609e+05 3.501645e+05 3.211406e+05 2.939798e+05 2.721668e+05 2.560004e+05 2.227589e+05 2.149900e+05 2.122747e+05 2.110703e+05 2.105995e+05 2.106732e+05 2.120856e+05 2.144322e+05 2.169672e+05 2.195143e+05 2.223651e+05 2.259692e+05
3.901906e+05 3.901906e+05 3.901907e+05 3.901907e+05 3.901907e+05 3.901913e+05 3.901930e+05 3.901872e+05 3.900864e+05 3.896170e+05 3.852517e+05 3.719318e+05 3.485385e+05 3.203481e+05 2.939539e+05 2.727449e+05 2.570163e+05 2.246080e+05 2.169652e+05 2.142333e+05 2.129569e+05 2.123753e+05 2.123115e+05 2.134365e+05 2.155721e+05 2.180005e+05 2.205077e+05 2.233431e+05 2.269376e+05
3.874169e+05 3.874169e+05 3.874169e+05 3.874169e+05 3.874169e+05 3.874175e+05 3.874193e+05 3.874159e+05 3.873200e+05 3.868668e+05 3.826332e+05 3.697018e+05 3.469804e+05 3.195883e+05 2.939299e+05 2.733009e+05 2.579928e+05 2.263810e+05 2.188566e+05 2.161094e+05 2.147673e+05 2.140841e+05 2.138924e+05 2.147438e+05 2.166725e+05 2.189961e+05 2.214690e+05 2.242992e+05 2.278958e+05
3.847752e+05 3.847752e+05 3.847752e+05 3.847752e+05 3.847752e+05 3.847765e+05 3.847802e+05 3.847822e+05 3.846918e+05 3.842538e+05 3.801424e+05 3.675752e+05 3.454891e+05 3.188568e+05 2.939018e+05 2.738291e+05 2.589248e+05 2.280756e+05 2.206625e+05 2.179016e+05 2.164999e+05 2.157241e+05 2.154144e+05 2.160066e+05 2.177338e+05 2.199547e+05 2.223986e+05 2.252330e+05 2.288430e+05
3.822992e+05 3.822992e+05 3.822992e+05 3.822993e+05 3.822993e+05 3.823003e+05 3.823032e+05 3.823035e+05 3.822145e+05 3.817868e+05 3.777821e+05 3.655508e+05 3.440614e+05 3.181500e+05 2.938665e+05 2.743268e+05 2.598100e+05 2.296901e+05 2.223818e+05 2.196088e+05 2.181536e+05 2.172942e+05 2.168760e+05 2.172245e+05 2.187566e+05 2.208771e+05 2.232967e+05 2.261442e+05 2.297786e+05
3.799639e+05 3.799639e+05 3.799639e+05 3.799639e+05 3.799639e+05 3.799647e+05 3.799668e+05 3.799616e+05 3.798699e+05 3.794471e+05 3.755334e+05 3.636130e+05 3.426874e+05 3.174629e+05 2.938220e+05 2.747933e+05 2.606480e+05 2.312234e+05 2.240138e+05 2.212306e+05 2.197280e+05 2.187934e+05 2.182764e+05 2.183970e+05 2.197414e+05 2.217644e+05 2.241641e+05 2.270326e+05 2.307019e+05
3.777298e+05 3.777298e+05 3.777298e+05 3.777298e+05 3.777298e+05 3.777284e+05 3.777244e+05 3.777020e+05 3.776028e+05 3.771812e+05 3.733509e+05 3.617294e+05 3.413486e+05 3.167873e+05 2.937656e+05 2.752280e+05 2.614385e+05 2.326748e+05 2.255582e+05 2.227671e+05 2.212227e+05 2.202213e+05 2.196149e+05 2.195238e+05 2.206887e+05 2.226176e+05 2.250014e+05 2.278986e+05 2.316127e+05
3.754591e+05 3.754591e+05 3.754591e+05 3.754590e+05 3.754590e+05 3.754576e+05 3.754534e+05 3.754291e+05 3.753303e+05 3.749170e+05 3.711822e+05 3.598652e+05 3.400250e+05 3.161138e+05 2.936937e+05 2.756295e+05 2.621810e+05 2.340439e+05 2.270154e+05 2.242186e+05 2.226382e+05 2.215778e+05 2.208911e+05 2.206047e+05 2.215993e+05 2.234377e+05 2.258097e+05 2.287424e+05 2.325108e+05
3.731416e+05 3.731416e+05 3.731416e+05 3.731416e+05 3.731416e+05 3.731413e+05 3.731403e+05 3.731252e+05 3.730336e+05 3.726359e+05 3.690102e+05 3.580071e+05 3.387077e+05 3.154368e+05 2.936027e+05 2.759956e+05 2.628736e+05 2.353306e+05 2.283861e+05 2.255862e+05 2.239749e+05 2.228631e+05 2.221051e+05 2.216398e+05 2.224738e+05 2.242260e+05 2.265898e+05 2.295645e+05 2.333962e+05
3.708485e+05 3.708485e+05 3.708485e+05 3.708485e+05 3.708485e+05 3.708484e+05 3.708481e+05 3.708377e+05 3.707523e+05 3.703699e+05 3.668548e+05 3.561654e+05 3.374002e+05 3.147558e+05 2.934903e+05 2.763234e+05 2.635140e+05 2.365352e+05 2.296715e+05 2.268709e+05 2.252340e+05 2.240779e+05 2.232570e+05 2.226293e+05 2.233131e+05 2.249838e+05 2.273431e+05 2.303656e+05 2.342690e+05
3.686050e+05 3.686050e+05 3.686050e+05 3.686050e+05 3.686050e+05 3.686053e+05 3.686061e+05 3.685997e+05 3.685195e+05 3.681511e+05 3.647421e+05 3.543573e+05 3.361103e+05 3.140718e+05 2.933542e+05 2.766100e+05 2.640997e+05 2.376590e+05 2.308735e+05 2.280746e+05 2.264166e+05 2.252231e+05 2.243474e+05 2.235735e+05 2.241178e+05 2.257123e+05 2.280707e+05 2.311466e+05 2.351297e+05
3.664353e+05 3.664353e+05 3.664353e+05 3.664353e+05 3.664353e+05 3.664359e+05 3.664372e+05 3.664332e+05 3.663569e+05 3.660009e+05 3.626915e+05 3.525966e+05 3.348447e+05 3.133858e+05 2.931924e+05 2.768528e+05 2.646289e+05 2.387037e+05 2.319942e+05 2.291990e+05 2.275244e+05 2.262996e+05 2.253769e+05 2.244729e+05 2.248890e+05 2.264129e+05 2.287742e+05 2.319085e+05 2.359786e+05
3.643493e+05 3.643493e+05 3.643493e+05 3.643493e+05 3.643494e+05 3.643499e+05 3.643515e+05 3.643491e+05 3.642762e+05 3.639314e+05 3.607146e+05 3.508917e+05 3.336071e+05 3.126976e+05 2.930033e+05 2.770501e+05 2.651007e+05 2.396718e+05 2.330361e+05 2.302464e+05 2.285591e+05 2.273090e+05 2.263467e+05 2.253280e+05 2.256274e+05 2.270870e+05 2.294548e+05 2.326523e+05 2.368163e+05
3.623512e+05 3.623512e+05 3.623512e+05 3.623512e+05 3.623513e+05 3.623522e+05 3.623546e+05 3.623550e+05 3.622853e+05 3.619507e+05 3.588180e+05 3.492467e+05 3.323987e+05 3.120068e+05 2.927861e+05 2.772019e+05 2.655159e+05 2.405659e+05 2.340019e+05 2.312191e+05 2.295226e+05 2.282527e+05 2.272578e+05 2.261398e+05 2.263343e+05 2.277359e+05 2.301142e+05 2.333792e+05 2.376436e+05
3.604569e+05 3.604569e+05 3.604569e+05 3.604569e+05 3.604569e+05 3.604578e+05 3.604602e+05 3.604596e+05 3.603903e+05 3.600618e+05 3.570008e+05 3.476586e+05 3.312167e+05 3.113122e+05 2.925411e+05 2.773098e+05 2.658769e+05 2.413891e+05 2.348941e+05 2.321194e+05 2.304171e+05 2.291324e+05 2.281115e+05 2.269090e+05 2.270105e+05 2.283611e+05 2.307538e+05 2.340906e+05 2.384614e+05
3.586584e+05 3.586584e+05 3.586584e+05 3.586584e+05 3.586583e+05 3.586579e+05 3.586565e+05 3.586450e+05 3.585712e+05 3.582444e+05 3.552439e+05 3.461131e+05 3.300534e+05 3.106114e+05 2.922698e+05 2.773769e+05 2.661875e+05 2.421441e+05 2.357153e+05 2.329497e+05 2.312447e+05 2.299501e+05 2.289094e+05 2.276367e+05 2.276572e+05 2.289641e+05 2.313754e+05 2.347880e+05 2.392705e+05
3.568672e+05 3.568672e+05 3.568672e+05 3.568672e+05 3.568672e+05 3.568666e+05 3.568648e+05 3.568502e+05 3.567752e+05 3.564524e+05 3.535138e+05 3.445888e+05 3.288982e+05 3.099021e+05 2.919742e+05 2.774070e+05 2.664516e+05 2.428337e+05 2.364678e+05 2.337125e+05 2.320077e+05 2.307077e+05 2.296532e+05 2.283242e+05 2.282757e+05 2.295463e+05 2.319805e+05 2.354727e+05 2.400722e+05
3.550627e+05 3.550627e+05 3.550627e+05 3.550627e+05 3.550627e+05 3.550623e+05 3.550610e+05 3.550476e+05 3.549745e+05 3.546591e+05 3.517881e+05 3.430704e+05 3.277439e+05 3.091835e+05 2.916569e+05 2.774039e+05 2.666733e+05 2.434600e+05 2.371542e+05 2.344102e+05 2.327085e+05 2.314073e+05 2.303446e+05 2.289726e+05 2.288671e+05 2.301093e+05 2.325708e+05 2.361463e+05 2.408676e+05
3.532554e+05 3.532554e+05 3.532554e+05 3.532554e+05 3.532554e+05 3.532550e+05 3.532537e+05 3.532413e+05 3.531708e+05 3.528639e+05 3.500638e+05 3.415551e+05 3.265899e+05 3.084569e+05 2.913206e+05 2.773707e+05 2.668552e+05 2.440250e+05 2.377765e+05 2.350454e+05 2.333496e+05 2.320512e+05 2.309854e+05 2.295833e+05 2.294328e+05 2.306545e+05 2.331482e+05 2.368104e+05 2.416579e+05
3.514493e+05 3.514493e+05 3.514493e+05 3.514493e+05 3.514493e+05 3.514493e+05 3.514491e+05 3.514402e+05 3.513733e+05 3.510759e+05 3.483481e+05 3.400482e+05 3.254397e+05 3.077249e+05 2.909670e+05 2.773086e+05 2.669984e+05 2.445302e+05 2.383374e+05 2.356206e+05 2.339334e+05 2.326416e+05 2.315778e+05 2.301580e+05 2.299742e+05 2.311837e+05 2.337142e+05 2.374668e+05 2.424445e+05
3.496692e+05 3.496692e+05 3.496692e+05 3.496692e+05 3.496692e+05 3.496692e+05 3.496690e+05 3.496616e+05 3.495977e+05 3.493095e+05 3.466531e+05 3.385587e+05 3.242988e+05 3.069900e+05 2.905970e+05 2.772177e+05 2.671029e+05 2.449776e+05 2.388392e+05 2.361387e+05 2.344626e+05 2.331809e+05 2.321238e+05 2.306982e+05 2.304927e+05 2.316984e+05 2.342706e+05 2.381170e+05 2.432289e+05
3.479202e+05 3.479202e+05 3.479202e+05 3.479202e+05 3.479202e+05 3.479206e+05 3.479214e+05 3.479171e+05 3.478566e+05 3.475776e+05 3.449913e+05 3.370962e+05 3.231729e+05 3.062542e+05 2.902103e+05 2.770971e+05 2.671681e+05 2.453690e+05 2.392848e+05 2.366023e+05 2.349399e+05 2.336716e+05 2.326256e+05 2.312055e+05 2.309899e+05 2.322001e+05 2.348193e+05 2.387630e+05 2.440125e+05
3.462229e+05 3.462229e+05 3.462229e+05 3.462229e+05 3.462229e+05 3.462232e+05 3.462241e+05 3.462215e+05 3.461641e+05 3.458942e+05 3.433750e+05 3.356700e+05 3.220669e+05 3.055189e+05 2.898065e+05 2.769459e+05 2.671936e+05 2.457071e+05 2.396772e+05 2.370144e+05 2.353678e+05 2.341162e+05 2.330855e+05 2.316818e+05 2.314673e+05 2.326906e+05 2.353620e+05 2.394063e+05 2.447969e+05
3.445821e+05 3.445821e+05 3.445821e+05 3.445821e+05 3.445822e+05 3.445831e+05 3.445855e+05 3.445875e+05 3.445343e+05 3.442735e+05 3.418176e+05 3.342900e+05 3.209862e+05 3.047857e+05 2.893854e+05 2.767639e+05 2.671795e+05 2.459947e+05 2.400195e+05 2.373778e+05 2.357493e+05 2.345172e+05 2.335058e+05 2.321289e+05 2.319266e+05 2.331715e+05 2.359005e+05 2.400489e+05 2.455837e+05
3.430299e+05 3.430299e+05 3.430299e+05 3.430299e+05 3.430299e+05 3.430309e+05 3.430337e+05 3.430380e+05 3.429873e+05 3.427334e+05 3.403320e+05 3.329639e+05 3.199341e+05 3.040556e+05 2.889473e+05 2.765515e+05 2.671273e+05 2.462352e+05 2.403150e+05 2.376956e+05 2.360870e+05 2.348772e+05 2.338889e+05 2.325489e+05 2.323694e+05 2.336446e+05 2.364366e+05 2.406925e+05 2.463745e+05
3.415799e+05 3.415799e+05 3.415799e+05 3.415799e+05 3.415800e+05 3.415806e+05 3.415823e+05 3.415823e+05 3.415299e+05 3.412784e+05 3.389192e+05 3.316912e+05 3.189097e+05 3.033280e+05 2.884927e+05 2.763104e+05 2.670392e+05 2.464322e+05 2.405667e+05 2.379704e+05 2.363835e+05 2.351989e+05 2.342371e+05 2.329436e+05 2.327975e+05 2.341115e+05 2.369722e+05 2.413391e+05 2.471709e+05
3.401951e+05 3.401951e+05 3.401951e+05 3.401951e+05 3.401951e+05 3.401952e+05 3.401954e+05 3.401902e+05 3.401355e+05 3.398850e+05 3.375617e+05 3.304597e+05 3.179062e+05 3.026007e+05 2.880222e+05 2.760429e+05 2.669187e+05 2.465892e+05 2.407776e+05 2.382052e+05 2.366418e+05 2.354847e+05 2.345531e+05 2.333153e+05 2.332128e+05 2.345740e+05 2.375091e+05 2.419903e+05 2.479748e+05
3.388346e+05 3.388346e+05 3.388346e+05 3.388346e+05 3.388346e+05 3.388346e+05 3.388346e+05 3.388279e+05 3.387724e+05 3.385239e+05 3.362358e+05 3.292527e+05 3.169145e+05 3.018709e+05 2.875371e+05 2.757525e+05 2.667699e+05 2.467094e+05 2.409505e+05 2.384026e+05 2.368643e+05 2.357374e+05 2.348393e+05 2.336660e+05 2.336170e+05 2.350339e+05 2.380490e+05 2.426482e+05 2.487879e+05
3.374895e+05 3.374895e+05 3.374895e+05 3.374895e+05 3.374895e+05 3.374892e+05 3.374882e+05 3.374787e+05 3.374224e+05 3.371763e+05 3.349236e+05 3.280570e+05 3.159275e+05 3.011370e+05 2.870396e+05 2.754429e+05 2.665969e+05 2.467957e+05 2.410878e+05 2.385651e+05 2.370538e+05 2.359596e+05 2.350983e+05 2.339981e+05 2.340122e+05 2.354931e+05 2.385939e+05 2.433146e+05 2.496119e+05
3.361377e+05 3.361377e+05 3.361377e+05 3.361377e+05 3.361377e+05 3.361374e+05 3.361364e+05 3.361266e+05 3.360709e+05 3.358287e+05 3.336139e+05 3.268648e+05 3.149420e+05 3.003997e+05 2.865326e+05 2.751179e+05 2.664036e+05 2.468502e+05 2.411916e+05 2.386951e+05 2.372129e+05 2.361541e+05 2.353327e+05 2.343138e+05 2.344003e+05 2.359533e+05 2.391457e+05 2.439912e+05 2.504485e+05
3.347778e+05 3.347778e+05 3.347778e+05 3.347778e+05 3.347778e+05 3.347776e+05 3.347772e+05 3.347691e+05 3.347153e+05 3.344782e+05 3.323045e+05 3.256752e+05 3.139589e+05 2.996616e+05 2.860193e+05 2.747808e+05 2.661929e+05 2.468748e+05 2.412639e+05 2.387951e+05 2.373442e+05 2.363235e+05 2.355453e+05 2.346155e+05 2.347833e+05 2.364165e+05 2.397061e+05 2.446801e+05 2.512997e+05
