1.515856e+08 1.563468e+08 1.570641e+08 1.532863e+08 1.500947e+08 1.345625e+08 1.250418e+08 1.137100e+08 1.097423e+08 1.064219e+08 1.010914e+08 9.693315e+07 9.357891e+07 9.083485e+07 8.858264e+07 8.673826e+07 8.523566e+07 8.121701e+07 8.035292e+07 8.068940e+07 8.136090e+07 8.199441e+07 8.244450e+07 8.267682e+07 8.213183e+07 8.103030e+07 7.956205e+07 7.786404e+07 7.603026e+07
1.350252e+08 1.350266e+08 1.350298e+08 1.350109e+08 1.345099e+08 1.287959e+08 1.220868e+08 1.122662e+08 1.085859e+08 1.054588e+08 1.003767e+08 9.637453e+07 9.312901e+07 9.046557e+07 8.827571e+07 8.648103e+07 8.501899e+07 8.112466e+07 8.031904e+07 8.068365e+07 8.136762e+07 8.200529e+07 8.245525e+07 8.268216e+07 8.213044e+07 8.102310e+07 7.955039e+07 7.784912e+07 7.601304e+07
1.257315e+08 1.257318e+08 1.257325e+08 1.257384e+08 1.256933e+08 1.237516e+08 1.183187e+08 1.103522e+08 1.071255e+08 1.042856e+08 9.954694e+07 9.574523e+07 9.263255e+07 9.006417e+07 8.794589e+07 8.620714e+07 8.478999e+07 8.102944e+07 8.028471e+07 8.067811e+07 8.137462e+07 8.201639e+07 8.246610e+07 8.268743e+07 8.212889e+07 8.101572e+07 7.953853e+07 7.783401e+07 7.599564e+07
1.193542e+08 1.193543e+08 1.193546e+08 1.193584e+08 1.193493e+08 1.175937e+08 1.157636e+08 1.081024e+08 1.053901e+08 1.029096e+08 9.860282e+07 9.504555e+07 9.208985e+07 8.963095e+07 8.759348e+07 8.591684e+07 8.454890e+07 8.093146e+07 8.025001e+07 8.067279e+07 8.138192e+07 8.202770e+07 8.247705e+07 8.269263e+07 8.212718e+07 8.100814e+07 7.952648e+07 7.781870e+07 7.597806e+07
1.144183e+08 1.144184e+08 1.144186e+08 1.144207e+08 1.144184e+08 1.133025e+08 1.120519e+08 1.061084e+08 1.035349e+08 1.013827e+08 9.755358e+07 9.427826e+07 9.150212e+07 8.916664e+07 8.721897e+07 8.561052e+07 8.429603e+07 8.083085e+07 8.021498e+07 8.066772e+07 8.138953e+07 8.203923e+07 8.248811e+07 8.269776e+07 8.212531e+07 8.100036e+07 7.951421e+07 7.780320e+07 7.596029e+07
1.103745e+08 1.103746e+08 1.103747e+08 1.103762e+08 1.103757e+08 1.097434e+08 1.082760e+08 1.046167e+08 1.019509e+08 9.983838e+07 9.642431e+07 9.345042e+07 9.087212e+07 8.867260e+07 8.682319e+07 8.528872e+07 8.403177e+07 8.072774e+07 8.017970e+07 8.066292e+07 8.139744e+07 8.205096e+07 8.249926e+07 8.270281e+07 8.212328e+07 8.099239e+07 7.950175e+07 7.778750e+07 7.594234e+07
1.069520e+08 1.069521e+08 1.069521e+08 1.069532e+08 1.069533e+08 1.065874e+08 1.051493e+08 1.029862e+08 1.007079e+08 9.853947e+07 9.526454e+07 9.257602e+07 9.020496e+07 8.815115e+07 8.640736e+07 8.495220e+07 8.375664e+07 8.062229e+07 8.014421e+07 8.065841e+07 8.140566e+07 8.206290e+07 8.251050e+07 8.270778e+07 8.212107e+07 8.098421e+07 7.948907e+07 7.777160e+07 7.592420e+07
1.039974e+08 1.039974e+08 1.039974e+08 1.039982e+08 1.039986e+08 1.037748e+08 1.025672e+08 1.010555e+08 9.943657e+07 9.748350e+07 9.415834e+07 9.167854e+07 8.950916e+07 8.760598e+07 8.597336e+07 8.460203e+07 8.347131e+07 8.051465e+07 8.010857e+07 8.065422e+07 8.141419e+07 8.207504e+07 8.252182e+07 8.271265e+07 8.211868e+07 8.097582e+07 7.947618e+07 7.775549e+07 7.590588e+07
1.014090e+08 1.014091e+08 1.014091e+08 1.014098e+08 1.014104e+08 1.012663e+08 1.003294e+08 9.898146e+07 9.799098e+07 9.644281e+07 9.323412e+07 9.079371e+07 8.879761e+07 8.704262e+07 8.552389e+07 8.423969e+07 8.317668e+07 8.040500e+07 8.007284e+07 8.065035e+07 8.142305e+07 8.208738e+07 8.253321e+07 8.271742e+07 8.211612e+07 8.096721e+07 7.946307e+07 7.773919e+07 7.588736e+07
9.911567e+07 9.911568e+07 9.911571e+07 9.911627e+07 9.911691e+07 9.902082e+07 9.831879e+07 9.696146e+07 9.639743e+07 9.530757e+07 9.244854e+07 8.997528e+07 8.808864e+07 8.646889e+07 8.506273e+07 8.386722e+07 8.287394e+07 8.029353e+07 8.003708e+07 8.064683e+07 8.143222e+07 8.209992e+07 8.254467e+07 8.272209e+07 8.211336e+07 8.095840e+07 7.944975e+07 7.772267e+07 7.586865e+07
9.706626e+07 9.706626e+07 9.706629e+07 9.706671e+07 9.706726e+07 9.700149e+07 9.648120e+07 9.510842e+07 9.475703e+07 9.406096e+07 9.170156e+07 8.928984e+07 8.740732e+07 8.589533e+07 8.459495e+07 8.348728e+07 8.256461e+07 8.018047e+07 8.000135e+07 8.064367e+07 8.144171e+07 8.211264e+07 8.255620e+07 8.272665e+07 8.211041e+07 8.094936e+07 7.943621e+07 7.770595e+07 7.584975e+07
8.940301e+07 8.940301e+07 8.940302e+07 8.940331e+07 8.940394e+07 8.939670e+07 8.927537e+07 8.842165e+07 8.802328e+07 8.782099e+07 8.744303e+07 8.642332e+07 8.498708e+07 8.359610e+07 8.246299e+07 8.163160e+07 8.100705e+07 7.960183e+07 7.982564e+07 8.063389e+07 8.149387e+07 8.217879e+07 8.261439e+07 8.274745e+07 8.209257e+07 8.090073e+07 7.936511e+07 7.761913e+07 7.575232e+07
8.455503e+07 8.455503e+07 8.455504e+07 8.455528e+07 8.455590e+07 8.456302e+07 8.454251e+07 8.421534e+07 8.391333e+07 8.364001e+07 8.339245e+07 8.326288e+07 8.283036e+07 8.208283e+07 8.123341e+07 8.046289e+07 7.985730e+07 7.904628e+07 7.966346e+07 8.063567e+07 8.155353e+07 8.224829e+07 8.267259e+07 8.276418e+07 8.206902e+07 8.084601e+07 7.928808e+07 7.752681e+07 7.564988e+07
8.146936e+07 8.146936e+07 8.146937e+07 8.146958e+07 8.147017e+07 8.148214e+07 8.149538e+07 8.139852e+07 8.124747e+07 8.104734e+07 8.070583e+07 8.060856e+07 8.060813e+07 8.048440e+07 8.017683e+07 7.975845e+07 7.933269e+07 7.862469e+07 7.953448e+07 8.065237e+07 8.162021e+07 8.231974e+07 8.272929e+07 8.277569e+07 8.203897e+07 8.078464e+07 7.920478e+07 7.742874e+07 7.554224e+07
7.953219e+07 7.953220e+07 7.953220e+07 7.953236e+07 7.953283e+07 7.954025e+07 7.954617e+07 7.951307e+07 7.944764e+07 7.933871e+07 7.905709e+07 7.887775e+07 7.889161e+07 7.900472e+07 7.908431e+07 7.906438e+07 7.895476e+07 7.854484e+07 7.947454e+07 8.069090e+07 8.169413e+07 8.239177e+07 8.278286e+07 8.278072e+07 8.200157e+07 8.071609e+07 7.911482e+07 7.732467e+07 7.542925e+07
7.816626e+07 7.816626e+07 7.816627e+07 7.816641e+07 7.816684e+07 7.817774e+07 7.820268e+07 7.824911e+07 7.824880e+07 7.821886e+07 7.806900e+07 7.790047e+07 7.785698e+07 7.797547e+07 7.819046e+07 7.841119e+07 7.857783e+07 7.880269e+07 7.954575e+07 8.076442e+07 8.177730e+07 8.246348e+07 8.283182e+07 8.277800e+07 8.195598e+07 8.063980e+07 7.901786e+07 7.721436e+07 7.531073e+07
7.747647e+07 7.747648e+07 7.747648e+07 7.747661e+07 7.747701e+07 7.748756e+07 7.751412e+07 7.758494e+07 7.761436e+07 7.762792e+07 7.758351e+07 7.747423e+07 7.740841e+07 7.747384e+07 7.767868e+07 7.797098e+07 7.828315e+07 7.920344e+07 7.984782e+07 8.089549e+07 8.187470e+07 8.253506e+07 8.287505e+07 8.276631e+07 8.190134e+07 8.055521e+07 7.891352e+07 7.709756e+07 7.518651e+07
7.729950e+07 7.729950e+07 7.729950e+07 7.729962e+07 7.729998e+07 7.730977e+07 7.733563e+07 7.741308e+07 7.745399e+07 7.748736e+07 7.750598e+07 7.745675e+07 7.740113e+07 7.742429e+07 7.757303e+07 7.783964e+07 7.818079e+07 7.963331e+07 8.033448e+07 8.112250e+07 8.199565e+07 8.260837e+07 8.291215e+07 8.274459e+07 8.183686e+07 8.046178e+07 7.880144e+07 7.697403e+07 7.505643e+07
7.750485e+07 7.750485e+07 7.750485e+07 7.750495e+07 7.750525e+07 7.751387e+07 7.753732e+07 7.761179e+07 7.765485e+07 7.769503e+07 7.774544e+07 7.774069e+07 7.770866e+07 7.771242e+07 7.780731e+07 7.801383e+07 7.831705e+07 8.004612e+07 8.090539e+07 8.149649e+07 8.215564e+07 8.268761e+07 8.294378e+07 8.271204e+07 8.176182e+07 8.035902e+07 7.868130e+07 7.684355e+07 7.492034e+07
7.797627e+07 7.797627e+07 7.797628e+07 7.797636e+07 7.797663e+07 7.798411e+07 7.800464e+07 7.807167e+07 7.811214e+07 7.815221e+07 7.821491e+07 7.823805e+07 7.823048e+07 7.823174e+07 7.828958e+07 7.843576e+07 7.867604e+07 8.044178e+07 8.149021e+07 8.196868e+07 8.238197e+07 8.278007e+07 8.297199e+07 8.266824e+07 8.167563e+07 8.024647e+07 7.855278e+07 7.670591e+07 7.477810e+07
7.861887e+07 7.861887e+07 7.861887e+07 7.861895e+07 7.861917e+07 7.862550e+07 7.864291e+07 7.870036e+07 7.873578e+07 7.877204e+07 7.883569e+07 7.887409e+07 7.888675e+07 7.889472e+07 7.893239e+07 7.903136e+07 7.920834e+07 8.083834e+07 8.204265e+07 8.248177e+07 8.269873e+07 8.289749e+07 8.300062e+07 8.261329e+07 8.157789e+07 8.012377e+07 7.841561e+07 7.656092e+07 7.462957e+07
7.935468e+07 7.935468e+07 7.935469e+07 7.935474e+07 7.935492e+07 7.936003e+07 7.937414e+07 7.942082e+07 7.944996e+07 7.948058e+07 7.953919e+07 7.958488e+07 7.961307e+07 7.963192e+07 7.966234e+07 7.972986e+07 7.985449e+07 8.125170e+07 8.253874e+07 8.299204e+07 8.306626e+07 8.306116e+07 8.303581e+07 8.254788e+07 8.146841e+07 7.999064e+07 7.826957e+07 7.640841e+07 7.447464e+07
8.011661e+07 8.011661e+07 8.011661e+07 8.011666e+07 8.011680e+07 8.012088e+07 8.013202e+07 8.016861e+07 8.019155e+07 8.021626e+07 8.026784e+07 8.031691e+07 8.035745e+07 8.038900e+07 8.042114e+07 8.047133e+07 8.055802e+07 8.168726e+07 8.297150e+07 8.346652e+07 8.344959e+07 8.327922e+07 8.308717e+07 8.247345e+07 8.134728e+07 7.984691e+07 7.811448e+07 7.624825e+07 7.431321e+07
8.085522e+07 8.085522e+07 8.085522e+07 8.085526e+07 8.085537e+07 8.085858e+07 8.086728e+07 8.089517e+07 8.091251e+07 8.093172e+07 8.097626e+07 8.102741e+07 8.107879e+07 8.112413e+07 8.116413e+07 8.120828e+07 8.127101e+07 8.213975e+07 8.334401e+07 8.388321e+07 8.382087e+07 8.352254e+07 8.317170e+07 8.239231e+07 8.121490e+07 7.969257e+07 7.795024e+07 7.608033e+07 7.414519e+07
8.153824e+07 8.153824e+07 8.153824e+07 8.153827e+07 8.153835e+07 8.154069e+07 8.154686e+07 8.156604e+07 8.157796e+07 8.159194e+07 8.163004e+07 8.168349e+07 8.174564e+07 8.180588e+07 8.185813e+07 8.190487e+07 8.195573e+07 8.259663e+07 8.366324e+07 8.423019e+07 8.415795e+07 8.376871e+07 8.328853e+07 8.230781e+07 8.107204e+07 7.952775e+07 7.777682e+07 7.590461e+07 7.397053e+07
8.213408e+07 8.213408e+07 8.213408e+07 8.213410e+07 8.213417e+07 8.213585e+07 8.214010e+07 8.215234e+07 8.215990e+07 8.216978e+07 8.220359e+07 8.226105e+07 8.233515e+07 8.241179e+07 8.247964e+07 8.253548e+07 8.258422e+07 8.304205e+07 8.393609e+07 8.450366e+07 8.444456e+07 8.399952e+07 8.341708e+07 8.222471e+07 8.091987e+07 7.935276e+07 7.759427e+07 7.572105e+07 7.378919e+07
8.262528e+07 8.262528e+07 8.262528e+07 8.262530e+07 8.262534e+07 8.262656e+07 8.262949e+07 8.263705e+07 8.264164e+07 8.264886e+07 8.268116e+07 8.274490e+07 8.283267e+07 8.292732e+07 8.301339e+07 8.308312e+07 8.313729e+07 8.345993e+07 8.416740e+07 8.470544e+07 8.467016e+07 8.420013e+07 8.354248e+07 8.215026e+07 8.076002e+07 7.916810e+07 7.740276e+07 7.552970e+07 7.360118e+07
8.300954e+07 8.300954e+07 8.300954e+07 8.300956e+07 8.300959e+07 8.301042e+07 8.301223e+07 8.301599e+07 8.301831e+07 8.302370e+07 8.305628e+07 8.312797e+07 8.323078e+07 8.334473e+07 8.345089e+07 8.353787e+07 8.360302e+07 8.383602e+07 8.435959e+07 8.484058e+07 8.482948e+07 8.435907e+07 8.365253e+07 8.209450e+07 8.059463e+07 7.897449e+07 7.720254e+07 7.533064e+07 7.340653e+07
8.328709e+07 8.328709e+07 8.328709e+07 8.328710e+07 8.328712e+07 8.328763e+07 8.328859e+07 8.328935e+07 8.328991e+07 8.329400e+07 8.332798e+07 8.340869e+07 8.352742e+07 8.366149e+07 8.378890e+07 8.389535e+07 8.397537e+07 8.415886e+07 8.451302e+07 8.491548e+07 8.492153e+07 8.446829e+07 8.373712e+07 8.204974e+07 8.042655e+07 7.877289e+07 7.699398e+07 7.512404e+07 7.320529e+07
8.346138e+07 8.346138e+07 8.346138e+07 8.346138e+07 8.346139e+07 8.346156e+07 8.346159e+07 8.345960e+07 8.345874e+07 8.346198e+07 8.349832e+07 8.358884e+07 8.372408e+07 8.387873e+07 8.402804e+07 8.415527e+07 8.425273e+07 8.442022e+07 8.462677e+07 8.493660e+07 8.494853e+07 8.452298e+07 8.378826e+07 8.200626e+07 8.025957e+07 7.856449e+07 7.677758e+07 7.491010e+07 7.299757e+07
8.353384e+07 8.353384e+07 8.353384e+07 8.353385e+07 8.353385e+07 8.353393e+07 8.353365e+07 8.353029e+07 8.352870e+07 8.353176e+07 8.357166e+07 8.367280e+07 8.382497e+07 8.400038e+07 8.417178e+07 8.432041e+07 8.443681e+07 8.461493e+07 8.469931e+07 8.490973e+07 8.491479e+07 8.452126e+07 8.379999e+07 8.195690e+07 8.009971e+07 7.835080e+07 7.655394e+07 7.468911e+07 7.278350e+07
8.351370e+07 8.351370e+07 8.351371e+07 8.351371e+07 8.351371e+07 8.351369e+07 8.351314e+07 8.350906e+07 8.350726e+07 8.351071e+07 8.355509e+07 8.366734e+07 8.383649e+07 8.403243e+07 8.422567e+07 8.439570e+07 8.453171e+07 8.474059e+07 8.472908e+07 8.483975e+07 8.482574e+07 8.446362e+07 8.376845e+07 8.189576e+07 7.995046e+07 7.813364e+07 7.632383e+07 7.446143e+07 7.256326e+07
8.341156e+07 8.341156e+07 8.341156e+07 8.341156e+07 8.341156e+07 8.341148e+07 8.341079e+07 8.340632e+07 8.340454e+07 8.340859e+07 8.345772e+07 8.358094e+07 8.376655e+07 8.398230e+07 8.419663e+07 8.438753e+07 8.454308e+07 8.479707e+07 8.471488e+07 8.473057e+07 8.468725e+07 8.435243e+07 8.369165e+07 8.181785e+07 7.980511e+07 7.791531e+07 7.608816e+07 7.422749e+07 7.233709e+07
8.323784e+07 8.323784e+07 8.323784e+07 8.323784e+07 8.323784e+07 8.323772e+07 8.323689e+07 8.323214e+07 8.323045e+07 8.323516e+07 8.328893e+07 8.342256e+07 8.362367e+07 8.385805e+07 8.409228e+07 8.430305e+07 8.447754e+07 8.478601e+07 8.465611e+07 8.458531e+07 8.450504e+07 8.419132e+07 8.356930e+07 8.171909e+07 7.965879e+07 7.769892e+07 7.584798e+07 7.398780e+07 7.210524e+07
8.300115e+07 8.300115e+07 8.300115e+07 8.300115e+07 8.300115e+07 8.300099e+07 8.300015e+07 8.299543e+07 8.299396e+07 8.299938e+07 8.305755e+07 8.320080e+07 8.341616e+07 8.366771e+07 8.392036e+07 8.414966e+07 8.434209e+07 8.471040e+07 8.455285e+07 8.440647e+07 8.428446e+07 8.398473e+07 8.340250e+07 8.159627e+07 7.950772e+07 7.748918e+07 7.560457e+07 7.374295e+07 7.186803e+07
8.271102e+07 8.271102e+07 8.271102e+07 8.271102e+07 8.271102e+07 8.271078e+07 8.270976e+07 8.270475e+07 8.270340e+07 8.270945e+07 8.277162e+07 8.292356e+07 8.315182e+07 8.341892e+07 8.368834e+07 8.393465e+07 8.414373e+07 8.457413e+07 8.440587e+07 8.419610e+07 8.403028e+07 8.373742e+07 8.319346e+07 8.144704e+07 7.934873e+07 7.728522e+07 7.535941e+07 7.349363e+07 7.162583e+07
8.237219e+07 8.237219e+07 8.237219e+07 8.237219e+07 8.237218e+07 8.237201e+07 8.237110e+07 8.236647e+07 8.236549e+07 8.237229e+07 8.243827e+07 8.259807e+07 8.283783e+07 8.311881e+07 8.340327e+07 8.366496e+07 8.388927e+07 8.438168e+07 8.421657e+07 8.395601e+07 8.374666e+07 8.345421e+07 8.294516e+07 8.126991e+07 7.917911e+07 7.708289e+07 7.511439e+07 7.324062e+07 7.137905e+07
8.199418e+07 8.199418e+07 8.199418e+07 8.199417e+07 8.199417e+07 8.199394e+07 8.199296e+07 8.198835e+07 8.198760e+07 8.199504e+07 8.206433e+07 8.223099e+07 8.248080e+07 8.277397e+07 8.307172e+07 8.334711e+07 8.358517e+07 8.413786e+07 8.398688e+07 8.368787e+07 8.343720e+07 8.313973e+07 8.266107e+07 8.106417e+07 7.899661e+07 7.687947e+07 7.487211e+07 7.298482e+07 7.112815e+07
8.158160e+07 8.158160e+07 8.158160e+07 8.158160e+07 8.158160e+07 8.158139e+07 8.158047e+07 8.157606e+07 8.157556e+07 8.158355e+07 8.165570e+07 8.182821e+07 8.208666e+07 8.239036e+07 8.269968e+07 8.298715e+07 8.323747e+07 8.384759e+07 8.371919e+07 8.339331e+07 8.310497e+07 8.279827e+07 8.234493e+07 8.082981e+07 7.879939e+07 7.667278e+07 7.463548e+07 7.272726e+07 7.087366e+07
8.114011e+07 8.114011e+07 8.114011e+07 8.114011e+07 8.114011e+07 8.113987e+07 8.113891e+07 8.113458e+07 8.113431e+07 8.114280e+07 8.121740e+07 8.139489e+07 8.166066e+07 8.197335e+07 8.229265e+07 8.259063e+07 8.285178e+07 8.351581e+07 8.341617e+07 8.307396e+07 8.275261e+07 8.243374e+07 8.200054e+07 8.056746e+07 7.858599e+07 7.646095e+07 7.440202e+07 7.246915e+07 7.061616e+07
8.067352e+07 8.067352e+07 8.067352e+07 8.067352e+07 8.067352e+07 8.067329e+07 8.067237e+07 8.066826e+07 8.066823e+07 8.067719e+07 8.075392e+07 8.093561e+07 8.120752e+07 8.152778e+07 8.185559e+07 8.216266e+07 8.243330e+07 8.314733e+07 8.308075e+07 8.273151e+07 8.238240e+07 8.204959e+07 8.163159e+07 8.027827e+07 7.835538e+07 7.624239e+07 7.416940e+07 7.221204e+07 7.035630e+07
8.018618e+07 8.018618e+07 8.018618e+07 8.018617e+07 8.018617e+07 8.018595e+07 8.018507e+07 8.018118e+07 8.018140e+07 8.019078e+07 8.026932e+07 8.045447e+07 8.073147e+07 8.105805e+07 8.139304e+07 8.170790e+07 8.198681e+07 8.274678e+07 8.271597e+07 8.236770e+07 8.199634e+07 8.164888e+07 8.124160e+07 7.996377e+07 7.810690e+07 7.601575e+07 7.393597e+07 7.195824e+07 7.009483e+07
7.968189e+07 7.968189e+07 7.968189e+07 7.968189e+07 7.968189e+07 7.968166e+07 7.968079e+07 7.967703e+07 7.967743e+07 7.968715e+07 7.976717e+07 7.995517e+07 8.023632e+07 8.056814e+07 8.090915e+07 8.123064e+07 8.151670e+07 8.231858e+07 8.232495e+07 8.198430e+07 8.159618e+07 8.123423e+07 8.083379e+07 7.962582e+07 7.784026e+07 7.577986e+07 7.370036e+07 7.170850e+07 6.983258e+07
7.916322e+07 7.916322e+07 7.916322e+07 7.916322e+07 7.916321e+07 7.916299e+07 7.916213e+07 7.915857e+07 7.915918e+07 7.916926e+07 7.925062e+07 7.944100e+07 7.972558e+07 8.006170e+07 8.040773e+07 8.073483e+07 8.102705e+07 8.186686e+07 8.191075e+07 8.158312e+07 8.118351e+07 8.080792e+07 8.041111e+07 7.926649e+07 7.755549e+07 7.553380e+07 7.346142e+07 7.146069e+07 6.957055e+07
7.863275e+07 7.863275e+07 7.863275e+07 7.863275e+07 7.863275e+07 7.863256e+07 7.863183e+07 7.862869e+07 7.862962e+07 7.864012e+07 7.872277e+07 7.891518e+07 7.920257e+07 7.954220e+07 7.989236e+07 8.022417e+07 8.052164e+07 8.139549e+07 8.147638e+07 8.116597e+07 8.075975e+07 8.037191e+07 7.997617e+07 7.888793e+07 7.725293e+07 7.527683e+07 7.321813e+07 7.121339e+07 6.931004e+07
7.809470e+07 7.809470e+07 7.809470e+07 7.809470e+07 7.809469e+07 7.809452e+07 7.809383e+07 7.809098e+07 7.809218e+07 7.810306e+07 7.818681e+07 7.838088e+07 7.867049e+07 7.901291e+07 7.936639e+07 7.970206e+07 8.000394e+07 8.090803e+07 8.102472e+07 8.073464e+07 8.032621e+07 7.992786e+07 7.953127e+07 7.849235e+07 7.693317e+07 7.500843e+07 7.296960e+07 7.096555e+07 6.905290e+07
7.755149e+07 7.755149e+07 7.755149e+07 7.755149e+07 7.755148e+07 7.755135e+07 7.755077e+07 7.754831e+07 7.754981e+07 7.756104e+07 7.764575e+07 7.784109e+07 7.813236e+07 7.847686e+07 7.883290e+07 7.917165e+07 7.947715e+07 8.040773e+07 8.055846e+07 8.029087e+07 7.988411e+07 7.947720e+07 7.907843e+07 7.808192e+07 7.659702e+07 7.472826e+07 7.271509e+07 7.071627e+07 6.879844e+07
7.700637e+07 7.700637e+07 7.700637e+07 7.700637e+07 7.700637e+07 7.700625e+07 7.700573e+07 7.700357e+07 7.700532e+07 7.701686e+07 7.710231e+07 7.729854e+07 7.759091e+07 7.793682e+07 7.829469e+07 7.863576e+07 7.894412e+07 7.989751e+07 8.008013e+07 7.983633e+07 7.943455e+07 7.902116e+07 7.861936e+07 7.765875e+07 7.624545e+07 7.443616e+07 7.245394e+07 7.046477e+07 6.854524e+07
7.646157e+07 7.646157e+07 7.646157e+07 7.646157e+07 7.646157e+07 7.646145e+07 7.646098e+07 7.645911e+07 7.646108e+07 7.647288e+07 7.655885e+07 7.675559e+07 7.704852e+07 7.739520e+07 7.775420e+07 7.809687e+07 7.840735e+07 7.937995e+07 7.959199e+07 7.937260e+07 7.897858e+07 7.856078e+07 7.815555e+07 7.722481e+07 7.587957e+07 7.413216e+07 7.218564e+07 7.021037e+07 6.829241e+07
7.591913e+07 7.591913e+07 7.591913e+07 7.591913e+07 7.591912e+07 7.591901e+07 7.591858e+07 7.591691e+07 7.591904e+07 7.593102e+07 7.601730e+07 7.621418e+07 7.650717e+07 7.685404e+07 7.721353e+07 7.755711e+07 7.786902e+07 7.885729e+07 7.909612e+07 7.890114e+07 7.851713e+07 7.809695e+07 7.768824e+07 7.678195e+07 7.550058e+07 7.381641e+07 7.190976e+07 6.995247e+07 6.803922e+07
7.538032e+07 7.538032e+07 7.538032e+07 7.538032e+07 7.538032e+07 7.538021e+07 7.537978e+07 7.537825e+07 7.538052e+07 7.539267e+07 7.547913e+07 7.567589e+07 7.596853e+07 7.631504e+07 7.667440e+07 7.701825e+07 7.733091e+07 7.833144e+07 7.859431e+07 7.842332e+07 7.805108e+07 7.763044e+07 7.721848e+07 7.633185e+07 7.510971e+07 7.348923e+07 7.162602e+07 6.969054e+07 6.778506e+07
7.484566e+07 7.484566e+07 7.484566e+07 7.484566e+07 7.484566e+07 7.484561e+07 7.484533e+07 7.484423e+07 7.484675e+07 7.485910e+07 7.494571e+07 7.514211e+07 7.543399e+07 7.577962e+07 7.613825e+07 7.648172e+07 7.679449e+07 7.780400e+07 7.808816e+07 7.794035e+07 7.758124e+07 7.716191e+07 7.674715e+07 7.587605e+07 7.470825e+07 7.315105e+07 7.133421e+07 6.942414e+07 6.752938e+07
7.431812e+07 7.431812e+07 7.431812e+07 7.431812e+07 7.431812e+07 7.431807e+07 7.431781e+07 7.431684e+07 7.431946e+07 7.433189e+07 7.441837e+07 7.461402e+07 7.490467e+07 7.524887e+07 7.560617e+07 7.594864e+07 7.626087e+07 7.727624e+07 7.757901e+07 7.745336e+07 7.710834e+07 7.669192e+07 7.627497e+07 7.541590e+07 7.429745e+07 7.280238e+07 7.103423e+07 6.915287e+07 6.727171e+07
7.379800e+07 7.379800e+07 7.379800e+07 7.379800e+07 7.379799e+07 7.379793e+07 7.379765e+07 7.379670e+07 7.379936e+07 7.381177e+07 7.389785e+07 7.409239e+07 7.438132e+07 7.472353e+07 7.507891e+07 7.541977e+07 7.573086e+07 7.674918e+07 7.706801e+07 7.696331e+07 7.663302e+07 7.622096e+07 7.580254e+07 7.495260e+07 7.387854e+07 7.244383e+07 7.072608e+07 6.887642e+07 6.701163e+07
7.328496e+07 7.328496e+07 7.328496e+07 7.328496e+07 7.328496e+07 7.328489e+07 7.328462e+07 7.328374e+07 7.328644e+07 7.329883e+07 7.338438e+07 7.357752e+07 7.386429e+07 7.420398e+07 7.455688e+07 7.489556e+07 7.520495e+07 7.622361e+07 7.655613e+07 7.647108e+07 7.615590e+07 7.574945e+07 7.533034e+07 7.448720e+07 7.345270e+07 7.207608e+07 7.040984e+07 6.859454e+07 6.674875e+07
7.277904e+07 7.277904e+07 7.277904e+07 7.277904e+07 7.277904e+07 7.277900e+07 7.277880e+07 7.277811e+07 7.278086e+07 7.279322e+07 7.287810e+07 7.306952e+07 7.335371e+07 7.369038e+07 7.404027e+07 7.437625e+07 7.468344e+07 7.570010e+07 7.604416e+07 7.597743e+07 7.567751e+07 7.527776e+07 7.485878e+07 7.402060e+07 7.302106e+07 7.169983e+07 7.008568e+07 6.830703e+07 6.648276e+07
7.228129e+07 7.228129e+07 7.228129e+07 7.228129e+07 7.228129e+07 7.228123e+07 7.228099e+07 7.228020e+07 7.228289e+07 7.229508e+07 7.237899e+07 7.256832e+07 7.284947e+07 7.318265e+07 7.352905e+07 7.386188e+07 7.416643e+07 7.517909e+07 7.553277e+07 7.548304e+07 7.519834e+07 7.480619e+07 7.438818e+07 7.355357e+07 7.258466e+07 7.131584e+07 6.975382e+07 6.801378e+07 6.621335e+07
7.179047e+07 7.179047e+07 7.179047e+07 7.179047e+07 7.179047e+07 7.179040e+07 7.179012e+07 7.178921e+07 7.179178e+07 7.180374e+07 7.188649e+07 7.207345e+07 7.235122e+07 7.268053e+07 7.302306e+07 7.335236e+07 7.365391e+07 7.466091e+07 7.502250e+07 7.498848e+07 7.471882e+07 7.433503e+07 7.391878e+07 7.308677e+07 7.214446e+07 7.092485e+07 6.941456e+07 6.771471e+07 6.594030e+07
7.130536e+07 7.130536e+07 7.130536e+07 7.130536e+07 7.130536e+07 7.130528e+07 7.130499e+07 7.130402e+07 7.130651e+07 7.131825e+07 7.139980e+07 7.158425e+07 7.185843e+07 7.218362e+07 7.252201e+07 7.284751e+07 7.314579e+07 7.414581e+07 7.451383e+07 7.449426e+07 7.423933e+07 7.386450e+07 7.345078e+07 7.262072e+07 7.170136e+07 7.052761e+07 6.906825e+07 6.740981e+07 6.566339e+07
7.082531e+07 7.082531e+07 7.082531e+07 7.082531e+07 7.082531e+07 7.082523e+07 7.082492e+07 7.082389e+07 7.082630e+07 7.083784e+07 7.091820e+07 7.110011e+07 7.137061e+07 7.169154e+07 7.202562e+07 7.234714e+07 7.264197e+07 7.363399e+07 7.400715e+07 7.400084e+07 7.376023e+07 7.339482e+07 7.298436e+07 7.215589e+07 7.125614e+07 7.012489e+07 6.871527e+07 6.709914e+07 6.538246e+07
7.034966e+07 7.034966e+07 7.034966e+07 7.034966e+07 7.034966e+07 7.034956e+07 7.034923e+07 7.034818e+07 7.035055e+07 7.036193e+07 7.044118e+07 7.062058e+07 7.088739e+07 7.120400e+07 7.153369e+07 7.185113e+07 7.214239e+07 7.312561e+07 7.350278e+07 7.350860e+07 7.328184e+07 7.292617e+07 7.251961e+07 7.169261e+07 7.080952e+07 6.971739e+07 6.835604e+07 6.678276e+07 6.509740e+07
6.987801e+07 6.987801e+07 6.987801e+07 6.987801e+07 6.987801e+07 6.987793e+07 6.987765e+07 6.987671e+07 6.987909e+07 6.989035e+07 6.996855e+07 7.014547e+07 7.040858e+07 7.072085e+07 7.104611e+07 7.135940e+07 7.164701e+07 7.262084e+07 7.300102e+07 7.301789e+07 7.280441e+07 7.245870e+07 7.205665e+07 7.123118e+07 7.036215e+07 6.930582e+07 6.799101e+07 6.646082e+07 6.480812e+07
6.941108e+07 6.941108e+07 6.941108e+07 6.941108e+07 6.941107e+07 6.941100e+07 6.941070e+07 6.940977e+07 6.941212e+07 6.942322e+07 6.950032e+07 6.967473e+07 6.993412e+07 7.024203e+07 7.056283e+07 7.087193e+07 7.115585e+07 7.211981e+07 7.250211e+07 7.252899e+07 7.232819e+07 7.199255e+07 7.159552e+07 7.077182e+07 6.991456e+07 6.889085e+07 6.762065e+07 6.613349e+07 6.451458e+07
6.894858e+07 6.894858e+07 6.894858e+07 6.894858e+07 6.894857e+07 6.894849e+07 6.894819e+07 6.894723e+07 6.894954e+07 6.896048e+07 6.903644e+07 6.920831e+07 6.946398e+07 6.976751e+07 7.008384e+07 7.038875e+07 7.066894e+07 7.162266e+07 7.200627e+07 7.204215e+07 7.185340e+07 7.152783e+07 7.113627e+07 7.031470e+07 6.946726e+07 6.847308e+07 6.724543e+07 6.580097e+07 6.421675e+07
6.849016e+07 6.849016e+07 6.849016e+07 6.849016e+07 6.849016e+07 6.849008e+07 6.848979e+07 6.848885e+07 6.849112e+07 6.850190e+07 6.857675e+07 6.874612e+07 6.899809e+07 6.929729e+07 6.960917e+07 6.990989e+07 7.018635e+07 7.112950e+07 7.151366e+07 7.155759e+07 7.138020e+07 7.106463e+07 7.067893e+07 6.985991e+07 6.902065e+07 6.805311e+07 6.686583e+07 6.546351e+07 6.391468e+07
6.803579e+07 6.803579e+07 6.803579e+07 6.803579e+07 6.803579e+07 6.803570e+07 6.803540e+07 6.803447e+07 6.803672e+07 6.804736e+07 6.812116e+07 6.828811e+07 6.853645e+07 6.883137e+07 6.913885e+07 6.943540e+07 6.970813e+07 7.064044e+07 7.102442e+07 7.107547e+07 7.090875e+07 7.060303e+07 7.022351e+07 6.940755e+07 6.857510e+07 6.763148e+07 6.648232e+07 6.512136e+07 6.360840e+07
6.758530e+07 6.758530e+07 6.758530e+07 6.758530e+07 6.758530e+07 6.758523e+07 6.758496e+07 6.758413e+07 6.758639e+07 6.759692e+07 6.766975e+07 6.783434e+07 6.807913e+07 6.836984e+07 6.867296e+07 6.896538e+07 6.923439e+07 7.015555e+07 7.053864e+07 7.059592e+07 7.043916e+07 7.014309e+07 6.977000e+07 6.895765e+07 6.813089e+07 6.720867e+07 6.609536e+07 6.477481e+07 6.329800e+07
6.713919e+07 6.713919e+07 6.713919e+07 6.713919e+07 6.713919e+07 6.713912e+07 6.713886e+07 6.713811e+07 6.714040e+07 6.715085e+07 6.722273e+07 6.738500e+07 6.762629e+07 6.791283e+07 6.821162e+07 6.849991e+07 6.876519e+07 6.967487e+07 7.005639e+07 7.011903e+07 6.997153e+07 6.968486e+07 6.931839e+07 6.851023e+07 6.768827e+07 6.678514e+07 6.570542e+07 6.442414e+07 6.298359e+07
6.669781e+07 6.669781e+07 6.669781e+07 6.669781e+07 6.669780e+07 6.669774e+07 6.669752e+07 6.669686e+07 6.669916e+07 6.670949e+07 6.678040e+07 6.694034e+07 6.717812e+07 6.746049e+07 6.775495e+07 6.803909e+07 6.830060e+07 6.919840e+07 6.957768e+07 6.964486e+07 6.950592e+07 6.922835e+07 6.886867e+07 6.806528e+07 6.724744e+07 6.636130e+07 6.531293e+07 6.406968e+07 6.266530e+07
6.626161e+07 6.626161e+07 6.626161e+07 6.626161e+07 6.626161e+07 6.626155e+07 6.626131e+07 6.626063e+07 6.626288e+07 6.627306e+07 6.634291e+07 6.650048e+07 6.673472e+07 6.701289e+07 6.730298e+07 6.758294e+07 6.784063e+07 6.872611e+07 6.910248e+07 6.917341e+07 6.904237e+07 6.877360e+07 6.842079e+07 6.762276e+07 6.680856e+07 6.593752e+07 6.491832e+07 6.371173e+07 6.234329e+07
6.583015e+07 6.583015e+07 6.583015e+07 6.583015e+07 6.583014e+07 6.583008e+07 6.582983e+07 6.582912e+07 6.583134e+07 6.584137e+07 6.591017e+07 6.606537e+07 6.629607e+07 6.657001e+07 6.685570e+07 6.713140e+07 6.738520e+07 6.825788e+07 6.863072e+07 6.870469e+07 6.858089e+07 6.832059e+07 6.797473e+07 6.718265e+07 6.637176e+07 6.551411e+07 6.452198e+07 6.335062e+07 6.201772e+07
6.540296e+07 6.540296e+07 6.540296e+07 6.540296e+07 6.540296e+07 6.540291e+07 6.540271e+07 6.540213e+07 6.540437e+07 6.541430e+07 6.548212e+07 6.563497e+07 6.586210e+07 6.613177e+07 6.641298e+07 6.668436e+07 6.693417e+07 6.779355e+07 6.816229e+07 6.823864e+07 6.812148e+07 6.786933e+07 6.753045e+07 6.674489e+07 6.593712e+07 6.509136e+07 6.412428e+07 6.298666e+07 6.168878e+07
6.498088e+07 6.498088e+07 6.498088e+07 6.498088e+07 6.498088e+07 6.498083e+07 6.498062e+07 6.498005e+07 6.498227e+07 6.499205e+07 6.505882e+07 6.520922e+07 6.543269e+07 6.569799e+07 6.597463e+07 6.624157e+07 6.648730e+07 6.733292e+07 6.769707e+07 6.777521e+07 6.766413e+07 6.741979e+07 6.708791e+07 6.630942e+07 6.550471e+07 6.466953e+07 6.372559e+07 6.262018e+07 6.135666e+07
6.456375e+07 6.456375e+07 6.456375e+07 6.456375e+07 6.456375e+07 6.456369e+07 6.456347e+07 6.456285e+07 6.456498e+07 6.457455e+07 6.464012e+07 6.478793e+07 6.500759e+07 6.526839e+07 6.554032e+07 6.580273e+07 6.604428e+07 6.687575e+07 6.723488e+07 6.731430e+07 6.720879e+07 6.697196e+07 6.664705e+07 6.587617e+07 6.507458e+07 6.424883e+07 6.332622e+07 6.225148e+07 6.102159e+07
6.415097e+07 6.415097e+07 6.415097e+07 6.415097e+07 6.415097e+07 6.415090e+07 6.415067e+07 6.414996e+07 6.415198e+07 6.416130e+07 6.422554e+07 6.437062e+07 6.458635e+07 6.484252e+07 6.510966e+07 6.536744e+07 6.560474e+07 6.642175e+07 6.677555e+07 6.685582e+07 6.675543e+07 6.652580e+07 6.620785e+07 6.544507e+07 6.464674e+07 6.382946e+07 6.292650e+07 6.188088e+07 6.068377e+07
6.374184e+07 6.374184e+07 6.374184e+07 6.374184e+07 6.374183e+07 6.374175e+07 6.374146e+07 6.374057e+07 6.374244e+07 6.375147e+07 6.381434e+07 6.395664e+07 6.416836e+07 6.441985e+07 6.468213e+07 6.493524e+07 6.516825e+07 6.597066e+07 6.631890e+07 6.639968e+07 6.630401e+07 6.608129e+07 6.577026e+07 6.501607e+07 6.422120e+07 6.341157e+07 6.252668e+07 6.150866e+07 6.034343e+07
6.333491e+07 6.333491e+07 6.333491e+07 6.333491e+07 6.333491e+07 6.333482e+07 6.333451e+07 6.333355e+07 6.333533e+07 6.334412e+07 6.340569e+07 6.354525e+07 6.375300e+07 6.399982e+07 6.425726e+07 6.450571e+07 6.473443e+07 6.552222e+07 6.586477e+07 6.594578e+07 6.585447e+07 6.563840e+07 6.533423e+07 6.458908e+07 6.379796e+07 6.299530e+07 6.212705e+07 6.113512e+07 6.000079e+07
6.292962e+07 6.292962e+07 6.292962e+07 6.292962e+07 6.292962e+07 6.292954e+07 6.292924e+07 6.292831e+07 6.293004e+07 6.293865e+07 6.299902e+07 6.313593e+07 6.333978e+07 6.358198e+07 6.383462e+07 6.407845e+07 6.430292e+07 6.507619e+07 6.541300e+07 6.549401e+07 6.540676e+07 6.519710e+07 6.489974e+07 6.416405e+07 6.337699e+07 6.258076e+07 6.172782e+07 6.076052e+07 5.965609e+07
6.252619e+07 6.252619e+07 6.252619e+07 6.252619e+07 6.252619e+07 6.252610e+07 6.252579e+07 6.252483e+07 6.252650e+07 6.253491e+07 6.259407e+07 6.272836e+07 6.292835e+07 6.316600e+07 6.341390e+07 6.365316e+07 6.387344e+07 6.463236e+07 6.496344e+07 6.504430e+07 6.496085e+07 6.475737e+07 6.446675e+07 6.374091e+07 6.295829e+07 6.216806e+07 6.132921e+07 6.038513e+07 5.930954e+07
6.212432e+07 6.212432e+07 6.212432e+07 6.212432e+07 6.212432e+07 6.212422e+07 6.212390e+07 6.212286e+07 6.212443e+07 6.213263e+07 6.219057e+07 6.232226e+07 6.251845e+07 6.275162e+07 6.299486e+07 6.322963e+07 6.344578e+07 6.419059e+07 6.451598e+07 6.459658e+07 6.451668e+07 6.431918e+07 6.403524e+07 6.331961e+07 6.254181e+07 6.175725e+07 6.093141e+07 6.000920e+07 5.896138e+07
6.172342e+07 6.172342e+07 6.172342e+07 6.172342e+07 6.172342e+07 6.172332e+07 6.172298e+07 6.172190e+07 6.172341e+07 6.173142e+07 6.178821e+07 6.191739e+07 6.210988e+07 6.233866e+07 6.257733e+07 6.280770e+07 6.301979e+07 6.375075e+07 6.407052e+07 6.415077e+07 6.407425e+07 6.388251e+07 6.360519e+07 6.290008e+07 6.212752e+07 6.134841e+07 6.053460e+07 5.963295e+07 5.861182e+07
6.132310e+07 6.132310e+07 6.132310e+07 6.132310e+07 6.132310e+07 6.132301e+07 6.132270e+07 6.132171e+07 6.132322e+07 6.133110e+07 6.138686e+07 6.151364e+07 6.170253e+07 6.192702e+07 6.216122e+07 6.238727e+07 6.259539e+07 6.331275e+07 6.362701e+07 6.370683e+07 6.363350e+07 6.344736e+07 6.317657e+07 6.248229e+07 6.171539e+07 6.094158e+07 6.013892e+07 5.925661e+07 5.826108e+07
6.092402e+07 6.092402e+07 6.092402e+07 6.092402e+07 6.092402e+07 6.092393e+07 6.092363e+07 6.092266e+07 6.092416e+07 6.093191e+07 6.098666e+07 6.111108e+07 6.129643e+07 6.151671e+07 6.174651e+07 6.196831e+07 6.217253e+07 6.287655e+07 6.318537e+07 6.326473e+07 6.319445e+07 6.301372e+07 6.274938e+07 6.206618e+07 6.130537e+07 6.053679e+07 5.974452e+07 5.888039e+07 5.790938e+07
6.052637e+07 6.052637e+07 6.052637e+07 6.052637e+07 6.052637e+07 6.052627e+07 6.052597e+07 6.052500e+07 6.052645e+07 6.053404e+07 6.058773e+07 6.070978e+07 6.089163e+07 6.110774e+07 6.133320e+07 6.155082e+07 6.175120e+07 6.244211e+07 6.274560e+07 6.282444e+07 6.275706e+07 6.258160e+07 6.232361e+07 6.165173e+07 6.089742e+07 6.013408e+07 5.935152e+07 5.850447e+07 5.755692e+07
6.013000e+07 6.013000e+07 6.013000e+07 6.013000e+07 6.013000e+07 6.012990e+07 6.012960e+07 6.012862e+07 6.013002e+07 6.013744e+07 6.019007e+07 6.030977e+07 6.048814e+07 6.070014e+07 6.092132e+07 6.113482e+07 6.133140e+07 6.200944e+07 6.230766e+07 6.238596e+07 6.232135e+07 6.215098e+07 6.189928e+07 6.123889e+07 6.049152e+07 5.973345e+07 5.896001e+07 5.812903e+07 5.720389e+07
5.973482e+07 5.973482e+07 5.973482e+07 5.973482e+07 5.973482e+07 5.973472e+07 5.973441e+07 5.973342e+07 5.973478e+07 5.974205e+07 5.979364e+07 5.991102e+07 6.008596e+07 6.029390e+07 6.051087e+07 6.072031e+07 6.091317e+07 6.157852e+07 6.187156e+07 6.194928e+07 6.188731e+07 6.172190e+07 6.147637e+07 6.082765e+07 6.008762e+07 5.933492e+07 5.857011e+07 5.775424e+07 5.685049e+07
5.934069e+07 5.934069e+07 5.934069e+07 5.934069e+07 5.934069e+07 5.934060e+07 5.934030e+07 5.933934e+07 5.934068e+07 5.934780e+07 5.939839e+07 5.951351e+07 5.968509e+07 5.988906e+07 6.010188e+07 6.030733e+07 6.049653e+07 6.114939e+07 6.143730e+07 6.151439e+07 6.145495e+07 6.129435e+07 6.105490e+07 6.041799e+07 5.968569e+07 5.893849e+07 5.818187e+07 5.738025e+07 5.649690e+07
5.894783e+07 5.894783e+07 5.894783e+07 5.894783e+07 5.894783e+07 5.894773e+07 5.894743e+07 5.894646e+07 5.894776e+07 5.895474e+07 5.900435e+07 5.911727e+07 5.928557e+07 5.948563e+07 5.969439e+07 5.989592e+07 6.008151e+07 6.072206e+07 6.100489e+07 6.108132e+07 6.102430e+07 6.086836e+07 6.063490e+07 6.000988e+07 5.928569e+07 5.854416e+07 5.779538e+07 5.700719e+07 5.614330e+07
5.855603e+07 5.855603e+07 5.855603e+07 5.855603e+07 5.855603e+07 5.855595e+07 5.855567e+07 5.855476e+07 5.855605e+07 5.856291e+07 5.861160e+07 5.872237e+07 5.888745e+07 5.908369e+07 5.928845e+07 5.948613e+07 5.966817e+07 6.029656e+07 6.057435e+07 6.065007e+07 6.059536e+07 6.044395e+07 6.021636e+07 5.960333e+07 5.888760e+07 5.815193e+07 5.741070e+07 5.663519e+07 5.578984e+07
