2.274853e+07 1.083084e+07 7.895382e+06 4.092283e+06 3.437653e+06 3.257200e+06 3.609823e+06 3.966539e+06 4.047602e+06 4.099825e+06 4.164712e+06 4.214426e+06 4.269370e+06 4.338138e+06 4.424482e+06 4.529454e+06 4.651490e+06 5.234512e+06 4.976839e+06 4.195420e+06 3.491590e+06 2.966735e+06 2.580740e+06 2.062264e+06 1.729825e+06 1.496223e+06 1.322021e+06 1.187168e+06 1.080372e+06
3.113254e+06 3.113349e+06 3.113619e+06 3.119476e+06 3.127071e+06 3.378798e+06 3.694294e+06 4.000579e+06 4.069781e+06 4.114747e+06 4.172446e+06 4.219717e+06 4.274315e+06 4.343702e+06 4.431056e+06 4.537090e+06 4.660008e+06 5.241219e+06 4.976617e+06 4.192077e+06 3.487742e+06 2.963132e+06 2.577507e+06 2.059665e+06 1.727679e+06 1.494413e+06 1.320475e+06 1.185836e+06 1.079218e+06
3.541389e+06 3.541417e+06 3.541499e+06 3.543585e+06 3.548299e+06 3.660616e+06 3.811014e+06 4.033584e+06 4.090485e+06 4.128286e+06 4.179305e+06 4.224614e+06 4.279230e+06 4.349495e+06 4.438039e+06 4.545248e+06 4.669106e+06 5.248274e+06 4.976393e+06 4.188637e+06 3.483802e+06 2.959456e+06 2.574216e+06 2.057030e+06 1.725509e+06 1.492587e+06 1.318916e+06 1.184495e+06 1.078058e+06
3.845716e+06 3.845727e+06 3.845759e+06 3.846578e+06 3.848477e+06 3.860236e+06 3.973907e+06 4.062173e+06 4.106823e+06 4.138614e+06 4.184595e+06 4.228842e+06 4.284008e+06 4.355485e+06 4.445431e+06 4.553943e+06 4.678806e+06 5.255687e+06 4.976165e+06 4.185097e+06 3.479767e+06 2.955705e+06 2.570868e+06 2.054358e+06 1.723314e+06 1.490743e+06 1.317346e+06 1.183145e+06 1.076891e+06
4.023823e+06 4.023828e+06 4.023844e+06 4.024234e+06 4.025129e+06 4.017435e+06 4.067616e+06 4.100378e+06 4.120397e+06 4.145341e+06 4.187833e+06 4.232166e+06 4.288550e+06 4.361640e+06 4.453231e+06 4.563191e+06 4.689128e+06 5.263467e+06 4.975934e+06 4.181457e+06 3.475637e+06 2.951878e+06 2.567461e+06 2.051649e+06 1.721095e+06 1.488883e+06 1.315763e+06 1.181786e+06 1.075717e+06
4.122435e+06 4.122438e+06 4.122447e+06 4.122667e+06 4.123164e+06 4.116404e+06 4.115727e+06 4.152814e+06 4.143329e+06 4.151681e+06 4.189189e+06 4.234514e+06 4.292808e+06 4.367944e+06 4.461446e+06 4.573005e+06 4.700090e+06 5.271622e+06 4.975696e+06 4.177714e+06 3.471411e+06 2.947976e+06 2.563996e+06 2.048904e+06 1.718852e+06 1.487005e+06 1.314168e+06 1.180417e+06 1.074536e+06
4.173803e+06 4.173805e+06 4.173811e+06 4.173950e+06 4.174273e+06 4.170886e+06 4.149317e+06 4.191501e+06 4.176723e+06 4.167052e+06 4.189997e+06 4.236127e+06 4.296831e+06 4.374417e+06 4.470094e+06 4.583407e+06 4.711716e+06 5.280157e+06 4.975451e+06 4.173867e+06 3.467086e+06 2.943997e+06 2.560471e+06 2.046123e+06 1.716584e+06 1.485111e+06 1.312560e+06 1.179040e+06 1.073348e+06
4.199830e+06 4.199832e+06 4.199836e+06 4.199939e+06 4.200186e+06 4.198772e+06 4.174112e+06 4.208041e+06 4.204392e+06 4.190724e+06 4.193345e+06 4.237728e+06 4.300837e+06 4.381144e+06 4.479219e+06 4.594429e+06 4.724028e+06 5.289078e+06 4.975196e+06 4.169912e+06 3.462663e+06 2.939940e+06 2.556887e+06 2.043304e+06 1.714291e+06 1.483199e+06 1.310940e+06 1.177653e+06 1.072154e+06
4.211232e+06 4.211233e+06 4.211237e+06 4.211320e+06 4.211519e+06 4.211162e+06 4.190285e+06 4.208455e+06 4.219427e+06 4.212603e+06 4.204651e+06 4.240689e+06 4.305276e+06 4.388303e+06 4.488909e+06 4.606120e+06 4.737062e+06 5.298390e+06 4.974928e+06 4.165848e+06 3.458140e+06 2.935805e+06 2.553243e+06 2.040448e+06 1.711975e+06 1.481271e+06 1.309308e+06 1.176258e+06 1.070952e+06
4.213555e+06 4.213556e+06 4.213559e+06 4.213628e+06 4.213798e+06 4.214278e+06 4.198981e+06 4.201884e+06 4.222633e+06 4.227581e+06 4.221928e+06 4.247349e+06 4.310893e+06 4.396196e+06 4.499305e+06 4.618559e+06 4.750864e+06 5.308096e+06 4.974643e+06 4.161673e+06 3.453515e+06 2.931592e+06 2.549538e+06 2.037555e+06 1.709633e+06 1.479325e+06 1.307664e+06 1.174853e+06 1.069745e+06
4.211150e+06 4.211151e+06 4.211153e+06 4.211210e+06 4.211355e+06 4.212415e+06 4.202394e+06 4.194672e+06 4.218604e+06 4.234724e+06 4.240603e+06 4.260822e+06 4.318820e+06 4.405283e+06 4.510623e+06 4.631856e+06 4.765498e+06 5.318200e+06 4.974339e+06 4.157384e+06 3.448787e+06 2.927299e+06 2.545773e+06 2.034625e+06 1.707267e+06 1.477362e+06 1.306007e+06 1.173439e+06 1.068530e+06
4.201872e+06 4.201872e+06 4.201874e+06 4.201915e+06 4.202034e+06 4.204528e+06 4.207682e+06 4.202923e+06 4.210890e+06 4.234506e+06 4.302402e+06 4.362868e+06 4.421710e+06 4.497114e+06 4.596410e+06 4.718928e+06 4.855386e+06 5.374858e+06 4.972368e+06 4.134139e+06 3.423567e+06 2.904623e+06 2.526027e+06 2.019410e+06 1.695065e+06 1.467291e+06 1.297540e+06 1.166236e+06 1.062355e+06
4.257333e+06 4.257333e+06 4.257334e+06 4.257372e+06 4.257481e+06 4.260350e+06 4.267152e+06 4.281908e+06 4.290166e+06 4.305418e+06 4.369017e+06 4.462758e+06 4.561702e+06 4.659642e+06 4.762430e+06 4.875033e+06 4.997094e+06 5.442895e+06 4.969277e+06 4.107667e+06 3.395606e+06 2.879879e+06 2.504720e+06 2.003247e+06 1.682243e+06 1.456791e+06 1.288767e+06 1.158809e+06 1.056014e+06
4.394990e+06 4.394991e+06 4.394992e+06 4.395026e+06 4.395129e+06 4.398070e+06 4.406039e+06 4.430660e+06 4.445207e+06 4.462374e+06 4.516416e+06 4.606205e+06 4.721628e+06 4.845566e+06 4.968381e+06 5.087938e+06 5.203792e+06 5.526522e+06 4.964818e+06 4.077724e+06 3.364794e+06 2.853016e+06 2.481828e+06 1.986131e+06 1.668800e+06 1.445865e+06 1.279690e+06 1.151160e+06 1.049508e+06
4.611084e+06 4.611084e+06 4.611085e+06 4.611118e+06 4.611217e+06 4.614152e+06 4.622534e+06 4.651451e+06 4.670239e+06 4.691391e+06 4.745257e+06 4.825490e+06 4.935205e+06 5.064182e+06 5.198282e+06 5.326640e+06 5.442545e+06 5.636295e+06 4.959524e+06 4.044266e+06 3.331097e+06 2.824019e+06 2.457344e+06 1.968061e+06 1.654738e+06 1.434516e+06 1.270312e+06 1.143291e+06 1.042839e+06
4.899414e+06 4.899414e+06 4.899415e+06 4.899446e+06 4.899542e+06 4.902428e+06 4.910888e+06 4.941520e+06 4.962438e+06 4.986358e+06 5.043444e+06 5.118186e+06 5.216016e+06 5.333872e+06 5.461339e+06 5.585834e+06 5.696116e+06 5.767317e+06 4.955415e+06 4.007603e+06 3.294603e+06 2.792922e+06 2.431286e+06 1.949047e+06 1.640065e+06 1.422749e+06 1.260639e+06 1.135208e+06 1.036011e+06
5.253497e+06 5.253498e+06 5.253499e+06 5.253528e+06 5.253621e+06 5.256430e+06 5.264786e+06 5.295860e+06 5.317658e+06 5.342974e+06 5.402521e+06 5.473733e+06 5.558666e+06 5.657028e+06 5.763287e+06 5.867793e+06 5.959210e+06 5.899315e+06 4.956765e+06 3.968562e+06 3.255571e+06 2.759830e+06 2.403704e+06 1.929107e+06 1.624789e+06 1.410571e+06 1.250674e+06 1.126913e+06 1.029027e+06
5.666940e+06 5.666940e+06 5.666941e+06 5.666970e+06 5.667059e+06 5.669802e+06 5.678022e+06 5.708988e+06 5.730975e+06 5.756606e+06 5.815720e+06 5.880688e+06 5.949319e+06 6.021657e+06 6.096038e+06 6.167087e+06 6.226086e+06 6.016268e+06 4.958773e+06 3.928790e+06 3.214478e+06 2.724933e+06 2.374687e+06 1.908270e+06 1.608927e+06 1.397991e+06 1.240424e+06 1.118411e+06 1.021890e+06
6.134705e+06 6.134705e+06 6.134706e+06 6.134733e+06 6.134819e+06 6.137460e+06 6.145436e+06 6.175820e+06 6.197236e+06 6.221537e+06 6.273626e+06 6.323113e+06 6.366228e+06 6.403920e+06 6.437637e+06 6.465819e+06 6.482861e+06 6.106662e+06 4.953570e+06 3.890560e+06 3.172073e+06 2.688522e+06 2.344371e+06 1.886579e+06 1.592497e+06 1.385020e+06 1.229898e+06 1.109709e+06 1.014605e+06
6.651557e+06 6.651557e+06 6.651558e+06 6.651585e+06 6.651669e+06 6.654281e+06 6.662196e+06 6.690833e+06 6.708396e+06 6.725640e+06 6.753935e+06 6.769682e+06 6.772663e+06 6.766115e+06 6.753386e+06 6.734929e+06 6.707035e+06 6.163290e+06 4.935721e+06 3.851432e+06 3.129570e+06 2.651002e+06 2.312941e+06 1.864090e+06 1.575525e+06 1.371674e+06 1.219104e+06 1.100812e+06 1.007177e+06
7.216936e+06 7.216937e+06 7.216937e+06 7.216964e+06 7.217047e+06 7.219584e+06 7.225414e+06 7.230933e+06 7.227661e+06 7.220210e+06 7.194245e+06 7.156215e+06 7.109196e+06 7.056323e+06 6.999923e+06 6.939856e+06 6.872508e+06 6.182507e+06 4.902054e+06 3.808853e+06 3.088036e+06 2.612924e+06 2.280638e+06 1.840877e+06 1.558042e+06 1.357967e+06 1.208053e+06 1.091727e+06 9.996108e+05
7.704403e+06 7.704403e+06 7.704402e+06 7.704369e+06 7.704266e+06 7.700198e+06 7.683196e+06 7.622404e+06 7.586136e+06 7.548127e+06 7.469225e+06 7.388137e+06 7.305711e+06 7.222471e+06 7.138393e+06 7.051798e+06 6.958498e+06 6.163767e+06 4.851642e+06 3.761217e+06 3.046168e+06 2.575122e+06 2.247768e+06 1.817028e+06 1.540084e+06 1.343921e+06 1.196756e+06 1.082463e+06 9.919117e+05
7.656240e+06 7.656240e+06 7.656240e+06 7.656229e+06 7.656198e+06 7.655224e+06 7.650017e+06 7.616969e+06 7.590648e+06 7.559749e+06 7.488775e+06 7.410448e+06 7.327941e+06 7.242560e+06 7.154167e+06 7.060831e+06 6.958433e+06 6.109453e+06 4.785420e+06 3.707688e+06 3.002962e+06 2.537993e+06 2.214719e+06 1.792649e+06 1.521696e+06 1.329556e+06 1.185227e+06 1.073028e+06 9.840859e+05
7.396493e+06 7.396493e+06 7.396493e+06 7.396492e+06 7.396486e+06 7.395925e+06 7.393127e+06 7.380655e+06 7.370162e+06 7.356242e+06 7.318101e+06 7.267919e+06 7.208158e+06 7.140486e+06 7.065117e+06 6.980373e+06 6.882513e+06 6.024469e+06 4.705571e+06 3.648132e+06 2.957778e+06 2.500800e+06 2.182062e+06 1.767864e+06 1.502927e+06 1.314899e+06 1.173479e+06 1.063432e+06 9.761401e+05
7.101446e+06 7.101446e+06 7.101446e+06 7.101446e+06 7.101445e+06 7.101372e+06 7.101020e+06 7.098417e+06 7.095348e+06 7.090525e+06 7.074268e+06 7.048049e+06 7.011654e+06 6.965213e+06 6.908105e+06 6.838226e+06 6.751741e+06 5.915304e+06 4.614890e+06 3.582992e+06 2.910255e+06 2.463062e+06 2.149870e+06 1.742817e+06 1.483833e+06 1.299977e+06 1.161530e+06 1.053684e+06 9.680812e+05
6.837119e+06 6.837119e+06 6.837119e+06 6.837119e+06 6.837120e+06 6.837111e+06 6.836997e+06 6.836066e+06 6.834970e+06 6.833149e+06 6.826121e+06 6.812699e+06 6.791233e+06 6.760449e+06 6.718600e+06 6.662742e+06 6.588511e+06 5.788784e+06 4.516257e+06 3.513101e+06 2.860283e+06 2.424460e+06 2.117716e+06 1.717674e+06 1.464478e+06 1.284820e+06 1.149397e+06 1.043796e+06 9.599167e+05
6.603224e+06 6.603224e+06 6.603224e+06 6.603225e+06 6.603226e+06 6.603253e+06 6.603263e+06 6.602923e+06 6.602375e+06 6.601368e+06 6.597166e+06 6.588623e+06 6.574141e+06 6.552044e+06 6.519963e+06 6.474291e+06 6.410085e+06 5.650990e+06 4.412289e+06 3.439497e+06 2.807970e+06 2.384800e+06 2.085340e+06 1.692647e+06 1.444932e+06 1.269464e+06 1.137098e+06 1.033779e+06 9.516546e+05
6.397107e+06 6.397107e+06 6.397107e+06 6.397108e+06 6.397110e+06 6.397164e+06 6.397261e+06 6.396968e+06 6.396180e+06 6.394785e+06 6.389853e+06 6.381498e+06 6.368776e+06 6.350189e+06 6.323204e+06 6.283862e+06 6.226816e+06 5.506664e+06 4.305154e+06 3.363260e+06 2.753591e+06 2.343996e+06 2.052569e+06 1.667992e+06 1.425272e+06 1.253944e+06 1.124655e+06 1.023647e+06 9.433033e+05
6.216264e+06 6.216264e+06 6.216264e+06 6.216265e+06 6.216268e+06 6.216112e+06 6.215152e+06 6.211085e+06 6.208262e+06 6.204978e+06 6.196959e+06 6.186665e+06 6.173364e+06 6.155686e+06 6.131103e+06 6.095545e+06 6.043479e+06 5.359121e+06 4.196534e+06 3.285400e+06 2.697531e+06 2.302060e+06 2.019288e+06 1.643597e+06 1.405582e+06 1.238301e+06 1.112089e+06 1.013412e+06 9.348715e+05
6.027314e+06 6.027314e+06 6.027314e+06 6.027313e+06 6.027310e+06 6.027189e+06 6.026493e+06 6.022596e+06 6.019603e+06 6.016035e+06 6.007295e+06 5.996381e+06 5.982912e+06 5.965821e+06 5.942799e+06 5.909903e+06 5.861639e+06 5.210512e+06 4.087662e+06 3.206791e+06 2.640234e+06 2.259089e+06 1.985438e+06 1.619313e+06 1.385964e+06 1.222576e+06 1.099424e+06 1.003089e+06 9.263688e+05
5.832174e+06 5.832174e+06 5.832174e+06 5.832173e+06 5.832170e+06 5.832054e+06 5.831628e+06 5.829357e+06 5.827298e+06 5.824571e+06 5.817138e+06 5.807154e+06 5.794532e+06 5.778521e+06 5.757109e+06 5.726595e+06 5.681661e+06 5.062194e+06 3.979411e+06 3.128149e+06 2.582154e+06 2.215243e+06 1.951012e+06 1.595049e+06 1.366547e+06 1.206816e+06 1.086683e+06 9.926923e+05 9.178048e+05
5.644739e+06 5.644739e+06 5.644738e+06 5.644735e+06 5.644724e+06 5.644357e+06 5.643350e+06 5.640195e+06 5.638050e+06 5.635445e+06 5.628654e+06 5.619583e+06 5.608049e+06 5.593375e+06 5.573711e+06 5.545557e+06 5.503794e+06 4.915070e+06 3.872386e+06 3.050033e+06 2.523721e+06 2.170724e+06 1.916046e+06 1.570742e+06 1.347416e+06 1.191068e+06 1.073893e+06 9.822382e+05 9.091897e+05
5.454997e+06 5.454997e+06 5.454997e+06 5.454996e+06 5.454994e+06 5.454931e+06 5.454686e+06 5.452956e+06 5.451242e+06 5.448950e+06 5.442733e+06 5.434441e+06 5.423993e+06 5.410744e+06 5.392913e+06 5.367140e+06 5.328488e+06 4.769807e+06 3.767009e+06 2.972867e+06 2.465323e+06 2.125759e+06 1.880612e+06 1.546349e+06 1.328477e+06 1.175387e+06 1.061081e+06 9.717426e+05 9.005341e+05
5.275535e+06 5.275535e+06 5.275535e+06 5.275530e+06 5.275516e+06 5.275072e+06 5.273884e+06 5.270313e+06 5.268083e+06 5.265558e+06 5.259544e+06 5.252085e+06 5.242894e+06 5.231236e+06 5.215350e+06 5.191990e+06 5.156396e+06 4.626968e+06 3.663583e+06 2.896961e+06 2.407291e+06 2.080577e+06 1.844811e+06 1.521845e+06 1.309674e+06 1.159837e+06 1.048276e+06 9.612225e+05 8.918489e+05
5.088032e+06 5.088032e+06 5.088032e+06 5.088031e+06 5.088030e+06 5.087975e+06 5.087747e+06 5.086293e+06 5.085011e+06 5.083373e+06 5.079035e+06 5.073220e+06 5.065713e+06 5.055849e+06 5.041969e+06 5.020981e+06 4.988326e+06 4.487050e+06 3.562328e+06 2.822535e+06 2.349899e+06 2.035404e+06 1.808764e+06 1.497219e+06 1.290968e+06 1.144502e+06 1.035508e+06 9.506955e+05 8.831455e+05
4.909311e+06 4.909311e+06 4.909311e+06 4.909311e+06 4.909311e+06 4.909306e+06 4.909258e+06 4.908804e+06 4.908241e+06 4.907369e+06 4.904573e+06 4.900265e+06 4.894273e+06 4.886010e+06 4.873924e+06 4.855077e+06 4.825103e+06 4.350488e+06 3.463413e+06 2.749741e+06 2.293364e+06 1.990445e+06 1.772599e+06 1.472477e+06 1.272331e+06 1.129381e+06 1.022809e+06 9.401798e+05 8.744356e+05
4.744787e+06 4.744787e+06 4.744787e+06 4.744786e+06 4.744783e+06 4.744696e+06 4.744447e+06 4.743453e+06 4.742686e+06 4.741710e+06 4.739028e+06 4.735211e+06 4.730015e+06 4.722816e+06 4.712095e+06 4.695013e+06 4.667368e+06 4.217637e+06 3.366967e+06 2.678684e+06 2.237854e+06 1.945884e+06 1.736450e+06 1.447638e+06 1.253744e+06 1.114425e+06 1.010214e+06 9.296943e+05 8.657312e+05
4.588005e+06 4.588005e+06 4.588005e+06 4.588004e+06 4.588002e+06 4.587911e+06 4.587607e+06 4.586348e+06 4.585416e+06 4.584293e+06 4.581458e+06 4.577751e+06 4.572952e+06 4.566442e+06 4.556736e+06 4.541085e+06 4.515433e+06 4.088757e+06 3.273084e+06 2.609427e+06 2.183496e+06 1.901877e+06 1.700446e+06 1.422731e+06 1.235196e+06 1.099608e+06 9.977698e+05 9.192587e+05 8.570446e+05
4.436024e+06 4.436024e+06 4.436024e+06 4.436023e+06 4.436021e+06 4.435948e+06 4.435704e+06 4.434657e+06 4.433842e+06 4.432832e+06 4.430225e+06 4.426809e+06 4.422429e+06 4.416522e+06 4.407674e+06 4.393249e+06 4.369345e+06 3.964015e+06 3.181834e+06 2.542008e+06 2.130377e+06 1.858554e+06 1.664708e+06 1.397794e+06 1.216680e+06 1.084911e+06 9.855214e+05 9.088937e+05 8.483886e+05
4.289718e+06 4.289718e+06 4.289718e+06 4.289717e+06 4.289716e+06 4.289658e+06 4.289466e+06 4.288629e+06 4.287963e+06 4.287122e+06 4.284894e+06 4.281905e+06 4.278018e+06 4.272719e+06 4.264670e+06 4.251351e+06 4.229019e+06 3.843499e+06 3.093257e+06 2.476446e+06 2.078559e+06 1.816021e+06 1.629345e+06 1.372873e+06 1.198197e+06 1.070320e+06 9.734430e+05 8.986217e+05 8.397761e+05
4.149680e+06 4.149680e+06 4.149680e+06 4.149679e+06 4.149678e+06 4.149629e+06 4.149467e+06 4.148763e+06 4.148202e+06 4.147492e+06 4.145592e+06 4.143006e+06 4.139596e+06 4.134873e+06 4.127560e+06 4.115248e+06 4.094345e+06 3.727237e+06 3.007376e+06 2.412742e+06 2.028080e+06 1.774359e+06 1.594453e+06 1.348016e+06 1.179750e+06 1.055826e+06 9.615116e+05 8.884681e+05 8.312208e+05
4.015942e+06 4.015942e+06 4.015942e+06 4.015941e+06 4.015940e+06 4.015896e+06 4.015751e+06 4.015131e+06 4.014641e+06 4.014022e+06 4.012367e+06 4.010104e+06 4.007098e+06 4.002876e+06 3.996216e+06 3.984808e+06 3.965201e+06 3.615213e+06 2.924192e+06 2.350889e+06 1.978960e+06 1.733629e+06 1.560116e+06 1.323275e+06 1.161350e+06 1.041422e+06 9.497131e+05 8.784671e+05 8.227366e+05
3.888249e+06 3.888249e+06 3.888249e+06 3.888248e+06 3.888247e+06 3.888210e+06 3.888086e+06 3.887542e+06 3.887108e+06 3.886556e+06 3.885079e+06 3.883062e+06 3.880379e+06 3.876578e+06 3.870485e+06 3.859878e+06 3.841443e+06 3.507377e+06 2.843693e+06 2.290870e+06 1.931204e+06 1.693876e+06 1.526400e+06 1.298702e+06 1.143011e+06 1.027103e+06 9.380375e+05 8.686324e+05 8.143385e+05
3.766402e+06 3.766402e+06 3.766402e+06 3.766401e+06 3.766400e+06 3.766365e+06 3.766246e+06 3.765731e+06 3.765325e+06 3.764814e+06 3.763460e+06 3.761631e+06 3.759210e+06 3.755765e+06 3.750165e+06 3.740274e+06 3.722900e+06 3.403653e+06 2.765853e+06 2.232665e+06 1.884808e+06 1.655128e+06 1.493362e+06 1.274348e+06 1.124749e+06 1.012870e+06 9.264773e+05 8.589426e+05 8.060425e+05
3.649900e+06 3.649900e+06 3.649900e+06 3.649899e+06 3.649898e+06 3.649863e+06 3.649744e+06 3.649250e+06 3.648868e+06 3.648394e+06 3.647153e+06 3.645496e+06 3.643312e+06 3.640186e+06 3.635031e+06 3.625788e+06 3.609384e+06 3.303951e+06 2.690637e+06 2.176248e+06 1.839763e+06 1.617403e+06 1.461044e+06 1.250261e+06 1.106584e+06 9.987226e+05 9.150270e+05 8.493856e+05 7.978680e+05
3.538235e+06 3.538235e+06 3.538235e+06 3.538235e+06 3.538234e+06 3.538206e+06 3.538108e+06 3.537686e+06 3.537354e+06 3.536938e+06 3.535844e+06 3.534374e+06 3.532427e+06 3.529605e+06 3.524863e+06 3.516217e+06 3.500706e+06 3.208165e+06 2.618003e+06 2.121588e+06 1.796049e+06 1.580707e+06 1.429479e+06 1.226485e+06 1.088537e+06 9.846641e+05 9.036825e+05 8.399535e+05 7.898397e+05
3.431372e+06 3.431372e+06 3.431372e+06 3.431372e+06 3.431371e+06 3.431349e+06 3.431272e+06 3.430926e+06 3.430649e+06 3.430296e+06 3.429356e+06 3.428077e+06 3.426362e+06 3.423828e+06 3.419469e+06 3.411375e+06 3.396688e+06 3.116186e+06 2.547901e+06 2.068654e+06 1.753646e+06 1.545041e+06 1.398688e+06 1.203059e+06 1.070631e+06 9.706997e+05 8.924412e+05 8.306402e+05 7.819528e+05
3.329324e+06 3.329324e+06 3.329324e+06 3.329324e+06 3.329323e+06 3.329304e+06 3.329236e+06 3.328936e+06 3.328697e+06 3.328394e+06 3.327582e+06 3.326471e+06 3.324964e+06 3.322690e+06 3.318680e+06 3.311088e+06 3.297159e+06 3.027895e+06 2.480276e+06 2.017412e+06 1.712531e+06 1.510396e+06 1.368687e+06 1.180021e+06 1.052890e+06 9.568362e+05 8.813017e+05 8.214413e+05 7.741946e+05
3.231899e+06 3.231899e+06 3.231898e+06 3.231898e+06 3.231898e+06 3.231880e+06 3.231820e+06 3.231559e+06 3.231350e+06 3.231086e+06 3.230380e+06 3.229409e+06 3.228079e+06 3.226033e+06 3.222330e+06 3.215192e+06 3.201953e+06 2.943173e+06 2.415070e+06 1.967827e+06 1.672676e+06 1.476762e+06 1.339482e+06 1.157400e+06 1.035335e+06 9.430816e+05 8.702639e+05 8.123534e+05 7.665582e+05
3.138897e+06 3.138897e+06 3.138897e+06 3.138897e+06 3.138896e+06 3.138881e+06 3.138828e+06 3.138602e+06 3.138422e+06 3.138192e+06 3.137574e+06 3.136719e+06 3.135537e+06 3.133682e+06 3.130247e+06 3.123510e+06 3.110898e+06 2.861893e+06 2.352218e+06 1.919861e+06 1.634055e+06 1.444124e+06 1.311076e+06 1.135221e+06 1.017990e+06 9.294453e+05 8.593287e+05 8.033739e+05 7.590386e+05
3.050142e+06 3.050142e+06 3.050142e+06 3.050142e+06 3.050141e+06 3.050128e+06 3.050083e+06 3.049885e+06 3.049726e+06 3.049523e+06 3.048973e+06 3.048210e+06 3.047146e+06 3.045448e+06 3.042240e+06 3.035858e+06 3.023810e+06 2.783923e+06 2.291654e+06 1.873476e+06 1.596638e+06 1.412464e+06 1.283464e+06 1.113507e+06 1.000877e+06 9.159377e+05 8.484979e+05 7.945011e+05 7.516321e+05
2.965429e+06 2.965429e+06 2.965429e+06 2.965429e+06 2.965429e+06 2.965418e+06 2.965378e+06 2.965201e+06 2.965056e+06 2.964870e+06 2.964367e+06 2.963669e+06 2.962694e+06 2.961123e+06 2.958107e+06 2.952036e+06 2.940499e+06 2.709127e+06 2.233305e+06 1.828631e+06 1.560397e+06 1.381761e+06 1.256640e+06 1.092272e+06 9.840140e+05 9.025694e+05 8.377742e+05 7.857337e+05 7.443360e+05
2.884538e+06 2.884538e+06 2.884538e+06 2.884538e+06 2.884538e+06 2.884526e+06 2.884485e+06 2.884307e+06 2.884166e+06 2.883987e+06 2.883511e+06 2.882858e+06 2.881952e+06 2.880484e+06 2.877633e+06 2.871839e+06 2.860767e+06 2.637364e+06 2.177099e+06 1.785285e+06 1.525301e+06 1.351994e+06 1.230594e+06 1.071531e+06 9.674207e+05 8.893517e+05 8.271612e+05 7.770713e+05 7.371481e+05
2.807122e+06 2.807122e+06 2.807122e+06 2.807121e+06 2.807121e+06 2.807109e+06 2.807069e+06 2.806896e+06 2.806760e+06 2.806589e+06 2.806139e+06 2.805527e+06 2.804683e+06 2.803306e+06 2.800602e+06 2.795060e+06 2.784416e+06 2.568497e+06 2.122960e+06 1.743396e+06 1.491320e+06 1.323141e+06 1.205314e+06 1.051292e+06 9.511132e+05 8.762959e+05 8.166631e+05 7.685139e+05 7.300666e+05
2.732914e+06 2.732914e+06 2.732914e+06 2.732914e+06 2.732914e+06 2.732903e+06 2.732866e+06 2.732708e+06 2.732584e+06 2.732427e+06 2.732013e+06 2.731449e+06 2.730667e+06 2.729378e+06 2.726811e+06 2.721503e+06 2.711257e+06 2.502387e+06 2.070812e+06 1.702920e+06 1.458424e+06 1.295179e+06 1.180784e+06 1.031560e+06 9.351061e+05 8.634132e+05 8.062848e+05 7.600623e+05 7.230902e+05
2.661747e+06 2.661747e+06 2.661747e+06 2.661747e+06 2.661747e+06 2.661738e+06 2.661709e+06 2.661574e+06 2.661465e+06 2.661326e+06 2.660952e+06 2.660438e+06 2.659718e+06 2.658513e+06 2.656076e+06 2.650986e+06 2.641115e+06 2.438902e+06 2.020581e+06 1.663815e+06 1.426582e+06 1.268084e+06 1.156990e+06 1.012337e+06 9.194121e+05 8.507147e+05 7.960315e+05 7.517174e+05 7.162182e+05
2.593540e+06 2.593540e+06 2.593540e+06 2.593540e+06 2.593540e+06 2.593531e+06 2.593503e+06 2.593377e+06 2.593276e+06 2.593149e+06 2.592807e+06 2.592337e+06 2.591674e+06 2.590547e+06 2.588231e+06 2.583346e+06 2.573826e+06 2.377915e+06 1.972191e+06 1.626037e+06 1.395764e+06 1.241832e+06 1.133914e+06 9.936246e+05 9.040418e+05 8.382107e+05 7.859089e+05 7.434810e+05 7.094499e+05
2.528106e+06 2.528106e+06 2.528106e+06 2.528106e+06 2.528106e+06 2.528097e+06 2.528070e+06 2.527952e+06 2.527858e+06 2.527740e+06 2.527426e+06 2.526995e+06 2.526383e+06 2.525328e+06 2.523125e+06 2.518432e+06 2.509242e+06 2.319307e+06 1.925570e+06 1.589544e+06 1.365939e+06 1.216400e+06 1.111539e+06 9.754195e+05 8.890038e+05 8.259111e+05 7.759228e+05 7.353550e+05 7.027854e+05
2.465276e+06 2.465276e+06 2.465276e+06 2.465276e+06 2.465276e+06 2.465269e+06 2.465246e+06 2.465141e+06 2.465057e+06 2.464950e+06 2.464664e+06 2.464270e+06 2.463706e+06 2.462716e+06 2.460616e+06 2.456102e+06 2.447223e+06 2.262963e+06 1.880646e+06 1.554292e+06 1.337077e+06 1.191765e+06 1.089847e+06 9.577180e+05 8.743052e+05 8.138251e+05 7.660792e+05 7.273418e+05 6.962246e+05
2.404948e+06 2.404948e+06 2.404948e+06 2.404948e+06 2.404948e+06 2.404942e+06 2.404921e+06 2.404826e+06 2.404749e+06 2.404652e+06 2.404391e+06 2.404030e+06 2.403508e+06 2.402578e+06 2.400573e+06 2.396225e+06 2.387638e+06 2.208775e+06 1.837351e+06 1.520239e+06 1.309150e+06 1.167902e+06 1.068820e+06 9.405145e+05 8.599510e+05 8.019611e+05 7.563842e+05 7.194440e+05 6.897681e+05
2.346998e+06 2.346998e+06 2.346998e+06 2.346998e+06 2.346998e+06 2.346992e+06 2.346972e+06 2.346884e+06 2.346814e+06 2.346725e+06 2.346485e+06 2.346152e+06 2.345666e+06 2.344787e+06 2.342868e+06 2.338674e+06 2.330361e+06 2.156638e+06 1.795618e+06 1.487343e+06 1.282127e+06 1.144789e+06 1.048440e+06 9.238022e+05 8.459450e+05 7.903267e+05 7.468437e+05 7.116647e+05 6.834165e+05
2.291300e+06 2.291300e+06 2.291300e+06 2.291300e+06 2.291300e+06 2.291295e+06 2.291278e+06 2.291199e+06 2.291135e+06 2.291052e+06 2.290827e+06 2.290514e+06 2.290058e+06 2.289222e+06 2.287379e+06 2.283328e+06 2.275274e+06 2.106454e+06 1.755381e+06 1.455564e+06 1.255980e+06 1.122404e+06 1.028688e+06 9.075732e+05 8.322893e+05 7.789286e+05 7.374637e+05 7.040070e+05 6.771710e+05
2.237760e+06 2.237760e+06 2.237760e+06 2.237760e+06 2.237760e+06 2.237755e+06 2.237737e+06 2.237656e+06 2.237592e+06 2.237510e+06 2.237292e+06 2.236993e+06 2.236558e+06 2.235760e+06 2.233987e+06 2.230069e+06 2.222259e+06 2.058129e+06 1.716579e+06 1.424862e+06 1.230681e+06 1.100723e+06 1.009547e+06 8.918189e+05 8.189849e+05 7.677725e+05 7.282498e+05 6.964743e+05 6.710327e+05
2.186209e+06 2.186209e+06 2.186209e+06 2.186209e+06 2.186208e+06 2.186203e+06 2.186184e+06 2.186101e+06 2.186037e+06 2.185957e+06 2.185746e+06 2.185459e+06 2.185046e+06 2.184283e+06 2.182576e+06 2.178786e+06 2.171210e+06 2.011574e+06 1.679150e+06 1.395198e+06 1.206202e+06 1.079727e+06 9.909989e+05 8.765301e+05 8.060314e+05 7.568635e+05 7.192074e+05 6.890699e+05 6.650031e+05
2.136491e+06 2.136491e+06 2.136491e+06 2.136491e+06 2.136491e+06 2.136486e+06 2.136470e+06 2.136396e+06 2.136337e+06 2.136262e+06 2.136064e+06 2.135796e+06 2.135407e+06 2.134682e+06 2.133041e+06 2.129375e+06 2.122025e+06 1.966705e+06 1.643038e+06 1.366533e+06 1.182516e+06 1.059392e+06 9.730262e+05 8.616971e+05 7.934275e+05 7.462057e+05 7.103415e+05 6.817975e+05 6.590838e+05
2.088545e+06 2.088545e+06 2.088545e+06 2.088545e+06 2.088545e+06 2.088540e+06 2.088524e+06 2.088456e+06 2.088402e+06 2.088335e+06 2.088154e+06 2.087908e+06 2.087547e+06 2.086862e+06 2.085288e+06 2.081744e+06 2.074614e+06 1.923446e+06 1.608187e+06 1.338830e+06 1.159597e+06 1.039699e+06 9.556121e+05 8.473099e+05 7.811713e+05 7.358023e+05 7.016570e+05 6.746606e+05 6.532765e+05
2.042289e+06 2.042289e+06 2.042289e+06 2.042289e+06 2.042289e+06 2.042285e+06 2.042272e+06 2.042212e+06 2.042165e+06 2.042104e+06 2.041942e+06 2.041720e+06 2.041389e+06 2.040746e+06 2.039239e+06 2.035814e+06 2.028897e+06 1.881723e+06 1.574544e+06 1.312055e+06 1.137420e+06 1.020628e+06 9.387400e+05 8.333582e+05 7.692597e+05 7.256559e+05 6.931581e+05 6.676627e+05 6.475833e+05
1.997672e+06 1.997672e+06 1.997672e+06 1.997671e+06 1.997671e+06 1.997668e+06 1.997656e+06 1.997604e+06 1.997562e+06 1.997509e+06 1.997366e+06 1.997167e+06 1.996867e+06 1.996265e+06 1.994823e+06 1.991515e+06 1.984802e+06 1.841472e+06 1.542061e+06 1.286173e+06 1.115958e+06 1.002159e+06 9.223936e+05 8.198319e+05 7.576892e+05 7.157684e+05 6.848488e+05 6.608072e+05 6.420062e+05
1.954635e+06 1.954635e+06 1.954635e+06 1.954635e+06 1.954635e+06 1.954632e+06 1.954622e+06 1.954577e+06 1.954541e+06 1.954495e+06 1.954369e+06 1.954194e+06 1.953922e+06 1.953359e+06 1.951981e+06 1.948783e+06 1.942267e+06 1.802630e+06 1.510692e+06 1.261151e+06 1.095190e+06 9.842726e+05 9.065573e+05 8.067206e+05 7.464557e+05 7.061409e+05 6.767326e+05 6.540976e+05 6.365473e+05
1.913132e+06 1.913132e+06 1.913132e+06 1.913132e+06 1.913132e+06 1.913130e+06 1.913122e+06 1.913083e+06 1.913052e+06 1.913011e+06 1.912901e+06 1.912746e+06 1.912500e+06 1.911973e+06 1.910653e+06 1.907560e+06 1.901231e+06 1.765141e+06 1.480390e+06 1.236958e+06 1.075090e+06 9.669514e+05 8.912158e+05 7.940143e+05 7.355548e+05 6.967739e+05 6.688127e+05 6.475370e+05 6.312088e+05
1.873111e+06 1.873111e+06 1.873111e+06 1.873111e+06 1.873111e+06 1.873109e+06 1.873101e+06 1.873067e+06 1.873040e+06 1.873004e+06 1.872908e+06 1.872769e+06 1.872546e+06 1.872051e+06 1.870783e+06 1.867788e+06 1.861637e+06 1.728949e+06 1.451115e+06 1.213563e+06 1.055637e+06 9.501774e+05 8.763546e+05 7.817027e+05 7.249817e+05 6.876675e+05 6.610919e+05 6.411287e+05 6.259929e+05
1.834510e+06 1.834510e+06 1.834510e+06 1.834510e+06 1.834510e+06 1.834508e+06 1.834503e+06 1.834475e+06 1.834452e+06 1.834421e+06 1.834335e+06 1.834211e+06 1.834005e+06 1.833537e+06 1.832316e+06 1.829411e+06 1.823427e+06 1.694003e+06 1.422826e+06 1.190937e+06 1.036808e+06 9.339333e+05 8.619594e+05 7.697760e+05 7.147312e+05 6.788212e+05 6.535723e+05 6.348756e+05 6.209020e+05
1.797290e+06 1.797290e+06 1.797290e+06 1.797290e+06 1.797290e+06 1.797288e+06 1.797283e+06 1.797257e+06 1.797236e+06 1.797208e+06 1.797129e+06 1.797013e+06 1.796820e+06 1.796372e+06 1.795192e+06 1.792370e+06 1.786542e+06 1.660249e+06 1.395484e+06 1.169051e+06 1.018584e+06 9.182029e+05 8.480165e+05 7.582246e+05 7.047981e+05 6.702341e+05 6.462560e+05 6.287804e+05 6.159382e+05
1.761386e+06 1.761386e+06 1.761386e+06 1.761386e+06 1.761386e+06 1.761384e+06 1.761379e+06 1.761352e+06 1.761330e+06 1.761302e+06 1.761224e+06 1.761113e+06 1.760928e+06 1.760496e+06 1.759352e+06 1.756605e+06 1.750925e+06 1.627640e+06 1.369051e+06 1.147879e+06 1.000943e+06 9.029700e+05 8.345126e+05 7.470390e+05 6.951769e+05 6.619050e+05 6.391446e+05 6.228458e+05 6.111038e+05
1.726713e+06 1.726713e+06 1.726713e+06 1.726713e+06 1.726713e+06 1.726711e+06 1.726705e+06 1.726678e+06 1.726656e+06 1.726627e+06 1.726551e+06 1.726441e+06 1.726262e+06 1.725844e+06 1.724731e+06 1.722056e+06 1.716517e+06 1.596125e+06 1.343492e+06 1.127396e+06 9.838672e+05 8.882195e+05 8.214351e+05 7.362101e+05 6.858623e+05 6.538321e+05 6.322392e+05 6.170740e+05 6.064010e+05
1.693199e+06 1.693199e+06 1.693199e+06 1.693199e+06 1.693199e+06 1.693197e+06 1.693191e+06 1.693163e+06 1.693141e+06 1.693113e+06 1.693037e+06 1.692931e+06 1.692758e+06 1.692352e+06 1.691270e+06 1.688663e+06 1.683260e+06 1.565657e+06 1.318773e+06 1.107574e+06 9.673365e+05 8.739365e+05 8.087718e+05 7.257290e+05 6.768487e+05 6.460136e+05 6.255408e+05 6.114673e+05 6.018319e+05
1.660777e+06 1.660777e+06 1.660777e+06 1.660777e+06 1.660777e+06 1.660776e+06 1.660770e+06 1.660743e+06 1.660721e+06 1.660694e+06 1.660621e+06 1.660520e+06 1.660354e+06 1.659963e+06 1.658912e+06 1.656372e+06 1.651100e+06 1.536193e+06 1.294859e+06 1.088392e+06 9.513334e+05 8.601068e+05 7.965110e+05 7.155872e+05 6.681307e+05 6.384475e+05 6.190500e+05 6.060276e+05 5.973986e+05
1.629392e+06 1.629392e+06 1.629392e+06 1.629392e+06 1.629392e+06 1.629391e+06 1.629385e+06 1.629361e+06 1.629342e+06 1.629317e+06 1.629249e+06 1.629155e+06 1.628999e+06 1.628624e+06 1.627606e+06 1.625133e+06 1.619989e+06 1.507690e+06 1.271719e+06 1.069826e+06 9.358407e+05 8.467170e+05 7.846414e+05 7.057764e+05 6.597028e+05 6.311314e+05 6.127670e+05 6.007567e+05 5.931030e+05
1.599008e+06 1.599008e+06 1.599008e+06 1.599007e+06 1.599007e+06 1.599006e+06 1.599001e+06 1.598979e+06 1.598961e+06 1.598939e+06 1.598879e+06 1.598794e+06 1.598650e+06 1.598293e+06 1.597309e+06 1.594902e+06 1.589884e+06 1.480109e+06 1.249324e+06 1.051853e+06 9.208418e+05 8.337539e+05 7.731523e+05 6.962888e+05 6.515596e+05 6.240628e+05 6.066920e+05 5.956561e+05 5.889471e+05
1.569579e+06 1.569579e+06 1.569579e+06 1.569579e+06 1.569579e+06 1.569579e+06 1.569575e+06 1.569559e+06 1.569545e+06 1.569526e+06 1.569475e+06 1.569401e+06 1.569271e+06 1.568934e+06 1.567983e+06 1.565642e+06 1.560746e+06 1.453414e+06 1.227645e+06 1.034454e+06 9.063209e+05 8.212052e+05 7.620335e+05 6.871167e+05 6.436961e+05 6.172392e+05 6.008248e+05 5.907272e+05 5.849326e+05
1.541100e+06 1.541100e+06 1.541100e+06 1.541100e+06 1.541099e+06 1.541099e+06 1.541096e+06 1.541082e+06 1.541070e+06 1.541055e+06 1.541013e+06 1.540950e+06 1.540833e+06 1.540515e+06 1.539596e+06 1.537318e+06 1.532542e+06 1.427571e+06 1.206655e+06 1.017608e+06 8.922629e+05 8.090589e+05 7.512750e+05 6.782529e+05 6.361069e+05 6.106580e+05 5.951651e+05 5.859711e+05 5.810612e+05
1.513535e+06 1.513535e+06 1.513535e+06 1.513535e+06 1.513535e+06 1.513534e+06 1.513533e+06 1.513523e+06 1.513514e+06 1.513502e+06 1.513467e+06 1.513413e+06 1.513308e+06 1.513006e+06 1.512119e+06 1.509901e+06 1.505237e+06 1.402548e+06 1.186330e+06 1.001296e+06 8.786536e+05 7.973036e+05 7.408676e+05 6.696905e+05 6.287873e+05 6.043163e+05 5.897123e+05 5.813888e+05 5.773345e+05
1.486868e+06 1.486868e+06 1.486868e+06 1.486868e+06 1.486868e+06 1.486867e+06 1.486866e+06 1.486858e+06 1.486851e+06 1.486841e+06 1.486811e+06 1.486764e+06 1.486667e+06 1.486380e+06 1.485520e+06 1.483358e+06 1.478803e+06 1.378315e+06 1.166645e+06 9.855010e+05 8.654791e+05 7.859285e+05 7.308024e+05 6.614229e+05 6.217324e+05 5.982116e+05 5.844657e+05 5.769811e+05 5.737539e+05
1.461069e+06 1.461069e+06 1.461069e+06 1.461069e+06 1.461069e+06 1.461069e+06 1.461067e+06 1.461059e+06 1.461052e+06 1.461042e+06 1.461014e+06 1.460971e+06 1.460880e+06 1.460604e+06 1.459768e+06 1.457659e+06 1.453207e+06 1.354844e+06 1.147578e+06 9.702054e+05 8.527265e+05 7.749234e+05 7.210709e+05 6.534437e+05 6.149375e+05 5.923409e+05 5.794245e+05 5.727486e+05 5.703208e+05
1.436093e+06 1.436093e+06 1.436093e+06 1.436093e+06 1.436093e+06 1.436093e+06 1.436091e+06 1.436083e+06 1.436075e+06 1.436065e+06 1.436038e+06 1.435997e+06 1.435911e+06 1.435645e+06 1.434831e+06 1.432772e+06 1.428418e+06 1.332107e+06 1.129108e+06 9.553933e+05 8.403834e+05 7.642784e+05 7.116650e+05 6.457471e+05 6.083983e+05 5.867016e+05 5.745878e+05 5.686918e+05 5.670363e+05
1.411896e+06 1.411896e+06 1.411896e+06 1.411896e+06 1.411896e+06 1.411896e+06 1.411894e+06 1.411887e+06 1.411880e+06 1.411871e+06 1.411846e+06 1.411808e+06 1.411726e+06 1.411469e+06 1.410676e+06 1.408663e+06 1.404403e+06 1.310077e+06 1.111213e+06 9.410493e+05 8.284381e+05 7.539842e+05 7.025771e+05 6.383272e+05 6.021103e+05 5.812910e+05 5.699544e+05 5.648111e+05 5.639016e+05
1.388447e+06 1.388447e+06 1.388447e+06 1.388447e+06 1.388447e+06 1.388447e+06 1.388446e+06 1.388440e+06 1.388435e+06 1.388427e+06 1.388405e+06 1.388370e+06 1.388293e+06 1.388044e+06 1.387271e+06 1.385303e+06 1.381133e+06 1.288728e+06 1.093875e+06 9.271588e+05 8.168794e+05 7.440321e+05 6.938000e+05 6.311789e+05 5.960696e+05 5.761063e+05 5.655233e+05 5.611065e+05 5.609176e+05
1.365726e+06 1.365726e+06 1.365726e+06 1.365726e+06 1.365726e+06 1.365726e+06 1.365725e+06 1.365720e+06 1.365715e+06 1.365708e+06 1.365688e+06 1.365655e+06 1.365582e+06 1.365340e+06 1.364585e+06 1.362660e+06 1.358577e+06 1.268034e+06 1.077073e+06 9.137080e+05 8.056967e+05 7.344135e+05 6.853268e+05 6.242969e+05 5.902721e+05 5.711449e+05 5.612932e+05 5.575782e+05 5.580852e+05
1.343703e+06 1.343703e+06 1.343703e+06 1.343703e+06 1.343703e+06 1.343702e+06 1.343701e+06 1.343696e+06 1.343691e+06 1.343684e+06 1.343664e+06 1.343633e+06 1.343562e+06 1.343327e+06 1.342590e+06 1.340706e+06 1.336707e+06 1.247970e+06 1.060791e+06 9.006835e+05 7.948799e+05 7.251206e+05 6.771510e+05 6.176765e+05 5.847142e+05 5.664042e+05 5.572630e+05 5.542262e+05 5.554053e+05
