1.087509e+08 1.084341e+08 1.080110e+08 1.040406e+08 1.014463e+08 9.006568e+07 8.333358e+07 7.547964e+07 7.276409e+07 7.050240e+07 6.687888e+07 6.402964e+07 6.168677e+07 5.971970e+07 5.805534e+07 5.664284e+07 5.544123e+07 5.156568e+07 4.958978e+07 4.823597e+07 4.673198e+07 4.469788e+07 4.224779e+07 3.759023e+07 3.436002e+07 3.223720e+07 3.069199e+07 2.943457e+07 2.833221e+07
9.037581e+07 9.037671e+07 9.037873e+07 9.036301e+07 9.001809e+07 8.598794e+07 8.127142e+07 7.448554e+07 7.197188e+07 6.984530e+07 6.639406e+07 6.365196e+07 6.138285e+07 5.946976e+07 5.784659e+07 5.646652e+07 5.529110e+07 5.149475e+07 4.955609e+07 4.822083e+07 4.672605e+07 4.469641e+07 4.224831e+07 3.759103e+07 3.435909e+07 3.223423e+07 3.068726e+07 2.942850e+07 2.832519e+07
8.378175e+07 8.378193e+07 8.378240e+07 8.378554e+07 8.375327e+07 8.239549e+07 7.865316e+07 7.317465e+07 7.097524e+07 6.904713e+07 6.583218e+07 6.322697e+07 6.104770e+07 5.919815e+07 5.762224e+07 5.627868e+07 5.513230e+07 5.142139e+07 4.952168e+07 4.820549e+07 4.672006e+07 4.469492e+07 4.224879e+07 3.759177e+07 3.435809e+07 3.223118e+07 3.068245e+07 2.942235e+07 2.831810e+07
7.932482e+07 7.932491e+07 7.932512e+07 7.932733e+07 7.932052e+07 7.812921e+07 7.685013e+07 7.163996e+07 6.979528e+07 6.811383e+07 6.519409e+07 6.275503e+07 6.068158e+07 5.890507e+07 5.738247e+07 5.607947e+07 5.496495e+07 5.134564e+07 4.948656e+07 4.818995e+07 4.671402e+07 4.469340e+07 4.224924e+07 3.759246e+07 3.435701e+07 3.222803e+07 3.067754e+07 2.941611e+07 2.831092e+07
7.591110e+07 7.591114e+07 7.591124e+07 7.591259e+07 7.591069e+07 7.515997e+07 7.429883e+07 7.027682e+07 6.853659e+07 6.708061e+07 6.448624e+07 6.223807e+07 6.028533e+07 5.859101e+07 5.712761e+07 5.586912e+07 5.478923e+07 5.126759e+07 4.945077e+07 4.817422e+07 4.670792e+07 4.469186e+07 4.224965e+07 3.759308e+07 3.435585e+07 3.222480e+07 3.067255e+07 2.940980e+07 2.830367e+07
7.313820e+07 7.313823e+07 7.313830e+07 7.313926e+07 7.313880e+07 7.271501e+07 7.172640e+07 6.925034e+07 6.745934e+07 6.603685e+07 6.372556e+07 6.168091e+07 5.986081e+07 5.825687e+07 5.685817e+07 5.564798e+07 5.460538e+07 5.118730e+07 4.941433e+07 4.815831e+07 4.670177e+07 4.469028e+07 4.225003e+07 3.759363e+07 3.435460e+07 3.222148e+07 3.066747e+07 2.940339e+07 2.829634e+07
7.080718e+07 7.080720e+07 7.080723e+07 7.080789e+07 7.080793e+07 7.056284e+07 6.960176e+07 6.813676e+07 6.661030e+07 6.515683e+07 6.294509e+07 6.109291e+07 5.941145e+07 5.790418e+07 5.657495e+07 5.541651e+07 5.441371e+07 5.110485e+07 4.937728e+07 4.814224e+07 4.669558e+07 4.468867e+07 4.225037e+07 3.759412e+07 3.435327e+07 3.221806e+07 3.066230e+07 2.939691e+07 2.828893e+07
6.880394e+07 6.880395e+07 6.880398e+07 6.880446e+07 6.880471e+07 6.865503e+07 6.785094e+07 6.682981e+07 6.574544e+07 6.443917e+07 6.220056e+07 6.048967e+07 5.894288e+07 5.753538e+07 5.627917e+07 5.517540e+07 5.421464e+07 5.102032e+07 4.933964e+07 4.812601e+07 4.668933e+07 4.468702e+07 4.225066e+07 3.759453e+07 3.435185e+07 3.221456e+07 3.065704e+07 2.939033e+07 2.828144e+07
6.705563e+07 6.705564e+07 6.705566e+07 6.705610e+07 6.705645e+07 6.696031e+07 6.633783e+07 6.543303e+07 6.476842e+07 6.373345e+07 6.157690e+07 5.989482e+07 5.846364e+07 5.715408e+07 5.597258e+07 5.492559e+07 5.400873e+07 5.093383e+07 4.930144e+07 4.810963e+07 4.668303e+07 4.468534e+07 4.225090e+07 3.759487e+07 3.435034e+07 3.221095e+07 3.065168e+07 2.938367e+07 2.827387e+07
6.551154e+07 6.551154e+07 6.551156e+07 6.551193e+07 6.551233e+07 6.544824e+07 6.498239e+07 6.407645e+07 6.369657e+07 6.296712e+07 6.104547e+07 5.934383e+07 5.798577e+07 5.676542e+07 5.565764e+07 5.466839e+07 5.379674e+07 5.084549e+07 4.926273e+07 4.809312e+07 4.667669e+07 4.468361e+07 4.225108e+07 3.759514e+07 3.434874e+07 3.220725e+07 3.064622e+07 2.937691e+07 2.826622e+07
6.413506e+07 6.413507e+07 6.413508e+07 6.413536e+07 6.413571e+07 6.409188e+07 6.374698e+07 6.283398e+07 6.259646e+07 6.212900e+07 6.054017e+07 5.888061e+07 5.752578e+07 5.637631e+07 5.533765e+07 5.440552e+07 5.357963e+07 5.075542e+07 4.922352e+07 4.807647e+07 4.667029e+07 4.468184e+07 4.225121e+07 3.759531e+07 3.434704e+07 3.220345e+07 3.064068e+07 2.937007e+07 2.825849e+07
5.901158e+07 5.901158e+07 5.901159e+07 5.901178e+07 5.901219e+07 5.900731e+07 5.892663e+07 5.835930e+07 5.809267e+07 5.795315e+07 5.767478e+07 5.693257e+07 5.586801e+07 5.479365e+07 5.386096e+07 5.310681e+07 5.247364e+07 5.028563e+07 4.902158e+07 4.799156e+07 4.663754e+07 4.467217e+07 4.225083e+07 3.759484e+07 3.433701e+07 3.218289e+07 3.061144e+07 2.933449e+07 2.821859e+07
5.577452e+07 5.577452e+07 5.577452e+07 5.577467e+07 5.577505e+07 5.577896e+07 5.576321e+07 5.553915e+07 5.533388e+07 5.514489e+07 5.494512e+07 5.477962e+07 5.436475e+07 5.370298e+07 5.294850e+07 5.222949e+07 5.160682e+07 4.981165e+07 4.881505e+07 4.790482e+07 4.660331e+07 4.466064e+07 4.224822e+07 3.759170e+07 3.432417e+07 3.215956e+07 3.057962e+07 2.929654e+07 2.817656e+07
5.367869e+07 5.367869e+07 5.367870e+07 5.367882e+07 5.367918e+07 5.368594e+07 5.369191e+07 5.362050e+07 5.351310e+07 5.336827e+07 5.309282e+07 5.293223e+07 5.278686e+07 5.252313e+07 5.211552e+07 5.162182e+07 5.111453e+07 4.940305e+07 4.861617e+07 4.781842e+07 4.656742e+07 4.464656e+07 4.224262e+07 3.758532e+07 3.430813e+07 3.213322e+07 3.054504e+07 2.925612e+07 2.813233e+07
5.236242e+07 5.236242e+07 5.236243e+07 5.236254e+07 5.236286e+07 5.236297e+07 5.235426e+07 5.229693e+07 5.223117e+07 5.213266e+07 5.187317e+07 5.164093e+07 5.149305e+07 5.137755e+07 5.121956e+07 5.098466e+07 5.068385e+07 4.918998e+07 4.844731e+07 4.773681e+07 4.653023e+07 4.462926e+07 4.223323e+07 3.757510e+07 3.428850e+07 3.210361e+07 3.050753e+07 2.921310e+07 2.808582e+07
5.123404e+07 5.123404e+07 5.123404e+07 5.123411e+07 5.123433e+07 5.123950e+07 5.124935e+07 5.124901e+07 5.122525e+07 5.117689e+07 5.099982e+07 5.077183e+07 5.058610e+07 5.047635e+07 5.041063e+07 5.033716e+07 5.022094e+07 4.916918e+07 4.834690e+07 4.766825e+07 4.649314e+07 4.460840e+07 4.221931e+07 3.756042e+07 3.426488e+07 3.207048e+07 3.046693e+07 2.916739e+07 2.803695e+07
5.045031e+07 5.045031e+07 5.045031e+07 5.045038e+07 5.045058e+07 5.045558e+07 5.046703e+07 5.048960e+07 5.049054e+07 5.047582e+07 5.037701e+07 5.019648e+07 5.000552e+07 4.987135e+07 4.980960e+07 4.979298e+07 4.978084e+07 4.921911e+07 4.837588e+07 4.762660e+07 4.645934e+07 4.458426e+07 4.220036e+07 3.754068e+07 3.423687e+07 3.203357e+07 3.042308e+07 2.911887e+07 2.798566e+07
4.997217e+07 4.997218e+07 4.997218e+07 4.997224e+07 4.997241e+07 4.997698e+07 4.998821e+07 5.001625e+07 5.002586e+07 5.002577e+07 4.997348e+07 4.984074e+07 4.966814e+07 4.952026e+07 4.943665e+07 4.941774e+07 4.943785e+07 4.927073e+07 4.850638e+07 4.763495e+07 4.643448e+07 4.455802e+07 4.217624e+07 3.751539e+07 3.420409e+07 3.199263e+07 3.037582e+07 2.906744e+07 2.793188e+07
4.971693e+07 4.971693e+07 4.971693e+07 4.971698e+07 4.971712e+07 4.972086e+07 4.973033e+07 4.975592e+07 4.976685e+07 4.977146e+07 4.974256e+07 4.964595e+07 4.950062e+07 4.935543e+07 4.925381e+07 4.921310e+07 4.922510e+07 4.929810e+07 4.867836e+07 4.772360e+07 4.642770e+07 4.453217e+07 4.214738e+07 3.748414e+07 3.416620e+07 3.194743e+07 3.032498e+07 2.901300e+07 2.787553e+07
4.960123e+07 4.960123e+07 4.960124e+07 4.960127e+07 4.960139e+07 4.960439e+07 4.961198e+07 4.963292e+07 4.964247e+07 4.964762e+07 4.963002e+07 4.955942e+07 4.944293e+07 4.931292e+07 4.920608e+07 4.914559e+07 4.913562e+07 4.930420e+07 4.885062e+07 4.786419e+07 4.645471e+07 4.451082e+07 4.211490e+07 3.744672e+07 3.412291e+07 3.189776e+07 3.027044e+07 2.895546e+07 2.781656e+07
4.956243e+07 4.956243e+07 4.956243e+07 4.956246e+07 4.956255e+07 4.956496e+07 4.957103e+07 4.958775e+07 4.959537e+07 4.959972e+07 4.958796e+07 4.953691e+07 4.944820e+07 4.934099e+07 4.924157e+07 4.917154e+07 4.914116e+07 4.930299e+07 4.899693e+07 4.802370e+07 4.652927e+07 4.450048e+07 4.208084e+07 3.740314e+07 3.407400e+07 3.184344e+07 3.021206e+07 2.889472e+07 2.775491e+07
4.956209e+07 4.956209e+07 4.956209e+07 4.956212e+07 4.956219e+07 4.956403e+07 4.956858e+07 4.958049e+07 4.958555e+07 4.958809e+07 4.957897e+07 4.954331e+07 4.948062e+07 4.940029e+07 4.931798e+07 4.924988e+07 4.920744e+07 4.930669e+07 4.910464e+07 4.817730e+07 4.662922e+07 4.451271e+07 4.204839e+07 3.735372e+07 3.401938e+07 3.178432e+07 3.014974e+07 2.883072e+07 2.769053e+07
4.956804e+07 4.956804e+07 4.956804e+07 4.956805e+07 4.956810e+07 4.956933e+07 4.957220e+07 4.957880e+07 4.958089e+07 4.958110e+07 4.957305e+07 4.955064e+07 4.951273e+07 4.946144e+07 4.940301e+07 4.934682e+07 4.930237e+07 4.932064e+07 4.917125e+07 4.830668e+07 4.673519e+07 4.455195e+07 4.202248e+07 3.729908e+07 3.395904e+07 3.172033e+07 3.008340e+07 2.876340e+07 2.762337e+07
4.955054e+07 4.955054e+07 4.955054e+07 4.955055e+07 4.955058e+07 4.955135e+07 4.955292e+07 4.955521e+07 4.955478e+07 4.955302e+07 4.954636e+07 4.953696e+07 4.952365e+07 4.950291e+07 4.947300e+07 4.943649e+07 4.939941e+07 4.934336e+07 4.920011e+07 4.839996e+07 4.683194e+07 4.460270e+07 4.201178e+07 3.724026e+07 3.389311e+07 3.165141e+07 3.001297e+07 2.869270e+07 2.755341e+07
4.949178e+07 4.949178e+07 4.949179e+07 4.949179e+07 4.949181e+07 4.949221e+07 4.949279e+07 4.949173e+07 4.948939e+07 4.948629e+07 4.948220e+07 4.948665e+07 4.949857e+07 4.950967e+07 4.951145e+07 4.950033e+07 4.947834e+07 4.936867e+07 4.919663e+07 4.845115e+07 4.690751e+07 4.465313e+07 4.201585e+07 3.717877e+07 3.382190e+07 3.157762e+07 2.993843e+07 2.861859e+07 2.748061e+07
4.938195e+07 4.938195e+07 4.938195e+07 4.938195e+07 4.938196e+07 4.938211e+07 4.938194e+07 4.937842e+07 4.937475e+07 4.937094e+07 4.937074e+07 4.939022e+07 4.942824e+07 4.947220e+07 4.950776e+07 4.952594e+07 4.952489e+07 4.938822e+07 4.916591e+07 4.845892e+07 4.695329e+07 4.469371e+07 4.202434e+07 3.711675e+07 3.374587e+07 3.149904e+07 2.985979e+07 2.854107e+07 2.740496e+07
4.921706e+07 4.921706e+07 4.921706e+07 4.921706e+07 4.921707e+07 4.921702e+07 4.921633e+07 4.921115e+07 4.920668e+07 4.920275e+07 4.920765e+07 4.924320e+07 4.930806e+07 4.938549e+07 4.945595e+07 4.950583e+07 4.952980e+07 4.939336e+07 4.911162e+07 4.842511e+07 4.696394e+07 4.471677e+07 4.202984e+07 3.705745e+07 3.366569e+07 3.141587e+07 2.977710e+07 2.846013e+07 2.732645e+07
4.899783e+07 4.899783e+07 4.899783e+07 4.899783e+07 4.899783e+07 4.899763e+07 4.899656e+07 4.899026e+07 4.898539e+07 4.898179e+07 4.899273e+07 4.904505e+07 4.913704e+07 4.924797e+07 4.935362e+07 4.943638e+07 4.948789e+07 4.937639e+07 4.903581e+07 4.835330e+07 4.693703e+07 4.471650e+07 4.202630e+07 3.700542e+07 3.358223e+07 3.132838e+07 2.969046e+07 2.837582e+07 2.724510e+07
4.872678e+07 4.872678e+07 4.872678e+07 4.872678e+07 4.872677e+07 4.872649e+07 4.872527e+07 4.871864e+07 4.871383e+07 4.871103e+07 4.872872e+07 4.879803e+07 4.891685e+07 4.906068e+07 4.920102e+07 4.931678e+07 4.939709e+07 4.933119e+07 4.893922e+07 4.824774e+07 4.687250e+07 4.468889e+07 4.200876e+07 3.695717e+07 3.349667e+07 3.123694e+07 2.960000e+07 2.828818e+07 2.716093e+07
4.841063e+07 4.841063e+07 4.841063e+07 4.841063e+07 4.841062e+07 4.841030e+07 4.840898e+07 4.840232e+07 4.839779e+07 4.839598e+07 4.842053e+07 4.850635e+07 4.865099e+07 4.882643e+07 4.900025e+07 4.914833e+07 4.925766e+07 4.925348e+07 4.882176e+07 4.811264e+07 4.677205e+07 4.463170e+07 4.197334e+07 3.690831e+07 3.341058e+07 3.114201e+07 2.950590e+07 2.819729e+07 2.707398e+07
4.805636e+07 4.805636e+07 4.805636e+07 4.805636e+07 4.805635e+07 4.805603e+07 4.805471e+07 4.804804e+07 4.804373e+07 4.804279e+07 4.807367e+07 4.817492e+07 4.834378e+07 4.854900e+07 4.875458e+07 4.893369e+07 4.907152e+07 4.914075e+07 4.868294e+07 4.795172e+07 4.663848e+07 4.454424e+07 4.191723e+07 3.685565e+07 3.332647e+07 3.104420e+07 2.940841e+07 2.810327e+07 2.698431e+07
4.766953e+07 4.766953e+07 4.766953e+07 4.766952e+07 4.766952e+07 4.766912e+07 4.766763e+07 4.766062e+07 4.765638e+07 4.765617e+07 4.769280e+07 4.780827e+07 4.799958e+07 4.823253e+07 4.846788e+07 4.867638e+07 4.884166e+07 4.899211e+07 4.852225e+07 4.776816e+07 4.647519e+07 4.442706e+07 4.183866e+07 3.679657e+07 3.324578e+07 3.094422e+07 2.930781e+07 2.800626e+07 2.689197e+07
4.725174e+07 4.725174e+07 4.725174e+07 4.725174e+07 4.725173e+07 4.725132e+07 4.724981e+07 4.724286e+07 4.723890e+07 4.723953e+07 4.728175e+07 4.741051e+07 4.762264e+07 4.788131e+07 4.814437e+07 4.838044e+07 4.857184e+07 4.880801e+07 4.833938e+07 4.756452e+07 4.628576e+07 4.428170e+07 4.173683e+07 3.672886e+07 3.316573e+07 3.084299e+07 2.920446e+07 2.790641e+07 2.679707e+07
4.680720e+07 4.680720e+07 4.680720e+07 4.680720e+07 4.680719e+07 4.680682e+07 4.680541e+07 4.679886e+07 4.679535e+07 4.679697e+07 4.684470e+07 4.698593e+07 4.721734e+07 4.749979e+07 4.778850e+07 4.805026e+07 4.826625e+07 4.858996e+07 4.813442e+07 4.734291e+07 4.607364e+07 4.411035e+07 4.161176e+07 3.665074e+07 3.308429e+07 3.074174e+07 2.909877e+07 2.780393e+07 2.669970e+07
4.634174e+07 4.634174e+07 4.634174e+07 4.634174e+07 4.634173e+07 4.634134e+07 4.633997e+07 4.633382e+07 4.633079e+07 4.633341e+07 4.638638e+07 4.653915e+07 4.678829e+07 4.709255e+07 4.740488e+07 4.769041e+07 4.792936e+07 4.834025e+07 4.790782e+07 4.710503e+07 4.584204e+07 4.391559e+07 4.146421e+07 3.656084e+07 3.299991e+07 3.064235e+07 2.899123e+07 2.769904e+07 2.659999e+07
4.585998e+07 4.585998e+07 4.585998e+07 4.585998e+07 4.585997e+07 4.585960e+07 4.585831e+07 4.585262e+07 4.585009e+07 4.585367e+07 4.591150e+07 4.607482e+07 4.634009e+07 4.666423e+07 4.699814e+07 4.730550e+07 4.756572e+07 4.806175e+07 4.766045e+07 4.685233e+07 4.559383e+07 4.370014e+07 4.129544e+07 3.645817e+07 3.291130e+07 3.054447e+07 2.888243e+07 2.759202e+07 2.649808e+07
4.536632e+07 4.536632e+07 4.536632e+07 4.536631e+07 4.536631e+07 4.536600e+07 4.536485e+07 4.535970e+07 4.535767e+07 4.536217e+07 4.542444e+07 4.559730e+07 4.587714e+07 4.621927e+07 4.657277e+07 4.690006e+07 4.717982e+07 4.775761e+07 4.739352e+07 4.658609e+07 4.533150e+07 4.346674e+07 4.110710e+07 3.634215e+07 3.281738e+07 3.044648e+07 2.877310e+07 2.748317e+07 2.639414e+07
4.486543e+07 4.486543e+07 4.486543e+07 4.486542e+07 4.486542e+07 4.486511e+07 4.486400e+07 4.485915e+07 4.485753e+07 4.486284e+07 4.492912e+07 4.511057e+07 4.540352e+07 4.576183e+07 4.613303e+07 4.647840e+07 4.677599e+07 4.743119e+07 4.710851e+07 4.630748e+07 4.505719e+07 4.321798e+07 4.090110e+07 3.621254e+07 3.271723e+07 3.034731e+07 2.866424e+07 2.737283e+07 2.628834e+07
4.435941e+07 4.435941e+07 4.435941e+07 4.435941e+07 4.435941e+07 4.435914e+07 4.435815e+07 4.435386e+07 4.435274e+07 4.435889e+07 4.442896e+07 4.461823e+07 4.492296e+07 4.529581e+07 4.568290e+07 4.604454e+07 4.635829e+07 4.708581e+07 4.680709e+07 4.601760e+07 4.477272e+07 4.295627e+07 4.067944e+07 3.606944e+07 3.261013e+07 3.024613e+07 2.855699e+07 2.726141e+07 2.618089e+07
4.385203e+07 4.385203e+07 4.385203e+07 4.385202e+07 4.385202e+07 4.385180e+07 4.385098e+07 4.384737e+07 4.384681e+07 4.385382e+07 4.392743e+07 4.412374e+07 4.443900e+07 4.482477e+07 4.522602e+07 4.560222e+07 4.593046e+07 4.672469e+07 4.649104e+07 4.571754e+07 4.447967e+07 4.268378e+07 4.044412e+07 3.591322e+07 3.249554e+07 3.014223e+07 2.845040e+07 2.714937e+07 2.607203e+07
4.334775e+07 4.334775e+07 4.334775e+07 4.334775e+07 4.334774e+07 4.334754e+07 4.334679e+07 4.334357e+07 4.334342e+07 4.335114e+07 4.342782e+07 4.363031e+07 4.395482e+07 4.435198e+07 4.476570e+07 4.515476e+07 4.549587e+07 4.635085e+07 4.616220e+07 4.540834e+07 4.417937e+07 4.240242e+07 4.019712e+07 3.574447e+07 3.237308e+07 3.003499e+07 2.834360e+07 2.703730e+07 2.596199e+07
4.284840e+07 4.284840e+07 4.284840e+07 4.284840e+07 4.284840e+07 4.284821e+07 4.284754e+07 4.284473e+07 4.284496e+07 4.285333e+07 4.293272e+07 4.314062e+07 4.347317e+07 4.388022e+07 4.430480e+07 4.470507e+07 4.505744e+07 4.596706e+07 4.582237e+07 4.509105e+07 4.387296e+07 4.211387e+07 3.994027e+07 3.556400e+07 3.224253e+07 2.992393e+07 2.823597e+07 2.692608e+07 2.585107e+07
4.235582e+07 4.235582e+07 4.235582e+07 4.235582e+07 4.235582e+07 4.235567e+07 4.235514e+07 4.235286e+07 4.235351e+07 4.236249e+07 4.244431e+07 4.265689e+07 4.299635e+07 4.341184e+07 4.384571e+07 4.425560e+07 4.461769e+07 4.557577e+07 4.547331e+07 4.476667e+07 4.356145e+07 4.181957e+07 3.967527e+07 3.537271e+07 3.210384e+07 2.980862e+07 2.812702e+07 2.681602e+07 2.573959e+07
4.187271e+07 4.187271e+07 4.187271e+07 4.187271e+07 4.187271e+07 4.187259e+07 4.187212e+07 4.187017e+07 4.187114e+07 4.188064e+07 4.196450e+07 4.218101e+07 4.252622e+07 4.294876e+07 4.339037e+07 4.380833e+07 4.417863e+07 4.517912e+07 4.511665e+07 4.443619e+07 4.324570e+07 4.152077e+07 3.940366e+07 3.517162e+07 3.195708e+07 2.968872e+07 2.801633e+07 2.670631e+07 2.562793e+07
4.140009e+07 4.140009e+07 4.140009e+07 4.140009e+07 4.140009e+07 4.139999e+07 4.139961e+07 4.139801e+07 4.139925e+07 4.140918e+07 4.149470e+07 4.171436e+07 4.206419e+07 4.249239e+07 4.294026e+07 4.336480e+07 4.374186e+07 4.477894e+07 4.475393e+07 4.410055e+07 4.292651e+07 4.121852e+07 3.912680e+07 3.496177e+07 3.180245e+07 2.956401e+07 2.790353e+07 2.659646e+07 2.551659e+07
4.093911e+07 4.093911e+07 4.093911e+07 4.093911e+07 4.093911e+07 4.093903e+07 4.093869e+07 4.093731e+07 4.093876e+07 4.094901e+07 4.103581e+07 4.125787e+07 4.161121e+07 4.204373e+07 4.249643e+07 4.292612e+07 4.330859e+07 4.437680e+07 4.438653e+07 4.376068e+07 4.260457e+07 4.091371e+07 3.884589e+07 3.474424e+07 3.164026e+07 2.943430e+07 2.778831e+07 2.648608e+07 2.540625e+07
4.048999e+07 4.048999e+07 4.048999e+07 4.048999e+07 4.048999e+07 4.048992e+07 4.048964e+07 4.048846e+07 4.049008e+07 4.050058e+07 4.058830e+07 4.081203e+07 4.116779e+07 4.160335e+07 4.205953e+07 4.249305e+07 4.287968e+07 4.397397e+07 4.401573e+07 4.341744e+07 4.228051e+07 4.060713e+07 3.856198e+07 3.452007e+07 3.147092e+07 2.929952e+07 2.767042e+07 2.637486e+07 2.529668e+07
4.005293e+07 4.005293e+07 4.005293e+07 4.005293e+07 4.005293e+07 4.005288e+07 4.005263e+07 4.005161e+07 4.005336e+07 4.006402e+07 4.015227e+07 4.037694e+07 4.073412e+07 4.117152e+07 4.162993e+07 4.206608e+07 4.245573e+07 4.357154e+07 4.364266e+07 4.307164e+07 4.195490e+07 4.029942e+07 3.827598e+07 3.429027e+07 3.129489e+07 2.915965e+07 2.754965e+07 2.626252e+07 2.518736e+07
3.962807e+07 3.962807e+07 3.962807e+07 3.962807e+07 3.962807e+07 3.962800e+07 3.962772e+07 3.962664e+07 3.962837e+07 3.963904e+07 3.972739e+07 3.995234e+07 4.031000e+07 4.074819e+07 4.120775e+07 4.164545e+07 4.203712e+07 4.317043e+07 4.326835e+07 4.272406e+07 4.162829e+07 3.999114e+07 3.798864e+07 3.405580e+07 3.111269e+07 2.901475e+07 2.742582e+07 2.614885e+07 2.507800e+07
3.921379e+07 3.921379e+07 3.921379e+07 3.921379e+07 3.921379e+07 3.921370e+07 3.921338e+07 3.921221e+07 3.921391e+07 3.922454e+07 3.931279e+07 3.953754e+07 3.989500e+07 4.033311e+07 4.079290e+07 4.123127e+07 4.162411e+07 4.277141e+07 4.289371e+07 4.237540e+07 4.130114e+07 3.968276e+07 3.770063e+07 3.381753e+07 3.092488e+07 2.886492e+07 2.729882e+07 2.603364e+07 2.496833e+07
3.880845e+07 3.880845e+07 3.880845e+07 3.880845e+07 3.880845e+07 3.880837e+07 3.880808e+07 3.880699e+07 3.880875e+07 3.881941e+07 3.890755e+07 3.913185e+07 3.948859e+07 3.992597e+07 4.038527e+07 4.082356e+07 4.121687e+07 4.237512e+07 4.251956e+07 4.202633e+07 4.097391e+07 3.937469e+07 3.741249e+07 3.357628e+07 3.073203e+07 2.871034e+07 2.716856e+07 2.591671e+07 2.485814e+07
3.841200e+07 3.841200e+07 3.841200e+07 3.841200e+07 3.841200e+07 3.841193e+07 3.841166e+07 3.841068e+07 3.841250e+07 3.842321e+07 3.851118e+07 3.873479e+07 3.909041e+07 3.952653e+07 3.998474e+07 4.042236e+07 4.081554e+07 4.198217e+07 4.214663e+07 4.167746e+07 4.064700e+07 3.906728e+07 3.712470e+07 3.333277e+07 3.053473e+07 2.855123e+07 2.703501e+07 2.579793e+07 2.474727e+07
3.802436e+07 3.802436e+07 3.802436e+07 3.802436e+07 3.802435e+07 3.802430e+07 3.802406e+07 3.802317e+07 3.802503e+07 3.803575e+07 3.812342e+07 3.834609e+07 3.870021e+07 3.913460e+07 3.959124e+07 4.002770e+07 4.042028e+07 4.159303e+07 4.177555e+07 4.132934e+07 4.032080e+07 3.876084e+07 3.683762e+07 3.308768e+07 3.033355e+07 2.838784e+07 2.689817e+07 2.567718e+07 2.463554e+07
3.764549e+07 3.764549e+07 3.764549e+07 3.764548e+07 3.764548e+07 3.764542e+07 3.764516e+07 3.764423e+07 3.764608e+07 3.765673e+07 3.774393e+07 3.796542e+07 3.831772e+07 3.875003e+07 3.920470e+07 3.963960e+07 4.003118e+07 4.120814e+07 4.140690e+07 4.098246e+07 3.999564e+07 3.845562e+07 3.655159e+07 3.284158e+07 3.012905e+07 2.822046e+07 2.675806e+07 2.555436e+07 2.452284e+07
3.727443e+07 3.727443e+07 3.727443e+07 3.727443e+07 3.727443e+07 3.727435e+07 3.727406e+07 3.727308e+07 3.727489e+07 3.728546e+07 3.737213e+07 3.759233e+07 3.794263e+07 3.837261e+07 3.882504e+07 3.925809e+07 3.964837e+07 4.082788e+07 4.104115e+07 4.063729e+07 3.967184e+07 3.815184e+07 3.626687e+07 3.259497e+07 2.992177e+07 2.804939e+07 2.661477e+07 2.542941e+07 2.440903e+07
3.691006e+07 3.691006e+07 3.691006e+07 3.691006e+07 3.691006e+07 3.690999e+07 3.690974e+07 3.690885e+07 3.691070e+07 3.692127e+07 3.700751e+07 3.722642e+07 3.757466e+07 3.800219e+07 3.845221e+07 3.888319e+07 3.927192e+07 4.045256e+07 4.067873e+07 4.029420e+07 3.934965e+07 3.784970e+07 3.598366e+07 3.234831e+07 2.971222e+07 2.787496e+07 2.646839e+07 2.530230e+07 2.429402e+07
3.655257e+07 3.655257e+07 3.655257e+07 3.655257e+07 3.655257e+07 3.655251e+07 3.655229e+07 3.655152e+07 3.655344e+07 3.656403e+07 3.664989e+07 3.686756e+07 3.721372e+07 3.763872e+07 3.808620e+07 3.851495e+07 3.890195e+07 4.008243e+07 4.031998e+07 3.995354e+07 3.902934e+07 3.754936e+07 3.570214e+07 3.210196e+07 2.950088e+07 2.769751e+07 2.631904e+07 2.517299e+07 2.417773e+07
3.620225e+07 3.620225e+07 3.620225e+07 3.620225e+07 3.620224e+07 3.620218e+07 3.620197e+07 3.620130e+07 3.620329e+07 3.621390e+07 3.629941e+07 3.651582e+07 3.685987e+07 3.728227e+07 3.772709e+07 3.815346e+07 3.853855e+07 3.971767e+07 3.996517e+07 3.961559e+07 3.871111e+07 3.725096e+07 3.542245e+07 3.185625e+07 2.928817e+07 2.751737e+07 2.616688e+07 2.504151e+07 2.406008e+07
3.585920e+07 3.585920e+07 3.585920e+07 3.585920e+07 3.585920e+07 3.585915e+07 3.585898e+07 3.585843e+07 3.586049e+07 3.587113e+07 3.595626e+07 3.617137e+07 3.651323e+07 3.693293e+07 3.737497e+07 3.779881e+07 3.818180e+07 3.935844e+07 3.961451e+07 3.928059e+07 3.839514e+07 3.695460e+07 3.514470e+07 3.161145e+07 2.907452e+07 2.733489e+07 2.601206e+07 2.490786e+07 2.394104e+07
3.552377e+07 3.552377e+07 3.552377e+07 3.552377e+07 3.552377e+07 3.552373e+07 3.552359e+07 3.552314e+07 3.552526e+07 3.553591e+07 3.562062e+07 3.583437e+07 3.617395e+07 3.659081e+07 3.702991e+07 3.745105e+07 3.783176e+07 3.900479e+07 3.926817e+07 3.894873e+07 3.808159e+07 3.666040e+07 3.486896e+07 3.136779e+07 2.886028e+07 2.715038e+07 2.585478e+07 2.477210e+07 2.382055e+07
3.519613e+07 3.519613e+07 3.519613e+07 3.519613e+07 3.519613e+07 3.519610e+07 3.519596e+07 3.519557e+07 3.519773e+07 3.520838e+07 3.529261e+07 3.550492e+07 3.584207e+07 3.625594e+07 3.669193e+07 3.711016e+07 3.748838e+07 3.865673e+07 3.892624e+07 3.862016e+07 3.777058e+07 3.636841e+07 3.459531e+07 3.112545e+07 2.864579e+07 2.696418e+07 2.569523e+07 2.463428e+07 2.369860e+07
3.487621e+07 3.487621e+07 3.487621e+07 3.487621e+07 3.487621e+07 3.487618e+07 3.487607e+07 3.487577e+07 3.487796e+07 3.488858e+07 3.497227e+07 3.518300e+07 3.551758e+07 3.592826e+07 3.636093e+07 3.677605e+07 3.715158e+07 3.831423e+07 3.858876e+07 3.829498e+07 3.746221e+07 3.607872e+07 3.432378e+07 3.088458e+07 2.843133e+07 2.677660e+07 2.553361e+07 2.449449e+07 2.357518e+07
3.456405e+07 3.456405e+07 3.456405e+07 3.456405e+07 3.456405e+07 3.456403e+07 3.456392e+07 3.456366e+07 3.456586e+07 3.457643e+07 3.465948e+07 3.486850e+07 3.520031e+07 3.560760e+07 3.603673e+07 3.644853e+07 3.682118e+07 3.797717e+07 3.825575e+07 3.797327e+07 3.715656e+07 3.579135e+07 3.405442e+07 3.064531e+07 2.821718e+07 2.658792e+07 2.537012e+07 2.435281e+07 2.345029e+07
3.425945e+07 3.425945e+07 3.425945e+07 3.425945e+07 3.425944e+07 3.425942e+07 3.425932e+07 3.425906e+07 3.426125e+07 3.427171e+07 3.435401e+07 3.456114e+07 3.488998e+07 3.529366e+07 3.571904e+07 3.612733e+07 3.649690e+07 3.764543e+07 3.792717e+07 3.765507e+07 3.685369e+07 3.550635e+07 3.378722e+07 3.040772e+07 2.800356e+07 2.639843e+07 2.520499e+07 2.420936e+07 2.332396e+07
3.396204e+07 3.396204e+07 3.396204e+07 3.396204e+07 3.396204e+07 3.396201e+07 3.396187e+07 3.396152e+07 3.396362e+07 3.397393e+07 3.405534e+07 3.426043e+07 3.458612e+07 3.498602e+07 3.540749e+07 3.581211e+07 3.617845e+07 3.731883e+07 3.760297e+07 3.734040e+07 3.655363e+07 3.522374e+07 3.352222e+07 3.017190e+07 2.779066e+07 2.620837e+07 2.503842e+07 2.406423e+07 2.319621e+07
3.367067e+07 3.367067e+07 3.367067e+07 3.367067e+07 3.367067e+07 3.367063e+07 3.367048e+07 3.367005e+07 3.367209e+07 3.368223e+07 3.376272e+07 3.396571e+07 3.428817e+07 3.468418e+07 3.510163e+07 3.550247e+07 3.586550e+07 3.699720e+07 3.728307e+07 3.702926e+07 3.625641e+07 3.494353e+07 3.325940e+07 2.993788e+07 2.757867e+07 2.601800e+07 2.487061e+07 2.391757e+07 2.306709e+07
3.338453e+07 3.338453e+07 3.338453e+07 3.338453e+07 3.338452e+07 3.338448e+07 3.338431e+07 3.338384e+07 3.338581e+07 3.339582e+07 3.347542e+07 3.367632e+07 3.399555e+07 3.438765e+07 3.480104e+07 3.519805e+07 3.555769e+07 3.668036e+07 3.696739e+07 3.672163e+07 3.596205e+07 3.466572e+07 3.299876e+07 2.970571e+07 2.736772e+07 2.582753e+07 2.470178e+07 2.376949e+07 2.293665e+07
3.310292e+07 3.310292e+07 3.310292e+07 3.310292e+07 3.310292e+07 3.310287e+07 3.310271e+07 3.310224e+07 3.310419e+07 3.311409e+07 3.319288e+07 3.339175e+07 3.370779e+07 3.409600e+07 3.450533e+07 3.489851e+07 3.525475e+07 3.636812e+07 3.665583e+07 3.641747e+07 3.567053e+07 3.439033e+07 3.274029e+07 2.947541e+07 2.715795e+07 2.563717e+07 2.453213e+07 2.362013e+07 2.280493e+07
3.282564e+07 3.282564e+07 3.282564e+07 3.282564e+07 3.282564e+07 3.282559e+07 3.282543e+07 3.282498e+07 3.282692e+07 3.283674e+07 3.291476e+07 3.311166e+07 3.342455e+07 3.380891e+07 3.421422e+07 3.460358e+07 3.495642e+07 3.606032e+07 3.634829e+07 3.611675e+07 3.538186e+07 3.411734e+07 3.248398e+07 2.924700e+07 2.694946e+07 2.544710e+07 2.436183e+07 2.346963e+07 2.267203e+07
3.255255e+07 3.255255e+07 3.255255e+07 3.255255e+07 3.255255e+07 3.255251e+07 3.255236e+07 3.255194e+07 3.255388e+07 3.256362e+07 3.264090e+07 3.283585e+07 3.314564e+07 3.352618e+07 3.392749e+07 3.431306e+07 3.466251e+07 3.575681e+07 3.604467e+07 3.581941e+07 3.509600e+07 3.384673e+07 3.222981e+07 2.902047e+07 2.674234e+07 2.525749e+07 2.419109e+07 2.331812e+07 2.253800e+07
3.228367e+07 3.228367e+07 3.228367e+07 3.228367e+07 3.228367e+07 3.228363e+07 3.228348e+07 3.228307e+07 3.228500e+07 3.229465e+07 3.237118e+07 3.256420e+07 3.287089e+07 3.324766e+07 3.364500e+07 3.402678e+07 3.437286e+07 3.545745e+07 3.574486e+07 3.552540e+07 3.481294e+07 3.357850e+07 3.197776e+07 2.879584e+07 2.653665e+07 2.506848e+07 2.402006e+07 2.316575e+07 2.240293e+07
3.201884e+07 3.201884e+07 3.201884e+07 3.201883e+07 3.201883e+07 3.201879e+07 3.201865e+07 3.201824e+07 3.202016e+07 3.202971e+07 3.210549e+07 3.229658e+07 3.260021e+07 3.297321e+07 3.336660e+07 3.374462e+07 3.408733e+07 3.516211e+07 3.544878e+07 3.523465e+07 3.453265e+07 3.331262e+07 3.172781e+07 2.857308e+07 2.633246e+07 2.488021e+07 2.384892e+07 2.301266e+07 2.226692e+07
3.175786e+07 3.175786e+07 3.175786e+07 3.175786e+07 3.175786e+07 3.175782e+07 3.175766e+07 3.175726e+07 3.175917e+07 3.176864e+07 3.184368e+07 3.203287e+07 3.233346e+07 3.270272e+07 3.309219e+07 3.346647e+07 3.380581e+07 3.487068e+07 3.515631e+07 3.494710e+07 3.425509e+07 3.304908e+07 3.147994e+07 2.835218e+07 2.612981e+07 2.469279e+07 2.367781e+07 2.285898e+07 2.213003e+07
3.150051e+07 3.150051e+07 3.150051e+07 3.150051e+07 3.150051e+07 3.150048e+07 3.150035e+07 3.150002e+07 3.150194e+07 3.151134e+07 3.158567e+07 3.177298e+07 3.207055e+07 3.243610e+07 3.282166e+07 3.319219e+07 3.352817e+07 3.458302e+07 3.486735e+07 3.466269e+07 3.398023e+07 3.278786e+07 3.123413e+07 2.813314e+07 2.592874e+07 2.450634e+07 2.350689e+07 2.270485e+07 2.199238e+07
3.124713e+07 3.124713e+07 3.124713e+07 3.124713e+07 3.124713e+07 3.124710e+07 3.124697e+07 3.124664e+07 3.124854e+07 3.125786e+07 3.133144e+07 3.151686e+07 3.181140e+07 3.217324e+07 3.255489e+07 3.292169e+07 3.325429e+07 3.429902e+07 3.458181e+07 3.438134e+07 3.370803e+07 3.252892e+07 3.099036e+07 2.791592e+07 2.572927e+07 2.432094e+07 2.333628e+07 2.255040e+07 2.185405e+07
3.099752e+07 3.099752e+07 3.099752e+07 3.099752e+07 3.099752e+07 3.099748e+07 3.099734e+07 3.099698e+07 3.099885e+07 3.100805e+07 3.108086e+07 3.126435e+07 3.155586e+07 3.191399e+07 3.229174e+07 3.265481e+07 3.298404e+07 3.401855e+07 3.429958e+07 3.410298e+07 3.343844e+07 3.227224e+07 3.074860e+07 2.770052e+07 2.553142e+07 2.413667e+07 2.316610e+07 2.239575e+07 2.171515e+07
3.075127e+07 3.075127e+07 3.075127e+07 3.075127e+07 3.075127e+07 3.075123e+07 3.075109e+07 3.075071e+07 3.075255e+07 3.076165e+07 3.083368e+07 3.101527e+07 3.130377e+07 3.165820e+07 3.203207e+07 3.239141e+07 3.271728e+07 3.374147e+07 3.402056e+07 3.382755e+07 3.317143e+07 3.201780e+07 3.050883e+07 2.748692e+07 2.533520e+07 2.395360e+07 2.299647e+07 2.224102e+07 2.157576e+07
3.050810e+07 3.050810e+07 3.050810e+07 3.050810e+07 3.050810e+07 3.050806e+07 3.050793e+07 3.050758e+07 3.050940e+07 3.051841e+07 3.058971e+07 3.076942e+07 3.105493e+07 3.140571e+07 3.177571e+07 3.213133e+07 3.245384e+07 3.346768e+07 3.374465e+07 3.355498e+07 3.290696e+07 3.176558e+07 3.027103e+07 2.727508e+07 2.514062e+07 2.377179e+07 2.282750e+07 2.208633e+07 2.143599e+07
3.026803e+07 3.026803e+07 3.026803e+07 3.026803e+07 3.026803e+07 3.026799e+07 3.026785e+07 3.026750e+07 3.026930e+07 3.027823e+07 3.034880e+07 3.052666e+07 3.080922e+07 3.115635e+07 3.152251e+07 3.187444e+07 3.219360e+07 3.319704e+07 3.347176e+07 3.328520e+07 3.264497e+07 3.151554e+07 3.003519e+07 2.706500e+07 2.494768e+07 2.359128e+07 2.265927e+07 2.193179e+07 2.129592e+07
3.003086e+07 3.003086e+07 3.003086e+07 3.003086e+07 3.003086e+07 3.003082e+07 3.003070e+07 3.003037e+07 3.003217e+07 3.004102e+07 3.011088e+07 3.028690e+07 3.056652e+07 3.091002e+07 3.127235e+07 3.162059e+07 3.193641e+07 3.292943e+07 3.320179e+07 3.301814e+07 3.238544e+07 3.126767e+07 2.980127e+07 2.685665e+07 2.475638e+07 2.341213e+07 2.249187e+07 2.177750e+07 2.115567e+07
2.979669e+07 2.979669e+07 2.979669e+07 2.979669e+07 2.979669e+07 2.979665e+07 2.979653e+07 2.979620e+07 2.979799e+07 2.980674e+07 2.987588e+07 3.005005e+07 3.032672e+07 3.066660e+07 3.102510e+07 3.136966e+07 3.168214e+07 3.266474e+07 3.293467e+07 3.275375e+07 3.212832e+07 3.102194e+07 2.956928e+07 2.665002e+07 2.456672e+07 2.323436e+07 2.232538e+07 2.162356e+07 2.101531e+07
2.956538e+07 2.956538e+07 2.956538e+07 2.956538e+07 2.956538e+07 2.956534e+07 2.956521e+07 2.956489e+07 2.956666e+07 2.957532e+07 2.964372e+07 2.981603e+07 3.008974e+07 3.042599e+07 3.078065e+07 3.112154e+07 3.143068e+07 3.240288e+07 3.267030e+07 3.249197e+07 3.187358e+07 3.077832e+07 2.933918e+07 2.644508e+07 2.437869e+07 2.305800e+07 2.215986e+07 2.147007e+07 2.087493e+07
2.933682e+07 2.933682e+07 2.933682e+07 2.933682e+07 2.933682e+07 2.933678e+07 2.933665e+07 2.933632e+07 2.933807e+07 2.934663e+07 2.941427e+07 2.958470e+07 2.985544e+07 3.018805e+07 3.053889e+07 3.087610e+07 3.118192e+07 3.214374e+07 3.240862e+07 3.223274e+07 3.162118e+07 3.053680e+07 2.911097e+07 2.624182e+07 2.419228e+07 2.288308e+07 2.199537e+07 2.131710e+07 2.073463e+07
2.911084e+07 2.911084e+07 2.911084e+07 2.911084e+07 2.911084e+07 2.911080e+07 2.911067e+07 2.911034e+07 2.911205e+07 2.912051e+07 2.918739e+07 2.935593e+07 2.962371e+07 2.995268e+07 3.029970e+07 3.063324e+07 3.093575e+07 3.188726e+07 3.214958e+07 3.197602e+07 3.137109e+07 3.029736e+07 2.888462e+07 2.604022e+07 2.400748e+07 2.270961e+07 2.183198e+07 2.116474e+07 2.059448e+07
2.888727e+07 2.888727e+07 2.888727e+07 2.888727e+07 2.888727e+07 2.888723e+07 2.888709e+07 2.888675e+07 2.888843e+07 2.889679e+07 2.896290e+07 2.912957e+07 2.939438e+07 2.971973e+07 3.006295e+07 3.039286e+07 3.069208e+07 3.163336e+07 3.189310e+07 3.172177e+07 3.112329e+07 3.005998e+07 2.866014e+07 2.584028e+07 2.382428e+07 2.253761e+07 2.166973e+07 2.101306e+07 2.045457e+07
2.866592e+07 2.866592e+07 2.866592e+07 2.866592e+07 2.866592e+07 2.866588e+07 2.866574e+07 2.866538e+07 2.866703e+07 2.867528e+07 2.874063e+07 2.890543e+07 2.916731e+07 2.948908e+07 2.982854e+07 3.015485e+07 3.045082e+07 3.138198e+07 3.163915e+07 3.146995e+07 3.087774e+07 2.982464e+07 2.843750e+07 2.564197e+07 2.364268e+07 2.236709e+07 2.150865e+07 2.086213e+07 2.031498e+07
2.844659e+07 2.844659e+07 2.844659e+07 2.844659e+07 2.844659e+07 2.844655e+07 2.844641e+07 2.844603e+07 2.844765e+07 2.845579e+07 2.852039e+07 2.868336e+07 2.894236e+07 2.926061e+07 2.959638e+07 2.991914e+07 3.021191e+07 3.113309e+07 3.138768e+07 3.122053e+07 3.063443e+07 2.959134e+07 2.821670e+07 2.544529e+07 2.346265e+07 2.219805e+07 2.134879e+07 2.071201e+07 2.017576e+07
2.822906e+07 2.822906e+07 2.822906e+07 2.822906e+07 2.822906e+07 2.822901e+07 2.822887e+07 2.822848e+07 2.823008e+07 2.823813e+07 2.830204e+07 2.846324e+07 2.871943e+07 2.903424e+07 2.936638e+07 2.968567e+07 2.997529e+07 3.088664e+07 3.113867e+07 3.097347e+07 3.039333e+07 2.936005e+07 2.799773e+07 2.525022e+07 2.328420e+07 2.203050e+07 2.119018e+07 2.056276e+07 2.003701e+07
2.801316e+07 2.801316e+07 2.801316e+07 2.801316e+07 2.801316e+07 2.801313e+07 2.801300e+07 2.801267e+07 2.801428e+07 2.802227e+07 2.808553e+07 2.824503e+07 2.849849e+07 2.880994e+07 2.913853e+07 2.945441e+07 2.974093e+07 3.064261e+07 3.089208e+07 3.072876e+07 3.015443e+07 2.913077e+07 2.778059e+07 2.505677e+07 2.310731e+07 2.186444e+07 2.103284e+07 2.041443e+07 1.989877e+07
