9.462789e+05 4.880254e+05 4.033022e+05 3.407055e+05 3.443253e+05 3.668299e+05 3.505799e+05 3.151564e+05 3.036024e+05 2.956197e+05 2.876976e+05 2.872095e+05 2.915604e+05 2.991289e+05 3.087591e+05 3.193435e+05 3.294829e+05 3.087552e+05 1.887337e+05 1.178939e+05 8.666435e+04 7.193666e+04 6.438852e+04 5.808532e+04 5.633664e+04 5.631658e+04 5.724473e+04 5.899362e+04 6.166869e+04
3.749585e+05 3.749629e+05 3.749736e+05 3.749833e+05 3.738087e+05 3.628738e+05 3.435436e+05 3.105532e+05 3.000678e+05 2.929499e+05 2.862865e+05 2.866347e+05 2.915590e+05 2.995293e+05 3.094405e+05 3.202115e+05 3.304549e+05 3.092762e+05 1.886697e+05 1.177446e+05 8.654742e+04 7.185765e+04 6.433796e+04 5.806805e+04 5.633501e+04 5.632269e+04 5.725549e+04 5.900834e+04 6.168794e+04
3.615292e+05 3.615296e+05 3.615304e+05 3.615053e+05 3.612460e+05 3.525789e+05 3.322502e+05 3.043947e+05 2.956667e+05 2.897878e+05 2.847331e+05 2.860558e+05 2.916127e+05 3.000100e+05 3.102110e+05 3.211685e+05 3.315107e+05 3.098245e+05 1.886046e+05 1.175920e+05 8.642836e+04 7.177751e+04 6.428684e+04 5.805070e+04 5.633344e+04 5.632890e+04 5.726634e+04 5.902317e+04 6.170733e+04
3.385769e+05 3.385770e+05 3.385772e+05 3.385655e+05 3.384701e+05 3.314504e+05 3.222636e+05 2.971841e+05 2.905806e+05 2.862286e+05 2.830811e+05 2.854985e+05 2.917379e+05 3.005819e+05 3.110781e+05 3.222201e+05 3.326542e+05 3.104006e+05 1.885383e+05 1.174359e+05 8.630718e+04 7.169625e+04 6.423516e+04 5.803328e+04 5.633192e+04 5.633520e+04 5.727731e+04 5.903813e+04 6.172686e+04
3.179506e+05 3.179507e+05 3.179507e+05 3.179450e+05 3.179016e+05 3.137405e+05 3.082642e+05 2.907900e+05 2.853783e+05 2.825044e+05 2.813986e+05 2.849936e+05 2.919519e+05 3.012559e+05 3.120493e+05 3.233713e+05 3.338892e+05 3.110049e+05 1.884708e+05 1.172765e+05 8.618389e+04 7.161386e+04 6.418294e+04 5.801579e+04 5.633047e+04 5.634159e+04 5.728838e+04 5.905321e+04 6.174654e+04
3.006138e+05 3.006139e+05 3.006139e+05 3.006116e+05 3.005918e+05 2.988013e+05 2.946693e+05 2.861539e+05 2.812881e+05 2.790784e+05 2.797966e+05 2.845818e+05 2.922743e+05 3.020431e+05 3.131313e+05 3.246267e+05 3.352185e+05 3.116377e+05 1.884021e+05 1.171136e+05 8.605849e+04 7.153036e+04 6.413017e+04 5.799823e+04 5.632909e+04 5.634809e+04 5.729956e+04 5.906841e+04 6.176636e+04
2.878315e+05 2.878316e+05 2.878318e+05 2.878361e+05 2.878421e+05 2.872290e+05 2.841919e+05 2.817445e+05 2.786376e+05 2.767680e+05 2.784515e+05 2.843207e+05 2.927289e+05 3.029553e+05 3.143309e+05 3.259903e+05 3.366450e+05 3.122991e+05 1.883321e+05 1.169473e+05 8.593099e+04 7.144576e+04 6.407688e+04 5.798062e+04 5.632777e+04 5.635468e+04 5.731085e+04 5.908373e+04 6.178633e+04
2.789800e+05 2.789801e+05 2.789803e+05 2.789856e+05 2.789970e+05 2.787368e+05 2.766333e+05 2.772580e+05 2.765058e+05 2.756386e+05 2.776356e+05 2.842926e+05 2.933477e+05 3.040071e+05 3.156555e+05 3.274664e+05 3.381709e+05 3.129892e+05 1.882607e+05 1.167776e+05 8.580141e+04 7.136008e+04 6.402306e+04 5.796295e+04 5.632653e+04 5.636137e+04 5.732224e+04 5.909917e+04 6.180644e+04
2.723447e+05 2.723448e+05 2.723450e+05 2.723510e+05 2.723653e+05 2.723884e+05 2.712370e+05 2.731689e+05 2.745369e+05 2.750958e+05 2.777519e+05 2.846143e+05 2.941738e+05 3.052168e+05 3.171137e+05 3.290592e+05 3.397986e+05 3.137077e+05 1.881879e+05 1.166045e+05 8.566973e+04 7.127332e+04 6.396873e+04 5.794523e+04 5.632535e+04 5.636816e+04 5.733374e+04 5.911474e+04 6.182670e+04
2.675703e+05 2.675703e+05 2.675706e+05 2.675765e+05 2.675920e+05 2.678106e+05 2.675342e+05 2.700092e+05 2.728059e+05 2.748402e+05 2.786933e+05 2.854585e+05 2.952663e+05 3.066091e+05 3.187169e+05 3.307743e+05 3.415307e+05 3.144544e+05 1.881133e+05 1.164278e+05 8.553599e+04 7.118549e+04 6.391390e+04 5.792746e+04 5.632425e+04 5.637505e+04 5.734536e+04 5.913042e+04 6.184711e+04
2.643307e+05 2.643308e+05 2.643312e+05 2.643420e+05 2.643734e+05 2.649070e+05 2.653347e+05 2.680540e+05 2.715666e+05 2.748052e+05 2.801667e+05 2.870422e+05 2.967062e+05 3.082169e+05 3.204797e+05 3.326183e+05 3.433703e+05 3.152289e+05 1.880370e+05 1.162477e+05 8.540018e+04 7.109661e+04 6.385858e+04 5.790965e+04 5.632322e+04 5.638204e+04 5.735708e+04 5.914624e+04 6.186766e+04
2.696026e+05 2.696027e+05 2.696029e+05 2.696085e+05 2.696254e+05 2.700816e+05 2.711916e+05 2.742669e+05 2.770793e+05 2.811971e+05 2.913426e+05 3.012727e+05 3.109663e+05 3.213742e+05 3.326680e+05 3.442202e+05 3.543930e+05 3.195047e+05 1.876226e+05 1.152941e+05 8.469051e+04 7.063684e+04 6.357490e+04 5.782015e+04 5.631929e+04 5.641853e+04 5.741734e+04 5.922715e+04 6.197267e+04
2.911393e+05 2.911393e+05 2.911395e+05 2.911439e+05 2.911570e+05 2.915358e+05 2.925656e+05 2.957415e+05 2.978322e+05 3.006349e+05 3.090290e+05 3.198745e+05 3.310740e+05 3.418458e+05 3.522006e+05 3.618676e+05 3.698309e+05 3.244355e+05 1.871351e+05 1.142502e+05 8.393098e+04 7.015278e+04 6.328046e+04 5.773031e+04 5.631750e+04 5.645763e+04 5.748037e+04 5.931119e+04 6.208144e+04
3.197636e+05 3.197636e+05 3.197637e+05 3.197671e+05 3.197774e+05 3.200798e+05 3.209343e+05 3.237941e+05 3.256195e+05 3.277654e+05 3.337927e+05 3.426727e+05 3.534573e+05 3.646160e+05 3.750244e+05 3.838528e+05 3.900365e+05 3.301324e+05 1.865560e+05 1.131148e+05 8.312396e+04 6.964657e+04 6.297673e+04 5.764073e+04 5.631807e+04 5.649939e+04 5.754619e+04 5.939839e+04 6.219405e+04
3.512936e+05 3.512936e+05 3.512937e+05 3.512964e+05 3.513047e+05 3.515512e+05 3.522607e+05 3.547409e+05 3.563742e+05 3.582260e+05 3.629037e+05 3.696541e+05 3.786026e+05 3.887752e+05 3.987228e+05 4.069471e+05 4.118825e+05 3.370747e+05 1.858915e+05 1.118917e+05 8.227342e+04 6.912098e+04 6.266546e+04 5.755203e+04 5.632118e+04 5.654385e+04 5.761479e+04 5.948876e+04 6.231054e+04
3.838856e+05 3.838856e+05 3.838857e+05 3.838879e+05 3.838948e+05 3.841006e+05 3.847017e+05 3.868733e+05 3.883560e+05 3.900520e+05 3.941084e+05 3.994526e+05 4.064504e+05 4.147180e+05 4.231136e+05 4.300092e+05 4.334770e+05 3.448218e+05 1.851992e+05 1.105932e+05 8.138599e+04 6.857977e+04 6.234876e+04 5.746485e+04 5.632700e+04 5.659103e+04 5.768618e+04 5.958231e+04 6.243096e+04
4.167861e+05 4.167861e+05 4.167861e+05 4.167881e+05 4.167942e+05 4.169774e+05 4.175228e+05 4.195561e+05 4.209728e+05 4.226059e+05 4.263987e+05 4.308803e+05 4.361929e+05 4.422125e+05 4.482095e+05 4.527981e+05 4.540409e+05 3.520290e+05 1.846180e+05 1.092449e+05 8.047203e+04 6.802801e+04 6.202928e+04 5.737995e+04 5.633569e+04 5.664093e+04 5.776033e+04 5.967906e+04 6.255538e+04
4.504078e+05 4.504078e+05 4.504079e+05 4.504097e+05 4.504154e+05 4.505894e+05 4.511130e+05 4.530716e+05 4.544403e+05 4.560124e+05 4.595228e+05 4.631627e+05 4.667628e+05 4.702627e+05 4.732688e+05 4.747490e+05 4.729757e+05 3.576384e+05 1.839475e+05 1.078942e+05 7.954681e+04 6.747253e+04 6.171034e+04 5.729817e+04 5.634744e+04 5.669354e+04 5.783720e+04 5.977900e+04 6.268382e+04
4.852262e+05 4.852262e+05 4.852263e+05 4.852280e+05 4.852334e+05 4.853977e+05 4.858883e+05 4.877208e+05 4.889856e+05 4.903815e+05 4.931482e+05 4.953156e+05 4.966166e+05 4.970949e+05 4.966264e+05 4.944915e+05 4.892122e+05 3.609099e+05 1.828800e+05 1.066050e+05 7.863195e+04 6.692226e+04 6.139615e+04 5.722053e+04 5.636244e+04 5.674885e+04 5.791676e+04 5.988212e+04 6.281635e+04
5.211113e+05 5.211114e+05 5.211114e+05 5.211130e+05 5.211179e+05 5.212702e+05 5.217317e+05 5.233754e+05 5.243002e+05 5.250797e+05 5.257825e+05 5.250715e+05 5.230234e+05 5.198900e+05 5.157010e+05 5.098912e+05 5.011311e+05 3.614157e+05 1.812094e+05 1.053128e+05 7.776038e+04 6.638868e+04 6.109192e+04 5.714827e+04 5.638095e+04 5.680686e+04 5.799898e+04 5.998844e+04 6.295300e+04
5.581940e+05 5.581940e+05 5.581940e+05 5.581957e+05 5.582007e+05 5.583548e+05 5.587258e+05 5.586379e+05 5.577955e+05 5.564476e+05 5.525413e+05 5.474264e+05 5.414383e+05 5.347725e+05 5.273391e+05 5.185073e+05 5.069563e+05 3.589976e+05 1.788269e+05 1.039517e+05 7.696149e+04 6.588673e+04 6.080411e+04 5.708289e+04 5.640328e+04 5.686758e+04 5.808382e+04 6.009793e+04 6.309384e+04
5.908638e+05 5.908637e+05 5.908632e+05 5.908466e+05 5.907947e+05 5.893217e+05 5.862065e+05 5.788692e+05 5.750120e+05 5.710955e+05 5.631315e+05 5.550021e+05 5.466855e+05 5.381042e+05 5.289674e+05 5.185356e+05 5.054719e+05 3.537363e+05 1.757209e+05 1.024837e+05 7.620569e+04 6.543852e+04 6.054065e+04 5.702624e+04 5.642985e+04 5.693107e+04 5.817126e+04 6.021062e+04 6.323891e+04
5.643853e+05 5.643853e+05 5.643852e+05 5.643845e+05 5.643822e+05 5.643104e+05 5.640195e+05 5.619117e+05 5.599603e+05 5.575208e+05 5.515803e+05 5.446923e+05 5.371690e+05 5.290855e+05 5.202080e+05 5.098327e+05 4.966846e+05 3.459302e+05 1.719604e+05 1.008936e+05 7.547038e+04 6.505524e+04 6.031177e+04 5.698054e+04 5.646119e+04 5.699739e+04 5.826130e+04 6.032652e+04 6.338829e+04
5.321836e+05 5.321836e+05 5.321836e+05 5.321834e+05 5.321827e+05 5.321460e+05 5.319895e+05 5.312277e+05 5.305108e+05 5.294908e+05 5.264668e+05 5.222128e+05 5.169151e+05 5.106651e+05 5.032708e+05 4.940807e+05 4.818946e+05 3.360515e+05 1.676692e+05 9.918668e+04 7.474141e+04 6.471886e+04 6.013268e+04 5.694848e+04 5.649797e+04 5.706671e+04 5.835396e+04 6.044565e+04 6.354203e+04
5.009512e+05 5.009512e+05 5.009512e+05 5.009506e+05 5.009489e+05 5.008940e+05 5.007513e+05 5.002376e+05 4.998240e+05 4.992665e+05 4.976011e+05 4.950749e+05 4.916295e+05 4.871955e+05 4.814963e+05 4.738533e+05 4.630892e+05 3.246680e+05 1.629970e+05 9.738425e+04 7.401096e+04 6.441698e+04 6.000529e+04 5.693331e+04 5.654104e+04 5.713922e+04 5.844929e+04 6.056806e+04 6.370024e+04
4.714135e+05 4.714135e+05 4.714135e+05 4.714131e+05 4.714119e+05 4.713715e+05 4.712608e+05 4.708570e+05 4.705513e+05 4.701630e+05 4.690734e+05 4.674485e+05 4.651605e+05 4.620427e+05 4.577364e+05 4.515152e+05 4.421957e+05 3.123527e+05 1.580965e+05 9.551817e+04 7.327679e+04 6.414052e+04 5.991711e+04 5.693913e+04 5.659145e+04 5.721522e+04 5.854739e+04 6.069383e+04 6.386301e+04
4.436247e+05 4.436247e+05 4.436247e+05 4.436246e+05 4.436243e+05 4.436125e+05 4.435693e+05 4.433443e+05 4.431432e+05 4.428745e+05 4.421068e+05 4.409698e+05 4.393628e+05 4.371049e+05 4.338075e+05 4.287228e+05 4.206691e+05 2.996116e+05 1.531063e+05 9.362484e+04 7.254131e+04 6.388274e+04 5.985960e+04 5.697157e+04 5.665049e+04 5.729510e+04 5.864841e+04 6.082306e+04 6.403046e+04
4.183952e+05 4.183952e+05 4.183952e+05 4.183950e+05 4.183943e+05 4.183746e+05 4.183161e+05 4.180838e+05 4.179033e+05 4.176743e+05 4.170539e+05 4.161788e+05 4.149731e+05 4.132667e+05 4.106734e+05 4.064525e+05 3.994427e+05 2.868467e+05 1.481424e+05 9.174024e+04 7.181037e+04 6.363903e+04 5.982582e+04 5.703810e+04 5.671975e+04 5.737936e+04 5.875254e+04 6.095588e+04 6.420274e+04
3.950031e+05 3.950031e+05 3.950031e+05 3.950030e+05 3.950026e+05 3.949888e+05 3.949391e+05 3.947230e+05 3.945588e+05 3.943575e+05 3.938368e+05 3.931355e+05 3.921956e+05 3.908642e+05 3.887739e+05 3.852095e+05 3.790478e+05 2.743503e+05 1.432948e+05 8.989654e+04 7.109190e+04 6.340672e+04 5.980999e+04 5.713375e+04 5.680122e+04 5.746865e+04 5.886006e+04 6.109247e+04 6.438002e+04
3.731276e+05 3.731276e+05 3.731276e+05 3.731275e+05 3.731273e+05 3.731207e+05 3.730938e+05 3.729579e+05 3.728446e+05 3.726993e+05 3.723078e+05 3.717686e+05 3.710404e+05 3.699906e+05 3.682782e+05 3.652249e+05 3.597570e+05 2.623191e+05 1.386289e+05 8.812014e+04 7.039461e+04 6.318475e+04 5.980734e+04 5.725190e+04 5.689754e+04 5.756376e+04 5.897131e+04 6.123304e+04 6.456250e+04
3.530253e+05 3.530253e+05 3.530253e+05 3.530252e+05 3.530250e+05 3.530191e+05 3.529986e+05 3.529058e+05 3.528284e+05 3.527271e+05 3.524443e+05 3.520413e+05 3.514834e+05 3.506527e+05 3.492331e+05 3.465858e+05 3.416913e+05 2.508746e+05 1.341885e+05 8.643100e+04 6.972692e+04 6.297340e+04 5.981412e+04 5.738752e+04 5.701288e+04 5.766565e+04 5.908673e+04 6.137788e+04 6.475042e+04
3.346497e+05 3.346497e+05 3.346497e+05 3.346497e+05 3.346496e+05 3.346455e+05 3.346307e+05 3.345601e+05 3.345016e+05 3.344255e+05 3.342136e+05 3.339087e+05 3.334785e+05 3.328147e+05 3.316226e+05 3.293008e+05 3.248841e+05 2.400827e+05 1.300000e+05 8.484289e+04 6.909618e+04 6.277379e+04 5.982756e+04 5.753623e+04 5.714961e+04 5.777556e+04 5.920684e+04 6.152730e+04 6.494404e+04
3.178434e+05 3.178434e+05 3.178434e+05 3.178434e+05 3.178434e+05 3.178406e+05 3.178305e+05 3.177803e+05 3.177367e+05 3.176790e+05 3.175163e+05 3.172806e+05 3.169437e+05 3.164055e+05 3.153902e+05 3.133313e+05 3.093155e+05 2.299707e+05 1.260763e+05 8.336406e+04 6.850820e+04 6.258757e+04 5.984570e+04 5.769405e+04 5.730276e+04 5.789504e+04 5.933229e+04 6.168169e+04 6.514367e+04
3.024997e+05 3.024997e+05 3.024997e+05 3.024997e+05 3.024996e+05 3.024966e+05 3.024863e+05 3.024407e+05 3.024038e+05 3.023563e+05 3.022259e+05 3.020397e+05 3.017720e+05 3.013298e+05 3.004537e+05 2.986095e+05 2.949334e+05 2.205389e+05 1.224202e+05 8.199817e+04 6.796708e+04 6.241649e+04 5.986735e+04 5.785744e+04 5.746855e+04 5.802624e+04 5.946386e+04 6.184153e+04 6.534968e+04
2.884151e+05 2.884151e+05 2.884151e+05 2.884151e+05 2.884150e+05 2.884131e+05 2.884061e+05 2.883725e+05 2.883443e+05 2.883078e+05 2.882067e+05 2.880616e+05 2.878494e+05 2.874832e+05 2.867194e+05 2.850535e+05 2.816682e+05 2.117702e+05 1.190276e+05 8.074525e+04 6.747519e+04 6.226217e+04 5.989188e+04 5.802326e+04 5.764386e+04 5.817258e+04 5.960247e+04 6.200734e+04 6.556248e+04
2.754876e+05 2.754876e+05 2.754876e+05 2.754876e+05 2.754876e+05 2.754866e+05 2.754828e+05 2.754622e+05 2.754435e+05 2.754183e+05 2.753451e+05 2.752357e+05 2.750693e+05 2.747648e+05 2.740928e+05 2.725768e+05 2.694430e+05 2.036362e+05 1.158892e+05 7.960256e+04 6.703329e+04 6.212588e+04 5.991907e+04 5.818882e+04 5.782590e+04 5.833328e+04 5.974926e+04 6.217976e+04 6.578251e+04
2.636447e+05 2.636447e+05 2.636447e+05 2.636447e+05 2.636447e+05 2.636444e+05 2.636425e+05 2.636297e+05 2.636175e+05 2.636003e+05 2.635482e+05 2.634666e+05 2.633361e+05 2.630805e+05 2.624834e+05 2.610940e+05 2.581791e+05 1.961021e+05 1.129927e+05 7.856537e+04 6.664081e+04 6.200839e+04 5.994895e+04 5.835184e+04 5.801217e+04 5.850509e+04 5.990571e+04 6.235951e+04 6.601031e+04
2.527941e+05 2.527941e+05 2.527941e+05 2.527941e+05 2.527941e+05 2.527941e+05 2.527933e+05 2.527858e+05 2.527775e+05 2.527654e+05 2.527269e+05 2.526642e+05 2.525594e+05 2.523411e+05 2.518045e+05 2.505223e+05 2.477990e+05 1.891295e+05 1.103236e+05 7.762757e+04 6.629603e+04 6.191000e+04 5.998168e+04 5.851051e+04 5.820037e+04 5.868576e+04 6.007391e+04 6.254743e+04 6.624645e+04
2.428441e+05 2.428441e+05 2.428441e+05 2.428441e+05 2.428441e+05 2.428442e+05 2.428439e+05 2.428381e+05 2.428312e+05 2.428210e+05 2.427889e+05 2.427373e+05 2.426501e+05 2.424597e+05 2.419721e+05 2.407816e+05 2.382274e+05 1.826789e+05 1.078667e+05 7.678217e+04 6.599636e+04 6.183044e+04 6.001741e+04 5.866339e+04 5.838845e+04 5.887340e+04 6.025624e+04 6.274451e+04 6.649159e+04
2.336984e+05 2.336984e+05 2.336984e+05 2.336984e+05 2.336984e+05 2.336980e+05 2.336962e+05 2.336871e+05 2.336793e+05 2.336689e+05 2.336395e+05 2.335953e+05 2.335211e+05 2.333531e+05 2.329067e+05 2.317961e+05 2.293926e+05 1.767107e+05 1.056061e+05 7.602168e+04 6.573854e+04 6.176900e+04 6.005625e+04 5.880944e+04 5.857461e+04 5.906634e+04 6.045080e+04 6.295194e+04 6.674647e+04
2.252361e+05 2.252361e+05 2.252361e+05 2.252361e+05 2.252361e+05 2.252358e+05 2.252345e+05 2.252275e+05 2.252213e+05 2.252132e+05 2.251899e+05 2.251547e+05 2.250935e+05 2.249457e+05 2.245357e+05 2.234963e+05 2.212288e+05 1.711869e+05 1.035261e+05 7.533841e+04 6.551889e+04 6.172454e+04 6.009816e+04 5.894795e+04 5.875731e+04 5.926308e+04 6.065577e+04 6.317121e+04 6.701190e+04
2.173932e+05 2.173932e+05 2.173932e+05 2.173932e+05 2.173932e+05 2.173935e+05 2.173940e+05 2.173932e+05 2.173909e+05 2.173871e+05 2.173736e+05 2.173496e+05 2.173020e+05 2.171732e+05 2.167960e+05 2.158207e+05 2.136765e+05 1.660711e+05 1.016115e+05 7.472471e+04 6.533345e+04 6.169558e+04 6.014299e+04 5.907850e+04 5.893526e+04 5.946228e+04 6.086983e+04 6.340459e+04 6.728883e+04
2.101451e+05 2.101451e+05 2.101451e+05 2.101451e+05 2.101451e+05 2.101457e+05 2.101469e+05 2.101495e+05 2.101500e+05 2.101495e+05 2.101442e+05 2.101301e+05 2.100942e+05 2.099817e+05 2.096331e+05 2.087149e+05 2.066824e+05 1.613291e+05 9.984750e+04 7.417310e+04 6.517813e+04 6.168039e+04 6.019042e+04 5.920093e+04 5.910744e+04 5.966275e+04 6.109194e+04 6.365299e+04 6.757833e+04
2.034508e+05 2.034508e+05 2.034508e+05 2.034508e+05 2.034508e+05 2.034515e+05 2.034530e+05 2.034572e+05 2.034591e+05 2.034604e+05 2.034598e+05 2.034517e+05 2.034236e+05 2.033231e+05 2.029981e+05 2.021298e+05 2.001982e+05 1.569291e+05 9.822025e+04 7.367637e+04 6.504885e+04 6.167707e+04 6.024000e+04 5.931525e+04 5.927310e+04 5.986347e+04 6.132114e+04 6.391481e+04 6.788166e+04
1.972639e+05 1.972639e+05 1.972639e+05 1.972639e+05 1.972639e+05 1.972645e+05 1.972661e+05 1.972707e+05 1.972730e+05 1.972748e+05 1.972753e+05 1.972689e+05 1.972440e+05 1.971509e+05 1.968441e+05 1.960191e+05 1.941784e+05 1.528412e+05 9.671661e+04 7.322770e+04 6.494157e+04 6.168361e+04 6.029117e+04 5.942164e+04 5.943173e+04 6.006358e+04 6.155666e+04 6.418908e+04 6.820045e+04
1.915374e+05 1.915374e+05 1.915374e+05 1.915374e+05 1.915375e+05 1.915381e+05 1.915398e+05 1.915436e+05 1.915447e+05 1.915449e+05 1.915420e+05 1.915329e+05 1.915074e+05 1.914179e+05 1.911254e+05 1.903382e+05 1.885799e+05 1.490377e+05 9.532433e+04 7.282070e+04 6.485246e+04 6.169798e+04 6.034327e+04 5.952039e+04 5.958304e+04 6.026238e+04 6.179780e+04 6.447511e+04 6.853690e+04
1.862265e+05 1.862265e+05 1.862265e+05 1.862265e+05 1.862265e+05 1.862260e+05 1.862247e+05 1.862202e+05 1.862173e+05 1.862138e+05 1.862048e+05 1.861917e+05 1.861644e+05 1.860775e+05 1.857976e+05 1.850448e+05 1.833626e+05 1.454930e+05 9.403200e+04 7.244941e+04 6.477788e+04 6.171817e+04 6.039559e+04 5.961189e+04 5.972698e+04 6.045935e+04 6.204396e+04 6.477237e+04 6.889078e+04
1.812280e+05 1.812280e+05 1.812280e+05 1.812280e+05 1.812280e+05 1.812281e+05 1.812278e+05 1.812247e+05 1.812219e+05 1.812184e+05 1.812093e+05 1.811963e+05 1.811704e+05 1.810879e+05 1.808209e+05 1.801010e+05 1.784901e+05 1.421837e+05 9.282914e+04 7.210838e+04 6.471445e+04 6.174224e+04 6.044741e+04 5.969658e+04 5.986370e+04 6.065414e+04 6.229469e+04 6.508042e+04 6.926115e+04
1.765254e+05 1.765254e+05 1.765254e+05 1.765254e+05 1.765254e+05 1.765257e+05 1.765262e+05 1.765268e+05 1.765265e+05 1.765256e+05 1.765215e+05 1.765132e+05 1.764920e+05 1.764162e+05 1.761630e+05 1.754748e+05 1.739311e+05 1.390883e+05 9.170611e+04 7.179262e+04 6.465907e+04 6.176837e+04 6.049798e+04 5.977496e+04 5.999349e+04 6.084658e+04 6.254962e+04 6.539893e+04 6.964754e+04
1.721189e+05 1.721189e+05 1.721189e+05 1.721189e+05 1.721189e+05 1.721193e+05 1.721202e+05 1.721230e+05 1.721244e+05 1.721255e+05 1.721262e+05 1.721229e+05 1.721069e+05 1.720380e+05 1.717981e+05 1.711400e+05 1.696593e+05 1.361877e+05 9.065414e+04 7.149767e+04 6.460897e+04 6.179490e+04 6.054662e+04 5.984756e+04 6.011683e+04 6.103663e+04 6.280849e+04 6.572764e+04 7.004964e+04
1.679967e+05 1.679967e+05 1.679967e+05 1.679967e+05 1.679967e+05 1.679972e+05 1.679986e+05 1.680025e+05 1.680047e+05 1.680069e+05 1.680099e+05 1.680096e+05 1.679970e+05 1.679332e+05 1.677048e+05 1.670738e+05 1.656515e+05 1.334644e+05 8.966528e+04 7.121952e+04 6.456167e+04 6.182032e+04 6.059271e+04 5.991492e+04 6.023431e+04 6.122445e+04 6.307116e+04 6.606636e+04 7.046728e+04
1.641432e+05 1.641432e+05 1.641432e+05 1.641432e+05 1.641432e+05 1.641436e+05 1.641447e+05 1.641482e+05 1.641503e+05 1.641523e+05 1.641553e+05 1.641551e+05 1.641430e+05 1.640818e+05 1.638621e+05 1.632549e+05 1.618859e+05 1.309025e+05 8.873236e+04 7.095466e+04 6.451505e+04 6.184334e+04 6.063567e+04 5.997763e+04 6.034664e+04 6.141033e+04 6.333761e+04 6.641500e+04 7.090036e+04
1.605323e+05 1.605323e+05 1.605323e+05 1.605323e+05 1.605323e+05 1.605327e+05 1.605336e+05 1.605365e+05 1.605379e+05 1.605390e+05 1.605398e+05 1.605370e+05 1.605229e+05 1.604616e+05 1.602481e+05 1.596615e+05 1.583414e+05 1.284873e+05 8.784897e+04 7.070000e+04 6.446727e+04 6.186285e+04 6.067508e+04 6.003628e+04 6.045462e+04 6.159469e+04 6.360793e+04 6.677351e+04 7.134882e+04
1.571419e+05 1.571419e+05 1.571419e+05 1.571419e+05 1.571419e+05 1.571422e+05 1.571425e+05 1.571425e+05 1.571419e+05 1.571408e+05 1.571368e+05 1.571295e+05 1.571116e+05 1.570489e+05 1.568401e+05 1.562721e+05 1.549973e+05 1.262056e+05 8.700935e+04 7.045294e+04 6.441684e+04 6.187798e+04 6.071058e+04 6.009148e+04 6.055914e+04 6.177808e+04 6.388232e+04 6.714194e+04 7.181270e+04
1.539353e+05 1.539353e+05 1.539353e+05 1.539353e+05 1.539352e+05 1.539350e+05 1.539342e+05 1.539305e+05 1.539276e+05 1.539242e+05 1.539157e+05 1.539044e+05 1.538835e+05 1.538199e+05 1.536159e+05 1.530658e+05 1.518341e+05 1.240453e+05 8.620844e+04 7.021123e+04 6.436256e+04 6.188804e+04 6.074197e+04 6.014388e+04 6.066113e+04 6.196119e+04 6.416108e+04 6.752040e+04 7.229206e+04
1.508705e+05 1.508705e+05 1.508705e+05 1.508705e+05 1.508705e+05 1.508702e+05 1.508693e+05 1.508651e+05 1.508620e+05 1.508583e+05 1.508493e+05 1.508375e+05 1.508165e+05 1.507543e+05 1.505567e+05 1.500249e+05 1.488349e+05 1.219955e+05 8.544175e+04 6.997307e+04 6.430355e+04 6.189258e+04 6.076916e+04 6.019414e+04 6.076159e+04 6.214477e+04 6.444464e+04 6.790911e+04 7.278703e+04
1.479337e+05 1.479337e+05 1.479337e+05 1.479337e+05 1.479337e+05 1.479338e+05 1.479338e+05 1.479326e+05 1.479312e+05 1.479293e+05 1.479235e+05 1.479146e+05 1.478964e+05 1.478380e+05 1.476482e+05 1.471353e+05 1.459860e+05 1.200467e+05 8.470537e+04 6.973699e+04 6.423917e+04 6.189135e+04 6.079219e+04 6.024297e+04 6.086155e+04 6.232970e+04 6.473349e+04 6.830833e+04 7.329779e+04
1.451373e+05 1.451373e+05 1.451373e+05 1.451373e+05 1.451373e+05 1.451375e+05 1.451379e+05 1.451387e+05 1.451387e+05 1.451383e+05 1.451361e+05 1.451308e+05 1.451162e+05 1.450624e+05 1.448811e+05 1.443868e+05 1.432767e+05 1.181906e+05 8.399593e+04 6.950188e+04 6.416908e+04 6.188429e+04 6.081126e+04 6.029110e+04 6.096208e+04 6.251692e+04 6.502827e+04 6.871840e+04 7.382457e+04
1.424848e+05 1.424848e+05 1.424848e+05 1.424848e+05 1.424848e+05 1.424850e+05 1.424853e+05 1.424861e+05 1.424865e+05 1.424867e+05 1.424862e+05 1.424833e+05 1.424715e+05 1.424216e+05 1.422481e+05 1.417713e+05 1.406983e+05 1.164196e+05 8.331053e+04 6.926694e+04 6.409318e+04 6.187157e+04 6.082667e+04 6.033929e+04 6.106427e+04 6.270743e+04 6.532966e+04 6.913976e+04 7.436766e+04
1.399648e+05 1.399648e+05 1.399648e+05 1.399648e+05 1.399648e+05 1.399651e+05 1.399656e+05 1.399670e+05 1.399677e+05 1.399684e+05 1.399689e+05 1.399673e+05 1.399569e+05 1.399096e+05 1.397423e+05 1.392812e+05 1.382425e+05 1.147271e+05 8.264675e+04 6.903168e+04 6.401161e+04 6.185349e+04 6.083888e+04 6.038836e+04 6.116923e+04 6.290232e+04 6.563844e+04 6.957291e+04 7.492738e+04
1.375729e+05 1.375729e+05 1.375729e+05 1.375729e+05 1.375729e+05 1.375731e+05 1.375737e+05 1.375755e+05 1.375764e+05 1.375771e+05 1.375777e+05 1.375757e+05 1.375651e+05 1.375185e+05 1.373556e+05 1.369081e+05 1.359009e+05 1.131069e+05 8.200256e+04 6.879590e+04 6.392470e+04 6.183055e+04 6.084845e+04 6.043914e+04 6.127810e+04 6.310268e+04 6.595546e+04 7.001841e+04 7.550413e+04
1.353027e+05 1.353027e+05 1.353027e+05 1.353027e+05 1.353027e+05 1.353029e+05 1.353034e+05 1.353046e+05 1.353050e+05 1.353050e+05 1.353034e+05 1.352990e+05 1.352862e+05 1.352386e+05 1.350785e+05 1.346428e+05 1.336646e+05 1.115534e+05 8.137633e+04 6.855961e+04 6.383301e+04 6.180342e+04 6.085606e+04 6.049253e+04 6.139202e+04 6.330969e+04 6.628165e+04 7.047690e+04 7.609835e+04
1.331445e+05 1.331445e+05 1.331445e+05 1.331445e+05 1.331445e+05 1.331444e+05 1.331439e+05 1.331419e+05 1.331401e+05 1.331379e+05 1.331320e+05 1.331235e+05 1.331072e+05 1.330578e+05 1.328999e+05 1.324749e+05 1.315240e+05 1.100614e+05 8.076678e+04 6.832310e+04 6.373724e+04 6.177287e+04 6.086251e+04 6.054945e+04 6.151216e+04 6.352453e+04 6.661799e+04 7.094909e+04 7.671052e+04
1.310670e+05 1.310670e+05 1.310670e+05 1.310670e+05 1.310670e+05 1.310667e+05 1.310654e+05 1.310606e+05 1.310572e+05 1.310533e+05 1.310440e+05 1.310326e+05 1.310141e+05 1.309638e+05 1.308086e+05 1.303945e+05 1.294701e+05 1.086264e+05 8.017297e+04 6.808684e+04 6.363826e+04 6.173984e+04 6.086870e+04 6.061088e+04 6.163966e+04 6.374841e+04 6.696551e+04 7.143573e+04 7.734120e+04
1.290441e+05 1.290441e+05 1.290441e+05 1.290441e+05 1.290441e+05 1.290439e+05 1.290432e+05 1.290396e+05 1.290367e+05 1.290332e+05 1.290246e+05 1.290136e+05 1.289957e+05 1.289468e+05 1.287960e+05 1.283937e+05 1.274957e+05 1.072445e+05 7.959427e+04 6.785147e+04 6.353708e+04 6.170535e+04 6.087561e+04 6.067781e+04 6.177572e+04 6.398257e+04 6.732529e+04 7.193766e+04 7.799099e+04
1.270826e+05 1.270826e+05 1.270826e+05 1.270826e+05 1.270826e+05 1.270824e+05 1.270818e+05 1.270797e+05 1.270781e+05 1.270761e+05 1.270705e+05 1.270625e+05 1.270473e+05 1.270018e+05 1.268568e+05 1.264671e+05 1.255955e+05 1.059125e+05 7.903031e+04 6.761780e+04 6.343482e+04 6.167055e+04 6.088432e+04 6.075130e+04 6.192152e+04 6.422827e+04 6.769846e+04 7.245574e+04 7.866051e+04
1.251880e+05 1.251880e+05 1.251880e+05 1.251880e+05 1.251880e+05 1.251881e+05 1.251884e+05 1.251889e+05 1.251888e+05 1.251883e+05 1.251860e+05 1.251812e+05 1.251693e+05 1.251276e+05 1.249890e+05 1.246122e+05 1.237663e+05 1.046279e+05 7.848093e+04 6.738676e+04 6.333270e+04 6.163664e+04 6.089595e+04 6.083244e+04 6.207826e+04 6.448676e+04 6.808617e+04 7.299091e+04 7.935046e+04
1.233756e+05 1.233756e+05 1.233756e+05 1.233756e+05 1.233756e+05 1.233757e+05 1.233759e+05 1.233763e+05 1.233764e+05 1.233763e+05 1.233753e+05 1.233724e+05 1.233630e+05 1.233246e+05 1.231919e+05 1.228272e+05 1.220061e+05 1.033885e+05 7.794619e+04 6.715939e+04 6.323201e+04 6.160492e+04 6.091173e+04 6.092233e+04 6.224712e+04 6.475932e+04 6.848961e+04 7.354413e+04 8.006159e+04
1.216385e+05 1.216385e+05 1.216385e+05 1.216385e+05 1.216385e+05 1.216385e+05 1.216385e+05 1.216385e+05 1.216385e+05 1.216383e+05 1.216377e+05 1.216358e+05 1.216279e+05 1.215919e+05 1.214642e+05 1.211108e+05 1.203128e+05 1.021925e+05 7.742627e+04 6.693681e+04 6.313412e+04 6.157673e+04 6.093290e+04 6.102212e+04 6.242933e+04 6.504722e+04 6.890998e+04 7.411641e+04 8.079465e+04
1.199684e+05 1.199684e+05 1.199684e+05 1.199684e+05 1.199684e+05 1.199685e+05 1.199688e+05 1.199696e+05 1.199699e+05 1.199701e+05 1.199702e+05 1.199691e+05 1.199619e+05 1.199277e+05 1.198040e+05 1.194605e+05 1.186841e+05 1.010382e+05 7.692149e+04 6.672021e+04 6.304044e+04 6.155347e+04 6.096078e+04 6.113300e+04 6.262609e+04 6.535176e+04 6.934852e+04 7.470881e+04 8.155049e+04
1.183675e+05 1.183675e+05 1.183675e+05 1.183675e+05 1.183675e+05 1.183677e+05 1.183680e+05 1.183691e+05 1.183697e+05 1.183701e+05 1.183704e+05 1.183693e+05 1.183623e+05 1.183287e+05 1.182080e+05 1.178732e+05 1.171167e+05 9.992376e+04 7.643226e+04 6.651084e+04 6.295243e+04 6.153658e+04 6.099670e+04 6.125617e+04 6.283864e+04 6.567421e+04 6.980647e+04 7.532239e+04 8.232995e+04
1.168348e+05 1.168348e+05 1.168348e+05 1.168348e+05 1.168348e+05 1.168349e+05 1.168350e+05 1.168354e+05 1.168356e+05 1.168356e+05 1.168349e+05 1.168327e+05 1.168247e+05 1.167909e+05 1.166723e+05 1.163451e+05 1.156071e+05 9.884757e+04 7.595909e+04 6.630999e+04 6.287155e+04 6.152752e+04 6.104205e+04 6.139286e+04 6.306819e+04 6.601586e+04 7.028510e+04 7.595828e+04 8.313393e+04
1.153614e+05 1.153614e+05 1.153614e+05 1.153614e+05 1.153614e+05 1.153614e+05 1.153615e+05 1.153612e+05 1.153607e+05 1.153599e+05 1.153573e+05 1.153531e+05 1.153434e+05 1.153087e+05 1.151917e+05 1.148715e+05 1.141509e+05 9.780804e+04 7.550254e+04 6.611900e+04 6.279932e+04 6.152777e+04 6.109823e+04 6.154433e+04 6.331600e+04 6.637799e+04 7.078566e+04 7.661760e+04 8.396335e+04
1.139403e+05 1.139403e+05 1.139403e+05 1.139403e+05 1.139403e+05 1.139401e+05 1.139395e+05 1.139371e+05 1.139354e+05 1.139334e+05 1.139286e+05 1.139225e+05 1.139113e+05 1.138760e+05 1.137608e+05 1.134475e+05 1.127439e+05 9.680375e+04 7.506328e+04 6.593919e+04 6.273725e+04 6.153884e+04 6.116666e+04 6.171184e+04 6.358331e+04 6.676191e+04 7.130945e+04 7.730151e+04 8.481918e+04
1.125528e+05 1.125528e+05 1.125528e+05 1.125528e+05 1.125528e+05 1.125526e+05 1.125519e+05 1.125492e+05 1.125473e+05 1.125451e+05 1.125400e+05 1.125336e+05 1.125223e+05 1.124876e+05 1.123749e+05 1.120692e+05 1.113826e+05 9.583353e+04 7.464202e+04 6.577193e+04 6.268685e+04 6.156224e+04 6.124879e+04 6.189669e+04 6.387137e+04 6.716889e+04 7.185773e+04 7.801119e+04 8.570241e+04
1.111947e+05 1.111947e+05 1.111947e+05 1.111947e+05 1.111947e+05 1.111947e+05 1.111946e+05 1.111937e+05 1.111928e+05 1.111916e+05 1.111882e+05 1.111833e+05 1.111734e+05 1.111405e+05 1.110314e+05 1.107338e+05 1.100644e+05 9.489654e+04 7.423955e+04 6.561858e+04 6.264964e+04 6.159949e+04 6.134606e+04 6.210018e+04 6.418143e+04 6.760022e+04 7.243180e+04 7.874782e+04 8.661404e+04
1.098783e+05 1.098783e+05 1.098783e+05 1.098783e+05 1.098783e+05 1.098783e+05 1.098783e+05 1.098780e+05 1.098777e+05 1.098772e+05 1.098756e+05 1.098727e+05 1.098648e+05 1.098344e+05 1.097294e+05 1.094402e+05 1.087880e+05 9.399225e+04 7.385669e+04 6.548052e+04 6.262715e+04 6.165210e+04 6.145994e+04 6.232364e+04 6.451478e+04 6.805720e+04 7.303295e+04 7.951261e+04 8.755510e+04
1.086049e+05 1.086049e+05 1.086049e+05 1.086049e+05 1.086049e+05 1.086050e+05 1.086052e+05 1.086055e+05 1.086057e+05 1.086057e+05 1.086054e+05 1.086040e+05 1.085979e+05 1.085699e+05 1.084690e+05 1.081883e+05 1.075530e+05 9.312033e+04 7.349431e+04 6.535911e+04 6.262087e+04 6.172158e+04 6.159189e+04 6.256840e+04 6.487268e+04 6.854110e+04 7.366246e+04 8.030677e+04 8.852666e+04
1.073769e+05 1.073769e+05 1.073769e+05 1.073769e+05 1.073769e+05 1.073770e+05 1.073772e+05 1.073777e+05 1.073781e+05 1.073784e+05 1.073788e+05 1.073784e+05 1.073737e+05 1.073477e+05 1.072506e+05 1.069779e+05 1.063592e+05 9.228062e+04 7.315328e+04 6.525570e+04 6.263231e+04 6.180947e+04 6.174338e+04 6.283580e+04 6.525641e+04 6.905321e+04 7.432163e+04 8.113152e+04 8.952979e+04
1.061931e+05 1.061931e+05 1.061931e+05 1.061931e+05 1.061931e+05 1.061932e+05 1.061934e+05 1.061941e+05 1.061945e+05 1.061950e+05 1.061958e+05 1.061960e+05 1.061921e+05 1.061677e+05 1.060740e+05 1.058089e+05 1.052060e+05 9.147298e+04 7.283450e+04 6.517166e+04 6.266296e+04 6.191725e+04 6.191589e+04 6.312720e+04 6.566726e+04 6.959483e+04 7.501174e+04 8.198810e+04 9.056558e+04
1.050523e+05 1.050523e+05 1.050523e+05 1.050523e+05 1.050523e+05 1.050524e+05 1.050526e+05 1.050534e+05 1.050538e+05 1.050543e+05 1.050552e+05 1.050558e+05 1.050525e+05 1.050292e+05 1.049385e+05 1.046806e+05 1.040929e+05 9.069728e+04 7.253886e+04 6.510832e+04 6.271430e+04 6.204643e+04 6.211087e+04 6.344397e+04 6.610654e+04 7.016725e+04 7.573408e+04 8.287774e+04 9.163512e+04
1.039528e+05 1.039528e+05 1.039528e+05 1.039528e+05 1.039528e+05 1.039528e+05 1.039530e+05 1.039537e+05 1.039541e+05 1.039545e+05 1.039555e+05 1.039562e+05 1.039533e+05 1.039310e+05 1.038430e+05 1.035919e+05 1.030190e+05 8.995338e+04 7.226726e+04 6.506703e+04 6.278780e+04 6.219851e+04 6.232981e+04 6.378747e+04 6.657554e+04 7.077175e+04 7.648995e+04 8.380166e+04 9.273953e+04
1.028918e+05 1.028918e+05 1.028918e+05 1.028918e+05 1.028918e+05 1.028918e+05 1.028920e+05 1.028926e+05 1.028930e+05 1.028935e+05 1.028946e+05 1.028955e+05 1.028930e+05 1.028717e+05 1.027863e+05 1.025418e+05 1.019832e+05 8.924115e+04 7.202064e+04 6.504913e+04 6.288493e+04 6.237498e+04 6.257417e+04 6.415908e+04 6.707558e+04 7.140962e+04 7.728062e+04 8.476111e+04 9.387994e+04
1.018671e+05 1.018671e+05 1.018671e+05 1.018671e+05 1.018671e+05 1.018672e+05 1.018674e+05 1.018683e+05 1.018689e+05 1.018696e+05 1.018711e+05 1.018724e+05 1.018703e+05 1.018500e+05 1.017671e+05 1.015290e+05 1.009844e+05 8.856048e+04 7.179994e+04 6.505596e+04 6.300715e+04 6.257731e+04 6.284542e+04 6.456020e+04 6.760797e+04 7.208217e+04 7.810739e+04 8.575734e+04 9.505747e+04
1.008792e+05 1.008792e+05 1.008792e+05 1.008792e+05 1.008792e+05 1.008793e+05 1.008796e+05 1.008809e+05 1.008816e+05 1.008825e+05 1.008843e+05 1.008858e+05 1.008842e+05 1.008647e+05 1.007843e+05 1.005524e+05 1.000215e+05 8.791138e+04 7.160616e+04 6.508886e+04 6.315589e+04 6.280698e+04 6.314501e+04 6.499221e+04 6.817404e+04 7.279068e+04 7.897153e+04 8.679157e+04 9.627326e+04
9.992893e+04 9.992893e+04 9.992893e+04 9.992893e+04 9.992894e+04 9.992906e+04 9.992938e+04 9.993041e+04 9.993107e+04 9.993179e+04 9.993336e+04 9.993482e+04 9.993329e+04 9.991455e+04 9.983651e+04 9.961083e+04 9.909366e+04 8.729395e+04 7.144033e+04 6.514918e+04 6.333260e+04 6.306546e+04 6.347443e+04 6.545652e+04 6.877513e+04 7.353646e+04 7.987432e+04 8.786505e+04 9.752845e+04
9.901336e+04 9.901336e+04 9.901336e+04 9.901336e+04 9.901336e+04 9.901341e+04 9.901355e+04 9.901405e+04 9.901442e+04 9.901488e+04 9.901607e+04 9.901737e+04 9.901602e+04 9.899816e+04 9.892269e+04 9.870341e+04 9.820000e+04 8.670850e+04 7.130354e+04 6.523826e+04 6.353872e+04 6.335421e+04 6.383511e+04 6.595453e+04 6.941256e+04 7.432081e+04 8.081705e+04 8.897900e+04 9.882417e+04
9.812685e+04 9.812685e+04 9.812685e+04 9.812685e+04 9.812686e+04 9.812691e+04 9.812704e+04 9.812755e+04 9.812796e+04 9.812847e+04 9.812985e+04 9.813155e+04 9.813090e+04 9.811439e+04 9.804195e+04 9.782946e+04 9.734010e+04 8.615550e+04 7.119691e+04 6.535745e+04 6.377566e+04 6.367469e+04 6.422854e+04 6.648766e+04 7.008770e+04 7.514502e+04 8.180098e+04 9.013467e+04 1.001616e+05
9.726814e+04 9.726814e+04 9.726814e+04 9.726815e+04 9.726815e+04 9.726829e+04 9.726866e+04 9.726987e+04 9.727067e+04 9.727161e+04 9.727393e+04 9.727674e+04 9.727749e+04 9.726303e+04 9.719422e+04 9.698906e+04 9.651415e+04 8.563570e+04 7.112163e+04 6.550811e+04 6.404486e+04 6.402835e+04 6.465615e+04 6.705732e+04 7.080189e+04 7.601042e+04 8.282740e+04 9.133328e+04 1.015418e+05
