3.263506e+05 1.107013e+05 9.700352e+04 9.024728e+04 9.068802e+04 9.683788e+04 1.061163e+05 1.248126e+05 1.340196e+05 1.431120e+05 1.608707e+05 1.779341e+05 1.942046e+05 2.096416e+05 2.242422e+05 2.380261e+05 2.510258e+05 3.055142e+05 3.435668e+05 3.599176e+05 3.457603e+05 3.035018e+05 2.498860e+05 1.625025e+05 1.145612e+05 8.977809e+04 7.619653e+04 6.816961e+04 6.307922e+04
9.462466e+04 9.462687e+04 9.463295e+04 9.474341e+04 9.477257e+04 9.940473e+04 1.084577e+05 1.270277e+05 1.361745e+05 1.452171e+05 1.628901e+05 1.798722e+05 1.960616e+05 2.114176e+05 2.259385e+05 2.396448e+05 2.525695e+05 3.067310e+05 3.445282e+05 3.606663e+05 3.463185e+05 3.038951e+05 2.501530e+05 1.626277e+05 1.146284e+05 8.981959e+04 7.622497e+04 6.819049e+04 6.309521e+04
1.021843e+05 1.021851e+05 1.021874e+05 1.022467e+05 1.023800e+05 1.057532e+05 1.122446e+05 1.297938e+05 1.387927e+05 1.477180e+05 1.652082e+05 1.820439e+05 1.981060e+05 2.133471e+05 2.277623e+05 2.413708e+05 2.542046e+05 3.079934e+05 3.455154e+05 3.614303e+05 3.468857e+05 3.042936e+05 2.504231e+05 1.627541e+05 1.146960e+05 8.986134e+04 7.625355e+04 6.821146e+04 6.311126e+04
1.099486e+05 1.099490e+05 1.099504e+05 1.099878e+05 1.100858e+05 1.117224e+05 1.186242e+05 1.331258e+05 1.418449e+05 1.505912e+05 1.678155e+05 1.844450e+05 2.003355e+05 2.154285e+05 2.297127e+05 2.432035e+05 2.559303e+05 3.093011e+05 3.465279e+05 3.622094e+05 3.474618e+05 3.046974e+05 2.506962e+05 1.628816e+05 1.147642e+05 8.990333e+04 7.628228e+04 6.823251e+04 6.312737e+04
1.177545e+05 1.177548e+05 1.177557e+05 1.177826e+05 1.178573e+05 1.190932e+05 1.245007e+05 1.375509e+05 1.454157e+05 1.538383e+05 1.706972e+05 1.870657e+05 2.027443e+05 2.176580e+05 2.317868e+05 2.451406e+05 2.577452e+05 3.106531e+05 3.475653e+05 3.630032e+05 3.480468e+05 3.051063e+05 2.509722e+05 1.630101e+05 1.148328e+05 8.994556e+04 7.631115e+04 6.825365e+04 6.314353e+04
1.255883e+05 1.255885e+05 1.255892e+05 1.256099e+05 1.256681e+05 1.267319e+05 1.303517e+05 1.432520e+05 1.499344e+05 1.575697e+05 1.738520e+05 1.898960e+05 2.053240e+05 2.200296e+05 2.339804e+05 2.471791e+05 2.596466e+05 3.120488e+05 3.486272e+05 3.638115e+05 3.486403e+05 3.055203e+05 2.512512e+05 1.631397e+05 1.149019e+05 8.998803e+04 7.634015e+04 6.827488e+04 6.315975e+04
1.331171e+05 1.331173e+05 1.331178e+05 1.331342e+05 1.331815e+05 1.341787e+05 1.367607e+05 1.492288e+05 1.554346e+05 1.621245e+05 1.773155e+05 1.929332e+05 2.080675e+05 2.225369e+05 2.362884e+05 2.493149e+05 2.616316e+05 3.134868e+05 3.497130e+05 3.646340e+05 3.492424e+05 3.059392e+05 2.515331e+05 1.632703e+05 1.149714e+05 9.003073e+04 7.636929e+04 6.829619e+04 6.317602e+04
1.404989e+05 1.404991e+05 1.404996e+05 1.405132e+05 1.405531e+05 1.414981e+05 1.436234e+05 1.550462e+05 1.612748e+05 1.674575e+05 1.811923e+05 1.961907e+05 2.109714e+05 2.251740e+05 2.387053e+05 2.515436e+05 2.636965e+05 3.149659e+05 3.508220e+05 3.654703e+05 3.498528e+05 3.063630e+05 2.518179e+05 1.634020e+05 1.150414e+05 9.007367e+04 7.639856e+04 6.831759e+04 6.319235e+04
1.479116e+05 1.479118e+05 1.479122e+05 1.479238e+05 1.479579e+05 1.488179e+05 1.507431e+05 1.607517e+05 1.670919e+05 1.731275e+05 1.856934e+05 1.997094e+05 2.140410e+05 2.279378e+05 2.412265e+05 2.538608e+05 2.658376e+05 3.164846e+05 3.519536e+05 3.663201e+05 3.504712e+05 3.067916e+05 2.521054e+05 1.635347e+05 1.151118e+05 9.011684e+04 7.642797e+04 6.833906e+04 6.320872e+04
1.552949e+05 1.552950e+05 1.552954e+05 1.553054e+05 1.553357e+05 1.561650e+05 1.579998e+05 1.665353e+05 1.727905e+05 1.788504e+05 1.907115e+05 2.035766e+05 2.172951e+05 2.308303e+05 2.438492e+05 2.562627e+05 2.680512e+05 3.180411e+05 3.531070e+05 3.671831e+05 3.510975e+05 3.072248e+05 2.523956e+05 1.636685e+05 1.151827e+05 9.016024e+04 7.645751e+04 6.836062e+04 6.322515e+04
1.628424e+05 1.628425e+05 1.628428e+05 1.628518e+05 1.628784e+05 1.636199e+05 1.653300e+05 1.725209e+05 1.784316e+05 1.844928e+05 1.960094e+05 2.079226e+05 2.207717e+05 2.338606e+05 2.465738e+05 2.587469e+05 2.703342e+05 3.196339e+05 3.542814e+05 3.680586e+05 3.517315e+05 3.076626e+05 2.526885e+05 1.638032e+05 1.152540e+05 9.020386e+04 7.648717e+04 6.838226e+04 6.324163e+04
1.995520e+05 1.995521e+05 1.995522e+05 1.995575e+05 1.995734e+05 2.000207e+05 2.011865e+05 2.048452e+05 2.079531e+05 2.122190e+05 2.225215e+05 2.327028e+05 2.423699e+05 2.521038e+05 2.621569e+05 2.725044e+05 2.827737e+05 3.280787e+05 3.604356e+05 3.726099e+05 3.550077e+05 3.099150e+05 2.541907e+05 1.644908e+05 1.156168e+05 9.042522e+04 7.663740e+04 6.849161e+04 6.332477e+04
2.332943e+05 2.332943e+05 2.332944e+05 2.332980e+05 2.333089e+05 2.336239e+05 2.344716e+05 2.370827e+05 2.388068e+05 2.411141e+05 2.479761e+05 2.567267e+05 2.655666e+05 2.738503e+05 2.817803e+05 2.896639e+05 2.976509e+05 3.372118e+05 3.669763e+05 3.774032e+05 3.584359e+05 3.122606e+05 2.557491e+05 1.652001e+05 1.159894e+05 9.065169e+04 7.679060e+04 6.860281e+04 6.340906e+04
2.642240e+05 2.642241e+05 2.642241e+05 2.642265e+05 2.642339e+05 2.644458e+05 2.650351e+05 2.669516e+05 2.681367e+05 2.695233e+05 2.735390e+05 2.796374e+05 2.870459e+05 2.946295e+05 3.017970e+05 3.085156e+05 3.149766e+05 3.470923e+05 3.738151e+05 3.823760e+05 3.619805e+05 3.146805e+05 2.573540e+05 1.659282e+05 1.163707e+05 9.088280e+04 7.694652e+04 6.871568e+04 6.349441e+04
2.918691e+05 2.918691e+05 2.918691e+05 2.918709e+05 2.918763e+05 2.920320e+05 2.924690e+05 2.939207e+05 2.948216e+05 2.958034e+05 2.982758e+05 3.020870e+05 3.074288e+05 3.137207e+05 3.202082e+05 3.264141e+05 3.322079e+05 3.583019e+05 3.809485e+05 3.874831e+05 3.656089e+05 3.171560e+05 2.589954e+05 1.666722e+05 1.167597e+05 9.111806e+04 7.710489e+04 6.883007e+04 6.358070e+04
3.165108e+05 3.165108e+05 3.165109e+05 3.165122e+05 3.165162e+05 3.166330e+05 3.169611e+05 3.180722e+05 3.187768e+05 3.195349e+05 3.212407e+05 3.236036e+05 3.271106e+05 3.317614e+05 3.371268e+05 3.426841e+05 3.480602e+05 3.706044e+05 3.885318e+05 3.927173e+05 3.692989e+05 3.196710e+05 2.606638e+05 1.674289e+05 1.171551e+05 9.135691e+04 7.726542e+04 6.894580e+04 6.366781e+04
3.384143e+05 3.384143e+05 3.384143e+05 3.384153e+05 3.384184e+05 3.385100e+05 3.387703e+05 3.396528e+05 3.402152e+05 3.408200e+05 3.421031e+05 3.436429e+05 3.458545e+05 3.490159e+05 3.530567e+05 3.576554e+05 3.624349e+05 3.829144e+05 3.969585e+05 3.981322e+05 3.730468e+05 3.222153e+05 2.623516e+05 1.681955e+05 1.175558e+05 9.159881e+04 7.742781e+04 6.906267e+04 6.375561e+04
3.580205e+05 3.580205e+05 3.580205e+05 3.580213e+05 3.580238e+05 3.580954e+05 3.582962e+05 3.589750e+05 3.594109e+05 3.598828e+05 3.608684e+05 3.619313e+05 3.633230e+05 3.653613e+05 3.681887e+05 3.717110e+05 3.756811e+05 3.945327e+05 4.059526e+05 4.038797e+05 3.768752e+05 3.247876e+05 2.640541e+05 1.689694e+05 1.179606e+05 9.184321e+04 7.759173e+04 6.918050e+04 6.384397e+04
3.754318e+05 3.754318e+05 3.754318e+05 3.754325e+05 3.754344e+05 3.754907e+05 3.756460e+05 3.761661e+05 3.764984e+05 3.768600e+05 3.776202e+05 3.783977e+05 3.793065e+05 3.805936e+05 3.824731e+05 3.850069e+05 3.880983e+05 4.051405e+05 4.149793e+05 4.102003e+05 3.808439e+05 3.273988e+05 2.657714e+05 1.697489e+05 1.183687e+05 9.208957e+04 7.775689e+04 6.929909e+04 6.393276e+04
3.908499e+05 3.908499e+05 3.908499e+05 3.908505e+05 3.908519e+05 3.908847e+05 3.909737e+05 3.913288e+05 3.915811e+05 3.918668e+05 3.924871e+05 3.931113e+05 3.937619e+05 3.945937e+05 3.958093e+05 3.975468e+05 3.998254e+05 4.147213e+05 4.236638e+05 4.168530e+05 3.850773e+05 3.300756e+05 2.675088e+05 1.705328e+05 1.187791e+05 9.233740e+04 7.792298e+04 6.941824e+04 6.402185e+04
4.039915e+05 4.039915e+05 4.039916e+05 4.039922e+05 4.039943e+05 4.040494e+05 4.041902e+05 4.046128e+05 4.048694e+05 4.051450e+05 4.057194e+05 4.062732e+05 4.067932e+05 4.073639e+05 4.081448e+05 4.092922e+05 4.108933e+05 4.234207e+05 4.317711e+05 4.235573e+05 3.896958e+05 3.328663e+05 2.692791e+05 1.713216e+05 1.191912e+05 9.258625e+04 7.808971e+04 6.953776e+04 6.411108e+04
4.162726e+05 4.162726e+05 4.162726e+05 4.162729e+05 4.162741e+05 4.163065e+05 4.163981e+05 4.167190e+05 4.169314e+05 4.171657e+05 4.176624e+05 4.181426e+05 4.185715e+05 4.189825e+05 4.194836e+05 4.202144e+05 4.212887e+05 4.314238e+05 4.392004e+05 4.301045e+05 3.945270e+05 3.358618e+05 2.711038e+05 1.721167e+05 1.196048e+05 9.283578e+04 7.825682e+04 6.965745e+04 6.420033e+04
4.273802e+05 4.273802e+05 4.273802e+05 4.273805e+05 4.273814e+05 4.274082e+05 4.274832e+05 4.277403e+05 4.279085e+05 4.280946e+05 4.284943e+05 4.288873e+05 4.292339e+05 4.295360e+05 4.298567e+05 4.303038e+05 4.309897e+05 4.388885e+05 4.459585e+05 4.363456e+05 3.994202e+05 3.391047e+05 2.730175e+05 1.729215e+05 1.200201e+05 9.308574e+04 7.842409e+04 6.977715e+04 6.428946e+04
4.373882e+05 4.373882e+05 4.373882e+05 4.373884e+05 4.373892e+05 4.374101e+05 4.374691e+05 4.376717e+05 4.378047e+05 4.379522e+05 4.382715e+05 4.385893e+05 4.388693e+05 4.390979e+05 4.393061e+05 4.395694e+05 4.399843e+05 4.459253e+05 4.521192e+05 4.421919e+05 4.042586e+05 3.424875e+05 2.750809e+05 1.737414e+05 1.204375e+05 9.333605e+04 7.859133e+04 6.989669e+04 6.437835e+04
4.463129e+05 4.463129e+05 4.463129e+05 4.463131e+05 4.463138e+05 4.463319e+05 4.463822e+05 4.465528e+05 4.466641e+05 4.467875e+05 4.470547e+05 4.473221e+05 4.475580e+05 4.477431e+05 4.478880e+05 4.480415e+05 4.482797e+05 4.526031e+05 4.577865e+05 4.476109e+05 4.089521e+05 3.459289e+05 2.772973e+05 1.745841e+05 1.208582e+05 9.358675e+04 7.875843e+04 7.001595e+04 6.446689e+04
4.542826e+05 4.542826e+05 4.542826e+05 4.542828e+05 4.542834e+05 4.542994e+05 4.543440e+05 4.544962e+05 4.545960e+05 4.547065e+05 4.549456e+05 4.551847e+05 4.553962e+05 4.555601e+05 4.556756e+05 4.557720e+05 4.559052e+05 4.589631e+05 4.630676e+05 4.526148e+05 4.134386e+05 3.493636e+05 2.796046e+05 1.754605e+05 1.212840e+05 9.383810e+04 7.892533e+04 7.013482e+04 6.455496e+04
4.614502e+05 4.614502e+05 4.614502e+05 4.614504e+05 4.614509e+05 4.614666e+05 4.615097e+05 4.616546e+05 4.617483e+05 4.618516e+05 4.620732e+05 4.622942e+05 4.624915e+05 4.626468e+05 4.627539e+05 4.628284e+05 4.629090e+05 4.650318e+05 4.680579e+05 4.572470e+05 4.176828e+05 3.527390e+05 2.819583e+05 1.763873e+05 1.217172e+05 9.409054e+04 7.909205e+04 7.025321e+04 6.464248e+04
4.680003e+05 4.680003e+05 4.680003e+05 4.680005e+05 4.680010e+05 4.680147e+05 4.680529e+05 4.681817e+05 4.682656e+05 4.683583e+05 4.685584e+05 4.687604e+05 4.689455e+05 4.690981e+05 4.692096e+05 4.692859e+05 4.693513e+05 4.708312e+05 4.728359e+05 4.615673e+05 4.216738e+05 3.560147e+05 2.843217e+05 1.773875e+05 1.221611e+05 9.434477e+04 7.925871e+04 7.037109e+04 6.472936e+04
4.739996e+05 4.739996e+05 4.739996e+05 4.739997e+05 4.740001e+05 4.740108e+05 4.740423e+05 4.741536e+05 4.742265e+05 4.743070e+05 4.744823e+05 4.746650e+05 4.748412e+05 4.749979e+05 4.751251e+05 4.752215e+05 4.752999e+05 4.763847e+05 4.774626e+05 4.656410e+05 4.254204e+05 3.591632e+05 2.866641e+05 1.784459e+05 1.226200e+05 9.460175e+04 7.942552e+04 7.048846e+04 6.481557e+04
4.794858e+05 4.794858e+05 4.794858e+05 4.794859e+05 4.794864e+05 4.794982e+05 4.795279e+05 4.796161e+05 4.796739e+05 4.797403e+05 4.798949e+05 4.800687e+05 4.802493e+05 4.804240e+05 4.805815e+05 4.807153e+05 4.808291e+05 4.817197e+05 4.819841e+05 4.695308e+05 4.289449e+05 3.621687e+05 2.889605e+05 1.795427e+05 1.230997e+05 9.486273e+04 7.959280e+04 7.060539e+04 6.490106e+04
4.844105e+05 4.844105e+05 4.844105e+05 4.844107e+05 4.844112e+05 4.844214e+05 4.844479e+05 4.845404e+05 4.846042e+05 4.846775e+05 4.848478e+05 4.850420e+05 4.852510e+05 4.854637e+05 4.856683e+05 4.858552e+05 4.860214e+05 4.868687e+05 4.864343e+05 4.732917e+05 4.322784e+05 3.650261e+05 2.911915e+05 1.806628e+05 1.236096e+05 9.512931e+04 7.976099e+04 7.072197e+04 6.498584e+04
4.889372e+05 4.889372e+05 4.889372e+05 4.889373e+05 4.889377e+05 4.889485e+05 4.889812e+05 4.891017e+05 4.891809e+05 4.892694e+05 4.894713e+05 4.897037e+05 4.899589e+05 4.902252e+05 4.904891e+05 4.907386e+05 4.909662e+05 4.918663e+05 4.908374e+05 4.769685e+05 4.354547e+05 3.677389e+05 2.933439e+05 1.817933e+05 1.241553e+05 9.540354e+04 7.993069e+04 7.083837e+04 6.506992e+04
4.933997e+05 4.933997e+05 4.933997e+05 4.933998e+05 4.934002e+05 4.934095e+05 4.934352e+05 4.935294e+05 4.936003e+05 4.936885e+05 4.939140e+05 4.941918e+05 4.945033e+05 4.948301e+05 4.951560e+05 4.954673e+05 4.957543e+05 4.967470e+05 4.952098e+05 4.805958e+05 4.385076e+05 3.703168e+05 2.954097e+05 1.829231e+05 1.247265e+05 9.568801e+04 8.010261e+04 7.095482e+04 6.515336e+04
4.976047e+05 4.976047e+05 4.976047e+05 4.976047e+05 4.976050e+05 4.976130e+05 4.976384e+05 4.977670e+05 4.978715e+05 4.979981e+05 4.983013e+05 4.986491e+05 4.990212e+05 4.994016e+05 4.997766e+05 5.001347e+05 5.004666e+05 5.015397e+05 4.995607e+05 4.841979e+05 4.414675e+05 3.727739e+05 2.973855e+05 1.840422e+05 1.253156e+05 9.598637e+04 8.027765e+04 7.107161e+04 6.523625e+04
5.017931e+05 5.017931e+05 5.017931e+05 5.017935e+05 5.017946e+05 5.018298e+05 5.019237e+05 5.021931e+05 5.023500e+05 5.025168e+05 5.028735e+05 5.032526e+05 5.036449e+05 5.040412e+05 5.044319e+05 5.048075e+05 5.051590e+05 5.062646e+05 5.038932e+05 4.877902e+05 4.443603e+05 3.751260e+05 2.992722e+05 1.851424e+05 1.259164e+05 9.630435e+04 8.045692e+04 7.118912e+04 6.531871e+04
5.071504e+05 5.071504e+05 5.071504e+05 5.071505e+05 5.071507e+05 5.071583e+05 5.071813e+05 5.072891e+05 5.073777e+05 5.074868e+05 5.077542e+05 5.080690e+05 5.084144e+05 5.087768e+05 5.091443e+05 5.095059e+05 5.098510e+05 5.109309e+05 5.082050e+05 4.913804e+05 4.472065e+05 3.773894e+05 3.010736e+05 1.862166e+05 1.265233e+05 9.664075e+04 8.064182e+04 7.130781e+04 6.540091e+04
5.122836e+05 5.122836e+05 5.122836e+05 5.122837e+05 5.122839e+05 5.122914e+05 5.123130e+05 5.123927e+05 5.124519e+05 5.125252e+05 5.127147e+05 5.129559e+05 5.132378e+05 5.135482e+05 5.138745e+05 5.142050e+05 5.145278e+05 5.155380e+05 5.124896e+05 4.949704e+05 4.500213e+05 3.795798e+05 3.027958e+05 1.872597e+05 1.271315e+05 9.699028e+04 8.083411e+04 7.142824e+04 6.548305e+04
5.171444e+05 5.171444e+05 5.171444e+05 5.171445e+05 5.171448e+05 5.171530e+05 5.171763e+05 5.172593e+05 5.173169e+05 5.173848e+05 5.175515e+05 5.177582e+05 5.180008e+05 5.182718e+05 5.185619e+05 5.188610e+05 5.191580e+05 5.200783e+05 5.167377e+05 4.985571e+05 4.528151e+05 3.817110e+05 3.044460e+05 1.882677e+05 1.277366e+05 9.734924e+04 8.103643e+04 7.155106e+04 6.556540e+04
5.218273e+05 5.218273e+05 5.218273e+05 5.218273e+05 5.218276e+05 5.218350e+05 5.218569e+05 5.219391e+05 5.219973e+05 5.220654e+05 5.222285e+05 5.224245e+05 5.226495e+05 5.228982e+05 5.231639e+05 5.234386e+05 5.237131e+05 5.245416e+05 5.209384e+05 5.021347e+05 4.555938e+05 3.837947e+05 3.060322e+05 1.892381e+05 1.283346e+05 9.771450e+04 8.125178e+04 7.167710e+04 6.564825e+04
5.263650e+05 5.263650e+05 5.263650e+05 5.263651e+05 5.263654e+05 5.263738e+05 5.263980e+05 5.264830e+05 5.265412e+05 5.266090e+05 5.267705e+05 5.269620e+05 5.271784e+05 5.274141e+05 5.276634e+05 5.279199e+05 5.281758e+05 5.289176e+05 5.250808e+05 5.056952e+05 4.583602e+05 3.858406e+05 3.075623e+05 1.901695e+05 1.289221e+05 9.808329e+04 8.147730e+04 7.180736e+04 6.573197e+04
5.308247e+05 5.308247e+05 5.308247e+05 5.308248e+05 5.308250e+05 5.308311e+05 5.308495e+05 5.309238e+05 5.309789e+05 5.310446e+05 5.312030e+05 5.313901e+05 5.315988e+05 5.318231e+05 5.320581e+05 5.322983e+05 5.325373e+05 5.331977e+05 5.291545e+05 5.092295e+05 4.611139e+05 3.878559e+05 3.090437e+05 1.910617e+05 1.294962e+05 9.845305e+04 8.171026e+04 7.194317e+04 6.581700e+04
5.351449e+05 5.351449e+05 5.351449e+05 5.351450e+05 5.351452e+05 5.351536e+05 5.351781e+05 5.352645e+05 5.353230e+05 5.353901e+05 5.355459e+05 5.357247e+05 5.359209e+05 5.361300e+05 5.363481e+05 5.365708e+05 5.367924e+05 5.373749e+05 5.331504e+05 5.127285e+05 4.638528e+05 3.898458e+05 3.104832e+05 1.919153e+05 1.300544e+05 9.882146e+04 8.194859e+04 7.208670e+04 6.590385e+04
5.394645e+05 5.394645e+05 5.394645e+05 5.394646e+05 5.394648e+05 5.394718e+05 5.394924e+05 5.395667e+05 5.396177e+05 5.396763e+05 5.398123e+05 5.399691e+05 5.401429e+05 5.403302e+05 5.405276e+05 5.407310e+05 5.409348e+05 5.414441e+05 5.370607e+05 5.161831e+05 4.665732e+05 3.918136e+05 3.118868e+05 1.927317e+05 1.305949e+05 9.918638e+04 8.219048e+04 7.223856e+04 6.599315e+04
5.437161e+05 5.437161e+05 5.437161e+05 5.437162e+05 5.437164e+05 5.437213e+05 5.437356e+05 5.437865e+05 5.438221e+05 5.438643e+05 5.439677e+05 5.440947e+05 5.442420e+05 5.444063e+05 5.445834e+05 5.447688e+05 5.449566e+05 5.454017e+05 5.408794e+05 5.195850e+05 4.692707e+05 3.937610e+05 3.132594e+05 1.935127e+05 1.311162e+05 9.954590e+04 8.243429e+04 7.239643e+04 6.608568e+04
5.477629e+05 5.477629e+05 5.477629e+05 5.477629e+05 5.477630e+05 5.477654e+05 5.477724e+05 5.478037e+05 5.478294e+05 5.478618e+05 5.479465e+05 5.480561e+05 5.481878e+05 5.483379e+05 5.485021e+05 5.486756e+05 5.488522e+05 5.492460e+05 5.446020e+05 5.229268e+05 4.719399e+05 3.956885e+05 3.146048e+05 1.942603e+05 1.316174e+05 9.989832e+04 8.267853e+04 7.255873e+04 6.618253e+04
5.514886e+05 5.514886e+05 5.514886e+05 5.514887e+05 5.514889e+05 5.514942e+05 5.515094e+05 5.515600e+05 5.515934e+05 5.516321e+05 5.517253e+05 5.518391e+05 5.519721e+05 5.521212e+05 5.522826e+05 5.524518e+05 5.526228e+05 5.529777e+05 5.482251e+05 5.262018e+05 4.745757e+05 3.975956e+05 3.159261e+05 1.949770e+05 1.320980e+05 1.002422e+05 8.292179e+04 7.272416e+04 6.628534e+04
5.550920e+05 5.550920e+05 5.550920e+05 5.550921e+05 5.550922e+05 5.550969e+05 5.551107e+05 5.551632e+05 5.552007e+05 5.552450e+05 5.553511e+05 5.554774e+05 5.556201e+05 5.557755e+05 5.559399e+05 5.561091e+05 5.562778e+05 5.565987e+05 5.517465e+05 5.294040e+05 4.771728e+05 3.994808e+05 3.172255e+05 1.956651e+05 1.325576e+05 1.005761e+05 8.316278e+04 7.289156e+04 6.639331e+04
5.585943e+05 5.585943e+05 5.585943e+05 5.585944e+05 5.585945e+05 5.586003e+05 5.586166e+05 5.586761e+05 5.587180e+05 5.587673e+05 5.588843e+05 5.590208e+05 5.591713e+05 5.593314e+05 5.594973e+05 5.596652e+05 5.598301e+05 5.601116e+05 5.551643e+05 5.325285e+05 4.797258e+05 4.013423e+05 3.185044e+05 1.963271e+05 1.329965e+05 1.008992e+05 8.340032e+04 7.305988e+04 6.650498e+04
5.620672e+05 5.620672e+05 5.620672e+05 5.620673e+05 5.620675e+05 5.620733e+05 5.620909e+05 5.621559e+05 5.622009e+05 5.622527e+05 5.623725e+05 5.625092e+05 5.626576e+05 5.628135e+05 5.629735e+05 5.631338e+05 5.632900e+05 5.635179e+05 5.584771e+05 5.355708e+05 4.822301e+05 4.031778e+05 3.197636e+05 1.969652e+05 1.334150e+05 1.012106e+05 8.363332e+04 7.322815e+04 6.661931e+04
5.655700e+05 5.655700e+05 5.655700e+05 5.655701e+05 5.655703e+05 5.655761e+05 5.655922e+05 5.656482e+05 5.656865e+05 5.657309e+05 5.658350e+05 5.659557e+05 5.660883e+05 5.662287e+05 5.663733e+05 5.665185e+05 5.666596e+05 5.668171e+05 5.616830e+05 5.385270e+05 4.846810e+05 4.049847e+05 3.210033e+05 1.975815e+05 1.338137e+05 1.015095e+05 8.386080e+04 7.339545e+04 6.673543e+04
5.690523e+05 5.690523e+05 5.690523e+05 5.690524e+05 5.690525e+05 5.690556e+05 5.690647e+05 5.691003e+05 5.691270e+05 5.691593e+05 5.692391e+05 5.693356e+05 5.694448e+05 5.695628e+05 5.696858e+05 5.698104e+05 5.699320e+05 5.700063e+05 5.647801e+05 5.413940e+05 4.870746e+05 4.067605e+05 3.222234e+05 1.981779e+05 1.341933e+05 1.017956e+05 8.408191e+04 7.356093e+04 6.685254e+04
5.723725e+05 5.723725e+05 5.723725e+05 5.723725e+05 5.723726e+05 5.723758e+05 5.723851e+05 5.724182e+05 5.724409e+05 5.724674e+05 5.725310e+05 5.726075e+05 5.726947e+05 5.727900e+05 5.728906e+05 5.729934e+05 5.730941e+05 5.730812e+05 5.677664e+05 5.441689e+05 4.894072e+05 4.085026e+05 3.234233e+05 1.987560e+05 1.345547e+05 1.020686e+05 8.429589e+04 7.372379e+04 6.696993e+04
5.755500e+05 5.755500e+05 5.755500e+05 5.755500e+05 5.755501e+05 5.755526e+05 5.755600e+05 5.755870e+05 5.756058e+05 5.756276e+05 5.756794e+05 5.757408e+05 5.758104e+05 5.758865e+05 5.759674e+05 5.760504e+05 5.761319e+05 5.760368e+05 5.706404e+05 5.468498e+05 4.916759e+05 4.102086e+05 3.246024e+05 1.993174e+05 1.348987e+05 1.023283e+05 8.450209e+04 7.388331e+04 6.708693e+04
5.785610e+05 5.785610e+05 5.785610e+05 5.785610e+05 5.785611e+05 5.785633e+05 5.785696e+05 5.785920e+05 5.786074e+05 5.786252e+05 5.786676e+05 5.787178e+05 5.787742e+05 5.788358e+05 5.789012e+05 5.789683e+05 5.790340e+05 5.788693e+05 5.734010e+05 5.494354e+05 4.938783e+05 4.118762e+05 3.257597e+05 1.998632e+05 1.352264e+05 1.025747e+05 8.469996e+04 7.403881e+04 6.720291e+04
5.813934e+05 5.813934e+05 5.813934e+05 5.813934e+05 5.813935e+05 5.813955e+05 5.814010e+05 5.814208e+05 5.814344e+05 5.814502e+05 5.814872e+05 5.815302e+05 5.815780e+05 5.816297e+05 5.816842e+05 5.817400e+05 5.817942e+05 5.815766e+05 5.760483e+05 5.519253e+05 4.960125e+05 4.135034e+05 3.268943e+05 2.003944e+05 1.355386e+05 1.028080e+05 8.488907e+04 7.418968e+04 6.731726e+04
5.840498e+05 5.840498e+05 5.840498e+05 5.840498e+05 5.840499e+05 5.840519e+05 5.840576e+05 5.840773e+05 5.840905e+05 5.841055e+05 5.841400e+05 5.841790e+05 5.842216e+05 5.842673e+05 5.843152e+05 5.843641e+05 5.844113e+05 5.841593e+05 5.785837e+05 5.543199e+05 4.980773e+05 4.150885e+05 3.280050e+05 2.009118e+05 1.358364e+05 1.030283e+05 8.506907e+04 7.433536e+04 6.742944e+04
5.865498e+05 5.865498e+05 5.865498e+05 5.865499e+05 5.865499e+05 5.865519e+05 5.865574e+05 5.865763e+05 5.865889e+05 5.866030e+05 5.866349e+05 5.866710e+05 5.867106e+05 5.867534e+05 5.867986e+05 5.868447e+05 5.868891e+05 5.866206e+05 5.810098e+05 5.566202e+05 5.000721e+05 4.166299e+05 3.290908e+05 2.014160e+05 1.361204e+05 1.032361e+05 8.523973e+04 7.447537e+04 6.753892e+04
5.889066e+05 5.889066e+05 5.889066e+05 5.889066e+05 5.889066e+05 5.889084e+05 5.889133e+05 5.889293e+05 5.889396e+05 5.889515e+05 5.889798e+05 5.890139e+05 5.890532e+05 5.890966e+05 5.891430e+05 5.891904e+05 5.892358e+05 5.889662e+05 5.833302e+05 5.588280e+05 5.019966e+05 4.181265e+05 3.301508e+05 2.019074e+05 1.363917e+05 1.034315e+05 8.540088e+04 7.460929e+04 6.764522e+04
5.911152e+05 5.911152e+05 5.911152e+05 5.911152e+05 5.911152e+05 5.911162e+05 5.911188e+05 5.911295e+05 5.911382e+05 5.911494e+05 5.911789e+05 5.912167e+05 5.912611e+05 5.913100e+05 5.913617e+05 5.914139e+05 5.914635e+05 5.912036e+05 5.855498e+05 5.609459e+05 5.038511e+05 4.195772e+05 3.311838e+05 2.023862e+05 1.366508e+05 1.036151e+05 8.555242e+04 7.473675e+04 6.774789e+04
5.931410e+05 5.931410e+05 5.931410e+05 5.931410e+05 5.931411e+05 5.931439e+05 5.931510e+05 5.931744e+05 5.931902e+05 5.932083e+05 5.932511e+05 5.933009e+05 5.933558e+05 5.934140e+05 5.934735e+05 5.935323e+05 5.935874e+05 5.933413e+05 5.876734e+05 5.629764e+05 5.056362e+05 4.209813e+05 3.321891e+05 2.028527e+05 1.368986e+05 1.037872e+05 8.569435e+04 7.485745e+04 6.784654e+04
5.951011e+05 5.951011e+05 5.951011e+05 5.951012e+05 5.951012e+05 5.951041e+05 5.951126e+05 5.951439e+05 5.951652e+05 5.951893e+05 5.952440e+05 5.953046e+05 5.953686e+05 5.954343e+05 5.955000e+05 5.955640e+05 5.956232e+05 5.953878e+05 5.897064e+05 5.649225e+05 5.073526e+05 4.223382e+05 3.331655e+05 2.033067e+05 1.371356e+05 1.039484e+05 8.582671e+04 7.497113e+04 6.794080e+04
5.970588e+05 5.970588e+05 5.970588e+05 5.970588e+05 5.970589e+05 5.970617e+05 5.970699e+05 5.971001e+05 5.971210e+05 5.971448e+05 5.971996e+05 5.972607e+05 5.973256e+05 5.973923e+05 5.974590e+05 5.975240e+05 5.975841e+05 5.973505e+05 5.916534e+05 5.667869e+05 5.090012e+05 4.236475e+05 3.341124e+05 2.037483e+05 1.373622e+05 1.040989e+05 8.594960e+04 7.507761e+04 6.803033e+04
5.990119e+05 5.990119e+05 5.990119e+05 5.990119e+05 5.990120e+05 5.990141e+05 5.990204e+05 5.990437e+05 5.990600e+05 5.990792e+05 5.991245e+05 5.991773e+05 5.992352e+05 5.992962e+05 5.993586e+05 5.994200e+05 5.994775e+05 5.992353e+05 5.935188e+05 5.685722e+05 5.105830e+05 4.249087e+05 3.350290e+05 2.041772e+05 1.375790e+05 1.042393e+05 8.606316e+04 7.517675e+04 6.811484e+04
6.009153e+05 6.009153e+05 6.009153e+05 6.009153e+05 6.009154e+05 6.009170e+05 6.009215e+05 6.009380e+05 6.009498e+05 6.009638e+05 6.009984e+05 6.010406e+05 6.010890e+05 6.011417e+05 6.011970e+05 6.012526e+05 6.013051e+05 6.010460e+05 5.953058e+05 5.702809e+05 5.120989e+05 4.261218e+05 3.359144e+05 2.045932e+05 1.377863e+05 1.043701e+05 8.616757e+04 7.526845e+04 6.819410e+04
6.027287e+05 6.027287e+05 6.027287e+05 6.027287e+05 6.027287e+05 6.027300e+05 6.027338e+05 6.027475e+05 6.027572e+05 6.027688e+05 6.027973e+05 6.028327e+05 6.028741e+05 6.029201e+05 6.029690e+05 6.030186e+05 6.030657e+05 6.027849e+05 5.970172e+05 5.719149e+05 5.135497e+05 4.272864e+05 3.367681e+05 2.049961e+05 1.379844e+05 1.044915e+05 8.626304e+04 7.535267e+04 6.826788e+04
6.044440e+05 6.044440e+05 6.044440e+05 6.044440e+05 6.044440e+05 6.044453e+05 6.044489e+05 6.044625e+05 6.044722e+05 6.044837e+05 6.045115e+05 6.045452e+05 6.045838e+05 6.046260e+05 6.046704e+05 6.047153e+05 6.047575e+05 6.044533e+05 5.986548e+05 5.734757e+05 5.149361e+05 4.284023e+05 3.375893e+05 2.053854e+05 1.381735e+05 1.046041e+05 8.634980e+04 7.542940e+04 6.833600e+04
6.060699e+05 6.060699e+05 6.060699e+05 6.060699e+05 6.060700e+05 6.060715e+05 6.060761e+05 6.060923e+05 6.061035e+05 6.061164e+05 6.061467e+05 6.061815e+05 6.062197e+05 6.062600e+05 6.063014e+05 6.063425e+05 6.063804e+05 6.060518e+05 6.002201e+05 5.749647e+05 5.162588e+05 4.294694e+05 3.383775e+05 2.057608e+05 1.383538e+05 1.047082e+05 8.642810e+04 7.549868e+04 6.839834e+04
6.076344e+05 6.076344e+05 6.076344e+05 6.076345e+05 6.076345e+05 6.076361e+05 6.076410e+05 6.076588e+05 6.076711e+05 6.076851e+05 6.077168e+05 6.077516e+05 6.077882e+05 6.078260e+05 6.078642e+05 6.079013e+05 6.079349e+05 6.075810e+05 6.017137e+05 5.763827e+05 5.175182e+05 4.304874e+05 3.391321e+05 2.061219e+05 1.385254e+05 1.048040e+05 8.649820e+04 7.556056e+04 6.845477e+04
6.091550e+05 6.091550e+05 6.091550e+05 6.091550e+05 6.091550e+05 6.091568e+05 6.091621e+05 6.091802e+05 6.091917e+05 6.092042e+05 6.092316e+05 6.092614e+05 6.092932e+05 6.093263e+05 6.093598e+05 6.093924e+05 6.094213e+05 6.090409e+05 6.031362e+05 5.777304e+05 5.187146e+05 4.314563e+05 3.398526e+05 2.064684e+05 1.386883e+05 1.048920e+05 8.656036e+04 7.561513e+04 6.850523e+04
6.106471e+05 6.106471e+05 6.106471e+05 6.106471e+05 6.106471e+05 6.106475e+05 6.106490e+05 6.106556e+05 6.106607e+05 6.106671e+05 6.106837e+05 6.107050e+05 6.107303e+05 6.107581e+05 6.107869e+05 6.108150e+05 6.108392e+05 6.104314e+05 6.044877e+05 5.790081e+05 5.198482e+05 4.323758e+05 3.405384e+05 2.067998e+05 1.388427e+05 1.049724e+05 8.661485e+04 7.566251e+04 6.854967e+04
6.120276e+05 6.120276e+05 6.120276e+05 6.120276e+05 6.120276e+05 6.120277e+05 6.120278e+05 6.120294e+05 6.120320e+05 6.120363e+05 6.120497e+05 6.120689e+05 6.120921e+05 6.121176e+05 6.121437e+05 6.121683e+05 6.121884e+05 6.117522e+05 6.057680e+05 5.802160e+05 5.209193e+05 4.332458e+05 3.411892e+05 2.071156e+05 1.389885e+05 1.050454e+05 8.666193e+04 7.570284e+04 6.858807e+04
6.132613e+05 6.132613e+05 6.132613e+05 6.132613e+05 6.132614e+05 6.132634e+05 6.132686e+05 6.132847e+05 6.132946e+05 6.133054e+05 6.133290e+05 6.133545e+05 6.133808e+05 6.134069e+05 6.134316e+05 6.134534e+05 6.134694e+05 6.130027e+05 6.069767e+05 5.813539e+05 5.219279e+05 4.340661e+05 3.418045e+05 2.074157e+05 1.391256e+05 1.051113e+05 8.670186e+04 7.573627e+04 6.862044e+04
6.144728e+05 6.144728e+05 6.144728e+05 6.144729e+05 6.144729e+05 6.144749e+05 6.144807e+05 6.145005e+05 6.145129e+05 6.145262e+05 6.145540e+05 6.145820e+05 6.146088e+05 6.146335e+05 6.146552e+05 6.146726e+05 6.146832e+05 6.141818e+05 6.081129e+05 5.824219e+05 5.228741e+05 4.348367e+05 3.423840e+05 2.076994e+05 1.392540e+05 1.051702e+05 8.673489e+04 7.576296e+04 6.864681e+04
6.156939e+05 6.156939e+05 6.156939e+05 6.156939e+05 6.156939e+05 6.156946e+05 6.156967e+05 6.157060e+05 6.157131e+05 6.157216e+05 6.157412e+05 6.157624e+05 6.157828e+05 6.158011e+05 6.158158e+05 6.158259e+05 6.158289e+05 6.152876e+05 6.091758e+05 5.834196e+05 5.237579e+05 4.355575e+05 3.429275e+05 2.079666e+05 1.393736e+05 1.052223e+05 8.676126e+04 7.578309e+04 6.866724e+04
6.168452e+05 6.168452e+05 6.168452e+05 6.168452e+05 6.168452e+05 6.168458e+05 6.168474e+05 6.168531e+05 6.168571e+05 6.168619e+05 6.168729e+05 6.168847e+05 6.168954e+05 6.169037e+05 6.169085e+05 6.169088e+05 6.169022e+05 6.163176e+05 6.101643e+05 5.843469e+05 5.245794e+05 4.362284e+05 3.434346e+05 2.082169e+05 1.394844e+05 1.052678e+05 8.678121e+04 7.579683e+04 6.868180e+04
6.179098e+05 6.179098e+05 6.179098e+05 6.179098e+05 6.179099e+05 6.179105e+05 6.179123e+05 6.179180e+05 6.179212e+05 6.179244e+05 6.179294e+05 6.179322e+05 6.179323e+05 6.179294e+05 6.179231e+05 6.179126e+05 6.178959e+05 6.172691e+05 6.110775e+05 5.852038e+05 5.253389e+05 4.368496e+05 3.439053e+05 2.084499e+05 1.395862e+05 1.053067e+05 8.679494e+04 7.580439e+04 6.869058e+04
6.188975e+05 6.188975e+05 6.188975e+05 6.188975e+05 6.188975e+05 6.188981e+05 6.188996e+05 6.189024e+05 6.189028e+05 6.189021e+05 6.188976e+05 6.188895e+05 6.188783e+05 6.188644e+05 6.188477e+05 6.188276e+05 6.188020e+05 6.181394e+05 6.119150e+05 5.859905e+05 5.260367e+05 4.374211e+05 3.443394e+05 2.086654e+05 1.396789e+05 1.053393e+05 8.680268e+04 7.580595e+04 6.869367e+04
6.197997e+05 6.197997e+05 6.197997e+05 6.197997e+05 6.197997e+05 6.197987e+05 6.197959e+05 6.197861e+05 6.197795e+05 6.197722e+05 6.197555e+05 6.197371e+05 6.197170e+05 6.196953e+05 6.196717e+05 6.196454e+05 6.196140e+05 6.189271e+05 6.126766e+05 5.867072e+05 5.266731e+05 4.379433e+05 3.447369e+05 2.088632e+05 1.397624e+05 1.053655e+05 8.680460e+04 7.580169e+04 6.869119e+04
6.205260e+05 6.205260e+05 6.205260e+05 6.205259e+05 6.205259e+05 6.205249e+05 6.205217e+05 6.205099e+05 6.205025e+05 6.204943e+05 6.204768e+05 6.204577e+05 6.204371e+05 6.204146e+05 6.203900e+05 6.203623e+05 6.203295e+05 6.196323e+05 6.133631e+05 5.873548e+05 5.272486e+05 4.384162e+05 3.450979e+05 2.090430e+05 1.398367e+05 1.053854e+05 8.680090e+04 7.579181e+04 6.868327e+04
6.210683e+05 6.210683e+05 6.210683e+05 6.210683e+05 6.210683e+05 6.210691e+05 6.210708e+05 6.210731e+05 6.210730e+05 6.210719e+05 6.210666e+05 6.210572e+05 6.210440e+05 6.210271e+05 6.210067e+05 6.209823e+05 6.209519e+05 6.202573e+05 6.139760e+05 5.879342e+05 5.277641e+05 4.388404e+05 3.454223e+05 2.092047e+05 1.399015e+05 1.053991e+05 8.679174e+04 7.577650e+04 6.867004e+04
6.215450e+05 6.215450e+05 6.215450e+05 6.215450e+05 6.215450e+05 6.215458e+05 6.215480e+05 6.215548e+05 6.215584e+05 6.215615e+05 6.215650e+05 6.215640e+05 6.215585e+05 6.215487e+05 6.215344e+05 6.215153e+05 6.214894e+05 6.208060e+05 6.145173e+05 5.884466e+05 5.282200e+05 4.392162e+05 3.457103e+05 2.093482e+05 1.399568e+05 1.054066e+05 8.677729e+04 7.575595e+04 6.865164e+04
6.219919e+05 6.219919e+05 6.219919e+05 6.219919e+05 6.219919e+05 6.219921e+05 6.219928e+05 6.219954e+05 6.219971e+05 6.219988e+05 6.220016e+05 6.220027e+05 6.220011e+05 6.219962e+05 6.219874e+05 6.219736e+05 6.219526e+05 6.212834e+05 6.149896e+05 5.888933e+05 5.286174e+05 4.395440e+05 3.459621e+05 2.094733e+05 1.400026e+05 1.054080e+05 8.675767e+04 7.573032e+04 6.862822e+04
6.223772e+05 6.223772e+05 6.223772e+05 6.223772e+05 6.223772e+05 6.223773e+05 6.223775e+05 6.223776e+05 6.223778e+05 6.223783e+05 6.223799e+05 6.223817e+05 6.223827e+05 6.223817e+05 6.223773e+05 6.223682e+05 6.223516e+05 6.216949e+05 6.153955e+05 5.892758e+05 5.289568e+05 4.398243e+05 3.461778e+05 2.095799e+05 1.400388e+05 1.054034e+05 8.673304e+04 7.569980e+04 6.859991e+04
6.226855e+05 6.226855e+05 6.226855e+05 6.226855e+05 6.226855e+05 6.226858e+05 6.226868e+05 6.226902e+05 6.226925e+05 6.226950e+05 6.227005e+05 6.227062e+05 6.227112e+05 6.227141e+05 6.227138e+05 6.227084e+05 6.226951e+05 6.220452e+05 6.157372e+05 5.895950e+05 5.292392e+05 4.400575e+05 3.463578e+05 2.096681e+05 1.400652e+05 1.053926e+05 8.670351e+04 7.566455e+04 6.856688e+04
6.229468e+05 6.229468e+05 6.229468e+05 6.229468e+05 6.229468e+05 6.229476e+05 6.229498e+05 6.229572e+05 6.229620e+05 6.229670e+05 6.229776e+05 6.229879e+05 6.229969e+05 6.230033e+05 6.230056e+05 6.230022e+05 6.229903e+05 6.223380e+05 6.160163e+05 5.898521e+05 5.294650e+05 4.402441e+05 3.465023e+05 2.097377e+05 1.400818e+05 1.053759e+05 8.666921e+04 7.562474e+04 6.852927e+04
6.231949e+05 6.231949e+05 6.231949e+05 6.231949e+05 6.231950e+05 6.231957e+05 6.231978e+05 6.232052e+05 6.232102e+05 6.232158e+05 6.232280e+05 6.232401e+05 6.232505e+05 6.232576e+05 6.232599e+05 6.232557e+05 6.232421e+05 6.225751e+05 6.162339e+05 5.900476e+05 5.296349e+05 4.403847e+05 3.466115e+05 2.097889e+05 1.400886e+05 1.053531e+05 8.663023e+04 7.558052e+04 6.848723e+04
6.234287e+05 6.234287e+05 6.234287e+05 6.234287e+05 6.234287e+05 6.234294e+05 6.234313e+05 6.234381e+05 6.234427e+05 6.234479e+05 6.234589e+05 6.234693e+05 6.234773e+05 6.234812e+05 6.234794e+05 6.234705e+05 6.234518e+05 6.227565e+05 6.163897e+05 5.901818e+05 5.297494e+05 4.404795e+05 3.466858e+05 2.098217e+05 1.400856e+05 1.053243e+05 8.658668e+04 7.553203e+04 6.844092e+04
6.236461e+05 6.236461e+05 6.236461e+05 6.236461e+05 6.236461e+05 6.236467e+05 6.236485e+05 6.236543e+05 6.236579e+05 6.236616e+05 6.236687e+05 6.236738e+05 6.236751e+05 6.236713e+05 6.236611e+05 6.236433e+05 6.236156e+05 6.228796e+05 6.164830e+05 5.902546e+05 5.298087e+05 4.405291e+05 3.467256e+05 2.098362e+05 1.400728e+05 1.052896e+05 8.653866e+04 7.547943e+04 6.839047e+04
6.238442e+05 6.238442e+05 6.238442e+05 6.238442e+05 6.238442e+05 6.238443e+05 6.238447e+05 6.238464e+05 6.238473e+05 6.238481e+05 6.238477e+05 6.238434e+05 6.238337e+05 6.238178e+05 6.237952e+05 6.237651e+05 6.237255e+05 6.229405e+05 6.165123e+05 5.902659e+05 5.298134e+05 4.405339e+05 3.467312e+05 2.098324e+05 1.400501e+05 1.052489e+05 8.648624e+04 7.542285e+04 6.833605e+04
