5.550573e+05 3.103430e+05 2.671622e+05 2.106333e+05 1.887050e+05 1.499986e+05 1.385774e+05 1.279870e+05 1.255643e+05 1.242601e+05 1.238508e+05 1.253223e+05 1.280190e+05 1.316022e+05 1.358304e+05 1.403978e+05 1.447884e+05 1.336809e+05 7.876626e+04 4.928094e+04 3.687574e+04 3.111809e+04 2.819777e+04 2.589901e+04 2.562387e+04 2.637865e+04 2.796196e+04 3.042306e+04 3.389161e+04
1.487696e+05 1.487713e+05 1.487756e+05 1.487803e+05 1.483057e+05 1.425393e+05 1.352071e+05 1.266853e+05 1.246956e+05 1.236871e+05 1.236501e+05 1.253427e+05 1.281854e+05 1.318734e+05 1.361805e+05 1.408068e+05 1.452368e+05 1.339841e+05 7.880267e+04 4.925499e+04 3.684820e+04 3.109845e+04 2.818578e+04 2.589758e+04 2.562875e+04 2.638809e+04 2.797571e+04 3.044167e+04 3.391604e+04
1.392306e+05 1.392309e+05 1.392314e+05 1.392304e+05 1.391579e+05 1.368086e+05 1.310828e+05 1.250175e+05 1.236399e+05 1.230202e+05 1.234367e+05 1.253796e+05 1.283802e+05 1.321780e+05 1.365660e+05 1.412515e+05 1.457199e+05 1.343031e+05 7.884106e+04 4.922865e+04 3.682023e+04 3.107856e+04 2.817368e+04 2.589619e+04 2.563372e+04 2.639765e+04 2.798960e+04 3.046045e+04 3.394066e+04
1.317326e+05 1.317328e+05 1.317331e+05 1.317375e+05 1.317284e+05 1.299153e+05 1.285150e+05 1.231738e+05 1.224545e+05 1.222838e+05 1.232191e+05 1.254375e+05 1.286063e+05 1.325183e+05 1.369887e+05 1.417334e+05 1.462389e+05 1.346385e+05 7.888149e+04 4.920193e+04 3.679183e+04 3.105843e+04 2.816148e+04 2.589485e+04 2.563878e+04 2.640732e+04 2.800363e+04 3.047940e+04 3.396550e+04
1.264047e+05 1.264048e+05 1.264051e+05 1.264104e+05 1.264168e+05 1.254687e+05 1.249921e+05 1.218597e+05 1.213346e+05 1.215475e+05 1.230118e+05 1.255217e+05 1.288666e+05 1.328962e+05 1.374503e+05 1.422538e+05 1.467951e+05 1.349905e+05 7.892400e+04 4.917484e+04 3.676301e+04 3.103805e+04 2.814918e+04 2.589354e+04 2.564393e+04 2.641712e+04 2.801781e+04 3.049853e+04 3.399053e+04
1.226949e+05 1.226950e+05 1.226952e+05 1.227007e+05 1.227122e+05 1.223777e+05 1.217997e+05 1.213866e+05 1.207478e+05 1.209728e+05 1.228451e+05 1.256405e+05 1.291643e+05 1.333136e+05 1.379519e+05 1.428139e+05 1.473894e+05 1.353596e+05 7.896864e+04 4.914738e+04 3.673376e+04 3.101744e+04 2.813679e+04 2.589228e+04 2.564918e+04 2.642704e+04 2.803214e+04 3.051783e+04 3.401578e+04
1.203030e+05 1.203031e+05 1.203033e+05 1.203082e+05 1.203202e+05 1.202793e+05 1.197372e+05 1.210212e+05 1.207855e+05 1.208773e+05 1.227772e+05 1.258093e+05 1.295048e+05 1.337728e+05 1.384950e+05 1.434146e+05 1.480226e+05 1.357460e+05 7.901544e+04 4.911956e+04 3.670409e+04 3.099659e+04 2.812430e+04 2.589107e+04 2.565453e+04 2.643709e+04 2.804661e+04 3.053730e+04 3.404123e+04
1.188834e+05 1.188835e+05 1.188836e+05 1.188880e+05 1.188993e+05 1.189866e+05 1.186408e+05 1.205466e+05 1.210015e+05 1.212587e+05 1.229098e+05 1.260547e+05 1.298967e+05 1.342773e+05 1.390815e+05 1.440571e+05 1.486955e+05 1.361499e+05 7.906442e+04 4.909137e+04 3.667400e+04 3.097552e+04 2.811173e+04 2.588990e+04 2.565998e+04 2.644725e+04 2.806123e+04 3.055695e+04 3.406690e+04
1.181608e+05 1.181608e+05 1.181610e+05 1.181648e+05 1.181749e+05 1.183288e+05 1.182195e+05 1.201017e+05 1.211923e+05 1.218265e+05 1.234056e+05 1.264197e+05 1.303547e+05 1.348329e+05 1.397139e+05 1.447428e+05 1.494092e+05 1.365715e+05 7.911560e+04 4.906283e+04 3.664350e+04 3.095421e+04 2.809906e+04 2.588878e+04 2.566552e+04 2.645754e+04 2.807599e+04 3.057677e+04 3.409277e+04
1.179866e+05 1.179867e+05 1.179868e+05 1.179904e+05 1.180013e+05 1.182059e+05 1.182796e+05 1.198769e+05 1.213506e+05 1.224206e+05 1.242050e+05 1.269735e+05 1.309006e+05 1.354483e+05 1.403960e+05 1.454737e+05 1.501646e+05 1.370110e+05 7.916898e+04 4.903392e+04 3.661259e+04 3.093268e+04 2.808631e+04 2.588772e+04 2.567117e+04 2.646796e+04 2.809091e+04 3.059678e+04 3.411886e+04
1.183318e+05 1.183318e+05 1.183319e+05 1.183350e+05 1.183438e+05 1.185239e+05 1.186944e+05 1.199705e+05 1.215628e+05 1.229894e+05 1.251670e+05 1.278070e+05 1.315671e+05 1.361364e+05 1.411339e+05 1.462526e+05 1.509634e+05 1.374686e+05 7.922455e+04 4.900465e+04 3.658127e+04 3.091093e+04 2.807349e+04 2.588671e+04 2.567692e+04 2.647850e+04 2.810598e+04 3.061696e+04 3.414516e+04
1.231705e+05 1.231705e+05 1.231706e+05 1.231726e+05 1.231785e+05 1.233291e+05 1.236611e+05 1.244360e+05 1.253093e+05 1.267369e+05 1.303951e+05 1.339534e+05 1.374839e+05 1.414822e+05 1.460895e+05 1.510756e+05 1.557174e+05 1.400315e+05 7.953467e+04 4.885260e+04 3.641858e+04 3.079897e+04 2.800824e+04 2.588252e+04 2.570722e+04 2.653316e+04 2.818361e+04 3.072060e+04 3.427990e+04
1.308370e+05 1.308370e+05 1.308371e+05 1.308386e+05 1.308432e+05 1.309716e+05 1.313056e+05 1.322506e+05 1.328646e+05 1.337623e+05 1.367528e+05 1.408473e+05 1.452038e+05 1.495633e+05 1.540039e+05 1.584479e+05 1.624291e+05 1.430814e+05 7.989579e+04 4.869029e+04 3.624587e+04 3.068196e+04 2.794142e+04 2.587995e+04 2.574024e+04 2.659113e+04 2.826514e+04 3.082888e+04 3.442017e+04
1.402758e+05 1.402758e+05 1.402758e+05 1.402771e+05 1.402810e+05 1.403928e+05 1.407088e+05 1.417583e+05 1.424193e+05 1.432036e+05 1.455112e+05 1.490959e+05 1.536234e+05 1.585159e+05 1.633621e+05 1.678386e+05 1.714411e+05 1.467259e+05 8.030599e+04 4.851663e+04 3.606337e+04 3.056037e+04 2.787343e+04 2.587922e+04 2.577610e+04 2.665251e+04 2.835070e+04 3.094194e+04 3.456611e+04
1.513101e+05 1.513101e+05 1.513101e+05 1.513113e+05 1.513148e+05 1.514200e+05 1.517245e+05 1.527968e+05 1.535051e+05 1.543108e+05 1.563654e+05 1.593856e+05 1.634998e+05 1.683751e+05 1.734583e+05 1.781236e+05 1.816241e+05 1.512490e+05 8.077248e+04 4.833171e+04 3.587168e+04 3.043481e+04 2.780472e+04 2.588056e+04 2.581495e+04 2.671741e+04 2.844038e+04 3.105989e+04 3.471787e+04
1.638422e+05 1.638422e+05 1.638423e+05 1.638433e+05 1.638465e+05 1.639440e+05 1.642305e+05 1.652787e+05 1.660028e+05 1.668386e+05 1.688654e+05 1.715795e+05 1.752134e+05 1.796812e+05 1.845453e+05 1.890988e+05 1.924033e+05 1.565334e+05 8.132309e+04 4.813847e+04 3.567226e+04 3.030619e+04 2.773589e+04 2.588419e+04 2.585689e+04 2.678593e+04 2.853430e+04 3.118288e+04 3.487562e+04
1.776660e+05 1.776660e+05 1.776661e+05 1.776671e+05 1.776702e+05 1.777658e+05 1.780500e+05 1.791085e+05 1.798542e+05 1.807257e+05 1.828165e+05 1.854282e+05 1.887001e+05 1.926324e+05 1.969254e+05 2.009363e+05 2.036805e+05 1.620382e+05 8.201960e+04 4.794469e+04 3.546790e+04 3.017593e+04 2.766769e+04 2.589040e+04 2.590206e+04 2.685816e+04 2.863255e+04 3.131103e+04 3.503952e+04
1.929540e+05 1.929540e+05 1.929540e+05 1.929550e+05 1.929580e+05 1.930517e+05 1.933333e+05 1.944007e+05 1.951639e+05 1.960643e+05 1.982242e+05 2.007983e+05 2.037696e+05 2.071042e+05 2.105841e+05 2.136688e+05 2.154255e+05 1.673115e+05 8.277014e+04 4.776705e+04 3.526338e+04 3.004615e+04 2.760121e+04 2.589949e+04 2.595058e+04 2.693418e+04 2.873525e+04 3.144447e+04 3.520971e+04
2.098111e+05 2.098111e+05 2.098111e+05 2.098121e+05 2.098151e+05 2.099090e+05 2.101920e+05 2.112681e+05 2.120432e+05 2.129606e+05 2.151375e+05 2.175930e+05 2.201603e+05 2.227408e+05 2.251633e+05 2.269887e+05 2.273754e+05 1.719901e+05 8.342372e+04 4.762933e+04 3.506618e+04 2.991989e+04 2.753787e+04 2.591188e+04 2.600259e+04 2.701411e+04 2.884249e+04 3.158332e+04 3.538636e+04
2.283259e+05 2.283259e+05 2.283259e+05 2.283268e+05 2.283298e+05 2.284213e+05 2.287003e+05 2.297807e+05 2.305612e+05 2.314706e+05 2.335130e+05 2.355662e+05 2.373897e+05 2.388822e+05 2.399334e+05 2.401977e+05 2.389236e+05 1.757877e+05 8.386172e+04 4.749737e+04 3.488890e+04 2.980136e+04 2.747961e+04 2.592805e+04 2.605828e+04 2.709803e+04 2.895438e+04 3.172773e+04 3.556962e+04
2.485233e+05 2.485233e+05 2.485233e+05 2.485243e+05 2.485274e+05 2.486226e+05 2.489131e+05 2.500137e+05 2.507497e+05 2.515262e+05 2.529584e+05 2.539673e+05 2.544295e+05 2.543517e+05 2.537015e+05 2.521942e+05 2.491302e+05 1.784710e+05 8.399863e+04 4.733464e+04 3.474279e+04 2.969637e+04 2.742890e+04 2.594865e+04 2.611785e+04 2.718607e+04 2.907104e+04 3.187783e+04 3.575968e+04
2.706967e+05 2.706968e+05 2.706968e+05 2.706978e+05 2.707008e+05 2.707965e+05 2.710852e+05 2.718793e+05 2.721408e+05 2.722271e+05 2.718482e+05 2.708139e+05 2.692505e+05 2.672538e+05 2.647947e+05 2.615675e+05 2.568578e+05 1.798580e+05 8.378669e+04 4.711590e+04 3.461268e+04 2.961412e+04 2.738900e+04 2.597449e+04 2.618157e+04 2.727836e+04 2.919259e+04 3.203377e+04 3.595670e+04
2.949403e+05 2.949403e+05 2.949403e+05 2.949408e+05 2.949385e+05 2.947263e+05 2.940152e+05 2.917086e+05 2.903087e+05 2.888118e+05 2.856291e+05 2.822851e+05 2.788279e+05 2.752490e+05 2.714184e+05 2.669500e+05 2.610800e+05 1.798433e+05 8.321503e+04 4.682587e+04 3.448631e+04 2.955910e+04 2.736422e+04 2.600657e+04 2.624977e+04 2.737507e+04 2.931916e+04 3.219568e+04 3.616085e+04
2.983995e+05 2.983994e+05 2.983994e+05 2.983982e+05 2.983943e+05 2.982499e+05 2.977253e+05 2.954884e+05 2.939471e+05 2.922448e+05 2.885693e+05 2.847182e+05 2.807851e+05 2.767647e+05 2.725088e+05 2.676091e+05 2.612914e+05 1.784308e+05 8.230412e+04 4.645925e+04 3.435531e+04 2.952260e+04 2.736128e+04 2.604612e+04 2.632286e+04 2.747638e+04 2.945091e+04 3.236375e+04 3.637232e+04
2.857188e+05 2.857188e+05 2.857188e+05 2.857185e+05 2.857175e+05 2.856833e+05 2.855564e+05 2.848951e+05 2.842916e+05 2.834913e+05 2.813627e+05 2.786846e+05 2.756168e+05 2.722309e+05 2.684338e+05 2.638537e+05 2.577486e+05 1.757454e+05 8.109753e+04 4.601963e+04 3.421433e+04 2.949846e+04 2.738095e+04 2.609469e+04 2.640134e+04 2.758254e+04 2.958801e+04 3.253813e+04 3.659131e+04
2.712953e+05 2.712953e+05 2.712953e+05 2.712952e+05 2.712949e+05 2.712839e+05 2.712428e+05 2.710293e+05 2.708200e+05 2.705117e+05 2.695344e+05 2.680475e+05 2.660832e+05 2.636670e+05 2.606999e+05 2.568233e+05 2.513200e+05 1.720110e+05 7.965296e+04 4.551739e+04 3.406092e+04 2.948210e+04 2.741747e+04 2.615420e+04 2.648581e+04 2.769382e+04 2.973066e+04 3.271903e+04 3.681802e+04
2.577382e+05 2.577382e+05 2.577382e+05 2.577382e+05 2.577381e+05 2.577331e+05 2.577140e+05 2.576117e+05 2.575111e+05 2.573621e+05 2.568667e+05 2.560390e+05 2.548323e+05 2.532030e+05 2.510081e+05 2.478698e+05 2.430743e+05 1.675029e+05 7.803370e+04 4.496714e+04 3.389518e+04 2.947011e+04 2.746690e+04 2.622738e+04 2.657703e+04 2.781058e+04 2.987908e+04 3.290665e+04 3.705267e+04
2.454535e+05 2.454535e+05 2.454535e+05 2.454534e+05 2.454530e+05 2.454424e+05 2.454116e+05 2.452885e+05 2.451922e+05 2.450680e+05 2.447122e+05 2.441644e+05 2.433659e+05 2.422401e+05 2.406109e+05 2.380806e+05 2.339324e+05 1.624969e+05 7.630156e+04 4.438528e+04 3.371924e+04 2.946015e+04 2.752607e+04 2.631783e+04 2.667588e+04 2.793320e+04 3.003355e+04 3.310122e+04 3.729550e+04
2.339587e+05 2.339587e+05 2.339587e+05 2.339586e+05 2.339584e+05 2.339496e+05 2.339205e+05 2.337971e+05 2.337037e+05 2.335891e+05 2.332896e+05 2.328718e+05 2.322918e+05 2.314710e+05 2.302245e+05 2.281494e+05 2.245350e+05 1.572330e+05 7.451187e+04 4.378798e+04 3.353662e+04 2.945088e+04 2.759238e+04 2.642343e+04 2.678349e+04 2.806218e+04 3.019437e+04 3.330300e+04 3.754675e+04
2.230643e+05 2.230643e+05 2.230643e+05 2.230643e+05 2.230641e+05 2.230588e+05 2.230400e+05 2.229555e+05 2.228872e+05 2.228005e+05 2.225684e+05 2.222466e+05 2.218081e+05 2.211853e+05 2.202006e+05 2.184606e+05 2.152717e+05 1.518991e+05 7.271071e+04 4.318980e+04 3.335162e+04 2.944186e+04 2.766372e+04 2.654135e+04 2.690130e+04 2.819808e+04 3.036189e+04 3.351228e+04 3.780670e+04
2.129152e+05 2.129152e+05 2.129152e+05 2.129151e+05 2.129150e+05 2.129117e+05 2.128998e+05 2.128438e+05 2.127966e+05 2.127348e+05 2.125630e+05 2.123186e+05 2.119828e+05 2.114982e+05 2.106991e+05 2.092085e+05 2.063579e+05 1.466307e+05 7.093405e+04 4.260294e+04 3.316870e+04 2.943339e+04 2.773853e+04 2.666948e+04 2.703150e+04 2.834158e+04 3.053651e+04 3.372937e+04 3.807564e+04
2.035587e+05 2.035587e+05 2.035587e+05 2.035586e+05 2.035586e+05 2.035559e+05 2.035464e+05 2.035027e+05 2.034666e+05 2.034194e+05 2.032876e+05 2.030980e+05 2.028352e+05 2.024486e+05 2.017836e+05 2.004817e+05 1.979022e+05 1.415183e+05 6.920829e+04 4.203697e+04 3.299209e+04 2.942626e+04 2.781570e+04 2.680601e+04 2.717547e+04 2.849347e+04 3.071870e+04 3.395463e+04 3.835388e+04
1.949317e+05 1.949317e+05 1.949317e+05 1.949317e+05 1.949317e+05 1.949296e+05 1.949223e+05 1.948879e+05 1.948590e+05 1.948211e+05 1.947148e+05 1.945617e+05 1.943492e+05 1.940319e+05 1.934651e+05 1.923082e+05 1.899487e+05 1.366179e+05 6.755149e+04 4.149887e+04 3.282546e+04 2.942163e+04 2.789460e+04 2.694933e+04 2.733113e+04 2.865476e+04 3.090898e+04 3.418845e+04 3.864178e+04
1.869774e+05 1.869774e+05 1.869774e+05 1.869774e+05 1.869774e+05 1.869760e+05 1.869703e+05 1.869410e+05 1.869157e+05 1.868826e+05 1.867911e+05 1.866618e+05 1.864844e+05 1.862172e+05 1.857240e+05 1.846811e+05 1.825037e+05 1.319601e+05 6.597497e+04 4.099335e+04 3.267177e+04 2.942078e+04 2.797496e+04 2.709804e+04 2.749694e+04 2.882675e+04 3.110796e+04 3.443127e+04 3.893969e+04
1.796291e+05 1.796291e+05 1.796291e+05 1.796291e+05 1.796290e+05 1.796265e+05 1.796183e+05 1.795857e+05 1.795611e+05 1.795305e+05 1.794495e+05 1.793388e+05 1.791887e+05 1.789606e+05 1.785254e+05 1.775753e+05 1.755518e+05 1.275582e+05 6.448478e+04 4.052316e+04 3.253325e+04 2.942499e+04 2.805682e+04 2.725093e+04 2.767169e+04 2.901140e+04 3.131634e+04 3.468357e+04 3.924804e+04
1.727648e+05 1.727648e+05 1.727648e+05 1.727648e+05 1.727648e+05 1.727634e+05 1.727586e+05 1.727362e+05 1.727176e+05 1.726936e+05 1.726284e+05 1.725374e+05 1.724125e+05 1.722176e+05 1.718307e+05 1.709585e+05 1.690677e+05 1.234139e+05 6.308315e+04 4.008954e+04 3.241138e+04 2.943545e+04 2.814046e+04 2.740702e+04 2.785432e+04 2.920862e+04 3.153496e+04 3.494590e+04 3.956726e+04
1.663878e+05 1.663878e+05 1.663878e+05 1.663878e+05 1.663878e+05 1.663872e+05 1.663846e+05 1.663705e+05 1.663577e+05 1.663404e+05 1.662908e+05 1.662185e+05 1.661160e+05 1.659494e+05 1.656029e+05 1.647971e+05 1.630224e+05 1.195215e+05 6.176951e+04 3.969250e+04 3.230701e+04 2.945316e+04 2.822629e+04 2.756551e+04 2.804388e+04 2.941708e+04 3.176483e+04 3.521886e+04 3.989783e+04
1.604884e+05 1.604884e+05 1.604884e+05 1.604884e+05 1.604884e+05 1.604877e+05 1.604853e+05 1.604735e+05 1.604632e+05 1.604494e+05 1.604096e+05 1.603506e+05 1.602651e+05 1.601209e+05 1.598077e+05 1.590585e+05 1.573858e+05 1.158709e+05 6.054145e+04 3.933121e+04 3.222044e+04 2.947888e+04 2.831481e+04 2.772581e+04 2.823954e+04 2.963592e+04 3.200731e+04 3.550315e+04 4.024028e+04
1.550174e+05 1.550174e+05 1.550174e+05 1.550174e+05 1.550174e+05 1.550169e+05 1.550149e+05 1.550045e+05 1.549956e+05 1.549836e+05 1.549494e+05 1.548989e+05 1.548251e+05 1.546977e+05 1.544111e+05 1.537100e+05 1.521275e+05 1.124493e+05 5.939531e+04 3.900423e+04 3.215150e+04 2.951317e+04 2.840655e+04 2.788756e+04 2.844057e+04 2.986448e+04 3.226397e+04 3.579953e+04 4.059519e+04
1.499307e+05 1.499307e+05 1.499307e+05 1.499307e+05 1.499307e+05 1.499304e+05 1.499290e+05 1.499204e+05 1.499125e+05 1.499017e+05 1.498705e+05 1.498249e+05 1.497590e+05 1.496440e+05 1.493789e+05 1.487192e+05 1.472171e+05 1.092428e+05 5.832671e+04 3.870971e+04 3.209969e+04 2.955636e+04 2.850201e+04 2.805052e+04 2.864636e+04 3.010218e+04 3.253407e+04 3.610891e+04 4.096317e+04
1.451965e+05 1.451965e+05 1.451965e+05 1.451965e+05 1.451965e+05 1.451959e+05 1.451937e+05 1.451832e+05 1.451745e+05 1.451632e+05 1.451327e+05 1.450900e+05 1.450298e+05 1.449247e+05 1.446778e+05 1.440546e+05 1.426251e+05 1.062367e+05 5.733087e+04 3.844556e+04 3.206425e+04 2.960857e+04 2.860165e+04 2.821467e+04 2.885642e+04 3.034854e+04 3.281693e+04 3.643239e+04 4.134493e+04
1.407590e+05 1.407590e+05 1.407590e+05 1.407590e+05 1.407590e+05 1.407581e+05 1.407553e+05 1.407438e+05 1.407350e+05 1.407242e+05 1.406958e+05 1.406571e+05 1.406031e+05 1.405074e+05 1.402772e+05 1.396872e+05 1.383244e+05 1.034168e+05 5.640288e+04 3.820957e+04 3.204426e+04 2.966977e+04 2.870586e+04 2.838009e+04 2.907037e+04 3.060312e+04 3.311211e+04 3.677153e+04 4.174123e+04
1.365752e+05 1.365752e+05 1.365752e+05 1.365752e+05 1.365752e+05 1.365749e+05 1.365736e+05 1.365668e+05 1.365607e+05 1.365527e+05 1.365302e+05 1.364981e+05 1.364515e+05 1.363654e+05 1.361510e+05 1.355917e+05 1.342906e+05 1.007693e+05 5.553781e+04 3.799951e+04 3.203868e+04 2.973978e+04 2.881497e+04 2.854698e+04 2.928795e+04 3.086558e+04 3.341932e+04 3.712714e+04 4.215294e+04
1.326517e+05 1.326517e+05 1.326517e+05 1.326517e+05 1.326517e+05 1.326517e+05 1.326512e+05 1.326473e+05 1.326432e+05 1.326376e+05 1.326204e+05 1.325943e+05 1.325547e+05 1.324776e+05 1.322775e+05 1.317464e+05 1.305024e+05 9.828116e+04 5.473090e+04 3.781321e+04 3.204642e+04 2.981832e+04 2.892922e+04 2.871565e+04 2.950904e+04 3.113563e+04 3.373831e+04 3.749856e+04 4.258106e+04
1.289810e+05 1.289810e+05 1.289810e+05 1.289810e+05 1.289810e+05 1.289808e+05 1.289799e+05 1.289757e+05 1.289720e+05 1.289670e+05 1.289523e+05 1.289300e+05 1.288955e+05 1.288255e+05 1.286377e+05 1.281319e+05 1.269405e+05 9.594007e+04 5.397759e+04 3.764854e+04 3.206640e+04 2.990506e+04 2.904881e+04 2.888647e+04 2.973361e+04 3.141307e+04 3.406889e+04 3.788550e+04 4.302682e+04
1.255331e+05 1.255331e+05 1.255331e+05 1.255331e+05 1.255331e+05 1.255329e+05 1.255322e+05 1.255283e+05 1.255249e+05 1.255204e+05 1.255071e+05 1.254872e+05 1.254561e+05 1.253913e+05 1.252137e+05 1.247304e+05 1.235871e+05 9.373456e+04 5.327357e+04 3.750355e+04 3.209756e+04 2.999960e+04 2.917388e+04 2.905986e+04 2.996175e+04 3.169778e+04 3.441095e+04 3.828780e+04 4.349186e+04
1.222884e+05 1.222884e+05 1.222884e+05 1.222884e+05 1.222884e+05 1.222884e+05 1.222879e+05 1.222849e+05 1.222820e+05 1.222780e+05 1.222659e+05 1.222473e+05 1.222182e+05 1.221569e+05 1.219876e+05 1.215241e+05 1.204250e+05 9.165389e+04 5.261481e+04 3.737640e+04 3.213888e+04 3.010154e+04 2.930450e+04 2.923629e+04 3.019366e+04 3.198970e+04 3.476438e+04 3.870539e+04 4.397627e+04
1.192337e+05 1.192337e+05 1.192337e+05 1.192337e+05 1.192337e+05 1.192336e+05 1.192332e+05 1.192305e+05 1.192276e+05 1.192235e+05 1.192110e+05 1.191922e+05 1.191635e+05 1.191044e+05 1.189417e+05 1.184961e+05 1.174379e+05 8.968806e+04 5.199761e+04 3.726540e+04 3.218945e+04 3.021048e+04 2.944076e+04 2.941624e+04 3.042962e+04 3.228886e+04 3.512916e+04 3.913826e+04 4.447970e+04
1.163547e+05 1.163547e+05 1.163547e+05 1.163547e+05 1.163546e+05 1.163543e+05 1.163531e+05 1.163475e+05 1.163431e+05 1.163374e+05 1.163226e+05 1.163024e+05 1.162734e+05 1.162160e+05 1.160592e+05 1.156301e+05 1.146104e+05 8.782788e+04 5.141855e+04 3.716906e+04 3.224841e+04 3.032604e+04 2.958268e+04 2.960022e+04 3.067000e+04 3.259538e+04 3.550531e+04 3.958643e+04 4.500206e+04
1.136142e+05 1.136142e+05 1.136142e+05 1.136142e+05 1.136142e+05 1.136136e+05 1.136118e+05 1.136048e+05 1.135997e+05 1.135936e+05 1.135782e+05 1.135582e+05 1.135301e+05 1.134751e+05 1.133246e+05 1.129114e+05 1.119284e+05 8.606497e+04 5.087455e+04 3.708602e+04 3.231503e+04 3.044789e+04 2.973032e+04 2.978876e+04 3.091524e+04 3.290945e+04 3.589290e+04 4.004997e+04 4.554340e+04
1.109880e+05 1.109880e+05 1.109880e+05 1.109880e+05 1.109880e+05 1.109878e+05 1.109870e+05 1.109831e+05 1.109797e+05 1.109753e+05 1.109629e+05 1.109457e+05 1.109204e+05 1.108689e+05 1.107252e+05 1.103279e+05 1.093801e+05 8.439180e+04 5.036280e+04 3.701511e+04 3.238867e+04 3.057573e+04 2.988373e+04 2.998237e+04 3.116584e+04 3.323134e+04 3.629205e+04 4.052899e+04 4.610379e+04
1.084898e+05 1.084898e+05 1.084898e+05 1.084898e+05 1.084898e+05 1.084898e+05 1.084896e+05 1.084875e+05 1.084853e+05 1.084822e+05 1.084727e+05 1.084583e+05 1.084361e+05 1.083884e+05 1.082516e+05 1.078697e+05 1.069557e+05 8.280164e+04 4.988079e+04 3.695531e+04 3.246880e+04 3.070934e+04 3.004296e+04 3.018159e+04 3.142237e+04 3.356138e+04 3.670295e+04 4.102361e+04 4.668336e+04
1.061216e+05 1.061216e+05 1.061216e+05 1.061216e+05 1.061216e+05 1.061214e+05 1.061208e+05 1.061179e+05 1.061156e+05 1.061125e+05 1.061038e+05 1.060909e+05 1.060709e+05 1.060264e+05 1.058960e+05 1.055286e+05 1.046467e+05 8.128841e+04 4.942626e+04 3.690575e+04 3.255500e+04 3.084854e+04 3.020811e+04 3.038696e+04 3.168544e+04 3.389999e+04 3.712583e+04 4.153402e+04 4.728228e+04
1.038653e+05 1.038653e+05 1.038653e+05 1.038653e+05 1.038653e+05 1.038651e+05 1.038645e+05 1.038616e+05 1.038593e+05 1.038563e+05 1.038480e+05 1.038362e+05 1.038177e+05 1.037758e+05 1.036510e+05 1.032971e+05 1.024455e+05 7.984661e+04 4.899720e+04 3.686571e+04 3.264695e+04 3.099325e+04 3.037929e+04 3.059901e+04 3.195569e+04 3.424765e+04 3.756099e+04 4.206042e+04 4.790074e+04
1.017116e+05 1.017116e+05 1.017116e+05 1.017116e+05 1.017116e+05 1.017115e+05 1.017110e+05 1.017089e+05 1.017070e+05 1.017045e+05 1.016972e+05 1.016863e+05 1.016690e+05 1.016293e+05 1.015093e+05 1.011678e+05 1.003448e+05 7.847120e+04 4.859185e+04 3.683463e+04 3.274443e+04 3.114342e+04 3.055669e+04 3.081830e+04 3.223381e+04 3.460490e+04 3.800878e+04 4.260307e+04 4.853897e+04
9.965788e+04 9.965788e+04 9.965788e+04 9.965788e+04 9.965788e+04 9.965783e+04 9.965755e+04 9.965583e+04 9.965416e+04 9.965185e+04 9.964496e+04 9.963455e+04 9.961792e+04 9.957959e+04 9.946379e+04 9.913377e+04 9.833768e+04 7.715753e+04 4.820865e+04 3.681207e+04 3.284735e+04 3.129911e+04 3.074048e+04 3.104539e+04 3.252050e+04 3.497233e+04 3.846961e+04 4.316224e+04 4.919719e+04
9.769954e+04 9.769954e+04 9.769954e+04 9.769954e+04 9.769954e+04 9.769939e+04 9.769889e+04 9.769654e+04 9.769453e+04 9.769188e+04 9.768441e+04 9.767360e+04 9.765694e+04 9.761948e+04 9.750726e+04 9.718784e+04 9.641726e+04 7.590138e+04 4.784627e+04 3.679773e+04 3.295569e+04 3.146044e+04 3.093094e+04 3.128083e+04 3.281651e+04 3.535060e+04 3.894393e+04 4.373827e+04 4.987568e+04
9.582451e+04 9.582451e+04 9.582451e+04 9.582451e+04 9.582451e+04 9.582434e+04 9.582370e+04 9.582063e+04 9.581813e+04 9.581496e+04 9.580654e+04 9.579508e+04 9.577820e+04 9.574146e+04 9.563259e+04 9.532327e+04 9.457711e+04 7.469893e+04 4.750362e+04 3.679142e+04 3.306954e+04 3.162759e+04 3.112834e+04 3.152522e+04 3.312259e+04 3.574038e+04 3.943226e+04 4.433152e+04 5.057474e+04
9.402173e+04 9.402173e+04 9.402173e+04 9.402172e+04 9.402172e+04 9.402146e+04 9.402060e+04 9.401698e+04 9.401424e+04 9.401087e+04 9.400221e+04 9.399073e+04 9.397416e+04 9.393853e+04 9.383321e+04 9.353386e+04 9.281134e+04 7.354682e+04 4.717976e+04 3.679308e+04 3.318906e+04 3.180083e+04 3.133305e+04 3.177916e+04 3.343952e+04 3.614242e+04 3.993515e+04 4.494241e+04 5.129468e+04
9.228110e+04 9.228110e+04 9.228110e+04 9.228110e+04 9.228110e+04 9.228098e+04 9.228045e+04 9.227778e+04 9.227556e+04 9.227271e+04 9.226505e+04 9.225455e+04 9.223908e+04 9.220517e+04 9.210378e+04 9.181442e+04 9.111499e+04 7.244211e+04 4.687398e+04 3.680273e+04 3.331450e+04 3.198048e+04 3.154547e+04 3.204327e+04 3.376809e+04 3.655749e+04 4.045324e+04 4.557138e+04 5.203586e+04
9.060558e+04 9.060558e+04 9.060558e+04 9.060558e+04 9.060558e+04 9.060547e+04 9.060505e+04 9.060303e+04 9.060128e+04 9.059897e+04 9.059250e+04 9.058332e+04 9.056933e+04 9.053750e+04 9.044030e+04 9.016093e+04 8.948403e+04 7.138232e+04 4.658570e+04 3.682051e+04 3.344619e+04 3.216694e+04 3.176604e+04 3.231819e+04 3.410912e+04 3.698639e+04 4.098716e+04 4.621892e+04 5.279865e+04
8.899488e+04 8.899488e+04 8.899488e+04 8.899488e+04 8.899487e+04 8.899476e+04 8.899435e+04 8.899241e+04 8.899081e+04 8.898874e+04 8.898304e+04 8.897497e+04 8.896244e+04 8.893274e+04 8.883976e+04 8.857022e+04 8.791525e+04 7.036528e+04 4.631448e+04 3.684663e+04 3.358453e+04 3.236067e+04 3.199528e+04 3.260459e+04 3.446343e+04 3.742995e+04 4.153761e+04 4.688555e+04 5.358346e+04
8.744464e+04 8.744464e+04 8.744464e+04 8.744464e+04 8.744463e+04 8.744454e+04 8.744419e+04 8.744249e+04 8.744107e+04 8.743925e+04 8.743429e+04 8.742728e+04 8.741616e+04 8.738856e+04 8.729971e+04 8.703971e+04 8.640595e+04 6.938911e+04 4.605998e+04 3.688135e+04 3.372999e+04 3.256219e+04 3.223374e+04 3.290317e+04 3.483186e+04 3.788905e+04 4.210534e+04 4.757186e+04 5.439071e+04
8.595239e+04 8.595239e+04 8.595239e+04 8.595239e+04 8.595238e+04 8.595230e+04 8.595201e+04 8.595063e+04 8.594949e+04 8.594803e+04 8.594398e+04 8.593813e+04 8.592844e+04 8.590286e+04 8.581796e+04 8.556711e+04 8.495378e+04 6.845212e+04 4.582196e+04 3.692503e+04 3.388309e+04 3.277208e+04 3.248203e+04 3.321464e+04 3.521528e+04 3.836456e+04 4.269111e+04 4.827843e+04 5.522086e+04
8.451622e+04 8.451622e+04 8.451622e+04 8.451622e+04 8.451622e+04 8.451622e+04 8.451613e+04 8.451541e+04 8.451468e+04 8.451366e+04 8.451063e+04 8.450593e+04 8.449755e+04 8.447378e+04 8.439249e+04 8.415028e+04 8.355650e+04 6.755271e+04 4.560023e+04 3.697807e+04 3.404442e+04 3.299098e+04 3.274082e+04 3.353977e+04 3.561456e+04 3.885738e+04 4.329573e+04 4.900590e+04 5.607442e+04
8.313723e+04 8.313723e+04 8.313723e+04 8.313723e+04 8.313723e+04 8.313722e+04 8.313716e+04 8.313672e+04 8.313625e+04 8.313555e+04 8.313323e+04 8.312931e+04 8.312181e+04 8.309939e+04 8.302122e+04 8.278700e+04 8.221180e+04 6.668933e+04 4.539467e+04 3.704092e+04 3.421461e+04 3.321959e+04 3.301083e+04 3.387933e+04 3.603059e+04 3.936845e+04 4.392004e+04 4.975496e+04 5.695188e+04
8.181356e+04 8.181356e+04 8.181356e+04 8.181356e+04 8.181356e+04 8.181358e+04 8.181359e+04 8.181334e+04 8.181294e+04 8.181229e+04 8.181007e+04 8.180626e+04 8.179899e+04 8.177731e+04 8.170164e+04 8.147473e+04 8.091715e+04 6.586047e+04 4.520524e+04 3.711411e+04 3.439437e+04 3.345865e+04 3.329281e+04 3.423414e+04 3.646427e+04 3.989870e+04 4.456489e+04 5.052631e+04 5.785380e+04
8.054346e+04 8.054346e+04 8.054346e+04 8.054346e+04 8.054346e+04 8.054345e+04 8.054331e+04 8.054252e+04 8.054179e+04 8.054079e+04 8.053788e+04 8.053347e+04 8.052581e+04 8.050434e+04 8.043069e+04 8.021051e+04 7.966975e+04 6.506469e+04 4.503194e+04 3.719821e+04 3.458446e+04 3.370897e+04 3.358758e+04 3.460505e+04 3.691653e+04 4.044908e+04 4.523117e+04 5.132067e+04 5.878076e+04
7.931977e+04 7.931977e+04 7.931977e+04 7.931977e+04 7.931976e+04 7.931967e+04 7.931935e+04 7.931791e+04 7.931675e+04 7.931530e+04 7.931147e+04 7.930625e+04 7.929804e+04 7.927663e+04 7.920483e+04 7.899113e+04 7.846665e+04 6.430063e+04 4.487490e+04 3.729387e+04 3.478568e+04 3.397141e+04 3.389601e+04 3.499294e+04 3.738831e+04 4.102058e+04 4.591978e+04 5.213883e+04 5.973334e+04
7.813495e+04 7.813495e+04 7.813495e+04 7.813495e+04 7.813494e+04 7.813483e+04 7.813443e+04 7.813272e+04 7.813137e+04 7.812970e+04 7.812540e+04 7.811980e+04 7.811141e+04 7.809039e+04 7.802068e+04 7.781352e+04 7.730508e+04 6.356716e+04 4.473431e+04 3.740177e+04 3.499889e+04 3.424688e+04 3.421900e+04 3.539873e+04 3.788056e+04 4.161417e+04 4.663167e+04 5.298155e+04 6.071218e+04
7.698503e+04 7.698503e+04 7.698503e+04 7.698503e+04 7.698503e+04 7.698491e+04 7.698449e+04 7.698274e+04 7.698144e+04 7.697984e+04 7.697579e+04 7.697055e+04 7.696269e+04 7.694267e+04 7.687555e+04 7.667523e+04 7.618280e+04 6.286336e+04 4.461050e+04 3.752269e+04 3.522500e+04 3.453633e+04 3.455753e+04 3.582336e+04 3.839427e+04 4.223085e+04 4.736776e+04 5.384966e+04 6.171791e+04
7.586732e+04 7.586732e+04 7.586732e+04 7.586732e+04 7.586732e+04 7.586729e+04 7.586713e+04 7.586614e+04 7.586526e+04 7.586413e+04 7.586108e+04 7.585693e+04 7.585028e+04 7.583189e+04 7.576786e+04 7.557471e+04 7.509831e+04 6.218862e+04 4.450387e+04 3.765745e+04 3.546499e+04 3.484077e+04 3.491258e+04 3.626781e+04 3.893042e+04 4.287162e+04 4.812902e+04 5.474399e+04 6.275123e+04
7.478560e+04 7.478560e+04 7.478560e+04 7.478560e+04 7.478560e+04 7.478557e+04 7.478545e+04 7.478487e+04 7.478439e+04 7.478375e+04 7.478190e+04 7.477914e+04 7.477407e+04 7.475767e+04 7.469706e+04 7.451126e+04 7.405083e+04 6.154257e+04 4.441492e+04 3.780692e+04 3.571988e+04 3.516127e+04 3.528523e+04 3.673310e+04 3.949002e+04 4.353750e+04 4.891641e+04 5.566540e+04 6.381281e+04
7.374024e+04 7.374024e+04 7.374024e+04 7.374024e+04 7.374025e+04 7.374029e+04 7.374039e+04 7.374047e+04 7.374041e+04 7.374024e+04 7.373955e+04 7.373818e+04 7.373472e+04 7.372039e+04 7.366324e+04 7.348476e+04 7.304006e+04 6.092500e+04 4.434424e+04 3.797204e+04 3.599073e+04 3.549892e+04 3.567655e+04 3.722028e+04 4.007410e+04 4.422951e+04 4.973092e+04 5.661476e+04 6.490338e+04
7.273405e+04 7.273405e+04 7.273405e+04 7.273405e+04 7.273405e+04 7.273410e+04 7.273421e+04 7.273456e+04 7.273476e+04 7.273495e+04 7.273518e+04 7.273501e+04 7.273299e+04 7.272055e+04 7.266670e+04 7.249531e+04 7.206592e+04 6.033583e+04 4.429243e+04 3.815380e+04 3.627865e+04 3.585488e+04 3.608769e+04 3.773040e+04 4.068370e+04 4.494869e+04 5.057354e+04 5.759294e+04 6.602366e+04
7.176641e+04 7.176641e+04 7.176641e+04 7.176641e+04 7.176641e+04 7.176650e+04 7.176673e+04 7.176746e+04 7.176790e+04 7.176838e+04 7.176936e+04 7.177014e+04 7.176929e+04 7.175846e+04 7.170759e+04 7.154288e+04 7.112827e+04 5.977498e+04 4.426018e+04 3.835322e+04 3.658482e+04 3.623035e+04 3.651982e+04 3.826458e+04 4.131988e+04 4.569608e+04 5.144527e+04 5.860086e+04 6.717442e+04
7.083799e+04 7.083799e+04 7.083799e+04 7.083800e+04 7.083800e+04 7.083808e+04 7.083833e+04 7.083922e+04 7.083984e+04 7.084055e+04 7.084212e+04 7.084361e+04 7.084361e+04 7.083400e+04 7.078567e+04 7.062715e+04 7.022668e+04 5.924228e+04 4.424815e+04 3.857137e+04 3.691044e+04 3.662655e+04 3.697416e+04 3.882393e+04 4.198371e+04 4.647272e+04 5.234712e+04 5.963942e+04 6.835641e+04
6.994769e+04 6.994769e+04 6.994769e+04 6.994769e+04 6.994769e+04 6.994782e+04 6.994819e+04 6.994946e+04 6.995028e+04 6.995119e+04 6.995314e+04 6.995498e+04 6.995537e+04 6.994650e+04 6.990020e+04 6.974733e+04 6.936037e+04 5.873750e+04 4.425705e+04 3.880938e+04 3.725678e+04 3.704477e+04 3.745195e+04 3.940963e+04 4.267627e+04 4.727966e+04 5.328008e+04 6.070955e+04 6.957042e+04
6.909643e+04 6.909643e+04 6.909643e+04 6.909644e+04 6.909644e+04 6.909657e+04 6.909694e+04 6.909818e+04 6.909895e+04 6.909977e+04 6.910147e+04 6.910304e+04 6.910324e+04 6.909458e+04 6.904983e+04 6.890212e+04 6.852809e+04 5.826031e+04 4.428762e+04 3.906842e+04 3.762513e+04 3.748634e+04 3.795448e+04 4.002283e+04 4.339866e+04 4.811796e+04 5.424519e+04 6.181216e+04 7.081724e+04
6.828251e+04 6.828251e+04 6.828251e+04 6.828251e+04 6.828251e+04 6.828254e+04 6.828262e+04 6.828302e+04 6.828333e+04 6.828368e+04 6.828448e+04 6.828526e+04 6.828486e+04 6.827606e+04 6.823258e+04 6.808974e+04 6.772827e+04 5.781035e+04 4.434064e+04 3.934972e+04 3.801684e+04 3.795259e+04 3.848307e+04 4.066473e+04 4.415199e+04 4.898869e+04 5.524344e+04 6.294820e+04 7.209767e+04
6.749776e+04 6.749776e+04 6.749776e+04 6.749776e+04 6.749776e+04 6.749778e+04 6.749782e+04 6.749788e+04 6.749790e+04 6.749792e+04 6.749799e+04 6.749807e+04 6.749715e+04 6.748831e+04 6.744616e+04 6.730820e+04 6.695920e+04 5.738730e+04 4.441698e+04 3.965456e+04 3.843331e+04 3.844493e+04 3.903904e+04 4.133655e+04 4.493738e+04 4.989291e+04 5.627587e+04 6.411859e+04 7.341254e+04
6.673866e+04 6.673866e+04 6.673866e+04 6.673866e+04 6.673866e+04 6.673867e+04 6.673868e+04 6.673865e+04 6.673860e+04 6.673852e+04 6.673838e+04 6.673831e+04 6.673739e+04 6.672897e+04 6.668855e+04 6.655578e+04 6.621940e+04 5.699100e+04 4.451757e+04 3.998427e+04 3.887596e+04 3.896476e+04 3.962376e+04 4.203951e+04 4.575595e+04 5.083167e+04 5.734348e+04 6.532430e+04 7.476266e+04
6.600341e+04 6.600341e+04 6.600341e+04 6.600341e+04 6.600341e+04 6.600342e+04 6.600342e+04 6.600340e+04 6.600341e+04 6.600346e+04 6.600372e+04 6.600421e+04 6.600400e+04 6.599666e+04 6.595853e+04 6.583139e+04 6.550793e+04 5.662147e+04 4.464347e+04 4.034026e+04 3.934626e+04 3.951352e+04 4.023861e+04 4.277486e+04 4.660883e+04 5.180606e+04 5.844729e+04 6.656624e+04 7.614886e+04
6.529052e+04 6.529052e+04 6.529052e+04 6.529052e+04 6.529052e+04 6.529058e+04 6.529076e+04 6.529146e+04 6.529196e+04 6.529255e+04 6.529399e+04 6.529574e+04 6.529689e+04 6.529121e+04 6.525590e+04 6.513479e+04 6.482452e+04 5.627899e+04 4.479581e+04 4.072398e+04 3.984571e+04 4.009267e+04 4.088498e+04 4.354383e+04 4.749717e+04 5.281714e+04 5.958832e+04 6.784538e+04 7.757197e+04
6.460418e+04 6.460418e+04 6.460418e+04 6.460418e+04 6.460419e+04 6.460433e+04 6.460475e+04 6.460628e+04 6.460732e+04 6.460851e+04 6.461131e+04 6.461455e+04 6.461732e+04 6.461357e+04 6.458131e+04 6.446645e+04 6.416950e+04 5.596406e+04 4.497585e+04 4.113692e+04 4.037583e+04 4.070369e+04 4.156427e+04 4.434768e+04 4.842209e+04 5.386597e+04 6.076758e+04 6.916265e+04 7.903283e+04
6.394930e+04 6.394930e+04 6.394930e+04 6.394930e+04 6.394930e+04 6.394944e+04 6.394988e+04 6.395165e+04 6.395294e+04 6.395449e+04 6.395826e+04 6.396275e+04 6.396698e+04 6.396508e+04 6.393583e+04 6.382719e+04 6.354351e+04 5.567732e+04 4.518488e+04 4.158063e+04 4.093815e+04 4.134805e+04 4.227789e+04 4.518766e+04 4.938475e+04 5.495362e+04 6.198607e+04 7.051898e+04 8.053228e+04
6.332552e+04 6.332552e+04 6.332552e+04 6.332552e+04 6.332553e+04 6.332572e+04 6.332630e+04 6.332847e+04 6.333003e+04 6.333187e+04 6.333638e+04 6.334183e+04 6.334725e+04 6.334694e+04 6.332047e+04 6.321783e+04 6.294721e+04 5.541948e+04 4.542428e+04 4.205664e+04 4.153421e+04 4.202722e+04 4.302723e+04 4.606504e+04 5.038627e+04 5.608115e+04 6.324480e+04 7.191532e+04 8.207115e+04
6.273463e+04 6.273463e+04 6.273463e+04 6.273463e+04 6.273464e+04 6.273483e+04 6.273541e+04 6.273770e+04 6.273938e+04 6.274142e+04 6.274645e+04 6.275259e+04 6.275888e+04 6.275984e+04 6.273584e+04 6.263890e+04 6.238105e+04 5.519125e+04 4.569540e+04 4.256650e+04 4.216554e+04 4.274268e+04 4.381368e+04 4.698107e+04 5.142781e+04 5.724962e+04 6.454477e+04 7.335259e+04 8.365028e+04
6.217567e+04 6.217567e+04 6.217567e+04 6.217568e+04 6.217568e+04 6.217591e+04 6.217659e+04 6.217915e+04 6.218101e+04 6.218322e+04 6.218864e+04 6.219523e+04 6.220208e+04 6.220397e+04 6.218210e+04 6.209054e+04 6.184517e+04 5.499326e+04 4.599964e+04 4.311177e+04 4.283367e+04 4.349588e+04 4.463865e+04 4.793699e+04 5.251048e+04 5.846007e+04 6.588696e+04 7.483173e+04 8.527051e+04
