0.000000e+00 0.000000e+00 0.000000e+00 9.626717e-149 1.146614e-77 1.981911e-18 3.839773e-10 1.868295e-05 2.043531e-04 1.096551e-03 1.044796e-02 4.630908e-02 1.377298e-01 3.251786e-01 6.705706e-01 1.278092e+00 2.307867e+00 1.661513e+01 2.690426e+01 2.900701e+01 3.140426e+01 3.629541e+01 4.403743e+01 6.718232e+01 9.737772e+01 1.304368e+02 1.629904e+02 1.928864e+02 2.190348e+02
0.000000e+00 0.000000e+00 0.000000e+00 1.065143e-140 3.213841e-74 4.628830e-18 5.351735e-10 2.155714e-05 2.283079e-04 1.200222e-03 1.115761e-02 4.874578e-02 1.435620e-01 3.364536e-01 6.897794e-01 1.308688e+00 2.354942e+00 1.682109e+01 2.714968e+01 2.921236e+01 3.158529e+01 3.647445e+01 4.423035e+01 6.742590e+01 9.767443e+01 1.307715e+02 1.633428e+02 1.932381e+02 2.193716e+02
0.000000e+00 0.000000e+00 0.000000e+00 4.619949e-131 1.268665e-69 1.975450e-17 8.967939e-10 2.603919e-05 2.626119e-04 1.340351e-03 1.204874e-02 5.167066e-02 1.503528e-01 3.492985e-01 7.113096e-01 1.342553e+00 2.406533e+00 1.704009e+01 2.740651e+01 2.942509e+01 3.177157e+01 3.665783e+01 4.442732e+01 6.767354e+01 9.797522e+01 1.311100e+02 1.636987e+02 1.935927e+02 2.197108e+02
0.000000e+00 0.000000e+00 0.000000e+00 3.081249e-121 7.651957e-65 1.125257e-16 1.766910e-09 3.293094e-05 3.111229e-04 1.527863e-03 1.316052e-02 5.516571e-02 1.582333e-01 3.638943e-01 7.353921e-01 1.379977e+00 2.462995e+00 1.727282e+01 2.767518e+01 2.964542e+01 3.196319e+01 3.684563e+01 4.462840e+01 6.792530e+01 9.828014e+01 1.314524e+02 1.640580e+02 1.939502e+02 2.200524e+02
0.000000e+00 0.000000e+00 0.000000e+00 2.451800e-111 5.502704e-60 7.552735e-16 3.827254e-09 4.363184e-05 3.795215e-04 1.777389e-03 1.454035e-02 5.932507e-02 1.673494e-01 3.804375e-01 7.622744e-01 1.421262e+00 2.524706e+00 1.752001e+01 2.795615e+01 2.987355e+01 3.216028e+01 3.703791e+01 4.483363e+01 6.818123e+01 9.858922e+01 1.317987e+02 1.644208e+02 1.943107e+02 2.203965e+02
0.000000e+00 0.000000e+00 0.000000e+00 2.149174e-101 4.358519e-55 5.555092e-15 8.888753e-09 6.032576e-05 4.770894e-04 2.109894e-03 1.624757e-02 6.425875e-02 1.778646e-01 3.991432e-01 7.922222e-01 1.466732e+00 2.592060e+00 1.778239e+01 2.824987e+01 3.010972e+01 3.236296e+01 3.723475e+01 4.504310e+01 6.844136e+01 9.890251e+01 1.321490e+02 1.647871e+02 1.946741e+02 2.207429e+02
0.000000e+00 0.000000e+00 0.000000e+00 2.002839e-91 3.669997e-50 4.329424e-14 2.180079e-08 8.595176e-05 6.164212e-04 2.557758e-03 1.835931e-02 7.009813e-02 1.899650e-01 4.202483e-01 8.255227e-01 1.516733e+00 2.665476e+00 1.806074e+01 2.855682e+01 3.035413e+01 3.257132e+01 3.743622e+01 4.525684e+01 6.870575e+01 9.922003e+01 1.325033e+02 1.651569e+02 1.950406e+02 2.210917e+02
0.000000e+00 0.000000e+00 0.000000e+00 1.947018e-81 3.223531e-45 3.513740e-13 5.565627e-08 1.252616e-04 8.128441e-04 3.160125e-03 2.098017e-02 7.700411e-02 2.038653e-01 4.440166e-01 8.624877e-01 1.571632e+00 2.745397e+00 1.835585e+01 2.887748e+01 3.060700e+01 3.278549e+01 3.764241e+01 4.547493e+01 6.897444e+01 9.954184e+01 1.328616e+02 1.655302e+02 1.954099e+02 2.214429e+02
0.000000e+00 0.000000e+00 6.234306e-311 1.952203e-71 2.920277e-40 2.938717e-12 1.463245e-07 1.860813e-04 1.088788e-03 3.961791e-03 2.425766e-02 8.517863e-02 2.198180e-01 4.707453e-01 9.034594e-01 1.631827e+00 2.832294e+00 1.866856e+01 2.921234e+01 3.086856e+01 3.300559e+01 3.785337e+01 4.569742e+01 6.924749e+01 9.986796e+01 1.332239e+02 1.659072e+02 1.957823e+02 2.217966e+02
0.000000e+00 0.000000e+00 1.441340e-260 2.004189e-61 2.708769e-35 2.515351e-11 3.933527e-07 2.812142e-04 1.477502e-03 5.023975e-03 2.833770e-02 9.488488e-02 2.381252e-01 5.007740e-01 9.488166e-01 1.697749e+00 2.926672e+00 1.899973e+01 2.956191e+01 3.113904e+01 3.323173e+01 3.806920e+01 4.592436e+01 6.952493e+01 1.001984e+02 1.335902e+02 1.662876e+02 1.961577e+02 2.221527e+02
0.000000e+00 0.000000e+00 3.394975e-210 2.096257e-51 2.559826e-30 2.192870e-10 1.076032e-06 4.314628e-04 2.028145e-03 6.430701e-03 3.337754e-02 1.064642e-01 2.591553e-01 5.344955e-01 9.989831e-01 1.769870e+00 3.029077e+00 1.935026e+01 2.992672e+01 3.141867e+01 3.346401e+01 3.828995e+01 4.615583e+01 6.980682e+01 1.005333e+02 1.339607e+02 1.666717e+02 1.965361e+02 2.225112e+02
5.111317e-07 5.097379e-07 5.080618e-07 5.388670e-07 6.502558e-07 1.144743e-05 1.860146e-04 4.210879e-03 1.114991e-02 2.435914e-02 8.160203e-02 2.034486e-01 4.217986e-01 7.777502e-01 1.341665e+00 2.243990e+00 3.684295e+00 2.142845e+01 3.199873e+01 3.296229e+01 3.472180e+01 3.947022e+01 4.738292e+01 7.128461e+01 1.022748e+02 1.358752e+02 1.686465e+02 1.984736e+02 2.243404e+02
6.664848e-03 6.664888e-03 6.665320e-03 6.678853e-03 6.719468e-03 8.030810e-03 1.268170e-02 3.724872e-02 6.078633e-02 9.505195e-02 2.088806e-01 4.085906e-01 7.258065e-01 1.199342e+00 1.903525e+00 2.983857e+00 4.662641e+00 2.415826e+01 3.454031e+01 3.477117e+01 3.615083e+01 4.078459e+01 4.873151e+01 7.288051e+01 1.041317e+02 1.378959e+02 1.707137e+02 2.004877e+02 2.262309e+02
1.140579e-01 1.140583e-01 1.140597e-01 1.141034e-01 1.142404e-01 1.187821e-01 1.334194e-01 1.956756e-01 2.464031e-01 3.133276e-01 5.090382e-01 8.132081e-01 1.257188e+00 1.880848e+00 2.769118e+00 4.091992e+00 6.100267e+00 2.773724e+01 3.764171e+01 3.687879e+01 3.776582e+01 4.224188e+01 5.020857e+01 7.460028e+01 1.061086e+02 1.400260e+02 1.728753e+02 2.025794e+02 2.281830e+02
4.833477e-01 4.833485e-01 4.833510e-01 4.834312e-01 4.836822e-01 4.918284e-01 5.175683e-01 6.245245e-01 7.088708e-01 8.167005e-01 1.114757e+00 1.545391e+00 2.136311e+00 2.932435e+00 4.042178e+00 5.675520e+00 8.121811e+00 3.246822e+01 4.141798e+01 3.932294e+01 3.958185e+01 4.385074e+01 5.182088e+01 7.644955e+01 1.082098e+02 1.422687e+02 1.751329e+02 2.047497e+02 2.301968e+02
1.271160e+00 1.271161e+00 1.271165e+00 1.271288e+00 1.271675e+00 1.284256e+00 1.323779e+00 1.485197e+00 1.609946e+00 1.766690e+00 2.185588e+00 2.759688e+00 3.509066e+00 4.490689e+00 5.855646e+00 7.875590e+00 1.089046e+01 3.867650e+01 4.602358e+01 4.214774e+01 4.161478e+01 4.561975e+01 5.357516e+01 7.843392e+01 1.104398e+02 1.446267e+02 1.774884e+02 2.069992e+02 2.322725e+02
2.669896e+00 2.669898e+00 2.669904e+00 2.670083e+00 2.670641e+00 2.688268e+00 2.743356e+00 2.966647e+00 3.137458e+00 3.349842e+00 3.903158e+00 4.626920e+00 5.531989e+00 6.703905e+00 8.365462e+00 1.087546e+01 1.463267e+01 4.668393e+01 5.167533e+01 4.540655e+01 4.388180e+01 4.755767e+01 5.547814e+01 8.055895e+01 1.128027e+02 1.471029e+02 1.799431e+02 2.093284e+02 2.344099e+02
4.889632e+00 4.889635e+00 4.889642e+00 4.889880e+00 4.890619e+00 4.913881e+00 4.986365e+00 5.278595e+00 5.500355e+00 5.772999e+00 6.461590e+00 7.315990e+00 8.348663e+00 9.710597e+00 1.173933e+01 1.490621e+01 1.966397e+01 5.692439e+01 5.854450e+01 4.916777e+01 4.640222e+01 4.967379e+01 5.753685e+01 8.283031e+01 1.153027e+02 1.496998e+02 1.824983e+02 2.117375e+02 2.366086e+02
8.161097e+00 8.161100e+00 8.161109e+00 8.161401e+00 8.162311e+00 8.191597e+00 8.283091e+00 8.650203e+00 8.924661e+00 9.253784e+00 1.003995e+01 1.095059e+01 1.204554e+01 1.361107e+01 1.615380e+01 2.027074e+01 2.643581e+01 6.998703e+01 6.677937e+01 5.351657e+01 4.919888e+01 5.197842e+01 5.975886e+01 8.525382e+01 1.179440e+02 1.524198e+02 1.851550e+02 2.142268e+02 2.388683e+02
1.273245e+01 1.273245e+01 1.273246e+01 1.273281e+01 1.273392e+01 1.276980e+01 1.288196e+01 1.332223e+01 1.362985e+01 1.397293e+01 1.470813e+01 1.550306e+01 1.657466e+01 1.844341e+01 2.182708e+01 2.742180e+01 3.564018e+01 8.666726e+01 7.654690e+01 5.847826e+01 5.230235e+01 5.448361e+01 6.215266e+01 8.783562e+01 1.207305e+02 1.552652e+02 1.879141e+02 2.167961e+02 2.411883e+02
1.887507e+01 1.887507e+01 1.887508e+01 1.887551e+01 1.887684e+01 1.891973e+01 1.905008e+01 1.943918e+01 1.963367e+01 1.981225e+01 2.013841e+01 2.059107e+01 2.167987e+01 2.423424e+01 2.916320e+01 3.715966e+01 4.842231e+01 1.080093e+02 8.802178e+01 6.405762e+01 5.574281e+01 5.720458e+01 6.472825e+01 9.058235e+01 1.236665e+02 1.582380e+02 1.907762e+02 2.194451e+02 2.435677e+02
2.664304e+01 2.664303e+01 2.664300e+01 2.664190e+01 2.663848e+01 2.654163e+01 2.633612e+01 2.587226e+01 2.565108e+01 2.544665e+01 2.515406e+01 2.539208e+01 2.706264e+01 3.132100e+01 3.915119e+01 5.104251e+01 6.675225e+01 1.353232e+02 1.013716e+02 7.024691e+01 5.950598e+01 6.016420e+01 6.749788e+01 9.350136e+01 1.267561e+02 1.613402e+02 1.937418e+02 2.221734e+02 2.460056e+02
2.939071e+01 2.939071e+01 2.939070e+01 2.939058e+01 2.939023e+01 2.937893e+01 2.933099e+01 2.905872e+01 2.885320e+01 2.863460e+01 2.841990e+01 2.942617e+01 3.320641e+01 4.118445e+01 5.415057e+01 7.206712e+01 9.395933e+01 1.701434e+02 1.167292e+02 7.701910e+01 6.357072e+01 6.337777e+01 7.047759e+01 9.660095e+01 1.300040e+02 1.645738e+02 1.968111e+02 2.249803e+02 2.485008e+02
2.989680e+01 2.989680e+01 2.989680e+01 2.989673e+01 2.989650e+01 2.988973e+01 2.987174e+01 2.979080e+01 2.972390e+01 2.969539e+01 3.043707e+01 3.408594e+01 4.280587e+01 5.779082e+01 7.904907e+01 1.055576e+02 1.353209e+02 2.140770e+02 1.341505e+02 8.432364e+01 6.791026e+01 6.683174e+01 7.369161e+01 9.989070e+01 1.334148e+02 1.679406e+02 1.999843e+02 2.278649e+02 2.510521e+02
2.987820e+01 2.987820e+01 2.987819e+01 2.987804e+01 2.987758e+01 2.986394e+01 2.983304e+01 2.975949e+01 2.981452e+01 3.021808e+01 3.383893e+01 4.408601e+01 6.272852e+01 8.947168e+01 1.226976e+02 1.600323e+02 1.984063e+02 2.684796e+02 1.535618e+02 9.208344e+01 7.249167e+01 7.051343e+01 7.715077e+01 1.033819e+02 1.369937e+02 1.714423e+02 2.032612e+02 2.308261e+02 2.536578e+02
2.926007e+01 2.926007e+01 2.926007e+01 2.926007e+01 2.926007e+01 2.925984e+01 2.925680e+01 2.942946e+01 3.035099e+01 3.292502e+01 4.607019e+01 7.161020e+01 1.079216e+02 1.516206e+02 1.992047e+02 2.473526e+02 2.924835e+02 3.339294e+02 1.747076e+02 1.001940e+02 7.727731e+01 7.440993e+01 8.084756e+01 1.070884e+02 1.407464e+02 1.750809e+02 2.066417e+02 2.338628e+02 2.563165e+02
2.856708e+01 2.856708e+01 2.856708e+01 2.856707e+01 2.856707e+01 2.856666e+01 2.857913e+01 3.188892e+01 3.918916e+01 5.199948e+01 9.275551e+01 1.470856e+02 2.073389e+02 2.683228e+02 3.268029e+02 3.802606e+02 4.257233e+02 4.095725e+02 1.971166e+02 1.085257e+02 8.222719e+01 7.850826e+01 8.477755e+01 1.110283e+02 1.446796e+02 1.788583e+02 2.101255e+02 2.369735e+02 2.590262e+02
2.790345e+01 2.790345e+01 2.790345e+01 2.790345e+01 2.790347e+01 2.796959e+01 3.218602e+01 8.026930e+01 1.192047e+02 1.619536e+02 2.485588e+02 3.291510e+02 4.010566e+02 4.642129e+02 5.189217e+02 5.646560e+02 5.992677e+02 4.925923e+02 2.201071e+02 1.169312e+02 8.730203e+01 8.279642e+01 8.893723e+01 1.152254e+02 1.488005e+02 1.827766e+02 2.137121e+02 2.401568e+02 2.617851e+02
3.473279e+02 3.473309e+02 3.473402e+02 3.476381e+02 3.485583e+02 3.679671e+02 4.048148e+02 4.833536e+02 5.192127e+02 5.522234e+02 6.103011e+02 6.592874e+02 7.008737e+02 7.362647e+02 7.657794e+02 7.882726e+02 8.006096e+02 5.781943e+02 2.428453e+02 1.252575e+02 9.246650e+01 8.726463e+01 9.332382e+01 1.196798e+02 1.531181e+02 1.868382e+02 2.174010e+02 2.434109e+02 2.645910e+02
1.214778e+03 1.214778e+03 1.214777e+03 1.214743e+03 1.214640e+03 1.211120e+03 1.197136e+03 1.146263e+03 1.121035e+03 1.099534e+03 1.068091e+03 1.048656e+03 1.037031e+03 1.030029e+03 1.024796e+03 1.017716e+03 1.003572e+03 6.603885e+02 2.644537e+02 1.333606e+02 9.769239e+01 9.190647e+01 9.793562e+01 1.243875e+02 1.576433e+02 1.910456e+02 2.211919e+02 2.467341e+02 2.674419e+02
1.517638e+03 1.517638e+03 1.517637e+03 1.517615e+03 1.517547e+03 1.515368e+03 1.508589e+03 1.481244e+03 1.461174e+03 1.438401e+03 1.390377e+03 1.345208e+03 1.305954e+03 1.272613e+03 1.243267e+03 1.214096e+03 1.179117e+03 7.334024e+02 2.841452e+02 1.411218e+02 1.029613e+02 9.671984e+01 1.027723e+02 1.293460e+02 1.623923e+02 1.954022e+02 2.250843e+02 2.501246e+02 2.703354e+02
1.610070e+03 1.610070e+03 1.610070e+03 1.610063e+03 1.610042e+03 1.609353e+03 1.606895e+03 1.594882e+03 1.584904e+03 1.572270e+03 1.540473e+03 1.503555e+03 1.465426e+03 1.428289e+03 1.392101e+03 1.354149e+03 1.308855e+03 7.930898e+02 3.013422e+02 1.484606e+02 1.082663e+02 1.017074e+02 1.078355e+02 1.345532e+02 1.673769e+02 1.999116e+02 2.290779e+02 2.535804e+02 2.732692e+02
1.616451e+03 1.616451e+03 1.616451e+03 1.616448e+03 1.616436e+03 1.616055e+03 1.614851e+03 1.609712e+03 1.605395e+03 1.599605e+03 1.583177e+03 1.560796e+03 1.534121e+03 1.504741e+03 1.472879e+03 1.436304e+03 1.389789e+03 8.376717e+02 3.157464e+02 1.553422e+02 1.136129e+02 1.068768e+02 1.131285e+02 1.400064e+02 1.725875e+02 2.045790e+02 2.331724e+02 2.570998e+02 2.762408e+02
1.589522e+03 1.589522e+03 1.589522e+03 1.589521e+03 1.589519e+03 1.589420e+03 1.588982e+03 1.586742e+03 1.584835e+03 1.582254e+03 1.574492e+03 1.562637e+03 1.546675e+03 1.526941e+03 1.502997e+03 1.472358e+03 1.429702e+03 8.676063e+02 3.273445e+02 1.617781e+02 1.190185e+02 1.122403e+02 1.186568e+02 1.457027e+02 1.780166e+02 2.094115e+02 2.373678e+02 2.606806e+02 2.792478e+02
1.550821e+03 1.550821e+03 1.550821e+03 1.550820e+03 1.550819e+03 1.550766e+03 1.550600e+03 1.549844e+03 1.549143e+03 1.548125e+03 1.544746e+03 1.538935e+03 1.530156e+03 1.517994e+03 1.501350e+03 1.477275e+03 1.440137e+03 8.848789e+02 3.363602e+02 1.678215e+02 1.245108e+02 1.178139e+02 1.244273e+02 1.516387e+02 1.836568e+02 2.144212e+02 2.416648e+02 2.643211e+02 2.822877e+02
1.511047e+03 1.511047e+03 1.511047e+03 1.511046e+03 1.511046e+03 1.511027e+03 1.510975e+03 1.510686e+03 1.510382e+03 1.509922e+03 1.508340e+03 1.505461e+03 1.500745e+03 1.493491e+03 1.482214e+03 1.463604e+03 1.431736e+03 8.921667e+02 3.431769e+02 1.735572e+02 1.301256e+02 1.236171e+02 1.304486e+02 1.578106e+02 1.895004e+02 2.196051e+02 2.460643e+02 2.680195e+02 2.853580e+02
1.473227e+03 1.473227e+03 1.473227e+03 1.473226e+03 1.473224e+03 1.473171e+03 1.473036e+03 1.472574e+03 1.472261e+03 1.471889e+03 1.470882e+03 1.469291e+03 1.466691e+03 1.462348e+03 1.454630e+03 1.440046e+03 1.412503e+03 8.921877e+02 3.482569e+02 1.790908e+02 1.359048e+02 1.296708e+02 1.367301e+02 1.642142e+02 1.955390e+02 2.249496e+02 2.505686e+02 2.717743e+02 2.884563e+02
1.435220e+03 1.435220e+03 1.435220e+03 1.435221e+03 1.435221e+03 1.435226e+03 1.435203e+03 1.434992e+03 1.434817e+03 1.434605e+03 1.434048e+03 1.433211e+03 1.431817e+03 1.429217e+03 1.423793e+03 1.412034e+03 1.387815e+03 8.873270e+02 3.520754e+02 1.845374e+02 1.418926e+02 1.359973e+02 1.432814e+02 1.708450e+02 2.017633e+02 2.304438e+02 2.551825e+02 2.755841e+02 2.915802e+02
1.398851e+03 1.398851e+03 1.398851e+03 1.398851e+03 1.398851e+03 1.398860e+03 1.398885e+03 1.398957e+03 1.398981e+03 1.398983e+03 1.398898e+03 1.398637e+03 1.398027e+03 1.396525e+03 1.392594e+03 1.382791e+03 1.361065e+03 8.794960e+02 3.550752e+02 1.900129e+02 1.481343e+02 1.426184e+02 1.501122e+02 1.776979e+02 2.081632e+02 2.360767e+02 2.599122e+02 2.794479e+02 2.947273e+02
1.365892e+03 1.365892e+03 1.365892e+03 1.365892e+03 1.365892e+03 1.365909e+03 1.365955e+03 1.366101e+03 1.366190e+03 1.366282e+03 1.366447e+03 1.366536e+03 1.366412e+03 1.365596e+03 1.362632e+03 1.354178e+03 1.334305e+03 8.701321e+02 3.576423e+02 1.956271e+02 1.546730e+02 1.495549e+02 1.572312e+02 1.847674e+02 2.147278e+02 2.418370e+02 2.647450e+02 2.833657e+02 2.978957e+02
1.336393e+03 1.336393e+03 1.336393e+03 1.336393e+03 1.336393e+03 1.336405e+03 1.336440e+03 1.336583e+03 1.336687e+03 1.336808e+03 1.337078e+03 1.337345e+03 1.337495e+03 1.337088e+03 1.334740e+03 1.327214e+03 1.308722e+03 8.602653e+02 3.600971e+02 2.014795e+02 1.615489e+02 1.568254e+02 1.646456e+02 1.920471e+02 2.214455e+02 2.477127e+02 2.696678e+02 2.873384e+02 3.010832e+02
1.309903e+03 1.309903e+03 1.309903e+03 1.309903e+03 1.309903e+03 1.309922e+03 1.309977e+03 1.310162e+03 1.310285e+03 1.310426e+03 1.310751e+03 1.311109e+03 1.311406e+03 1.311237e+03 1.309279e+03 1.302394e+03 1.284945e+03 8.506032e+02 3.626962e+02 2.076569e+02 1.687974e+02 1.644457e+02 1.723610e+02 1.995302e+02 2.283040e+02 2.536914e+02 2.746686e+02 2.913703e+02 3.042885e+02
1.286462e+03 1.286462e+03 1.286462e+03 1.286462e+03 1.286463e+03 1.286476e+03 1.286517e+03 1.286682e+03 1.286804e+03 1.286949e+03 1.287295e+03 1.287694e+03 1.288067e+03 1.288036e+03 1.286328e+03 1.279900e+03 1.263257e+03 8.416126e+02 3.656387e+02 2.142324e+02 1.764487e+02 1.724282e+02 1.803806e+02 2.072088e+02 2.352902e+02 2.597597e+02 2.797357e+02 2.954598e+02 3.075104e+02
1.265587e+03 1.265587e+03 1.265587e+03 1.265588e+03 1.265588e+03 1.265607e+03 1.265662e+03 1.265853e+03 1.265981e+03 1.266129e+03 1.266480e+03 1.266895e+03 1.267307e+03 1.267359e+03 1.265821e+03 1.259735e+03 1.243740e+03 8.335883e+02 3.690760e+02 2.212661e+02 1.845266e+02 1.807815e+02 1.887048e+02 2.150740e+02 2.423907e+02 2.659042e+02 2.848570e+02 2.995929e+02 3.107484e+02
1.247278e+03 1.247278e+03 1.247278e+03 1.247278e+03 1.247278e+03 1.247291e+03 1.247328e+03 1.247478e+03 1.247590e+03 1.247725e+03 1.248062e+03 1.248482e+03 1.248921e+03 1.249036e+03 1.247629e+03 1.241817e+03 1.226367e+03 8.267074e+02 3.731205e+02 2.288048e+02 1.930487e+02 1.895098e+02 1.973312e+02 2.231156e+02 2.495914e+02 2.721106e+02 2.900203e+02 3.037580e+02 3.140037e+02
1.230975e+03 1.230975e+03 1.230975e+03 1.230976e+03 1.230976e+03 1.230991e+03 1.231035e+03 1.231192e+03 1.231303e+03 1.231439e+03 1.231787e+03 1.232235e+03 1.232719e+03 1.232901e+03 1.231612e+03 1.226038e+03 1.211063e+03 8.210691e+02 3.778538e+02 2.368836e+02 2.020261e+02 1.986130e+02 2.062541e+02 2.313225e+02 2.568779e+02 2.783645e+02 2.952132e+02 3.079443e+02 3.172801e+02
1.216602e+03 1.216602e+03 1.216602e+03 1.216602e+03 1.216602e+03 1.216612e+03 1.216644e+03 1.216791e+03 1.216917e+03 1.217078e+03 1.217496e+03 1.218018e+03 1.218575e+03 1.218834e+03 1.217656e+03 1.212291e+03 1.197740e+03 8.167232e+02 3.833334e+02 2.455263e+02 2.114629e+02 2.080862e+02 2.154646e+02 2.396818e+02 2.642351e+02 2.846510e+02 3.004229e+02 3.121411e+02 3.205699e+02
1.203781e+03 1.203781e+03 1.203781e+03 1.203781e+03 1.203783e+03 1.203819e+03 1.203916e+03 1.204240e+03 1.204452e+03 1.204689e+03 1.205226e+03 1.205831e+03 1.206449e+03 1.206764e+03 1.205670e+03 1.200482e+03 1.186308e+03 8.136880e+02 3.895977e+02 2.547460e+02 2.213567e+02 2.179197e+02 2.249502e+02 2.481795e+02 2.716478e+02 2.909553e+02 3.056365e+02 3.163379e+02 3.238619e+02
1.193842e+03 1.193842e+03 1.193842e+03 1.193842e+03 1.193843e+03 1.193867e+03 1.193941e+03 1.194216e+03 1.194403e+03 1.194617e+03 1.195112e+03 1.195687e+03 1.196284e+03 1.196599e+03 1.195547e+03 1.190498e+03 1.176660e+03 8.119632e+02 3.966697e+02 2.645463e+02 2.316984e+02 2.280995e+02 2.346955e+02 2.568001e+02 2.791002e+02 2.972622e+02 3.108410e+02 3.205242e+02 3.271465e+02
1.186172e+03 1.186172e+03 1.186172e+03 1.186172e+03 1.186172e+03 1.186182e+03 1.186207e+03 1.186311e+03 1.186403e+03 1.186528e+03 1.186880e+03 1.187352e+03 1.187882e+03 1.188162e+03 1.187128e+03 1.182198e+03 1.168675e+03 8.115390e+02 4.045596e+02 2.749213e+02 2.424729e+02 2.386068e+02 2.446815e+02 2.655267e+02 2.865764e+02 3.035566e+02 3.160233e+02 3.246894e+02 3.304151e+02
1.179302e+03 1.179302e+03 1.179302e+03 1.179303e+03 1.179303e+03 1.179307e+03 1.179324e+03 1.179436e+03 1.179538e+03 1.179670e+03 1.180017e+03 1.180465e+03 1.180966e+03 1.181234e+03 1.180233e+03 1.175435e+03 1.162233e+03 8.124037e+02 4.132675e+02 2.858571e+02 2.536588e+02 2.494189e+02 2.548863e+02 2.743408e+02 2.940599e+02 3.098235e+02 3.211706e+02 3.288230e+02 3.336590e+02
1.173230e+03 1.173230e+03 1.173230e+03 1.173230e+03 1.173231e+03 1.173264e+03 1.173361e+03 1.173661e+03 1.173834e+03 1.174014e+03 1.174404e+03 1.174858e+03 1.175362e+03 1.175654e+03 1.174724e+03 1.170094e+03 1.157243e+03 8.145520e+02 4.227852e+02 2.973322e+02 2.652296e+02 2.605089e+02 2.652853e+02 2.832230e+02 3.015343e+02 3.160479e+02 3.262698e+02 3.329146e+02 3.368701e+02
1.169557e+03 1.169557e+03 1.169557e+03 1.169557e+03 1.169557e+03 1.169551e+03 1.169548e+03 1.169600e+03 1.169662e+03 1.169752e+03 1.170025e+03 1.170441e+03 1.170968e+03 1.171330e+03 1.170529e+03 1.166125e+03 1.153673e+03 8.179899e+02 4.330980e+02 3.093184e+02 2.771541e+02 2.718467e+02 2.758510e+02 2.921523e+02 3.089827e+02 3.222153e+02 3.313084e+02 3.369539e+02 3.400402e+02
1.166080e+03 1.166080e+03 1.166080e+03 1.166080e+03 1.166079e+03 1.166075e+03 1.166070e+03 1.166081e+03 1.166122e+03 1.166205e+03 1.166522e+03 1.167045e+03 1.167721e+03 1.168261e+03 1.167675e+03 1.163567e+03 1.151568e+03 8.227388e+02 4.441866e+02 3.217825e+02 2.893970e+02 2.833992e+02 2.865541e+02 3.011071e+02 3.163882e+02 3.283111e+02 3.362739e+02 3.409307e+02 3.431613e+02
1.162481e+03 1.162481e+03 1.162481e+03 1.162481e+03 1.162481e+03 1.162492e+03 1.162536e+03 1.162794e+03 1.163016e+03 1.163293e+03 1.163991e+03 1.164852e+03 1.165823e+03 1.166634e+03 1.166329e+03 1.162563e+03 1.151052e+03 8.288355e+02 4.560289e+02 3.346871e+02 3.019198e+02 2.951309e+02 2.973632e+02 3.100644e+02 3.237339e+02 3.343213e+02 3.411544e+02 3.448352e+02 3.462255e+02
1.160444e+03 1.160444e+03 1.160444e+03 1.160445e+03 1.160447e+03 1.160518e+03 1.160733e+03 1.161454e+03 1.161901e+03 1.162383e+03 1.163423e+03 1.164555e+03 1.165760e+03 1.166802e+03 1.166756e+03 1.163327e+03 1.152299e+03 8.363303e+02 4.686017e+02 3.479924e+02 3.146819e+02 3.070044e+02 3.082458e+02 3.190010e+02 3.310026e+02 3.402321e+02 3.459382e+02 3.486578e+02 3.492252e+02
1.163578e+03 1.163578e+03 1.163578e+03 1.163578e+03 1.163578e+03 1.163596e+03 1.163683e+03 1.164084e+03 1.164381e+03 1.164733e+03 1.165585e+03 1.166637e+03 1.167862e+03 1.169014e+03 1.169165e+03 1.166041e+03 1.155477e+03 8.452842e+02 4.818828e+02 3.616571e+02 3.276411e+02 3.189812e+02 3.191680e+02 3.278928e+02 3.381775e+02 3.460303e+02 3.506141e+02 3.523892e+02 3.521532e+02
1.168925e+03 1.168925e+03 1.168925e+03 1.168925e+03 1.168925e+03 1.168934e+03 1.168954e+03 1.169035e+03 1.169128e+03 1.169284e+03 1.169842e+03 1.170761e+03 1.171997e+03 1.173267e+03 1.173632e+03 1.170828e+03 1.160730e+03 8.557688e+02 4.958527e+02 3.756403e+02 3.407549e+02 3.310220e+02 3.300954e+02 3.367154e+02 3.452415e+02 3.517031e+02 3.551716e+02 3.560207e+02 3.550022e+02
1.174105e+03 1.174105e+03 1.174105e+03 1.174104e+03 1.174104e+03 1.174099e+03 1.174083e+03 1.174138e+03 1.174276e+03 1.174515e+03 1.175308e+03 1.176501e+03 1.178020e+03 1.179582e+03 1.180265e+03 1.177839e+03 1.168225e+03 8.678680e+02 5.104963e+02 3.899022e+02 3.539807e+02 3.430873e+02 3.409934e+02 3.454446e+02 3.521781e+02 3.572381e+02 3.596005e+02 3.595437e+02 3.577655e+02
1.178444e+03 1.178444e+03 1.178444e+03 1.178445e+03 1.178449e+03 1.178561e+03 1.178844e+03 1.179777e+03 1.180390e+03 1.181077e+03 1.182630e+03 1.184404e+03 1.186373e+03 1.188315e+03 1.189361e+03 1.187329e+03 1.178192e+03 8.816791e+02 5.258046e+02 4.044054e+02 3.672771e+02 3.551379e+02 3.518272e+02 3.540558e+02 3.589710e+02 3.626235e+02 3.638915e+02 3.629506e+02 3.604367e+02
1.188856e+03 1.188856e+03 1.188856e+03 1.188857e+03 1.188861e+03 1.188986e+03 1.189343e+03 1.190498e+03 1.191216e+03 1.191997e+03 1.193720e+03 1.195659e+03 1.197812e+03 1.199974e+03 1.201288e+03 1.199593e+03 1.190880e+03 8.973124e+02 5.417756e+02 4.191157e+02 3.806038e+02 3.671355e+02 3.625628e+02 3.625249e+02 3.656041e+02 3.678484e+02 3.680358e+02 3.662337e+02 3.630096e+02
1.206808e+03 1.206808e+03 1.206808e+03 1.206808e+03 1.206808e+03 1.206809e+03 1.206817e+03 1.207020e+03 1.207282e+03 1.207669e+03 1.208818e+03 1.210451e+03 1.212509e+03 1.214733e+03 1.216232e+03 1.214825e+03 1.206491e+03 9.148915e+02 5.584153e+02 4.340024e+02 3.939227e+02 3.790425e+02 3.731665e+02 3.708283e+02 3.720621e+02 3.729020e+02 3.720251e+02 3.693865e+02 3.654786e+02
1.224261e+03 1.224261e+03 1.224261e+03 1.224262e+03 1.224263e+03 1.224286e+03 1.224352e+03 1.224624e+03 1.224866e+03 1.225210e+03 1.226280e+03 1.227906e+03 1.230051e+03 1.232455e+03 1.234215e+03 1.233140e+03 1.225193e+03 9.345560e+02 5.757382e+02 4.490388e+02 4.071974e+02 3.908227e+02 3.836057e+02 3.789429e+02 3.783301e+02 3.777747e+02 3.758521e+02 3.724026e+02 3.678384e+02
1.242262e+03 1.242262e+03 1.242262e+03 1.242262e+03 1.242263e+03 1.242304e+03 1.242433e+03 1.243034e+03 1.243524e+03 1.244140e+03 1.245748e+03 1.247851e+03 1.250422e+03 1.253229e+03 1.255398e+03 1.254746e+03 1.247219e+03 9.564676e+02 5.937677e+02 4.642024e+02 4.203939e+02 4.024417e+02 3.938489e+02 3.868466e+02 3.843940e+02 3.824572e+02 3.795101e+02 3.752764e+02 3.700842e+02
1.262885e+03 1.262885e+03 1.262885e+03 1.262886e+03 1.262890e+03 1.263010e+03 1.263364e+03 1.264613e+03 1.265453e+03 1.266409e+03 1.268630e+03 1.271262e+03 1.274308e+03 1.277572e+03 1.280201e+03 1.280010e+03 1.272908e+03 9.808126e+02 6.125357e+02 4.794743e+02 4.334805e+02 4.138663e+02 4.038661e+02 3.945181e+02 3.902403e+02 3.869411e+02 3.829929e+02 3.780029e+02 3.722117e+02
1.290940e+03 1.290940e+03 1.290940e+03 1.290941e+03 1.290945e+03 1.291064e+03 1.291400e+03 1.292541e+03 1.293315e+03 1.294218e+03 1.296418e+03 1.299166e+03 1.302456e+03 1.306066e+03 1.309112e+03 1.309365e+03 1.302657e+03 1.007802e+03 6.320822e+02 4.948390e+02 4.464277e+02 4.250654e+02 4.136288e+02 4.019373e+02 3.958565e+02 3.912188e+02 3.862954e+02 3.805778e+02 3.742171e+02
1.325298e+03 1.325298e+03 1.325298e+03 1.325298e+03 1.325299e+03 1.325319e+03 1.325387e+03 1.325817e+03 1.326272e+03 1.326925e+03 1.328853e+03 1.331597e+03 1.335085e+03 1.339035e+03 1.342511e+03 1.343212e+03 1.336868e+03 1.037666e+03 6.524537e+02 5.102844e+02 4.592081e+02 4.360099e+02 4.231102e+02 4.090854e+02 4.012312e+02 3.952835e+02 3.894129e+02 3.829974e+02 3.760970e+02
1.359755e+03 1.359755e+03 1.359755e+03 1.359755e+03 1.359756e+03 1.359818e+03 1.360046e+03 1.361011e+03 1.361758e+03 1.362689e+03 1.365126e+03 1.368346e+03 1.372315e+03 1.376775e+03 1.380778e+03 1.381973e+03 1.375972e+03 1.070655e+03 6.737022e+02 5.258009e+02 4.717967e+02 4.466725e+02 4.322854e+02 4.159451e+02 4.063537e+02 3.991291e+02 3.923417e+02 3.852586e+02 3.778486e+02
1.398630e+03 1.398630e+03 1.398630e+03 1.398632e+03 1.398636e+03 1.398778e+03 1.399217e+03 1.400862e+03 1.401992e+03 1.403299e+03 1.406429e+03 1.410276e+03 1.414842e+03 1.419892e+03 1.424471e+03 1.426167e+03 1.420461e+03 1.107027e+03 6.958837e+02 5.413809e+02 4.841703e+02 4.570282e+02 4.411316e+02 4.225008e+02 4.112148e+02 4.027504e+02 3.950786e+02 3.873589e+02 3.794696e+02
1.447094e+03 1.447094e+03 1.447094e+03 1.447095e+03 1.447098e+03 1.447191e+03 1.447511e+03 1.448859e+03 1.449892e+03 1.451163e+03 1.454410e+03 1.458568e+03 1.463569e+03 1.469124e+03 1.474225e+03 1.476367e+03 1.470856e+03 1.147050e+03 7.190564e+02 5.570187e+02 4.963082e+02 4.670543e+02 4.496281e+02 4.287383e+02 4.158062e+02 4.061432e+02 3.976212e+02 3.892965e+02 3.809581e+02
1.501933e+03 1.501933e+03 1.501933e+03 1.501934e+03 1.501937e+03 1.502026e+03 1.502307e+03 1.503539e+03 1.504548e+03 1.505835e+03 1.509233e+03 1.513671e+03 1.519043e+03 1.525033e+03 1.530584e+03 1.533085e+03 1.527640e+03 1.190989e+03 7.432799e+02 5.727106e+02 5.081917e+02 4.767306e+02 4.577569e+02 4.346454e+02 4.201208e+02 4.093041e+02 3.999679e+02 3.910703e+02 3.823130e+02
1.561685e+03 1.561685e+03 1.561685e+03 1.561687e+03 1.561693e+03 1.561868e+03 1.562384e+03 1.564279e+03 1.565624e+03 1.567216e+03 1.571109e+03 1.575936e+03 1.581670e+03 1.588039e+03 1.593970e+03 1.596742e+03 1.591229e+03 1.239102e+03 7.686145e+02 5.884544e+02 5.198047e+02 4.860396e+02 4.655023e+02 4.402119e+02 4.241531e+02 4.122304e+02 4.021177e+02 3.926795e+02 3.835332e+02
1.631392e+03 1.631392e+03 1.631392e+03 1.631394e+03 1.631400e+03 1.631577e+03 1.632121e+03 1.634121e+03 1.635500e+03 1.637109e+03 1.641024e+03 1.645921e+03 1.651820e+03 1.658453e+03 1.664691e+03 1.667667e+03 1.661973e+03 1.291646e+03 7.951215e+02 6.042497e+02 5.311336e+02 4.949666e+02 4.728513e+02 4.454294e+02 4.278987e+02 4.149206e+02 4.040704e+02 3.941243e+02 3.846186e+02
1.711679e+03 1.711679e+03 1.711679e+03 1.711679e+03 1.711681e+03 1.711743e+03 1.711962e+03 1.713052e+03 1.713993e+03 1.715234e+03 1.718677e+03 1.723434e+03 1.729445e+03 1.736357e+03 1.742937e+03 1.746127e+03 1.740193e+03 1.348883e+03 8.228641e+02 6.200988e+02 5.421681e+02 5.035001e+02 4.797939e+02 4.502917e+02 4.313545e+02 4.173740e+02 4.058264e+02 3.954051e+02 3.855693e+02
1.794944e+03 1.794944e+03 1.794944e+03 1.794944e+03 1.794946e+03 1.795008e+03 1.795217e+03 1.796354e+03 1.797392e+03 1.798780e+03 1.802624e+03 1.807863e+03 1.814403e+03 1.821870e+03 1.828966e+03 1.832460e+03 1.826271e+03 1.411089e+03 8.519083e+02 6.360067e+02 5.529009e+02 5.116316e+02 4.863229e+02 4.547947e+02 4.345189e+02 4.195907e+02 4.073866e+02 3.965230e+02 3.863859e+02
1.880970e+03 1.880970e+03 1.880970e+03 1.880973e+03 1.880981e+03 1.881237e+03 1.882001e+03 1.884715e+03 1.886567e+03 1.888712e+03 1.893829e+03 1.900062e+03 1.907426e+03 1.915629e+03 1.923358e+03 1.927211e+03 1.920728e+03 1.478563e+03 8.823237e+02 6.519814e+02 5.633283e+02 5.193563e+02 4.924342e+02 4.589361e+02 4.373916e+02 4.215717e+02 4.087529e+02 3.974796e+02 3.870694e+02
1.981894e+03 1.981894e+03 1.981894e+03 1.981897e+03 1.981905e+03 1.982162e+03 1.982951e+03 1.985816e+03 1.987768e+03 1.990018e+03 1.995386e+03 2.001967e+03 2.009803e+03 2.018579e+03 2.026880e+03 2.031054e+03 2.024184e+03 1.551626e+03 9.141838e+02 6.680345e+02 5.734504e+02 5.266727e+02 4.981268e+02 4.627162e+02 4.399737e+02 4.233189e+02 4.099274e+02 3.982770e+02 3.876214e+02
2.098360e+03 2.098360e+03 2.098360e+03 2.098361e+03 2.098363e+03 2.098438e+03 2.098708e+03 2.100118e+03 2.101355e+03 2.102999e+03 2.107592e+03 2.113964e+03 2.122022e+03 2.131292e+03 2.140155e+03 2.144635e+03 2.137281e+03 1.630619e+03 9.475649e+02 6.841810e+02 5.832709e+02 5.335830e+02 5.034025e+02 4.661370e+02 4.422675e+02 4.248352e+02 4.109132e+02 3.989177e+02 3.880437e+02
2.218360e+03 2.218360e+03 2.218360e+03 2.218360e+03 2.218363e+03 2.218437e+03 2.218682e+03 2.220029e+03 2.221319e+03 2.223093e+03 2.228155e+03 2.235195e+03 2.244045e+03 2.254155e+03 2.263777e+03 2.268630e+03 2.260710e+03 1.715890e+03 9.825440e+02 7.004386e+02 5.927972e+02 5.400924e+02 5.082663e+02 4.692026e+02 4.442767e+02 4.261240e+02 4.117134e+02 3.994047e+02 3.883385e+02
2.340536e+03 2.340536e+03 2.340536e+03 2.340539e+03 2.340551e+03 2.340919e+03 2.341976e+03 2.345652e+03 2.348184e+03 2.351137e+03 2.358234e+03 2.366877e+03 2.377022e+03 2.388228e+03 2.398711e+03 2.403922e+03 2.395276e+03 1.807782e+03 1.019195e+03 7.168272e+02 6.020398e+02 5.462096e+02 5.127259e+02 4.719190e+02 4.460060e+02 4.271896e+02 4.123322e+02 3.997415e+02 3.885084e+02
2.482860e+03 2.482860e+03 2.482860e+03 2.482864e+03 2.482876e+03 2.483250e+03 2.484413e+03 2.488760e+03 2.491718e+03 2.495087e+03 2.502936e+03 2.512267e+03 2.523112e+03 2.535037e+03 2.546129e+03 2.551473e+03 2.541801e+03 1.906612e+03 1.057585e+03 7.333676e+02 6.110122e+02 5.519463e+02 5.167914e+02 4.742939e+02 4.474616e+02 4.280371e+02 4.127740e+02 3.999316e+02 3.885563e+02
2.650018e+03 2.650018e+03 2.650018e+03 2.650019e+03 2.650022e+03 2.650130e+03 2.650613e+03 2.652969e+03 2.654875e+03 2.657294e+03 2.663743e+03 2.672394e+03 2.683145e+03 2.695340e+03 2.706756e+03 2.711978e+03 2.700940e+03 2.012641e+03 1.097765e+03 7.500796e+02 6.197300e+02 5.573164e+02 5.204756e+02 4.763368e+02 4.486504e+02 4.286721e+02 4.130435e+02 3.999793e+02 3.884854e+02
2.825421e+03 2.825421e+03 2.825421e+03 2.825422e+03 2.825424e+03 2.825510e+03 2.825781e+03 2.827144e+03 2.828510e+03 2.830485e+03 2.836460e+03 2.845149e+03 2.856287e+03 2.869021e+03 2.880848e+03 2.885863e+03 2.873166e+03 2.126053e+03 1.139770e+03 7.669807e+02 6.282101e+02 5.623364e+02 5.237931e+02 4.780586e+02 4.495806e+02 4.291011e+02 4.131461e+02 3.998889e+02 3.882992e+02
3.000732e+03 3.000732e+03 3.000732e+03 3.000733e+03 3.000737e+03 3.000966e+03 3.001800e+03 3.005311e+03 3.007991e+03 3.011278e+03 3.019624e+03 3.030209e+03 3.042790e+03 3.056569e+03 3.068952e+03 3.073639e+03 3.058922e+03 2.246925e+03 1.183604e+03 7.840839e+02 6.364701e+02 5.670239e+02 5.267602e+02 4.794715e+02 4.502610e+02 4.293309e+02 4.130875e+02 3.996651e+02 3.880015e+02
3.192141e+03 3.192141e+03 3.192141e+03 3.192146e+03 3.192162e+03 3.192664e+03 3.194228e+03 3.200157e+03 3.204215e+03 3.208821e+03 3.219378e+03 3.231536e+03 3.245161e+03 3.259555e+03 3.272044e+03 3.275904e+03 3.258554e+03 2.375196e+03 1.229240e+03 8.013960e+02 6.445273e+02 5.713982e+02 5.293948e+02 4.805890e+02 4.507014e+02 4.293689e+02 4.128735e+02 3.993129e+02 3.875960e+02
3.417827e+03 3.417827e+03 3.417827e+03 3.417832e+03 3.417848e+03 3.418345e+03 3.419764e+03 3.424637e+03 3.427966e+03 3.431834e+03 3.441072e+03 3.452203e+03 3.465052e+03 3.478786e+03 3.490439e+03 3.492689e+03 3.471934e+03 2.510632e+03 1.276615e+03 8.189163e+02 6.523979e+02 5.754787e+02 5.317156e+02 4.814253e+02 4.509122e+02 4.292229e+02 4.125106e+02 3.988373e+02 3.870871e+02
3.668494e+03 3.668494e+03 3.668494e+03 3.668495e+03 3.668498e+03 3.668580e+03 3.668856e+03 3.670437e+03 3.671982e+03 3.674132e+03 3.680375e+03 3.689204e+03 3.700335e+03 3.712694e+03 3.722918e+03 3.722995e+03 3.698201e+03 2.652820e+03 1.325622e+03 8.366352e+02 6.600968e+02 5.792855e+02 5.337421e+02 4.819956e+02 4.509044e+02 4.289013e+02 4.120051e+02 3.982437e+02 3.864789e+02
3.917993e+03 3.917993e+03 3.917993e+03 3.917994e+03 3.917996e+03 3.918078e+03 3.918345e+03 3.919767e+03 3.921127e+03 3.923028e+03 3.928640e+03 3.936735e+03 3.947066e+03 3.958499e+03 3.967417e+03 3.965194e+03 3.936005e+03 2.801170e+03 1.376119e+03 8.545342e+02 6.676363e+02 5.828382e+02 5.354942e+02 4.823154e+02 4.506894e+02 4.284125e+02 4.113639e+02 3.975376e+02 3.857759e+02
4.165872e+03 4.165872e+03 4.165872e+03 4.165876e+03 4.165888e+03 4.166250e+03 4.167293e+03 4.170944e+03 4.173482e+03 4.176474e+03 4.183781e+03 4.192824e+03 4.203423e+03 4.214515e+03 4.222361e+03 4.217804e+03 4.183951e+03 2.954954e+03 1.427924e+03 8.725855e+02 6.750267e+02 5.861559e+02 5.369920e+02 4.824008e+02 4.502790e+02 4.277654e+02 4.105938e+02 3.967246e+02 3.849826e+02
