1.613449e+05 9.568334e+04 8.078469e+04 5.378581e+04 4.477202e+04 2.677739e+04 2.076114e+04 1.617916e+04 1.489690e+04 1.376552e+04 1.155040e+04 9.399010e+03 7.518507e+03 6.009554e+03 4.853415e+03 3.984191e+03 3.332784e+03 1.785320e+03 1.317456e+03 1.159722e+03 1.129359e+03 1.175743e+03 1.287463e+03 1.723163e+03 2.499463e+03 3.677690e+03 5.294042e+03 7.363659e+03 9.889697e+03
2.652043e+04 2.652036e+04 2.651990e+04 2.648157e+04 2.627565e+04 2.284526e+04 1.926811e+04 1.568021e+04 1.455246e+04 1.351130e+04 1.139156e+04 9.288654e+03 7.438226e+03 5.949962e+03 4.808601e+03 3.950071e+03 3.306468e+03 1.776686e+03 1.314020e+03 1.158421e+03 1.129240e+03 1.176491e+03 1.289014e+03 1.726533e+03 2.505163e+03 3.686239e+03 5.305841e+03 7.378976e+03 9.908686e+03
2.034973e+04 2.034972e+04 2.034966e+04 2.034502e+04 2.032028e+04 1.947212e+04 1.759551e+04 1.509818e+04 1.415749e+04 1.322315e+04 1.121383e+04 9.166375e+03 7.350197e+03 5.885297e+03 4.760431e+03 3.913696e+03 3.278607e+03 1.767743e+03 1.310502e+03 1.157104e+03 1.129131e+03 1.177265e+03 1.290603e+03 1.729962e+03 2.510946e+03 3.694894e+03 5.317770e+03 7.394441e+03 9.927840e+03
1.735293e+04 1.735294e+04 1.735293e+04 1.735176e+04 1.734510e+04 1.694852e+04 1.631373e+04 1.448899e+04 1.373194e+04 1.290931e+04 1.101878e+04 9.032430e+03 7.254444e+03 5.815562e+03 4.708916e+03 3.875081e+03 3.249217e+03 1.758497e+03 1.306906e+03 1.155772e+03 1.129034e+03 1.178066e+03 1.292231e+03 1.733453e+03 2.516814e+03 3.703658e+03 5.329828e+03 7.410056e+03 9.947160e+03
1.559046e+04 1.559047e+04 1.559048e+04 1.559044e+04 1.558953e+04 1.542721e+04 1.515160e+04 1.395797e+04 1.330894e+04 1.258234e+04 1.080866e+04 8.887279e+03 7.151090e+03 5.740814e+03 4.654095e+03 3.834257e+03 3.218322e+03 1.748955e+03 1.303234e+03 1.154428e+03 1.128950e+03 1.178895e+03 1.293898e+03 1.737005e+03 2.522768e+03 3.712531e+03 5.342018e+03 7.425821e+03 9.966647e+03
1.453254e+04 1.453255e+04 1.453256e+04 1.453267e+04 1.453233e+04 1.444229e+04 1.422507e+04 1.354549e+04 1.294482e+04 1.226226e+04 1.058697e+04 8.731710e+03 7.040386e+03 5.661175e+03 4.596047e+03 3.791279e+03 3.185960e+03 1.739126e+03 1.299489e+03 1.153072e+03 1.128879e+03 1.179751e+03 1.295605e+03 1.740620e+03 2.528808e+03 3.721515e+03 5.354341e+03 7.441738e+03 9.986301e+03
1.377326e+04 1.377326e+04 1.377327e+04 1.377340e+04 1.377343e+04 1.372888e+04 1.355164e+04 1.316495e+04 1.264736e+04 1.198124e+04 1.035916e+04 8.567042e+03 6.922784e+03 5.576860e+03 4.534894e+03 3.746222e+03 3.152183e+03 1.729019e+03 1.295674e+03 1.151706e+03 1.128823e+03 1.180637e+03 1.297352e+03 1.744299e+03 2.534937e+03 3.730611e+03 5.366797e+03 7.457808e+03 1.000612e+04
1.320496e+04 1.320497e+04 1.320499e+04 1.320539e+04 1.320621e+04 1.319026e+04 1.305877e+04 1.278738e+04 1.236497e+04 1.173572e+04 1.013360e+04 8.395346e+03 6.799004e+03 5.488193e+03 4.470810e+03 3.699192e+03 3.117055e+03 1.718644e+03 1.291792e+03 1.150330e+03 1.128782e+03 1.181552e+03 1.299141e+03 1.748042e+03 2.541154e+03 3.739819e+03 5.379388e+03 7.474032e+03 1.002612e+04
1.278937e+04 1.278937e+04 1.278938e+04 1.278955e+04 1.278991e+04 1.278070e+04 1.268318e+04 1.242015e+04 1.207229e+04 1.149342e+04 9.922531e+03 8.219677e+03 6.670116e+03 5.395646e+03 4.404038e+03 3.650324e+03 3.080660e+03 1.708015e+03 1.287846e+03 1.148948e+03 1.128758e+03 1.182498e+03 1.300973e+03 1.751851e+03 2.547460e+03 3.749142e+03 5.392116e+03 7.490411e+03 1.004628e+04
1.246317e+04 1.246317e+04 1.246317e+04 1.246333e+04 1.246367e+04 1.245974e+04 1.238129e+04 1.207304e+04 1.176387e+04 1.123600e+04 9.719266e+03 8.044581e+03 6.537601e+03 5.299855e+03 4.334893e+03 3.599793e+03 3.043100e+03 1.697143e+03 1.283841e+03 1.147559e+03 1.128751e+03 1.183476e+03 1.302847e+03 1.755725e+03 2.553858e+03 3.758579e+03 5.404980e+03 7.506946e+03 1.006662e+04
1.220257e+04 1.220257e+04 1.220258e+04 1.220271e+04 1.220305e+04 1.220110e+04 1.211935e+04 1.174424e+04 1.144286e+04 1.095635e+04 9.511444e+03 7.875577e+03 6.403448e+03 5.201648e+03 4.263774e+03 3.547809e+03 3.004494e+03 1.686045e+03 1.279779e+03 1.146167e+03 1.128762e+03 1.184485e+03 1.304765e+03 1.759667e+03 2.560347e+03 3.768132e+03 5.417982e+03 7.523639e+03 1.008713e+04
1.060614e+04 1.060613e+04 1.060612e+04 1.060575e+04 1.060444e+04 1.055355e+04 1.043034e+04 1.000785e+04 9.704526e+03 9.322958e+03 8.278826e+03 6.996509e+03 5.755659e+03 4.715129e+03 3.899378e+03 3.276554e+03 2.801568e+03 1.627791e+03 1.258779e+03 1.139201e+03 1.129126e+03 1.190045e+03 1.315041e+03 1.780413e+03 2.594202e+03 3.817675e+03 5.485105e+03 7.609500e+03 1.019231e+04
8.278734e+03 8.278734e+03 8.278733e+03 8.278720e+03 8.278663e+03 8.275573e+03 8.260367e+03 8.132679e+03 7.969114e+03 7.717124e+03 6.974582e+03 6.040858e+03 5.091710e+03 4.250020e+03 3.561545e+03 3.021088e+03 2.603806e+03 1.567062e+03 1.237097e+03 1.132401e+03 1.130102e+03 1.196532e+03 1.326532e+03 1.802968e+03 2.630500e+03 3.870282e+03 5.555853e+03 7.699465e+03 1.030199e+04
6.824370e+03 6.824370e+03 6.824370e+03 6.824364e+03 6.824341e+03 6.823004e+03 6.816317e+03 6.756245e+03 6.658837e+03 6.486704e+03 5.926964e+03 5.202240e+03 4.463310e+03 3.797551e+03 3.237456e+03 2.784494e+03 2.425916e+03 1.507726e+03 1.215537e+03 1.126042e+03 1.131834e+03 1.204055e+03 1.339339e+03 1.827448e+03 2.669373e+03 3.926094e+03 5.630370e+03 7.793676e+03 1.041630e+04
5.848096e+03 5.848096e+03 5.848095e+03 5.848077e+03 5.848016e+03 5.846066e+03 5.840168e+03 5.797142e+03 5.724757e+03 5.591958e+03 5.141550e+03 4.544768e+03 3.936997e+03 3.393020e+03 2.934918e+03 2.560327e+03 2.258692e+03 1.455105e+03 1.195158e+03 1.120465e+03 1.134488e+03 1.212732e+03 1.353569e+03 1.853969e+03 2.710952e+03 3.985254e+03 5.708804e+03 7.892278e+03 1.053539e+04
5.115402e+03 5.115402e+03 5.115402e+03 5.115389e+03 5.115341e+03 5.113272e+03 5.107275e+03 5.071492e+03 5.013071e+03 4.905081e+03 4.532429e+03 4.029651e+03 3.514002e+03 3.053952e+03 2.669136e+03 2.355609e+03 2.102480e+03 1.409972e+03 1.177365e+03 1.116107e+03 1.138263e+03 1.222696e+03 1.369340e+03 1.882654e+03 2.755375e+03 4.047908e+03 5.791303e+03 7.995419e+03 1.065939e+04
4.505525e+03 4.505525e+03 4.505525e+03 4.505523e+03 4.505514e+03 4.505085e+03 4.503282e+03 4.481407e+03 4.436551e+03 4.349621e+03 4.040599e+03 3.614816e+03 3.172483e+03 2.775985e+03 2.445097e+03 2.177082e+03 1.961845e+03 1.369559e+03 1.164022e+03 1.113533e+03 1.143409e+03 1.234101e+03 1.386778e+03 1.913631e+03 2.802783e+03 4.114206e+03 5.878019e+03 8.103246e+03 1.078845e+04
4.024164e+03 4.024164e+03 4.024164e+03 4.024163e+03 4.024162e+03 4.024010e+03 4.023158e+03 4.007934e+03 3.972191e+03 3.900579e+03 3.640445e+03 3.276484e+03 2.894034e+03 2.548630e+03 2.259708e+03 2.026310e+03 1.839980e+03 1.332661e+03 1.154769e+03 1.113515e+03 1.150241e+03 1.247136e+03 1.406032e+03 1.947039e+03 2.853323e+03 4.184303e+03 5.969107e+03 8.215910e+03 1.092271e+04
3.644590e+03 3.644590e+03 3.644590e+03 3.644588e+03 3.644581e+03 3.644363e+03 3.643647e+03 3.631432e+03 3.601328e+03 3.540188e+03 3.316021e+03 3.000116e+03 2.665917e+03 2.362227e+03 2.107214e+03 1.901157e+03 1.737255e+03 1.299177e+03 1.148481e+03 1.116991e+03 1.159168e+03 1.262032e+03 1.427273e+03 1.983027e+03 2.907150e+03 4.258355e+03 6.064724e+03 8.333562e+03 1.106232e+04
3.337717e+03 3.337717e+03 3.337717e+03 3.337717e+03 3.337718e+03 3.337696e+03 3.337512e+03 3.328094e+03 3.302278e+03 3.249025e+03 3.052287e+03 2.773924e+03 2.478446e+03 2.208922e+03 1.981841e+03 1.798081e+03 1.652129e+03 1.269597e+03 1.144485e+03 1.123530e+03 1.170778e+03 1.279077e+03 1.450706e+03 2.021759e+03 2.964426e+03 4.336529e+03 6.165031e+03 8.456357e+03 1.120741e+04
3.091004e+03 3.091004e+03 3.091004e+03 3.091004e+03 3.091002e+03 3.090929e+03 3.090661e+03 3.082330e+03 3.059467e+03 3.012113e+03 2.836666e+03 2.588048e+03 2.323833e+03 2.082413e+03 1.878602e+03 1.713440e+03 1.582304e+03 1.244505e+03 1.142434e+03 1.132582e+03 1.185631e+03 1.298643e+03 1.476577e+03 2.063419e+03 3.025327e+03 4.418993e+03 6.270193e+03 8.584451e+03 1.135813e+04
2.886930e+03 2.886930e+03 2.886930e+03 2.886930e+03 2.886932e+03 2.886957e+03 2.886962e+03 2.880054e+03 2.859678e+03 2.817123e+03 2.658884e+03 2.434389e+03 2.195764e+03 1.977667e+03 1.793427e+03 1.644030e+03 1.525431e+03 1.224286e+03 1.142260e+03 1.143778e+03 1.203391e+03 1.321274e+03 1.505190e+03 2.108214e+03 3.090038e+03 4.505928e+03 6.380380e+03 8.718003e+03 1.151464e+04
2.718802e+03 2.718802e+03 2.718802e+03 2.718802e+03 2.718802e+03 2.718792e+03 2.718723e+03 2.712438e+03 2.693959e+03 2.655272e+03 2.511167e+03 2.306602e+03 2.089240e+03 1.890710e+03 1.723091e+03 1.587226e+03 1.479439e+03 1.209054e+03 1.144087e+03 1.156880e+03 1.223777e+03 1.347336e+03 1.536928e+03 2.156380e+03 3.158763e+03 4.597521e+03 6.495767e+03 8.857175e+03 1.167707e+04
2.577367e+03 2.577367e+03 2.577367e+03 2.577368e+03 2.577369e+03 2.577403e+03 2.577471e+03 2.572053e+03 2.555252e+03 2.519857e+03 2.387640e+03 2.199821e+03 2.000380e+03 1.818459e+03 1.665098e+03 1.540968e+03 1.442632e+03 1.198706e+03 1.148136e+03 1.171784e+03 1.246600e+03 1.376610e+03 1.572345e+03 2.208187e+03 3.231724e+03 4.693972e+03 6.616537e+03 9.002133e+03 1.184559e+04
2.458978e+03 2.458978e+03 2.458978e+03 2.458979e+03 2.458980e+03 2.459014e+03 2.459105e+03 2.454259e+03 2.438811e+03 2.406146e+03 2.283947e+03 2.110349e+03 1.926206e+03 1.758550e+03 1.617537e+03 1.503673e+03 1.413681e+03 1.193009e+03 1.154645e+03 1.188503e+03 1.271740e+03 1.408968e+03 1.611693e+03 2.263953e+03 3.309165e+03 4.795494e+03 6.742880e+03 9.153048e+03 1.202034e+04
2.360001e+03 2.360001e+03 2.360001e+03 2.360000e+03 2.359998e+03 2.359937e+03 2.359846e+03 2.355104e+03 2.340685e+03 2.310283e+03 2.196642e+03 2.035314e+03 1.864418e+03 1.709165e+03 1.578954e+03 1.474139e+03 1.391565e+03 1.191679e+03 1.163824e+03 1.207149e+03 1.299149e+03 1.444342e+03 1.654853e+03 2.324051e+03 3.391358e+03 4.902313e+03 6.874995e+03 9.310095e+03 1.220147e+04
2.274387e+03 2.274387e+03 2.274387e+03 2.274388e+03 2.274389e+03 2.274419e+03 2.274520e+03 2.270462e+03 2.257161e+03 2.228908e+03 2.122965e+03 1.972475e+03 1.813237e+03 1.668906e+03 1.548231e+03 1.451446e+03 1.375500e+03 1.194426e+03 1.175840e+03 1.227898e+03 1.328852e+03 1.482704e+03 1.701799e+03 2.388957e+03 3.478605e+03 5.014676e+03 7.013090e+03 9.473457e+03 1.238916e+04
2.202222e+03 2.202222e+03 2.202222e+03 2.202223e+03 2.202226e+03 2.202307e+03 2.202524e+03 2.199041e+03 2.186729e+03 2.160367e+03 2.061199e+03 1.920276e+03 1.771365e+03 1.636723e+03 1.524522e+03 1.434892e+03 1.364881e+03 1.200986e+03 1.190820e+03 1.250970e+03 1.360943e+03 1.524073e+03 1.752548e+03 2.459271e+03 3.571247e+03 5.132849e+03 7.157389e+03 9.643321e+03 1.258355e+04
2.143259e+03 2.143259e+03 2.143259e+03 2.143260e+03 2.143261e+03 2.143312e+03 2.143446e+03 2.140015e+03 2.128359e+03 2.103485e+03 2.010084e+03 1.877580e+03 1.737844e+03 1.611832e+03 1.507177e+03 1.423929e+03 1.359239e+03 1.211140e+03 1.208859e+03 1.276600e+03 1.395580e+03 1.568516e+03 1.807145e+03 2.535095e+03 3.669674e+03 5.257122e+03 7.308124e+03 9.819884e+03 1.278483e+04
2.093878e+03 2.093878e+03 2.093878e+03 2.093878e+03 2.093880e+03 2.093932e+03 2.094067e+03 2.090830e+03 2.079828e+03 2.056354e+03 1.968257e+03 1.843396e+03 1.711918e+03 1.593617e+03 1.495679e+03 1.418115e+03 1.358189e+03 1.224713e+03 1.230037e+03 1.305032e+03 1.432968e+03 1.616149e+03 1.865666e+03 2.616464e+03 3.774349e+03 5.387812e+03 7.465548e+03 1.000335e+04 1.299315e+04
2.052335e+03 2.052335e+03 2.052335e+03 2.052336e+03 2.052339e+03 2.052421e+03 2.052650e+03 2.049966e+03 2.039786e+03 2.017803e+03 1.934848e+03 1.817044e+03 1.693008e+03 1.581568e+03 1.489580e+03 1.417062e+03 1.361401e+03 1.241578e+03 1.254430e+03 1.336507e+03 1.473353e+03 1.667137e+03 1.928224e+03 2.703472e+03 3.885872e+03 5.525271e+03 7.629928e+03 1.019394e+04 1.320870e+04
2.020125e+03 2.020125e+03 2.020125e+03 2.020126e+03 2.020129e+03 2.020227e+03 2.020510e+03 2.018224e+03 2.008751e+03 1.988096e+03 1.909740e+03 1.798189e+03 1.680681e+03 1.575234e+03 1.488458e+03 1.420405e+03 1.368574e+03 1.261654e+03 1.282123e+03 1.371265e+03 1.517009e+03 1.721691e+03 1.994965e+03 2.796240e+03 4.004770e+03 5.669890e+03 7.801554e+03 1.039187e+04 1.343166e+04
1.997371e+03 1.997371e+03 1.997371e+03 1.997371e+03 1.997374e+03 1.997472e+03 1.997789e+03 1.995823e+03 1.986923e+03 1.967353e+03 1.892804e+03 1.786472e+03 1.674455e+03 1.574113e+03 1.491862e+03 1.427770e+03 1.379417e+03 1.284909e+03 1.313218e+03 1.409544e+03 1.564228e+03 1.780060e+03 2.066075e+03 2.894907e+03 4.131078e+03 5.822118e+03 7.980739e+03 1.059740e+04 1.366223e+04
1.984147e+03 1.984147e+03 1.984147e+03 1.984148e+03 1.984151e+03 1.984248e+03 1.984551e+03 1.982619e+03 1.974024e+03 1.955171e+03 1.883427e+03 1.781154e+03 1.673583e+03 1.577546e+03 1.499262e+03 1.438764e+03 1.393655e+03 1.311359e+03 1.347838e+03 1.451586e+03 1.615320e+03 1.842532e+03 2.141778e+03 2.999632e+03 4.264904e+03 5.982490e+03 8.167823e+03 1.081077e+04 1.390061e+04
1.978959e+03 1.978959e+03 1.978959e+03 1.978960e+03 1.978961e+03 1.978989e+03 1.979097e+03 1.976759e+03 1.968228e+03 1.949783e+03 1.879985e+03 1.780826e+03 1.676936e+03 1.584694e+03 1.510073e+03 1.453003e+03 1.411056e+03 1.341075e+03 1.386137e+03 1.497639e+03 1.670602e+03 1.909419e+03 2.222333e+03 3.110589e+03 4.406393e+03 6.151709e+03 8.363182e+03 1.103225e+04 1.414700e+04
1.976936e+03 1.976936e+03 1.976936e+03 1.976937e+03 1.976940e+03 1.977027e+03 1.977279e+03 1.975137e+03 1.966710e+03 1.948538e+03 1.880174e+03 1.783676e+03 1.683232e+03 1.594720e+03 1.523788e+03 1.470207e+03 1.431492e+03 1.374182e+03 1.428294e+03 1.547959e+03 1.730403e+03 1.981062e+03 2.308034e+03 3.227976e+03 4.555707e+03 6.330073e+03 8.567236e+03 1.126215e+04 1.440163e+04
1.980269e+03 1.980269e+03 1.980269e+03 1.980266e+03 1.980260e+03 1.980106e+03 1.979753e+03 1.976011e+03 1.967029e+03 1.948717e+03 1.881586e+03 1.788039e+03 1.691476e+03 1.607094e+03 1.540166e+03 1.490307e+03 1.454996e+03 1.410864e+03 1.474522e+03 1.602817e+03 1.795060e+03 2.057817e+03 2.399206e+03 3.352012e+03 4.713021e+03 6.517610e+03 8.780466e+03 1.150077e+04 1.466474e+04
1.974531e+03 1.974531e+03 1.974531e+03 1.974532e+03 1.974534e+03 1.974587e+03 1.974614e+03 1.971716e+03 1.963380e+03 1.946056e+03 1.882128e+03 1.793034e+03 1.701390e+03 1.621824e+03 1.559342e+03 1.513494e+03 1.481781e+03 1.451349e+03 1.525061e+03 1.662499e+03 1.864920e+03 2.140062e+03 2.496201e+03 3.482941e+03 4.878517e+03 6.714438e+03 9.003474e+03 1.174847e+04 1.493657e+04
1.966677e+03 1.966677e+03 1.966677e+03 1.966678e+03 1.966681e+03 1.966787e+03 1.967096e+03 1.965600e+03 1.958454e+03 1.942751e+03 1.883316e+03 1.799746e+03 1.713781e+03 1.639524e+03 1.581803e+03 1.540171e+03 1.512198e+03 1.495905e+03 1.580179e+03 1.727309e+03 1.940339e+03 2.228185e+03 2.599394e+03 3.621033e+03 5.052388e+03 6.920699e+03 9.236938e+03 1.200562e+04 1.521739e+04
1.966263e+03 1.966263e+03 1.966263e+03 1.966264e+03 1.966267e+03 1.966363e+03 1.966651e+03 1.965328e+03 1.958722e+03 1.944101e+03 1.888516e+03 1.810267e+03 1.729980e+03 1.661088e+03 1.608190e+03 1.570830e+03 1.546650e+03 1.544820e+03 1.640169e+03 1.797568e+03 2.021686e+03 2.322589e+03 2.709185e+03 3.766580e+03 5.234838e+03 7.136547e+03 9.480893e+03 1.227264e+04 1.550748e+04
1.972355e+03 1.972355e+03 1.972355e+03 1.972355e+03 1.972357e+03 1.972426e+03 1.972644e+03 1.971343e+03 1.965136e+03 1.951404e+03 1.899214e+03 1.825872e+03 1.750962e+03 1.687244e+03 1.639059e+03 1.605919e+03 1.585517e+03 1.598403e+03 1.705349e+03 1.873615e+03 2.109342e+03 2.423691e+03 2.825989e+03 3.919903e+03 5.426081e+03 7.362139e+03 9.735371e+03 1.255005e+04 1.580715e+04
1.983356e+03 1.983356e+03 1.983356e+03 1.983357e+03 1.983361e+03 1.983485e+03 1.983859e+03 1.983095e+03 1.977468e+03 1.964717e+03 1.915835e+03 1.847102e+03 1.777245e+03 1.718444e+03 1.674802e+03 1.645784e+03 1.629122e+03 1.656968e+03 1.776057e+03 1.955813e+03 2.203702e+03 2.531917e+03 2.950238e+03 4.081343e+03 5.626343e+03 7.597638e+03 1.000046e+04 1.283852e+04 1.611675e+04
2.002112e+03 2.002112e+03 2.002113e+03 2.002114e+03 2.002118e+03 2.002246e+03 2.002637e+03 2.002065e+03 1.996839e+03 1.984875e+03 1.938858e+03 1.874281e+03 1.809097e+03 1.754941e+03 1.715669e+03 1.690682e+03 1.677728e+03 1.720848e+03 1.852656e+03 2.044541e+03 2.305175e+03 2.647707e+03 3.082381e+03 4.251265e+03 5.835867e+03 7.843207e+03 1.027627e+04 1.313847e+04 1.643664e+04
2.028524e+03 2.028524e+03 2.028524e+03 2.028525e+03 2.028528e+03 2.028637e+03 2.028969e+03 2.028311e+03 2.023287e+03 2.011878e+03 1.968237e+03 1.907383e+03 1.846551e+03 1.796828e+03 1.761807e+03 1.740803e+03 1.731565e+03 1.790385e+03 1.935532e+03 2.140201e+03 2.414186e+03 2.771512e+03 3.222877e+03 4.430056e+03 6.054907e+03 8.099011e+03 1.056291e+04 1.344980e+04 1.676726e+04
2.060692e+03 2.060692e+03 2.060692e+03 2.060693e+03 2.060696e+03 2.060789e+03 2.061074e+03 2.060348e+03 2.055518e+03 2.044643e+03 2.003291e+03 1.946050e+03 1.889468e+03 1.844110e+03 1.813314e+03 1.796313e+03 1.790850e+03 1.865947e+03 2.025091e+03 2.243213e+03 2.531175e+03 2.903795e+03 3.372199e+03 4.618119e+03 6.283732e+03 8.365218e+03 1.086048e+04 1.377254e+04 1.710912e+04
2.097113e+03 2.097113e+03 2.097113e+03 2.097114e+03 2.097117e+03 2.097205e+03 2.097481e+03 2.096894e+03 2.092424e+03 2.082258e+03 2.043492e+03 1.990032e+03 1.937774e+03 1.896822e+03 1.870307e+03 1.857396e+03 1.855820e+03 1.947925e+03 2.121763e+03 2.354018e+03 2.656599e+03 3.045032e+03 3.530832e+03 4.815874e+03 6.522625e+03 8.642000e+03 1.116911e+04 1.410670e+04 1.746292e+04
2.137533e+03 2.137533e+03 2.137533e+03 2.137535e+03 2.137540e+03 2.137718e+03 2.138238e+03 2.138362e+03 2.134459e+03 2.125147e+03 2.089125e+03 2.039503e+03 1.991599e+03 1.955107e+03 1.932967e+03 1.924279e+03 1.926756e+03 2.036739e+03 2.225999e+03 2.473075e+03 2.790931e+03 3.195714e+03 3.699270e+03 5.023755e+03 6.771883e+03 8.929531e+03 1.148890e+04 1.445237e+04 1.782874e+04
2.186927e+03 2.186927e+03 2.186927e+03 2.186928e+03 2.186930e+03 2.187008e+03 2.187301e+03 2.187046e+03 2.183262e+03 2.174457e+03 2.140734e+03 2.094743e+03 2.051137e+03 2.019157e+03 2.001528e+03 1.997249e+03 2.003989e+03 2.132842e+03 2.338270e+03 2.600863e+03 2.934662e+03 3.356341e+03 3.878018e+03 5.242208e+03 7.031814e+03 9.227992e+03 1.181994e+04 1.480958e+04 1.820645e+04
2.240539e+03 2.240539e+03 2.240539e+03 2.240540e+03 2.240543e+03 2.240657e+03 2.241009e+03 2.240931e+03 2.237469e+03 2.229314e+03 2.198040e+03 2.155737e+03 2.116507e+03 2.089190e+03 2.076282e+03 2.076660e+03 2.087920e+03 2.236716e+03 2.459065e+03 2.737881e+03 3.088300e+03 3.527431e+03 4.067591e+03 5.471689e+03 7.302738e+03 9.537565e+03 1.216233e+04 1.517839e+04 1.859603e+04
2.298891e+03 2.298891e+03 2.298891e+03 2.298892e+03 2.298897e+03 2.299057e+03 2.299554e+03 2.300077e+03 2.297171e+03 2.289853e+03 2.261227e+03 2.222708e+03 2.187992e+03 2.165554e+03 2.157642e+03 2.162972e+03 2.179039e+03 2.348873e+03 2.588893e+03 2.884644e+03 3.252371e+03 3.709513e+03 4.268513e+03 5.712660e+03 7.584985e+03 9.858440e+03 1.251619e+04 1.555885e+04 1.899746e+04
2.365706e+03 2.365706e+03 2.365706e+03 2.365708e+03 2.365714e+03 2.365884e+03 2.366402e+03 2.367025e+03 2.364371e+03 2.357594e+03 2.331156e+03 2.296234e+03 2.266105e+03 2.248782e+03 2.246168e+03 2.256761e+03 2.277929e+03 2.469851e+03 2.728277e+03 3.041689e+03 3.427421e+03 3.903132e+03 4.481317e+03 5.965586e+03 7.878890e+03 1.019081e+04 1.288159e+04 1.595101e+04 1.941077e+04
2.440587e+03 2.440587e+03 2.440587e+03 2.440589e+03 2.440592e+03 2.440717e+03 2.441107e+03 2.441445e+03 2.438840e+03 2.432421e+03 2.407963e+03 2.376695e+03 2.351399e+03 2.339518e+03 2.342540e+03 2.358706e+03 2.385249e+03 2.600202e+03 2.877756e+03 3.209574e+03 3.614015e+03 4.108846e+03 4.706543e+03 6.230938e+03 8.184796e+03 1.053487e+04 1.325863e+04 1.635490e+04 1.983594e+04
2.520351e+03 2.520352e+03 2.520352e+03 2.520353e+03 2.520357e+03 2.520491e+03 2.520902e+03 2.521356e+03 2.519041e+03 2.513254e+03 2.491400e+03 2.464415e+03 2.444501e+03 2.438508e+03 2.447519e+03 2.469544e+03 2.501695e+03 2.740480e+03 3.037883e+03 3.388878e+03 3.812738e+03 4.327227e+03 4.944738e+03 6.509185e+03 8.503046e+03 1.089081e+04 1.364739e+04 1.677054e+04 2.027299e+04
2.604972e+03 2.604972e+03 2.604972e+03 2.604974e+03 2.604978e+03 2.605134e+03 2.605673e+03 2.606811e+03 2.605195e+03 2.600496e+03 2.582167e+03 2.560246e+03 2.546292e+03 2.546598e+03 2.561896e+03 2.590004e+03 2.627939e+03 2.891230e+03 3.209229e+03 3.580205e+03 4.024198e+03 4.558861e+03 5.196454e+03 6.800794e+03 8.833986e+03 1.125885e+04 1.404797e+04 1.719798e+04 2.072191e+04
2.698389e+03 2.698389e+03 2.698389e+03 2.698392e+03 2.698400e+03 2.698650e+03 2.699415e+03 2.701291e+03 2.700370e+03 2.696777e+03 2.682127e+03 2.665519e+03 2.657785e+03 2.664617e+03 2.686390e+03 2.720730e+03 2.764577e+03 3.052976e+03 3.392384e+03 3.784190e+03 4.249023e+03 4.804343e+03 5.462247e+03 7.106226e+03 9.177958e+03 1.163918e+04 1.446046e+04 1.763722e+04 2.118269e+04
2.805081e+03 2.805081e+03 2.805081e+03 2.805083e+03 2.805089e+03 2.805283e+03 2.805890e+03 2.807514e+03 2.806844e+03 2.803999e+03 2.792593e+03 2.781171e+03 2.779704e+03 2.793174e+03 2.821541e+03 2.862226e+03 2.912086e+03 3.226232e+03 3.587968e+03 4.001496e+03 4.487863e+03 5.064282e+03 5.742673e+03 7.425937e+03 9.535300e+03 1.203201e+04 1.488492e+04 1.808828e+04 2.165531e+04
2.920936e+03 2.920936e+03 2.920936e+03 2.920939e+03 2.920946e+03 2.921168e+03 2.921840e+03 2.923724e+03 2.923492e+03 2.921532e+03 2.913549e+03 2.907454e+03 2.912394e+03 2.932638e+03 2.967718e+03 3.014855e+03 3.070835e+03 3.411509e+03 3.796635e+03 4.232819e+03 4.741386e+03 5.339293e+03 6.038288e+03 7.760372e+03 9.906342e+03 1.243753e+04 1.532146e+04 1.855116e+04 2.213975e+04
3.046749e+03 3.046749e+03 3.046749e+03 3.046752e+03 3.046759e+03 3.046987e+03 3.047716e+03 3.050069e+03 3.050456e+03 3.049558e+03 3.045267e+03 3.044671e+03 3.056148e+03 3.083281e+03 3.125185e+03 3.178887e+03 3.241116e+03 3.609340e+03 4.019088e+03 4.478890e+03 5.010280e+03 5.629993e+03 6.349642e+03 8.109962e+03 1.029141e+04 1.285594e+04 1.577015e+04 1.902588e+04 2.263598e+04
3.184458e+03 3.184458e+03 3.184458e+03 3.184461e+03 3.184471e+03 3.184769e+03 3.185692e+03 3.188588e+03 3.189476e+03 3.189461e+03 3.188504e+03 3.193205e+03 3.211183e+03 3.245261e+03 3.294093e+03 3.354500e+03 3.423161e+03 3.820308e+03 4.256085e+03 4.740474e+03 5.295244e+03 5.937000e+03 6.677276e+03 8.475125e+03 1.069080e+04 1.328744e+04 1.623106e+04 1.951243e+04 2.314396e+04
3.337616e+03 3.337616e+03 3.337616e+03 3.337617e+03 3.337620e+03 3.337747e+03 3.338239e+03 3.340041e+03 3.340699e+03 3.340995e+03 3.342749e+03 3.352637e+03 3.377237e+03 3.418450e+03 3.474423e+03 3.541783e+03 3.617162e+03 4.045070e+03 4.508444e+03 5.018363e+03 5.596984e+03 6.260928e+03 7.021718e+03 8.856258e+03 1.110482e+04 1.373220e+04 1.670428e+04 2.001080e+04 2.366366e+04
3.495787e+03 3.495787e+03 3.495787e+03 3.495788e+03 3.495792e+03 3.495901e+03 3.496284e+03 3.497907e+03 3.498880e+03 3.500067e+03 3.505684e+03 3.521730e+03 3.553658e+03 3.602513e+03 3.666050e+03 3.740780e+03 3.823325e+03 4.284384e+03 4.777043e+03 5.313370e+03 5.916207e+03 6.602377e+03 7.383480e+03 9.253741e+03 1.153374e+04 1.419041e+04 1.718988e+04 2.052101e+04 2.419502e+04
3.656223e+03 3.656223e+03 3.656223e+03 3.656226e+03 3.656235e+03 3.656524e+03 3.657411e+03 3.660580e+03 3.662759e+03 3.665697e+03 3.676701e+03 3.700057e+03 3.740120e+03 3.797234e+03 3.868904e+03 3.951600e+03 4.041944e+03 4.539122e+03 5.062812e+03 5.626321e+03 6.253609e+03 6.961930e+03 7.763050e+03 9.667927e+03 1.197782e+04 1.466222e+04 1.768792e+04 2.104303e+04 2.473800e+04
3.829975e+03 3.829975e+03 3.829975e+03 3.829978e+03 3.829985e+03 3.830237e+03 3.831032e+03 3.834263e+03 3.837056e+03 3.841327e+03 3.857373e+03 3.888124e+03 3.936653e+03 4.002545e+03 4.083031e+03 4.174485e+03 4.273469e+03 4.810279e+03 5.366718e+03 5.958035e+03 6.609868e+03 7.340145e+03 8.160890e+03 1.009914e+04 1.243730e+04 1.514780e+04 1.819847e+04 2.157685e+04 2.529254e+04
4.014810e+03 4.014810e+03 4.014810e+03 4.014812e+03 4.014819e+03 4.015045e+03 4.015740e+03 4.018685e+03 4.021752e+03 4.026994e+03 4.047527e+03 4.085541e+03 4.142869e+03 4.218264e+03 4.308543e+03 4.409847e+03 4.518563e+03 5.098968e+03 5.689748e+03 6.309315e+03 6.985632e+03 7.737547e+03 8.577430e+03 1.054769e+04 1.291240e+04 1.564728e+04 1.872160e+04 2.212247e+04 2.585858e+04
4.207142e+03 4.207142e+03 4.207142e+03 4.207143e+03 4.207147e+03 4.207268e+03 4.207668e+03 4.209960e+03 4.213215e+03 4.219424e+03 4.244702e+03 4.290649e+03 4.357865e+03 4.444154e+03 4.545745e+03 4.658386e+03 4.778193e+03 5.406396e+03 6.032875e+03 6.680926e+03 7.381508e+03 8.154623e+03 9.013064e+03 1.101384e+04 1.340330e+04 1.616079e+04 1.925734e+04 2.267987e+04 2.643607e+04
4.400271e+03 4.400271e+03 4.400272e+03 4.400273e+03 4.400276e+03 4.400396e+03 4.400786e+03 4.403200e+03 4.407105e+03 4.414819e+03 4.446216e+03 4.501897e+03 4.581116e+03 4.680501e+03 4.795482e+03 4.921293e+03 5.053728e+03 5.733829e+03 6.397038e+03 7.073583e+03 7.798056e+03 8.591816e+03 9.468145e+03 1.149781e+04 1.391016e+04 1.668843e+04 1.980575e+04 2.324902e+04 2.702494e+04
4.593595e+03 4.593595e+03 4.593596e+03 4.593597e+03 4.593602e+03 4.593770e+03 4.594289e+03 4.597374e+03 4.602383e+03 4.612221e+03 4.651567e+03 4.719502e+03 4.813544e+03 4.928738e+03 5.059475e+03 5.200391e+03 5.346979e+03 6.082532e+03 6.783105e+03 7.487931e+03 8.235775e+03 9.049520e+03 9.942984e+03 1.199982e+04 1.443314e+04 1.723029e+04 2.036686e+04 2.382992e+04 2.762514e+04
4.790083e+03 4.790083e+03 4.790083e+03 4.790084e+03 4.790090e+03 4.790288e+03 4.790933e+03 4.794881e+03 4.801293e+03 4.813794e+03 4.863025e+03 4.946004e+03 5.057873e+03 5.191599e+03 5.340321e+03 5.498061e+03 5.660081e+03 6.453702e+03 7.191853e+03 7.924538e+03 8.695103e+03 9.528074e+03 1.043784e+04 1.252002e+04 1.497232e+04 1.778645e+04 2.094070e+04 2.442252e+04 2.823659e+04
4.993434e+03 4.993434e+03 4.993434e+03 4.993437e+03 4.993445e+03 4.993704e+03 4.994515e+03 4.999578e+03 5.007792e+03 5.023640e+03 5.084940e+03 5.185738e+03 5.318139e+03 5.472658e+03 5.641092e+03 5.816908e+03 5.995234e+03 6.848394e+03 7.623941e+03 8.383884e+03 9.176407e+03 1.002776e+04 1.095294e+04 1.305854e+04 1.552781e+04 1.835697e+04 2.152729e+04 2.502682e+04 2.885924e+04
5.207826e+03 5.207826e+03 5.207827e+03 5.207832e+03 5.207847e+03 5.208322e+03 5.209683e+03 5.216924e+03 5.227610e+03 5.247620e+03 5.323008e+03 5.443814e+03 5.598688e+03 5.775501e+03 5.964705e+03 6.159293e+03 6.354362e+03 7.267459e+03 8.079900e+03 8.866360e+03 9.679984e+03 1.054880e+04 1.148843e+04 1.361546e+04 1.609963e+04 1.894186e+04 2.212664e+04 2.564278e+04 2.949301e+04
5.445627e+03 5.445627e+03 5.445627e+03 5.445632e+03 5.445648e+03 5.446147e+03 5.447701e+03 5.456314e+03 5.469142e+03 5.493159e+03 5.582966e+03 5.724691e+03 5.903019e+03 6.102882e+03 6.313332e+03 6.526944e+03 6.738852e+03 7.711515e+03 8.560128e+03 9.372261e+03 1.020606e+04 1.109136e+04 1.204444e+04 1.419082e+04 1.668782e+04 1.954115e+04 2.273874e+04 2.627038e+04 3.013786e+04
5.712404e+03 5.712404e+03 5.712404e+03 5.712408e+03 5.712419e+03 5.712773e+03 5.713933e+03 5.722042e+03 5.736142e+03 5.763551e+03 5.867454e+03 6.030557e+03 6.232939e+03 6.456264e+03 6.688145e+03 6.920799e+03 7.149469e+03 8.180945e+03 9.064900e+03 9.901797e+03 1.075478e+04 1.165553e+04 1.262101e+04 1.478463e+04 1.729235e+04 2.015482e+04 2.336358e+04 2.690957e+04 3.079371e+04
5.998245e+03 5.998245e+03 5.998245e+03 5.998249e+03 5.998260e+03 5.998612e+03 5.999734e+03 6.008382e+03 6.024433e+03 6.056012e+03 6.175669e+03 6.361545e+03 6.588862e+03 6.836069e+03 7.089500e+03 7.341152e+03 7.586464e+03 8.675944e+03 9.594379e+03 1.045509e+04 1.132624e+04 1.224138e+04 1.321816e+04 1.539686e+04 1.791320e+04 2.078284e+04 2.400114e+04 2.756031e+04 3.146050e+04
6.301208e+03 6.301208e+03 6.301208e+03 6.301214e+03 6.301233e+03 6.301837e+03 6.303674e+03 6.315017e+03 6.334163e+03 6.371021e+03 6.508330e+03 6.718218e+03 6.971085e+03 7.242388e+03 7.517377e+03 7.787950e+03 8.049790e+03 9.196566e+03 1.014863e+04 1.103219e+04 1.192045e+04 1.284887e+04 1.383585e+04 1.602742e+04 1.855027e+04 2.142517e+04 2.465137e+04 2.822258e+04 3.213818e+04
6.636429e+03 6.636429e+03 6.636430e+03 6.636436e+03 6.636455e+03 6.637062e+03 6.638958e+03 6.651481e+03 6.673087e+03 6.714701e+03 6.868878e+03 7.102210e+03 7.380208e+03 7.675318e+03 7.971677e+03 8.261040e+03 8.539303e+03 9.742788e+03 1.072766e+04 1.163308e+04 1.253736e+04 1.347793e+04 1.447397e+04 1.667620e+04 1.920347e+04 2.208172e+04 2.531423e+04 2.889631e+04 3.282669e+04
7.005984e+03 7.005984e+03 7.005984e+03 7.005990e+03 7.006006e+03 7.006544e+03 7.008239e+03 7.020848e+03 7.044143e+03 7.089649e+03 7.258916e+03 7.514230e+03 7.816409e+03 8.134802e+03 8.452269e+03 8.760285e+03 9.054884e+03 1.031454e+04 1.133139e+04 1.225767e+04 1.317687e+04 1.412844e+04 1.513238e+04 1.734303e+04 1.987266e+04 2.275239e+04 2.598966e+04 2.958147e+04 3.352597e+04
7.404186e+03 7.404186e+03 7.404186e+03 7.404192e+03 7.404209e+03 7.404747e+03 7.406434e+03 7.419500e+03 7.444470e+03 7.493655e+03 7.677170e+03 7.953567e+03 8.279308e+03 8.620650e+03 8.959056e+03 9.285630e+03 9.596485e+03 1.091174e+04 1.195968e+04 1.290580e+04 1.383881e+04 1.480021e+04 1.581089e+04 1.802773e+04 2.055767e+04 2.343709e+04 2.667759e+04 3.027800e+04 3.423596e+04
7.829311e+03 7.829311e+03 7.829311e+03 7.829317e+03 7.829334e+03 7.829891e+03 7.831633e+03 7.845382e+03 7.872094e+03 7.924936e+03 8.122441e+03 8.419601e+03 8.768673e+03 9.132819e+03 9.492063e+03 9.837099e+03 1.016410e+04 1.153423e+04 1.261237e+04 1.357727e+04 1.452294e+04 1.549300e+04 1.650923e+04 1.873004e+04 2.125831e+04 2.413566e+04 2.737792e+04 3.098585e+04 3.495661e+04
8.281639e+03 8.281639e+03 8.281639e+03 8.281644e+03 8.281662e+03 8.282220e+03 8.283967e+03 8.298273e+03 8.326668e+03 8.383109e+03 8.594484e+03 8.912270e+03 9.284538e+03 9.671357e+03 1.005130e+04 1.041466e+04 1.075766e+04 1.218183e+04 1.328919e+04 1.427181e+04 1.522900e+04 1.620653e+04 1.722713e+04 1.944970e+04 2.197436e+04 2.484795e+04 2.809057e+04 3.170495e+04 3.568787e+04
8.760470e+03 8.760470e+03 8.760470e+03 8.760475e+03 8.760492e+03 8.761023e+03 8.762698e+03 8.777344e+03 8.807338e+03 8.867338e+03 9.092580e+03 9.431007e+03 9.826445e+03 1.023587e+04 1.063641e+04 1.101797e+04 1.137684e+04 1.285424e+04 1.398982e+04 1.498908e+04 1.595663e+04 1.694043e+04 1.796424e+04 2.018639e+04 2.270555e+04 2.557379e+04 2.881543e+04 3.243524e+04 3.642970e+04
9.263332e+03 9.263332e+03 9.263332e+03 9.263338e+03 9.263354e+03 9.263885e+03 9.265547e+03 9.280502e+03 9.311991e+03 9.375453e+03 9.614576e+03 9.973907e+03 1.039284e+04 1.082512e+04 1.124643e+04 1.164626e+04 1.202100e+04 1.355104e+04 1.471388e+04 1.572869e+04 1.670544e+04 1.769434e+04 1.872018e+04 2.093976e+04 2.345162e+04 2.631298e+04 2.955239e+04 3.317666e+04 3.718205e+04
9.788676e+03 9.788676e+03 9.788676e+03 9.788679e+03 9.788688e+03 9.789000e+03 9.790101e+03 9.803987e+03 9.836449e+03 9.903110e+03 1.015640e+04 1.053760e+04 1.098112e+04 1.143716e+04 1.187987e+04 1.229838e+04 1.268923e+04 1.427172e+04 1.546091e+04 1.649019e+04 1.747499e+04 1.846779e+04 1.949450e+04 2.170944e+04 2.421226e+04 2.706532e+04 3.030131e+04 3.392914e+04 3.794486e+04
1.032293e+04 1.032293e+04 1.032293e+04 1.032293e+04 1.032294e+04 1.032323e+04 1.032416e+04 1.033785e+04 1.037192e+04 1.044265e+04 1.071244e+04 1.111809e+04 1.158841e+04 1.206990e+04 1.253518e+04 1.297314e+04 1.338057e+04 1.501571e+04 1.623037e+04 1.727306e+04 1.826477e+04 1.926031e+04 2.028675e+04 2.249500e+04 2.498715e+04 2.783057e+04 3.106206e+04 3.469261e+04 3.871811e+04
1.085928e+04 1.085928e+04 1.085928e+04 1.085928e+04 1.085929e+04 1.085965e+04 1.086083e+04 1.087629e+04 1.091336e+04 1.098976e+04 1.127962e+04 1.171311e+04 1.221302e+04 1.272199e+04 1.321127e+04 1.366961e+04 1.409419e+04 1.578236e+04 1.702168e+04 1.807675e+04 1.907424e+04 2.007135e+04 2.109640e+04 2.329600e+04 2.577594e+04 2.860851e+04 3.183451e+04 3.546700e+04 3.950176e+04
1.140531e+04 1.140531e+04 1.140531e+04 1.140532e+04 1.140533e+04 1.140582e+04 1.140734e+04 1.142482e+04 1.146526e+04 1.154798e+04 1.185983e+04 1.232350e+04 1.285513e+04 1.339330e+04 1.390780e+04 1.438734e+04 1.482957e+04 1.657100e+04 1.783418e+04 1.890064e+04 1.990280e+04 2.090034e+04 2.192290e+04 2.411197e+04 2.657826e+04 2.939889e+04 3.261851e+04 3.625223e+04 4.029577e+04
1.196953e+04 1.196953e+04 1.196953e+04 1.196953e+04 1.196955e+04 1.197003e+04 1.197159e+04 1.199037e+04 1.203393e+04 1.212285e+04 1.245707e+04 1.295183e+04 1.351629e+04 1.408465e+04 1.462509e+04 1.512630e+04 1.558642e+04 1.738094e+04 1.866720e+04 1.974407e+04 2.074981e+04 2.174666e+04 2.276565e+04 2.494240e+04 2.739373e+04 3.020143e+04 3.341389e+04 3.704823e+04 4.110011e+04
1.255346e+04 1.255346e+04 1.255346e+04 1.255346e+04 1.255348e+04 1.255407e+04 1.255590e+04 1.257636e+04 1.262311e+04 1.271827e+04 1.307489e+04 1.360094e+04 1.419850e+04 1.479724e+04 1.536373e+04 1.588660e+04 1.636454e+04 1.821146e+04 1.952000e+04 2.060635e+04 2.161459e+04 2.260964e+04 2.362404e+04 2.578676e+04 2.822195e+04 3.101587e+04 3.422052e+04 3.785492e+04 4.191476e+04
1.316267e+04 1.316267e+04 1.316267e+04 1.316267e+04 1.316269e+04 1.316328e+04 1.316513e+04 1.318677e+04 1.323654e+04 1.333779e+04 1.371653e+04 1.427343e+04 1.490357e+04 1.553214e+04 1.612416e+04 1.666823e+04 1.716362e+04 1.906178e+04 2.039184e+04 2.148673e+04 2.249641e+04 2.348858e+04 2.449739e+04 2.664452e+04 2.906251e+04 3.184194e+04 3.503821e+04 3.867224e+04 4.273970e+04
1.379766e+04 1.379766e+04 1.379766e+04 1.379766e+04 1.379769e+04 1.379844e+04 1.380074e+04 1.382453e+04 1.387755e+04 1.398488e+04 1.438498e+04 1.497142e+04 1.563267e+04 1.628978e+04 1.690627e+04 1.747074e+04 1.798297e+04 1.993106e+04 2.128194e+04 2.238445e+04 2.339451e+04 2.438276e+04 2.538502e+04 2.751509e+04 2.991497e+04 3.267934e+04 3.586682e+04 3.950011e+04 4.357489e+04
