1.761645e+07 9.152404e+06 6.910182e+06 3.871105e+06 3.260773e+06 2.372858e+06 2.097749e+06 1.868282e+06 1.801686e+06 1.747633e+06 1.648414e+06 1.531387e+06 1.386048e+06 1.224529e+06 1.065791e+06 9.232581e+05 8.022077e+05 4.584647e+05 3.311525e+05 2.786804e+05 2.570902e+05 2.503563e+05 2.514124e+05 2.640493e+05 2.809688e+05 2.972302e+05 3.112563e+05 3.228942e+05 3.325875e+05
2.354654e+06 2.354669e+06 2.354697e+06 2.353489e+06 2.342009e+06 2.185620e+06 2.024862e+06 1.840983e+06 1.781545e+06 1.731882e+06 1.637496e+06 1.522710e+06 1.378504e+06 1.217754e+06 1.059729e+06 9.179139e+05 7.975605e+05 4.562907e+05 3.300851e+05 2.781392e+05 2.568351e+05 2.502730e+05 2.514382e+05 2.641909e+05 2.811532e+05 2.974208e+05 3.114354e+05 3.230544e+05 3.327276e+05
2.077850e+06 2.077854e+06 2.077866e+06 2.077951e+06 2.077164e+06 2.041467e+06 1.942128e+06 1.806765e+06 1.757045e+06 1.713195e+06 1.624975e+06 1.512950e+06 1.370132e+06 1.210322e+06 1.053149e+06 9.121669e+05 7.926029e+05 4.540294e+05 3.289887e+05 2.775878e+05 2.565773e+05 2.501903e+05 2.514659e+05 2.643353e+05 2.813400e+05 2.976133e+05 3.116158e+05 3.232157e+05 3.328684e+05
1.943976e+06 1.943978e+06 1.943984e+06 1.944062e+06 1.943972e+06 1.916769e+06 1.888281e+06 1.768519e+06 1.728967e+06 1.691843e+06 1.610891e+06 1.502098e+06 1.360910e+06 1.202214e+06 1.046037e+06 9.060084e+05 7.873301e+05 4.516811e+05 3.278637e+05 2.770266e+05 2.563170e+05 2.501082e+05 2.514958e+05 2.644824e+05 2.815292e+05 2.978078e+05 3.117977e+05 3.233779e+05 3.330099e+05
1.856876e+06 1.856877e+06 1.856880e+06 1.856930e+06 1.856934e+06 1.840166e+06 1.823230e+06 1.736213e+06 1.700023e+06 1.668757e+06 1.595392e+06 1.490166e+06 1.350824e+06 1.193413e+06 1.038381e+06 8.994315e+05 7.817384e+05 4.492464e+05 3.267105e+05 2.764558e+05 2.560544e+05 2.500269e+05 2.515278e+05 2.646323e+05 2.817210e+05 2.980041e+05 3.119810e+05 3.235411e+05 3.331521e+05
1.791373e+06 1.791373e+06 1.791375e+06 1.791411e+06 1.791438e+06 1.782323e+06 1.761948e+06 1.713845e+06 1.676663e+06 1.646154e+06 1.578863e+06 1.477223e+06 1.339872e+06 1.183908e+06 1.030173e+06 8.924315e+05 7.758260e+05 4.467262e+05 3.255297e+05 2.758757e+05 2.557895e+05 2.499465e+05 2.515620e+05 2.647851e+05 2.819152e+05 2.982024e+05 3.121657e+05 3.237053e+05 3.332949e+05
1.738881e+06 1.738881e+06 1.738882e+06 1.738910e+06 1.738946e+06 1.734062e+06 1.713996e+06 1.690726e+06 1.659990e+06 1.628324e+06 1.562052e+06 1.463427e+06 1.328084e+06 1.173699e+06 1.021410e+06 8.850063e+05 7.695925e+05 4.441216e+05 3.243218e+05 2.752866e+05 2.555227e+05 2.498671e+05 2.515985e+05 2.649407e+05 2.821119e+05 2.984026e+05 3.123517e+05 3.238705e+05 3.334384e+05
1.695637e+06 1.695638e+06 1.695639e+06 1.695661e+06 1.695701e+06 1.693093e+06 1.676652e+06 1.663951e+06 1.643821e+06 1.615165e+06 1.546248e+06 1.449071e+06 1.315527e+06 1.162801e+06 1.012094e+06 8.771584e+05 7.630405e+05 4.414341e+05 3.230876e+05 2.746888e+05 2.552540e+05 2.497888e+05 2.516375e+05 2.650992e+05 2.823112e+05 2.986048e+05 3.125392e+05 3.240366e+05 3.335826e+05
1.659548e+06 1.659548e+06 1.659549e+06 1.659571e+06 1.659613e+06 1.658305e+06 1.646201e+06 1.635839e+06 1.625583e+06 1.602795e+06 1.533447e+06 1.434623e+06 1.302330e+06 1.151252e+06 1.002241e+06 8.688951e+05 7.561750e+05 4.386657e+05 3.218276e+05 2.740826e+05 2.549837e+05 2.497118e+05 2.516789e+05 2.652608e+05 2.825129e+05 2.988089e+05 3.127281e+05 3.242038e+05 3.337274e+05
1.629334e+06 1.629334e+06 1.629335e+06 1.629355e+06 1.629398e+06 1.628863e+06 1.620518e+06 1.609431e+06 1.605505e+06 1.589218e+06 1.522794e+06 1.420817e+06 1.288690e+06 1.139119e+06 9.918766e+05 8.602305e+05 7.490052e+05 4.358185e+05 3.205428e+05 2.734686e+05 2.547120e+05 2.496361e+05 2.517229e+05 2.654253e+05 2.827172e+05 2.990149e+05 3.129184e+05 3.243719e+05 3.338730e+05
1.604062e+06 1.604062e+06 1.604063e+06 1.604080e+06 1.604121e+06 1.604053e+06 1.598587e+06 1.586416e+06 1.585039e+06 1.573926e+06 1.512463e+06 1.408572e+06 1.274897e+06 1.126503e+06 9.810450e+05 8.511869e+05 7.415443e+05 4.328952e+05 3.192339e+05 2.728469e+05 2.544391e+05 2.495620e+05 2.517695e+05 2.655928e+05 2.829241e+05 2.992228e+05 3.131100e+05 3.245409e+05 3.340191e+05
1.530718e+06 1.530718e+06 1.530719e+06 1.530732e+06 1.530769e+06 1.531431e+06 1.530896e+06 1.514895e+06 1.502478e+06 1.488401e+06 1.438939e+06 1.342748e+06 1.208958e+06 1.062191e+06 9.229262e+05 8.017812e+05 7.007241e+05 4.172624e+05 3.123652e+05 2.696395e+05 2.530638e+05 2.492182e+05 2.520450e+05 2.664769e+05 2.839973e+05 3.002919e+05 3.140891e+05 3.254005e+05 3.347596e+05
1.484708e+06 1.484707e+06 1.484703e+06 1.484601e+06 1.484339e+06 1.478962e+06 1.467338e+06 1.431644e+06 1.408814e+06 1.383851e+06 1.324330e+06 1.238774e+06 1.122861e+06 9.914951e+05 8.638531e+05 7.515961e+05 6.581826e+05 4.004117e+05 3.050751e+05 2.663119e+05 2.516925e+05 2.489314e+05 2.523985e+05 2.674415e+05 2.851361e+05 3.014096e+05 3.151024e+05 3.262834e+05 3.355157e+05
1.280446e+06 1.280446e+06 1.280446e+06 1.280442e+06 1.280428e+06 1.279835e+06 1.277317e+06 1.262552e+06 1.249388e+06 1.232016e+06 1.182923e+06 1.110692e+06 1.015194e+06 9.061987e+05 7.976651e+05 6.997876e+05 6.167465e+05 3.832983e+05 2.975780e+05 2.629379e+05 2.503583e+05 2.487194e+05 2.528402e+05 2.684903e+05 2.863415e+05 3.025758e+05 3.161493e+05 3.271887e+05 3.362865e+05
1.099321e+06 1.099321e+06 1.099321e+06 1.099317e+06 1.099303e+06 1.098901e+06 1.097593e+06 1.091177e+06 1.084951e+06 1.075368e+06 1.041619e+06 9.844581e+05 9.064077e+05 8.169932e+05 7.273219e+05 6.452616e+05 5.743545e+05 3.673173e+05 2.901616e+05 2.596102e+05 2.491001e+05 2.486012e+05 2.533806e+05 2.696264e+05 2.876141e+05 3.037900e+05 3.172288e+05 3.281155e+05 3.370712e+05
9.567044e+05 9.567044e+05 9.567043e+05 9.567016e+05 9.566932e+05 9.564308e+05 9.555861e+05 9.517759e+05 9.481555e+05 9.422390e+05 9.184540e+05 8.734622e+05 8.092205e+05 7.348154e+05 6.601428e+05 5.916822e+05 5.321324e+05 3.527530e+05 2.832021e+05 2.564449e+05 2.479642e+05 2.485986e+05 2.540307e+05 2.708529e+05 2.889542e+05 3.050514e+05 3.183398e+05 3.290626e+05 3.378688e+05
8.419680e+05 8.419680e+05 8.419679e+05 8.419674e+05 8.419653e+05 8.418727e+05 8.414965e+05 8.394832e+05 8.373312e+05 8.334672e+05 8.160141e+05 7.801050e+05 7.266961e+05 6.638428e+05 6.005707e+05 5.426741e+05 4.924014e+05 3.390323e+05 2.771791e+05 2.535856e+05 2.470065e+05 2.487366e+05 2.548029e+05 2.721725e+05 2.903616e+05 3.063589e+05 3.194810e+05 3.300289e+05 3.386782e+05
7.511213e+05 7.511213e+05 7.511213e+05 7.511209e+05 7.511195e+05 7.510598e+05 7.508222e+05 7.495689e+05 7.481610e+05 7.454356e+05 7.320035e+05 7.027229e+05 6.577971e+05 6.040709e+05 5.496547e+05 4.998777e+05 4.568144e+05 3.259936e+05 2.720315e+05 2.512188e+05 2.462949e+05 2.490451e+05 2.557110e+05 2.735881e+05 2.918359e+05 3.077112e+05 3.206510e+05 3.310128e+05 3.394982e+05
6.778600e+05 6.778600e+05 6.778600e+05 6.778597e+05 6.778589e+05 6.778231e+05 6.776794e+05 6.768952e+05 6.759351e+05 6.739150e+05 6.631752e+05 6.387686e+05 6.004849e+05 5.540864e+05 5.067554e+05 4.633770e+05 4.259372e+05 3.137371e+05 2.675197e+05 2.495599e+05 2.459137e+05 2.495601e+05 2.567717e+05 2.751027e+05 2.933767e+05 3.091066e+05 3.218478e+05 3.320129e+05 3.403276e+05
6.181118e+05 6.181118e+05 6.181118e+05 6.181117e+05 6.181115e+05 6.180973e+05 6.180306e+05 6.175999e+05 6.169552e+05 6.154246e+05 6.066012e+05 5.858478e+05 5.527781e+05 5.123000e+05 4.707464e+05 4.325522e+05 3.996085e+05 3.024788e+05 2.635141e+05 2.485094e+05 2.459792e+05 2.503255e+05 2.580050e+05 2.767201e+05 2.949831e+05 3.105435e+05 3.230699e+05 3.330275e+05 3.411650e+05
5.693797e+05 5.693797e+05 5.693797e+05 5.693797e+05 5.693797e+05 5.693756e+05 5.693469e+05 5.691061e+05 5.686498e+05 5.674373e+05 5.599741e+05 5.419773e+05 5.130058e+05 4.773185e+05 4.405192e+05 4.066073e+05 3.773521e+05 2.924218e+05 2.599595e+05 2.479428e+05 2.465948e+05 2.513972e+05 2.594352e+05 2.784447e+05 2.966548e+05 3.120200e+05 3.243150e+05 3.340549e+05 3.420091e+05
5.293966e+05 5.293966e+05 5.293966e+05 5.293966e+05 5.293966e+05 5.293925e+05 5.293732e+05 5.292213e+05 5.288762e+05 5.278739e+05 5.213996e+05 5.055167e+05 4.797897e+05 4.479918e+05 4.151250e+05 3.847925e+05 3.586231e+05 2.836887e+05 2.568583e+05 2.477746e+05 2.476710e+05 2.528587e+05 2.610929e+05 2.802824e+05 2.983914e+05 3.135342e+05 3.255813e+05 3.350933e+05 3.428583e+05
4.961819e+05 4.961819e+05 4.961819e+05 4.961819e+05 4.961822e+05 4.961876e+05 4.961945e+05 4.961405e+05 4.958876e+05 4.950497e+05 4.893446e+05 4.751295e+05 4.520066e+05 4.233867e+05 3.937879e+05 3.664692e+05 3.429155e+05 2.763133e+05 2.542479e+05 2.479464e+05 2.491294e+05 2.547526e+05 2.630187e+05 2.822407e+05 3.001929e+05 3.150843e+05 3.268666e+05 3.361409e+05 3.437113e+05
4.686012e+05 4.686012e+05 4.686012e+05 4.686013e+05 4.686017e+05 4.686107e+05 4.686302e+05 4.686425e+05 4.684594e+05 4.677492e+05 4.626514e+05 4.497717e+05 4.287604e+05 4.027538e+05 3.758823e+05 3.511133e+05 3.297950e+05 2.702607e+05 2.521761e+05 2.484247e+05 2.509089e+05 2.570057e+05 2.652759e+05 2.843291e+05 3.020600e+05 3.166686e+05 3.281688e+05 3.371957e+05 3.445665e+05
4.457147e+05 4.457147e+05 4.457147e+05 4.457148e+05 4.457153e+05 4.457266e+05 4.457555e+05 4.458135e+05 4.456790e+05 4.450621e+05 4.404346e+05 4.286240e+05 4.093334e+05 3.854865e+05 3.609001e+05 3.382966e+05 3.188993e+05 2.654534e+05 2.506841e+05 2.491972e+05 2.529601e+05 2.595615e+05 2.678709e+05 2.865602e+05 3.039939e+05 3.182855e+05 3.294859e+05 3.382560e+05 3.454223e+05
4.267809e+05 4.267809e+05 4.267809e+05 4.267811e+05 4.267815e+05 4.267938e+05 4.268269e+05 4.269046e+05 4.267955e+05 4.262384e+05 4.219640e+05 4.110090e+05 3.931300e+05 3.710805e+05 3.484199e+05 3.276645e+05 3.099265e+05 2.617932e+05 2.497974e+05 2.502664e+05 2.552452e+05 2.623724e+05 2.707446e+05 2.889509e+05 3.059970e+05 3.199338e+05 3.308159e+05 3.393198e+05 3.462774e+05
4.111428e+05 4.111428e+05 4.111428e+05 4.111429e+05 4.111431e+05 4.111494e+05 4.111690e+05 4.112223e+05 4.111166e+05 4.105946e+05 4.065932e+05 3.963416e+05 3.796421e+05 3.591086e+05 3.380871e+05 3.189204e+05 3.026241e+05 2.591761e+05 2.495237e+05 2.516424e+05 2.577379e+05 2.653967e+05 2.738528e+05 2.915266e+05 3.080729e+05 3.216129e+05 3.321571e+05 3.403854e+05 3.471302e+05
3.979625e+05 3.979625e+05 3.979625e+05 3.979626e+05 3.979630e+05 3.979742e+05 3.980043e+05 3.980840e+05 3.980008e+05 3.975248e+05 3.937783e+05 3.841380e+05 3.684502e+05 3.492163e+05 3.296058e+05 3.118164e+05 2.967811e+05 2.575013e+05 2.498542e+05 2.533375e+05 2.604218e+05 2.685988e+05 2.771565e+05 2.943226e+05 3.102267e+05 3.233223e+05 3.335078e+05 3.414511e+05 3.479792e+05
3.869937e+05 3.869937e+05 3.869937e+05 3.869938e+05 3.869943e+05 3.870068e+05 3.870428e+05 3.871510e+05 3.870946e+05 3.866666e+05 3.831540e+05 3.740476e+05 3.592339e+05 3.411226e+05 3.227357e+05 3.061484e+05 2.922221e+05 2.566748e+05 2.507678e+05 2.553615e+05 2.632882e+05 2.719494e+05 2.806199e+05 2.973108e+05 3.124658e+05 3.250624e+05 3.348668e+05 3.425155e+05 3.488233e+05
3.780551e+05 3.780551e+05 3.780551e+05 3.780552e+05 3.780556e+05 3.780690e+05 3.781079e+05 3.782311e+05 3.781924e+05 3.778002e+05 3.744771e+05 3.658184e+05 3.517496e+05 3.346055e+05 3.172821e+05 3.017479e+05 2.888012e+05 2.566119e+05 2.522344e+05 2.577189e+05 2.663336e+05 2.754251e+05 2.842106e+05 3.004535e+05 3.148012e+05 3.268346e+05 3.362332e+05 3.435771e+05 3.496611e+05
3.709268e+05 3.709268e+05 3.709268e+05 3.709270e+05 3.709274e+05 3.709414e+05 3.709825e+05 3.711148e+05 3.710855e+05 3.707151e+05 3.675309e+05 3.592331e+05 3.457904e+05 3.294774e+05 3.130801e+05 2.984719e+05 2.863936e+05 2.572364e+05 2.542187e+05 2.604086e+05 2.695570e+05 2.790083e+05 2.879000e+05 3.037202e+05 3.172529e+05 3.286409e+05 3.376063e+05 3.446349e+05 3.504915e+05
3.654204e+05 3.654204e+05 3.654204e+05 3.654205e+05 3.654210e+05 3.654349e+05 3.654738e+05 3.655883e+05 3.655488e+05 3.651782e+05 3.620787e+05 3.540678e+05 3.411554e+05 3.255636e+05 3.099802e+05 2.961928e+05 2.848894e+05 2.584801e+05 2.566821e+05 2.634230e+05 2.729576e+05 2.826859e+05 2.916633e+05 3.070825e+05 3.198309e+05 3.304850e+05 3.389863e+05 3.456878e+05 3.513136e+05
3.612088e+05 3.612088e+05 3.612088e+05 3.612089e+05 3.612091e+05 3.612161e+05 3.612370e+05 3.613056e+05 3.612476e+05 3.608708e+05 3.578414e+05 3.500853e+05 3.376465e+05 3.226997e+05 3.078456e+05 2.947952e+05 2.841899e+05 2.602820e+05 2.595849e+05 2.667491e+05 2.765336e+05 2.864481e+05 2.954793e+05 3.105139e+05 3.225043e+05 3.323721e+05 3.403735e+05 3.467353e+05 3.521266e+05
3.577731e+05 3.577731e+05 3.577731e+05 3.577732e+05 3.577736e+05 3.577842e+05 3.578145e+05 3.579077e+05 3.578640e+05 3.575090e+05 3.545871e+05 3.470919e+05 3.351002e+05 3.207472e+05 3.065584e+05 2.941787e+05 2.842083e+05 2.625868e+05 2.628874e+05 2.703694e+05 2.802809e+05 2.902874e+05 2.993306e+05 3.139890e+05 3.252480e+05 3.343114e+05 3.417691e+05 3.477772e+05 3.529298e+05
3.552259e+05 3.552259e+05 3.552259e+05 3.552261e+05 3.552264e+05 3.552384e+05 3.552741e+05 3.553907e+05 3.553653e+05 3.550380e+05 3.522315e+05 3.449884e+05 3.334127e+05 3.196054e+05 3.060260e+05 2.942597e+05 2.848703e+05 2.653449e+05 2.665505e+05 2.742627e+05 2.841922e+05 2.941971e+05 3.032027e+05 3.174842e+05 3.280402e+05 3.363189e+05 3.431753e+05 3.488135e+05 3.537228e+05
3.536270e+05 3.536270e+05 3.536270e+05 3.536272e+05 3.536276e+05 3.536396e+05 3.536759e+05 3.537989e+05 3.537821e+05 3.534719e+05 3.507554e+05 3.437272e+05 3.325186e+05 3.192017e+05 3.061756e+05 2.949697e+05 2.861125e+05 2.685106e+05 2.705363e+05 2.784049e+05 2.882576e+05 2.981707e+05 3.070835e+05 3.209779e+05 3.308606e+05 3.383870e+05 3.445954e+05 3.498447e+05 3.545055e+05
3.529131e+05 3.529131e+05 3.529131e+05 3.529132e+05 3.529136e+05 3.529259e+05 3.529630e+05 3.530884e+05 3.530744e+05 3.527719e+05 3.501129e+05 3.432517e+05 3.323539e+05 3.194698e+05 3.069427e+05 2.962480e+05 2.878787e+05 2.720420e+05 2.748077e+05 2.827698e+05 2.924639e+05 3.022007e+05 3.109626e+05 3.244502e+05 3.336899e+05 3.404931e+05 3.460342e+05 3.508719e+05 3.552781e+05
3.530196e+05 3.530196e+05 3.530196e+05 3.530198e+05 3.530202e+05 3.530326e+05 3.530696e+05 3.531857e+05 3.531617e+05 3.528505e+05 3.502086e+05 3.434677e+05 3.328318e+05 3.203328e+05 3.082598e+05 2.980346e+05 2.901148e+05 2.758995e+05 2.793291e+05 2.873298e+05 2.967955e+05 3.062788e+05 3.148309e+05 3.278833e+05 3.365098e+05 3.426203e+05 3.475006e+05 3.518967e+05 3.560408e+05
3.538433e+05 3.538433e+05 3.538433e+05 3.538433e+05 3.538435e+05 3.538478e+05 3.538623e+05 3.539156e+05 3.538596e+05 3.535220e+05 3.508714e+05 3.442314e+05 3.338375e+05 3.216997e+05 3.100529e+05 3.002671e+05 2.927665e+05 2.800450e+05 2.840658e+05 2.920561e+05 3.012342e+05 3.103949e+05 3.186799e+05 3.312617e+05 3.393031e+05 3.447534e+05 3.490048e+05 3.529215e+05 3.567946e+05
3.548528e+05 3.548528e+05 3.548529e+05 3.548529e+05 3.548531e+05 3.548580e+05 3.548730e+05 3.549185e+05 3.548564e+05 3.545161e+05 3.518985e+05 3.453908e+05 3.352561e+05 3.234812e+05 3.122499e+05 3.028850e+05 2.957811e+05 2.844419e+05 2.889840e+05 2.969196e+05 3.057599e+05 3.145376e+05 3.225010e+05 3.345717e+05 3.420536e+05 3.468784e+05 3.505323e+05 3.539498e+05 3.575404e+05
3.559964e+05 3.559964e+05 3.559964e+05 3.559964e+05 3.559967e+05 3.560049e+05 3.560293e+05 3.561051e+05 3.560613e+05 3.557437e+05 3.532076e+05 3.468712e+05 3.370192e+05 3.256146e+05 3.147934e+05 3.058356e+05 2.991102e+05 2.890549e+05 2.940506e+05 3.018904e+05 3.103510e+05 3.186937e+05 3.262856e+05 3.378014e+05 3.447466e+05 3.489823e+05 3.520689e+05 3.549867e+05 3.582798e+05
3.574950e+05 3.574950e+05 3.574950e+05 3.574951e+05 3.574954e+05 3.575047e+05 3.575326e+05 3.576245e+05 3.575945e+05 3.572977e+05 3.548442e+05 3.486813e+05 3.391099e+05 3.280675e+05 3.176433e+05 3.090768e+05 3.027123e+05 2.938499e+05 2.992336e+05 3.069388e+05 3.149844e+05 3.228488e+05 3.300246e+05 3.409408e+05 3.473686e+05 3.510524e+05 3.536033e+05 3.560415e+05 3.590149e+05
3.594307e+05 3.594307e+05 3.594307e+05 3.594308e+05 3.594311e+05 3.594408e+05 3.594699e+05 3.595661e+05 3.595411e+05 3.592548e+05 3.568603e+05 3.508437e+05 3.415250e+05 3.308188e+05 3.207691e+05 3.125737e+05 3.065512e+05 2.987946e+05 3.045015e+05 3.120349e+05 3.196364e+05 3.269871e+05 3.337086e+05 3.439813e+05 3.499078e+05 3.530773e+05 3.551253e+05 3.571161e+05 3.597486e+05
3.618035e+05 3.618035e+05 3.618035e+05 3.618036e+05 3.618038e+05 3.618127e+05 3.618399e+05 3.619314e+05 3.619044e+05 3.616189e+05 3.592545e+05 3.533468e+05 3.442427e+05 3.338403e+05 3.241388e+05 3.162929e+05 3.105935e+05 3.038574e+05 3.098232e+05 3.171493e+05 3.242827e+05 3.310920e+05 3.373272e+05 3.469153e+05 3.523536e+05 3.550462e+05 3.566258e+05 3.581978e+05 3.604844e+05
3.645527e+05 3.645527e+05 3.645527e+05 3.645527e+05 3.645530e+05 3.645622e+05 3.645896e+05 3.646702e+05 3.646311e+05 3.643327e+05 3.619648e+05 3.561304e+05 3.472095e+05 3.370855e+05 3.277120e+05 3.201980e+05 3.148050e+05 3.090076e+05 3.151681e+05 3.222523e+05 3.288985e+05 3.351462e+05 3.408700e+05 3.497368e+05 3.546971e+05 3.569492e+05 3.580960e+05 3.592778e+05 3.612279e+05
3.676151e+05 3.676151e+05 3.676151e+05 3.676152e+05 3.676152e+05 3.676172e+05 3.676241e+05 3.676454e+05 3.675742e+05 3.672467e+05 3.648532e+05 3.590808e+05 3.503383e+05 3.404895e+05 3.314386e+05 3.242479e+05 3.191496e+05 3.142144e+05 3.205057e+05 3.273151e+05 3.334593e+05 3.391318e+05 3.443259e+05 3.524402e+05 3.569308e+05 3.587776e+05 3.595281e+05 3.603486e+05 3.619876e+05
3.705359e+05 3.705359e+05 3.705359e+05 3.705359e+05 3.705360e+05 3.705374e+05 3.705414e+05 3.705445e+05 3.704602e+05 3.701220e+05 3.677395e+05 3.620662e+05 3.535349e+05 3.439840e+05 3.352667e+05 3.284000e+05 3.235900e+05 3.194465e+05 3.258060e+05 3.323091e+05 3.379409e+05 3.430311e+05 3.476837e+05 3.550211e+05 3.590484e+05 3.605236e+05 3.609146e+05 3.614037e+05 3.627591e+05
3.732140e+05 3.732140e+05 3.732141e+05 3.732141e+05 3.732142e+05 3.732181e+05 3.732283e+05 3.732492e+05 3.731760e+05 3.728529e+05 3.705364e+05 3.650171e+05 3.567435e+05 3.475227e+05 3.391555e+05 3.326170e+05 3.280909e+05 3.246727e+05 3.310390e+05 3.372066e+05 3.423194e+05 3.468264e+05 3.509322e+05 3.574753e+05 3.610453e+05 3.621804e+05 3.622488e+05 3.624371e+05 3.635339e+05
3.758120e+05 3.758120e+05 3.758120e+05 3.758121e+05 3.758122e+05 3.758170e+05 3.758315e+05 3.758726e+05 3.758154e+05 3.755155e+05 3.732886e+05 3.679524e+05 3.599631e+05 3.510901e+05 3.430811e+05 3.368703e+05 3.326216e+05 3.298615e+05 3.361750e+05 3.419807e+05 3.465722e+05 3.505006e+05 3.540603e+05 3.597997e+05 3.629177e+05 3.637423e+05 3.635246e+05 3.634434e+05 3.643064e+05
3.784822e+05 3.784822e+05 3.784822e+05 3.784823e+05 3.784824e+05 3.784880e+05 3.785052e+05 3.785593e+05 3.785136e+05 3.782325e+05 3.760888e+05 3.709307e+05 3.632207e+05 3.546895e+05 3.470309e+05 3.411383e+05 3.371557e+05 3.349822e+05 3.411852e+05 3.466055e+05 3.506776e+05 3.540372e+05 3.570573e+05 3.619912e+05 3.646632e+05 3.652047e+05 3.647367e+05 3.644177e+05 3.650718e+05
3.813121e+05 3.813121e+05 3.813121e+05 3.813122e+05 3.813124e+05 3.813187e+05 3.813380e+05 3.813980e+05 3.813575e+05 3.810871e+05 3.790047e+05 3.739975e+05 3.665382e+05 3.583234e+05 3.509942e+05 3.454022e+05 3.416694e+05 3.400047e+05 3.460415e+05 3.510567e+05 3.546153e+05 3.574209e+05 3.599132e+05 3.640475e+05 3.662804e+05 3.665641e+05 3.658804e+05 3.653554e+05 3.658260e+05
3.843385e+05 3.843385e+05 3.843385e+05 3.843385e+05 3.843387e+05 3.843445e+05 3.843619e+05 3.844157e+05 3.843722e+05 3.841021e+05 3.820522e+05 3.771586e+05 3.699120e+05 3.619807e+05 3.549545e+05 3.496413e+05 3.461393e+05 3.448997e+05 3.507171e+05 3.553116e+05 3.583666e+05 3.606375e+05 3.626184e+05 3.659667e+05 3.677686e+05 3.678179e+05 3.669516e+05 3.662524e+05 3.665651e+05
3.875135e+05 3.875135e+05 3.875135e+05 3.875135e+05 3.875137e+05 3.875179e+05 3.875312e+05 3.875691e+05 3.875136e+05 3.872319e+05 3.851839e+05 3.803698e+05 3.733040e+05 3.656295e+05 3.588842e+05 3.538300e+05 3.505396e+05 3.496383e+05 3.551864e+05 3.593493e+05 3.619149e+05 3.636743e+05 3.651646e+05 3.677473e+05 3.691281e+05 3.689645e+05 3.679473e+05 3.671052e+05 3.672860e+05
3.907402e+05 3.907402e+05 3.907402e+05 3.907402e+05 3.907404e+05 3.907430e+05 3.907470e+05 3.907419e+05 3.906582e+05 3.903501e+05 3.882813e+05 3.835334e+05 3.766412e+05 3.692174e+05 3.627441e+05 3.579360e+05 3.548411e+05 3.541919e+05 3.594256e+05 3.631512e+05 3.652455e+05 3.665203e+05 3.675445e+05 3.693884e+05 3.703598e+05 3.700033e+05 3.688648e+05 3.679107e+05 3.679854e+05
3.937225e+05 3.937225e+05 3.937225e+05 3.937225e+05 3.937224e+05 3.937187e+05 3.937076e+05 3.936624e+05 3.935589e+05 3.932359e+05 3.911762e+05 3.865284e+05 3.798401e+05 3.726867e+05 3.664915e+05 3.619243e+05 3.590118e+05 3.585324e+05 3.634129e+05 3.667012e+05 3.683459e+05 3.691660e+05 3.697518e+05 3.708895e+05 3.714654e+05 3.709343e+05 3.697025e+05 3.686662e+05 3.686609e+05
3.961635e+05 3.961635e+05 3.961635e+05 3.961636e+05 3.961636e+05 3.961646e+05 3.961669e+05 3.961561e+05 3.960696e+05 3.957663e+05 3.937800e+05 3.892907e+05 3.828534e+05 3.759995e+05 3.700931e+05 3.657627e+05 3.630198e+05 3.626320e+05 3.671288e+05 3.699857e+05 3.712063e+05 3.716042e+05 3.717817e+05 3.722508e+05 3.724470e+05 3.717585e+05 3.704592e+05 3.693695e+05 3.693099e+05
3.983902e+05 3.983902e+05 3.983902e+05 3.983902e+05 3.983903e+05 3.983921e+05 3.983968e+05 3.984006e+05 3.983282e+05 3.980473e+05 3.961529e+05 3.918506e+05 3.856896e+05 3.791483e+05 3.735298e+05 3.694250e+05 3.668350e+05 3.664644e+05 3.705567e+05 3.729941e+05 3.738192e+05 3.738294e+05 3.736308e+05 3.734728e+05 3.733073e+05 3.724774e+05 3.711345e+05 3.700190e+05 3.699305e+05
4.005079e+05 4.005079e+05 4.005079e+05 4.005079e+05 4.005080e+05 4.005098e+05 4.005157e+05 4.005276e+05 4.004645e+05 4.002012e+05 3.983931e+05 3.942746e+05 3.883834e+05 3.821411e+05 3.767905e+05 3.728886e+05 3.704291e+05 3.700059e+05 3.736831e+05 3.757187e+05 3.761795e+05 3.758380e+05 3.752968e+05 3.745568e+05 3.740492e+05 3.730932e+05 3.717286e+05 3.706134e+05 3.705209e+05
4.025764e+05 4.025764e+05 4.025764e+05 4.025764e+05 4.025765e+05 4.025794e+05 4.025883e+05 4.026095e+05 4.025542e+05 4.023055e+05 4.005716e+05 3.966150e+05 3.909621e+05 3.849817e+05 3.798623e+05 3.761305e+05 3.737746e+05 3.732364e+05 3.764984e+05 3.781551e+05 3.782850e+05 3.776286e+05 3.767792e+05 3.755045e+05 3.746762e+05 3.736086e+05 3.722423e+05 3.711521e+05 3.710798e+05
4.046681e+05 4.046681e+05 4.046681e+05 4.046682e+05 4.046683e+05 4.046713e+05 4.046803e+05 4.047031e+05 4.046506e+05 4.044101e+05 4.027284e+05 3.988963e+05 3.934321e+05 3.876611e+05 3.827256e+05 3.791261e+05 3.768453e+05 3.761404e+05 3.789968e+05 3.803020e+05 3.801357e+05 3.792015e+05 3.780785e+05 3.763182e+05 3.751921e+05 3.740269e+05 3.726770e+05 3.716348e+05 3.716061e+05
4.067940e+05 4.067940e+05 4.067940e+05 4.067940e+05 4.067941e+05 4.067970e+05 4.068054e+05 4.068226e+05 4.067661e+05 4.065238e+05 4.048628e+05 4.011071e+05 3.957732e+05 3.901539e+05 3.853535e+05 3.818490e+05 3.796172e+05 3.787081e+05 3.811766e+05 3.821612e+05 3.817342e+05 3.805591e+05 3.791968e+05 3.770008e+05 3.756008e+05 3.743515e+05 3.730346e+05 3.720617e+05 3.720989e+05
4.089225e+05 4.089225e+05 4.089225e+05 4.089225e+05 4.089225e+05 4.089234e+05 4.089258e+05 4.089221e+05 4.088506e+05 4.085929e+05 4.069163e+05 4.031894e+05 3.979334e+05 3.924166e+05 3.877111e+05 3.842721e+05 3.820690e+05 3.809349e+05 3.830403e+05 3.837373e+05 3.830853e+05 3.817052e+05 3.801373e+05 3.775557e+05 3.759067e+05 3.745865e+05 3.733172e+05 3.724333e+05 3.725580e+05
4.109293e+05 4.109293e+05 4.109293e+05 4.109293e+05 4.109291e+05 4.109257e+05 4.109158e+05 4.108660e+05 4.107649e+05 4.104775e+05 4.087585e+05 4.050342e+05 3.998293e+05 3.943899e+05 3.897580e+05 3.863685e+05 3.841835e+05 3.828221e+05 3.845938e+05 3.850379e+05 3.841956e+05 3.826453e+05 3.809044e+05 3.779867e+05 3.761141e+05 3.747359e+05 3.735276e+05 3.727508e+05 3.729831e+05
4.124941e+05 4.124941e+05 4.124941e+05 4.124940e+05 4.124938e+05 4.124873e+05 4.124668e+05 4.123805e+05 4.122581e+05 4.119510e+05 4.102114e+05 4.065091e+05 4.013687e+05 3.960133e+05 3.914570e+05 3.881166e+05 3.859492e+05 3.843754e+05 3.858468e+05 3.860725e+05 3.850739e+05 3.833864e+05 3.815035e+05 3.782980e+05 3.762278e+05 3.748041e+05 3.736688e+05 3.730154e+05 3.733744e+05
4.133678e+05 4.133678e+05 4.133678e+05 4.133678e+05 4.133677e+05 4.133639e+05 4.133511e+05 4.132838e+05 4.131697e+05 4.128715e+05 4.111647e+05 4.075316e+05 4.024941e+05 3.972502e+05 3.927868e+05 3.895061e+05 3.873630e+05 3.856049e+05 3.868115e+05 3.868533e+05 3.857302e+05 3.839365e+05 3.819410e+05 3.784946e+05 3.762525e+05 3.747957e+05 3.737442e+05 3.732290e+05 3.737325e+05
4.137566e+05 4.137566e+05 4.137566e+05 4.137566e+05 4.137565e+05 4.137526e+05 4.137406e+05 4.136831e+05 4.135785e+05 4.132947e+05 4.116422e+05 4.081090e+05 4.032061e+05 3.981002e+05 3.937489e+05 3.905407e+05 3.884311e+05 3.865240e+05 3.875026e+05 3.873935e+05 3.861760e+05 3.843047e+05 3.822240e+05 3.785813e+05 3.761931e+05 3.747154e+05 3.737573e+05 3.733935e+05 3.740581e+05
4.137463e+05 4.137463e+05 4.137463e+05 4.137462e+05 4.137461e+05 4.137432e+05 4.137337e+05 4.136842e+05 4.135867e+05 4.133155e+05 4.117189e+05 4.082956e+05 4.035422e+05 3.985889e+05 3.943619e+05 3.912358e+05 3.891675e+05 3.871490e+05 3.879368e+05 3.877082e+05 3.864236e+05 3.845010e+05 3.823602e+05 3.785636e+05 3.760544e+05 3.745679e+05 3.737119e+05 3.735113e+05 3.743522e+05
4.134125e+05 4.134125e+05 4.134125e+05 4.134125e+05 4.134124e+05 4.134096e+05 4.134011e+05 4.133568e+05 4.132651e+05 4.130052e+05 4.114631e+05 4.081503e+05 4.035485e+05 3.987509e+05 3.946516e+05 3.916121e+05 3.895907e+05 3.874984e+05 3.881320e+05 3.878131e+05 3.864862e+05 3.845357e+05 3.823580e+05 3.784472e+05 3.758416e+05 3.743579e+05 3.736119e+05 3.735850e+05 3.746161e+05
4.128040e+05 4.128040e+05 4.128040e+05 4.128040e+05 4.128039e+05 4.128016e+05 4.127944e+05 4.127556e+05 4.126696e+05 4.124206e+05 4.109307e+05 4.077235e+05 4.032670e+05 3.986194e+05 3.946450e+05 3.916926e+05 3.897217e+05 3.875928e+05 3.881074e+05 3.877246e+05 3.863774e+05 3.844199e+05 3.822259e+05 3.782378e+05 3.755596e+05 3.740903e+05 3.734614e+05 3.736173e+05 3.748513e+05
4.119695e+05 4.119695e+05 4.119695e+05 4.119695e+05 4.119694e+05 4.119680e+05 4.119629e+05 4.119310e+05 4.118509e+05 4.116121e+05 4.101695e+05 4.070577e+05 4.027333e+05 3.982243e+05 3.943681e+05 3.915012e+05 3.895833e+05 3.874540e+05 3.878825e+05 3.874593e+05 3.861111e+05 3.841647e+05 3.819727e+05 3.779413e+05 3.752135e+05 3.737699e+05 3.732646e+05 3.736113e+05 3.750596e+05
4.109696e+05 4.109696e+05 4.109696e+05 4.109695e+05 4.109695e+05 4.109681e+05 4.109636e+05 4.109346e+05 4.108572e+05 4.106248e+05 4.092179e+05 4.061852e+05 4.019755e+05 3.975911e+05 3.938451e+05 3.910619e+05 3.891998e+05 3.871052e+05 3.874773e+05 3.870341e+05 3.857009e+05 3.837813e+05 3.816076e+05 3.775639e+05 3.748082e+05 3.734014e+05 3.730257e+05 3.735701e+05 3.752430e+05
4.098347e+05 4.098347e+05 4.098347e+05 4.098346e+05 4.098346e+05 4.098323e+05 4.098253e+05 4.097891e+05 4.097089e+05 4.094766e+05 4.080909e+05 4.051206e+05 4.010099e+05 3.967390e+05 3.930982e+05 3.903988e+05 3.885965e+05 3.865702e+05 3.869113e+05 3.864652e+05 3.851605e+05 3.832809e+05 3.811395e+05 3.771116e+05 3.743489e+05 3.729895e+05 3.727488e+05 3.734970e+05 3.754035e+05
4.085160e+05 4.085160e+05 4.085160e+05 4.085160e+05 4.085159e+05 4.085135e+05 4.085059e+05 4.084641e+05 4.083798e+05 4.081453e+05 4.067739e+05 4.038581e+05 3.998404e+05 3.956807e+05 3.921464e+05 3.895353e+05 3.877987e+05 3.858725e+05 3.862039e+05 3.857686e+05 3.845032e+05 3.826744e+05 3.805772e+05 3.765905e+05 3.738403e+05 3.725389e+05 3.724383e+05 3.733953e+05 3.755435e+05
4.069905e+05 4.069905e+05 4.069905e+05 4.069904e+05 4.069903e+05 4.069864e+05 4.069744e+05 4.069199e+05 4.068296e+05 4.065922e+05 4.052371e+05 4.023814e+05 3.984648e+05 3.944258e+05 3.910079e+05 3.884943e+05 3.868318e+05 3.850348e+05 3.853730e+05 3.849593e+05 3.837418e+05 3.819724e+05 3.799297e+05 3.760067e+05 3.732874e+05 3.720541e+05 3.720983e+05 3.732685e+05 3.756654e+05
4.051705e+05 4.051705e+05 4.051705e+05 4.051705e+05 4.051704e+05 4.051664e+05 4.051540e+05 4.050990e+05 4.050101e+05 4.047780e+05 4.034572e+05 4.006819e+05 3.968874e+05 3.929884e+05 3.897031e+05 3.872997e+05 3.857210e+05 3.840785e+05 3.844359e+05 3.840516e+05 3.828882e+05 3.811851e+05 3.792053e+05 3.753660e+05 3.726949e+05 3.715396e+05 3.717330e+05 3.731202e+05 3.757718e+05
4.030605e+05 4.030605e+05 4.030605e+05 4.030605e+05 4.030604e+05 4.030586e+05 4.030522e+05 4.030147e+05 4.029367e+05 4.027194e+05 4.014532e+05 3.987808e+05 3.951318e+05 3.913939e+05 3.882582e+05 3.859774e+05 3.844914e+05 3.830228e+05 3.834079e+05 3.830588e+05 3.819540e+05 3.803224e+05 3.784123e+05 3.746743e+05 3.720674e+05 3.709996e+05 3.713466e+05 3.729538e+05 3.758653e+05
4.008053e+05 4.008053e+05 4.008053e+05 4.008053e+05 4.008052e+05 4.008033e+05 4.007974e+05 4.007669e+05 4.006973e+05 4.004943e+05 3.992876e+05 3.967293e+05 3.932406e+05 3.896786e+05 3.867044e+05 3.845551e+05 3.831676e+05 3.818848e+05 3.823034e+05 3.819930e+05 3.809498e+05 3.793934e+05 3.775587e+05 3.739374e+05 3.714097e+05 3.704386e+05 3.709431e+05 3.727729e+05 3.759487e+05
3.984470e+05 3.984470e+05 3.984470e+05 3.984470e+05 3.984470e+05 3.984464e+05 3.984444e+05 3.984259e+05 3.983652e+05 3.981761e+05 3.970285e+05 3.945870e+05 3.912632e+05 3.878824e+05 3.850742e+05 3.830592e+05 3.817721e+05 3.806793e+05 3.811347e+05 3.808654e+05 3.798855e+05 3.784070e+05 3.766519e+05 3.731608e+05 3.707261e+05 3.698605e+05 3.705265e+05 3.725812e+05 3.760248e+05
3.960762e+05 3.960762e+05 3.960762e+05 3.960762e+05 3.960762e+05 3.960756e+05 3.960739e+05 3.960598e+05 3.960052e+05 3.958278e+05 3.947353e+05 3.924066e+05 3.892445e+05 3.860415e+05 3.833960e+05 3.815127e+05 3.803239e+05 3.794187e+05 3.799131e+05 3.796861e+05 3.787702e+05 3.773712e+05 3.756991e+05 3.723498e+05 3.700209e+05 3.692695e+05 3.701006e+05 3.723821e+05 3.760965e+05
3.937152e+05 3.937152e+05 3.937152e+05 3.937152e+05 3.937152e+05 3.937156e+05 3.937163e+05 3.937097e+05 3.936611e+05 3.934945e+05 3.924526e+05 3.902294e+05 3.872191e+05 3.841836e+05 3.816918e+05 3.799331e+05 3.788376e+05 3.781136e+05 3.786483e+05 3.784642e+05 3.776124e+05 3.762936e+05 3.747071e+05 3.715097e+05 3.692984e+05 3.686693e+05 3.696694e+05 3.721792e+05 3.761668e+05
3.914177e+05 3.914177e+05 3.914177e+05 3.914177e+05 3.914177e+05 3.914181e+05 3.914190e+05 3.914152e+05 3.913702e+05 3.912116e+05 3.902127e+05 3.880832e+05 3.852101e+05 3.823273e+05 3.799764e+05 3.783326e+05 3.773239e+05 3.767731e+05 3.773492e+05 3.772078e+05 3.764196e+05 3.751814e+05 3.736823e+05 3.706454e+05 3.685628e+05 3.680639e+05 3.692365e+05 3.719760e+05 3.762386e+05
3.891972e+05 3.891972e+05 3.891972e+05 3.891972e+05 3.891973e+05 3.891975e+05 3.891981e+05 3.891936e+05 3.891497e+05 3.889959e+05 3.880312e+05 3.859822e+05 3.832297e+05 3.804828e+05 3.782586e+05 3.767193e+05 3.757904e+05 3.754051e+05 3.760233e+05 3.759244e+05 3.751989e+05 3.740410e+05 3.726307e+05 3.697619e+05 3.678180e+05 3.674569e+05 3.688056e+05 3.717759e+05 3.763149e+05
3.870427e+05 3.870427e+05 3.870427e+05 3.870427e+05 3.870427e+05 3.870429e+05 3.870434e+05 3.870382e+05 3.869948e+05 3.868446e+05 3.859080e+05 3.839279e+05 3.812805e+05 3.786536e+05 3.765429e+05 3.750986e+05 3.742434e+05 3.740168e+05 3.746777e+05 3.746205e+05 3.739566e+05 3.728786e+05 3.715580e+05 3.688637e+05 3.670678e+05 3.668519e+05 3.683801e+05 3.715822e+05 3.763986e+05
3.849465e+05 3.849465e+05 3.849465e+05 3.849465e+05 3.849465e+05 3.849466e+05 3.849467e+05 3.849399e+05 3.848964e+05 3.847487e+05 3.838353e+05 3.819145e+05 3.793593e+05 3.768395e+05 3.748315e+05 3.734745e+05 3.726881e+05 3.726152e+05 3.733184e+05 3.733019e+05 3.726984e+05 3.716997e+05 3.704695e+05 3.679554e+05 3.663161e+05 3.662524e+05 3.679634e+05 3.713984e+05 3.764927e+05
3.828945e+05 3.828945e+05 3.828945e+05 3.828945e+05 3.828945e+05 3.828944e+05 3.828939e+05 3.828852e+05 3.828411e+05 3.826948e+05 3.818004e+05 3.799315e+05 3.774594e+05 3.750375e+05 3.731251e+05 3.718504e+05 3.711298e+05 3.712064e+05 3.719509e+05 3.719738e+05 3.714295e+05 3.705096e+05 3.693701e+05 3.670411e+05 3.655664e+05 3.656616e+05 3.675591e+05 3.712276e+05 3.766003e+05
3.808713e+05 3.808713e+05 3.808713e+05 3.808713e+05 3.808712e+05 3.808711e+05 3.808702e+05 3.808582e+05 3.808120e+05 3.806656e+05 3.797864e+05 3.779651e+05 3.755715e+05 3.732439e+05 3.714241e+05 3.702298e+05 3.695736e+05 3.697962e+05 3.705801e+05 3.706411e+05 3.701549e+05 3.693130e+05 3.682647e+05 3.661252e+05 3.648224e+05 3.650829e+05 3.671701e+05 3.710731e+05 3.767242e+05
3.788547e+05 3.788547e+05 3.788547e+05 3.788547e+05 3.788546e+05 3.788535e+05 3.788498e+05 3.788299e+05 3.787803e+05 3.786331e+05 3.777698e+05 3.759984e+05 3.736862e+05 3.714553e+05 3.697298e+05 3.686165e+05 3.680248e+05 3.683898e+05 3.692101e+05 3.693077e+05 3.688788e+05 3.681145e+05 3.671577e+05 3.652114e+05 3.640875e+05 3.645195e+05 3.667998e+05 3.709379e+05 3.768673e+05
3.767827e+05 3.767827e+05 3.767827e+05 3.767827e+05 3.767826e+05 3.767814e+05 3.767777e+05 3.767586e+05 3.767109e+05 3.765685e+05 3.757325e+05 3.740218e+05 3.718003e+05 3.696730e+05 3.680462e+05 3.670161e+05 3.664893e+05 3.669914e+05 3.678445e+05 3.679774e+05 3.676052e+05 3.669183e+05 3.660532e+05 3.643038e+05 3.633649e+05 3.639744e+05 3.664511e+05 3.708251e+05 3.770326e+05
3.746587e+05 3.746587e+05 3.746587e+05 3.746587e+05 3.746587e+05 3.746592e+05 3.746600e+05 3.746542e+05 3.746148e+05 3.744833e+05 3.736859e+05 3.720461e+05 3.699238e+05 3.679063e+05 3.663816e+05 3.654358e+05 3.649733e+05 3.656042e+05 3.664862e+05 3.666537e+05 3.663380e+05 3.657284e+05 3.649554e+05 3.634059e+05 3.626580e+05 3.634507e+05 3.661271e+05 3.707378e+05 3.772228e+05
