2.747089e+05 1.685666e+05 1.439998e+05 9.412110e+04 7.598382e+04 4.787726e+04 4.166386e+04 3.789741e+04 3.711740e+04 3.636463e+04 3.359646e+04 2.859691e+04 2.282037e+04 1.779098e+04 1.395828e+04 1.117249e+04 9.160766e+03 4.651628e+03 3.308998e+03 2.791603e+03 2.577020e+03 2.503419e+03 2.509747e+03 2.677570e+03 3.024564e+03 3.584144e+03 4.430429e+03 5.661559e+03 7.386087e+03
4.669906e+04 4.669941e+04 4.670007e+04 4.667991e+04 4.646344e+04 4.329548e+04 4.012356e+04 3.747510e+04 3.684856e+04 3.616822e+04 3.343227e+04 2.842569e+04 2.265722e+04 1.765079e+04 1.384452e+04 1.108230e+04 9.089628e+03 4.627384e+03 3.298885e+03 2.787002e+03 2.575067e+03 2.502958e+03 2.510251e+03 2.679382e+03 3.027514e+03 3.588426e+03 4.436444e+03 5.669850e+03 7.397293e+03
4.087259e+04 4.087267e+04 4.087287e+04 4.087380e+04 4.085651e+04 4.019149e+04 3.851559e+04 3.697669e+04 3.653704e+04 3.594230e+04 3.324355e+04 2.823170e+04 2.247587e+04 1.749753e+04 1.372177e+04 1.098599e+04 9.014281e+03 4.602300e+03 3.288540e+03 2.782331e+03 2.573101e+03 2.502508e+03 2.510776e+03 2.681227e+03 3.030506e+03 3.592759e+03 4.442522e+03 5.678220e+03 7.408596e+03
3.818567e+04 3.818573e+04 3.818589e+04 3.818894e+04 3.819182e+04 3.779797e+04 3.765045e+04 3.646719e+04 3.619990e+04 3.569135e+04 3.302926e+04 2.801368e+04 2.227562e+04 1.733091e+04 1.358995e+04 1.088356e+04 8.934755e+03 4.576396e+03 3.277968e+03 2.777593e+03 2.571124e+03 2.502070e+03 2.511325e+03 2.683107e+03 3.033539e+03 3.597144e+03 4.448665e+03 5.686670e+03 7.419997e+03
3.677320e+04 3.677324e+04 3.677336e+04 3.677623e+04 3.678222e+04 3.662402e+04 3.673316e+04 3.614880e+04 3.588876e+04 3.543016e+04 3.278932e+04 2.777054e+04 2.205590e+04 1.715074e+04 1.344905e+04 1.077505e+04 8.851109e+03 4.549694e+03 3.267177e+03 2.772790e+03 2.569137e+03 2.501644e+03 2.511897e+03 2.685021e+03 3.036616e+03 3.601582e+03 4.454872e+03 5.695200e+03 7.431496e+03
3.607176e+04 3.607179e+04 3.607188e+04 3.607414e+04 3.607951e+04 3.604341e+04 3.602431e+04 3.609601e+04 3.573050e+04 3.519753e+04 3.252716e+04 2.750188e+04 2.181640e+04 1.695698e+04 1.329915e+04 1.066058e+04 8.763432e+03 4.522217e+03 3.256175e+03 2.767927e+03 2.567142e+03 2.501233e+03 2.512494e+03 2.686970e+03 3.039736e+03 3.606073e+03 4.461145e+03 5.703811e+03 7.443095e+03
3.574795e+04 3.574798e+04 3.574804e+04 3.574972e+04 3.575396e+04 3.576308e+04 3.566057e+04 3.606805e+04 3.573764e+04 3.507523e+04 3.225275e+04 2.720881e+04 2.155730e+04 1.674983e+04 1.314044e+04 1.054029e+04 8.671850e+03 4.493995e+03 3.244970e+03 2.763006e+03 2.565140e+03 2.500836e+03 2.513116e+03 2.688954e+03 3.042899e+03 3.610617e+03 4.467484e+03 5.712504e+03 7.454794e+03
3.561717e+04 3.561719e+04 3.561724e+04 3.561851e+04 3.562180e+04 3.564520e+04 3.553606e+04 3.597794e+04 3.576268e+04 3.505008e+04 3.198653e+04 2.689485e+04 2.127955e+04 1.652976e+04 1.297325e+04 1.041442e+04 8.576526e+03 4.465060e+03 3.233571e+03 2.758032e+03 2.563133e+03 2.500455e+03 2.513764e+03 2.690975e+03 3.046107e+03 3.615215e+03 4.473890e+03 5.721279e+03 7.466594e+03
3.558405e+04 3.558406e+04 3.558410e+04 3.558510e+04 3.558773e+04 3.561626e+04 3.553997e+04 3.584962e+04 3.573037e+04 3.502480e+04 3.176329e+04 2.656676e+04 2.098515e+04 1.629766e+04 1.279809e+04 1.028329e+04 8.477669e+03 4.435446e+03 3.221988e+03 2.753007e+03 2.561123e+03 2.500090e+03 2.514438e+03 2.693032e+03 3.049359e+03 3.619867e+03 4.480362e+03 5.730136e+03 7.478495e+03
3.560164e+04 3.560165e+04 3.560169e+04 3.560256e+04 3.560494e+04 3.564448e+04 3.561239e+04 3.572704e+04 3.562459e+04 3.494020e+04 3.155882e+04 2.623645e+04 2.067739e+04 1.605491e+04 1.261565e+04 1.014731e+04 8.375535e+03 4.405194e+03 3.210231e+03 2.747935e+03 2.559112e+03 2.499744e+03 2.515139e+03 2.695126e+03 3.052655e+03 3.624574e+03 4.486902e+03 5.739077e+03 7.490499e+03
3.568840e+04 3.568841e+04 3.568844e+04 3.568919e+04 3.569126e+04 3.573114e+04 3.572768e+04 3.562751e+04 3.545629e+04 3.476867e+04 3.132901e+04 2.591947e+04 2.036123e+04 1.580347e+04 1.242691e+04 1.000700e+04 8.270434e+03 4.374346e+03 3.198310e+03 2.742821e+03 2.557102e+03 2.499416e+03 2.515869e+03 2.697257e+03 3.055997e+03 3.629336e+03 4.493509e+03 5.748102e+03 7.502605e+03
3.660957e+04 3.660955e+04 3.660950e+04 3.660793e+04 3.660175e+04 3.634712e+04 3.581785e+04 3.441117e+04 3.357960e+04 3.254681e+04 2.914672e+04 2.402536e+04 1.876514e+04 1.452268e+04 1.144234e+04 9.267567e+03 7.715502e+03 4.212930e+03 3.136672e+03 2.716753e+03 2.547123e+03 2.498096e+03 2.519957e+03 2.708489e+03 3.073401e+03 3.653988e+03 4.527585e+03 5.794504e+03 7.564699e+03
3.073053e+04 3.073053e+04 3.073052e+04 3.073026e+04 3.072888e+04 3.067897e+04 3.055359e+04 2.996040e+04 2.938921e+04 2.853128e+04 2.562872e+04 2.134611e+04 1.689020e+04 1.321451e+04 1.049812e+04 8.558090e+03 7.169469e+03 4.045374e+03 3.072908e+03 2.690271e+03 2.537444e+03 2.497403e+03 2.524843e+03 2.720721e+03 3.091997e+03 3.680086e+03 4.563436e+03 5.843093e+03 7.629463e+03
2.559392e+04 2.559392e+04 2.559391e+04 2.559365e+04 2.559282e+04 2.557261e+04 2.552102e+04 2.527239e+04 2.496297e+04 2.438632e+04 2.210309e+04 1.858178e+04 1.490412e+04 1.184747e+04 9.553808e+03 7.885951e+03 6.672331e+03 3.881948e+03 3.009117e+03 2.664026e+03 2.528331e+03 2.497472e+03 2.530611e+03 2.734004e+03 3.111837e+03 3.707686e+03 4.601128e+03 5.893944e+03 7.696983e+03
2.173422e+04 2.173421e+04 2.173421e+04 2.173419e+04 2.173411e+04 2.172879e+04 2.170504e+04 2.156536e+04 2.136510e+04 2.094838e+04 1.913121e+04 1.620493e+04 1.312447e+04 1.056714e+04 8.645671e+03 7.237932e+03 6.200712e+03 3.736468e+03 2.947972e+03 2.638809e+03 2.520090e+03 2.498449e+03 2.537346e+03 2.748392e+03 3.132969e+03 3.736843e+03 4.640726e+03 5.947132e+03 7.767348e+03
1.875441e+04 1.875441e+04 1.875441e+04 1.875438e+04 1.875428e+04 1.875037e+04 1.873572e+04 1.865014e+04 1.850985e+04 1.819301e+04 1.672007e+04 1.426478e+04 1.164689e+04 9.468907e+03 7.835969e+03 6.641225e+03 5.758587e+03 3.610856e+03 2.892919e+03 2.615605e+03 2.513086e+03 2.500502e+03 2.545142e+03 2.763935e+03 3.155443e+03 3.767613e+03 4.682296e+03 6.002735e+03 7.840644e+03
1.640011e+04 1.640011e+04 1.640011e+04 1.640010e+04 1.640007e+04 1.639840e+04 1.639170e+04 1.634296e+04 1.624144e+04 1.599237e+04 1.477551e+04 1.269358e+04 1.044459e+04 8.562489e+03 7.150474e+03 6.119917e+03 5.360652e+03 3.497850e+03 2.848432e+03 2.595667e+03 2.507778e+03 2.503832e+03 2.554104e+03 2.780687e+03 3.179308e+03 3.800053e+03 4.725905e+03 6.060832e+03 7.916963e+03
1.456142e+04 1.456142e+04 1.456142e+04 1.456141e+04 1.456139e+04 1.456036e+04 1.455617e+04 1.452334e+04 1.444406e+04 1.423945e+04 1.320975e+04 1.141953e+04 9.466599e+03 7.821543e+03 6.583393e+03 5.679936e+03 5.016212e+03 3.394158e+03 2.813450e+03 2.580683e+03 2.504745e+03 2.508688e+03 2.564361e+03 2.798707e+03 3.204616e+03 3.834220e+03 4.771620e+03 6.121502e+03 7.996397e+03
1.309713e+04 1.309713e+04 1.309713e+04 1.309713e+04 1.309712e+04 1.309657e+04 1.309424e+04 1.307148e+04 1.300677e+04 1.283326e+04 1.194327e+04 1.038125e+04 8.666491e+03 7.214312e+03 6.116883e+03 5.314604e+03 4.725721e+03 3.299252e+03 2.785038e+03 2.572660e+03 2.504734e+03 2.515387e+03 2.576069e+03 2.818060e+03 3.231419e+03 3.870173e+03 4.819512e+03 6.184827e+03 8.079039e+03
1.191794e+04 1.191794e+04 1.191794e+04 1.191793e+04 1.191793e+04 1.191761e+04 1.191610e+04 1.189841e+04 1.184323e+04 1.169220e+04 1.090943e+04 9.528453e+03 8.006814e+03 6.713301e+03 5.732097e+03 5.012697e+03 4.484084e+03 3.214090e+03 2.761372e+03 2.570389e+03 2.508837e+03 2.524334e+03 2.589428e+03 2.838826e+03 3.259777e+03 3.907975e+03 4.869652e+03 6.250890e+03 8.164983e+03
1.094978e+04 1.094978e+04 1.094978e+04 1.094978e+04 1.094977e+04 1.094948e+04 1.094823e+04 1.093367e+04 1.088560e+04 1.075213e+04 1.005514e+04 8.821176e+03 7.458312e+03 6.296761e+03 5.412950e+03 4.762949e+03 4.284256e+03 3.139857e+03 2.741434e+03 2.572403e+03 2.518025e+03 2.536064e+03 2.604689e+03 2.861096e+03 3.289754e+03 3.947691e+03 4.922114e+03 6.319776e+03 8.254329e+03
1.013957e+04 1.013957e+04 1.013957e+04 1.013957e+04 1.013957e+04 1.013945e+04 1.013882e+04 1.012776e+04 1.008580e+04 9.966903e+03 9.340868e+03 8.228889e+03 6.998537e+03 5.947969e+03 5.146688e+03 4.555709e+03 4.119298e+03 3.077235e+03 2.724880e+03 2.577649e+03 2.531319e+03 2.551400e+03 2.622173e+03 2.884986e+03 3.321424e+03 3.989390e+03 4.976975e+03 6.391573e+03 8.347174e+03
9.459996e+03 9.459996e+03 9.459996e+03 9.459996e+03 9.459997e+03 9.459958e+03 9.459586e+03 9.450149e+03 9.412557e+03 9.305247e+03 8.738076e+03 7.728676e+03 6.610357e+03 5.654124e+03 4.923438e+03 4.383216e+03 3.983194e+03 3.026231e+03 2.711818e+03 2.585382e+03 2.547864e+03 2.570766e+03 2.642311e+03 2.910632e+03 3.354868e+03 4.033147e+03 5.034317e+03 6.466373e+03 8.443622e+03
8.882071e+03 8.882071e+03 8.882071e+03 8.882071e+03 8.882071e+03 8.881981e+03 8.881457e+03 8.872799e+03 8.838751e+03 8.741217e+03 8.224310e+03 7.302754e+03 6.280494e+03 5.405331e+03 4.735567e+03 4.239369e+03 3.871017e+03 2.986309e+03 2.702564e+03 2.595148e+03 2.566998e+03 2.593428e+03 2.665777e+03 2.938205e+03 3.390185e+03 4.079046e+03 5.094224e+03 6.544270e+03 8.543778e+03
8.381458e+03 8.381458e+03 8.381458e+03 8.381458e+03 8.381458e+03 8.381424e+03 8.381238e+03 8.374472e+03 8.343997e+03 8.255345e+03 7.782574e+03 6.937480e+03 5.998644e+03 5.193884e+03 4.577135e+03 4.119397e+03 3.778827e+03 2.956607e+03 2.697453e+03 2.606750e+03 2.588198e+03 2.618837e+03 2.692681e+03 2.967912e+03 3.427486e+03 4.127177e+03 5.156788e+03 6.625362e+03 8.647751e+03
7.949872e+03 7.949872e+03 7.949872e+03 7.949873e+03 7.949875e+03 7.949917e+03 7.949940e+03 7.944284e+03 7.916600e+03 7.835411e+03 7.400879e+03 6.622628e+03 5.756843e+03 5.013744e+03 4.443472e+03 4.019543e+03 3.703492e+03 2.936122e+03 2.696726e+03 2.620186e+03 2.611084e+03 2.646547e+03 2.722488e+03 3.000019e+03 3.466903e+03 4.177642e+03 5.222108e+03 6.709755e+03 8.755654e+03
7.577403e+03 7.577403e+03 7.577403e+03 7.577402e+03 7.577398e+03 7.577266e+03 7.576916e+03 7.571057e+03 7.545370e+03 7.470412e+03 7.069274e+03 6.349998e+03 5.548744e+03 4.860087e+03 4.330848e+03 3.936813e+03 3.642514e+03 2.923843e+03 2.700486e+03 2.635568e+03 2.635412e+03 2.676186e+03 2.754825e+03 3.034888e+03 3.508587e+03 4.230554e+03 5.290288e+03 6.797557e+03 8.867604e+03
7.246783e+03 7.246783e+03 7.246783e+03 7.246783e+03 7.246786e+03 7.246839e+03 7.246902e+03 7.242286e+03 7.218905e+03 7.149934e+03 6.779206e+03 6.112836e+03 5.369180e+03 4.728992e+03 4.236239e+03 3.868793e+03 3.593884e+03 2.918822e+03 2.708708e+03 2.653064e+03 2.661065e+03 2.707461e+03 2.789382e+03 3.073003e+03 3.552722e+03 4.286039e+03 5.361444e+03 6.888884e+03 8.983724e+03
6.956661e+03 6.956661e+03 6.956662e+03 6.956662e+03 6.956663e+03 6.956691e+03 6.956749e+03 6.952794e+03 6.931462e+03 6.867930e+03 6.524698e+03 5.905947e+03 5.214012e+03 4.617269e+03 4.157174e+03 3.813517e+03 3.555975e+03 2.920210e+03 2.721257e+03 2.672841e+03 2.688021e+03 2.740158e+03 2.825896e+03 3.114196e+03 3.599523e+03 4.344241e+03 5.435699e+03 6.983858e+03 9.104142e+03
6.701546e+03 6.701546e+03 6.701546e+03 6.701547e+03 6.701550e+03 6.701627e+03 6.701815e+03 6.698502e+03 6.678875e+03 6.620038e+03 6.301209e+03 5.725225e+03 5.079901e+03 4.522320e+03 4.091629e+03 3.769368e+03 3.527451e+03 2.927260e+03 2.737927e+03 2.695034e+03 2.716332e+03 2.774137e+03 2.864150e+03 3.158208e+03 3.649262e+03 4.405322e+03 5.513189e+03 7.082612e+03 9.228992e+03
6.478615e+03 6.478615e+03 6.478615e+03 6.478615e+03 6.478614e+03 6.478602e+03 6.478555e+03 6.474887e+03 6.456386e+03 6.401462e+03 6.104350e+03 5.567064e+03 4.964042e+03 4.441980e+03 4.037915e+03 3.734999e+03 3.507196e+03 2.939326e+03 2.758464e+03 2.719731e+03 2.746089e+03 2.809332e+03 2.903974e+03 3.204864e+03 3.702326e+03 4.469464e+03 5.594064e+03 7.185285e+03 9.358415e+03
6.277629e+03 6.277629e+03 6.277629e+03 6.277630e+03 6.277632e+03 6.277687e+03 6.277781e+03 6.274576e+03 6.257443e+03 6.206413e+03 5.929730e+03 5.428206e+03 4.863998e+03 4.374390e+03 3.994581e+03 3.709245e+03 3.494256e+03 2.955847e+03 2.782588e+03 2.746972e+03 2.777404e+03 2.845735e+03 2.945253e+03 3.254018e+03 3.759006e+03 4.536881e+03 5.678486e+03 7.292027e+03 9.492561e+03
6.096878e+03 6.096878e+03 6.096878e+03 6.096878e+03 6.096880e+03 6.096924e+03 6.097045e+03 6.094429e+03 6.078794e+03 6.031643e+03 5.774349e+03 5.306095e+03 4.777707e+03 4.317929e+03 3.960350e+03 3.691089e+03 3.487791e+03 2.976330e+03 2.810013e+03 2.776747e+03 2.810387e+03 2.883385e+03 2.987917e+03 3.305551e+03 3.819122e+03 4.607821e+03 5.766636e+03 7.403001e+03 9.631588e+03
5.935878e+03 5.935878e+03 5.935878e+03 5.935879e+03 5.935882e+03 5.935956e+03 5.936158e+03 5.934036e+03 5.919698e+03 5.876028e+03 5.636449e+03 5.198802e+03 4.703454e+03 4.271200e+03 3.934108e+03 3.679630e+03 3.487059e+03 3.000338e+03 2.840454e+03 2.809010e+03 2.845137e+03 2.922357e+03 3.031947e+03 3.359364e+03 3.882567e+03 4.682595e+03 5.858716e+03 7.518380e+03 9.775662e+03
5.794020e+03 5.794020e+03 5.794020e+03 5.794021e+03 5.794024e+03 5.794108e+03 5.794299e+03 5.792148e+03 5.778666e+03 5.737852e+03 5.514056e+03 5.104477e+03 4.639705e+03 4.232980e+03 3.914877e+03 3.674068e+03 3.491391e+03 3.027473e+03 2.873633e+03 2.843685e+03 2.881739e+03 2.962745e+03 3.077363e+03 3.415385e+03 3.949274e+03 4.761634e+03 5.954947e+03 7.638355e+03 9.924961e+03
5.667295e+03 5.667295e+03 5.667295e+03 5.667295e+03 5.667294e+03 5.667268e+03 5.667215e+03 5.664688e+03 5.651890e+03 5.613653e+03 5.404510e+03 5.021188e+03 4.585040e+03 4.202176e+03 3.901771e+03 3.673666e+03 3.500161e+03 3.057371e+03 2.909287e+03 2.880676e+03 2.920256e+03 3.004660e+03 3.124223e+03 3.473566e+03 4.019197e+03 4.845043e+03 6.055587e+03 7.763129e+03 1.007967e+04
5.549674e+03 5.549674e+03 5.549674e+03 5.549673e+03 5.549673e+03 5.549670e+03 5.549666e+03 5.547398e+03 5.535542e+03 5.500041e+03 5.305321e+03 4.947176e+03 4.538160e+03 4.177758e+03 3.893944e+03 3.677716e+03 3.512765e+03 3.089693e+03 2.947170e+03 2.919879e+03 2.960736e+03 3.048216e+03 3.172612e+03 3.533887e+03 4.092308e+03 4.932724e+03 6.160931e+03 7.892927e+03 1.024001e+04
5.440859e+03 5.440859e+03 5.440859e+03 5.440860e+03 5.440861e+03 5.440900e+03 5.440977e+03 5.439094e+03 5.428284e+03 5.395592e+03 5.215054e+03 4.881115e+03 4.497899e+03 4.158740e+03 3.890571e+03 3.685526e+03 3.528624e+03 3.124126e+03 2.987057e+03 2.961186e+03 3.003214e+03 3.093530e+03 3.222641e+03 3.596356e+03 4.168591e+03 5.024655e+03 6.271358e+03 8.027994e+03 1.040617e+04
5.341149e+03 5.341149e+03 5.341149e+03 5.341150e+03 5.341152e+03 5.341200e+03 5.341335e+03 5.339887e+03 5.330113e+03 5.300121e+03 5.133053e+03 4.822026e+03 4.463233e+03 4.144206e+03 3.890884e+03 3.696458e+03 3.547200e+03 3.160382e+03 3.028746e+03 3.004492e+03 3.047716e+03 3.140718e+03 3.274435e+03 3.661010e+03 4.248043e+03 5.120842e+03 6.387295e+03 8.168602e+03 1.057840e+04
5.251516e+03 5.251516e+03 5.251516e+03 5.251517e+03 5.251519e+03 5.251569e+03 5.251699e+03 5.250272e+03 5.241188e+03 5.213437e+03 5.058541e+03 4.768892e+03 4.433199e+03 4.133348e+03 3.894220e+03 3.709962e+03 3.568027e+03 3.198209e+03 3.072060e+03 3.049708e+03 3.094263e+03 3.189892e+03 3.328135e+03 3.727912e+03 4.330681e+03 5.221304e+03 6.508726e+03 8.315060e+03 1.075694e+04
5.170152e+03 5.170152e+03 5.170152e+03 5.170152e+03 5.170150e+03 5.170105e+03 5.169968e+03 5.167998e+03 5.159328e+03 5.133483e+03 4.989835e+03 4.720467e+03 4.406905e+03 4.125502e+03 3.900048e+03 3.725592e+03 3.590720e+03 3.237386e+03 3.116855e+03 3.096759e+03 3.142882e+03 3.241166e+03 3.383890e+03 3.797150e+03 4.416534e+03 5.326073e+03 6.635638e+03 8.467728e+03 1.094208e+04
5.090947e+03 5.090947e+03 5.090947e+03 5.090947e+03 5.090947e+03 5.090941e+03 5.090906e+03 5.089224e+03 5.081291e+03 5.057570e+03 4.925217e+03 4.675729e+03 4.383702e+03 4.120185e+03 3.907963e+03 3.742987e+03 3.614951e+03 3.277726e+03 3.163015e+03 3.145591e+03 3.193604e+03 3.294655e+03 3.441857e+03 3.868838e+03 4.505651e+03 5.435189e+03 6.768067e+03 8.627083e+03 1.113409e+04
5.015135e+03 5.015135e+03 5.015135e+03 5.015135e+03 5.015135e+03 5.015121e+03 5.015075e+03 5.013618e+03 5.006509e+03 4.985031e+03 4.864091e+03 4.634222e+03 4.363207e+03 4.117038e+03 3.917625e+03 3.761831e+03 3.640435e+03 3.319079e+03 3.210463e+03 3.196178e+03 3.246470e+03 3.350475e+03 3.502198e+03 3.943109e+03 4.598098e+03 5.548704e+03 6.906071e+03 8.793440e+03 1.133332e+04
4.942731e+03 4.942731e+03 4.942731e+03 4.942731e+03 4.942732e+03 4.942757e+03 4.942820e+03 4.941793e+03 4.935554e+03 4.916324e+03 4.806599e+03 4.595818e+03 4.345138e+03 4.115731e+03 3.928709e+03 3.781831e+03 3.666916e+03 3.361335e+03 3.259156e+03 3.248520e+03 3.301539e+03 3.408748e+03 3.565082e+03 4.020115e+03 4.693960e+03 5.666679e+03 7.049718e+03 8.966770e+03 1.154013e+04
4.875628e+03 4.875628e+03 4.875628e+03 4.875628e+03 4.875628e+03 4.875643e+03 4.875680e+03 4.874753e+03 4.869214e+03 4.852028e+03 4.752901e+03 4.560341e+03 4.329165e+03 4.115917e+03 3.940910e+03 3.802734e+03 3.694189e+03 3.404432e+03 3.309094e+03 3.302649e+03 3.358885e+03 3.469603e+03 3.630679e+03 4.100023e+03 4.793340e+03 5.789187e+03 7.199087e+03 9.147121e+03 1.175496e+04
4.812972e+03 4.812972e+03 4.812972e+03 4.812972e+03 4.812972e+03 4.812977e+03 4.812985e+03 4.812082e+03 4.807139e+03 4.791813e+03 4.702607e+03 4.527360e+03 4.314901e+03 4.117291e+03 3.954000e+03 3.824370e+03 3.722126e+03 3.448358e+03 3.360317e+03 3.358630e+03 3.418602e+03 3.533178e+03 3.699167e+03 4.183017e+03 4.896357e+03 5.916312e+03 7.354262e+03 9.334575e+03 1.197838e+04
4.753660e+03 4.753660e+03 4.753660e+03 4.753660e+03 4.753660e+03 4.753658e+03 4.753644e+03 4.752797e+03 4.748431e+03 4.734867e+03 4.655087e+03 4.496443e+03 4.302086e+03 4.119704e+03 3.967895e+03 3.846692e+03 3.750703e+03 3.493159e+03 3.412910e+03 3.416562e+03 3.480808e+03 3.599621e+03 3.770728e+03 4.269287e+03 5.003149e+03 6.048149e+03 7.515338e+03 9.529233e+03 1.221053e+04
4.696886e+03 4.696886e+03 4.696886e+03 4.696886e+03 4.696887e+03 4.696905e+03 4.696942e+03 4.696332e+03 4.692594e+03 4.680772e+03 4.610111e+03 4.467530e+03 4.290755e+03 4.123227e+03 3.982668e+03 3.869769e+03 3.779986e+03 3.538932e+03 3.467000e+03 3.476576e+03 3.545638e+03 3.669091e+03 3.845548e+03 4.359038e+03 5.113870e+03 6.184808e+03 7.682416e+03 9.731203e+03 1.245143e+04
4.643537e+03 4.643537e+03 4.643537e+03 4.643537e+03 4.643537e+03 4.643540e+03 4.643543e+03 4.642959e+03 4.639759e+03 4.629587e+03 4.567762e+03 4.440794e+03 4.281113e+03 4.128045e+03 3.998477e+03 3.893737e+03 3.810101e+03 3.585826e+03 3.522757e+03 3.538835e+03 3.613253e+03 3.741758e+03 3.923820e+03 4.452478e+03 5.228685e+03 6.326411e+03 7.855607e+03 9.940604e+03 1.270118e+04
4.592613e+03 4.592613e+03 4.592613e+03 4.592613e+03 4.592612e+03 4.592601e+03 4.592587e+03 4.592150e+03 4.589563e+03 4.581101e+03 4.528072e+03 4.416395e+03 4.273350e+03 4.134338e+03 4.015483e+03 3.918750e+03 3.841204e+03 3.634040e+03 3.580392e+03 3.603535e+03 3.683833e+03 3.817804e+03 4.005741e+03 4.549822e+03 5.347776e+03 6.473092e+03 8.035028e+03 1.015756e+04 1.295990e+04
4.544021e+03 4.544021e+03 4.544021e+03 4.544021e+03 4.544023e+03 4.544065e+03 4.544191e+03 4.544258e+03 4.542427e+03 4.535757e+03 4.491432e+03 4.394614e+03 4.267658e+03 4.142258e+03 4.033837e+03 3.944972e+03 3.873475e+03 3.683818e+03 3.640152e+03 3.670898e+03 3.757576e+03 3.897423e+03 4.091513e+03 4.651293e+03 5.471336e+03 6.625001e+03 8.220808e+03 1.038221e+04 1.322771e+04
4.500707e+03 4.500707e+03 4.500707e+03 4.500708e+03 4.500709e+03 4.500753e+03 4.500882e+03 4.501089e+03 4.499823e+03 4.494731e+03 4.458519e+03 4.375789e+03 4.264219e+03 4.151948e+03 4.053697e+03 3.972589e+03 3.907133e+03 3.735453e+03 3.702318e+03 3.741169e+03 3.834699e+03 3.980819e+03 4.181344e+03 4.757113e+03 5.599569e+03 6.782298e+03 8.413085e+03 1.061469e+04 1.350478e+04
4.462422e+03 4.462422e+03 4.462422e+03 4.462422e+03 4.462423e+03 4.462452e+03 4.462542e+03 4.462736e+03 4.461904e+03 4.458195e+03 4.429454e+03 4.359992e+03 4.263117e+03 4.163543e+03 4.075250e+03 4.001839e+03 3.942450e+03 3.789278e+03 3.767200e+03 3.814617e+03 3.915434e+03 4.068205e+03 4.275446e+03 4.867509e+03 5.732686e+03 6.945157e+03 8.612008e+03 1.085514e+04 1.379126e+04
4.427971e+03 4.427971e+03 4.427971e+03 4.427972e+03 4.427973e+03 4.428002e+03 4.428094e+03 4.428369e+03 4.427980e+03 4.425588e+03 4.403915e+03 4.347114e+03 4.264409e+03 4.177217e+03 4.098750e+03 4.033024e+03 3.979764e+03 3.845666e+03 3.835129e+03 3.891524e+03 4.000023e+03 4.159801e+03 4.374035e+03 4.982711e+03 5.870909e+03 7.113766e+03 8.817735e+03 1.110373e+04 1.408730e+04
4.397093e+03 4.397093e+03 4.397093e+03 4.397093e+03 4.397094e+03 4.397132e+03 4.397247e+03 4.397687e+03 4.397767e+03 4.396670e+03 4.381804e+03 4.337217e+03 4.268285e+03 4.193244e+03 4.124529e+03 4.066519e+03 4.019472e+03 3.905016e+03 3.906451e+03 3.972184e+03 4.088720e+03 4.255836e+03 4.477332e+03 5.102948e+03 6.014466e+03 7.288323e+03 9.030438e+03 1.136060e+04 1.439307e+04
4.370193e+03 4.370193e+03 4.370193e+03 4.370193e+03 4.370195e+03 4.370243e+03 4.370388e+03 4.370976e+03 4.371486e+03 4.371609e+03 4.363266e+03 4.330494e+03 4.275009e+03 4.211958e+03 4.152976e+03 4.102745e+03 4.062017e+03 3.967744e+03 3.981519e+03 4.056899e+03 4.181784e+03 4.356542e+03 4.585558e+03 5.228453e+03 6.163590e+03 7.469038e+03 9.250299e+03 1.162595e+04 1.470876e+04
4.347674e+03 4.347674e+03 4.347674e+03 4.347674e+03 4.347675e+03 4.347696e+03 4.347773e+03 4.348240e+03 4.349046e+03 4.350257e+03 4.348166e+03 4.326953e+03 4.284758e+03 4.233673e+03 4.184490e+03 4.142152e+03 4.107868e+03 4.034271e+03 4.060687e+03 4.145971e+03 4.279480e+03 4.462157e+03 4.698938e+03 5.359457e+03 6.318520e+03 7.656130e+03 9.477513e+03 1.189993e+04 1.503453e+04
4.327739e+03 4.327739e+03 4.327739e+03 4.327739e+03 4.327740e+03 4.327755e+03 4.327806e+03 4.328250e+03 4.329398e+03 4.331740e+03 4.335975e+03 4.326410e+03 4.297646e+03 4.258701e+03 4.219497e+03 4.185212e+03 4.157510e+03 4.105008e+03 4.144303e+03 4.239705e+03 4.382073e+03 4.572920e+03 4.817700e+03 5.496194e+03 6.479500e+03 7.849831e+03 9.712285e+03 1.218276e+04 1.537059e+04
4.309509e+03 4.309509e+03 4.309509e+03 4.309510e+03 4.309511e+03 4.309543e+03 4.309639e+03 4.310298e+03 4.311929e+03 4.315550e+03 4.326435e+03 4.328897e+03 4.313943e+03 4.287460e+03 4.258479e+03 4.232426e+03 4.211435e+03 4.180351e+03 4.232706e+03 4.338401e+03 4.489829e+03 4.689071e+03 4.942069e+03 5.638894e+03 6.646777e+03 8.050382e+03 9.954833e+03 1.247461e+04 1.571713e+04
4.293914e+03 4.293914e+03 4.293914e+03 4.293914e+03 4.293916e+03 4.293968e+03 4.294116e+03 4.295034e+03 4.297197e+03 4.302177e+03 4.319996e+03 4.334906e+03 4.334192e+03 4.320507e+03 4.301978e+03 4.284306e+03 4.270121e+03 4.260670e+03 4.326225e+03 4.442355e+03 4.603016e+03 4.810851e+03 5.072274e+03 5.787793e+03 6.820600e+03 8.258031e+03 1.020539e+04 1.277572e+04 1.607434e+04
4.282074e+03 4.282074e+03 4.282074e+03 4.282075e+03 4.282076e+03 4.282130e+03 4.282303e+03 4.283462e+03 4.286176e+03 4.292562e+03 4.317524e+03 4.345219e+03 4.359080e+03 4.358443e+03 4.350524e+03 4.341324e+03 4.334000e+03 4.346308e+03 4.425174e+03 4.551857e+03 4.721895e+03 4.938502e+03 5.208543e+03 5.943121e+03 7.001225e+03 8.473036e+03 1.046419e+04 1.308630e+04 1.644245e+04
4.274839e+03 4.274839e+03 4.274839e+03 4.274839e+03 4.274842e+03 4.274921e+03 4.275162e+03 4.276606e+03 4.279871e+03 4.287670e+03 4.319874e+03 4.360556e+03 4.389208e+03 4.401773e+03 4.404552e+03 4.403869e+03 4.403430e+03 4.437582e+03 4.529858e+03 4.667193e+03 4.846728e+03 5.072263e+03 5.351102e+03 6.105112e+03 7.188907e+03 8.695663e+03 1.073150e+04 1.340658e+04 1.682167e+04
4.273480e+03 4.273480e+03 4.273480e+03 4.273481e+03 4.273483e+03 4.273556e+03 4.273785e+03 4.275296e+03 4.279011e+03 4.288145e+03 4.327562e+03 4.381361e+03 4.424961e+03 4.450834e+03 4.464366e+03 4.472227e+03 4.478690e+03 4.534786e+03 4.640571e+03 4.788639e+03 4.977772e+03 5.212371e+03 5.500177e+03 6.273998e+03 7.383906e+03 8.926186e+03 1.100757e+04 1.373682e+04 1.721225e+04
4.277469e+03 4.277469e+03 4.277469e+03 4.277470e+03 4.277472e+03 4.277542e+03 4.277758e+03 4.279313e+03 4.283461e+03 4.293933e+03 4.340674e+03 4.407797e+03 4.466529e+03 4.505820e+03 4.530165e+03 4.546609e+03 4.560008e+03 4.638202e+03 4.757600e+03 4.916470e+03 5.115278e+03 5.359060e+03 5.655993e+03 6.450013e+03 7.586483e+03 9.164887e+03 1.129269e+04 1.407727e+04 1.761441e+04
4.286218e+03 4.286218e+03 4.286218e+03 4.286218e+03 4.286221e+03 4.286294e+03 4.286517e+03 4.288195e+03 4.292847e+03 4.304765e+03 4.359146e+03 4.439928e+03 4.514023e+03 4.566864e+03 4.602104e+03 4.627197e+03 4.647591e+03 4.748110e+03 4.881225e+03 5.050950e+03 5.259496e+03 5.512563e+03 5.818773e+03 6.633389e+03 7.796903e+03 9.412053e+03 1.158714e+04 1.442819e+04 1.802840e+04
4.299688e+03 4.299688e+03 4.299688e+03 4.299689e+03 4.299691e+03 4.299765e+03 4.300012e+03 4.301975e+03 4.307272e+03 4.320807e+03 4.383214e+03 4.477972e+03 4.567623e+03 4.634136e+03 4.680369e+03 4.714201e+03 4.741675e+03 4.864792e+03 5.011723e+03 5.192341e+03 5.410667e+03 5.673109e+03 5.988738e+03 6.824360e+03 8.015435e+03 9.667980e+03 1.189123e+04 1.478989e+04 1.845451e+04
4.318883e+03 4.318883e+03 4.318883e+03 4.318884e+03 4.318888e+03 4.319018e+03 4.319417e+03 4.321918e+03 4.327957e+03 4.343188e+03 4.413713e+03 4.522466e+03 4.627687e+03 4.707925e+03 4.765237e+03 4.807905e+03 4.842550e+03 4.988536e+03 5.149364e+03 5.340895e+03 5.569030e+03 5.840922e+03 6.166108e+03 7.023160e+03 8.242349e+03 9.932971e+03 1.220526e+04 1.516265e+04 1.889298e+04
4.346904e+03 4.346904e+03 4.346904e+03 4.346905e+03 4.346909e+03 4.347039e+03 4.347444e+03 4.350109e+03 4.356707e+03 4.373446e+03 4.451690e+03 4.574094e+03 4.694707e+03 4.788646e+03 4.857092e+03 4.908676e+03 4.950569e+03 5.119637e+03 5.294411e+03 5.496858e+03 5.734814e+03 6.016222e+03 6.351099e+03 7.230025e+03 8.477921e+03 1.020734e+04 1.252955e+04 1.554678e+04 1.934413e+04
4.383626e+03 4.383626e+03 4.383626e+03 4.383628e+03 4.383632e+03 4.383763e+03 4.384170e+03 4.386941e+03 4.394014e+03 4.412129e+03 4.497708e+03 4.633395e+03 4.769205e+03 4.876797e+03 4.956401e+03 5.016945e+03 5.066128e+03 5.258384e+03 5.447120e+03 5.660466e+03 5.908244e+03 6.199226e+03 6.543927e+03 7.445190e+03 8.722429e+03 1.049139e+04 1.286444e+04 1.594260e+04 1.980823e+04
4.428747e+03 4.428747e+03 4.428747e+03 4.428748e+03 4.428753e+03 4.428891e+03 4.429318e+03 4.432233e+03 4.439781e+03 4.459240e+03 4.552000e+03 4.700797e+03 4.851699e+03 4.972903e+03 5.063653e+03 5.133151e+03 5.189620e+03 5.405055e+03 5.607736e+03 5.831946e+03 6.089535e+03 6.390144e+03 6.744805e+03 7.668896e+03 8.976157e+03 1.078547e+04 1.321027e+04 1.635045e+04 2.028560e+04
4.482361e+03 4.482361e+03 4.482361e+03 4.482362e+03 4.482366e+03 4.482506e+03 4.482941e+03 4.486012e+03 4.494062e+03 4.514893e+03 4.614866e+03 4.776752e+03 4.942693e+03 5.077447e+03 5.179280e+03 5.257678e+03 5.321389e+03 5.559905e+03 5.776488e+03 6.011517e+03 6.278898e+03 6.589184e+03 6.953943e+03 7.901382e+03 9.239394e+03 1.108989e+04 1.356739e+04 1.677068e+04 2.077656e+04
4.544491e+03 4.544491e+03 4.544491e+03 4.544492e+03 4.544498e+03 4.544668e+03 4.545188e+03 4.548587e+03 4.557208e+03 4.579467e+03 4.686707e+03 4.861660e+03 5.042564e+03 5.190766e+03 5.303585e+03 5.390802e+03 5.461693e+03 5.723165e+03 5.953595e+03 6.199383e+03 6.476532e+03 6.796547e+03 7.171552e+03 8.142894e+03 9.512435e+03 1.140501e+04 1.393618e+04 1.720364e+04 2.128146e+04
4.616670e+03 4.616670e+03 4.616670e+03 4.616672e+03 4.616677e+03 4.616849e+03 4.617378e+03 4.620889e+03 4.629948e+03 4.653501e+03 4.767784e+03 4.955657e+03 5.151414e+03 5.312970e+03 5.436693e+03 5.532664e+03 5.610691e+03 5.895039e+03 6.139256e+03 6.395737e+03 6.682629e+03 7.012431e+03 7.397841e+03 8.393680e+03 9.795581e+03 1.173116e+04 1.431700e+04 1.764972e+04 2.180062e+04
4.698830e+03 4.698830e+03 4.698830e+03 4.698831e+03 4.698835e+03 4.698959e+03 4.699355e+03 4.702568e+03 4.711866e+03 4.736545e+03 4.857668e+03 5.058415e+03 5.269036e+03 5.443949e+03 5.578573e+03 5.683299e+03 5.768467e+03 6.075707e+03 6.333656e+03 6.600761e+03 6.897374e+03 7.237030e+03 7.633019e+03 8.653993e+03 1.008914e+04 1.206872e+04 1.471025e+04 1.810928e+04 2.233443e+04
4.787636e+03 4.787636e+03 4.787636e+03 4.787637e+03 4.787641e+03 4.787765e+03 4.788151e+03 4.791360e+03 4.801041e+03 4.826995e+03 4.955310e+03 5.169288e+03 5.395037e+03 5.583482e+03 5.729126e+03 5.842696e+03 5.935072e+03 6.265333e+03 6.536963e+03 6.814622e+03 7.120944e+03 7.470533e+03 7.877294e+03 8.924092e+03 1.039343e+04 1.241804e+04 1.511631e+04 1.858275e+04 2.288324e+04
4.882283e+03 4.882283e+03 4.882283e+03 4.882285e+03 4.882289e+03 4.882430e+03 4.882864e+03 4.886303e+03 4.896538e+03 4.923984e+03 5.060038e+03 5.287803e+03 5.529117e+03 5.731403e+03 5.888294e+03 6.010875e+03 6.110583e+03 6.464067e+03 6.749326e+03 7.037477e+03 7.353506e+03 7.713130e+03 8.130877e+03 9.204242e+03 1.070878e+04 1.277951e+04 1.553561e+04 1.907052e+04 2.344745e+04
4.983649e+03 4.983649e+03 4.983649e+03 4.983650e+03 4.983655e+03 4.983795e+03 4.984237e+03 4.987880e+03 4.998724e+03 5.027775e+03 5.171942e+03 5.413952e+03 5.671259e+03 5.887745e+03 6.056160e+03 6.187957e+03 6.295140e+03 6.672050e+03 6.970880e+03 7.269470e+03 7.595226e+03 7.965007e+03 8.393983e+03 9.494718e+03 1.103552e+04 1.315351e+04 1.596856e+04 1.957301e+04 2.402745e+04
5.092056e+03 5.092056e+03 5.092056e+03 5.092058e+03 5.092064e+03 5.092247e+03 5.092812e+03 5.096911e+03 5.108463e+03 5.139207e+03 5.291665e+03 5.548173e+03 5.821793e+03 6.052793e+03 6.232986e+03 6.374180e+03 6.488954e+03 6.889405e+03 7.201740e+03 7.510734e+03 7.846260e+03 8.226350e+03 8.666828e+03 9.795801e+03 1.137400e+04 1.354045e+04 1.641560e+04 2.009067e+04 2.462365e+04
5.209976e+03 5.209976e+03 5.209976e+03 5.209978e+03 5.209984e+03 5.210168e+03 5.210743e+03 5.215060e+03 5.227222e+03 5.259566e+03 5.420184e+03 5.691218e+03 5.981329e+03 6.227048e+03 6.419178e+03 6.569866e+03 6.692280e+03 7.116237e+03 7.442007e+03 7.761395e+03 8.106765e+03 8.497350e+03 8.949638e+03 1.010779e+04 1.172458e+04 1.394075e+04 1.687716e+04 2.062395e+04 2.523648e+04
5.337768e+03 5.337768e+03 5.337768e+03 5.337770e+03 5.337777e+03 5.337976e+03 5.338593e+03 5.343130e+03 5.355862e+03 5.389743e+03 5.558399e+03 5.843941e+03 6.150605e+03 6.411100e+03 6.615180e+03 6.775337e+03 6.905346e+03 7.352621e+03 7.691769e+03 8.021570e+03 8.376895e+03 8.778200e+03 9.242643e+03 1.043098e+04 1.208763e+04 1.435481e+04 1.735372e+04 2.117330e+04 2.586638e+04
5.476026e+03 5.476026e+03 5.476026e+03 5.476028e+03 5.476035e+03 5.476235e+03 5.476859e+03 5.481586e+03 5.494905e+03 5.530357e+03 5.707116e+03 6.007176e+03 6.330318e+03 6.605453e+03 6.821326e+03 6.990804e+03 7.128285e+03 7.598597e+03 7.951099e+03 8.291376e+03 8.656809e+03 9.069099e+03 9.546084e+03 1.076569e+04 1.246353e+04 1.478310e+04 1.784573e+04 2.173919e+04 2.651379e+04
5.624792e+03 5.624792e+03 5.624792e+03 5.624795e+03 5.624803e+03 5.625057e+03 5.625821e+03 5.631064e+03 5.645111e+03 5.682240e+03 5.867167e+03 6.181582e+03 6.520891e+03 6.810330e+03 7.037704e+03 7.216280e+03 7.361073e+03 7.854176e+03 8.220066e+03 8.570928e+03 8.946668e+03 9.370255e+03 9.860216e+03 1.111227e+04 1.285270e+04 1.522605e+04 1.835368e+04 2.232212e+04 2.717917e+04
5.786945e+03 5.786945e+03 5.786946e+03 5.786948e+03 5.786956e+03 5.787216e+03 5.788024e+03 5.793536e+03 5.808129e+03 5.846704e+03 6.039220e+03 6.367344e+03 6.722234e+03 7.025519e+03 7.264077e+03 7.451546e+03 7.603531e+03 8.119347e+03 8.498736e+03 8.860343e+03 9.246640e+03 9.681888e+03 1.018530e+04 1.147106e+04 1.325554e+04 1.568413e+04 1.887807e+04 2.292258e+04 2.786298e+04
5.963719e+03 5.963719e+03 5.963719e+03 5.963722e+03 5.963729e+03 5.963938e+03 5.964548e+03 5.969379e+03 5.983951e+03 6.023412e+03 6.222517e+03 6.563587e+03 6.933536e+03 7.250349e+03 7.499919e+03 7.696209e+03 7.855372e+03 8.394098e+03 8.787181e+03 9.159748e+03 9.556907e+03 1.000423e+04 1.052163e+04 1.184242e+04 1.367249e+04 1.615784e+04 1.941941e+04 2.354107e+04 2.856573e+04
6.148953e+03 6.148953e+03 6.148953e+03 6.148954e+03 6.148958e+03 6.149070e+03 6.149423e+03 6.153474e+03 6.168000e+03 6.208351e+03 6.414135e+03 6.768286e+03 7.153421e+03 7.483879e+03 7.744587e+03 7.949830e+03 8.116307e+03 8.678433e+03 9.085479e+03 9.469279e+03 9.877662e+03 1.033754e+04 1.086951e+04 1.222675e+04 1.410401e+04 1.664766e+04 1.997822e+04 2.417813e+04 2.928789e+04
6.335806e+03 6.335806e+03 6.335806e+03 6.335807e+03 6.335811e+03 6.335924e+03 6.336299e+03 6.340583e+03 6.355672e+03 6.397545e+03 6.611259e+03 6.979559e+03 7.380662e+03 7.725321e+03 7.997580e+03 8.212103e+03 8.386154e+03 8.972390e+03 9.393723e+03 9.789084e+03 1.020912e+04 1.068208e+04 1.122925e+04 1.262446e+04 1.455057e+04 1.715412e+04 2.055504e+04 2.483429e+04 3.002997e+04
6.525655e+03 6.525655e+03 6.525655e+03 6.525657e+03 6.525662e+03 6.525846e+03 6.526414e+03 6.531357e+03 6.547286e+03 6.591021e+03 6.813530e+03 7.196937e+03 7.614862e+03 7.974411e+03 8.258761e+03 8.482980e+03 8.664922e+03 9.276045e+03 9.712024e+03 1.011933e+04 1.055151e+04 1.103815e+04 1.160121e+04 1.303599e+04 1.501266e+04 1.767774e+04 2.115041e+04 2.551008e+04 3.079249e+04
6.722741e+03 6.722741e+03 6.722741e+03 6.722743e+03 6.722749e+03 6.722932e+03 6.723505e+03 6.728675e+03 6.745291e+03 6.790805e+03 7.022196e+03 7.421114e+03 7.856441e+03 8.231463e+03 8.528398e+03 8.762698e+03 8.952820e+03 9.589509e+03 1.004051e+04 1.046022e+04 1.090509e+04 1.140607e+04 1.198576e+04 1.346178e+04 1.549080e+04 1.821908e+04 2.176490e+04 2.620607e+04 3.157597e+04
6.927318e+03 6.927318e+03 6.927318e+03 6.927320e+03 6.927327e+03 6.927541e+03 6.928198e+03 6.933722e+03 6.951030e+03 6.998306e+03 7.238569e+03 7.653178e+03 8.106274e+03 8.497178e+03 8.807050e+03 9.051698e+03 9.250193e+03 9.912913e+03 1.037932e+04 1.081195e+04 1.127016e+04 1.178619e+04 1.238331e+04 1.390233e+04 1.598552e+04 1.877871e+04 2.239910e+04 2.692282e+04 3.238095e+04
