0.000000e+00 0.000000e+00 0.000000e+00 0.000000e+00 1.720594e-232 2.195247e-50 1.536004e-26 4.603061e-14 1.872020e-11 1.131890e-09 2.308997e-07 6.763486e-06 7.334487e-05 4.410156e-04 1.808305e-03 5.698445e-03 1.486282e-02 3.506997e-01 1.738258e+00 3.637910e+00 5.154551e+00 6.233166e+00 7.019473e+00 8.090764e+00 8.814639e+00 9.404887e+00 9.994201e+00 1.067335e+01 1.150502e+01
0.000000e+00 0.000000e+00 0.000000e+00 0.000000e+00 4.822649e-229 5.127085e-50 2.140815e-26 5.298898e-14 2.080135e-11 1.228470e-09 2.436916e-07 7.035458e-06 7.566512e-05 4.525425e-04 1.848481e-03 5.807945e-03 1.511273e-02 3.540862e-01 1.749361e+00 3.654806e+00 5.172990e+00 6.250959e+00 7.035845e+00 8.103996e+00 8.825332e+00 9.413903e+00 1.000237e+01 1.068139e+01 1.151352e+01
0.000000e+00 0.000000e+00 0.000000e+00 0.000000e+00 1.903742e-224 2.188090e-49 3.587361e-26 6.384633e-14 2.378511e-11 1.359207e-09 2.597677e-07 7.361686e-06 7.836131e-05 4.656365e-04 1.893353e-03 5.928652e-03 1.538535e-02 3.576659e-01 1.760913e+00 3.672225e+00 5.191883e+00 6.269113e+00 7.052494e+00 8.117394e+00 8.836129e+00 9.422992e+00 1.001060e+01 1.068948e+01 1.152209e+01
0.000000e+00 0.000000e+00 0.000000e+00 0.000000e+00 1.148243e-219 1.246382e-48 7.067983e-26 8.054971e-14 2.800904e-11 1.534377e-09 2.798357e-07 7.751159e-06 8.148349e-05 4.804711e-04 1.943364e-03 6.061483e-03 1.568232e-02 3.614469e-01 1.772927e+00 3.690174e+00 5.211236e+00 6.287629e+00 7.069423e+00 8.130957e+00 8.847031e+00 9.432155e+00 1.001888e+01 1.069764e+01 1.153072e+01
0.000000e+00 0.000000e+00 0.000000e+00 0.000000e+00 8.257288e-215 8.365725e-48 1.530973e-25 1.064985e-13 3.397065e-11 1.767765e-09 3.047538e-07 8.214201e-06 8.508730e-05 4.972348e-04 1.998989e-03 6.207411e-03 1.600535e-02 3.654374e-01 1.785415e+00 3.708665e+00 5.231053e+00 6.306510e+00 7.086632e+00 8.144687e+00 8.858038e+00 9.441392e+00 1.002723e+01 1.070585e+01 1.153940e+01
0.000000e+00 0.000000e+00 0.000000e+00 0.000000e+00 6.540338e-210 6.153052e-47 3.555667e-25 1.469939e-13 4.248399e-11 2.079182e-09 3.356015e-07 8.762945e-06 8.923549e-05 5.161351e-04 2.060739e-03 6.367469e-03 1.635625e-02 3.696460e-01 1.798390e+00 3.727704e+00 5.251341e+00 6.325761e+00 7.104124e+00 8.158583e+00 8.869149e+00 9.450701e+00 1.003564e+01 1.071411e+01 1.154815e+01
0.000000e+00 0.000000e+00 0.000000e+00 0.000000e+00 5.507151e-205 4.795451e-46 8.720732e-25 2.091685e-13 5.465128e-11 2.499340e-09 3.737957e-07 9.412064e-06 9.400034e-05 5.374029e-04 2.129174e-03 6.542769e-03 1.673693e-02 3.740813e-01 1.811863e+00 3.747303e+00 5.272105e+00 6.345383e+00 7.121899e+00 8.172646e+00 8.880363e+00 9.460084e+00 1.004411e+01 1.072244e+01 1.155695e+01
0.000000e+00 0.000000e+00 0.000000e+00 0.000000e+00 4.837189e-200 3.891965e-45 2.226366e-24 3.045719e-13 7.181424e-11 3.065210e-09 4.212792e-07 1.017983e-05 9.946691e-05 5.613005e-04 2.204910e-03 6.734516e-03 1.714945e-02 3.787520e-01 1.825846e+00 3.767469e+00 5.293349e+00 6.365378e+00 7.139958e+00 8.186875e+00 8.891682e+00 9.469540e+00 1.005264e+01 1.073082e+01 1.156582e+01
0.000000e+00 0.000000e+00 0.000000e+00 0.000000e+00 4.382130e-195 3.255046e-44 5.853362e-24 4.522620e-13 9.594790e-11 3.819239e-09 4.808212e-07 1.108961e-05 1.057375e-04 5.881307e-04 2.288640e-03 6.944030e-03 1.759602e-02 3.836673e-01 1.840352e+00 3.788212e+00 5.315078e+00 6.385749e+00 7.158303e+00 8.201270e+00 8.903104e+00 9.479068e+00 1.006122e+01 1.073926e+01 1.157474e+01
0.000000e+00 0.000000e+00 0.000000e+00 0.000000e+00 4.064744e-190 2.786109e-43 1.573582e-23 6.835135e-13 1.300008e-10 4.820255e-09 5.551413e-07 1.217250e-05 1.129378e-04 6.182488e-04 2.381152e-03 7.172780e-03 1.807905e-02 3.888365e-01 1.855392e+00 3.809539e+00 5.337296e+00 6.406498e+00 7.176934e+00 8.215831e+00 8.914629e+00 9.488670e+00 1.006987e+01 1.074776e+01 1.158373e+01
0.000000e+00 0.000000e+00 0.000000e+00 0.000000e+00 3.841243e-185 2.428920e-42 4.305191e-23 1.049410e-12 1.783745e-10 6.150325e-09 6.472334e-07 1.346946e-05 1.212250e-04 6.520787e-04 2.483352e-03 7.422415e-03 1.860118e-02 3.942693e-01 1.870979e+00 3.831458e+00 5.360009e+00 6.427627e+00 7.195851e+00 8.230558e+00 8.926258e+00 9.498344e+00 1.007858e+01 1.075631e+01 1.159278e+01
0.000000e+00 0.000000e+00 0.000000e+00 1.066618e-310 3.472938e-160 1.465004e-37 7.849606e-21 1.061333e-11 1.011108e-09 2.375013e-08 1.555483e-06 2.457506e-05 1.864623e-04 8.989991e-04 3.184841e-03 9.060549e-03 2.191628e-02 4.257635e-01 1.957547e+00 3.950229e+00 5.481118e+00 6.539028e+00 7.294759e+00 8.306673e+00 8.985933e+00 9.547794e+00 1.012302e+01 1.079995e+01 1.163894e+01
0.000000e+00 0.000000e+00 0.000000e+00 1.911205e-260 3.746664e-135 1.053519e-32 1.699476e-18 1.269630e-10 6.779060e-09 1.078466e-07 4.296545e-06 5.036700e-05 3.165192e-04 1.346923e-03 4.371659e-03 1.166105e-02 2.687992e-02 4.656777e-01 2.059727e+00 4.084992e+00 5.615116e+00 6.660127e+00 7.400874e+00 8.386871e+00 9.048124e+00 9.599023e+00 1.016896e+01 1.084506e+01 1.168667e+01
0.000000e+00 0.000000e+00 0.000000e+00 3.772671e-210 4.452808e-110 8.344593e-28 4.048712e-16 1.664601e-09 4.985001e-08 5.388754e-07 1.311568e-05 1.130829e-04 5.795582e-04 2.148643e-03 6.331326e-03 1.573031e-02 3.434337e-02 5.163256e-01 2.179509e+00 4.236742e+00 5.762367e+00 6.791001e+00 7.514156e+00 8.471063e+00 9.112759e+00 9.651993e+00 1.021639e+01 1.089164e+01 1.173599e+01
0.000000e+00 0.000000e+00 0.000000e+00 7.917417e-160 5.626209e-85 7.026386e-23 1.025039e-13 2.314868e-08 3.884887e-07 2.855512e-06 4.273343e-05 2.721358e-04 1.131583e-03 3.617718e-03 9.586339e-03 2.202934e-02 4.532703e-02 5.815277e-01 2.319632e+00 4.406666e+00 5.923221e+00 6.931670e+00 7.634506e+00 8.559124e+00 9.179754e+00 9.706659e+00 1.026529e+01 1.093971e+01 1.178692e+01
0.000000e+00 0.000000e+00 0.000000e+00 1.733284e-109 7.415649e-60 6.171604e-18 2.706722e-11 3.354424e-07 3.152126e-06 1.574447e-05 1.451639e-04 6.864741e-04 2.321375e-03 6.378809e-03 1.510208e-02 3.188710e-02 6.150129e-02 6.648690e-01 2.484193e+00 4.596378e+00 6.098120e+00 7.082139e+00 7.761795e+00 8.650905e+00 9.249008e+00 9.762969e+00 1.031565e+01 1.098927e+01 1.183951e+01
0.000000e+00 0.000000e+00 5.353110e-251 3.913706e-59 1.008126e-34 5.591008e-13 7.370743e-09 5.004503e-06 2.629411e-05 8.911149e-05 5.054741e-04 1.780293e-03 4.918771e-03 1.164220e-02 2.459154e-02 4.752965e-02 8.555318e-02 7.692433e-01 2.679504e+00 4.808242e+00 6.287727e+00 7.242469e+00 7.895888e+00 8.746240e+00 9.320412e+00 9.820867e+00 1.036745e+01 1.104035e+01 1.189377e+01
2.381729e-10 2.413930e-10 2.597114e-10 3.097125e-10 3.752956e-10 5.041907e-08 2.008700e-06 7.478795e-05 2.196257e-04 5.047880e-04 1.762725e-03 4.645694e-03 1.056472e-02 2.167694e-02 4.098599e-02 7.252626e-02 1.216034e-01 8.987085e-01 2.908206e+00 5.045960e+00 6.493091e+00 7.412843e+00 8.036689e+00 8.844958e+00 9.393851e+00 9.880293e+00 1.042068e+01 1.109294e+01 1.194975e+01
9.908753e-05 9.888608e-05 9.889807e-05 9.911078e-05 9.977960e-05 1.274822e-04 2.385226e-04 9.352252e-04 1.634512e-03 2.630846e-03 5.855228e-03 1.181182e-02 2.249224e-02 4.050364e-02 6.908865e-02 1.123737e-01 1.756940e-01 1.058684e+00 3.171077e+00 5.314680e+00 6.715873e+00 7.593658e+00 8.184181e+00 8.946899e+00 9.469210e+00 9.941191e+00 1.047532e+01 1.114707e+01 1.200748e+01
3.426398e-03 3.426417e-03 3.426474e-03 3.428306e-03 3.434238e-03 3.640213e-03 4.292410e-03 6.792700e-03 8.561828e-03 1.074010e-02 1.710452e-02 2.809054e-02 4.637384e-02 7.476044e-02 1.163913e-01 1.751939e-01 2.563236e-01 1.256027e+00 3.469583e+00 5.613613e+00 6.958937e+00 7.785633e+00 8.338479e+00 9.051929e+00 9.546382e+00 1.000350e+01 1.053135e+01 1.120276e+01 1.206699e+01
2.188336e-02 2.188340e-02 2.188353e-02 2.188777e-02 2.190074e-02 2.218520e-02 2.285274e-02 2.543418e-02 2.764747e-02 3.085107e-02 4.175284e-02 6.110852e-02 9.141812e-02 1.349026e-01 1.940989e-01 2.724777e-01 3.749049e-01 1.498828e+00 3.805747e+00 5.940981e+00 7.225240e+00 7.989986e+00 8.499884e+00 9.159961e+00 9.625274e+00 1.006718e+01 1.058877e+01 1.126001e+01 1.212833e+01
5.117399e-02 5.117402e-02 5.117411e-02 5.117695e-02 5.118580e-02 5.146214e-02 5.228350e-02 5.633714e-02 6.071263e-02 6.742958e-02 8.939868e-02 1.242383e-01 1.730856e-01 2.371161e-01 3.182216e-01 4.195395e-01 5.457944e-01 1.795951e+00 4.182178e+00 6.295398e+00 7.512362e+00 8.209006e+00 8.668967e+00 9.270969e+00 9.705814e+00 1.013219e+01 1.064758e+01 1.131886e+01 1.219153e+01
9.314725e-02 9.314729e-02 9.314743e-02 9.315186e-02 9.316609e-02 9.365670e-02 9.613349e-02 1.120204e-01 1.253184e-01 1.420875e-01 1.861197e-01 2.442238e-01 3.166969e-01 4.044462e-01 5.093629e-01 6.346867e-01 7.852527e-01 2.156406e+00 4.601964e+00 6.675747e+00 7.817927e+00 8.443898e+00 8.846721e+00 9.385012e+00 9.787961e+00 1.019850e+01 1.070778e+01 1.137934e+01 1.225664e+01
2.310099e-01 2.310099e-01 2.310099e-01 2.310098e-01 2.310096e-01 2.319309e-01 2.375364e-01 2.658137e-01 2.883300e-01 3.154035e-01 3.809272e-01 4.602994e-01 5.537798e-01 6.626104e-01 7.889246e-01 9.360909e-01 1.108979e+00 2.588657e+00 5.068444e+00 7.081285e+00 8.139851e+00 8.692112e+00 9.035034e+00 9.502257e+00 9.871714e+00 1.026610e+01 1.076938e+01 1.144148e+01 1.232372e+01
4.945492e-01 4.945505e-01 4.945545e-01 4.946828e-01 4.950835e-01 5.067210e-01 5.309921e-01 5.834191e-01 6.114339e-01 6.420502e-01 7.138468e-01 8.018604e-01 9.070428e-01 1.030123e+00 1.172640e+00 1.337508e+00 1.529226e+00 3.100084e+00 5.584955e+00 7.511698e+00 8.476261e+00 8.951549e+00 9.233981e+00 9.623011e+00 9.957117e+00 1.033502e+01 1.083241e+01 1.150532e+01 1.239281e+01
1.076913e+00 1.076913e+00 1.076912e+00 1.076899e+00 1.076855e+00 1.075449e+00 1.071868e+00 1.076813e+00 1.090971e+00 1.113009e+00 1.178169e+00 1.267960e+00 1.379785e+00 1.512711e+00 1.667440e+00 1.846369e+00 2.053543e+00 3.696716e+00 6.154619e+00 7.967090e+00 8.825573e+00 9.220343e+00 9.441428e+00 9.747775e+00 1.004427e+01 1.040529e+01 1.089691e+01 1.157091e+01 1.246399e+01
1.519470e+00 1.519471e+00 1.519475e+00 1.519584e+00 1.519926e+00 1.529963e+00 1.552452e+00 1.605005e+00 1.634457e+00 1.667547e+00 1.747430e+00 1.847331e+00 1.967947e+00 2.110023e+00 2.275072e+00 2.465727e+00 2.685846e+00 4.383299e+00 6.780226e+00 8.447896e+00 9.186554e+00 9.496812e+00 9.655732e+00 9.877386e+00 1.013335e+01 1.047698e+01 1.096294e+01 1.163833e+01 1.253732e+01
2.260238e+00 2.260238e+00 2.260239e+00 2.260251e+00 2.260288e+00 2.260936e+00 2.263626e+00 2.293468e+00 2.321568e+00 2.356338e+00 2.442001e+00 2.547506e+00 2.673782e+00 2.822607e+00 2.996046e+00 3.196727e+00 3.428085e+00 5.163592e+00 7.464193e+00 8.954778e+00 9.558350e+00 9.779487e+00 9.875443e+00 1.001309e+01 1.022461e+01 1.055021e+01 1.103058e+01 1.170763e+01 1.261287e+01
3.054412e+00 3.054413e+00 3.054417e+00 3.054519e+00 3.054837e+00 3.062478e+00 3.080029e+00 3.127815e+00 3.156047e+00 3.187997e+00 3.266394e+00 3.367831e+00 3.494657e+00 3.648043e+00 3.829065e+00 4.039366e+00 4.281387e+00 6.040731e+00 8.208569e+00 9.488515e+00 9.940472e+00 1.006716e+01 1.009926e+01 1.015402e+01 1.031840e+01 1.062512e+01 1.109993e+01 1.177892e+01 1.269074e+01
4.077902e+00 4.077902e+00 4.077902e+00 4.077894e+00 4.077870e+00 4.077109e+00 4.075499e+00 4.081589e+00 4.094923e+00 4.116612e+00 4.185313e+00 4.286639e+00 4.418964e+00 4.581100e+00 4.772688e+00 4.994372e+00 5.247687e+00 7.017526e+00 9.015060e+00 1.004991e+01 1.033275e+01 1.035892e+01 1.032604e+01 1.029902e+01 1.041525e+01 1.070190e+01 1.117111e+01 1.185230e+01 1.277103e+01
4.935737e+00 4.935738e+00 4.935741e+00 4.935823e+00 4.936044e+00 4.941611e+00 4.957342e+00 5.007826e+00 5.040503e+00 5.078779e+00 5.174385e+00 5.297194e+00 5.447702e+00 5.625859e+00 5.831917e+00 6.066716e+00 6.331560e+00 8.096524e+00 9.885048e+00 1.063973e+01 1.073526e+01 1.065414e+01 1.055484e+01 1.044723e+01 1.051598e+01 1.078081e+01 1.124428e+01 1.192787e+01 1.285383e+01
6.036514e+00 6.036514e+00 6.036514e+00 6.036510e+00 6.036495e+00 6.036283e+00 6.041282e+00 6.089102e+00 6.129412e+00 6.177964e+00 6.295882e+00 6.439140e+00 6.607139e+00 6.800230e+00 7.019243e+00 7.265299e+00 7.539494e+00 9.279802e+00 1.081959e+01 1.125867e+01 1.114827e+01 1.095247e+01 1.078493e+01 1.059787e+01 1.062115e+01 1.086215e+01 1.131960e+01 1.200579e+01 1.293926e+01
7.307323e+00 7.307324e+00 7.307327e+00 7.307428e+00 7.307724e+00 7.314503e+00 7.332413e+00 7.392477e+00 7.433410e+00 7.481813e+00 7.600705e+00 7.747441e+00 7.920513e+00 8.119485e+00 8.344703e+00 8.596782e+00 8.876002e+00 1.056862e+01 1.181946e+01 1.190733e+01 1.157218e+01 1.125381e+01 1.101578e+01 1.075030e+01 1.072998e+01 1.094633e+01 1.139730e+01 1.208619e+01 1.302746e+01
8.835026e+00 8.835026e+00 8.835027e+00 8.835058e+00 8.835155e+00 8.838164e+00 8.847045e+00 8.888240e+00 8.922631e+00 8.965813e+00 9.076265e+00 9.216452e+00 9.385140e+00 9.582040e+00 9.807153e+00 1.006028e+01 1.034043e+01 1.196325e+01 1.288513e+01 1.258623e+01 1.200746e+01 1.155829e+01 1.124709e+01 1.090395e+01 1.084193e+01 1.103388e+01 1.147762e+01 1.216926e+01 1.311857e+01
1.041870e+01 1.041870e+01 1.041871e+01 1.041879e+01 1.041903e+01 1.042675e+01 1.044729e+01 1.050704e+01 1.054390e+01 1.058595e+01 1.068856e+01 1.081944e+01 1.098075e+01 1.117306e+01 1.139601e+01 1.164839e+01 1.192768e+01 1.346322e+01 1.401690e+01 1.329585e+01 1.245464e+01 1.186618e+01 1.147878e+01 1.105838e+01 1.095657e+01 1.112560e+01 1.156085e+01 1.225520e+01 1.321274e+01
1.224348e+01 1.224348e+01 1.224348e+01 1.224348e+01 1.224348e+01 1.224357e+01 1.224501e+01 1.226290e+01 1.228401e+01 1.231426e+01 1.240213e+01 1.252563e+01 1.268377e+01 1.287547e+01 1.309927e+01 1.335279e+01 1.363205e+01 1.506784e+01 1.521494e+01 1.403659e+01 1.291426e+01 1.217790e+01 1.171091e+01 1.121324e+01 1.107357e+01 1.122152e+01 1.164735e+01 1.234423e+01 1.331015e+01
1.393304e+01 1.393304e+01 1.393304e+01 1.393310e+01 1.393331e+01 1.393864e+01 1.395288e+01 1.400223e+01 1.403631e+01 1.407708e+01 1.418061e+01 1.431551e+01 1.448271e+01 1.468199e+01 1.491206e+01 1.517013e+01 1.545117e+01 1.677664e+01 1.647939e+01 1.480887e+01 1.338690e+01 1.249397e+01 1.194375e+01 1.136831e+01 1.119265e+01 1.132121e+01 1.173754e+01 1.243659e+01 1.341098e+01
1.578692e+01 1.578692e+01 1.578692e+01 1.578695e+01 1.578703e+01 1.578991e+01 1.580079e+01 1.585231e+01 1.589230e+01 1.594068e+01 1.606080e+01 1.621102e+01 1.639126e+01 1.660130e+01 1.683988e+01 1.710383e+01 1.738709e+01 1.858954e+01 1.781040e+01 1.561311e+01 1.387316e+01 1.281498e+01 1.217767e+01 1.152348e+01 1.131358e+01 1.142442e+01 1.183198e+01 1.253258e+01 1.351546e+01
1.777921e+01 1.777921e+01 1.777921e+01 1.777928e+01 1.777947e+01 1.778578e+01 1.780410e+01 1.786617e+01 1.790888e+01 1.795961e+01 1.808523e+01 1.824241e+01 1.843018e+01 1.864744e+01 1.889208e+01 1.915998e+01 1.944366e+01 2.050657e+01 1.920814e+01 1.644979e+01 1.437367e+01 1.314159e+01 1.241315e+01 1.167877e+01 1.143623e+01 1.153100e+01 1.193132e+01 1.263250e+01 1.362379e+01
1.999347e+01 1.999347e+01 1.999347e+01 1.999350e+01 1.999357e+01 1.999606e+01 2.000490e+01 2.005119e+01 2.008968e+01 2.013782e+01 2.026116e+01 2.041841e+01 2.060767e+01 2.082703e+01 2.107355e+01 2.134192e+01 2.162296e+01 2.252747e+01 2.067281e+01 1.731947e+01 1.488909e+01 1.347449e+01 1.265079e+01 1.183431e+01 1.156048e+01 1.164083e+01 1.203535e+01 1.273674e+01 1.373623e+01
2.227878e+01 2.227878e+01 2.227878e+01 2.227885e+01 2.227904e+01 2.228514e+01 2.230309e+01 2.236371e+01 2.240507e+01 2.245418e+01 2.257672e+01 2.273208e+01 2.291956e+01 2.313747e+01 2.338242e+01 2.364808e+01 2.392355e+01 2.465146e+01 2.220469e+01 1.822279e+01 1.542015e+01 1.381442e+01 1.289122e+01 1.199031e+01 1.168632e+01 1.175384e+01 1.214391e+01 1.284573e+01 1.385305e+01
2.476492e+01 2.476492e+01 2.476492e+01 2.476494e+01 2.476502e+01 2.476745e+01 2.477598e+01 2.482000e+01 2.485664e+01 2.490255e+01 2.502066e+01 2.517232e+01 2.535629e+01 2.557079e+01 2.581214e+01 2.607307e+01 2.634098e+01 2.687729e+01 2.380421e+01 1.916055e+01 1.596765e+01 1.416217e+01 1.313516e+01 1.214711e+01 1.181378e+01 1.187001e+01 1.225692e+01 1.296008e+01 1.397456e+01
2.729453e+01 2.729453e+01 2.729454e+01 2.729459e+01 2.729477e+01 2.730050e+01 2.731743e+01 2.737523e+01 2.741464e+01 2.746139e+01 2.757803e+01 2.772640e+01 2.790652e+01 2.811704e+01 2.835414e+01 2.860968e+01 2.886932e+01 2.920369e+01 2.547209e+01 2.013375e+01 1.653246e+01 1.451855e+01 1.338334e+01 1.230513e+01 1.194298e+01 1.198933e+01 1.237438e+01 1.308014e+01 1.410109e+01
2.999798e+01 2.999798e+01 2.999799e+01 2.999801e+01 2.999808e+01 3.000038e+01 3.000830e+01 3.004903e+01 3.008331e+01 3.012654e+01 3.023844e+01 3.038298e+01 3.055944e+01 3.076646e+01 3.099992e+01 3.125076e+01 3.150273e+01 3.162992e+01 2.720947e+01 2.114358e+01 1.711556e+01 1.488443e+01 1.363657e+01 1.246483e+01 1.207407e+01 1.211184e+01 1.249628e+01 1.320575e+01 1.423302e+01
3.271572e+01 3.271573e+01 3.271573e+01 3.271578e+01 3.271595e+01 3.272140e+01 3.273771e+01 3.279392e+01 3.283209e+01 3.287712e+01 3.298901e+01 3.313156e+01 3.330577e+01 3.351091e+01 3.374265e+01 3.399078e+01 3.423700e+01 3.415638e+01 2.901807e+01 2.219150e+01 1.771804e+01 1.526071e+01 1.389564e+01 1.262677e+01 1.220730e+01 1.223764e+01 1.262267e+01 1.333688e+01 1.437082e+01
3.559439e+01 3.559439e+01 3.559439e+01 3.559441e+01 3.559449e+01 3.559682e+01 3.560473e+01 3.564387e+01 3.567650e+01 3.571768e+01 3.582498e+01 3.596538e+01 3.613921e+01 3.634533e+01 3.657862e+01 3.682741e+01 3.707096e+01 3.678519e+01 3.090033e+01 2.327923e+01 1.834110e+01 1.564836e+01 1.416142e+01 1.279154e+01 1.234295e+01 1.236684e+01 1.275363e+01 1.347356e+01 1.451510e+01
3.847562e+01 3.847562e+01 3.847562e+01 3.847567e+01 3.847583e+01 3.848083e+01 3.849547e+01 3.854711e+01 3.858311e+01 3.862621e+01 3.873569e+01 3.887888e+01 3.905726e+01 3.926941e+01 3.950916e+01 3.976304e+01 4.000774e+01 3.952042e+01 3.285941e+01 2.440878e+01 1.898605e+01 1.604837e+01 1.443476e+01 1.295978e+01 1.248138e+01 1.249959e+01 1.288923e+01 1.361584e+01 1.466594e+01
4.148217e+01 4.148217e+01 4.148217e+01 4.148220e+01 4.148227e+01 4.148469e+01 4.149363e+01 4.153472e+01 4.156812e+01 4.161071e+01 4.172440e+01 4.187663e+01 4.206662e+01 4.229126e+01 4.254292e+01 4.280637e+01 4.305574e+01 4.236812e+01 3.489924e+01 2.558244e+01 1.965432e+01 1.646182e+01 1.471657e+01 1.313218e+01 1.262299e+01 1.263611e+01 1.302960e+01 1.376380e+01 1.482328e+01
4.450843e+01 4.450843e+01 4.450843e+01 4.450847e+01 4.450861e+01 4.451278e+01 4.452581e+01 4.457908e+01 4.462049e+01 4.467217e+01 4.480595e+01 4.497857e+01 4.518780e+01 4.542998e+01 4.569696e+01 4.597235e+01 4.622806e+01 4.533588e+01 3.702433e+01 2.680274e+01 2.034746e+01 1.688980e+01 1.500778e+01 1.330943e+01 1.276822e+01 1.277663e+01 1.317488e+01 1.391755e+01 1.498717e+01
4.764555e+01 4.764555e+01 4.764555e+01 4.764561e+01 4.764581e+01 4.765205e+01 4.767213e+01 4.775190e+01 4.780891e+01 4.787562e+01 4.803547e+01 4.822896e+01 4.845552e+01 4.871284e+01 4.899306e+01 4.927882e+01 4.953973e+01 4.843219e+01 3.923974e+01 2.807245e+01 2.106713e+01 1.733350e+01 1.530932e+01 1.349227e+01 1.291757e+01 1.292143e+01 1.332524e+01 1.407722e+01 1.515768e+01
5.108986e+01 5.108986e+01 5.108986e+01 5.108994e+01 5.109017e+01 5.109778e+01 5.112056e+01 5.120105e+01 5.125608e+01 5.132034e+01 5.147620e+01 5.166881e+01 5.189800e+01 5.216078e+01 5.244796e+01 5.274003e+01 5.300336e+01 5.166574e+01 4.155088e+01 2.939452e+01 2.181507e+01 1.779411e+01 1.562218e+01 1.368146e+01 1.307155e+01 1.307082e+01 1.348086e+01 1.424294e+01 1.533493e+01
5.483963e+01 5.483963e+01 5.483963e+01 5.483965e+01 5.483972e+01 5.484200e+01 5.484966e+01 5.489025e+01 5.492668e+01 5.497493e+01 5.510755e+01 5.528748e+01 5.551196e+01 5.577549e+01 5.606650e+01 5.636272e+01 5.662690e+01 5.504511e+01 4.396342e+01 3.077205e+01 2.259311e+01 1.827290e+01 1.594736e+01 1.387775e+01 1.323073e+01 1.322516e+01 1.364196e+01 1.441486e+01 1.551902e+01
5.855861e+01 5.855861e+01 5.855861e+01 5.855866e+01 5.855882e+01 5.856371e+01 5.857778e+01 5.863117e+01 5.867245e+01 5.872478e+01 5.886418e+01 5.904994e+01 5.928023e+01 5.955020e+01 5.984809e+01 6.015013e+01 6.041595e+01 5.857894e+01 4.648329e+01 3.220827e+01 2.340316e+01 1.877120e+01 1.628588e+01 1.408194e+01 1.339569e+01 1.338483e+01 1.380879e+01 1.459316e+01 1.571011e+01
6.236301e+01 6.236302e+01 6.236302e+01 6.236307e+01 6.236322e+01 6.236889e+01 6.238838e+01 6.246810e+01 6.252608e+01 6.259453e+01 6.276050e+01 6.296483e+01 6.320860e+01 6.348986e+01 6.379801e+01 6.410840e+01 6.437771e+01 6.227634e+01 4.911654e+01 3.370651e+01 2.424720e+01 1.929035e+01 1.663882e+01 1.429482e+01 1.356705e+01 1.355024e+01 1.398162e+01 1.477802e+01 1.590833e+01
6.644102e+01 6.644102e+01 6.644102e+01 6.644111e+01 6.644138e+01 6.645004e+01 6.647591e+01 6.656587e+01 6.662611e+01 6.669558e+01 6.686244e+01 6.706894e+01 6.731797e+01 6.760783e+01 6.792673e+01 6.824733e+01 6.852215e+01 6.614718e+01 5.186939e+01 3.527013e+01 2.512726e+01 1.983176e+01 1.700726e+01 1.451723e+01 1.374545e+01 1.372184e+01 1.416074e+01 1.496966e+01 1.611384e+01
7.087961e+01 7.087961e+01 7.087961e+01 7.087963e+01 7.087970e+01 7.088193e+01 7.088952e+01 7.093139e+01 7.096974e+01 7.102085e+01 7.116274e+01 7.135912e+01 7.161006e+01 7.191017e+01 7.224357e+01 7.257842e+01 7.286198e+01 7.020226e+01 5.474800e+01 3.690253e+01 2.604542e+01 2.039690e+01 1.739234e+01 1.474998e+01 1.393154e+01 1.390011e+01 1.434647e+01 1.516830e+01 1.632683e+01
7.526566e+01 7.526566e+01 7.526566e+01 7.526572e+01 7.526591e+01 7.527136e+01 7.528637e+01 7.534299e+01 7.538634e+01 7.544161e+01 7.559340e+01 7.580565e+01 7.607854e+01 7.640403e+01 7.676273e+01 7.711887e+01 7.741503e+01 7.445286e+01 5.775838e+01 3.860708e+01 2.700381e+01 2.098727e+01 1.779522e+01 1.499395e+01 1.412600e+01 1.408554e+01 1.453916e+01 1.537418e+01 1.654748e+01
7.974377e+01 7.974377e+01 7.974377e+01 7.974384e+01 7.974402e+01 7.975005e+01 7.976915e+01 7.984688e+01 7.990620e+01 7.998043e+01 8.017690e+01 8.043771e+01 8.075744e+01 8.112445e+01 8.151727e+01 8.189812e+01 8.220658e+01 7.890965e+01 6.090608e+01 4.038711e+01 2.800463e+01 2.160444e+01 1.821713e+01 1.525001e+01 1.432953e+01 1.427866e+01 1.473918e+01 1.558756e+01 1.677597e+01
8.445652e+01 8.445652e+01 8.445653e+01 8.445660e+01 8.445682e+01 8.446404e+01 8.448672e+01 8.458666e+01 8.466881e+01 8.477249e+01 8.503643e+01 8.536106e+01 8.573243e+01 8.613784e+01 8.655717e+01 8.695325e+01 8.726408e+01 8.358090e+01 6.419602e+01 4.224592e+01 2.905013e+01 2.225004e+01 1.865932e+01 1.551905e+01 1.454284e+01 1.448001e+01 1.494691e+01 1.580872e+01 1.701254e+01
8.948254e+01 8.948255e+01 8.948255e+01 8.948277e+01 8.948343e+01 8.950347e+01 8.955868e+01 8.975463e+01 8.988615e+01 9.003300e+01 9.035839e+01 9.071483e+01 9.109855e+01 9.150567e+01 9.192088e+01 9.230789e+01 9.260209e+01 8.847074e+01 6.763244e+01 4.418684e+01 3.014265e+01 2.292577e+01 1.912312e+01 1.580201e+01 1.476667e+01 1.469017e+01 1.516277e+01 1.603796e+01 1.725738e+01
9.556651e+01 9.556651e+01 9.556652e+01 9.556673e+01 9.556740e+01 9.558866e+01 9.564745e+01 9.582149e+01 9.592399e+01 9.603368e+01 9.627462e+01 9.654985e+01 9.686543e+01 9.721928e+01 9.759353e+01 9.794680e+01 9.820750e+01 9.357888e+01 7.121911e+01 4.621322e+01 3.128464e+01 2.363344e+01 1.960990e+01 1.609984e+01 1.500177e+01 1.490973e+01 1.538720e+01 1.627559e+01 1.751075e+01
1.025721e+02 1.025721e+02 1.025721e+02 1.025720e+02 1.025717e+02 1.025623e+02 1.025352e+02 1.024715e+02 1.024546e+02 1.024544e+02 1.025131e+02 1.026550e+02 1.028772e+02 1.031669e+02 1.034964e+02 1.038151e+02 1.040426e+02 9.890271e+01 7.495979e+01 4.832866e+01 3.247868e+01 2.437493e+01 2.012112e+01 1.641354e+01 1.524891e+01 1.513928e+01 1.562065e+01 1.652194e+01 1.777289e+01
1.085734e+02 1.085734e+02 1.085734e+02 1.085735e+02 1.085735e+02 1.085720e+02 1.085652e+02 1.085402e+02 1.085309e+02 1.085322e+02 1.085851e+02 1.087195e+02 1.089361e+02 1.092219e+02 1.095475e+02 1.098597e+02 1.100726e+02 1.044412e+02 7.885889e+01 5.053701e+01 3.372756e+01 2.515227e+01 2.065831e+01 1.674413e+01 1.550888e+01 1.537946e+01 1.586359e+01 1.677736e+01 1.804405e+01
1.140380e+02 1.140380e+02 1.140380e+02 1.140380e+02 1.140382e+02 1.140424e+02 1.140567e+02 1.141327e+02 1.141970e+02 1.142772e+02 1.144793e+02 1.147319e+02 1.150334e+02 1.153776e+02 1.157420e+02 1.160766e+02 1.162953e+02 1.101983e+02 8.292193e+01 5.284256e+01 3.503426e+01 2.596758e+01 2.122310e+01 1.709269e+01 1.578250e+01 1.563092e+01 1.611654e+01 1.704222e+01 1.832451e+01
1.196596e+02 1.196596e+02 1.196596e+02 1.196599e+02 1.196606e+02 1.196843e+02 1.197536e+02 1.199875e+02 1.201348e+02 1.202927e+02 1.206251e+02 1.209751e+02 1.213482e+02 1.217456e+02 1.221494e+02 1.225104e+02 1.227398e+02 1.161832e+02 8.715585e+01 5.525010e+01 3.640202e+01 2.682318e+01 2.181720e+01 1.746034e+01 1.607061e+01 1.589431e+01 1.637998e+01 1.731690e+01 1.861456e+01
1.266407e+02 1.266407e+02 1.266407e+02 1.266410e+02 1.266417e+02 1.266650e+02 1.267249e+02 1.268940e+02 1.269945e+02 1.271046e+02 1.273580e+02 1.276618e+02 1.280179e+02 1.284176e+02 1.288330e+02 1.292064e+02 1.294401e+02 1.224096e+02 9.156900e+01 5.776496e+01 3.783435e+01 2.772153e+01 2.244246e+01 1.784824e+01 1.637406e+01 1.617031e+01 1.665447e+01 1.760180e+01 1.891449e+01
1.344827e+02 1.344827e+02 1.344827e+02 1.344826e+02 1.344822e+02 1.344698e+02 1.344325e+02 1.343403e+02 1.343190e+02 1.343270e+02 1.344382e+02 1.346661e+02 1.349890e+02 1.353806e+02 1.358006e+02 1.361816e+02 1.364165e+02 1.288926e+02 9.617096e+01 6.039305e+01 3.933508e+01 2.866528e+01 2.310082e+01 1.825761e+01 1.669376e+01 1.645963e+01 1.694053e+01 1.789734e+01 1.922461e+01
1.409998e+02 1.409998e+02 1.409998e+02 1.409996e+02 1.409993e+02 1.410012e+02 1.410189e+02 1.411083e+02 1.411809e+02 1.412719e+02 1.415074e+02 1.418118e+02 1.421815e+02 1.426044e+02 1.430474e+02 1.434441e+02 1.436832e+02 1.356485e+02 1.009723e+02 6.314086e+01 4.090836e+01 2.965729e+01 2.379437e+01 1.868974e+01 1.703060e+01 1.676298e+01 1.723874e+01 1.820395e+01 1.954526e+01
1.477378e+02 1.477378e+02 1.477379e+02 1.477381e+02 1.477391e+02 1.477683e+02 1.478586e+02 1.481639e+02 1.483419e+02 1.485226e+02 1.488863e+02 1.492666e+02 1.496825e+02 1.501371e+02 1.506040e+02 1.510171e+02 1.512606e+02 1.426939e+02 1.059846e+02 6.601548e+01 4.255873e+01 3.070065e+01 2.452534e+01 1.914598e+01 1.738556e+01 1.708109e+01 1.754967e+01 1.852207e+01 1.987676e+01
1.565153e+02 1.565153e+02 1.565152e+02 1.565151e+02 1.565148e+02 1.565068e+02 1.565031e+02 1.565449e+02 1.565949e+02 1.566669e+02 1.568801e+02 1.571845e+02 1.575722e+02 1.580245e+02 1.585010e+02 1.589247e+02 1.591701e+02 1.500462e+02 1.112200e+02 6.902464e+01 4.429111e+01 3.179869e+01 2.529612e+01 1.962772e+01 1.775959e+01 1.741471e+01 1.787392e+01 1.885216e+01 2.021947e+01
1.650528e+02 1.650528e+02 1.650528e+02 1.650527e+02 1.650523e+02 1.650403e+02 1.650046e+02 1.649240e+02 1.649146e+02 1.649392e+02 1.650963e+02 1.653841e+02 1.657774e+02 1.662460e+02 1.667415e+02 1.671804e+02 1.674292e+02 1.577228e+02 1.166916e+02 7.217671e+01 4.611089e+01 3.295503e+01 2.610927e+01 2.013647e+01 1.815372e+01 1.776462e+01 1.821210e+01 1.919470e+01 2.057374e+01
1.723274e+02 1.723274e+02 1.723275e+02 1.723278e+02 1.723288e+02 1.723610e+02 1.724460e+02 1.727019e+02 1.728589e+02 1.730293e+02 1.734041e+02 1.738256e+02 1.742993e+02 1.748183e+02 1.753472e+02 1.758064e+02 1.760593e+02 1.657415e+02 1.224131e+02 7.548086e+01 4.802393e+01 3.417358e+01 2.696753e+01 2.067376e+01 1.856898e+01 1.813159e+01 1.856481e+01 1.955017e+01 2.093996e+01
1.810836e+02 1.810836e+02 1.810836e+02 1.810839e+02 1.810849e+02 1.811181e+02 1.812182e+02 1.815452e+02 1.817385e+02 1.819392e+02 1.823546e+02 1.827994e+02 1.832892e+02 1.838230e+02 1.843659e+02 1.848345e+02 1.850849e+02 1.741200e+02 1.283993e+02 7.894711e+01 5.003666e+01 3.545857e+01 2.787384e+01 2.124124e+01 1.900646e+01 1.851644e+01 1.893271e+01 1.991908e+01 2.131849e+01
1.918664e+02 1.918664e+02 1.918664e+02 1.918663e+02 1.918659e+02 1.918527e+02 1.918213e+02 1.917813e+02 1.917938e+02 1.918364e+02 1.920209e+02 1.923344e+02 1.927605e+02 1.932699e+02 1.938080e+02 1.942769e+02 1.945199e+02 1.828761e+02 1.346661e+02 8.258650e+01 5.215615e+01 3.681462e+01 2.883133e+01 2.184061e+01 1.946727e+01 1.891999e+01 1.931643e+01 2.030192e+01 2.170974e+01
2.017012e+02 2.017012e+02 2.017012e+02 2.017011e+02 2.017006e+02 2.016870e+02 2.016492e+02 2.015777e+02 2.015766e+02 2.016109e+02 2.017939e+02 2.021196e+02 2.025641e+02 2.030936e+02 2.036501e+02 2.041308e+02 2.043715e+02 1.920282e+02 1.412310e+02 8.641132e+01 5.439014e+01 3.824670e+01 2.984338e+01 2.247367e+01 1.995255e+01 1.934308e+01 1.971664e+01 2.069923e+01 2.211411e+01
2.103416e+02 2.103416e+02 2.103416e+02 2.103420e+02 2.103431e+02 2.103794e+02 2.104838e+02 2.108128e+02 2.110127e+02 2.112263e+02 2.116832e+02 2.121808e+02 2.127278e+02 2.133190e+02 2.139135e+02 2.144151e+02 2.146574e+02 2.015964e+02 1.481137e+02 9.043527e+01 5.674722e+01 3.976023e+01 3.091359e+01 2.314229e+01 2.046349e+01 1.978658e+01 2.013402e+01 2.111154e+01 2.253202e+01
2.209719e+02 2.209719e+02 2.209719e+02 2.209723e+02 2.209734e+02 2.210100e+02 2.211198e+02 2.214797e+02 2.216954e+02 2.219213e+02 2.223926e+02 2.228970e+02 2.234503e+02 2.240506e+02 2.246558e+02 2.251650e+02 2.254028e+02 2.116030e+02 1.553364e+02 9.467379e+01 5.923681e+01 4.136106e+01 3.204577e+01 2.384841e+01 2.100131e+01 2.025135e+01 2.056924e+01 2.153939e+01 2.296389e+01
2.337893e+02 2.337893e+02 2.337893e+02 2.337891e+02 2.337887e+02 2.337742e+02 2.337389e+02 2.336883e+02 2.336962e+02 2.337359e+02 2.339236e+02 2.342574e+02 2.347223e+02 2.352852e+02 2.358806e+02 2.363896e+02 2.366213e+02 2.220742e+02 1.629250e+02 9.914433e+01 6.186933e+01 4.305553e+01 3.324401e+01 2.459407e+01 2.156726e+01 2.073831e+01 2.102300e+01 2.198334e+01 2.341016e+01
2.455132e+02 2.455132e+02 2.455132e+02 2.455130e+02 2.455126e+02 2.454977e+02 2.454539e+02 2.453506e+02 2.453307e+02 2.453490e+02 2.455169e+02 2.458556e+02 2.463398e+02 2.469288e+02 2.475514e+02 2.480826e+02 2.483223e+02 2.330410e+02 1.709097e+02 1.038666e+02 6.465627e+01 4.485046e+01 3.451261e+01 2.538136e+01 2.216262e+01 2.124836e+01 2.149603e+01 2.244395e+01 2.387127e+01
2.557149e+02 2.557149e+02 2.557149e+02 2.557153e+02 2.557166e+02 2.557572e+02 2.558665e+02 2.561997e+02 2.564072e+02 2.566346e+02 2.571379e+02 2.577022e+02 2.583311e+02 2.590145e+02 2.597016e+02 2.602764e+02 2.605380e+02 2.445419e+02 1.793257e+02 1.088631e+02 6.761022e+01 4.675314e+01 3.585611e+01 2.621247e+01 2.278871e+01 2.178244e+01 2.198902e+01 2.292180e+01 2.434768e+01
2.678574e+02 2.678574e+02 2.678575e+02 2.678579e+02 2.678592e+02 2.679009e+02 2.680298e+02 2.684849e+02 2.687665e+02 2.690622e+02 2.696712e+02 2.703050e+02 2.709826e+02 2.717063e+02 2.724306e+02 2.730381e+02 2.733201e+02 2.566241e+02 1.882147e+02 1.141588e+02 7.074496e+01 4.877138e+01 3.727927e+01 2.708962e+01 2.344686e+01 2.234149e+01 2.250273e+01 2.341746e+01 2.483984e+01
2.828818e+02 2.828818e+02 2.828818e+02 2.828816e+02 2.828811e+02 2.828687e+02 2.828596e+02 2.829088e+02 2.829729e+02 2.830674e+02 2.833581e+02 2.837931e+02 2.843676e+02 2.850533e+02 2.857791e+02 2.864074e+02 2.867110e+02 2.693452e+02 1.976257e+02 1.197824e+02 7.407541e+01 5.091342e+01 3.878706e+01 2.801511e+01 2.413846e+01 2.292649e+01 2.303789e+01 2.393154e+01 2.534822e+01
2.974957e+02 2.974957e+02 2.974957e+02 2.974955e+02 2.974950e+02 2.974780e+02 2.974255e+02 2.972653e+02 2.972069e+02 2.971909e+02 2.973227e+02 2.976808e+02 2.982386e+02 2.989455e+02 2.997145e+02 3.003949e+02 3.007455e+02 2.827758e+02 2.076158e+02 1.257652e+02 7.761767e+01 5.318796e+01 4.038460e+01 2.899127e+01 2.486488e+01 2.353842e+01 2.359526e+01 2.446462e+01 2.587330e+01
3.100747e+02 3.100747e+02 3.100747e+02 3.100745e+02 3.100742e+02 3.100810e+02 3.101221e+02 3.103164e+02 3.104706e+02 3.106626e+02 3.111559e+02 3.117851e+02 3.125384e+02 3.133912e+02 3.142779e+02 3.150588e+02 3.154921e+02 2.970037e+02 2.182514e+02 1.321424e+02 8.138887e+01 5.560400e+01 4.207717e+01 3.002050e+01 2.562756e+01 2.417826e+01 2.417560e+01 2.501732e+01 2.641556e+01
3.233862e+02 3.233862e+02 3.233862e+02 3.233868e+02 3.233884e+02 3.234407e+02 3.236035e+02 3.242003e+02 3.245832e+02 3.249925e+02 3.258456e+02 3.267274e+02 3.276547e+02 3.286392e+02 3.296411e+02 3.305316e+02 3.310656e+02 3.121374e+02 2.296086e+02 1.389517e+02 8.540702e+01 5.817086e+01 4.387013e+01 3.110518e+01 2.642793e+01 2.484704e+01 2.477970e+01 2.559026e+01 2.697549e+01
3.405269e+02 3.405269e+02 3.405269e+02 3.405274e+02 3.405291e+02 3.405805e+02 3.407187e+02 3.411376e+02 3.413979e+02 3.416841e+02 3.423233e+02 3.430582e+02 3.439129e+02 3.448948e+02 3.459528e+02 3.469405e+02 3.475890e+02 3.283085e+02 2.417736e+02 1.462338e+02 8.969080e+01 6.089800e+01 4.576889e+01 3.224775e+01 2.726743e+01 2.554577e+01 2.540833e+01 2.618405e+01 2.755358e+01
3.599976e+02 3.599976e+02 3.599976e+02 3.599974e+02 3.599969e+02 3.599788e+02 3.599254e+02 3.597939e+02 3.597592e+02 3.597664e+02 3.599462e+02 3.603848e+02 3.611017e+02 3.620764e+02 3.632232e+02 3.643594e+02 3.651792e+02 3.456761e+02 2.548411e+02 1.540314e+02 9.425922e+01 6.379491e+01 4.777885e+01 3.345063e+01 2.814755e+01 2.627551e+01 2.606229e+01 2.679933e+01 2.815033e+01
3.774769e+02 3.774769e+02 3.774769e+02 3.774767e+02 3.774762e+02 3.774578e+02 3.774037e+02 3.772680e+02 3.772310e+02 3.772393e+02 3.774489e+02 3.779798e+02 3.788626e+02 3.800679e+02 3.814894e+02 3.829181e+02 3.840184e+02 3.644301e+02 2.689130e+02 1.623879e+02 9.913129e+01 6.687098e+01 4.990533e+01 3.471624e+01 2.906976e+01 2.703731e+01 2.674240e+01 2.743673e+01 2.876625e+01
3.930200e+02 3.930200e+02 3.930200e+02 3.930205e+02 3.930220e+02 3.930689e+02 3.931946e+02 3.935800e+02 3.938333e+02 3.941355e+02 3.949281e+02 3.960279e+02 3.974603e+02 3.991891e+02 4.010989e+02 4.029697e+02 4.044495e+02 3.847879e+02 2.840934e+02 1.713463e+02 1.043256e+02 7.013536e+01 5.215354e+01 3.604699e+01 3.003555e+01 2.783223e+01 2.744946e+01 2.809691e+01 2.940186e+01
