1.411676e+02 1.372404e+01 5.238153e+00 7.456267e-01 4.066340e-01 1.893900e-01 1.965960e-01 3.371455e-01 4.594762e-01 6.214607e-01 1.085541e+00 1.771580e+00 2.712746e+00 3.919067e+00 5.366742e+00 6.995175e+00 8.715419e+00 1.602761e+01 2.035588e+01 2.385676e+01 2.743962e+01 3.132072e+01 3.561414e+01 4.601365e+01 6.000547e+01 7.897294e+01 1.039797e+02 1.356494e+02 1.741915e+02
1.734155e-01 1.734190e-01 1.734259e-01 1.734924e-01 1.731198e-01 1.735091e-01 2.018611e-01 3.565528e-01 4.848284e-01 6.532178e-01 1.131781e+00 1.833467e+00 2.789275e+00 4.007134e+00 5.461903e+00 7.092633e+00 8.810947e+00 1.609327e+01 2.041121e+01 2.391518e+01 2.750403e+01 3.139149e+01 3.569158e+01 4.610757e+01 6.012315e+01 7.912321e+01 1.041708e+02 1.358882e+02 1.744823e+02
1.662163e-01 1.662179e-01 1.662230e-01 1.663602e-01 1.667074e-01 1.789958e-01 2.171035e-01 3.841197e-01 5.185761e-01 6.937439e-01 1.187668e+00 1.905713e+00 2.876458e+00 4.105646e+00 5.566839e+00 7.198860e+00 8.914071e+00 1.616206e+01 2.046847e+01 2.397528e+01 2.757001e+01 3.146373e+01 3.577043e+01 4.620288e+01 6.024234e+01 7.927519e+01 1.043640e+02 1.361291e+02 1.747756e+02
1.874820e-01 1.874838e-01 1.874892e-01 1.876510e-01 1.881501e-01 2.021531e-01 2.483240e-01 4.215056e-01 5.620175e-01 7.442336e-01 1.254306e+00 1.989324e+00 2.975173e+00 4.215333e+00 5.682124e+00 7.314290e+00 9.025101e+00 1.623404e+01 2.052770e+01 2.403707e+01 2.763755e+01 3.153745e+01 3.585071e+01 4.629961e+01 6.036305e+01 7.942889e+01 1.045591e+02 1.363723e+02 1.750713e+02
2.295248e-01 2.295262e-01 2.295314e-01 2.296923e-01 2.301768e-01 2.437058e-01 2.908434e-01 4.719448e-01 6.168430e-01 8.059858e-01 1.332785e+00 2.085276e+00 3.086266e+00 4.336889e+00 5.808300e+00 7.439318e+00 9.144315e+00 1.630923e+01 2.058891e+01 2.410057e+01 2.770668e+01 3.161267e+01 3.593243e+01 4.639777e+01 6.048529e+01 7.958432e+01 1.047562e+02 1.366176e+02 1.753694e+02
2.841175e-01 2.841192e-01 2.841246e-01 2.842913e-01 2.847992e-01 2.994059e-01 3.457800e-01 5.379292e-01 6.863901e-01 8.809163e-01 1.424313e+00 2.194555e+00 3.210560e+00 4.470976e+00 5.945868e+00 7.574304e+00 9.271953e+00 1.638766e+01 2.065211e+01 2.416579e+01 2.777741e+01 3.168941e+01 3.601560e+01 4.649735e+01 6.060908e+01 7.974150e+01 1.049552e+02 1.368653e+02 1.756701e+02
3.532200e-01 3.532217e-01 3.532269e-01 3.533930e-01 3.539037e-01 3.691593e-01 4.151310e-01 6.175257e-01 7.727644e-01 9.725371e-01 1.530453e+00 2.318241e+00 3.348885e+00 4.618230e+00 6.095293e+00 7.719568e+00 9.408221e+00 1.646934e+01 2.071733e+01 2.423276e+01 2.784975e+01 3.176767e+01 3.610023e+01 4.659838e+01 6.073442e+01 7.990044e+01 1.051563e+02 1.371152e+02 1.759732e+02
4.368717e-01 4.368735e-01 4.368789e-01 4.370492e-01 4.375736e-01 4.532238e-01 4.993316e-01 7.100220e-01 8.747748e-01 1.082644e+00 1.653515e+00 2.457634e+00 3.502137e+00 4.779287e+00 6.257014e+00 7.875393e+00 9.553290e+00 1.655427e+01 2.078458e+01 2.430149e+01 2.792374e+01 3.184746e+01 3.618634e+01 4.670087e+01 6.086133e+01 8.006115e+01 1.053594e+02 1.373673e+02 1.762788e+02
5.350587e-01 5.350604e-01 5.350657e-01 5.352326e-01 5.357459e-01 5.513606e-01 5.982179e-01 8.164991e-01 9.919834e-01 1.210473e+00 1.797138e+00 2.614441e+00 3.671348e+00 4.954818e+00 6.431459e+00 8.042037e+00 9.707298e+00 1.664244e+01 2.085385e+01 2.437200e+01 2.799936e+01 3.192881e+01 3.627393e+01 4.680481e+01 6.098982e+01 8.022365e+01 1.055645e+02 1.376218e+02 1.765869e+02
6.465346e-01 6.465363e-01 6.465417e-01 6.467092e-01 6.472244e-01 6.630533e-01 7.119651e-01 9.391705e-01 1.125115e+00 1.355738e+00 1.962321e+00 2.791138e+00 3.857791e+00 5.145574e+00 6.619069e+00 8.219739e+00 9.870356e+00 1.673383e+01 2.092515e+01 2.444429e+01 2.807664e+01 3.201172e+01 3.636302e+01 4.691024e+01 6.111990e+01 8.038794e+01 1.057717e+02 1.378785e+02 1.768976e+02
7.714594e-01 7.714612e-01 7.714666e-01 7.716386e-01 7.721696e-01 7.886794e-01 8.419325e-01 1.080630e+00 1.275898e+00 1.518814e+00 2.148545e+00 2.991090e+00 4.063139e+00 5.352450e+00 6.820328e+00 8.408741e+00 1.004256e+01 1.682840e+01 2.099849e+01 2.451837e+01 2.815560e+01 3.209619e+01 3.645361e+01 4.701715e+01 6.125159e+01 8.055403e+01 1.059810e+02 1.381376e+02 1.772109e+02
1.758798e+00 1.758800e+00 1.758808e+00 1.759042e+00 1.759771e+00 1.782911e+00 1.855150e+00 2.140492e+00 2.363530e+00 2.648480e+00 3.393881e+00 4.331357e+00 5.429630e+00 6.677528e+00 8.057821e+00 9.534657e+00 1.104479e+01 1.734759e+01 2.139562e+01 2.491604e+01 2.857576e+01 3.254249e+01 3.692947e+01 4.757431e+01 6.193441e+01 8.141212e+01 1.070585e+02 1.394681e+02 1.788159e+02
3.415930e+00 3.415933e+00 3.415942e+00 3.416229e+00 3.417115e+00 3.444774e+00 3.529371e+00 3.864065e+00 4.116708e+00 4.429938e+00 5.232683e+00 6.219400e+00 7.319173e+00 8.493453e+00 9.729184e+00 1.101141e+01 1.231085e+01 1.794076e+01 2.184318e+01 2.535971e+01 2.903898e+01 3.302937e+01 3.744421e+01 4.816995e+01 6.265889e+01 8.231731e+01 1.081897e+02 1.408588e+02 1.804869e+02
5.841164e+00 5.841168e+00 5.841178e+00 5.841514e+00 5.842557e+00 5.876002e+00 5.980704e+00 6.384545e+00 6.670797e+00 7.002127e+00 7.775800e+00 8.665811e+00 9.632995e+00 1.064560e+01 1.168727e+01 1.274880e+01 1.381626e+01 1.861170e+01 2.234225e+01 2.585029e+01 2.954607e+01 3.355760e+01 3.799865e+01 4.880509e+01 6.342631e+01 8.327118e+01 1.093761e+02 1.423114e+02 1.822258e+02
9.296036e+00 9.296040e+00 9.296052e+00 9.296443e+00 9.297662e+00 9.336267e+00 9.452935e+00 9.857530e+00 1.011020e+01 1.037817e+01 1.093990e+01 1.154393e+01 1.220904e+01 1.293790e+01 1.372042e+01 1.454186e+01 1.538509e+01 1.938965e+01 2.289869e+01 2.638971e+01 3.009792e+01 3.412781e+01 3.859341e+01 4.948063e+01 6.423793e+01 8.427526e+01 1.106197e+02 1.438278e+02 1.840346e+02
1.378982e+01 1.378982e+01 1.378982e+01 1.378976e+01 1.378960e+01 1.378924e+01 1.381089e+01 1.392272e+01 1.399070e+01 1.406160e+01 1.421905e+01 1.442701e+01 1.472303e+01 1.512514e+01 1.562911e+01 1.621658e+01 1.686285e+01 2.026028e+01 2.352779e+01 2.698215e+01 3.069600e+01 3.474073e+01 3.922907e+01 5.019740e+01 6.509494e+01 8.533107e+01 1.119221e+02 1.454099e+02 1.859151e+02
1.752445e+01 1.752444e+01 1.752441e+01 1.752335e+01 1.752010e+01 1.745260e+01 1.734002e+01 1.711694e+01 1.701900e+01 1.693454e+01 1.681125e+01 1.676111e+01 1.680862e+01 1.697507e+01 1.726607e+01 1.767071e+01 1.816651e+01 2.116490e+01 2.425962e+01 2.763564e+01 3.134295e+01 3.539740e+01 3.990630e+01 5.095619e+01 6.599854e+01 8.644015e+01 1.132850e+02 1.470596e+02 1.878693e+02
1.848971e+01 1.848971e+01 1.848971e+01 1.848978e+01 1.848998e+01 1.849533e+01 1.850803e+01 1.850992e+01 1.849137e+01 1.846355e+01 1.839598e+01 1.833947e+01 1.833097e+01 1.840670e+01 1.859043e+01 1.888811e+01 1.928938e+01 2.206885e+01 2.508405e+01 2.836489e+01 3.204328e+01 3.609961e+01 4.062600e+01 5.175784e+01 6.694994e+01 8.760405e+01 1.147104e+02 1.487787e+02 1.898990e+02
1.928049e+01 1.928049e+01 1.928050e+01 1.928057e+01 1.928080e+01 1.928646e+01 1.929978e+01 1.934161e+01 1.936351e+01 1.938161e+01 1.940274e+01 1.941259e+01 1.943733e+01 1.951196e+01 1.966758e+01 1.992205e+01 2.027700e+01 2.296205e+01 2.597422e+01 2.919094e+01 3.280439e+01 3.685018e+01 4.138956e+01 5.260330e+01 6.795038e+01 8.882434e+01 1.161999e+02 1.505692e+02 1.920062e+02
2.010915e+01 2.010915e+01 2.010915e+01 2.010916e+01 2.010923e+01 2.011252e+01 2.012132e+01 2.014476e+01 2.016016e+01 2.017822e+01 2.022020e+01 2.026915e+01 2.033437e+01 2.043735e+01 2.060374e+01 2.085341e+01 2.119428e+01 2.385385e+01 2.691143e+01 3.010067e+01 3.363921e+01 3.765353e+01 4.219910e+01 5.349372e+01 6.900120e+01 9.010266e+01 1.177554e+02 1.524331e+02 1.941928e+02
2.083329e+01 2.083329e+01 2.083329e+01 2.083330e+01 2.083331e+01 2.083438e+01 2.083829e+01 2.085906e+01 2.087787e+01 2.090247e+01 2.096769e+01 2.105213e+01 2.115859e+01 2.129934e+01 2.149305e+01 2.175732e+01 2.210200e+01 2.476316e+01 2.788367e+01 3.107661e+01 3.456053e+01 3.851645e+01 4.305770e+01 5.443057e+01 7.010388e+01 9.144073e+01 1.193788e+02 1.543722e+02 1.964609e+02
2.146804e+01 2.146804e+01 2.146804e+01 2.146809e+01 2.146824e+01 2.147316e+01 2.148895e+01 2.154540e+01 2.158308e+01 2.162654e+01 2.173009e+01 2.185483e+01 2.200270e+01 2.218211e+01 2.240707e+01 2.269232e+01 2.304768e+01 2.570967e+01 2.888540e+01 3.210469e+01 3.555510e+01 3.945081e+01 4.396985e+01 5.541573e+01 7.126010e+01 9.284036e+01 1.210720e+02 1.563886e+02 1.988124e+02
2.230904e+01 2.230904e+01 2.230904e+01 2.230906e+01 2.230915e+01 2.231236e+01 2.232391e+01 2.238067e+01 2.242531e+01 2.247877e+01 2.260734e+01 2.276050e+01 2.293839e+01 2.314692e+01 2.339665e+01 2.369939e+01 2.406382e+01 2.670853e+01 2.991602e+01 3.317342e+01 3.661040e+01 4.046312e+01 4.494222e+01 5.645166e+01 7.247178e+01 9.430351e+01 1.228372e+02 1.584844e+02 2.012494e+02
2.328698e+01 2.328698e+01 2.328699e+01 2.328713e+01 2.328758e+01 2.330017e+01 2.332979e+01 2.341071e+01 2.346085e+01 2.351791e+01 2.365291e+01 2.381521e+01 2.400554e+01 2.422804e+01 2.449030e+01 2.480126e+01 2.516796e+01 2.776843e+01 3.097770e+01 3.427429e+01 3.771565e+01 4.154193e+01 4.598611e+01 5.754150e+01 7.374117e+01 9.583235e+01 1.246765e+02 1.606618e+02 2.037740e+02
2.458794e+01 2.458794e+01 2.458794e+01 2.458799e+01 2.458815e+01 2.459261e+01 2.460352e+01 2.464958e+01 2.468778e+01 2.473601e+01 2.486028e+01 2.501828e+01 2.520826e+01 2.543209e+01 2.569498e+01 2.600372e+01 2.636405e+01 2.889167e+01 3.207331e+01 3.540167e+01 3.886147e+01 4.267801e+01 4.710367e+01 5.868936e+01 7.507093e+01 9.742922e+01 1.265921e+02 1.629228e+02 2.063882e+02
2.589640e+01 2.589640e+01 2.589640e+01 2.589645e+01 2.589660e+01 2.590131e+01 2.591603e+01 2.597332e+01 2.601493e+01 2.606501e+01 2.618980e+01 2.634553e+01 2.653116e+01 2.674867e+01 2.700286e+01 2.730002e+01 2.764560e+01 3.007532e+01 3.320498e+01 3.655248e+01 4.004006e+01 4.386330e+01 4.828580e+01 5.990061e+01 7.646420e+01 9.909677e+01 1.285865e+02 1.652700e+02 2.090942e+02
2.733342e+01 2.733342e+01 2.733342e+01 2.733347e+01 2.733361e+01 2.733817e+01 2.735241e+01 2.741074e+01 2.745440e+01 2.750644e+01 2.763196e+01 2.778264e+01 2.795809e+01 2.816141e+01 2.839825e+01 2.867542e+01 2.899892e+01 3.131253e+01 3.437335e+01 3.772548e+01 4.124543e+01 4.509064e+01 4.952584e+01 6.118290e+01 7.792470e+01 1.008379e+02 1.306623e+02 1.677056e+02 2.118943e+02
2.887667e+01 2.887667e+01 2.887668e+01 2.887678e+01 2.887711e+01 2.888634e+01 2.891031e+01 2.898042e+01 2.902324e+01 2.907108e+01 2.918202e+01 2.931363e+01 2.946741e+01 2.964708e+01 2.985857e+01 3.010907e+01 3.040521e+01 3.259398e+01 3.557739e+01 3.892051e+01 4.247340e+01 4.635388e+01 5.081802e+01 6.254665e+01 7.945689e+01 1.026560e+02 1.328225e+02 1.702323e+02 2.147908e+02
3.064847e+01 3.064847e+01 3.064847e+01 3.064844e+01 3.064834e+01 3.064680e+01 3.064638e+01 3.066530e+01 3.068657e+01 3.071521e+01 3.079263e+01 3.089450e+01 3.102009e+01 3.117164e+01 3.135440e+01 3.157565e+01 3.184266e+01 3.390911e+01 3.681465e+01 4.013790e+01 4.372148e+01 4.764808e+01 5.215725e+01 6.398933e+01 8.106617e+01 1.045548e+02 1.350699e+02 1.728527e+02 2.177861e+02
3.223773e+01 3.223773e+01 3.223773e+01 3.223775e+01 3.223782e+01 3.224009e+01 3.224726e+01 3.227478e+01 3.229470e+01 3.231911e+01 3.238251e+01 3.246611e+01 3.257065e+01 3.269870e+01 3.285583e+01 3.305008e+01 3.328993e+01 3.524720e+01 3.808153e+01 4.137798e+01 4.498856e+01 4.896959e+01 5.353915e+01 6.550649e+01 8.275932e+01 1.065384e+02 1.374082e+02 1.755698e+02 2.208827e+02
3.377580e+01 3.377580e+01 3.377581e+01 3.377584e+01 3.377593e+01 3.377867e+01 3.378677e+01 3.381664e+01 3.383762e+01 3.386240e+01 3.392341e+01 3.399990e+01 3.409254e+01 3.420420e+01 3.434121e+01 3.451297e+01 3.472968e+01 3.659810e+01 3.937376e+01 4.264082e+01 4.627458e+01 5.031612e+01 5.496025e+01 6.709526e+01 8.454600e+01 1.086118e+02 1.398409e+02 1.783865e+02 2.240833e+02
3.528917e+01 3.528917e+01 3.528917e+01 3.528919e+01 3.528926e+01 3.529127e+01 3.529751e+01 3.532259e+01 3.534151e+01 3.536470e+01 3.542299e+01 3.549497e+01 3.557932e+01 3.567830e+01 3.579885e+01 3.595185e+01 3.614939e+01 3.795269e+01 4.068672e+01 4.392618e+01 4.758021e+01 5.168660e+01 5.641805e+01 6.875339e+01 8.643385e+01 1.107805e+02 1.423720e+02 1.813063e+02 2.273907e+02
3.675353e+01 3.675353e+01 3.675354e+01 3.675355e+01 3.675360e+01 3.675521e+01 3.676037e+01 3.678518e+01 3.680548e+01 3.683007e+01 3.688868e+01 3.695616e+01 3.703129e+01 3.711717e+01 3.722196e+01 3.735817e+01 3.753974e+01 3.930300e+01 4.201577e+01 4.523347e+01 4.890661e+01 5.308113e+01 5.791109e+01 7.047911e+01 8.841985e+01 1.130512e+02 1.450063e+02 1.843325e+02 2.308076e+02
3.816083e+01 3.816084e+01 3.816084e+01 3.816092e+01 3.816116e+01 3.816857e+01 3.818759e+01 3.823484e+01 3.825874e+01 3.828271e+01 3.833230e+01 3.838577e+01 3.844501e+01 3.851429e+01 3.860257e+01 3.872347e+01 3.889222e+01 4.064220e+01 4.335649e+01 4.656190e+01 5.025519e+01 5.450073e+01 5.943897e+01 7.227114e+01 9.050261e+01 1.154319e+02 1.477485e+02 1.874692e+02 2.343373e+02
3.974142e+01 3.974142e+01 3.974142e+01 3.974137e+01 3.974122e+01 3.973664e+01 3.972602e+01 3.971145e+01 3.971082e+01 3.971437e+01 3.973230e+01 3.976209e+01 3.980219e+01 3.985500e+01 3.992892e+01 4.003804e+01 4.019859e+01 4.196461e+01 4.470488e+01 4.791057e+01 5.162755e+01 5.594721e+01 6.100232e+01 7.412875e+01 9.268161e+01 1.179341e+02 1.506043e+02 1.907203e+02 2.379831e+02
4.098960e+01 4.098960e+01 4.098960e+01 4.098962e+01 4.098966e+01 4.099081e+01 4.099378e+01 4.100011e+01 4.100332e+01 4.100771e+01 4.102250e+01 4.104633e+01 4.107915e+01 4.112409e+01 4.119056e+01 4.129412e+01 4.145254e+01 4.326575e+01 4.605749e+01 4.927859e+01 5.302537e+01 5.742301e+01 6.260269e+01 7.605177e+01 9.495681e+01 1.205609e+02 1.535802e+02 1.940904e+02 2.417483e+02
4.213957e+01 4.213957e+01 4.213957e+01 4.213958e+01 4.213961e+01 4.214052e+01 4.214319e+01 4.215591e+01 4.216621e+01 4.217848e+01 4.220720e+01 4.223972e+01 4.227605e+01 4.232097e+01 4.238620e+01 4.248978e+01 4.265163e+01 4.454225e+01 4.741153e+01 5.066529e+01 5.445047e+01 5.893105e+01 6.424252e+01 7.804074e+01 9.732851e+01 1.233108e+02 1.566835e+02 1.975844e+02 2.456367e+02
4.322054e+01 4.322054e+01 4.322054e+01 4.322059e+01 4.322074e+01 4.322533e+01 4.323729e+01 4.326895e+01 4.328584e+01 4.330326e+01 4.333937e+01 4.337590e+01 4.341318e+01 4.345719e+01 4.352180e+01 4.362749e+01 4.379621e+01 4.579179e+01 4.876491e+01 5.207026e+01 5.590477e+01 6.047467e+01 6.592497e+01 8.009684e+01 9.979732e+01 1.261837e+02 1.599238e+02 2.012076e+02 2.496523e+02
4.441732e+01 4.441732e+01 4.441732e+01 4.441728e+01 4.441718e+01 4.441379e+01 4.440630e+01 4.440334e+01 4.441008e+01 4.442043e+01 4.444632e+01 4.447387e+01 4.450258e+01 4.453962e+01 4.460070e+01 4.470836e+01 4.488611e+01 4.701287e+01 5.011631e+01 5.349347e+01 5.739039e+01 6.205752e+01 6.765383e+01 8.222199e+01 1.023642e+02 1.291804e+02 1.633119e+02 2.049662e+02 2.537994e+02
4.541675e+01 4.541675e+01 4.541675e+01 4.541682e+01 4.541704e+01 4.542403e+01 4.544217e+01 4.547774e+01 4.548976e+01 4.549867e+01 4.551123e+01 4.552160e+01 4.553509e+01 4.556138e+01 4.561797e+01 4.572897e+01 4.591897e+01 4.820483e+01 5.146517e+01 5.493539e+01 5.890970e+01 6.368356e+01 6.943347e+01 8.441881e+01 1.050304e+02 1.323017e+02 1.668473e+02 2.088669e+02 2.580826e+02
4.660184e+01 4.660184e+01 4.660184e+01 4.660178e+01 4.660159e+01 4.659557e+01 4.657921e+01 4.654200e+01 4.652647e+01 4.651352e+01 4.649504e+01 4.648573e+01 4.648698e+01 4.650719e+01 4.656440e+01 4.668414e+01 4.689209e+01 4.936792e+01 5.281172e+01 5.639701e+01 6.046536e+01 6.535704e+01 7.126872e+01 8.669058e+01 1.077977e+02 1.355491e+02 1.705295e+02 2.129179e+02 2.625070e+02
4.736127e+01 4.736127e+01 4.736127e+01 4.736127e+01 4.736127e+01 4.736134e+01 4.736091e+01 4.735297e+01 4.734678e+01 4.734114e+01 4.733433e+01 4.733410e+01 4.734254e+01 4.736992e+01 4.743731e+01 4.757339e+01 4.780608e+01 5.050340e+01 5.415697e+01 5.787993e+01 6.206040e+01 6.708248e+01 7.316483e+01 8.904124e+01 1.106682e+02 1.389238e+02 1.743590e+02 2.171302e+02 2.670781e+02
4.798973e+01 4.798973e+01 4.798973e+01 4.798973e+01 4.798973e+01 4.798986e+01 4.799166e+01 4.801045e+01 4.802584e+01 4.804240e+01 4.807358e+01 4.809943e+01 4.812484e+01 4.816530e+01 4.824725e+01 4.840390e+01 4.866603e+01 5.161352e+01 5.550270e+01 5.938635e+01 6.369829e+01 6.886474e+01 7.512738e+01 9.147533e+01 1.136443e+02 1.424274e+02 1.783369e+02 2.215104e+02 2.718020e+02
4.866034e+01 4.866034e+01 4.866035e+01 4.866043e+01 4.866070e+01 4.866922e+01 4.869252e+01 4.874725e+01 4.877082e+01 4.879124e+01 4.882391e+01 4.884846e+01 4.887312e+01 4.891640e+01 4.900812e+01 4.918453e+01 4.947814e+01 5.270138e+01 5.685145e+01 6.091917e+01 6.538297e+01 7.070898e+01 7.716233e+01 9.399789e+01 1.167290e+02 1.460617e+02 1.824644e+02 2.260568e+02 2.766859e+02
4.970079e+01 4.970079e+01 4.970078e+01 4.970070e+01 4.970045e+01 4.969243e+01 4.967037e+01 4.962339e+01 4.960746e+01 4.959650e+01 4.958428e+01 4.957978e+01 4.958687e+01 4.962367e+01 4.972138e+01 4.991775e+01 5.024570e+01 5.377084e+01 5.820651e+01 6.248198e+01 6.711889e+01 7.262073e+01 7.927589e+01 9.661447e+01 1.199256e+02 1.498287e+02 1.867428e+02 2.307690e+02 2.817384e+02
5.023317e+01 5.023317e+01 5.023317e+01 5.023322e+01 5.023337e+01 5.023811e+01 5.025015e+01 5.026799e+01 5.026859e+01 5.026463e+01 5.024908e+01 5.023306e+01 5.023145e+01 5.026835e+01 5.037846e+01 5.060145e+01 5.097047e+01 5.482668e+01 5.957194e+01 6.407908e+01 6.891108e+01 7.460586e+01 8.147459e+01 9.933100e+01 1.232381e+02 1.537305e+02 1.911736e+02 2.356477e+02 2.869710e+02
5.089420e+01 5.089420e+01 5.089420e+01 5.089416e+01 5.089402e+01 5.088959e+01 5.087868e+01 5.085326e+01 5.084034e+01 5.082715e+01 5.080158e+01 5.078391e+01 5.078876e+01 5.084132e+01 5.097777e+01 5.123907e+01 5.165866e+01 5.587480e+01 6.095253e+01 6.571552e+01 7.076514e+01 7.667065e+01 8.376520e+01 1.021538e+02 1.266704e+02 1.577694e+02 1.957584e+02 2.406938e+02 2.923848e+02
5.128947e+01 5.128947e+01 5.128947e+01 5.128947e+01 5.128947e+01 5.128919e+01 5.128587e+01 5.126757e+01 5.125555e+01 5.124440e+01 5.123086e+01 5.123583e+01 5.127072e+01 5.135893e+01 5.153712e+01 5.184782e+01 5.232576e+01 5.692226e+01 6.235382e+01 6.739709e+01 7.268727e+01 7.882176e+01 8.615475e+01 1.050893e+02 1.302271e+02 1.619481e+02 2.004986e+02 2.459083e+02 2.979781e+02
5.151414e+01 5.151414e+01 5.151414e+01 5.151414e+01 5.151414e+01 5.151411e+01 5.151397e+01 5.151720e+01 5.152494e+01 5.153869e+01 5.158312e+01 5.164654e+01 5.173467e+01 5.187153e+01 5.209761e+01 5.245987e+01 5.299629e+01 5.797678e+01 6.378199e+01 6.913029e+01 7.468427e+01 8.106624e+01 8.865050e+01 1.081444e+02 1.339131e+02 1.662694e+02 2.053959e+02 2.512921e+02 3.037507e+02
5.170142e+01 5.170142e+01 5.170142e+01 5.170142e+01 5.170142e+01 5.170223e+01 5.171375e+01 5.178756e+01 5.184349e+01 5.190525e+01 5.203158e+01 5.215357e+01 5.228289e+01 5.245250e+01 5.271094e+01 5.311136e+01 5.369568e+01 5.904590e+01 6.524381e+01 7.092236e+01 7.676350e+01 8.341151e+01 9.125989e+01 1.113260e+02 1.377335e+02 1.707363e+02 2.104521e+02 2.568464e+02 3.097026e+02
5.233933e+01 5.233933e+01 5.233933e+01 5.233953e+01 5.234013e+01 5.235929e+01 5.241307e+01 5.255425e+01 5.262156e+01 5.268257e+01 5.278754e+01 5.288139e+01 5.298793e+01 5.314511e+01 5.340414e+01 5.382026e+01 5.443671e+01 6.013601e+01 6.674657e+01 7.278123e+01 7.893290e+01 8.586533e+01 9.399057e+01 1.146411e+02 1.416937e+02 1.753521e+02 2.156691e+02 2.625723e+02 3.158344e+02
5.405174e+01 5.405174e+01 5.405174e+01 5.405159e+01 5.405114e+01 5.403670e+01 5.399525e+01 5.388732e+01 5.383920e+01 5.379996e+01 5.375186e+01 5.374553e+01 5.378930e+01 5.390999e+01 5.415341e+01 5.457334e+01 5.521295e+01 6.125213e+01 6.829807e+01 7.471546e+01 8.120090e+01 8.843576e+01 9.685029e+01 1.180969e+02 1.457991e+02 1.801204e+02 2.210486e+02 2.684708e+02 3.221467e+02
5.475041e+01 5.475041e+01 5.475041e+01 5.475038e+01 5.475027e+01 5.474633e+01 5.472935e+01 5.465599e+01 5.461359e+01 5.457624e+01 5.452736e+01 5.451712e+01 5.455482e+01 5.467005e+01 5.491334e+01 5.534380e+01 5.600900e+01 6.239847e+01 6.990662e+01 7.673424e+01 8.357637e+01 9.113112e+01 9.984694e+01 1.217005e+02 1.500554e+02 1.850446e+02 2.265928e+02 2.745430e+02 3.286398e+02
5.483616e+01 5.483616e+01 5.483616e+01 5.483613e+01 5.483602e+01 5.483701e+01 5.485240e+01 5.493023e+01 5.498149e+01 5.503269e+01 5.512248e+01 5.519581e+01 5.527685e+01 5.541332e+01 5.567083e+01 5.611990e+01 5.681591e+01 6.357952e+01 7.158116e+01 7.884731e+01 8.606858e+01 9.395994e+01 1.029884e+02 1.254590e+02 1.544686e+02 1.901288e+02 2.323037e+02 2.807900e+02 3.353145e+02
5.544112e+01 5.544112e+01 5.544112e+01 5.544134e+01 5.544200e+01 5.546304e+01 5.552221e+01 5.567840e+01 5.575133e+01 5.581431e+01 5.590910e+01 5.597564e+01 5.604738e+01 5.617799e+01 5.643812e+01 5.690299e+01 5.763178e+01 6.480085e+01 7.333132e+01 8.106488e+01 8.868707e+01 9.693083e+01 1.062826e+02 1.293794e+02 1.590443e+02 1.953769e+02 2.381837e+02 2.872130e+02 3.421711e+02
5.726370e+01 5.726370e+01 5.726369e+01 5.726352e+01 5.726300e+01 5.724613e+01 5.719747e+01 5.706674e+01 5.700555e+01 5.695245e+01 5.687336e+01 5.683228e+01 5.684362e+01 5.694633e+01 5.720298e+01 5.768577e+01 5.845336e+01 6.606971e+01 7.516741e+01 8.339756e+01 9.144158e+01 1.000525e+02 1.097374e+02 1.334686e+02 1.637885e+02 2.007930e+02 2.442350e+02 2.938130e+02 3.492101e+02
5.789322e+01 5.789322e+01 5.789322e+01 5.789319e+01 5.789313e+01 5.788874e+01 5.786738e+01 5.777447e+01 5.771591e+01 5.765934e+01 5.756946e+01 5.752368e+01 5.753972e+01 5.765674e+01 5.793835e+01 5.845920e+01 5.928077e+01 6.739547e+01 7.710035e+01 8.585619e+01 9.434189e+01 1.033334e+02 1.133604e+02 1.377335e+02 1.687071e+02 2.063813e+02 2.504601e+02 3.005912e+02 3.564319e+02
5.781781e+01 5.781781e+01 5.781781e+01 5.781779e+01 5.781772e+01 5.781575e+01 5.781579e+01 5.784890e+01 5.787834e+01 5.791097e+01 5.797708e+01 5.804678e+01 5.814575e+01 5.832626e+01 5.866371e+01 5.924248e+01 6.013163e+01 6.878958e+01 7.914151e+01 8.845172e+01 9.739770e+01 1.067821e+02 1.171593e+02 1.421805e+02 1.738058e+02 2.121463e+02 2.568616e+02 3.075487e+02 3.638369e+02
5.794027e+01 5.794027e+01 5.794028e+01 5.794047e+01 5.794107e+01 5.796028e+01 5.801842e+01 5.819769e+01 5.829159e+01 5.837946e+01 5.853394e+01 5.867267e+01 5.882922e+01 5.906099e+01 5.944871e+01 6.008311e+01 6.103955e+01 7.026447e+01 8.130234e+01 9.119497e+01 1.006185e+02 1.104068e+02 1.211411e+02 1.468162e+02 1.790904e+02 2.180922e+02 2.634421e+02 3.146869e+02 3.714255e+02
5.949550e+01 5.949550e+01 5.949549e+01 5.949532e+01 5.949478e+01 5.948105e+01 5.945693e+01 5.941482e+01 5.940564e+01 5.940887e+01 5.945434e+01 5.954722e+01 5.969503e+01 5.993787e+01 6.034976e+01 6.102220e+01 6.203453e+01 7.183166e+01 8.359402e+01 9.409650e+01 1.040135e+02 1.142153e+02 1.253130e+02 1.516467e+02 1.845665e+02 2.242236e+02 2.702044e+02 3.220069e+02 3.791979e+02
6.057436e+01 6.057435e+01 6.057435e+01 6.057417e+01 6.057363e+01 6.055659e+01 6.051382e+01 6.043126e+01 6.041220e+01 6.041214e+01 6.046168e+01 6.056143e+01 6.071342e+01 6.095939e+01 6.137944e+01 6.207336e+01 6.312844e+01 7.349985e+01 8.602705e+01 9.716633e+01 1.075912e+02 1.182148e+02 1.296814e+02 1.566779e+02 1.902397e+02 2.305447e+02 2.771512e+02 3.295100e+02 3.871545e+02
6.083098e+01 6.083098e+01 6.083099e+01 6.083124e+01 6.083203e+01 6.085739e+01 6.093345e+01 6.116317e+01 6.128158e+01 6.139084e+01 6.157598e+01 6.172865e+01 6.188702e+01 6.212042e+01 6.252891e+01 6.322727e+01 6.431352e+01 7.527413e+01 8.861113e+01 1.004139e+02 1.113597e+02 1.224124e+02 1.342525e+02 1.619157e+02 1.961153e+02 2.370601e+02 2.842854e+02 3.371976e+02 3.952955e+02
6.291745e+01 6.291745e+01 6.291745e+01 6.291732e+01 6.291713e+01 6.291920e+01 6.293136e+01 6.298299e+01 6.301599e+01 6.304846e+01 6.310361e+01 6.315060e+01 6.322327e+01 6.339154e+01 6.375969e+01 6.444866e+01 6.556213e+01 7.715677e+01 9.135516e+01 1.038477e+02 1.153262e+02 1.268142e+02 1.390320e+02 1.673654e+02 2.021986e+02 2.437741e+02 2.916099e+02 3.450711e+02 4.036212e+02
6.523867e+01 6.523867e+01 6.523867e+01 6.523852e+01 6.523805e+01 6.522307e+01 6.517695e+01 6.502001e+01 6.492940e+01 6.484112e+01 6.468748e+01 6.457974e+01 6.454564e+01 6.464637e+01 6.498238e+01 6.567569e+01 6.683291e+01 7.914964e+01 9.426753e+01 1.074756e+02 1.194972e+02 1.314259e+02 1.440252e+02 1.730324e+02 2.084948e+02 2.506910e+02 2.991277e+02 3.531319e+02 4.121319e+02
6.621935e+01 6.621935e+01 6.621935e+01 6.621927e+01 6.621900e+01 6.621057e+01 6.618262e+01 6.606712e+01 6.599035e+01 6.591109e+01 6.576712e+01 6.566519e+01 6.563825e+01 6.575261e+01 6.611595e+01 6.685908e+01 6.809661e+01 8.125726e+01 9.735635e+01 1.113045e+02 1.238782e+02 1.362522e+02 1.492369e+02 1.789217e+02 2.150088e+02 2.578152e+02 3.068417e+02 3.613814e+02 4.208277e+02
6.633293e+01 6.633293e+01 6.633293e+01 6.633284e+01 6.633258e+01 6.632470e+01 6.631082e+01 6.630993e+01 6.632400e+01 6.634352e+01 6.638742e+01 6.643621e+01 6.652270e+01 6.672697e+01 6.717369e+01 6.800986e+01 6.936294e+01 8.348898e+01 1.006296e+02 1.153399e+02 1.284736e+02 1.412976e+02 1.546716e+02 1.850381e+02 2.217454e+02 2.651508e+02 3.147548e+02 3.698211e+02 4.297091e+02
6.635862e+01 6.635862e+01 6.635863e+01 6.635885e+01 6.635955e+01 6.638184e+01 6.644991e+01 6.667016e+01 6.679016e+01 6.690317e+01 6.709644e+01 6.725679e+01 6.743318e+01 6.771943e+01 6.825289e+01 6.919274e+01 7.067655e+01 8.585879e+01 1.040952e+02 1.195867e+02 1.332871e+02 1.465657e+02 1.603333e+02 1.913863e+02 2.287094e+02 2.727019e+02 3.228700e+02 3.784526e+02 4.387762e+02
6.811494e+01 6.811494e+01 6.811495e+01 6.811517e+01 6.811577e+01 6.812354e+01 6.813570e+01 6.816558e+01 6.818415e+01 6.820704e+01 6.827117e+01 6.836959e+01 6.853537e+01 6.884848e+01 6.944086e+01 7.047328e+01 7.208736e+01 8.838319e+01 1.077600e+02 1.240482e+02 1.383213e+02 1.520594e+02 1.662257e+02 1.979708e+02 2.359053e+02 2.804724e+02 3.311901e+02 3.872772e+02 4.480293e+02
7.000049e+01 7.000049e+01 7.000048e+01 7.000028e+01 6.999966e+01 6.997964e+01 6.991844e+01 6.973593e+01 6.965595e+01 6.959914e+01 6.956210e+01 6.961899e+01 6.978193e+01 7.012075e+01 7.076732e+01 7.188821e+01 7.363153e+01 9.107859e+01 1.116299e+02 1.287262e+02 1.435777e+02 1.577814e+02 1.723525e+02 2.047961e+02 2.433375e+02 2.884662e+02 3.397179e+02 3.962966e+02 4.574687e+02
7.017167e+01 7.017167e+01 7.017168e+01 7.017198e+01 7.017291e+01 7.019804e+01 7.025070e+01 7.039172e+01 7.047342e+01 7.055808e+01 7.072945e+01 7.091113e+01 7.114919e+01 7.154473e+01 7.225450e+01 7.346460e+01 7.533659e+01 9.395920e+01 1.157087e+02 1.336211e+02 1.490572e+02 1.637340e+02 1.787169e+02 2.118666e+02 2.510102e+02 2.966871e+02 3.484562e+02 4.055122e+02 4.670946e+02
7.136134e+01 7.136134e+01 7.136135e+01 7.136165e+01 7.136259e+01 7.139266e+01 7.148399e+01 7.177101e+01 7.192261e+01 7.206315e+01 7.230411e+01 7.251757e+01 7.277318e+01 7.319080e+01 7.394312e+01 7.523049e+01 7.722516e+01 9.703565e+01 1.199975e+02 1.387319e+02 1.547601e+02 1.699193e+02 1.853227e+02 2.191867e+02 2.589276e+02 3.051384e+02 3.574076e+02 4.149255e+02 4.769074e+02
7.477472e+01 7.477472e+01 7.477471e+01 7.477444e+01 7.477361e+01 7.474801e+01 7.468742e+01 7.455088e+01 7.449347e+01 7.445169e+01 7.442592e+01 7.448613e+01 7.466658e+01 7.506229e+01 7.583690e+01 7.719256e+01 7.930654e+01 1.003143e+02 1.244947e+02 1.440559e+02 1.606862e+02 1.763397e+02 1.921735e+02 2.267608e+02 2.670936e+02 3.138237e+02 3.665747e+02 4.245379e+02 4.869073e+02
7.693699e+01 7.693698e+01 7.693697e+01 7.693671e+01 7.693586e+01 7.690899e+01 7.682994e+01 7.661219e+01 7.651804e+01 7.644983e+01 7.640025e+01 7.646186e+01 7.665729e+01 7.708069e+01 7.790370e+01 7.934103e+01 8.158130e+01 1.037969e+02 1.291957e+02 1.495897e+02 1.668355e+02 1.829977e+02 1.992733e+02 2.345933e+02 2.755122e+02 3.227460e+02 3.759598e+02 4.343508e+02 4.970945e+02
7.717893e+01 7.717894e+01 7.717895e+01 7.717932e+01 7.718048e+01 7.721733e+01 7.731867e+01 7.760608e+01 7.776223e+01 7.791437e+01 7.819370e+01 7.845460e+01 7.876625e+01 7.926607e+01 8.015984e+01 8.168859e+01 8.405918e+01 1.074815e+02 1.340935e+02 1.553292e+02 1.732084e+02 1.898967e+02 2.066267e+02 2.426887e+02 2.841869e+02 3.319084e+02 3.855652e+02 4.443654e+02 5.074694e+02
7.955751e+01 7.955752e+01 7.955753e+01 7.955790e+01 7.955908e+01 7.959650e+01 7.970668e+01 8.003454e+01 8.020679e+01 8.036817e+01 8.065008e+01 8.090575e+01 8.121691e+01 8.173031e+01 8.266193e+01 8.426478e+01 8.675605e+01 1.113620e+02 1.391793e+02 1.612712e+02 1.798067e+02 1.970410e+02 2.142390e+02 2.510515e+02 2.931212e+02 3.413135e+02 3.953930e+02 4.545832e+02 5.180321e+02
8.437022e+01 8.437022e+01 8.437021e+01 8.436988e+01 8.436885e+01 8.433607e+01 8.424596e+01 8.401064e+01 8.390241e+01 8.381653e+01 8.373265e+01 8.377736e+01 8.398460e+01 8.446229e+01 8.540794e+01 8.707181e+01 8.967467e+01 1.154290e+02 1.444437e+02 1.674135e+02 1.866335e+02 2.044362e+02 2.221159e+02 2.596864e+02 3.023183e+02 3.509639e+02 4.054450e+02 4.650051e+02 5.287830e+02
8.711022e+01 8.711021e+01 8.711020e+01 8.710987e+01 8.710883e+01 8.707559e+01 8.697880e+01 8.671875e+01 8.660842e+01 8.653084e+01 8.648686e+01 8.658345e+01 8.683968e+01 8.736227e+01 8.835896e+01 9.009625e+01 9.281010e+01 1.196700e+02 1.498788e+02 1.737569e+02 1.936942e+02 2.120891e+02 2.302640e+02 2.685978e+02 3.117814e+02 3.608618e+02 4.157231e+02 4.756322e+02 5.397220e+02
8.756367e+01 8.756368e+01 8.756369e+01 8.756420e+01 8.756577e+01 8.761571e+01 8.775554e+01 8.816571e+01 8.839681e+01 8.862764e+01 8.906115e+01 8.945641e+01 8.988122e+01 9.049589e+01 9.155368e+01 9.335733e+01 9.616830e+01 1.240718e+02 1.554797e+02 1.803054e+02 2.009970e+02 2.200082e+02 2.386907e+02 2.777902e+02 3.215131e+02 3.710092e+02 4.262287e+02 4.864656e+02 5.508495e+02
9.103611e+01 9.103611e+01 9.103613e+01 9.103663e+01 9.103822e+01 9.108887e+01 9.124237e+01 9.173208e+01 9.200112e+01 9.225735e+01 9.270190e+01 9.307065e+01 9.345244e+01 9.402543e+01 9.506003e+01 9.687591e+01 9.974775e+01 1.286207e+02 1.612469e+02 1.870680e+02 2.085527e+02 2.282032e+02 2.474037e+02 2.872681e+02 3.315157e+02 3.814076e+02 4.369630e+02 4.975060e+02 5.621655e+02
9.816583e+01 9.816582e+01 9.816581e+01 9.816534e+01 9.816389e+01 9.811892e+01 9.800884e+01 9.774608e+01 9.762143e+01 9.751347e+01 9.736774e+01 9.733196e+01 9.745143e+01 9.786038e+01 9.880421e+01 1.005940e+02 1.035033e+02 1.333057e+02 1.671874e+02 1.940583e+02 2.163748e+02 2.366853e+02 2.564116e+02 2.970353e+02 3.417915e+02 3.920586e+02 4.479273e+02 5.087540e+02 5.736701e+02
1.029589e+02 1.029589e+02 1.029589e+02 1.029584e+02 1.029569e+02 1.029101e+02 1.027661e+02 1.022911e+02 1.020354e+02 1.018054e+02 1.014666e+02 1.013018e+02 1.013347e+02 1.016859e+02 1.026008e+02 1.043989e+02 1.073637e+02 1.381225e+02 1.733166e+02 2.012949e+02 2.244794e+02 2.454667e+02 2.657226e+02 3.070956e+02 3.523418e+02 4.029629e+02 4.591223e+02 5.202104e+02 5.853632e+02
1.037633e+02 1.037633e+02 1.037634e+02 1.037639e+02 1.037655e+02 1.038092e+02 1.038964e+02 1.041010e+02 1.042101e+02 1.043188e+02 1.045229e+02 1.047102e+02 1.049444e+02 1.054024e+02 1.063807e+02 1.082397e+02 1.112905e+02 1.430768e+02 1.796576e+02 2.088008e+02 2.328843e+02 2.545598e+02 2.753453e+02 3.174522e+02 3.631680e+02 4.141214e+02 4.705487e+02 5.318754e+02 5.972448e+02
1.060726e+02 1.060726e+02 1.060727e+02 1.060732e+02 1.060748e+02 1.061263e+02 1.062862e+02 1.068489e+02 1.071754e+02 1.074882e+02 1.080115e+02 1.083891e+02 1.087185e+02 1.092214e+02 1.102341e+02 1.121461e+02 1.152882e+02 1.481877e+02 1.862412e+02 2.166020e+02 2.416084e+02 2.639775e+02 2.852874e+02 3.281076e+02 3.742705e+02 4.255343e+02 4.822067e+02 5.437494e+02 6.093148e+02
1.125877e+02 1.125877e+02 1.125877e+02 1.125882e+02 1.125896e+02 1.126066e+02 1.126313e+02 1.126851e+02 1.127105e+02 1.127316e+02 1.127542e+02 1.127650e+02 1.128511e+02 1.132147e+02 1.141761e+02 1.161139e+02 1.193514e+02 1.534874e+02 1.931038e+02 2.247262e+02 2.506706e+02 2.737315e+02 2.955560e+02 3.390634e+02 3.856496e+02 4.372014e+02 4.940965e+02 5.558324e+02 6.215729e+02
1.192697e+02 1.192697e+02 1.192697e+02 1.192692e+02 1.192677e+02 1.192190e+02 1.190677e+02 1.185342e+02 1.182180e+02 1.179067e+02 1.173598e+02 1.169687e+02 1.168155e+02 1.170754e+02 1.180394e+02 1.200632e+02 1.234546e+02 1.590233e+02 2.002853e+02 2.332014e+02 2.600890e+02 2.838327e+02 3.061568e+02 3.503206e+02 3.973047e+02 4.491225e+02 5.062179e+02 5.681245e+02 6.340189e+02
1.216055e+02 1.216055e+02 1.216055e+02 1.216050e+02 1.216035e+02 1.215556e+02 1.214303e+02 1.210736e+02 1.208686e+02 1.206626e+02 1.202983e+02 1.200715e+02 1.200905e+02 1.205435e+02 1.217236e+02 1.239855e+02 1.276385e+02 1.648601e+02 2.078269e+02 2.420537e+02 2.698796e+02 2.942901e+02 3.170941e+02 3.618788e+02 4.092347e+02 4.612967e+02 5.185707e+02 5.806255e+02 6.466524e+02
1.212189e+02 1.212189e+02 1.212189e+02 1.212192e+02 1.212200e+02 1.212469e+02 1.213275e+02 1.215685e+02 1.216982e+02 1.218294e+02 1.221117e+02 1.224681e+02 1.230017e+02 1.239066e+02 1.254858e+02 1.281079e+02 1.320989e+02 1.710785e+02 2.157681e+02 2.513066e+02 2.800561e+02 3.051103e+02 3.283702e+02 3.737368e+02 4.214380e+02 4.737228e+02 5.311542e+02 5.933349e+02 6.594730e+02
1.227721e+02 1.227721e+02 1.227721e+02 1.227724e+02 1.227733e+02 1.228004e+02 1.228861e+02 1.232480e+02 1.235226e+02 1.238494e+02 1.246219e+02 1.255163e+02 1.265660e+02 1.279307e+02 1.299047e+02 1.328671e+02 1.371658e+02 1.777659e+02 2.241441e+02 2.609794e+02 2.906282e+02 3.162971e+02 3.399852e+02 3.858921e+02 4.339121e+02 4.863994e+02 5.439677e+02 6.062525e+02 6.724800e+02
1.266219e+02 1.266219e+02 1.266219e+02 1.266224e+02 1.266239e+02 1.266725e+02 1.268175e+02 1.273571e+02 1.277420e+02 1.281931e+02 1.292491e+02 1.304479e+02 1.317878e+02 1.334033e+02 1.355822e+02 1.387155e+02 1.431750e+02 1.849996e+02 2.329833e+02 2.710863e+02 3.016020e+02 3.278511e+02 3.519369e+02 3.983410e+02 4.466544e+02 4.993246e+02 5.570100e+02 6.193775e+02 6.856730e+02
