2.288234e+06 1.109201e+06 8.549927e+05 5.787272e+05 5.402837e+05 5.190896e+05 4.915207e+05 4.402801e+05 4.227130e+05 4.096766e+05 3.939230e+05 3.877422e+05 3.870077e+05 3.874462e+05 3.842843e+05 3.732899e+05 3.526055e+05 1.980551e+05 1.156318e+05 8.315931e+04 6.880000e+04 6.171181e+04 5.794861e+04 5.464691e+04 5.351345e+04 5.315949e+04 5.326447e+04 5.386837e+04 5.513728e+04
5.258375e+05 5.258440e+05 5.258595e+05 5.258945e+05 5.243040e+05 5.084476e+05 4.809563e+05 4.336413e+05 4.174858e+05 4.055725e+05 3.914501e+05 3.863528e+05 3.863311e+05 3.871978e+05 3.842339e+05 3.732632e+05 3.524952e+05 1.975769e+05 1.152838e+05 8.294713e+04 6.867064e+04 6.163134e+04 5.789767e+04 5.462571e+04 5.350420e+04 5.315532e+04 5.326302e+04 5.386937e+04 5.514146e+04
5.047353e+05 5.047359e+05 5.047372e+05 5.047077e+05 5.043631e+05 4.927701e+05 4.649334e+05 4.247678e+05 4.109487e+05 4.006711e+05 3.886749e+05 3.848666e+05 3.856473e+05 3.869763e+05 3.842155e+05 3.732592e+05 3.523936e+05 1.970802e+05 1.149262e+05 8.273062e+04 6.853928e+04 6.154992e+04 5.784626e+04 5.460438e+04 5.349491e+04 5.315112e+04 5.326155e+04 5.387037e+04 5.514567e+04
4.733963e+05 4.733965e+05 4.733969e+05 4.733835e+05 4.732598e+05 4.637235e+05 4.511222e+05 4.143167e+05 4.033246e+05 3.950848e+05 3.856483e+05 3.833138e+05 3.849755e+05 3.867938e+05 3.842364e+05 3.732819e+05 3.523027e+05 1.965650e+05 1.145590e+05 8.250981e+04 6.840596e+04 6.146757e+04 5.779440e+04 5.458294e+04 5.348558e+04 5.314690e+04 5.326007e+04 5.387138e+04 5.514991e+04
4.454996e+05 4.454997e+05 4.454998e+05 4.454938e+05 4.454391e+05 4.396995e+05 4.316539e+05 4.048312e+05 3.953733e+05 3.891176e+05 3.824573e+05 3.817334e+05 3.843371e+05 3.866629e+05 3.843036e+05 3.733351e+05 3.522241e+05 1.960312e+05 1.141821e+05 8.228478e+04 6.827072e+04 6.138431e+04 5.774210e+04 5.456139e+04 5.347621e+04 5.314266e+04 5.325857e+04 5.387238e+04 5.515417e+04
4.221676e+05 4.221676e+05 4.221678e+05 4.221657e+05 4.221392e+05 4.190898e+05 4.123217e+05 3.975620e+05 3.887705e+05 3.833959e+05 3.792506e+05 3.801802e+05 3.837579e+05 3.865969e+05 3.844242e+05 3.734221e+05 3.521595e+05 1.954787e+05 1.137957e+05 8.205558e+04 6.813359e+04 6.130016e+04 5.768937e+04 5.453973e+04 5.346680e+04 5.313838e+04 5.325705e+04 5.387338e+04 5.515847e+04
4.027491e+05 4.027491e+05 4.027494e+05 4.027637e+05 4.028015e+05 4.018480e+05 3.967928e+05 3.903477e+05 3.839454e+05 3.790336e+05 3.762687e+05 3.787331e+05 3.832705e+05 3.866111e+05 3.846054e+05 3.735462e+05 3.521098e+05 1.949075e+05 1.133998e+05 8.182227e+04 6.799461e+04 6.121515e+04 5.763623e+04 5.451797e+04 5.345736e+04 5.313409e+04 5.325552e+04 5.387439e+04 5.516278e+04
3.890919e+05 3.890919e+05 3.890922e+05 3.890971e+05 3.891055e+05 3.885855e+05 3.849974e+05 3.827721e+05 3.796183e+05 3.761116e+05 3.738831e+05 3.775058e+05 3.829189e+05 3.867244e+05 3.848555e+05 3.737106e+05 3.520761e+05 1.943174e+05 1.129946e+05 8.158493e+04 6.785383e+04 6.112930e+04 5.758268e+04 5.449611e+04 5.344788e+04 5.312977e+04 5.325397e+04 5.387539e+04 5.516713e+04
3.785730e+05 3.785731e+05 3.785733e+05 3.785793e+05 3.785920e+05 3.783939e+05 3.760081e+05 3.755107e+05 3.753098e+05 3.738184e+05 3.726395e+05 3.766587e+05 3.827625e+05 3.869612e+05 3.851846e+05 3.739192e+05 3.520595e+05 1.937083e+05 1.125801e+05 8.134362e+04 6.771128e+04 6.104263e+04 5.752875e+04 5.447416e+04 5.343836e+04 5.312542e+04 5.325241e+04 5.387640e+04 5.517150e+04
3.703820e+05 3.703821e+05 3.703823e+05 3.703884e+05 3.704031e+05 3.704365e+05 3.690880e+05 3.693143e+05 3.711467e+05 3.717621e+05 3.723967e+05 3.764251e+05 3.828813e+05 3.873537e+05 3.856059e+05 3.741770e+05 3.520613e+05 1.930803e+05 1.121564e+05 8.109843e+04 6.756701e+04 6.095517e+04 5.747444e+04 5.445211e+04 5.342881e+04 5.312104e+04 5.325082e+04 5.387740e+04 5.517590e+04
3.641428e+05 3.641429e+05 3.641431e+05 3.641489e+05 3.641641e+05 3.643444e+05 3.638553e+05 3.645830e+05 3.675076e+05 3.698784e+05 3.727701e+05 3.770944e+05 3.833832e+05 3.879443e+05 3.861365e+05 3.744903e+05 3.520837e+05 1.924331e+05 1.117237e+05 8.084944e+04 6.742107e+04 6.086693e+04 5.741977e+04 5.442998e+04 5.341922e+04 5.311664e+04 5.324922e+04 5.387840e+04 5.518033e+04
3.573808e+05 3.573808e+05 3.573810e+05 3.573872e+05 3.574053e+05 3.578753e+05 3.589443e+05 3.615380e+05 3.642172e+05 3.684441e+05 3.788705e+05 3.878652e+05 3.940427e+05 3.961916e+05 3.915350e+05 3.773181e+05 3.526590e+05 1.889128e+05 1.094302e+05 7.955075e+04 6.666797e+04 6.041517e+04 5.714150e+04 5.431812e+04 5.337078e+04 5.309424e+04 5.324091e+04 5.388339e+04 5.520288e+04
3.744710e+05 3.744710e+05 3.744712e+05 3.744762e+05 3.744914e+05 3.749210e+05 3.760654e+05 3.794495e+05 3.816250e+05 3.845805e+05 3.933714e+05 4.034977e+05 4.106178e+05 4.113340e+05 4.030427e+05 3.841033e+05 3.550859e+05 1.849532e+05 1.069398e+05 7.817259e+04 6.588088e+04 5.994825e+04 5.685632e+04 5.420462e+04 5.332155e+04 5.307111e+04 5.323207e+04 5.388832e+04 5.522613e+04
4.028375e+05 4.028375e+05 4.028376e+05 4.028417e+05 4.028541e+05 4.032167e+05 4.042352e+05 4.075857e+05 4.096177e+05 4.118288e+05 4.171978e+05 4.234565e+05 4.278045e+05 4.261234e+05 4.147673e+05 3.919892e+05 3.589818e+05 1.807002e+05 1.042938e+05 7.673212e+04 6.506761e+04 5.946996e+04 5.656611e+04 5.408992e+04 5.327155e+04 5.304719e+04 5.322261e+04 5.389316e+04 5.525007e+04
4.371465e+05 4.371465e+05 4.371467e+05 4.371500e+05 4.371603e+05 4.374669e+05 4.383482e+05 4.411792e+05 4.425919e+05 4.436877e+05 4.448821e+05 4.451881e+05 4.436986e+05 4.373272e+05 4.222906e+05 3.963639e+05 3.605600e+05 1.765074e+05 1.015582e+05 7.525188e+04 6.423745e+04 5.898450e+04 5.627288e+04 5.397443e+04 5.322079e+04 5.302238e+04 5.321247e+04 5.389785e+04 5.527472e+04
4.747236e+05 4.747236e+05 4.747237e+05 4.747266e+05 4.747354e+05 4.749965e+05 4.755080e+05 4.751091e+05 4.739529e+05 4.722190e+05 4.674012e+05 4.614033e+05 4.538426e+05 4.423555e+05 4.235275e+05 3.950486e+05 3.576297e+05 1.722550e+05 9.883316e+04 7.376131e+04 6.340165e+04 5.849673e+04 5.597883e+04 5.385857e+04 5.316924e+04 5.299658e+04 5.320153e+04 5.390234e+04 5.530006e+04
4.980559e+05 4.980559e+05 4.980557e+05 4.980510e+05 4.980361e+05 4.974413e+05 4.954418e+05 4.891231e+05 4.854254e+05 4.815106e+05 4.731271e+05 4.639481e+05 4.531789e+05 4.386794e+05 4.175000e+05 3.876329e+05 3.497738e+05 1.674782e+05 9.626178e+04 7.229816e+04 6.257387e+04 5.801231e+04 5.568646e+04 5.374276e+04 5.311687e+04 5.296966e+04 5.318971e+04 5.390660e+04 5.532612e+04
4.725073e+05 4.725072e+05 4.725072e+05 4.725043e+05 4.724956e+05 4.722834e+05 4.717628e+05 4.694970e+05 4.675996e+05 4.652071e+05 4.590847e+05 4.511935e+05 4.408142e+05 4.261123e+05 4.046506e+05 3.748922e+05 3.377432e+05 1.620108e+05 9.380714e+04 7.091254e+04 6.177072e+04 5.753797e+04 5.539868e+04 5.362753e+04 5.306364e+04 5.294151e+04 5.317690e+04 5.391056e+04 5.535288e+04
4.411191e+05 4.411191e+05 4.411191e+05 4.411191e+05 4.411191e+05 4.411116e+05 4.410592e+05 4.404478e+05 4.396760e+05 4.385031e+05 4.348424e+05 4.291592e+05 4.205333e+05 4.071515e+05 3.868280e+05 3.583491e+05 3.228102e+05 1.559284e+05 9.138230e+04 6.966204e+04 6.101252e+04 5.708177e+04 5.511896e+04 5.351346e+04 5.300956e+04 5.291198e+04 5.316299e+04 5.391418e+04 5.538037e+04
4.149778e+05 4.149778e+05 4.149778e+05 4.149777e+05 4.149763e+05 4.148503e+05 4.144393e+05 4.130836e+05 4.121576e+05 4.110397e+05 4.080796e+05 4.036642e+05 3.965764e+05 3.848231e+05 3.662198e+05 3.396533e+05 3.062695e+05 1.494536e+05 8.895038e+04 6.851612e+04 6.032697e+04 5.665338e+04 5.485147e+04 5.340134e+04 5.295464e+04 5.288098e+04 5.314790e+04 5.391742e+04 5.540859e+04
3.858765e+05 3.858765e+05 3.858764e+05 3.858755e+05 3.858728e+05 3.857896e+05 3.855458e+05 3.845459e+05 3.837978e+05 3.828973e+05 3.805868e+05 3.771688e+05 3.714056e+05 3.612596e+05 3.445400e+05 3.201442e+05 2.891695e+05 1.428480e+05 8.650930e+04 6.743976e+04 5.973751e+04 5.626487e+04 5.460125e+04 5.329215e+04 5.289898e+04 5.284841e+04 5.313152e+04 5.392023e+04 5.543756e+04
3.563405e+05 3.563405e+05 3.563405e+05 3.563403e+05 3.563396e+05 3.563156e+05 3.562348e+05 3.558192e+05 3.554438e+05 3.549402e+05 3.534849e+05 3.510557e+05 3.465000e+05 3.378552e+05 3.229844e+05 3.007870e+05 2.722684e+05 1.363404e+05 8.408193e+04 6.641115e+04 5.922036e+04 5.593394e+04 5.437446e+04 5.318715e+04 5.284276e+04 5.281421e+04 5.311379e+04 5.392259e+04 5.546732e+04
3.300750e+05 3.300750e+05 3.300750e+05 3.300748e+05 3.300743e+05 3.300579e+05 3.300004e+05 3.297317e+05 3.295033e+05 3.291976e+05 3.282760e+05 3.265622e+05 3.229553e+05 3.155804e+05 3.023752e+05 2.822429e+05 2.560790e+05 1.300967e+05 8.170392e+04 6.541765e+04 5.875562e+04 5.566853e+04 5.417915e+04 5.308793e+04 5.278628e+04 5.277839e+04 5.309467e+04 5.392449e+04 5.549789e+04
3.068328e+05 3.068328e+05 3.068328e+05 3.068326e+05 3.068322e+05 3.068169e+05 3.067698e+05 3.065737e+05 3.064149e+05 3.062067e+05 3.055762e+05 3.043092e+05 3.013719e+05 2.949921e+05 2.831992e+05 2.649099e+05 2.409096e+05 1.242197e+05 7.941248e+04 6.445438e+04 5.832845e+04 5.545116e+04 5.402772e+04 5.299652e+04 5.272998e+04 5.274099e+04 5.307414e+04 5.392593e+04 5.552933e+04
2.862229e+05 2.862229e+05 2.862229e+05 2.862229e+05 2.862228e+05 2.862169e+05 2.861936e+05 2.860719e+05 2.859651e+05 2.858212e+05 2.853683e+05 2.843798e+05 2.819024e+05 2.762805e+05 2.656518e+05 2.489626e+05 2.269010e+05 1.187601e+05 7.723873e+04 6.352244e+04 5.792766e+04 5.526875e+04 5.392047e+04 5.291543e+04 5.267447e+04 5.270214e+04 5.305222e+04 5.392695e+04 5.556170e+04
2.680872e+05 2.680872e+05 2.680872e+05 2.680872e+05 2.680871e+05 2.680827e+05 2.680655e+05 2.679779e+05 2.678986e+05 2.677889e+05 2.674314e+05 2.666072e+05 2.644414e+05 2.593963e+05 2.497241e+05 2.344134e+05 2.140712e+05 1.137315e+05 7.520425e+04 6.262657e+04 5.754546e+04 5.511079e+04 5.384476e+04 5.284796e+04 5.262055e+04 5.266206e+04 5.302899e+04 5.392760e+04 5.559510e+04
2.520844e+05 2.520844e+05 2.520844e+05 2.520843e+05 2.520842e+05 2.520806e+05 2.520643e+05 2.519710e+05 2.518882e+05 2.517788e+05 2.514453e+05 2.507065e+05 2.487560e+05 2.441633e+05 2.352914e+05 2.211775e+05 2.023618e+05 1.091236e+05 7.332067e+04 6.177297e+04 5.717714e+04 5.496861e+04 5.379140e+04 5.279885e+04 5.256928e+04 5.262105e+04 5.300455e+04 5.392796e+04 5.562963e+04
2.377428e+05 2.377428e+05 2.377428e+05 2.377426e+05 2.377423e+05 2.377298e+05 2.376915e+05 2.375520e+05 2.374546e+05 2.373382e+05 2.370175e+05 2.363455e+05 2.345718e+05 2.303623e+05 2.221850e+05 2.091285e+05 1.916795e+05 1.049123e+05 7.159114e+04 6.096755e+04 5.682051e+04 5.483530e+04 5.375271e+04 5.277453e+04 5.252199e+04 5.257957e+04 5.297909e+04 5.392817e+04 5.566542e+04
2.243438e+05 2.243438e+05 2.243438e+05 2.243438e+05 2.243437e+05 2.243394e+05 2.243240e+05 2.242452e+05 2.241786e+05 2.240930e+05 2.238386e+05 2.232598e+05 2.216614e+05 2.178012e+05 2.102469e+05 1.981405e+05 1.819255e+05 1.010675e+05 7.001242e+04 6.021481e+04 5.647527e+04 5.470571e+04 5.372210e+04 5.276990e+04 5.248039e+04 5.253816e+04 5.295287e+04 5.392839e+04 5.570262e+04
2.121397e+05 2.121397e+05 2.121397e+05 2.121397e+05 2.121397e+05 2.121373e+05 2.121281e+05 2.120824e+05 2.120417e+05 2.119864e+05 2.118028e+05 2.113198e+05 2.098877e+05 2.063460e+05 1.993548e+05 1.881071e+05 1.730112e+05 9.755755e+04 6.857696e+04 5.951735e+04 5.614222e+04 5.457630e+04 5.369404e+04 5.277844e+04 5.244681e+04 5.249754e+04 5.292620e+04 5.392882e+04 5.574142e+04
2.011178e+05 2.011178e+05 2.011178e+05 2.011177e+05 2.011177e+05 2.011159e+05 2.011090e+05 2.010747e+05 2.010450e+05 2.010046e+05 2.008645e+05 2.004538e+05 1.991621e+05 1.959011e+05 1.894138e+05 1.789410e+05 1.648600e+05 9.435134e+04 6.727460e+04 5.887574e+04 5.582268e+04 5.444491e+04 5.366405e+04 5.279519e+04 5.242498e+04 5.245862e+04 5.289950e+04 5.392973e+04 5.578204e+04
1.911413e+05 1.911413e+05 1.911413e+05 1.911413e+05 1.911412e+05 1.911398e+05 1.911342e+05 1.911063e+05 1.910823e+05 1.910500e+05 1.909354e+05 1.905754e+05 1.893969e+05 1.863784e+05 1.803390e+05 1.705636e+05 1.574024e+05 9.141971e+04 6.609387e+04 5.828879e+04 5.551794e+04 5.431051e+04 5.362870e+04 5.281584e+04 5.241696e+04 5.242249e+04 5.287327e+04 5.393142e+04 5.582473e+04
1.820799e+05 1.820799e+05 1.820799e+05 1.820798e+05 1.820798e+05 1.820786e+05 1.820739e+05 1.820506e+05 1.820305e+05 1.820034e+05 1.819054e+05 1.815819e+05 1.804958e+05 1.776872e+05 1.720463e+05 1.628993e+05 1.505729e+05 8.873562e+04 6.502288e+04 5.775388e+04 5.522899e+04 5.417287e+04 5.358555e+04 5.283661e+04 5.241811e+04 5.239058e+04 5.284811e+04 5.393428e+04 5.586979e+04
1.738197e+05 1.738197e+05 1.738197e+05 1.738197e+05 1.738197e+05 1.738188e+05 1.738150e+05 1.737954e+05 1.737779e+05 1.737541e+05 1.736667e+05 1.733704e+05 1.723612e+05 1.697370e+05 1.644533e+05 1.558753e+05 1.443088e+05 8.627413e+04 6.404987e+04 5.726731e+04 5.495627e+04 5.403228e+04 5.353302e+04 5.285417e+04 5.242494e+04 5.236486e+04 5.282476e+04 5.393874e+04 5.591755e+04
1.662675e+05 1.662675e+05 1.662675e+05 1.662675e+05 1.662675e+05 1.662665e+05 1.662625e+05 1.662416e+05 1.662239e+05 1.662006e+05 1.661186e+05 1.658436e+05 1.649014e+05 1.624425e+05 1.574826e+05 1.494234e+05 1.385519e+05 8.401245e+04 6.316363e+04 5.682472e+04 5.469967e+04 5.388928e+04 5.347026e+04 5.286571e+04 5.243462e+04 5.234841e+04 5.280407e+04 5.394530e+04 5.596838e+04
1.593114e+05 1.593114e+05 1.593114e+05 1.593113e+05 1.593113e+05 1.593095e+05 1.593040e+05 1.592814e+05 1.592642e+05 1.592425e+05 1.591679e+05 1.589144e+05 1.580349e+05 1.557280e+05 1.510654e+05 1.434825e+05 1.332495e+05 8.192990e+04 6.235367e+04 5.642133e+04 5.445853e+04 5.374450e+04 5.339701e+04 5.286887e+04 5.244470e+04 5.234054e+04 5.278710e+04 5.395454e+04 5.602272e+04
1.528497e+05 1.528497e+05 1.528497e+05 1.528497e+05 1.528497e+05 1.528492e+05 1.528467e+05 1.528335e+05 1.528218e+05 1.528058e+05 1.527448e+05 1.525157e+05 1.516968e+05 1.495317e+05 1.451439e+05 1.380001e+05 1.283558e+05 8.000789e+04 6.161036e+04 5.605227e+04 5.423172e+04 5.359846e+04 5.331342e+04 5.286183e+04 5.245301e+04 5.233835e+04 5.277517e+04 5.396713e+04 5.608103e+04
1.468873e+05 1.468873e+05 1.468873e+05 1.468873e+05 1.468873e+05 1.468869e+05 1.468851e+05 1.468760e+05 1.468679e+05 1.468565e+05 1.468077e+05 1.466015e+05 1.458390e+05 1.438049e+05 1.396707e+05 1.329322e+05 1.238313e+05 7.822976e+04 6.092498e+04 5.571269e+04 5.401776e+04 5.345159e+04 5.321993e+04 5.284321e+04 5.245764e+04 5.233987e+04 5.277016e+04 5.398384e+04 5.614384e+04
1.413833e+05 1.413833e+05 1.413833e+05 1.413833e+05 1.413833e+05 1.413832e+05 1.413824e+05 1.413764e+05 1.413705e+05 1.413621e+05 1.413219e+05 1.411344e+05 1.404218e+05 1.385071e+05 1.346057e+05 1.282409e+05 1.196417e+05 7.658062e+04 6.028966e+04 5.539796e+04 5.381492e+04 5.330408e+04 5.311714e+04 5.281211e+04 5.245696e+04 5.234350e+04 5.277419e+04 5.400556e+04 5.621175e+04
1.363027e+05 1.363027e+05 1.363027e+05 1.363027e+05 1.363027e+05 1.363026e+05 1.363018e+05 1.362968e+05 1.362921e+05 1.362852e+05 1.362504e+05 1.360772e+05 1.354077e+05 1.336005e+05 1.299124e+05 1.238917e+05 1.157559e+05 7.504715e+04 5.969741e+04 5.510375e+04 5.362131e+04 5.315597e+04 5.300573e+04 5.276803e+04 5.244958e+04 5.234787e+04 5.278558e+04 5.403333e+04 5.628541e+04
1.316015e+05 1.316015e+05 1.316015e+05 1.316015e+05 1.316015e+05 1.316014e+05 1.316008e+05 1.315966e+05 1.315924e+05 1.315862e+05 1.315540e+05 1.313913e+05 1.307589e+05 1.290486e+05 1.255559e+05 1.198525e+05 1.121453e+05 7.361739e+04 5.914204e+04 5.482607e+04 5.343500e+04 5.300711e+04 5.288638e+04 5.271081e+04 5.243441e+04 5.235176e+04 5.280278e+04 5.406847e+04 5.636554e+04
1.272418e+05 1.272418e+05 1.272418e+05 1.272418e+05 1.272418e+05 1.272417e+05 1.272411e+05 1.272364e+05 1.272317e+05 1.272250e+05 1.271929e+05 1.270375e+05 1.264374e+05 1.248155e+05 1.215027e+05 1.160931e+05 1.087835e+05 7.228057e+04 5.861807e+04 5.456133e+04 5.325409e+04 5.285723e+04 5.275975e+04 5.264062e+04 5.241060e+04 5.235413e+04 5.282471e+04 5.411292e+04 5.645297e+04
1.231835e+05 1.231835e+05 1.231835e+05 1.231835e+05 1.231835e+05 1.231830e+05 1.231812e+05 1.231733e+05 1.231671e+05 1.231591e+05 1.231261e+05 1.229772e+05 1.224071e+05 1.208672e+05 1.177220e+05 1.125858e+05 1.056462e+05 7.102707e+04 5.812073e+04 5.430635e+04 5.307677e+04 5.270595e+04 5.262643e+04 5.255787e+04 5.237759e+04 5.235411e+04 5.285049e+04 5.416748e+04 5.654862e+04
1.193697e+05 1.193697e+05 1.193697e+05 1.193696e+05 1.193696e+05 1.193691e+05 1.193673e+05 1.193598e+05 1.193541e+05 1.193468e+05 1.193164e+05 1.191764e+05 1.186362e+05 1.171745e+05 1.141867e+05 1.093063e+05 1.027122e+05 6.984827e+04 5.764586e+04 5.405835e+04 5.290136e+04 5.255283e+04 5.248694e+04 5.246318e+04 5.233504e+04 5.235096e+04 5.287939e+04 5.423078e+04 5.665358e+04
1.157764e+05 1.157764e+05 1.157764e+05 1.157764e+05 1.157764e+05 1.157764e+05 1.157761e+05 1.157731e+05 1.157700e+05 1.157653e+05 1.157409e+05 1.156117e+05 1.151017e+05 1.137146e+05 1.108750e+05 1.062343e+05 9.996327e+04 6.873653e+04 5.718985e+04 5.381494e+04 5.272635e+04 5.239742e+04 5.234173e+04 5.235730e+04 5.228286e+04 5.234412e+04 5.291081e+04 5.430204e+04 5.676922e+04
1.124144e+05 1.124144e+05 1.124144e+05 1.124144e+05 1.124144e+05 1.124144e+05 1.124143e+05 1.124129e+05 1.124111e+05 1.124081e+05 1.123883e+05 1.122691e+05 1.117873e+05 1.104701e+05 1.077693e+05 1.033527e+05 9.738372e+04 6.768508e+04 5.674964e+04 5.357413e+04 5.255042e+04 5.223927e+04 5.219122e+04 5.224108e+04 5.222118e+04 5.233317e+04 5.294422e+04 5.438068e+04 5.689738e+04
1.092698e+05 1.092698e+05 1.092698e+05 1.092698e+05 1.092698e+05 1.092698e+05 1.092698e+05 1.092685e+05 1.092670e+05 1.092645e+05 1.092469e+05 1.091353e+05 1.086788e+05 1.074261e+05 1.048544e+05 1.006469e+05 9.495985e+04 6.668792e+04 5.632263e+04 5.333426e+04 5.237247e+04 5.207797e+04 5.203573e+04 5.211547e+04 5.215031e+04 5.231786e+04 5.297924e+04 5.446630e+04 5.703789e+04
1.063236e+05 1.063236e+05 1.063236e+05 1.063236e+05 1.063236e+05 1.063235e+05 1.063231e+05 1.063210e+05 1.063193e+05 1.063168e+05 1.063003e+05 1.061950e+05 1.057610e+05 1.045676e+05 1.021157e+05 9.810310e+04 9.267908e+04 6.573977e+04 5.590665e+04 5.309403e+04 5.219158e+04 5.191318e+04 5.187559e+04 5.198142e+04 5.207073e+04 5.229808e+04 5.301554e+04 5.455857e+04 5.718996e+04
1.035498e+05 1.035498e+05 1.035498e+05 1.035498e+05 1.035498e+05 1.035498e+05 1.035498e+05 1.035491e+05 1.035482e+05 1.035465e+05 1.035320e+05 1.034324e+05 1.030188e+05 1.018800e+05 9.953922e+04 9.570803e+04 9.052956e+04 6.483598e+04 5.549992e+04 5.285242e+04 5.200706e+04 5.174463e+04 5.171109e+04 5.183992e+04 5.198305e+04 5.227390e+04 5.305293e+04 5.465727e+04 5.735323e+04
1.009432e+05 1.009432e+05 1.009432e+05 1.009432e+05 1.009432e+05 1.009434e+05 1.009438e+05 1.009443e+05 1.009439e+05 1.009426e+05 1.009289e+05 1.008335e+05 1.004377e+05 9.934878e+04 9.711102e+04 9.344899e+04 8.850006e+04 6.397243e+04 5.510101e+04 5.260871e+04 5.181841e+04 5.157213e+04 5.154252e+04 5.169196e+04 5.188802e+04 5.224547e+04 5.309130e+04 5.476222e+04 5.752747e+04
9.849893e+04 9.849893e+04 9.849893e+04 9.849893e+04 9.849893e+04 9.849895e+04 9.849881e+04 9.849712e+04 9.849534e+04 9.849267e+04 9.847676e+04 9.838304e+04 9.800253e+04 9.695928e+04 9.481748e+04 9.131376e+04 8.657998e+04 6.314550e+04 5.470878e+04 5.236240e+04 5.162530e+04 5.139559e+04 5.137019e+04 5.153848e+04 5.178646e+04 5.221313e+04 5.313063e+04 5.487334e+04 5.771258e+04
9.618757e+04 9.618757e+04 9.618757e+04 9.618757e+04 9.618756e+04 9.618715e+04 9.618581e+04 9.618080e+04 9.617731e+04 9.617306e+04 9.615487e+04 9.606282e+04 9.569682e+04 9.469683e+04 9.264553e+04 8.929094e+04 8.475967e+04 6.235205e+04 5.432234e+04 5.211322e+04 5.142759e+04 5.121503e+04 5.119440e+04 5.138045e+04 5.167927e+04 5.217730e+04 5.317102e+04 5.499059e+04 5.790850e+04
9.397232e+04 9.397232e+04 9.397232e+04 9.397232e+04 9.397232e+04 9.397219e+04 9.397155e+04 9.396811e+04 9.396528e+04 9.396159e+04 9.394468e+04 9.385684e+04 9.350651e+04 9.254881e+04 9.058397e+04 8.737072e+04 8.303075e+04 6.158931e+04 5.394105e+04 5.186109e+04 5.122529e+04 5.103054e+04 5.101549e+04 5.121877e+04 5.156741e+04 5.213852e+04 5.321264e+04 5.511401e+04 5.811524e+04
9.185808e+04 9.185808e+04 9.185808e+04 9.185808e+04 9.185808e+04 9.185798e+04 9.185767e+04 9.185604e+04 9.185452e+04 9.185228e+04 9.183862e+04 9.175672e+04 9.142290e+04 9.050654e+04 8.862442e+04 8.554534e+04 8.138631e+04 6.085489e+04 5.356442e+04 5.160608e+04 5.101855e+04 5.084232e+04 5.083382e+04 5.105434e+04 5.145186e+04 5.209743e+04 5.325577e+04 5.524370e+04 5.833286e+04
8.984886e+04 8.984886e+04 8.984886e+04 8.984886e+04 8.984887e+04 8.984890e+04 8.984891e+04 8.984852e+04 8.984790e+04 8.984671e+04 8.983576e+04 8.975944e+04 8.944142e+04 8.856447e+04 8.676085e+04 8.380878e+04 7.982071e+04 6.014670e+04 5.319214e+04 5.134838e+04 5.080762e+04 5.065063e+04 5.064981e+04 5.088801e+04 5.133363e+04 5.205473e+04 5.330077e+04 5.537984e+04 5.856147e+04
8.794485e+04 8.794485e+04 8.794485e+04 8.794485e+04 8.794485e+04 8.794494e+04 8.794513e+04 8.794525e+04 8.794491e+04 8.794406e+04 8.793429e+04 8.786209e+04 8.755819e+04 8.671796e+04 8.498819e+04 8.215585e+04 7.832903e+04 5.946289e+04 5.282405e+04 5.108834e+04 5.059290e+04 5.045584e+04 5.046387e+04 5.072062e+04 5.121375e+04 5.201122e+04 5.334807e+04 5.552265e+04 5.880123e+04
8.614204e+04 8.614204e+04 8.614204e+04 8.614204e+04 8.614203e+04 8.614195e+04 8.614171e+04 8.614063e+04 8.613973e+04 8.613844e+04 8.612852e+04 8.605924e+04 8.576792e+04 8.496177e+04 8.330126e+04 8.058157e+04 7.690664e+04 5.880186e+04 5.246009e+04 5.082636e+04 5.037485e+04 5.025837e+04 5.027647e+04 5.055297e+04 5.109322e+04 5.196773e+04 5.339822e+04 5.567243e+04 5.905234e+04
8.442333e+04 8.442333e+04 8.442333e+04 8.442332e+04 8.442332e+04 8.442321e+04 8.442284e+04 8.442155e+04 8.442063e+04 8.441939e+04 8.441004e+04 8.434381e+04 8.406435e+04 8.329014e+04 8.169464e+04 7.908091e+04 7.554904e+04 5.816223e+04 5.210033e+04 5.056296e+04 5.015400e+04 5.005871e+04 5.008812e+04 5.038585e+04 5.097308e+04 5.192516e+04 5.345178e+04 5.582955e+04 5.931504e+04
8.278044e+04 8.278044e+04 8.278044e+04 8.278044e+04 8.278044e+04 8.278056e+04 8.278085e+04 8.278135e+04 8.278132e+04 8.278088e+04 8.277304e+04 8.271012e+04 8.244185e+04 8.169751e+04 8.016301e+04 7.764895e+04 7.425187e+04 5.754280e+04 5.174494e+04 5.029868e+04 4.993097e+04 4.985740e+04 4.989934e+04 5.022002e+04 5.085432e+04 5.188443e+04 5.350944e+04 5.599441e+04 5.958964e+04
8.122225e+04 8.122225e+04 8.122225e+04 8.122225e+04 8.122225e+04 8.122231e+04 8.122244e+04 8.122271e+04 8.122266e+04 8.122224e+04 8.121465e+04 8.115390e+04 8.089542e+04 8.017862e+04 7.870116e+04 7.628085e+04 7.301092e+04 5.694256e+04 5.139414e+04 5.003416e+04 4.970641e+04 4.965504e+04 4.971069e+04 5.005624e+04 5.073792e+04 5.184651e+04 5.357189e+04 5.616751e+04 5.987647e+04
7.974034e+04 7.974034e+04 7.974034e+04 7.974034e+04 7.974035e+04 7.974039e+04 7.974040e+04 7.973984e+04 7.973913e+04 7.973799e+04 7.972916e+04 7.966925e+04 7.941907e+04 7.872760e+04 7.730364e+04 7.497177e+04 7.182208e+04 5.636067e+04 5.104825e+04 4.977003e+04 4.948101e+04 4.945225e+04 4.952277e+04 4.989523e+04 5.062487e+04 5.181237e+04 5.363992e+04 5.634937e+04 6.017591e+04
7.832415e+04 7.832415e+04 7.832415e+04 7.832415e+04 7.832414e+04 7.832398e+04 7.832342e+04 7.832120e+04 7.831960e+04 7.831757e+04 7.830728e+04 7.824799e+04 7.800556e+04 7.733808e+04 7.596486e+04 7.371699e+04 7.068153e+04 5.579645e+04 5.070761e+04 4.950697e+04 4.925548e+04 4.924970e+04 4.933618e+04 4.973772e+04 5.051612e+04 5.178301e+04 5.371434e+04 5.654060e+04 6.048839e+04
7.695669e+04 7.695669e+04 7.695669e+04 7.695669e+04 7.695668e+04 7.695656e+04 7.695609e+04 7.695401e+04 7.695237e+04 7.695027e+04 7.693997e+04 7.688237e+04 7.664822e+04 7.600426e+04 7.467990e+04 7.251239e+04 6.958595e+04 5.524934e+04 5.037261e+04 4.924567e+04 4.903057e+04 4.904805e+04 4.915156e+04 4.958443e+04 5.041259e+04 5.175942e+04 5.379601e+04 5.674182e+04 6.081439e+04
7.563635e+04 7.563635e+04 7.563635e+04 7.563635e+04 7.563635e+04 7.563624e+04 7.563589e+04 7.563439e+04 7.563322e+04 7.563164e+04 7.562263e+04 7.556790e+04 7.534272e+04 7.472211e+04 7.344509e+04 7.135479e+04 6.853270e+04 5.471890e+04 5.004363e+04 4.898681e+04 4.880703e+04 4.884803e+04 4.896955e+04 4.943608e+04 5.031522e+04 5.174263e+04 5.388582e+04 5.695374e+04 6.115441e+04
7.436358e+04 7.436358e+04 7.436358e+04 7.436358e+04 7.436359e+04 7.436363e+04 7.436370e+04 7.436344e+04 7.436298e+04 7.436216e+04 7.435482e+04 7.430328e+04 7.408718e+04 7.348940e+04 7.225810e+04 7.024194e+04 6.751976e+04 5.420475e+04 4.972109e+04 4.873108e+04 4.858560e+04 4.865034e+04 4.879083e+04 4.929337e+04 5.022490e+04 5.173363e+04 5.398471e+04 5.717708e+04 6.150902e+04
7.314452e+04 7.314452e+04 7.314452e+04 7.314452e+04 7.314452e+04 7.314457e+04 7.314464e+04 7.314455e+04 7.314428e+04 7.314371e+04 7.313725e+04 7.308834e+04 7.288074e+04 7.230480e+04 7.111731e+04 6.917216e+04 6.654555e+04 5.370657e+04 4.940537e+04 4.847914e+04 4.836703e+04 4.845571e+04 4.861608e+04 4.915701e+04 5.014253e+04 5.173344e+04 5.409361e+04 5.741263e+04 6.187881e+04
7.197674e+04 7.197674e+04 7.197674e+04 7.197674e+04 7.197674e+04 7.197671e+04 7.197659e+04 7.197601e+04 7.197555e+04 7.197488e+04 7.196867e+04 7.192184e+04 7.172210e+04 7.116690e+04 7.002126e+04 6.814396e+04 6.560866e+04 5.322408e+04 4.909687e+04 4.823168e+04 4.815207e+04 4.826487e+04 4.844597e+04 4.902772e+04 5.006899e+04 5.174307e+04 5.421351e+04 5.766119e+04 6.226441e+04
7.085297e+04 7.085297e+04 7.085297e+04 7.085297e+04 7.085297e+04 7.085297e+04 7.085293e+04 7.085265e+04 7.085236e+04 7.085188e+04 7.084629e+04 7.080162e+04 7.060946e+04 7.007410e+04 6.896842e+04 6.715592e+04 6.470781e+04 5.275702e+04 4.879600e+04 4.798935e+04 4.794147e+04 4.807855e+04 4.828123e+04 4.890621e+04 5.000514e+04 5.176352e+04 5.434539e+04 5.792362e+04 6.266651e+04
6.977294e+04 6.977294e+04 6.977294e+04 6.977294e+04 6.977294e+04 6.977298e+04 6.977307e+04 6.977323e+04 6.977325e+04 6.977311e+04 6.976843e+04 6.972609e+04 6.954130e+04 6.902492e+04 6.795736e+04 6.620666e+04 6.384173e+04 5.230519e+04 4.850316e+04 4.775280e+04 4.773596e+04 4.789750e+04 4.812255e+04 4.879319e+04 4.995184e+04 5.179579e+04 5.449027e+04 5.820080e+04 6.308581e+04
6.873719e+04 6.873719e+04 6.873719e+04 6.873719e+04 6.873719e+04 6.873727e+04 6.873745e+04 6.873793e+04 6.873819e+04 6.873833e+04 6.873449e+04 6.869432e+04 6.851650e+04 6.801811e+04 6.698677e+04 6.529488e+04 6.300921e+04 5.186839e+04 4.821875e+04 4.752267e+04 4.753627e+04 4.772245e+04 4.797066e+04 4.868941e+04 4.990997e+04 5.184089e+04 5.464915e+04 5.849363e+04 6.352306e+04
6.774531e+04 6.774531e+04 6.774531e+04 6.774531e+04 6.774531e+04 6.774539e+04 6.774559e+04 6.774627e+04 6.774669e+04 6.774703e+04 6.774377e+04 6.770542e+04 6.753393e+04 6.705235e+04 6.605523e+04 6.441920e+04 6.220900e+04 5.144651e+04 4.794321e+04 4.729960e+04 4.734311e+04 4.755415e+04 4.782628e+04 4.859559e+04 4.988037e+04 5.189980e+04 5.482308e+04 5.880306e+04 6.397903e+04
6.679605e+04 6.679605e+04 6.679605e+04 6.679605e+04 6.679605e+04 6.679615e+04 6.679640e+04 6.679723e+04 6.679772e+04 6.679812e+04 6.679504e+04 6.675792e+04 6.659195e+04 6.612592e+04 6.516103e+04 6.357800e+04 6.143971e+04 5.103945e+04 4.767697e+04 4.708422e+04 4.715720e+04 4.739332e+04 4.769015e+04 4.851249e+04 4.986390e+04 5.197352e+04 5.501307e+04 5.913004e+04 6.445453e+04
6.588820e+04 6.588820e+04 6.588820e+04 6.588820e+04 6.588820e+04 6.588829e+04 6.588854e+04 6.588918e+04 6.588945e+04 6.588958e+04 6.588594e+04 6.584934e+04 6.568807e+04 6.523642e+04 6.430199e+04 6.276940e+04 6.069981e+04 5.064718e+04 4.742049e+04 4.687714e+04 4.697925e+04 4.724072e+04 4.756302e+04 4.844087e+04 4.986144e+04 5.206305e+04 5.522020e+04 5.947555e+04 6.495040e+04
6.501883e+04 6.501883e+04 6.501883e+04 6.501883e+04 6.501883e+04 6.501876e+04 6.501857e+04 6.501795e+04 6.501754e+04 6.501701e+04 6.501229e+04 6.497585e+04 6.481888e+04 6.438089e+04 6.347557e+04 6.199136e+04 5.998771e+04 5.026971e+04 4.717422e+04 4.667900e+04 4.680997e+04 4.709708e+04 4.744563e+04 4.838149e+04 4.987385e+04 5.216938e+04 5.544549e+04 5.984058e+04 6.546750e+04
6.417625e+04 6.417625e+04 6.417625e+04 6.417625e+04 6.417624e+04 6.417618e+04 6.417595e+04 6.417511e+04 6.417453e+04 6.417382e+04 6.416886e+04 6.413320e+04 6.398087e+04 6.355639e+04 6.267938e+04 6.124194e+04 5.930199e+04 4.990710e+04 4.693862e+04 4.649040e+04 4.665004e+04 4.696315e+04 4.733876e+04 4.833517e+04 4.990200e+04 5.229350e+04 5.569002e+04 6.022617e+04 6.600671e+04
6.335741e+04 6.335741e+04 6.335741e+04 6.335741e+04 6.335742e+04 6.335745e+04 6.335752e+04 6.335751e+04 6.335736e+04 6.335706e+04 6.335293e+04 6.331893e+04 6.317177e+04 6.276091e+04 6.191167e+04 6.051975e+04 5.864157e+04 4.955949e+04 4.671416e+04 4.631194e+04 4.650017e+04 4.683969e+04 4.724319e+04 4.830270e+04 4.994680e+04 5.243643e+04 5.595485e+04 6.063332e+04 6.656894e+04
6.256748e+04 6.256748e+04 6.256748e+04 6.256748e+04 6.256748e+04 6.256752e+04 6.256761e+04 6.256788e+04 6.256803e+04 6.256809e+04 6.256489e+04 6.253275e+04 6.239093e+04 6.199357e+04 6.117152e+04 5.982392e+04 5.800576e+04 4.922702e+04 4.650130e+04 4.614423e+04 4.636106e+04 4.672745e+04 4.715970e+04 4.828493e+04 5.000914e+04 5.259916e+04 5.624104e+04 6.106309e+04 6.715513e+04
6.180655e+04 6.180655e+04 6.180655e+04 6.180655e+04 6.180656e+04 6.180663e+04 6.180684e+04 6.180746e+04 6.180782e+04 6.180812e+04 6.180558e+04 6.177508e+04 6.163836e+04 6.125411e+04 6.045850e+04 5.915400e+04 5.739417e+04 4.890989e+04 4.630049e+04 4.598788e+04 4.623341e+04 4.662721e+04 4.708911e+04 4.828269e+04 5.008995e+04 5.278271e+04 5.654968e+04 6.151652e+04 6.776621e+04
6.107573e+04 6.107573e+04 6.107573e+04 6.107573e+04 6.107573e+04 6.107580e+04 6.107601e+04 6.107667e+04 6.107706e+04 6.107739e+04 6.107509e+04 6.104583e+04 6.091384e+04 6.054220e+04 5.977226e+04 5.850967e+04 5.680654e+04 4.860828e+04 4.611218e+04 4.584347e+04 4.611793e+04 4.653975e+04 4.703225e+04 4.829688e+04 5.019016e+04 5.298811e+04 5.688184e+04 6.199470e+04 6.840316e+04
6.037386e+04 6.037386e+04 6.037386e+04 6.037386e+04 6.037386e+04 6.037388e+04 6.037396e+04 6.037425e+04 6.037446e+04 6.037465e+04 6.037230e+04 6.034410e+04 6.021664e+04 5.985728e+04 5.911235e+04 5.789057e+04 5.624262e+04 4.832235e+04 4.593681e+04 4.571163e+04 4.601534e+04 4.646586e+04 4.698996e+04 4.832840e+04 5.031074e+04 5.321639e+04 5.723863e+04 6.249867e+04 6.906696e+04
5.969667e+04 5.969667e+04 5.969667e+04 5.969667e+04 5.969667e+04 5.969669e+04 5.969675e+04 5.969699e+04 5.969721e+04 5.969747e+04 5.969550e+04 5.966870e+04 5.954597e+04 5.919880e+04 5.847839e+04 5.729643e+04 5.570219e+04 4.805225e+04 4.577481e+04 4.559296e+04 4.592638e+04 4.640638e+04 4.696313e+04 4.837817e+04 5.045266e+04 5.346860e+04 5.762112e+04 6.302954e+04 6.975859e+04
5.904216e+04 5.904216e+04 5.904216e+04 5.904217e+04 5.904217e+04 5.904230e+04 5.904263e+04 5.904369e+04 5.904440e+04 5.904515e+04 5.904429e+04 5.901941e+04 5.890167e+04 5.856665e+04 5.787026e+04 5.672711e+04 5.518512e+04 4.779811e+04 4.562663e+04 4.548810e+04 4.585180e+04 4.636213e+04 4.695265e+04 4.844715e+04 5.061693e+04 5.374580e+04 5.803043e+04 6.358839e+04 7.047907e+04
5.841560e+04 5.841560e+04 5.841560e+04 5.841560e+04 5.841560e+04 5.841574e+04 5.841616e+04 5.841771e+04 5.841879e+04 5.841999e+04 5.842021e+04 5.839727e+04 5.828444e+04 5.796123e+04 5.728817e+04 5.618265e+04 5.469134e+04 4.756004e+04 4.549275e+04 4.539770e+04 4.579239e+04 4.633400e+04 4.695946e+04 4.853635e+04 5.080458e+04 5.404907e+04 5.846767e+04 6.417633e+04 7.122942e+04
5.781896e+04 5.781896e+04 5.781896e+04 5.781896e+04 5.781897e+04 5.781912e+04 5.781957e+04 5.782131e+04 5.782256e+04 5.782398e+04 5.782484e+04 5.780340e+04 5.769499e+04 5.738295e+04 5.673224e+04 5.566300e+04 5.422070e+04 4.733819e+04 4.537366e+04 4.532246e+04 4.574895e+04 4.632288e+04 4.698451e+04 4.864678e+04 5.101667e+04 5.437950e+04 5.893397e+04 6.479444e+04 7.201065e+04
5.725206e+04 5.725206e+04 5.725206e+04 5.725206e+04 5.725207e+04 5.725224e+04 5.725274e+04 5.725464e+04 5.725596e+04 5.725745e+04 5.725850e+04 5.723798e+04 5.713335e+04 5.683165e+04 5.620219e+04 5.516779e+04 5.377280e+04 4.713271e+04 4.526989e+04 4.526310e+04 4.572233e+04 4.632971e+04 4.702881e+04 4.877950e+04 5.125427e+04 5.473820e+04 5.943044e+04 6.544386e+04 7.282381e+04
5.671493e+04 5.671493e+04 5.671493e+04 5.671493e+04 5.671493e+04 5.671510e+04 5.671557e+04 5.671718e+04 5.671829e+04 5.671952e+04 5.672013e+04 5.669995e+04 5.659846e+04 5.630636e+04 5.569711e+04 5.469624e+04 5.334703e+04 4.694378e+04 4.518202e+04 4.522036e+04 4.571340e+04 4.635547e+04 4.709339e+04 4.893560e+04 5.151851e+04 5.512630e+04 5.995823e+04 6.612569e+04 7.366994e+04
5.620444e+04 5.620444e+04 5.620444e+04 5.620444e+04 5.620445e+04 5.620452e+04 5.620473e+04 5.620560e+04 5.620629e+04 5.620711e+04 5.620704e+04 5.618698e+04 5.608839e+04 5.580542e+04 5.521567e+04 5.424728e+04 5.294260e+04 4.677171e+04 4.511069e+04 4.519507e+04 4.572311e+04 4.640115e+04 4.717932e+04 4.911623e+04 5.181052e+04 5.554494e+04 6.051848e+04 6.684106e+04 7.455008e+04
5.571380e+04 5.571380e+04 5.571380e+04 5.571380e+04 5.571380e+04 5.571387e+04 5.571408e+04 5.571489e+04 5.571551e+04 5.571625e+04 5.571605e+04 5.569653e+04 5.560104e+04 5.532716e+04 5.475651e+04 5.381990e+04 5.255883e+04 4.661686e+04 4.505661e+04 4.518807e+04 4.575240e+04 4.646783e+04 4.728774e+04 4.932254e+04 5.213147e+04 5.599529e+04 6.111237e+04 6.759109e+04 7.546529e+04
5.524192e+04 5.524192e+04 5.524192e+04 5.524192e+04 5.524193e+04 5.524204e+04 5.524238e+04 5.524357e+04 5.524440e+04 5.524535e+04 5.524559e+04 5.522713e+04 5.513511e+04 5.487044e+04 5.431874e+04 5.341345e+04 5.219534e+04 4.647975e+04 4.502055e+04 4.520028e+04 4.580231e+04 4.655661e+04 4.741979e+04 4.955574e+04 5.248256e+04 5.647854e+04 6.174105e+04 6.837692e+04 7.641662e+04
