1.782922e+07 8.457002e+06 6.168007e+06 3.186936e+06 2.598068e+06 1.896305e+06 1.715543e+06 1.525841e+06 1.462864e+06 1.412645e+06 1.339396e+06 1.291419e+06 1.260282e+06 1.239632e+06 1.223485e+06 1.205774e+06 1.180746e+06 8.778356e+05 5.376472e+05 3.540155e+05 2.626921e+05 2.126754e+05 1.820785e+05 1.467015e+05 1.263792e+05 1.128606e+05 1.032614e+05 9.641433e+04 9.180952e+04
1.870891e+06 1.870911e+06 1.870959e+06 1.870821e+06 1.864199e+06 1.777134e+06 1.664818e+06 1.502264e+06 1.444373e+06 1.397664e+06 1.329060e+06 1.284066e+06 1.255000e+06 1.235831e+06 1.220743e+06 1.203762e+06 1.179205e+06 8.766943e+05 5.365770e+05 3.532102e+05 2.621058e+05 2.122363e+05 1.817365e+05 1.464710e+05 1.262078e+05 1.127256e+05 1.031520e+05 9.632504e+04 9.173747e+04
1.722130e+06 1.722134e+06 1.722142e+06 1.722159e+06 1.721349e+06 1.689665e+06 1.602919e+06 1.471670e+06 1.421427e+06 1.379704e+06 1.317245e+06 1.275917e+06 1.249275e+06 1.231785e+06 1.217864e+06 1.201672e+06 1.177615e+06 8.755116e+05 5.354730e+05 3.523848e+05 2.615077e+05 2.117899e+05 1.813895e+05 1.462379e+05 1.260348e+05 1.125895e+05 1.030419e+05 9.623522e+04 9.166507e+04
1.620600e+06 1.620601e+06 1.620604e+06 1.620604e+06 1.620325e+06 1.592067e+06 1.557377e+06 1.436193e+06 1.394628e+06 1.359010e+06 1.304037e+06 1.267022e+06 1.243142e+06 1.227515e+06 1.214865e+06 1.199517e+06 1.175985e+06 8.742875e+05 5.343348e+05 3.515392e+05 2.608978e+05 2.113361e+05 1.810375e+05 1.460022e+05 1.258601e+05 1.124523e+05 1.029310e+05 9.614488e+04 9.159230e+04
1.537520e+06 1.537521e+06 1.537522e+06 1.537523e+06 1.537402e+06 1.519701e+06 1.496260e+06 1.404094e+06 1.366305e+06 1.336446e+06 1.289646e+06 1.257468e+06 1.236647e+06 1.223051e+06 1.211764e+06 1.197308e+06 1.174323e+06 8.730218e+05 5.331621e+05 3.506735e+05 2.602761e+05 2.108749e+05 1.806806e+05 1.457638e+05 1.256838e+05 1.123141e+05 1.028193e+05 9.605400e+04 9.151918e+04
1.468481e+06 1.468481e+06 1.468482e+06 1.468487e+06 1.468431e+06 1.458544e+06 1.435301e+06 1.379005e+06 1.341887e+06 1.313961e+06 1.274493e+06 1.247397e+06 1.229857e+06 1.218431e+06 1.208585e+06 1.195061e+06 1.172638e+06 8.717142e+05 5.319545e+05 3.497874e+05 2.596426e+05 2.104064e+05 1.803188e+05 1.455228e+05 1.255059e+05 1.121747e+05 1.027069e+05 9.596259e+04 9.144570e+04
1.410619e+06 1.410619e+06 1.410619e+06 1.410624e+06 1.410603e+06 1.405308e+06 1.384826e+06 1.352815e+06 1.322517e+06 1.295180e+06 1.259320e+06 1.237042e+06 1.222867e+06 1.213701e+06 1.205354e+06 1.192790e+06 1.170939e+06 8.703644e+05 5.307117e+05 3.488808e+05 2.589972e+05 2.099305e+05 1.799521e+05 1.452792e+05 1.253264e+05 1.120343e+05 1.025937e+05 9.587066e+04 9.137187e+04
1.362816e+06 1.362816e+06 1.362817e+06 1.362825e+06 1.362826e+06 1.359854e+06 1.343790e+06 1.323720e+06 1.303534e+06 1.280205e+06 1.245313e+06 1.226758e+06 1.215817e+06 1.208926e+06 1.202104e+06 1.190514e+06 1.169236e+06 8.689718e+05 5.294331e+05 3.479538e+05 2.583401e+05 2.094474e+05 1.795805e+05 1.450330e+05 1.251453e+05 1.118928e+05 1.024798e+05 9.577821e+04 9.129768e+04
1.323009e+06 1.323009e+06 1.323010e+06 1.323020e+06 1.323031e+06 1.321276e+06 1.309482e+06 1.293966e+06 1.283179e+06 1.266156e+06 1.234235e+06 1.217057e+06 1.208900e+06 1.204193e+06 1.198879e+06 1.188256e+06 1.167541e+06 8.675358e+05 5.281185e+05 3.470062e+05 2.576712e+05 2.089569e+05 1.792040e+05 1.447842e+05 1.249626e+05 1.117502e+05 1.023651e+05 9.568523e+04 9.122315e+04
1.289281e+06 1.289281e+06 1.289282e+06 1.289292e+06 1.289309e+06 1.288337e+06 1.280105e+06 1.266193e+06 1.261884e+06 1.251671e+06 1.225569e+06 1.208692e+06 1.202382e+06 1.199618e+06 1.195734e+06 1.186044e+06 1.165868e+06 8.660557e+05 5.267674e+05 3.460379e+05 2.569904e+05 2.084591e+05 1.788227e+05 1.445327e+05 1.247782e+05 1.116065e+05 1.022496e+05 9.559173e+04 9.114826e+04
1.260646e+06 1.260646e+06 1.260647e+06 1.260656e+06 1.260675e+06 1.260209e+06 1.254729e+06 1.241858e+06 1.241000e+06 1.236566e+06 1.218027e+06 1.202584e+06 1.196618e+06 1.195352e+06 1.192742e+06 1.183914e+06 1.164237e+06 8.645306e+05 5.253794e+05 3.450490e+05 2.562979e+05 2.079541e+05 1.784365e+05 1.442787e+05 1.245923e+05 1.114617e+05 1.021334e+05 9.549772e+04 9.107303e+04
1.174002e+06 1.174003e+06 1.174003e+06 1.174012e+06 1.174038e+06 1.174509e+06 1.174668e+06 1.170185e+06 1.169791e+06 1.172964e+06 1.182625e+06 1.187028e+06 1.187261e+06 1.186636e+06 1.184298e+06 1.176520e+06 1.157701e+06 8.562151e+05 5.178719e+05 3.397926e+05 2.526598e+05 2.053211e+05 1.764335e+05 1.429702e+05 1.236386e+05 1.107219e+05 1.015414e+05 9.501993e+04 9.069172e+04
1.146471e+06 1.146471e+06 1.146471e+06 1.146480e+06 1.146504e+06 1.147101e+06 1.148384e+06 1.150097e+06 1.150543e+06 1.152365e+06 1.163030e+06 1.178478e+06 1.190710e+06 1.196220e+06 1.194034e+06 1.182504e+06 1.158977e+06 8.468018e+05 5.093946e+05 3.340181e+05 2.487341e+05 2.025123e+05 1.743132e+05 1.415987e+05 1.226457e+05 1.099557e+05 1.009311e+05 9.452950e+04 9.030203e+04
1.152943e+06 1.152943e+06 1.152943e+06 1.152950e+06 1.152971e+06 1.153562e+06 1.155082e+06 1.159216e+06 1.161243e+06 1.163477e+06 1.171210e+06 1.184611e+06 1.199362e+06 1.209116e+06 1.209164e+06 1.196544e+06 1.169217e+06 8.367353e+05 4.999624e+05 3.277408e+05 2.445326e+05 1.995350e+05 1.720800e+05 1.401660e+05 1.216144e+05 1.091637e+05 1.003028e+05 9.402673e+04 8.990423e+04
1.181511e+06 1.181511e+06 1.181511e+06 1.181517e+06 1.181536e+06 1.182086e+06 1.183599e+06 1.188448e+06 1.191261e+06 1.194057e+06 1.200008e+06 1.207943e+06 1.217225e+06 1.223808e+06 1.222371e+06 1.208254e+06 1.178347e+06 8.273309e+05 4.896955e+05 3.210006e+05 2.400752e+05 1.964001e+05 1.697401e+05 1.386745e+05 1.205458e+05 1.083464e+05 9.965711e+04 9.351198e+04 8.949863e+04
1.225407e+06 1.225407e+06 1.225407e+06 1.225413e+06 1.225430e+06 1.225938e+06 1.227382e+06 1.232149e+06 1.234798e+06 1.237097e+06 1.239899e+06 1.240947e+06 1.241220e+06 1.239373e+06 1.231613e+06 1.213217e+06 1.180212e+06 8.175828e+05 4.788864e+05 3.138736e+05 2.353926e+05 1.931223e+05 1.673015e+05 1.371270e+05 1.194413e+05 1.075046e+05 9.899442e+04 9.298563e+04 8.908555e+04
1.280453e+06 1.280453e+06 1.280453e+06 1.280458e+06 1.280474e+06 1.280934e+06 1.282166e+06 1.284411e+06 1.284504e+06 1.283656e+06 1.279002e+06 1.271138e+06 1.261374e+06 1.249629e+06 1.233497e+06 1.208978e+06 1.172030e+06 8.046564e+05 4.680605e+05 3.064814e+05 2.305289e+05 1.897214e+05 1.647741e+05 1.355269e+05 1.183023e+05 1.066392e+05 9.831532e+04 9.244812e+04 8.866537e+04
1.335430e+06 1.335430e+06 1.335429e+06 1.335421e+06 1.335395e+06 1.334346e+06 1.331331e+06 1.322700e+06 1.317546e+06 1.311829e+06 1.298534e+06 1.282861e+06 1.265366e+06 1.245969e+06 1.222933e+06 1.193005e+06 1.152549e+06 7.869979e+05 4.569072e+05 2.990104e+05 2.255436e+05 1.862228e+05 1.621705e+05 1.338785e+05 1.171308e+05 1.057513e+05 9.762048e+04 9.189992e+04 8.823846e+04
1.316394e+06 1.316394e+06 1.316394e+06 1.316393e+06 1.316388e+06 1.316137e+06 1.314962e+06 1.308848e+06 1.303909e+06 1.297879e+06 1.283072e+06 1.265312e+06 1.245213e+06 1.222699e+06 1.196408e+06 1.163719e+06 1.121578e+06 7.642966e+05 4.449168e+05 2.916898e+05 2.205138e+05 1.826579e+05 1.595060e+05 1.321865e+05 1.159288e+05 1.048418e+05 9.691059e+04 9.134156e+04 8.780526e+04
1.265229e+06 1.265229e+06 1.265229e+06 1.265227e+06 1.265220e+06 1.264849e+06 1.263520e+06 1.257946e+06 1.253735e+06 1.248617e+06 1.235868e+06 1.220132e+06 1.201663e+06 1.180139e+06 1.154278e+06 1.121855e+06 1.080332e+06 7.372248e+05 4.318844e+05 2.843914e+05 2.155457e+05 1.790649e+05 1.567987e+05 1.304566e+05 1.146987e+05 1.039121e+05 9.618644e+04 9.077359e+04 8.736621e+04
1.190227e+06 1.190227e+06 1.190227e+06 1.190222e+06 1.190205e+06 1.189754e+06 1.188560e+06 1.184288e+06 1.181214e+06 1.177504e+06 1.168149e+06 1.156195e+06 1.141463e+06 1.123291e+06 1.100281e+06 1.070370e+06 1.031358e+06 7.069980e+05 4.178418e+05 2.769873e+05 2.107312e+05 1.754900e+05 1.540695e+05 1.286953e+05 1.134432e+05 1.029636e+05 9.544892e+04 9.019664e+04 8.692179e+04
1.103029e+06 1.103029e+06 1.103029e+06 1.103028e+06 1.103026e+06 1.102948e+06 1.102656e+06 1.100982e+06 1.099438e+06 1.097374e+06 1.091629e+06 1.083618e+06 1.072976e+06 1.058817e+06 1.039605e+06 1.013299e+06 9.778676e+05 6.749716e+05 4.030013e+05 2.694229e+05 2.059969e+05 1.719966e+05 1.513431e+05 1.269101e+05 1.121654e+05 1.019978e+05 9.469897e+04 8.961136e+04 8.647252e+04
1.023342e+06 1.023342e+06 1.023342e+06 1.023341e+06 1.023336e+06 1.023219e+06 1.022875e+06 1.021572e+06 1.020585e+06 1.019322e+06 1.015798e+06 1.010638e+06 1.003277e+06 9.926504e+05 9.770905e+05 9.545169e+05 9.229501e+05 6.423755e+05 3.876764e+05 2.616952e+05 2.012902e+05 1.686166e+05 1.486487e+05 1.251092e+05 1.108687e+05 1.010165e+05 9.393763e+04 8.901847e+04 8.601894e+04
9.494001e+05 9.494001e+05 9.494001e+05 9.493999e+05 9.493990e+05 9.493682e+05 9.492581e+05 9.486749e+05 9.481368e+05 9.473996e+05 9.452242e+05 9.418675e+05 9.367591e+05 9.287860e+05 9.162227e+05 8.969593e+05 8.690223e+05 6.101853e+05 3.722044e+05 2.538421e+05 1.965819e+05 1.653050e+05 1.460265e+05 1.233019e+05 1.095568e+05 1.000216e+05 9.316602e+04 8.841874e+04 8.556163e+04
8.845120e+05 8.845120e+05 8.845120e+05 8.845118e+05 8.845112e+05 8.844860e+05 8.843861e+05 8.839067e+05 8.835060e+05 8.829785e+05 8.814639e+05 8.791266e+05 8.754310e+05 8.692882e+05 8.589873e+05 8.424308e+05 8.176534e+05 5.790911e+05 3.568900e+05 2.459288e+05 1.918591e+05 1.620336e+05 1.434829e+05 1.214986e+05 1.082340e+05 9.901520e+04 9.238538e+04 8.781299e+04 8.510120e+04
8.267732e+05 8.267732e+05 8.267732e+05 8.267729e+05 8.267720e+05 8.267418e+05 8.266456e+05 8.262429e+05 8.259198e+05 8.255034e+05 8.243432e+05 8.225882e+05 8.197661e+05 8.148545e+05 8.062095e+05 7.917898e+05 7.696627e+05 5.495239e+05 3.419742e+05 2.380335e+05 1.871230e+05 1.587841e+05 1.409898e+05 1.197110e+05 1.069047e+05 9.799949e+04 9.159701e+04 8.720209e+04 8.463831e+04
7.750013e+05 7.750013e+05 7.750013e+05 7.750012e+05 7.750007e+05 7.749832e+05 7.749187e+05 7.746131e+05 7.743592e+05 7.740303e+05 7.731170e+05 7.717418e+05 7.694931e+05 7.654307e+05 7.580053e+05 7.452645e+05 7.253340e+05 5.217079e+05 3.276275e+05 2.302348e+05 1.823853e+05 1.555453e+05 1.385305e+05 1.179539e+05 1.055739e+05 9.697694e+04 9.080234e+04 8.658697e+04 8.417364e+04
7.285438e+05 7.285438e+05 7.285438e+05 7.285437e+05 7.285434e+05 7.285294e+05 7.284782e+05 7.282387e+05 7.280390e+05 7.277789e+05 7.270513e+05 7.259459e+05 7.240979e+05 7.206447e+05 7.141387e+05 7.027316e+05 6.846261e+05 4.957180e+05 3.139545e+05 2.226024e+05 1.776656e+05 1.523121e+05 1.360930e+05 1.162447e+05 1.042471e+05 9.595018e+04 9.000288e+04 8.596863e+04 8.370791e+04
6.867317e+05 6.867317e+05 6.867317e+05 6.867316e+05 6.867313e+05 6.867193e+05 6.866769e+05 6.864799e+05 6.863160e+05 6.861024e+05 6.855045e+05 6.845904e+05 6.830297e+05 6.800272e+05 6.742322e+05 6.639029e+05 6.473278e+05 4.715312e+05 3.010075e+05 2.151922e+05 1.729873e+05 1.490848e+05 1.336693e+05 1.145751e+05 1.029300e+05 9.492202e+04 8.920023e+04 8.534813e+04 8.324189e+04
6.489401e+05 6.489401e+05 6.489401e+05 6.489400e+05 6.489397e+05 6.489294e+05 6.488928e+05 6.487241e+05 6.485837e+05 6.484009e+05 6.478909e+05 6.471110e+05 6.457599e+05 6.431002e+05 6.378694e+05 6.284283e+05 6.131529e+05 4.490657e+05 2.887997e+05 2.080450e+05 1.683750e+05 1.458679e+05 1.312542e+05 1.129342e+05 1.016298e+05 9.389548e+04 8.839613e+04 8.472656e+04 8.277637e+04
6.146242e+05 6.146242e+05 6.146242e+05 6.146241e+05 6.146238e+05 6.146138e+05 6.145791e+05 6.144211e+05 6.142924e+05 6.141274e+05 6.136756e+05 6.129931e+05 6.118016e+05 6.094132e+05 6.046443e+05 5.959513e+05 5.817960e+05 4.282095e+05 2.773178e+05 2.011867e+05 1.638515e+05 1.426691e+05 1.288459e+05 1.113150e+05 1.003556e+05 9.287377e+04 8.759237e+04 8.410511e+04 8.231219e+04
5.832369e+05 5.832369e+05 5.832369e+05 5.832368e+05 5.832366e+05 5.832266e+05 5.831928e+05 5.830459e+05 5.829294e+05 5.827819e+05 5.823832e+05 5.817842e+05 5.807263e+05 5.785646e+05 5.741869e+05 5.661384e+05 5.529627e+05 4.088387e+05 2.665320e+05 1.946311e+05 1.594365e+05 1.394983e+05 1.264446e+05 1.097122e+05 9.911309e+04 9.186040e+04 8.679089e+04 8.348501e+04 8.185024e+04
5.543455e+05 5.543455e+05 5.543455e+05 5.543454e+05 5.543452e+05 5.543379e+05 5.543125e+05 5.541954e+05 5.540991e+05 5.539753e+05 5.536358e+05 5.531174e+05 5.521787e+05 5.502145e+05 5.461773e+05 5.386940e+05 5.263858e+05 3.908292e+05 2.564033e+05 1.883818e+05 1.551460e+05 1.363660e+05 1.240531e+05 1.081217e+05 9.789513e+04 9.085928e+04 8.599371e+04 8.286755e+04 8.139144e+04
5.277562e+05 5.277562e+05 5.277562e+05 5.277562e+05 5.277560e+05 5.277499e+05 5.277282e+05 5.276291e+05 5.275480e+05 5.274437e+05 5.271557e+05 5.267086e+05 5.258746e+05 5.240832e+05 5.203455e+05 5.133633e+05 5.018300e+05 3.740627e+05 2.468887e+05 1.824351e+05 1.509914e+05 1.332827e+05 1.216754e+05 1.065407e+05 9.669696e+04 8.987503e+04 8.520298e+04 8.225410e+04 8.093674e+04
5.032265e+05 5.032265e+05 5.032265e+05 5.032264e+05 5.032263e+05 5.032209e+05 5.032021e+05 5.031174e+05 5.030482e+05 5.029592e+05 5.027126e+05 5.023241e+05 5.015786e+05 4.999367e+05 4.964628e+05 4.899272e+05 4.790902e+05 3.584304e+05 2.379447e+05 1.767825e+05 1.469805e+05 1.302580e+05 1.193168e+05 1.049674e+05 9.551525e+04 8.891401e+04 8.442101e+04 8.164607e+04 8.048715e+04
4.805441e+05 4.805441e+05 4.805441e+05 4.805440e+05 4.805439e+05 4.805394e+05 4.805238e+05 4.804522e+05 4.803929e+05 4.803158e+05 4.801009e+05 4.797582e+05 4.790854e+05 4.775718e+05 4.743306e+05 4.681949e+05 4.579867e+05 3.438334e+05 2.295291e+05 1.714120e+05 1.431172e+05 1.273004e+05 1.169831e+05 1.034010e+05 9.434740e+04 8.797591e+04 8.365029e+04 8.104497e+04 8.004371e+04
4.595379e+05 4.595379e+05 4.595379e+05 4.595379e+05 4.595378e+05 4.595335e+05 4.595188e+05 4.594516e+05 4.593966e+05 4.593259e+05 4.591314e+05 4.588233e+05 4.582103e+05 4.568078e+05 4.537736e+05 4.479984e+05 4.383614e+05 3.301827e+05 2.216021e+05 1.663099e+05 1.394030e+05 1.244167e+05 1.146801e+05 1.018414e+05 9.319141e+04 8.705673e+04 8.289366e+04 8.045235e+04 7.960752e+04
4.400078e+05 4.400078e+05 4.400078e+05 4.400077e+05 4.400076e+05 4.400029e+05 4.399870e+05 4.399195e+05 4.398668e+05 4.398008e+05 4.396236e+05 4.393461e+05 4.387865e+05 4.374841e+05 4.346373e+05 4.291903e+05 4.200752e+05 3.173988e+05 2.141270e+05 1.614617e+05 1.358367e+05 1.216122e+05 1.124135e+05 1.002894e+05 9.204577e+04 8.615413e+04 8.215466e+04 7.986989e+04 7.917971e+04
4.217440e+05 4.217440e+05 4.217440e+05 4.217439e+05 4.217438e+05 4.217405e+05 4.217286e+05 4.216742e+05 4.216303e+05 4.215745e+05 4.214226e+05 4.211794e+05 4.206724e+05 4.194633e+05 4.167888e+05 4.116429e+05 4.030071e+05 3.054108e+05 2.070703e+05 1.568527e+05 1.324155e+05 1.188907e+05 1.101886e+05 9.874648e+04 9.090940e+04 8.526642e+04 8.143712e+04 7.929937e+04 7.876147e+04
4.046766e+05 4.046766e+05 4.046766e+05 4.046765e+05 4.046765e+05 4.046741e+05 4.046655e+05 4.046246e+05 4.045903e+05 4.045458e+05 4.044209e+05 4.042121e+05 4.037553e+05 4.026327e+05 4.001165e+05 3.952471e+05 3.870525e+05 2.941552e+05 2.004013e+05 1.524686e+05 1.291354e+05 1.162546e+05 1.080099e+05 9.721450e+04 8.978167e+04 8.439227e+04 8.073883e+04 7.874273e+04 7.835403e+04
3.887501e+05 3.887501e+05 3.887501e+05 3.887501e+05 3.887500e+05 3.887480e+05 3.887406e+05 3.887064e+05 3.886780e+05 3.886411e+05 3.885368e+05 3.883564e+05 3.879429e+05 3.868974e+05 3.845248e+05 3.799087e+05 3.721198e+05 2.835750e+05 1.940923e+05 1.482955e+05 1.259916e+05 1.137049e+05 1.058811e+05 9.569572e+04 8.866231e+04 8.353065e+04 8.005788e+04 7.820224e+04 7.795871e+04
3.738711e+05 3.738711e+05 3.738711e+05 3.738711e+05 3.738711e+05 3.738693e+05 3.738631e+05 3.738340e+05 3.738097e+05 3.737781e+05 3.736882e+05 3.735292e+05 3.731508e+05 3.721718e+05 3.699280e+05 3.655427e+05 3.581270e+05 2.736189e+05 1.881182e+05 1.443206e+05 1.229786e+05 1.112418e+05 1.038054e+05 9.419259e+04 8.755145e+04 8.268076e+04 7.939305e+04 7.768098e+04 7.757688e+04
3.599533e+05 3.599533e+05 3.599533e+05 3.599533e+05 3.599533e+05 3.599518e+05 3.599465e+05 3.599211e+05 3.598997e+05 3.598716e+05 3.597912e+05 3.596471e+05 3.592962e+05 3.583743e+05 3.562456e+05 3.520709e+05 3.449986e+05 2.642399e+05 1.824557e+05 1.405318e+05 1.200908e+05 1.088645e+05 1.017850e+05 9.270769e+04 8.644950e+04 8.184205e+04 7.874347e+04 7.718027e+04 7.721004e+04
3.469162e+05 3.469162e+05 3.469162e+05 3.469162e+05 3.469161e+05 3.469148e+05 3.469099e+05 3.468853e+05 3.468645e+05 3.468375e+05 3.467614e+05 3.466270e+05 3.462980e+05 3.454257e+05 3.434011e+05 3.394196e+05 3.326648e+05 2.553956e+05 1.770842e+05 1.369177e+05 1.173226e+05 1.065717e+05 9.982145e+04 9.124355e+04 8.535718e+04 8.101415e+04 7.810847e+04 7.669835e+04 7.685985e+04
3.346726e+05 3.346726e+05 3.346725e+05 3.346725e+05 3.346725e+05 3.346704e+05 3.346634e+05 3.346348e+05 3.346130e+05 3.345859e+05 3.345131e+05 3.343875e+05 3.340787e+05 3.332522e+05 3.313236e+05 3.275213e+05 3.210614e+05 2.470468e+05 1.719842e+05 1.334679e+05 1.146683e+05 1.043616e+05 9.791580e+04 8.980263e+04 8.427543e+04 8.019691e+04 7.748755e+04 7.623426e+04 7.652829e+04
3.231042e+05 3.231042e+05 3.231042e+05 3.231042e+05 3.231042e+05 3.231028e+05 3.230980e+05 3.230754e+05 3.230571e+05 3.230340e+05 3.229704e+05 3.228576e+05 3.225706e+05 3.217885e+05 3.199506e+05 3.163158e+05 3.101312e+05 2.391582e+05 1.671384e+05 1.301728e+05 1.121224e+05 1.022318e+05 9.606843e+04 8.838723e+04 8.320540e+04 7.939036e+04 7.688035e+04 7.578740e+04 7.621794e+04
3.121859e+05 3.121859e+05 3.121859e+05 3.121859e+05 3.121859e+05 3.121851e+05 3.121821e+05 3.121664e+05 3.121529e+05 3.121350e+05 3.120834e+05 3.119853e+05 3.117207e+05 3.109815e+05 3.092291e+05 3.057512e+05 2.998241e+05 2.316976e+05 1.625305e+05 1.270233e+05 1.096796e+05 1.001801e+05 9.427932e+04 8.699943e+04 8.214835e+04 7.859469e+04 7.628662e+04 7.535735e+04 7.592858e+04
3.019013e+05 3.019013e+05 3.019013e+05 3.019013e+05 3.019013e+05 3.019006e+05 3.018980e+05 3.018851e+05 3.018740e+05 3.018595e+05 3.018168e+05 3.017311e+05 3.014867e+05 3.007870e+05 2.991139e+05 2.957822e+05 2.900957e+05 2.246354e+05 1.581458e+05 1.240114e+05 1.073349e+05 9.820382e+04 9.254805e+04 8.564108e+04 8.110565e+04 7.781026e+04 7.570624e+04 7.494383e+04 7.565921e+04
2.922066e+05 2.922066e+05 2.922066e+05 2.922066e+05 2.922065e+05 2.922059e+05 2.922036e+05 2.921924e+05 2.921829e+05 2.921704e+05 2.921336e+05 2.920572e+05 2.918294e+05 2.911647e+05 2.895642e+05 2.863681e+05 2.809058e+05 2.179446e+05 1.539706e+05 1.211293e+05 1.050835e+05 9.630034e+04 9.087392e+04 8.431378e+04 8.007871e+04 7.703757e+04 7.513919e+04 7.454666e+04 7.540937e+04
2.830576e+05 2.830576e+05 2.830576e+05 2.830576e+05 2.830576e+05 2.830570e+05 2.830551e+05 2.830455e+05 2.830373e+05 2.830264e+05 2.829940e+05 2.829243e+05 2.827099e+05 2.820757e+05 2.805411e+05 2.774703e+05 2.722168e+05 2.116002e+05 1.499921e+05 1.183701e+05 1.029210e+05 9.446701e+04 8.925599e+04 8.301888e+04 7.906895e+04 7.627726e+04 7.458556e+04 7.416575e+04 7.517882e+04
2.744162e+05 2.744162e+05 2.744162e+05 2.744162e+05 2.744162e+05 2.744157e+05 2.744140e+05 2.744056e+05 2.743982e+05 2.743884e+05 2.743586e+05 2.742933e+05 2.740892e+05 2.734814e+05 2.720066e+05 2.690516e+05 2.639929e+05 2.055789e+05 1.461986e+05 1.157271e+05 1.008432e+05 9.270125e+04 8.769315e+04 8.175750e+04 7.807780e+04 7.553004e+04 7.404554e+04 7.380105e+04 7.496743e+04
2.662453e+05 2.662453e+05 2.662453e+05 2.662453e+05 2.662453e+05 2.662449e+05 2.662434e+05 2.662354e+05 2.662280e+05 2.662181e+05 2.661884e+05 2.661248e+05 2.659283e+05 2.653435e+05 2.639233e+05 2.610761e+05 2.561999e+05 1.998589e+05 1.425792e+05 1.131944e+05 9.884609e+04 9.100050e+04 8.618415e+04 8.053049e+04 7.710662e+04 7.479675e+04 7.351942e+04 7.345263e+04 7.477515e+04
2.585098e+05 2.585098e+05 2.585098e+05 2.585098e+05 2.585098e+05 2.585089e+05 2.585059e+05 2.584939e+05 2.584846e+05 2.584730e+05 2.584412e+05 2.583781e+05 2.581881e+05 2.576246e+05 2.562558e+05 2.535100e+05 2.488055e+05 1.944202e+05 1.391237e+05 1.107663e+05 9.692609e+04 8.936232e+04 8.472769e+04 7.933854e+04 7.615671e+04 7.407826e+04 7.300757e+04 7.312059e+04 7.460200e+04
2.511414e+05 2.511414e+05 2.511414e+05 2.511414e+05 2.511414e+05 2.511405e+05 2.511377e+05 2.511259e+05 2.511167e+05 2.511054e+05 2.510748e+05 2.510147e+05 2.508328e+05 2.502909e+05 2.489716e+05 2.463224e+05 2.417808e+05 1.892445e+05 1.358229e+05 1.084376e+05 9.507974e+04 8.778434e+04 8.332241e+04 7.818210e+04 7.522930e+04 7.337553e+04 7.251045e+04 7.280512e+04 7.444805e+04
2.441111e+05 2.441111e+05 2.441111e+05 2.441111e+05 2.441111e+05 2.441106e+05 2.441087e+05 2.441004e+05 2.440935e+05 2.440847e+05 2.440593e+05 2.440055e+05 2.438341e+05 2.433148e+05 2.420439e+05 2.394871e+05 2.351003e+05 1.843151e+05 1.326679e+05 1.062035e+05 9.330385e+04 8.626434e+04 8.196693e+04 7.706151e+04 7.432551e+04 7.268951e+04 7.202859e+04 7.250646e+04 7.431343e+04
2.374170e+05 2.374170e+05 2.374170e+05 2.374170e+05 2.374170e+05 2.374167e+05 2.374157e+05 2.374103e+05 2.374055e+05 2.373991e+05 2.373795e+05 2.373327e+05 2.371723e+05 2.366753e+05 2.354510e+05 2.329823e+05 2.287425e+05 1.796166e+05 1.296507e+05 1.040594e+05 9.159543e+04 8.480019e+04 8.065989e+04 7.597691e+04 7.344639e+04 7.202120e+04 7.156259e+04 7.222491e+04 7.419831e+04
2.310516e+05 2.310516e+05 2.310516e+05 2.310516e+05 2.310516e+05 2.310515e+05 2.310509e+05 2.310472e+05 2.310438e+05 2.310390e+05 2.310236e+05 2.309824e+05 2.308317e+05 2.303552e+05 2.291747e+05 2.267891e+05 2.226884e+05 1.751354e+05 1.267639e+05 1.020011e+05 8.995171e+04 8.338988e+04 7.939995e+04 7.492837e+04 7.259289e+04 7.137161e+04 7.111311e+04 7.196084e+04 7.410291e+04
2.250014e+05 2.250014e+05 2.250014e+05 2.250014e+05 2.250014e+05 2.250014e+05 2.250009e+05 2.249978e+05 2.249948e+05 2.249907e+05 2.249772e+05 2.249396e+05 2.247963e+05 2.243379e+05 2.231977e+05 2.208900e+05 2.169205e+05 1.708585e+05 1.240005e+05 1.000247e+05 8.837007e+04 8.203154e+04 7.818580e+04 7.391583e+04 7.176584e+04 7.074171e+04 7.068085e+04 7.171466e+04 7.402748e+04
2.192469e+05 2.192469e+05 2.192469e+05 2.192469e+05 2.192469e+05 2.192467e+05 2.192459e+05 2.192422e+05 2.192391e+05 2.192349e+05 2.192220e+05 2.191862e+05 2.190485e+05 2.186058e+05 2.175024e+05 2.152675e+05 2.114216e+05 1.667738e+05 1.213540e+05 9.812653e+04 8.684812e+04 8.072338e+04 7.701619e+04 7.293916e+04 7.096602e+04 7.013250e+04 7.026656e+04 7.148685e+04 7.397233e+04
2.137604e+05 2.137604e+05 2.137604e+05 2.137604e+05 2.137604e+05 2.137603e+05 2.137598e+05 2.137567e+05 2.137539e+05 2.137500e+05 2.137375e+05 2.137027e+05 2.135693e+05 2.131403e+05 2.120709e+05 2.099041e+05 2.061748e+05 1.628702e+05 1.188183e+05 9.630307e+04 8.538357e+04 7.946375e+04 7.588993e+04 7.199817e+04 7.019410e+04 6.954493e+04 6.987104e+04 7.127792e+04 7.393780e+04
2.085283e+05 2.085283e+05 2.085283e+05 2.085283e+05 2.085283e+05 2.085282e+05 2.085277e+05 2.085245e+05 2.085215e+05 2.085174e+05 2.085044e+05 2.084697e+05 2.083394e+05 2.079227e+05 2.068848e+05 2.047824e+05 2.011636e+05 1.591367e+05 1.163877e+05 9.455114e+04 8.397434e+04 7.825111e+04 7.480588e+04 7.109264e+04 6.945067e+04 6.897993e+04 6.949509e+04 7.108845e+04 7.392426e+04
2.035325e+05 2.035325e+05 2.035325e+05 2.035325e+05 2.035325e+05 2.035322e+05 2.035311e+05 2.035261e+05 2.035222e+05 2.035171e+05 2.035026e+05 2.034673e+05 2.033397e+05 2.029345e+05 2.019267e+05 1.998854e+05 1.963720e+05 1.555635e+05 1.140570e+05 9.286774e+04 8.261844e+04 7.708402e+04 7.376297e+04 7.022230e+04 6.873627e+04 6.843839e+04 6.913956e+04 7.091904e+04 7.393214e+04
1.987434e+05 1.987434e+05 1.987434e+05 1.987434e+05 1.987434e+05 1.987430e+05 1.987418e+05 1.987362e+05 1.987318e+05 1.987263e+05 1.987111e+05 1.986761e+05 1.985520e+05 1.981586e+05 1.971801e+05 1.951979e+05 1.917855e+05 1.521413e+05 1.118212e+05 9.125005e+04 8.131406e+04 7.596114e+04 7.276022e+04 6.938689e+04 6.805137e+04 6.792119e+04 6.880528e+04 7.077033e+04 7.396190e+04
1.941430e+05 1.941430e+05 1.941430e+05 1.941430e+05 1.941430e+05 1.941426e+05 1.941413e+05 1.941359e+05 1.941319e+05 1.941269e+05 1.941131e+05 1.940804e+05 1.939613e+05 1.935807e+05 1.926316e+05 1.907068e+05 1.873918e+05 1.488618e+05 1.096757e+05 8.969547e+04 8.005951e+04 7.488125e+04 7.179669e+04 6.858612e+04 6.739638e+04 6.742916e+04 6.849313e+04 7.064302e+04 7.401402e+04
1.897185e+05 1.897185e+05 1.897185e+05 1.897185e+05 1.897185e+05 1.897184e+05 1.897179e+05 1.897151e+05 1.897126e+05 1.897092e+05 1.896989e+05 1.896703e+05 1.895576e+05 1.891906e+05 1.882705e+05 1.864015e+05 1.831802e+05 1.457174e+05 1.076163e+05 8.820157e+04 7.885319e+04 7.384321e+04 7.087154e+04 6.781972e+04 6.677168e+04 6.696309e+04 6.820397e+04 7.053782e+04 7.408905e+04
1.854773e+05 1.854773e+05 1.854773e+05 1.854773e+05 1.854773e+05 1.854772e+05 1.854769e+05 1.854755e+05 1.854743e+05 1.854724e+05 1.854655e+05 1.854411e+05 1.853349e+05 1.849812e+05 1.840892e+05 1.822738e+05 1.791423e+05 1.427015e+05 1.056393e+05 8.676607e+04 7.769365e+04 7.284596e+04 6.998399e+04 6.708744e+04 6.617762e+04 6.652376e+04 6.793866e+04 7.045546e+04 7.418754e+04
1.814165e+05 1.814165e+05 1.814165e+05 1.814165e+05 1.814165e+05 1.814166e+05 1.814168e+05 1.814169e+05 1.814164e+05 1.814154e+05 1.814107e+05 1.813891e+05 1.812882e+05 1.809464e+05 1.800807e+05 1.783161e+05 1.752704e+05 1.398077e+05 1.037409e+05 8.538689e+04 7.657954e+04 7.188857e+04 6.913333e+04 6.638904e+04 6.561451e+04 6.611190e+04 6.769807e+04 7.039672e+04 7.431008e+04
1.775357e+05 1.775357e+05 1.775357e+05 1.775357e+05 1.775357e+05 1.775357e+05 1.775357e+05 1.775351e+05 1.775344e+05 1.775333e+05 1.775286e+05 1.775081e+05 1.774108e+05 1.770793e+05 1.762379e+05 1.745212e+05 1.715570e+05 1.370304e+05 1.019179e+05 8.406205e+04 7.550961e+04 7.097015e+04 6.831894e+04 6.572431e+04 6.508266e+04 6.572824e+04 6.748306e+04 7.036237e+04 7.445730e+04
1.738184e+05 1.738184e+05 1.738184e+05 1.738184e+05 1.738184e+05 1.738183e+05 1.738180e+05 1.738165e+05 1.738154e+05 1.738138e+05 1.738087e+05 1.737886e+05 1.736939e+05 1.733714e+05 1.725525e+05 1.708811e+05 1.679943e+05 1.343640e+05 1.001671e+05 8.278973e+04 7.448271e+04 7.008993e+04 6.754026e+04 6.509308e+04 6.458234e+04 6.537344e+04 6.729449e+04 7.035321e+04 7.462984e+04
1.702477e+05 1.702477e+05 1.702477e+05 1.702477e+05 1.702477e+05 1.702477e+05 1.702476e+05 1.702467e+05 1.702458e+05 1.702445e+05 1.702397e+05 1.702201e+05 1.701278e+05 1.698137e+05 1.690158e+05 1.673873e+05 1.645744e+05 1.318032e+05 9.848559e+04 8.156823e+04 7.349780e+04 6.924722e+04 6.679680e+04 6.449522e+04 6.411386e+04 6.504819e+04 6.713320e+04 7.037008e+04 7.482839e+04
1.668199e+05 1.668199e+05 1.668199e+05 1.668199e+05 1.668199e+05 1.668200e+05 1.668200e+05 1.668194e+05 1.668186e+05 1.668175e+05 1.668128e+05 1.667935e+05 1.667034e+05 1.663970e+05 1.656191e+05 1.640315e+05 1.612894e+05 1.293429e+05 9.687051e+04 8.039599e+04 7.255393e+04 6.844140e+04 6.608815e+04 6.393061e+04 6.367749e+04 6.475314e+04 6.700004e+04 7.041378e+04 7.505364e+04
1.635293e+05 1.635293e+05 1.635293e+05 1.635293e+05 1.635293e+05 1.635292e+05 1.635289e+05 1.635277e+05 1.635266e+05 1.635251e+05 1.635199e+05 1.635004e+05 1.634119e+05 1.631127e+05 1.623538e+05 1.608055e+05 1.581314e+05 1.269782e+05 9.531929e+04 7.927155e+04 7.165024e+04 6.767193e+04 6.541397e+04 6.339922e+04 6.327352e+04 6.448892e+04 6.689585e+04 7.048517e+04 7.530630e+04
1.603627e+05 1.603627e+05 1.603627e+05 1.603627e+05 1.603627e+05 1.603627e+05 1.603624e+05 1.603607e+05 1.603592e+05 1.603572e+05 1.603511e+05 1.603312e+05 1.602443e+05 1.599522e+05 1.592119e+05 1.577017e+05 1.550933e+05 1.247046e+05 9.382951e+04 7.819359e+04 7.078596e+04 6.693836e+04 6.477399e+04 6.290104e+04 6.290228e+04 6.425617e+04 6.682144e+04 7.058508e+04 7.558712e+04
1.573108e+05 1.573108e+05 1.573108e+05 1.573108e+05 1.573108e+05 1.573106e+05 1.573100e+05 1.573073e+05 1.573054e+05 1.573030e+05 1.572964e+05 1.572769e+05 1.571924e+05 1.569079e+05 1.561863e+05 1.547133e+05 1.521687e+05 1.225179e+05 9.239894e+04 7.716091e+04 6.996043e+04 6.624033e+04 6.416801e+04 6.243611e+04 6.256407e+04 6.405550e+04 6.677764e+04 7.071437e+04 7.589685e+04
1.543594e+05 1.543594e+05 1.543594e+05 1.543594e+05 1.543594e+05 1.543592e+05 1.543586e+05 1.543563e+05 1.543548e+05 1.543531e+05 1.543482e+05 1.543309e+05 1.542501e+05 1.539740e+05 1.532712e+05 1.518348e+05 1.493523e+05 1.204143e+05 9.102556e+04 7.617243e+04 6.917308e+04 6.557753e+04 6.359590e+04 6.200451e+04 6.225925e+04 6.388754e+04 6.676527e+04 7.087389e+04 7.623627e+04
1.515044e+05 1.515044e+05 1.515044e+05 1.515044e+05 1.515044e+05 1.515046e+05 1.515051e+05 1.515063e+05 1.515067e+05 1.515067e+05 1.515052e+05 1.514911e+05 1.514147e+05 1.511473e+05 1.504630e+05 1.490623e+05 1.466398e+05 1.183905e+05 8.970752e+04 7.522721e+04 6.842343e+04 6.494975e+04 6.305761e+04 6.160640e+04 6.198817e+04 6.375291e+04 6.678512e+04 7.106450e+04 7.660615e+04
1.487665e+05 1.487665e+05 1.487665e+05 1.487665e+05 1.487665e+05 1.487667e+05 1.487674e+05 1.487691e+05 1.487700e+05 1.487706e+05 1.487705e+05 1.487582e+05 1.486852e+05 1.484256e+05 1.477589e+05 1.463923e+05 1.440277e+05 1.164434e+05 8.844319e+04 7.432442e+04 6.771108e+04 6.435685e+04 6.255313e+04 6.124196e+04 6.175123e+04 6.365223e+04 6.683801e+04 7.128706e+04 7.700729e+04
1.461436e+05 1.461436e+05 1.461436e+05 1.461436e+05 1.461436e+05 1.461436e+05 1.461435e+05 1.461434e+05 1.461433e+05 1.461432e+05 1.461421e+05 1.461298e+05 1.460587e+05 1.458059e+05 1.451554e+05 1.438214e+05 1.415124e+05 1.145704e+05 8.723110e+04 7.346335e+04 6.703575e+04 6.379877e+04 6.208255e+04 6.091143e+04 6.154885e+04 6.358615e+04 6.692475e+04 7.154244e+04 7.744051e+04
1.436149e+05 1.436149e+05 1.436149e+05 1.436149e+05 1.436149e+05 1.436149e+05 1.436147e+05 1.436142e+05 1.436138e+05 1.436134e+05 1.436118e+05 1.435996e+05 1.435303e+05 1.432836e+05 1.426487e+05 1.413458e+05 1.390902e+05 1.127687e+05 8.606994e+04 7.264342e+04 6.639723e+04 6.327552e+04 6.164600e+04 6.061510e+04 6.138148e+04 6.355529e+04 6.704612e+04 7.183149e+04 7.790660e+04
1.411728e+05 1.411728e+05 1.411728e+05 1.411728e+05 1.411728e+05 1.411729e+05 1.411731e+05 1.411736e+05 1.411738e+05 1.411739e+05 1.411731e+05 1.411619e+05 1.410948e+05 1.408543e+05 1.402343e+05 1.389615e+05 1.367574e+05 1.110362e+05 8.495855e+04 7.186413e+04 6.579538e+04 6.278718e+04 6.124369e+04 6.035333e+04 6.124959e+04 6.356030e+04 6.720294e+04 7.215509e+04 7.840640e+04
1.388210e+05 1.388210e+05 1.388210e+05 1.388210e+05 1.388210e+05 1.388211e+05 1.388214e+05 1.388223e+05 1.388228e+05 1.388233e+05 1.388235e+05 1.388133e+05 1.387485e+05 1.385140e+05 1.379085e+05 1.366647e+05 1.345104e+05 1.093703e+05 8.389588e+04 7.112511e+04 6.523018e+04 6.233389e+04 6.087589e+04 6.012649e+04 6.115370e+04 6.360187e+04 6.739600e+04 7.251409e+04 7.894072e+04
1.365578e+05 1.365578e+05 1.365578e+05 1.365578e+05 1.365578e+05 1.365579e+05 1.365582e+05 1.365592e+05 1.365597e+05 1.365603e+05 1.365608e+05 1.365512e+05 1.364883e+05 1.362595e+05 1.356678e+05 1.344519e+05 1.323457e+05 1.077691e+05 8.288103e+04 7.042607e+04 6.470165e+04 6.191589e+04 6.054291e+04 5.993504e+04 6.109435e+04 6.368065e+04 6.762611e+04 7.290936e+04 7.951042e+04
1.343790e+05 1.343790e+05 1.343790e+05 1.343790e+05 1.343790e+05 1.343791e+05 1.343794e+05 1.343803e+05 1.343808e+05 1.343814e+05 1.343816e+05 1.343722e+05 1.343107e+05 1.340871e+05 1.335086e+05 1.323197e+05 1.302600e+05 1.062304e+05 8.191319e+04 6.976683e+04 6.420991e+04 6.153345e+04 6.024515e+04 5.977946e+04 6.107212e+04 6.379735e+04 6.789408e+04 7.334176e+04 8.011631e+04
1.322806e+05 1.322806e+05 1.322806e+05 1.322806e+05 1.322806e+05 1.322806e+05 1.322808e+05 1.322812e+05 1.322815e+05 1.322817e+05 1.322814e+05 1.322718e+05 1.322115e+05 1.319929e+05 1.314272e+05 1.302645e+05 1.282501e+05 1.047525e+05 8.099169e+04 6.914727e+04 6.375515e+04 6.118692e+04 5.998304e+04 5.966029e+04 6.108762e+04 6.395267e+04 6.820071e+04 7.381216e+04 8.075923e+04
1.302552e+05 1.302552e+05 1.302552e+05 1.302552e+05 1.302552e+05 1.302552e+05 1.302552e+05 1.302551e+05 1.302551e+05 1.302550e+05 1.302546e+05 1.302453e+05 1.301866e+05 1.299731e+05 1.294201e+05 1.282831e+05 1.263129e+05 1.033337e+05 8.011594e+04 6.856738e+04 6.333763e+04 6.087672e+04 5.975709e+04 5.957812e+04 6.114151e+04 6.414735e+04 6.854684e+04 7.432143e+04 8.144004e+04
1.282952e+05 1.282952e+05 1.282952e+05 1.282952e+05 1.282952e+05 1.282952e+05 1.282953e+05 1.282957e+05 1.282961e+05 1.282966e+05 1.282972e+05 1.282891e+05 1.282327e+05 1.280248e+05 1.274846e+05 1.263728e+05 1.244457e+05 1.019724e+05 7.928550e+04 6.802725e+04 6.295768e+04 6.060330e+04 5.956784e+04 5.953357e+04 6.123444e+04 6.438214e+04 6.893328e+04 7.487042e+04 8.215956e+04
1.264013e+05 1.264013e+05 1.264013e+05 1.264013e+05 1.264013e+05 1.264015e+05 1.264021e+05 1.264041e+05 1.264053e+05 1.264067e+05 1.264089e+05 1.264025e+05 1.263485e+05 1.261462e+05 1.256185e+05 1.245314e+05 1.226466e+05 1.006673e+05 7.850001e+04 6.752702e+04 6.261569e+04 6.036720e+04 5.941590e+04 5.952731e+04 6.136715e+04 6.465780e+04 6.936085e+04 7.546000e+04 8.291864e+04
1.245823e+05 1.245823e+05 1.245823e+05 1.245823e+05 1.245823e+05 1.245825e+05 1.245831e+05 1.245852e+05 1.245866e+05 1.245881e+05 1.245908e+05 1.245853e+05 1.245332e+05 1.243360e+05 1.238204e+05 1.227573e+05 1.209136e+05 9.941730e+04 7.775924e+04 6.706693e+04 6.231213e+04 6.016900e+04 5.930191e+04 5.956006e+04 6.154038e+04 6.497512e+04 6.983041e+04 7.609104e+04 8.371813e+04
1.228353e+05 1.228353e+05 1.228353e+05 1.228353e+05 1.228353e+05 1.228354e+05 1.228357e+05 1.228370e+05 1.228380e+05 1.228392e+05 1.228414e+05 1.228358e+05 1.227850e+05 1.225924e+05 1.220882e+05 1.210484e+05 1.192448e+05 9.822125e+04 7.706305e+04 6.664729e+04 6.204750e+04 6.000932e+04 5.922657e+04 5.963258e+04 6.175490e+04 6.533491e+04 7.034278e+04 7.676440e+04 8.455885e+04
