9.503056e+05 8.345367e+05 8.562394e+05 8.800829e+05 8.757292e+05 8.130509e+05 7.729670e+05 7.243435e+05 7.071546e+05 6.928455e+05 6.703817e+05 6.537495e+05 6.412700e+05 6.318785e+05 6.247536e+05 6.191613e+05 6.144168e+05 5.896309e+05 5.750360e+05 5.863556e+05 6.118980e+05 6.424019e+05 6.737334e+05 7.329922e+05 7.852327e+05 8.306681e+05 8.703513e+05 9.052993e+05 9.363232e+05
8.139414e+05 8.139513e+05 8.139751e+05 8.140128e+05 8.114577e+05 7.870092e+05 7.595929e+05 7.178665e+05 7.019681e+05 6.885355e+05 6.672145e+05 6.513130e+05 6.393521e+05 6.303548e+05 6.235445e+05 6.182122e+05 6.136880e+05 5.896406e+05 5.754244e+05 5.869406e+05 6.125820e+05 6.431270e+05 6.744649e+05 7.336839e+05 7.858595e+05 8.312287e+05 8.708519e+05 9.057480e+05 9.367276e+05
7.750567e+05 7.750590e+05 7.750650e+05 7.751495e+05 7.750253e+05 7.674025e+05 7.426831e+05 7.089839e+05 6.952429e+05 6.831744e+05 6.634850e+05 6.485394e+05 6.372188e+05 6.286885e+05 6.222396e+05 6.171991e+05 6.129177e+05 5.896571e+05 5.758302e+05 5.875442e+05 6.132829e+05 6.438668e+05 6.752087e+05 7.343842e+05 7.864925e+05 8.317937e+05 8.713559e+05 9.061993e+05 9.371340e+05
7.481418e+05 7.481428e+05 7.481456e+05 7.481929e+05 7.482113e+05 7.395175e+05 7.338328e+05 6.983615e+05 6.870723e+05 6.767601e+05 6.591793e+05 6.454220e+05 6.348673e+05 6.268789e+05 6.208394e+05 6.161229e+05 6.121068e+05 5.896816e+05 5.762542e+05 5.881667e+05 6.140010e+05 6.446213e+05 6.759649e+05 7.350933e+05 7.871317e+05 8.323631e+05 8.718631e+05 9.066532e+05 9.375424e+05
7.271902e+05 7.271907e+05 7.271922e+05 7.272209e+05 7.272520e+05 7.215309e+05 7.172898e+05 6.896112e+05 6.783479e+05 6.695624e+05 6.543310e+05 6.419659e+05 6.322989e+05 6.249270e+05 6.193448e+05 6.149848e+05 6.112568e+05 5.897148e+05 5.766967e+05 5.888084e+05 6.147363e+05 6.453907e+05 6.767337e+05 7.358111e+05 7.877769e+05 8.329370e+05 8.723737e+05 9.071096e+05 9.379529e+05
7.099933e+05 7.099934e+05 7.099934e+05 7.099902e+05 7.099713e+05 7.064823e+05 6.995081e+05 6.842072e+05 6.715321e+05 6.623932e+05 6.490752e+05 6.382027e+05 6.295235e+05 6.228370e+05 6.177585e+05 6.137868e+05 6.103691e+05 5.897578e+05 5.771585e+05 5.894696e+05 6.154891e+05 6.461750e+05 6.775149e+05 7.365375e+05 7.884283e+05 8.335154e+05 8.728876e+05 9.075685e+05 9.383653e+05
6.940996e+05 6.940999e+05 6.941005e+05 6.941144e+05 6.941388e+05 6.924584e+05 6.850909e+05 6.778762e+05 6.670299e+05 6.569414e+05 6.437109e+05 6.342090e+05 6.265658e+05 6.206188e+05 6.160854e+05 6.125318e+05 6.094461e+05 5.898116e+05 5.776400e+05 5.901506e+05 6.162596e+05 6.469743e+05 6.783087e+05 7.372727e+05 7.890858e+05 8.340981e+05 8.734048e+05 9.080300e+05 9.387797e+05
6.807677e+05 6.807678e+05 6.807683e+05 6.807789e+05 6.807993e+05 6.798914e+05 6.736266e+05 6.694642e+05 6.623536e+05 6.531612e+05 6.387754e+05 6.301264e+05 6.234735e+05 6.182916e+05 6.143346e+05 6.112250e+05 6.084909e+05 5.898772e+05 5.781417e+05 5.908518e+05 6.170478e+05 6.477887e+05 6.791151e+05 7.380165e+05 7.897494e+05 8.346852e+05 8.739253e+05 9.084940e+05 9.391961e+05
6.693000e+05 6.693001e+05 6.693005e+05 6.693094e+05 6.693271e+05 6.688234e+05 6.640009e+05 6.599367e+05 6.564722e+05 6.494988e+05 6.351187e+05 6.261821e+05 6.203247e+05 6.158869e+05 6.125206e+05 6.098739e+05 6.075080e+05 5.899555e+05 5.786641e+05 5.915732e+05 6.178540e+05 6.486182e+05 6.799341e+05 7.387690e+05 7.904191e+05 8.352767e+05 8.744490e+05 9.089605e+05 9.396144e+05
6.592972e+05 6.592973e+05 6.592976e+05 6.593050e+05 6.593207e+05 6.590570e+05 6.555293e+05 6.505702e+05 6.495029e+05 6.451745e+05 6.324330e+05 6.227322e+05 6.172362e+05 6.134526e+05 6.106655e+05 6.084898e+05 6.065038e+05 5.900477e+05 5.792077e+05 5.923153e+05 6.186781e+05 6.494629e+05 6.807657e+05 7.395301e+05 7.910948e+05 8.358726e+05 8.749759e+05 9.094294e+05 9.400348e+05
6.505224e+05 6.505224e+05 6.505227e+05 6.505290e+05 6.505434e+05 6.504284e+05 6.478944e+05 6.421075e+05 6.420811e+05 6.400318e+05 6.300193e+05 6.202281e+05 6.143740e+05 6.110563e+05 6.088008e+05 6.070889e+05 6.054873e+05 5.901552e+05 5.797729e+05 5.930781e+05 6.195204e+05 6.503229e+05 6.816100e+05 7.402999e+05 7.917765e+05 8.364728e+05 8.755061e+05 9.099009e+05 9.404570e+05
6.185860e+05 6.185860e+05 6.185861e+05 6.185896e+05 6.185984e+05 6.186923e+05 6.182765e+05 6.140011e+05 6.124571e+05 6.125532e+05 6.138136e+05 6.116579e+05 6.072889e+05 6.035110e+05 6.014025e+05 6.008616e+05 6.007865e+05 5.909842e+05 5.829404e+05 5.972107e+05 6.240064e+05 6.548520e+05 6.860204e+05 7.442775e+05 7.952747e+05 8.395382e+05 8.782050e+05 9.122950e+05 9.425974e+05
5.998794e+05 5.998794e+05 5.998795e+05 5.998820e+05 5.998890e+05 6.000229e+05 6.001285e+05 5.987683e+05 5.973695e+05 5.963981e+05 5.973970e+05 6.003724e+05 6.020730e+05 6.019598e+05 6.010778e+05 6.002693e+05 5.997286e+05 5.925904e+05 5.867330e+05 6.018893e+05 6.289533e+05 6.597621e+05 6.907433e+05 7.484659e+05 7.989189e+05 8.427086e+05 8.809820e+05 9.147490e+05 9.447850e+05
5.899179e+05 5.899179e+05 5.899180e+05 5.899200e+05 5.899259e+05 5.900664e+05 5.903277e+05 5.903856e+05 5.899267e+05 5.893082e+05 5.891913e+05 5.918449e+05 5.960535e+05 5.998559e+05 6.023492e+05 6.035870e+05 6.038768e+05 5.957472e+05 5.912800e+05 6.071398e+05 6.343628e+05 6.650480e+05 6.957713e+05 7.528585e+05 8.027041e+05 8.459800e+05 8.838342e+05 9.172609e+05 9.470184e+05
5.863918e+05 5.863919e+05 5.863919e+05 5.863937e+05 5.863991e+05 5.865415e+05 5.868847e+05 5.876405e+05 5.878245e+05 5.878266e+05 5.879187e+05 5.896248e+05 5.935243e+05 5.986335e+05 6.035606e+05 6.073474e+05 6.096004e+05 6.020068e+05 5.968305e+05 6.130106e+05 6.402386e+05 6.707017e+05 7.010944e+05 7.574462e+05 8.066238e+05 8.493480e+05 8.867585e+05 9.198285e+05 9.492959e+05
5.886465e+05 5.886465e+05 5.886466e+05 5.886482e+05 5.886529e+05 5.887519e+05 5.890107e+05 5.898436e+05 5.902998e+05 5.907103e+05 5.914760e+05 5.929599e+05 5.961001e+05 6.008940e+05 6.064773e+05 6.117270e+05 6.157300e+05 6.113635e+05 6.038417e+05 6.195966e+05 6.465953e+05 6.767170e+05 7.067011e+05 7.622189e+05 8.106705e+05 8.528075e+05 8.897514e+05 9.224492e+05 9.516157e+05
5.939554e+05 5.939554e+05 5.939555e+05 5.939570e+05 5.939617e+05 5.940959e+05 5.944686e+05 5.957189e+05 5.964910e+05 5.972881e+05 5.988503e+05 6.006375e+05 6.033587e+05 6.074384e+05 6.126079e+05 6.180673e+05 6.228590e+05 6.223270e+05 6.130815e+05 6.270674e+05 6.534693e+05 6.830936e+05 7.125811e+05 7.671652e+05 8.148361e+05 8.563527e+05 8.928088e+05 9.251202e+05 9.539758e+05
6.039485e+05 6.039486e+05 6.039486e+05 6.039499e+05 6.039541e+05 6.041098e+05 6.045667e+05 6.060380e+05 6.069475e+05 6.079150e+05 6.098973e+05 6.119574e+05 6.144773e+05 6.178981e+05 6.222782e+05 6.271818e+05 6.318545e+05 6.339845e+05 6.242246e+05 6.357235e+05 6.609319e+05 6.898438e+05 7.187285e+05 7.722739e+05 8.191118e+05 8.599775e+05 8.959266e+05 9.278386e+05 9.563740e+05
6.189584e+05 6.189584e+05 6.189584e+05 6.189597e+05 6.189636e+05 6.190777e+05 6.193972e+05 6.205182e+05 6.212852e+05 6.221575e+05 6.241042e+05 6.262091e+05 6.285753e+05 6.314769e+05 6.350522e+05 6.391004e+05 6.431035e+05 6.459247e+05 6.365094e+05 6.459799e+05 6.691062e+05 6.969980e+05 7.251449e+05 7.775350e+05 8.234890e+05 8.636758e+05 8.991004e+05 9.306013e+05 9.588081e+05
6.355202e+05 6.355203e+05 6.355203e+05 6.355214e+05 6.355249e+05 6.356292e+05 6.359251e+05 6.369754e+05 6.376978e+05 6.385288e+05 6.404344e+05 6.425379e+05 6.447989e+05 6.473254e+05 6.502177e+05 6.533847e+05 6.564910e+05 6.580943e+05 6.493791e+05 6.574724e+05 6.782174e+05 7.046135e+05 7.318431e+05 7.829409e+05 8.279594e+05 8.674412e+05 9.023257e+05 9.334050e+05 9.612758e+05
6.533938e+05 6.533938e+05 6.533938e+05 6.533949e+05 6.533982e+05 6.534962e+05 6.537828e+05 6.548258e+05 6.555449e+05 6.563707e+05 6.582636e+05 6.603455e+05 6.625074e+05 6.647397e+05 6.670697e+05 6.694343e+05 6.716106e+05 6.705903e+05 6.624442e+05 6.697519e+05 6.884737e+05 7.127870e+05 7.388511e+05 7.884877e+05 8.325158e+05 8.712677e+05 9.055979e+05 9.362465e+05 9.637746e+05
6.727011e+05 6.727011e+05 6.727011e+05 6.727021e+05 6.727051e+05 6.727968e+05 6.730663e+05 6.740535e+05 6.747363e+05 6.755201e+05 6.773086e+05 6.792578e+05 6.812329e+05 6.831556e+05 6.849825e+05 6.866333e+05 6.879367e+05 6.835009e+05 6.754786e+05 6.824591e+05 6.995567e+05 7.217017e+05 7.462180e+05 7.941765e+05 8.371525e+05 8.751497e+05 9.089129e+05 9.391226e+05 9.663023e+05
6.931778e+05 6.931778e+05 6.931778e+05 6.931787e+05 6.931815e+05 6.932648e+05 6.935079e+05 6.943813e+05 6.949788e+05 6.956585e+05 6.971897e+05 6.988384e+05 7.004864e+05 7.020290e+05 7.033685e+05 7.043852e+05 7.049152e+05 6.968338e+05 6.883866e+05 6.953063e+05 7.111735e+05 7.314333e+05 7.540256e+05 8.000150e+05 8.418658e+05 8.790824e+05 9.122664e+05 9.420302e+05 9.688563e+05
7.142188e+05 7.142188e+05 7.142188e+05 7.142196e+05 7.142221e+05 7.142950e+05 7.144994e+05 7.151929e+05 7.156385e+05 7.161320e+05 7.172297e+05 7.184256e+05 7.196410e+05 7.207627e+05 7.216475e+05 7.221275e+05 7.220179e+05 7.105127e+05 7.011535e+05 7.080831e+05 7.230782e+05 7.417295e+05 7.624268e+05 8.060190e+05 8.466551e+05 8.830621e+05 9.156548e+05 9.449662e+05 9.714345e+05
7.352037e+05 7.352037e+05 7.352037e+05 7.352034e+05 7.352027e+05 7.351839e+05 7.351914e+05 7.354014e+05 7.355839e+05 7.358135e+05 7.364099e+05 7.371618e+05 7.379918e+05 7.387660e+05 7.393010e+05 7.393839e+05 7.388002e+05 7.244055e+05 7.137992e+05 7.206539e+05 7.350625e+05 7.523875e+05 7.714146e+05 8.122149e+05 8.515228e+05 8.870864e+05 9.190752e+05 9.479279e+05 9.740344e+05
7.530817e+05 7.530817e+05 7.530817e+05 7.530813e+05 7.530802e+05 7.530467e+05 7.530049e+05 7.530571e+05 7.531571e+05 7.533087e+05 7.537582e+05 7.543632e+05 7.550401e+05 7.556502e+05 7.559967e+05 7.558441e+05 7.549581e+05 7.383573e+05 7.263465e+05 7.329463e+05 7.469593e+05 7.632330e+05 7.807977e+05 8.186437e+05 8.564754e+05 8.911545e+05 9.225250e+05 9.509129e+05 9.766542e+05
7.673785e+05 7.673785e+05 7.673785e+05 7.673790e+05 7.673804e+05 7.674244e+05 7.675602e+05 7.680366e+05 7.683339e+05 7.686550e+05 7.693475e+05 7.700797e+05 7.707967e+05 7.713864e+05 7.716656e+05 7.713988e+05 7.703447e+05 7.522153e+05 7.388037e+05 7.449339e+05 7.586443e+05 7.741147e+05 7.904307e+05 8.253728e+05 8.615245e+05 8.952675e+05 9.260028e+05 9.539192e+05 9.792919e+05
7.820754e+05 7.820754e+05 7.820754e+05 7.820757e+05 7.820767e+05 7.821153e+05 7.822484e+05 7.827343e+05 7.830511e+05 7.833978e+05 7.841414e+05 7.849026e+05 7.856181e+05 7.861793e+05 7.864086e+05 7.860712e+05 7.849213e+05 7.658413e+05 7.511596e+05 7.566186e+05 7.700350e+05 7.849053e+05 8.001872e+05 8.325004e+05 8.666873e+05 8.994289e+05 9.295083e+05 9.569454e+05 9.819459e+05
7.971452e+05 7.971452e+05 7.971452e+05 7.971454e+05 7.971463e+05 7.971711e+05 7.972428e+05 7.975133e+05 7.977118e+05 7.979478e+05 7.985038e+05 7.991179e+05 7.997123e+05 8.001698e+05 8.003101e+05 7.998964e+05 7.986784e+05 7.791153e+05 7.633856e+05 7.680158e+05 7.810843e+05 7.955039e+05 8.099559e+05 8.399468e+05 8.719887e+05 9.036447e+05 9.330420e+05 9.599906e+05 9.846149e+05
8.110881e+05 8.110881e+05 8.110881e+05 8.110884e+05 8.110891e+05 8.111109e+05 8.111731e+05 8.113927e+05 8.115425e+05 8.117158e+05 8.121207e+05 8.125730e+05 8.130123e+05 8.133314e+05 8.133576e+05 8.128598e+05 8.115894e+05 7.919352e+05 7.754407e+05 7.791439e+05 7.917737e+05 8.058358e+05 8.196408e+05 8.476086e+05 8.774652e+05 9.079239e+05 9.366062e+05 9.630545e+05 9.872980e+05
8.239594e+05 8.239594e+05 8.239594e+05 8.239596e+05 8.239602e+05 8.239777e+05 8.240273e+05 8.242022e+05 8.243202e+05 8.244538e+05 8.247556e+05 8.250805e+05 8.253826e+05 8.255703e+05 8.254863e+05 8.249133e+05 8.236112e+05 8.042174e+05 7.872773e+05 7.900180e+05 8.021047e+05 8.158518e+05 8.291628e+05 8.554052e+05 8.831792e+05 9.122789e+05 9.402043e+05 9.661377e+05 9.899945e+05
8.357134e+05 8.357134e+05 8.357134e+05 8.357136e+05 8.357142e+05 8.357298e+05 8.357733e+05 8.359182e+05 8.360098e+05 8.361096e+05 8.363251e+05 8.365450e+05 8.367332e+05 8.368110e+05 8.366372e+05 8.360110e+05 8.347059e+05 8.158979e+05 7.988467e+05 8.006478e+05 8.120912e+05 8.255243e+05 8.384599e+05 8.632662e+05 8.891664e+05 9.167267e+05 9.438417e+05 9.692416e+05 9.927045e+05
8.464298e+05 8.464298e+05 8.464298e+05 8.464300e+05 8.464304e+05 8.464400e+05 8.464632e+05 8.465402e+05 8.465929e+05 8.466530e+05 8.467865e+05 8.469201e+05 8.470198e+05 8.470154e+05 8.467800e+05 8.461302e+05 8.448557e+05 8.269335e+05 8.101039e+05 8.110367e+05 8.217539e+05 8.348440e+05 8.474874e+05 8.711284e+05 8.953503e+05 9.212902e+05 9.475257e+05 9.723685e+05 9.954283e+05
8.558086e+05 8.558086e+05 8.558086e+05 8.558088e+05 8.558092e+05 8.558203e+05 8.558470e+05 8.559224e+05 8.559679e+05 8.560161e+05 8.561123e+05 8.561953e+05 8.562394e+05 8.561850e+05 8.559201e+05 8.552794e+05 8.540701e+05 8.373017e+05 8.210098e+05 8.211830e+05 8.311154e+05 8.438154e+05 8.562163e+05 8.789359e+05 9.016724e+05 9.260025e+05 9.512657e+05 9.755219e+05 9.981670e+05
8.640934e+05 8.640934e+05 8.640934e+05 8.640936e+05 8.640939e+05 8.641039e+05 8.641314e+05 8.642159e+05 8.642608e+05 8.643027e+05 8.643737e+05 8.644244e+05 8.644378e+05 8.643627e+05 8.640993e+05 8.634990e+05 8.623872e+05 8.469992e+05 8.315336e+05 8.310818e+05 8.401978e+05 8.524524e+05 8.646320e+05 8.866408e+05 9.080844e+05 9.309173e+05 9.550738e+05 9.787063e+05 1.000922e+06
8.715964e+05 8.715964e+05 8.715964e+05 8.715965e+05 8.715968e+05 8.716025e+05 8.716088e+05 8.716138e+05 8.716174e+05 8.716247e+05 8.716504e+05 8.716811e+05 8.716900e+05 8.716242e+05 8.713913e+05 8.708587e+05 8.698705e+05 8.560390e+05 8.416535e+05 8.407261e+05 8.490207e+05 8.607754e+05 8.727315e+05 8.942026e+05 9.145440e+05 9.360226e+05 9.589656e+05 9.819274e+05 1.003696e+06
8.778260e+05 8.778260e+05 8.778260e+05 8.778261e+05 8.778264e+05 8.778309e+05 8.778351e+05 8.778514e+05 8.778723e+05 8.779022e+05 8.779786e+05 8.780569e+05 8.781067e+05 8.780806e+05 8.778999e+05 8.774519e+05 8.766023e+05 8.644463e+05 8.513559e+05 8.501087e+05 8.576011e+05 8.688073e+05 8.805215e+05 9.015892e+05 9.210125e+05 9.412660e+05 9.629618e+05 9.851927e+05 1.006491e+06
8.829622e+05 8.829622e+05 8.829622e+05 8.829625e+05 8.829634e+05 8.829893e+05 8.830571e+05 8.832488e+05 8.833512e+05 8.834506e+05 8.836305e+05 8.837754e+05 8.838695e+05 8.838805e+05 8.837484e+05 8.833822e+05 8.826707e+05 8.722533e+05 8.606356e+05 8.592235e+05 8.659527e+05 8.765725e+05 8.880153e+05 9.087767e+05 9.274556e+05 9.466109e+05 9.670936e+05 9.885110e+05 1.009312e+06
8.886036e+05 8.886036e+05 8.886036e+05 8.886037e+05 8.886038e+05 8.886069e+05 8.886201e+05 8.886964e+05 8.887545e+05 8.888193e+05 8.889519e+05 8.890670e+05 8.891427e+05 8.891493e+05 8.890378e+05 8.887348e+05 8.881498e+05 8.794957e+05 8.694942e+05 8.680658e+05 8.740872e+05 8.840945e+05 8.952311e+05 9.157486e+05 9.338425e+05 9.520266e+05 9.713968e+05 9.918935e+05 1.012163e+06
8.937832e+05 8.937832e+05 8.937832e+05 8.937832e+05 8.937833e+05 8.937866e+05 8.937941e+05 8.938152e+05 8.938297e+05 8.938476e+05 8.938900e+05 8.939298e+05 8.939489e+05 8.939218e+05 8.938095e+05 8.935551e+05 8.930870e+05 8.862101e+05 8.779398e+05 8.766338e+05 8.820137e+05 8.913956e+05 9.021898e+05 9.224955e+05 9.401466e+05 9.574852e+05 9.758377e+05 9.953543e+05 1.015050e+06
8.982238e+05 8.982238e+05 8.982238e+05 8.982239e+05 8.982240e+05 8.982269e+05 8.982336e+05 8.982478e+05 8.982530e+05 8.982566e+05 8.982590e+05 8.982522e+05 8.982284e+05 8.981734e+05 8.980630e+05 8.978585e+05 8.975089e+05 8.924338e+05 8.859856e+05 8.849280e+05 8.897404e+05 8.984958e+05 9.089138e+05 9.290146e+05 9.463455e+05 9.629618e+05 9.803840e+05 9.989121e+05 1.017980e+06
9.020008e+05 9.020008e+05 9.020008e+05 9.020009e+05 9.020009e+05 9.020022e+05 9.020048e+05 9.020134e+05 9.020172e+05 9.020189e+05 9.020128e+05 9.019910e+05 9.019514e+05 9.018905e+05 9.017995e+05 9.016596e+05 9.014405e+05 8.982064e+05 8.936501e+05 8.929520e+05 8.972742e+05 9.054133e+05 9.154255e+05 9.353080e+05 9.524207e+05 9.684333e+05 9.850112e+05 1.002597e+06 1.020961e+06
9.051501e+05 9.051501e+05 9.051501e+05 9.051502e+05 9.051503e+05 9.051549e+05 9.051662e+05 9.051898e+05 9.051977e+05 9.052021e+05 9.051986e+05 9.051780e+05 9.051423e+05 9.050968e+05 9.050465e+05 9.049907e+05 9.049195e+05 9.035719e+05 9.009555e+05 9.007118e+05 9.046219e+05 9.121640e+05 9.217465e+05 9.413827e+05 9.583582e+05 9.738791e+05 9.896981e+05 1.006420e+06 1.024002e+06
9.078833e+05 9.078833e+05 9.078833e+05 9.078833e+05 9.078833e+05 9.078828e+05 9.078809e+05 9.078820e+05 9.078848e+05 9.078870e+05 9.078854e+05 9.078738e+05 9.078570e+05 9.078464e+05 9.078579e+05 9.079072e+05 9.080023e+05 9.085795e+05 9.079278e+05 9.082163e+05 9.117897e+05 9.187618e+05 9.278973e+05 9.472487e+05 9.641476e+05 9.792805e+05 9.944255e+05 1.010347e+06 1.027117e+06
9.100502e+05 9.100502e+05 9.100502e+05 9.100503e+05 9.100505e+05 9.100569e+05 9.100732e+05 9.101074e+05 9.101188e+05 9.101268e+05 9.101372e+05 9.101483e+05 9.101695e+05 9.102159e+05 9.103119e+05 9.104865e+05 9.107645e+05 9.132830e+05 9.145951e+05 9.154761e+05 9.187842e+05 9.252188e+05 9.338965e+05 9.529189e+05 9.697824e+05 9.846213e+05 9.991759e+05 1.014359e+06 1.030323e+06
9.120224e+05 9.120224e+05 9.120224e+05 9.120224e+05 9.120223e+05 9.120189e+05 9.120089e+05 9.119905e+05 9.119890e+05 9.119948e+05 9.120284e+05 9.120899e+05 9.121795e+05 9.123103e+05 9.125127e+05 9.128289e+05 9.133001e+05 9.177393e+05 9.209870e+05 9.225037e+05 9.256122e+05 9.315457e+05 9.397613e+05 9.584077e+05 9.752594e+05 9.898875e+05 1.003933e+06 1.018437e+06 1.033646e+06
9.133485e+05 9.133485e+05 9.133485e+05 9.133486e+05 9.133489e+05 9.133570e+05 9.133772e+05 9.134406e+05 9.134862e+05 9.135420e+05 9.136804e+05 9.138468e+05 9.140391e+05 9.142742e+05 9.145931e+05 9.150536e+05 9.157151e+05 9.220045e+05 9.271332e+05 9.293125e+05 9.322805e+05 9.377518e+05 9.455067e+05 9.637307e+05 9.805787e+05 9.950672e+05 1.008682e+06 1.022566e+06 1.037075e+06
9.146812e+05 9.146812e+05 9.146812e+05 9.146814e+05 9.146821e+05 9.147010e+05 9.147526e+05 9.149258e+05 9.150358e+05 9.151550e+05 9.154095e+05 9.156764e+05 9.159580e+05 9.162802e+05 9.166966e+05 9.172815e+05 9.181122e+05 9.261300e+05 9.330622e+05 9.359167e+05 9.387964e+05 9.438454e+05 9.511462e+05 9.689035e+05 9.857428e+05 1.000151e+06 1.013409e+06 1.026733e+06 1.040587e+06
9.168766e+05 9.168766e+05 9.168766e+05 9.168767e+05 9.168771e+05 9.168898e+05 9.169280e+05 9.170701e+05 9.171676e+05 9.172783e+05 9.175283e+05 9.178041e+05 9.181057e+05 9.184607e+05 9.189305e+05 9.196022e+05 9.205682e+05 9.301588e+05 9.388008e+05 9.423307e+05 9.451673e+05 9.498338e+05 9.566914e+05 9.739420e+05 9.907565e+05 1.005132e+06 1.018103e+06 1.030924e+06 1.044168e+06
9.196214e+05 9.196214e+05 9.196214e+05 9.196215e+05 9.196217e+05 9.196272e+05 9.196437e+05 9.197115e+05 9.197662e+05 9.198354e+05 9.200138e+05 9.202363e+05 9.205033e+05 9.208444e+05 9.213272e+05 9.220500e+05 9.231182e+05 9.341236e+05 9.443733e+05 9.485690e+05 9.514006e+05 9.557237e+05 9.621525e+05 9.788613e+05 9.956263e+05 1.010004e+06 1.022751e+06 1.035127e+06 1.047804e+06
9.223277e+05 9.223277e+05 9.223277e+05 9.223277e+05 9.223279e+05 9.223338e+05 9.223512e+05 9.224165e+05 9.224634e+05 9.225197e+05 9.226600e+05 9.228380e+05 9.230643e+05 9.233778e+05 9.238565e+05 9.246110e+05 9.257603e+05 9.380471e+05 9.498013e+05 9.546456e+05 9.575038e+05 9.615210e+05 9.675383e+05 9.836759e+05 1.000360e+06 1.014765e+06 1.027345e+06 1.039331e+06 1.051483e+06
9.250415e+05 9.250415e+05 9.250415e+05 9.250416e+05 9.250418e+05 9.250485e+05 9.250682e+05 9.251360e+05 9.251806e+05 9.252314e+05 9.253517e+05 9.255016e+05 9.256989e+05 9.259914e+05 9.264679e+05 9.272517e+05 9.284752e+05 9.419454e+05 9.551041e+05 9.605739e+05 9.634846e+05 9.672312e+05 9.728562e+05 9.883991e+05 1.004967e+06 1.019413e+06 1.031875e+06 1.043526e+06 1.055196e+06
9.278167e+05 9.278167e+05 9.278167e+05 9.278168e+05 9.278169e+05 9.278195e+05 9.278282e+05 9.278669e+05 9.278975e+05 9.279358e+05 9.280345e+05 9.281659e+05 9.283486e+05 9.286352e+05 9.291223e+05 9.299443e+05 9.312453e+05 9.458316e+05 9.602990e+05 9.663669e+05 9.693503e+05 9.728592e+05 9.781127e+05 9.930433e+05 1.009456e+06 1.023948e+06 1.036336e+06 1.047702e+06 1.058932e+06
9.304237e+05 9.304237e+05 9.304237e+05 9.304237e+05 9.304238e+05 9.304270e+05 9.304387e+05 9.304864e+05 9.305208e+05 9.305616e+05 9.306631e+05 9.307974e+05 9.309874e+05 9.312892e+05 9.318059e+05 9.326805e+05 9.340678e+05 9.497184e+05 9.654015e+05 9.720366e+05 9.751082e+05 9.784097e+05 9.833133e+05 9.976195e+05 1.013838e+06 1.028372e+06 1.040721e+06 1.051851e+06 1.062682e+06
9.329599e+05 9.329599e+05 9.329599e+05 9.329600e+05 9.329602e+05 9.329677e+05 9.329888e+05 9.330534e+05 9.330930e+05 9.331384e+05 9.332531e+05 9.334098e+05 9.336304e+05 9.339706e+05 9.345365e+05 9.354782e+05 9.369597e+05 9.536198e+05 9.704258e+05 9.775945e+05 9.807652e+05 9.838870e+05 9.884624e+05 1.002138e+06 1.018123e+06 1.032688e+06 1.045027e+06 1.055963e+06 1.066437e+06
9.356028e+05 9.356028e+05 9.356028e+05 9.356028e+05 9.356028e+05 9.356026e+05 9.356020e+05 9.356218e+05 9.356534e+05 9.357024e+05 9.358505e+05 9.360592e+05 9.363374e+05 9.367364e+05 9.373648e+05 9.383803e+05 9.399564e+05 9.575506e+05 9.753843e+05 9.830511e+05 9.863281e+05 9.892950e+05 9.935642e+05 1.006607e+06 1.022319e+06 1.036899e+06 1.049249e+06 1.060033e+06 1.070189e+06
9.378901e+05 9.378901e+05 9.378901e+05 9.378903e+05 9.378910e+05 9.379093e+05 9.379543e+05 9.381042e+05 9.382042e+05 9.383174e+05 9.385763e+05 9.388729e+05 9.392212e+05 9.396794e+05 9.403644e+05 9.414437e+05 9.431013e+05 9.615237e+05 9.802879e+05 9.884161e+05 9.918034e+05 9.946375e+05 9.986217e+05 1.011034e+06 1.026437e+06 1.041010e+06 1.053386e+06 1.064054e+06 1.073930e+06
9.408873e+05 9.408873e+05 9.408873e+05 9.408876e+05 9.408882e+05 9.409095e+05 9.409700e+05 9.411677e+05 9.412918e+05 9.414269e+05 9.417216e+05 9.420448e+05 9.424138e+05 9.428911e+05 9.435996e+05 9.447140e+05 9.464267e+05 9.655479e+05 9.851457e+05 9.936981e+05 9.971969e+05 9.999177e+05 1.003638e+06 1.015426e+06 1.030485e+06 1.045026e+06 1.057437e+06 1.068020e+06 1.077653e+06
9.449363e+05 9.449363e+05 9.449363e+05 9.449364e+05 9.449365e+05 9.449404e+05 9.449529e+05 9.450194e+05 9.450795e+05 9.451576e+05 9.453610e+05 9.456190e+05 9.459418e+05 9.463879e+05 9.470802e+05 9.481969e+05 9.499358e+05 9.696253e+05 9.899646e+05 9.989051e+05 1.002514e+06 1.005139e+06 1.008614e+06 1.019788e+06 1.034473e+06 1.048953e+06 1.061401e+06 1.071928e+06 1.081352e+06
9.489352e+05 9.489352e+05 9.489352e+05 9.489352e+05 9.489354e+05 9.489404e+05 9.489546e+05 9.490073e+05 9.490476e+05 9.490993e+05 9.492400e+05 9.494338e+05 9.496984e+05 9.500964e+05 9.507539e+05 9.518538e+05 9.535997e+05 9.737519e+05 9.947498e+05 1.004044e+06 1.007761e+06 1.010304e+06 1.013554e+06 1.024125e+06 1.038407e+06 1.052797e+06 1.065280e+06 1.075772e+06 1.085020e+06
9.528742e+05 9.528742e+05 9.528742e+05 9.528743e+05 9.528744e+05 9.528794e+05 9.528944e+05 9.529526e+05 9.529946e+05 9.530447e+05 9.531698e+05 9.533335e+05 9.535603e+05 9.539198e+05 9.545452e+05 9.556263e+05 9.573731e+05 9.779192e+05 9.995053e+05 1.009121e+06 1.012941e+06 1.015415e+06 1.018457e+06 1.028440e+06 1.042295e+06 1.056563e+06 1.069074e+06 1.079551e+06 1.088652e+06
9.568107e+05 9.568107e+05 9.568107e+05 9.568108e+05 9.568110e+05 9.568169e+05 9.568344e+05 9.568979e+05 9.569407e+05 9.569896e+05 9.571056e+05 9.572515e+05 9.574546e+05 9.577887e+05 9.583923e+05 9.594614e+05 9.612124e+05 9.821175e+05 1.004234e+06 1.014141e+06 1.018060e+06 1.020475e+06 1.023325e+06 1.032737e+06 1.046143e+06 1.060258e+06 1.072786e+06 1.083261e+06 1.092243e+06
9.608088e+05 9.608088e+05 9.608088e+05 9.608088e+05 9.608089e+05 9.608124e+05 9.608231e+05 9.608638e+05 9.608938e+05 9.609306e+05 9.610256e+05 9.611540e+05 9.613413e+05 9.616613e+05 9.622551e+05 9.633227e+05 9.650858e+05 9.863385e+05 1.008938e+06 1.019110e+06 1.023121e+06 1.025486e+06 1.028159e+06 1.037017e+06 1.049956e+06 1.063888e+06 1.076418e+06 1.086902e+06 1.095789e+06
9.646991e+05 9.646991e+05 9.646991e+05 9.646992e+05 9.646992e+05 9.647009e+05 9.647059e+05 9.647325e+05 9.647574e+05 9.647909e+05 9.648828e+05 9.650100e+05 9.651965e+05 9.655169e+05 9.661143e+05 9.671924e+05 9.689773e+05 9.905775e+05 1.013620e+06 1.024031e+06 1.028127e+06 1.030450e+06 1.032960e+06 1.041281e+06 1.053740e+06 1.067458e+06 1.079974e+06 1.090472e+06 1.099286e+06
9.683664e+05 9.683664e+05 9.683664e+05 9.683665e+05 9.683667e+05 9.683743e+05 9.683959e+05 9.684674e+05 9.685133e+05 9.685644e+05 9.686820e+05 9.688264e+05 9.690262e+05 9.693593e+05 9.699718e+05 9.710708e+05 9.728860e+05 9.948336e+05 1.018282e+06 1.028909e+06 1.033083e+06 1.035368e+06 1.037728e+06 1.045532e+06 1.057499e+06 1.070974e+06 1.083456e+06 1.093971e+06 1.102731e+06
9.721946e+05 9.721946e+05 9.721946e+05 9.721946e+05 9.721949e+05 9.722023e+05 9.722224e+05 9.722876e+05 9.723300e+05 9.723786e+05 9.724961e+05 9.726477e+05 9.728610e+05 9.732120e+05 9.738467e+05 9.749733e+05 9.768240e+05 9.991093e+05 1.022926e+06 1.033745e+06 1.037990e+06 1.040241e+06 1.042462e+06 1.049769e+06 1.061235e+06 1.074440e+06 1.086868e+06 1.097399e+06 1.106120e+06
9.761362e+05 9.761362e+05 9.761362e+05 9.761362e+05 9.761363e+05 9.761371e+05 9.761396e+05 9.761593e+05 9.761836e+05 9.762202e+05 9.763318e+05 9.764950e+05 9.767291e+05 9.771052e+05 9.777674e+05 9.789249e+05 9.808120e+05 1.003409e+06 1.027556e+06 1.038544e+06 1.042850e+06 1.045071e+06 1.047163e+06 1.053992e+06 1.064953e+06 1.077863e+06 1.090214e+06 1.100756e+06 1.109452e+06
9.798001e+05 9.798001e+05 9.798001e+05 9.798001e+05 9.798001e+05 9.798050e+05 9.798231e+05 9.798983e+05 9.799546e+05 9.800227e+05 9.801910e+05 9.804011e+05 9.806732e+05 9.810809e+05 9.817710e+05 9.829562e+05 9.848743e+05 1.007738e+06 1.032172e+06 1.043308e+06 1.047667e+06 1.049859e+06 1.051831e+06 1.058201e+06 1.068654e+06 1.081245e+06 1.093497e+06 1.104045e+06 1.112725e+06
9.836366e+05 9.836366e+05 9.836366e+05 9.836367e+05 9.836371e+05 9.836497e+05 9.836884e+05 9.838268e+05 9.839161e+05 9.840143e+05 9.842310e+05 9.844749e+05 9.847700e+05 9.851939e+05 9.858970e+05 9.870956e+05 9.890311e+05 1.012098e+06 1.036776e+06 1.048037e+06 1.052440e+06 1.054604e+06 1.056465e+06 1.062396e+06 1.072340e+06 1.084591e+06 1.096722e+06 1.107265e+06 1.115938e+06
9.881628e+05 9.881628e+05 9.881628e+05 9.881628e+05 9.881629e+05 9.881671e+05 9.881846e+05 9.882638e+05 9.883243e+05 9.883971e+05 9.885740e+05 9.887895e+05 9.890633e+05 9.894705e+05 9.901611e+05 9.913522e+05 9.932870e+05 1.016488e+06 1.041367e+06 1.052733e+06 1.057171e+06 1.059308e+06 1.061065e+06 1.066575e+06 1.076012e+06 1.087905e+06 1.099891e+06 1.110420e+06 1.119089e+06
9.928566e+05 9.928566e+05 9.928566e+05 9.928567e+05 9.928568e+05 9.928600e+05 9.928696e+05 9.929101e+05 9.929440e+05 9.929886e+05 9.931101e+05 9.932758e+05 9.935066e+05 9.938772e+05 9.945375e+05 9.957054e+05 9.976255e+05 1.020902e+06 1.045944e+06 1.057396e+06 1.061862e+06 1.063971e+06 1.065629e+06 1.070738e+06 1.079672e+06 1.091190e+06 1.103008e+06 1.113510e+06 1.122179e+06
9.974439e+05 9.974439e+05 9.974439e+05 9.974440e+05 9.974441e+05 9.974485e+05 9.974613e+05 9.975079e+05 9.975411e+05 9.975810e+05 9.976822e+05 9.978172e+05 9.980127e+05 9.983474e+05 9.989746e+05 1.000115e+06 1.002014e+06 1.025330e+06 1.050505e+06 1.062027e+06 1.066511e+06 1.068592e+06 1.070157e+06 1.074882e+06 1.083319e+06 1.094447e+06 1.106077e+06 1.116538e+06 1.125207e+06
1.002006e+06 1.002006e+06 1.002006e+06 1.002006e+06 1.002007e+06 1.002011e+06 1.002024e+06 1.002071e+06 1.002103e+06 1.002140e+06 1.002230e+06 1.002345e+06 1.002515e+06 1.002821e+06 1.003421e+06 1.004537e+06 1.006418e+06 1.029764e+06 1.055049e+06 1.066624e+06 1.071120e+06 1.073171e+06 1.074649e+06 1.079007e+06 1.086953e+06 1.097681e+06 1.109100e+06 1.119506e+06 1.128174e+06
1.006559e+06 1.006559e+06 1.006559e+06 1.006559e+06 1.006559e+06 1.006562e+06 1.006570e+06 1.006603e+06 1.006627e+06 1.006656e+06 1.006727e+06 1.006822e+06 1.006970e+06 1.007256e+06 1.007837e+06 1.008937e+06 1.010808e+06 1.034193e+06 1.059571e+06 1.071188e+06 1.075688e+06 1.077708e+06 1.079102e+06 1.083111e+06 1.090575e+06 1.100892e+06 1.112082e+06 1.122417e+06 1.131079e+06
1.011003e+06 1.011003e+06 1.011003e+06 1.011003e+06 1.011003e+06 1.011006e+06 1.011013e+06 1.011038e+06 1.011055e+06 1.011075e+06 1.011128e+06 1.011207e+06 1.011344e+06 1.011622e+06 1.012197e+06 1.013295e+06 1.015166e+06 1.038611e+06 1.064070e+06 1.075717e+06 1.080214e+06 1.082201e+06 1.083515e+06 1.087192e+06 1.094183e+06 1.104082e+06 1.115025e+06 1.125272e+06 1.133924e+06
1.015303e+06 1.015303e+06 1.015303e+06 1.015303e+06 1.015303e+06 1.015303e+06 1.015306e+06 1.015316e+06 1.015325e+06 1.015340e+06 1.015390e+06 1.015474e+06 1.015621e+06 1.015910e+06 1.016498e+06 1.017608e+06 1.019491e+06 1.043015e+06 1.068544e+06 1.080209e+06 1.084698e+06 1.086650e+06 1.087889e+06 1.091248e+06 1.097778e+06 1.107252e+06 1.117931e+06 1.128075e+06 1.136710e+06
1.019354e+06 1.019354e+06 1.019354e+06 1.019354e+06 1.019354e+06 1.019355e+06 1.019357e+06 1.019377e+06 1.019399e+06 1.019430e+06 1.019518e+06 1.019643e+06 1.019827e+06 1.020148e+06 1.020762e+06 1.021894e+06 1.023796e+06 1.047405e+06 1.072990e+06 1.084664e+06 1.089138e+06 1.091055e+06 1.092220e+06 1.095277e+06 1.101357e+06 1.110404e+06 1.120803e+06 1.130828e+06 1.139438e+06
1.023213e+06 1.023213e+06 1.023213e+06 1.023213e+06 1.023213e+06 1.023223e+06 1.023251e+06 1.023347e+06 1.023409e+06 1.023479e+06 1.023636e+06 1.023816e+06 1.024043e+06 1.024398e+06 1.025037e+06 1.026189e+06 1.028107e+06 1.051783e+06 1.077408e+06 1.089081e+06 1.093535e+06 1.095414e+06 1.096509e+06 1.099278e+06 1.104920e+06 1.113538e+06 1.123643e+06 1.133532e+06 1.142109e+06
1.027469e+06 1.027469e+06 1.027469e+06 1.027469e+06 1.027470e+06 1.027479e+06 1.027509e+06 1.027616e+06 1.027686e+06 1.027764e+06 1.027935e+06 1.028126e+06 1.028362e+06 1.028723e+06 1.029368e+06 1.030524e+06 1.032446e+06 1.056151e+06 1.081794e+06 1.093456e+06 1.097885e+06 1.099726e+06 1.100752e+06 1.103248e+06 1.108466e+06 1.116654e+06 1.126453e+06 1.136192e+06 1.144725e+06
1.032203e+06 1.032203e+06 1.032203e+06 1.032203e+06 1.032203e+06 1.032204e+06 1.032211e+06 1.032253e+06 1.032289e+06 1.032334e+06 1.032449e+06 1.032597e+06 1.032800e+06 1.033137e+06 1.033763e+06 1.034905e+06 1.036818e+06 1.060507e+06 1.086148e+06 1.097790e+06 1.102189e+06 1.103989e+06 1.104950e+06 1.107186e+06 1.111993e+06 1.119753e+06 1.129235e+06 1.138808e+06 1.147287e+06
1.036894e+06 1.036894e+06 1.036894e+06 1.036894e+06 1.036894e+06 1.036895e+06 1.036899e+06 1.036917e+06 1.036932e+06 1.036955e+06 1.037023e+06 1.037126e+06 1.037290e+06 1.037594e+06 1.038193e+06 1.039313e+06 1.041207e+06 1.064848e+06 1.090467e+06 1.102080e+06 1.106445e+06 1.108204e+06 1.109101e+06 1.111090e+06 1.115500e+06 1.122835e+06 1.131990e+06 1.141382e+06 1.149797e+06
1.041386e+06 1.041386e+06 1.041386e+06 1.041386e+06 1.041386e+06 1.041389e+06 1.041397e+06 1.041424e+06 1.041443e+06 1.041465e+06 1.041526e+06 1.041612e+06 1.041756e+06 1.042037e+06 1.042615e+06 1.043716e+06 1.045592e+06 1.069167e+06 1.094747e+06 1.106324e+06 1.110651e+06 1.112367e+06 1.113203e+06 1.114957e+06 1.118985e+06 1.125899e+06 1.134720e+06 1.143918e+06 1.152257e+06
1.045779e+06 1.045779e+06 1.045779e+06 1.045779e+06 1.045779e+06 1.045782e+06 1.045790e+06 1.045823e+06 1.045846e+06 1.045872e+06 1.045936e+06 1.046022e+06 1.046160e+06 1.046434e+06 1.047001e+06 1.048090e+06 1.049953e+06 1.073461e+06 1.098987e+06 1.110520e+06 1.114807e+06 1.116479e+06 1.117255e+06 1.118787e+06 1.122446e+06 1.128945e+06 1.137425e+06 1.146417e+06 1.154669e+06
1.050122e+06 1.050122e+06 1.050122e+06 1.050122e+06 1.050122e+06 1.050125e+06 1.050133e+06 1.050162e+06 1.050183e+06 1.050209e+06 1.050273e+06 1.050361e+06 1.050502e+06 1.050776e+06 1.051342e+06 1.052426e+06 1.054282e+06 1.077722e+06 1.103184e+06 1.114667e+06 1.118910e+06 1.120538e+06 1.121257e+06 1.122578e+06 1.125883e+06 1.131973e+06 1.140107e+06 1.148880e+06 1.157033e+06
1.054395e+06 1.054395e+06 1.054395e+06 1.054395e+06 1.054395e+06 1.054397e+06 1.054404e+06 1.054430e+06 1.054450e+06 1.054476e+06 1.054545e+06 1.054642e+06 1.054792e+06 1.055074e+06 1.055644e+06 1.056727e+06 1.058578e+06 1.081948e+06 1.107334e+06 1.118762e+06 1.122959e+06 1.124542e+06 1.125205e+06 1.126327e+06 1.129293e+06 1.134981e+06 1.142766e+06 1.151309e+06 1.159353e+06
1.058573e+06 1.058573e+06 1.058573e+06 1.058573e+06 1.058573e+06 1.058575e+06 1.058583e+06 1.058619e+06 1.058648e+06 1.058684e+06 1.058774e+06 1.058890e+06 1.059055e+06 1.059346e+06 1.059921e+06 1.061003e+06 1.062847e+06 1.086134e+06 1.111435e+06 1.122803e+06 1.126953e+06 1.128492e+06 1.129101e+06 1.130034e+06 1.132674e+06 1.137970e+06 1.145403e+06 1.153706e+06 1.161629e+06
1.062731e+06 1.062731e+06 1.062731e+06 1.062731e+06 1.062731e+06 1.062737e+06 1.062755e+06 1.062820e+06 1.062864e+06 1.062913e+06 1.063026e+06 1.063156e+06 1.063327e+06 1.063619e+06 1.064189e+06 1.065262e+06 1.067093e+06 1.090276e+06 1.115484e+06 1.126790e+06 1.130890e+06 1.132385e+06 1.132942e+06 1.133697e+06 1.136027e+06 1.140938e+06 1.148018e+06 1.156073e+06 1.163863e+06
1.067096e+06 1.067096e+06 1.067096e+06 1.067096e+06 1.067096e+06 1.067102e+06 1.067119e+06 1.067180e+06 1.067220e+06 1.067264e+06 1.067362e+06 1.067475e+06 1.067627e+06 1.067900e+06 1.068449e+06 1.069501e+06 1.071311e+06 1.094369e+06 1.119478e+06 1.130719e+06 1.134770e+06 1.136220e+06 1.136727e+06 1.137315e+06 1.139348e+06 1.143885e+06 1.150612e+06 1.158409e+06 1.166057e+06
1.071649e+06 1.071649e+06 1.071649e+06 1.071649e+06 1.071649e+06 1.071648e+06 1.071649e+06 1.071662e+06 1.071675e+06 1.071692e+06 1.071740e+06 1.071807e+06 1.071920e+06 1.072158e+06 1.072677e+06 1.073701e+06 1.075483e+06 1.098407e+06 1.123414e+06 1.134590e+06 1.138591e+06 1.139997e+06 1.140456e+06 1.140886e+06 1.142637e+06 1.146809e+06 1.153184e+06 1.160718e+06 1.168213e+06
