2.582990e+05 2.226354e+05 2.221458e+05 2.251338e+05 2.301973e+05 2.673144e+05 3.155365e+05 4.074950e+05 4.505037e+05 4.913806e+05 5.667581e+05 6.343501e+05 6.964833e+05 7.576031e+05 8.237669e+05 9.013432e+05 9.956874e+05 1.776459e+06 2.918394e+06 4.185440e+06 5.503857e+06 6.886176e+06 8.370509e+06 1.178438e+07 1.571468e+07 1.938963e+07 2.175274e+07 2.241761e+07 2.178168e+07
2.571590e+05 2.571667e+05 2.571886e+05 2.576617e+05 2.582723e+05 2.831354e+05 3.284157e+05 4.185294e+05 4.608918e+05 5.012032e+05 5.755924e+05 6.423265e+05 7.037182e+05 7.642257e+05 8.299230e+05 9.071851e+05 1.001360e+06 1.782646e+06 2.925585e+06 4.193401e+06 5.512514e+06 6.895625e+06 8.380900e+06 1.179678e+07 1.572798e+07 1.940138e+07 2.176074e+07 2.242119e+07 2.178147e+07
2.973378e+05 2.973408e+05 2.973499e+05 2.975967e+05 2.982109e+05 3.146866e+05 3.484709e+05 4.324573e+05 4.735582e+05 5.128638e+05 5.856858e+05 6.512085e+05 7.116283e+05 7.713683e+05 8.364933e+05 9.133690e+05 1.007325e+06 1.789031e+06 2.932944e+06 4.201513e+06 5.521313e+06 6.905215e+06 8.391434e+06 1.180932e+07 1.574142e+07 1.941324e+07 2.176881e+07 2.242479e+07 2.178125e+07
3.369366e+05 3.369385e+05 3.369440e+05 3.371019e+05 3.375371e+05 3.466270e+05 3.785233e+05 4.491887e+05 4.883206e+05 5.262244e+05 5.969686e+05 6.609556e+05 7.201868e+05 7.790113e+05 8.434624e+05 9.198822e+05 1.013573e+06 1.795609e+06 2.940469e+06 4.209774e+06 5.530253e+06 6.914944e+06 8.402111e+06 1.182202e+07 1.575499e+07 1.942521e+07 2.177693e+07 2.242841e+07 2.178103e+07
3.759314e+05 3.759327e+05 3.759365e+05 3.760496e+05 3.763724e+05 3.829959e+05 4.080021e+05 4.702893e+05 5.053269e+05 5.411937e+05 6.093386e+05 6.715021e+05 7.293504e+05 7.871244e+05 8.508076e+05 9.267068e+05 1.020087e+06 1.802371e+06 2.948153e+06 4.218181e+06 5.539332e+06 6.924813e+06 8.412931e+06 1.183487e+07 1.576871e+07 1.943728e+07 2.178512e+07 2.243206e+07 2.178081e+07
4.141036e+05 4.141046e+05 4.141075e+05 4.141939e+05 4.144450e+05 4.200332e+05 4.377067e+05 4.961962e+05 5.259107e+05 5.580421e+05 6.227285e+05 6.827755e+05 7.390659e+05 7.956692e+05 8.585004e+05 9.338206e+05 1.026851e+06 1.809308e+06 2.955992e+06 4.226729e+06 5.548549e+06 6.934820e+06 8.423894e+06 1.184786e+07 1.578257e+07 1.944945e+07 2.179337e+07 2.243572e+07 2.178058e+07
4.513107e+05 4.513115e+05 4.513138e+05 4.513826e+05 4.515846e+05 4.564103e+05 4.692208e+05 5.232366e+05 5.500541e+05 5.778566e+05 6.371989e+05 6.947259e+05 7.492808e+05 8.046037e+05 8.665083e+05 9.411981e+05 1.033844e+06 1.816410e+06 2.963978e+06 4.235415e+06 5.557900e+06 6.944963e+06 8.434999e+06 1.186101e+07 1.579657e+07 1.946174e+07 2.180168e+07 2.243942e+07 2.178035e+07
4.874620e+05 4.874627e+05 4.874645e+05 4.875209e+05 4.876875e+05 4.918712e+05 5.018928e+05 5.495999e+05 5.753424e+05 6.003802e+05 6.530607e+05 7.073617e+05 7.599572e+05 8.138885e+05 8.747978e+05 9.488117e+05 1.041042e+06 1.823665e+06 2.972106e+06 4.244236e+06 5.567383e+06 6.955243e+06 8.446245e+06 1.187431e+07 1.581071e+07 1.947413e+07 2.181006e+07 2.244313e+07 2.178011e+07
5.225518e+05 5.225523e+05 5.225538e+05 5.226009e+05 5.227407e+05 5.263634e+05 5.347394e+05 5.751935e+05 6.003133e+05 6.239337e+05 6.710158e+05 7.207903e+05 7.710881e+05 8.234942e+05 8.833384e+05 9.566343e+05 1.048422e+06 1.831062e+06 2.980367e+06 4.253187e+06 5.576997e+06 6.965656e+06 8.457632e+06 1.188775e+07 1.582498e+07 1.948663e+07 2.181849e+07 2.244687e+07 2.177988e+07
5.565228e+05 5.565232e+05 5.565245e+05 5.565644e+05 5.566834e+05 5.598259e+05 5.671094e+05 6.005216e+05 6.244765e+05 6.473931e+05 6.906263e+05 7.352904e+05 7.827153e+05 8.334098e+05 8.921067e+05 9.646415e+05 1.055963e+06 1.838588e+06 2.988755e+06 4.262262e+06 5.586738e+06 6.976203e+06 8.469160e+06 1.190135e+07 1.583941e+07 1.949924e+07 2.182699e+07 2.245063e+07 2.177963e+07
5.893176e+05 5.893180e+05 5.893191e+05 5.893534e+05 5.894558e+05 5.921994e+05 5.986617e+05 6.259461e+05 6.479509e+05 6.701895e+05 7.109852e+05 7.512993e+05 7.949519e+05 8.436514e+05 9.010911e+05 9.728141e+05 1.063643e+06 1.846228e+06 2.997260e+06 4.271458e+06 5.596603e+06 6.986880e+06 8.480826e+06 1.191510e+07 1.585397e+07 1.951195e+07 2.183556e+07 2.245441e+07 2.177939e+07
7.357156e+05 7.357157e+05 7.357163e+05 7.357340e+05 7.357869e+05 7.372559e+05 7.409918e+05 7.521656e+05 7.618456e+05 7.753534e+05 8.075549e+05 8.380869e+05 8.677090e+05 9.028996e+05 9.504331e+05 1.016237e+06 1.103827e+06 1.885700e+06 3.041255e+06 4.319053e+06 5.647683e+06 7.042173e+06 8.541218e+06 1.198611e+07 1.592892e+07 1.957715e+07 2.187932e+07 2.247369e+07 2.177812e+07
8.538178e+05 8.538179e+05 8.538183e+05 8.538283e+05 8.538584e+05 8.546969e+05 8.568688e+05 8.629353e+05 8.667568e+05 8.722440e+05 8.900976e+05 9.137186e+05 9.390584e+05 9.685681e+05 1.009081e+06 1.067623e+06 1.149293e+06 1.926424e+06 3.086928e+06 4.368833e+06 5.701373e+06 7.100457e+06 8.604944e+06 1.206089e+07 1.600744e+07 1.964508e+07 2.192466e+07 2.249355e+07 2.177676e+07
9.469051e+05 9.469052e+05 9.469054e+05 9.469114e+05 9.469294e+05 9.474262e+05 9.487162e+05 9.522941e+05 9.541070e+05 9.561538e+05 9.633821e+05 9.770438e+05 9.969976e+05 1.024290e+06 1.063307e+06 1.120027e+06 1.199527e+06 1.968566e+06 3.133528e+06 4.420159e+06 5.757242e+06 7.161467e+06 8.671852e+06 1.213940e+07 1.608956e+07 1.971576e+07 2.197161e+07 2.251400e+07 2.177532e+07
1.019088e+06 1.019088e+06 1.019088e+06 1.019092e+06 1.019103e+06 1.019398e+06 1.020149e+06 1.022153e+06 1.023042e+06 1.023757e+06 1.025743e+06 1.031563e+06 1.044621e+06 1.068165e+06 1.106332e+06 1.163826e+06 1.244652e+06 2.015351e+06 3.181104e+06 4.472645e+06 5.814939e+06 7.224959e+06 8.741794e+06 1.222160e+07 1.617527e+07 1.978920e+07 2.202018e+07 2.253506e+07 2.177381e+07
1.073627e+06 1.073627e+06 1.073627e+06 1.073629e+06 1.073636e+06 1.073814e+06 1.074246e+06 1.075301e+06 1.075673e+06 1.075807e+06 1.075590e+06 1.076932e+06 1.084361e+06 1.103334e+06 1.139348e+06 1.197195e+06 1.280218e+06 2.065442e+06 3.231100e+06 4.526396e+06 5.874308e+06 7.290768e+06 8.814650e+06 1.230748e+07 1.626459e+07 1.986542e+07 2.207036e+07 2.255673e+07 2.177223e+07
1.113799e+06 1.113799e+06 1.113799e+06 1.113801e+06 1.113805e+06 1.113913e+06 1.114156e+06 1.114638e+06 1.114698e+06 1.114521e+06 1.113375e+06 1.112534e+06 1.116388e+06 1.131533e+06 1.164872e+06 1.222043e+06 1.306515e+06 2.112931e+06 3.286979e+06 4.582253e+06 5.935510e+06 7.358875e+06 8.890371e+06 1.239700e+07 1.635751e+07 1.994442e+07 2.212217e+07 2.257900e+07 2.177058e+07
1.142464e+06 1.142464e+06 1.142464e+06 1.142465e+06 1.142468e+06 1.142527e+06 1.142642e+06 1.142737e+06 1.142566e+06 1.142150e+06 1.140451e+06 1.138540e+06 1.140418e+06 1.153032e+06 1.184173e+06 1.240332e+06 1.325467e+06 2.154323e+06 3.346672e+06 4.642224e+06 5.999149e+06 7.429477e+06 8.969017e+06 1.249017e+07 1.645404e+07 2.002622e+07 2.217562e+07 2.260189e+07 2.176886e+07
1.161738e+06 1.161738e+06 1.161738e+06 1.161739e+06 1.161740e+06 1.161767e+06 1.161795e+06 1.161477e+06 1.161005e+06 1.160273e+06 1.157986e+06 1.155451e+06 1.156372e+06 1.167678e+06 1.197564e+06 1.253094e+06 1.338699e+06 2.188384e+06 3.406069e+06 4.709349e+06 6.066436e+06 7.503061e+06 9.050803e+06 1.258706e+07 1.655422e+07 2.011082e+07 2.223071e+07 2.262540e+07 2.176709e+07
1.172625e+06 1.172625e+06 1.172625e+06 1.172623e+06 1.172618e+06 1.172486e+06 1.172148e+06 1.171028e+06 1.170213e+06 1.169192e+06 1.166508e+06 1.163764e+06 1.164488e+06 1.175505e+06 1.205151e+06 1.260796e+06 1.347193e+06 2.215602e+06 3.462471e+06 4.781158e+06 6.139632e+06 7.580483e+06 9.136143e+06 1.268778e+07 1.665810e+07 2.019826e+07 2.228745e+07 2.264954e+07 2.176525e+07
1.171811e+06 1.171811e+06 1.171811e+06 1.171810e+06 1.171810e+06 1.171774e+06 1.171633e+06 1.170869e+06 1.170184e+06 1.169277e+06 1.166830e+06 1.164406e+06 1.165541e+06 1.177039e+06 1.207299e+06 1.263838e+06 1.351583e+06 2.237337e+06 3.514376e+06 4.854753e+06 6.220949e+06 7.663110e+06 9.225697e+06 1.279255e+07 1.676575e+07 2.028857e+07 2.234587e+07 2.267431e+07 2.176337e+07
1.165057e+06 1.165057e+06 1.165057e+06 1.165057e+06 1.165056e+06 1.165024e+06 1.164898e+06 1.164254e+06 1.163692e+06 1.162944e+06 1.160910e+06 1.159036e+06 1.160889e+06 1.173311e+06 1.204749e+06 1.262791e+06 1.352432e+06 2.255121e+06 3.561403e+06 4.928073e+06 6.307934e+06 7.753306e+06 9.320440e+06 1.290169e+07 1.687730e+07 2.038180e+07 2.240598e+07 2.269974e+07 2.176145e+07
1.154154e+06 1.154154e+06 1.154154e+06 1.154154e+06 1.154153e+06 1.154127e+06 1.154021e+06 1.153489e+06 1.153027e+06 1.152412e+06 1.150754e+06 1.149425e+06 1.152053e+06 1.165558e+06 1.198457e+06 1.258381e+06 1.350333e+06 2.270284e+06 3.604024e+06 4.999734e+06 6.398476e+06 7.852339e+06 9.421800e+06 1.301563e+07 1.699293e+07 2.047803e+07 2.246782e+07 2.272582e+07 2.175949e+07
1.140607e+06 1.140607e+06 1.140607e+06 1.140607e+06 1.140606e+06 1.140586e+06 1.140502e+06 1.140071e+06 1.139694e+06 1.139190e+06 1.137850e+06 1.136998e+06 1.140348e+06 1.154937e+06 1.189383e+06 1.251373e+06 1.345896e+06 2.283847e+06 3.643221e+06 5.069024e+06 6.490980e+06 7.958013e+06 9.532135e+06 1.313497e+07 1.711287e+07 2.057736e+07 2.253143e+07 2.275260e+07 2.175752e+07
1.125510e+06 1.125510e+06 1.125510e+06 1.125510e+06 1.125510e+06 1.125492e+06 1.125422e+06 1.125065e+06 1.124753e+06 1.124339e+06 1.123257e+06 1.122806e+06 1.126793e+06 1.142397e+06 1.178371e+06 1.242479e+06 1.339706e+06 2.296543e+06 3.680165e+06 5.135845e+06 6.584256e+06 8.068707e+06 9.651843e+06 1.326050e+07 1.723744e+07 2.067991e+07 2.259688e+07 2.278008e+07 2.175554e+07
1.109534e+06 1.109534e+06 1.109534e+06 1.109534e+06 1.109534e+06 1.109520e+06 1.109465e+06 1.109175e+06 1.108921e+06 1.108582e+06 1.107717e+06 1.107603e+06 1.112143e+06 1.128673e+06 1.166106e+06 1.232309e+06 1.332285e+06 2.308893e+06 3.715995e+06 5.200576e+06 6.677527e+06 8.183145e+06 9.779036e+06 1.339325e+07 1.736703e+07 2.078587e+07 2.266422e+07 2.280832e+07 2.175358e+07
1.093200e+06 1.093200e+06 1.093200e+06 1.093200e+06 1.093199e+06 1.093190e+06 1.093146e+06 1.092918e+06 1.092714e+06 1.092442e+06 1.091758e+06 1.091927e+06 1.096947e+06 1.114315e+06 1.153123e+06 1.221365e+06 1.324083e+06 2.321269e+06 3.751698e+06 5.263911e+06 6.770419e+06 8.300309e+06 9.912413e+06 1.353469e+07 1.750213e+07 2.089543e+07 2.273356e+07 2.283734e+07 2.175166e+07
1.076906e+06 1.076906e+06 1.076906e+06 1.076906e+06 1.076906e+06 1.076899e+06 1.076868e+06 1.076689e+06 1.076525e+06 1.076304e+06 1.075764e+06 1.076164e+06 1.081597e+06 1.099725e+06 1.139826e+06 1.210041e+06 1.315473e+06 2.333951e+06 3.788069e+06 5.326703e+06 6.862916e+06 8.419443e+06 1.005091e+07 1.368684e+07 1.764335e+07 2.100887e+07 2.280501e+07 2.286721e+07 2.174980e+07
1.060932e+06 1.060932e+06 1.060932e+06 1.060932e+06 1.060932e+06 1.060925e+06 1.060896e+06 1.060740e+06 1.060600e+06 1.060413e+06 1.059981e+06 1.060568e+06 1.066360e+06 1.085185e+06 1.126512e+06 1.198641e+06 1.306752e+06 2.347160e+06 3.825716e+06 5.389833e+06 6.955296e+06 8.540053e+06 1.019363e+07 1.384877e+07 1.779147e+07 2.112648e+07 2.287871e+07 2.289798e+07 2.174805e+07
1.045321e+06 1.045321e+06 1.045321e+06 1.045321e+06 1.045321e+06 1.045315e+06 1.045290e+06 1.045161e+06 1.045045e+06 1.044890e+06 1.044551e+06 1.045298e+06 1.051413e+06 1.070887e+06 1.113391e+06 1.187390e+06 1.298156e+06 2.361077e+06 3.865087e+06 5.454130e+06 7.048039e+06 8.661902e+06 1.033987e+07 1.401917e+07 1.794747e+07 2.124865e+07 2.295482e+07 2.292974e+07 2.174643e+07
1.030166e+06 1.030166e+06 1.030166e+06 1.030166e+06 1.030166e+06 1.030163e+06 1.030147e+06 1.030050e+06 1.029957e+06 1.029831e+06 1.029574e+06 1.030463e+06 1.036874e+06 1.056967e+06 1.100615e+06 1.176457e+06 1.289867e+06 2.375857e+06 3.906503e+06 5.520317e+06 7.141747e+06 8.784982e+06 1.048907e+07 1.419708e+07 1.811289e+07 2.137583e+07 2.303354e+07 2.296256e+07 2.174499e+07
1.015595e+06 1.015595e+06 1.015595e+06 1.015595e+06 1.015595e+06 1.015592e+06 1.015578e+06 1.015495e+06 1.015418e+06 1.015314e+06 1.015125e+06 1.016141e+06 1.022828e+06 1.043520e+06 1.088292e+06 1.165966e+06 1.282024e+06 2.391633e+06 3.950190e+06 5.588994e+06 7.237068e+06 8.909472e+06 1.064089e+07 1.438166e+07 1.828872e+07 2.150856e+07 2.311508e+07 2.299656e+07 2.174379e+07
1.001589e+06 1.001589e+06 1.001589e+06 1.001589e+06 1.001589e+06 1.001588e+06 1.001578e+06 1.001517e+06 1.001458e+06 1.001377e+06 1.001252e+06 1.002384e+06 1.009335e+06 1.030612e+06 1.076502e+06 1.156010e+06 1.274734e+06 2.408519e+06 3.996301e+06 5.660636e+06 7.334641e+06 9.035691e+06 1.079513e+07 1.457218e+07 1.847361e+07 2.164751e+07 2.319972e+07 2.303184e+07 2.174287e+07
9.882008e+05 9.882008e+05 9.882008e+05 9.882008e+05 9.882009e+05 9.882022e+05 9.881999e+05 9.881632e+05 9.881217e+05 9.880623e+05 9.879958e+05 9.892349e+05 9.964391e+05 1.018293e+06 1.065300e+06 1.146656e+06 1.268076e+06 2.426613e+06 4.044938e+06 5.735604e+06 7.435058e+06 9.164052e+06 1.095175e+07 1.476797e+07 1.866660e+07 2.179358e+07 2.328776e+07 2.306856e+07 2.174232e+07
9.755162e+05 9.755162e+05 9.755163e+05 9.755163e+05 9.755163e+05 9.755167e+05 9.755143e+05 9.754868e+05 9.754558e+05 9.754113e+05 9.753904e+05 9.767235e+05 9.841685e+05 1.006593e+06 1.054723e+06 1.137947e+06 1.262104e+06 2.445995e+06 4.096168e+06 5.814160e+06 7.538835e+06 9.295016e+06 1.111086e+07 1.496847e+07 1.886686e+07 2.194817e+07 2.337956e+07 2.310685e+07 2.174220e+07
9.634939e+05 9.634939e+05 9.634939e+05 9.634939e+05 9.634940e+05 9.634949e+05 9.634947e+05 9.634778e+05 9.634562e+05 9.634244e+05 9.634420e+05 9.648588e+05 9.725346e+05 9.955265e+05 1.044787e+06 1.129909e+06 1.256855e+06 2.466728e+06 4.150029e+06 5.896484e+06 7.646409e+06 9.429055e+06 1.127264e+07 1.517321e+07 1.907369e+07 2.211109e+07 2.347557e+07 2.314691e+07 2.174259e+07
9.521164e+05 9.521164e+05 9.521164e+05 9.521165e+05 9.521166e+05 9.521196e+05 9.521243e+05 9.521243e+05 9.521138e+05 9.520947e+05 9.521453e+05 9.536357e+05 9.615330e+05 9.850903e+05 1.035497e+06 1.122550e+06 1.252343e+06 2.488860e+06 4.206539e+06 5.982691e+06 7.758130e+06 9.566623e+06 1.143736e+07 1.538179e+07 1.928641e+07 2.228120e+07 2.357632e+07 2.318892e+07 2.174360e+07
9.414345e+05 9.414345e+05 9.414345e+05 9.414345e+05 9.414346e+05 9.414369e+05 9.414412e+05 9.414425e+05 9.414342e+05 9.414186e+05 9.414851e+05 9.430342e+05 9.511429e+05 9.752663e+05 1.026836e+06 1.115863e+06 1.248569e+06 2.512423e+06 4.265703e+06 6.072843e+06 7.874271e+06 9.708137e+06 1.160535e+07 1.559393e+07 1.950440e+07 2.245772e+07 2.368261e+07 2.323313e+07 2.174533e+07
9.313790e+05 9.313790e+05 9.313791e+05 9.313791e+05 9.313791e+05 9.313799e+05 9.313799e+05 9.313696e+05 9.313565e+05 9.313382e+05 9.314097e+05 9.330089e+05 9.413254e+05 9.660219e+05 1.018780e+06 1.109828e+06 1.245523e+06 2.537436e+06 4.327512e+06 6.166961e+06 7.995030e+06 9.853964e+06 1.177693e+07 1.580943e+07 1.972710e+07 2.263995e+07 2.379535e+07 2.327981e+07 2.174789e+07
9.217926e+05 9.217926e+05 9.217926e+05 9.217927e+05 9.217927e+05 9.217935e+05 9.217939e+05 9.217870e+05 9.217773e+05 9.217634e+05 9.218499e+05 9.235051e+05 9.320357e+05 9.573196e+05 1.011297e+06 1.104420e+06 1.243184e+06 2.563907e+06 4.391950e+06 6.265040e+06 8.120544e+06 1.000441e+07 1.195243e+07 1.602816e+07 1.995398e+07 2.282726e+07 2.391370e+07 2.332928e+07 2.175142e+07
9.126498e+05 9.126498e+05 9.126498e+05 9.126499e+05 9.126500e+05 9.126532e+05 9.126602e+05 9.126709e+05 9.126700e+05 9.126648e+05 9.127729e+05 9.144887e+05 9.232405e+05 9.491285e+05 1.004359e+06 1.099615e+06 1.241533e+06 2.591836e+06 4.458995e+06 6.367048e+06 8.250895e+06 1.015974e+07 1.213217e+07 1.625006e+07 2.018456e+07 2.301906e+07 2.403688e+07 2.338198e+07 2.175607e+07
9.040442e+05 9.040442e+05 9.040442e+05 9.040442e+05 9.040442e+05 9.040457e+05 9.040482e+05 9.040516e+05 9.040501e+05 9.040466e+05 9.041678e+05 9.059415e+05 9.149183e+05 9.414258e+05 9.979435e+05 1.095391e+06 1.240550e+06 2.621214e+06 4.528619e+06 6.472942e+06 8.386123e+06 1.032014e+07 1.231643e+07 1.647516e+07 2.041843e+07 2.321479e+07 2.416426e+07 2.343861e+07 2.176201e+07
8.958575e+05 8.958575e+05 8.958575e+05 8.958575e+05 8.958576e+05 8.958593e+05 8.958631e+05 8.958709e+05 8.958726e+05 8.958735e+05 8.960101e+05 8.978433e+05 9.070501e+05 9.341926e+05 9.920315e+05 1.091730e+06 1.240216e+06 2.652031e+06 4.600791e+06 6.582665e+06 8.526232e+06 1.048575e+07 1.250547e+07 1.670349e+07 2.065523e+07 2.341391e+07 2.429529e+07 2.349934e+07 2.176944e+07
8.880853e+05 8.880853e+05 8.880853e+05 8.880854e+05 8.880855e+05 8.880884e+05 8.880958e+05 8.881140e+05 8.881219e+05 8.881294e+05 8.882845e+05 8.901791e+05 8.996212e+05 9.274139e+05 9.866071e+05 1.088614e+06 1.240514e+06 2.684269e+06 4.675479e+06 6.696153e+06 8.671197e+06 1.065668e+07 1.269950e+07 1.693515e+07 2.089463e+07 2.361590e+07 2.442946e+07 2.356342e+07 2.177862e+07
8.807711e+05 8.807711e+05 8.807711e+05 8.807711e+05 8.807712e+05 8.807737e+05 8.807798e+05 8.807975e+05 8.808070e+05 8.808176e+05 8.809865e+05 8.829404e+05 8.926205e+05 9.210769e+05 9.816562e+05 1.086028e+06 1.241426e+06 2.717911e+06 4.752647e+06 6.813341e+06 8.820972e+06 1.083297e+07 1.289869e+07 1.717024e+07 2.113638e+07 2.382027e+07 2.456626e+07 2.363029e+07 2.178988e+07
8.738648e+05 8.738648e+05 8.738648e+05 8.738648e+05 8.738649e+05 8.738678e+05 8.738749e+05 8.738959e+05 8.739078e+05 8.739216e+05 8.741034e+05 8.761155e+05 8.860358e+05 9.151683e+05 9.771640e+05 1.083956e+06 1.242937e+06 2.752937e+06 4.832260e+06 6.934159e+06 8.975497e+06 1.101466e+07 1.310316e+07 1.740887e+07 2.138026e+07 2.402659e+07 2.470523e+07 2.369949e+07 2.180376e+07
8.673576e+05 8.673576e+05 8.673576e+05 8.673576e+05 8.673578e+05 8.673608e+05 8.673687e+05 8.673936e+05 8.674090e+05 8.674272e+05 8.676223e+05 8.696912e+05 8.798529e+05 9.096722e+05 9.731133e+05 1.082379e+06 1.245026e+06 2.789323e+06 4.914283e+06 7.058536e+06 9.134697e+06 1.120172e+07 1.331300e+07 1.765117e+07 2.162610e+07 2.423443e+07 2.484592e+07 2.377062e+07 2.181996e+07
8.612418e+05 8.612418e+05 8.612418e+05 8.612418e+05 8.612420e+05 8.612463e+05 8.612574e+05 8.612912e+05 8.613104e+05 8.613313e+05 8.615335e+05 8.636523e+05 8.740527e+05 9.045677e+05 9.694821e+05 1.081275e+06 1.247670e+06 2.827047e+06 4.998678e+06 7.186404e+06 9.298490e+06 1.139412e+07 1.352827e+07 1.789723e+07 2.187375e+07 2.444340e+07 2.498787e+07 2.384327e+07 2.183797e+07
8.555699e+05 8.555699e+05 8.555699e+05 8.555699e+05 8.555700e+05 8.555722e+05 8.555780e+05 8.555952e+05 8.556053e+05 8.556177e+05 8.558098e+05 8.579675e+05 8.686038e+05 8.998244e+05 9.662415e+05 1.080617e+06 1.250843e+06 2.866082e+06 5.085409e+06 7.317695e+06 9.466790e+06 1.159181e+07 1.374897e+07 1.814714e+07 2.212310e+07 2.465315e+07 2.513067e+07 2.391708e+07 2.185743e+07
8.501833e+05 8.501833e+05 8.501833e+05 8.501833e+05 8.501833e+05 8.501835e+05 8.501844e+05 8.501888e+05 8.501923e+05 8.501986e+05 8.503838e+05 8.525836e+05 8.634621e+05 8.954047e+05 9.633588e+05 1.080375e+06 1.254519e+06 2.906403e+06 5.174439e+06 7.452343e+06 9.639505e+06 1.179472e+07 1.397511e+07 1.840098e+07 2.237407e+07 2.486336e+07 2.527393e+07 2.399169e+07 2.187801e+07
8.449626e+05 8.449626e+05 8.449626e+05 8.449626e+05 8.449627e+05 8.449653e+05 8.449721e+05 8.449900e+05 8.449987e+05 8.450089e+05 8.452028e+05 8.474564e+05 8.585901e+05 8.912763e+05 9.608052e+05 1.080523e+06 1.258673e+06 2.947986e+06 5.265733e+06 7.590283e+06 9.816544e+06 1.200274e+07 1.420663e+07 1.865878e+07 2.262656e+07 2.507374e+07 2.541724e+07 2.406674e+07 2.189941e+07
8.400193e+05 8.400193e+05 8.400193e+05 8.400193e+05 8.400193e+05 8.400207e+05 8.400240e+05 8.400354e+05 8.400432e+05 8.400540e+05 8.402566e+05 8.425693e+05 8.539692e+05 8.874201e+05 9.585619e+05 1.081043e+06 1.263285e+06 2.990804e+06 5.359253e+06 7.731453e+06 9.997816e+06 1.221580e+07 1.444347e+07 1.892058e+07 2.288052e+07 2.528402e+07 2.556027e+07 2.414190e+07 2.192136e+07
8.352680e+05 8.352680e+05 8.352680e+05 8.352680e+05 8.352681e+05 8.352709e+05 8.352779e+05 8.352983e+05 8.353105e+05 8.353259e+05 8.355423e+05 8.379189e+05 8.495939e+05 8.838287e+05 9.566198e+05 1.081923e+06 1.268344e+06 3.034835e+06 5.454963e+06 7.875795e+06 1.018323e+07 1.243379e+07 1.468555e+07 1.918636e+07 2.313587e+07 2.549395e+07 2.570266e+07 2.421686e+07 2.194360e+07
8.307718e+05 8.307718e+05 8.307718e+05 8.307718e+05 8.307719e+05 8.307745e+05 8.307816e+05 8.308051e+05 8.308201e+05 8.308389e+05 8.310686e+05 8.335105e+05 8.454667e+05 8.805019e+05 9.549760e+05 1.083158e+06 1.273840e+06 3.080055e+06 5.552829e+06 8.023251e+06 1.037270e+07 1.265659e+07 1.493277e+07 1.945608e+07 2.339255e+07 2.570334e+07 2.584410e+07 2.429129e+07 2.196587e+07
8.265353e+05 8.265353e+05 8.265353e+05 8.265353e+05 8.265354e+05 8.265376e+05 8.265439e+05 8.265663e+05 8.265819e+05 8.266025e+05 8.268432e+05 8.293504e+05 8.415924e+05 8.774424e+05 9.536304e+05 1.084744e+06 1.279768e+06 3.126441e+06 5.652814e+06 8.173769e+06 1.056613e+07 1.288409e+07 1.518500e+07 1.972967e+07 2.365048e+07 2.591196e+07 2.598430e+07 2.436490e+07 2.198792e+07
8.225304e+05 8.225304e+05 8.225304e+05 8.225304e+05 8.225305e+05 8.225334e+05 8.225414e+05 8.225696e+05 8.225890e+05 8.226141e+05 8.228693e+05 8.254437e+05 8.379753e+05 8.746525e+05 9.525827e+05 1.086679e+06 1.286119e+06 3.173967e+06 5.754885e+06 8.327296e+06 1.076345e+07 1.311617e+07 1.544212e+07 2.000704e+07 2.390957e+07 2.611965e+07 2.612297e+07 2.443741e+07 2.200952e+07
8.187838e+05 8.187838e+05 8.187838e+05 8.187838e+05 8.187840e+05 8.187878e+05 8.187984e+05 8.188352e+05 8.188597e+05 8.188898e+05 8.191585e+05 8.217975e+05 8.346187e+05 8.721317e+05 9.518290e+05 1.088955e+06 1.292885e+06 3.222611e+06 5.859007e+06 8.483787e+06 1.096457e+07 1.335271e+07 1.570397e+07 2.028807e+07 2.416972e+07 2.632622e+07 2.625987e+07 2.450856e+07 2.203044e+07
8.153468e+05 8.153468e+05 8.153468e+05 8.153469e+05 8.153470e+05 8.153509e+05 8.153618e+05 8.153976e+05 8.154208e+05 8.154491e+05 8.157183e+05 8.184111e+05 8.315166e+05 8.698711e+05 9.513580e+05 1.091558e+06 1.300048e+06 3.272345e+06 5.965151e+06 8.643198e+06 1.116943e+07 1.359360e+07 1.597041e+07 2.057261e+07 2.443081e+07 2.653150e+07 2.639476e+07 2.457808e+07 2.205047e+07
8.122012e+05 8.122012e+05 8.122012e+05 8.122013e+05 8.122013e+05 8.122031e+05 8.122083e+05 8.122278e+05 8.122422e+05 8.122620e+05 8.125200e+05 8.152581e+05 8.286447e+05 8.678480e+05 9.511485e+05 1.094469e+06 1.307591e+06 3.323146e+06 6.073287e+06 8.805491e+06 1.137793e+07 1.383871e+07 1.624126e+07 2.086048e+07 2.469270e+07 2.673535e+07 2.652741e+07 2.464576e+07 2.206939e+07
8.092066e+05 8.092066e+05 8.092066e+05 8.092067e+05 8.092067e+05 8.092085e+05 8.092133e+05 8.092294e+05 8.092401e+05 8.092552e+05 8.095066e+05 8.122925e+05 8.259653e+05 8.660307e+05 9.511731e+05 1.097663e+06 1.315488e+06 3.374989e+06 6.183391e+06 8.970631e+06 1.159003e+07 1.408792e+07 1.651636e+07 2.115148e+07 2.495524e+07 2.693759e+07 2.665762e+07 2.471135e+07 2.208701e+07
8.063420e+05 8.063420e+05 8.063420e+05 8.063421e+05 8.063421e+05 8.063437e+05 8.063481e+05 8.063620e+05 8.063708e+05 8.063835e+05 8.066340e+05 8.094749e+05 8.234441e+05 8.643898e+05 9.514062e+05 1.101117e+06 1.323721e+06 3.427857e+06 6.295443e+06 9.138588e+06 1.180565e+07 1.434110e+07 1.679552e+07 2.144539e+07 2.521825e+07 2.713806e+07 2.678521e+07 2.477467e+07 2.210315e+07
8.035888e+05 8.035888e+05 8.035888e+05 8.035888e+05 8.035888e+05 8.035899e+05 8.035928e+05 8.036029e+05 8.036104e+05 8.036226e+05 8.038782e+05 8.067826e+05 8.210607e+05 8.629072e+05 9.518319e+05 1.104816e+06 1.332275e+06 3.481734e+06 6.409427e+06 9.309339e+06 1.202473e+07 1.459813e+07 1.707855e+07 2.174196e+07 2.548151e+07 2.733661e+07 2.691000e+07 2.483551e+07 2.211763e+07
8.009093e+05 8.009093e+05 8.009093e+05 8.009094e+05 8.009094e+05 8.009113e+05 8.009165e+05 8.009343e+05 8.009464e+05 8.009636e+05 8.012347e+05 8.042127e+05 8.188122e+05 8.615796e+05 9.524463e+05 1.108757e+06 1.341145e+06 3.536611e+06 6.525334e+06 9.482864e+06 1.224722e+07 1.485889e+07 1.736526e+07 2.204094e+07 2.574483e+07 2.753306e+07 2.703181e+07 2.489371e+07 2.213028e+07
7.983604e+05 7.983604e+05 7.983604e+05 7.983604e+05 7.983605e+05 7.983630e+05 7.983701e+05 7.983960e+05 7.984137e+05 7.984370e+05 7.987268e+05 8.017829e+05 8.167121e+05 8.604170e+05 9.532563e+05 1.112944e+06 1.350332e+06 3.592485e+06 6.643161e+06 9.659150e+06 1.247305e+07 1.512324e+07 1.765543e+07 2.234202e+07 2.600795e+07 2.772723e+07 2.715048e+07 2.494910e+07 2.214095e+07
7.959948e+05 7.959948e+05 7.959948e+05 7.959949e+05 7.959950e+05 7.959977e+05 7.960055e+05 7.960339e+05 7.960541e+05 7.960809e+05 7.963856e+05 7.995186e+05 8.147808e+05 8.594354e+05 9.542741e+05 1.117385e+06 1.359845e+06 3.649356e+06 6.762910e+06 9.838186e+06 1.270218e+07 1.539105e+07 1.794886e+07 2.264491e+07 2.627060e+07 2.791895e+07 2.726588e+07 2.500152e+07 2.214950e+07
7.938186e+05 7.938186e+05 7.938186e+05 7.938186e+05 7.938187e+05 7.938213e+05 7.938293e+05 7.938605e+05 7.938832e+05 7.939134e+05 7.942316e+05 7.974397e+05 8.130358e+05 8.586493e+05 9.555112e+05 1.122089e+06 1.369687e+06 3.707227e+06 6.884588e+06 1.001997e+07 1.293454e+07 1.566220e+07 1.824532e+07 2.294929e+07 2.653252e+07 2.810801e+07 2.737785e+07 2.505085e+07 2.215580e+07
7.918406e+05 7.918406e+05 7.918406e+05 7.918406e+05 7.918407e+05 7.918441e+05 7.918542e+05 7.918911e+05 7.919169e+05 7.919502e+05 7.922796e+05 7.955591e+05 8.114878e+05 8.580667e+05 9.569733e+05 1.127060e+06 1.379863e+06 3.766105e+06 7.008208e+06 1.020449e+07 1.317009e+07 1.593653e+07 1.854457e+07 2.325481e+07 2.679339e+07 2.829421e+07 2.748624e+07 2.509695e+07 2.215973e+07
7.900981e+05 7.900981e+05 7.900981e+05 7.900981e+05 7.900983e+05 7.901014e+05 7.901108e+05 7.901461e+05 7.901710e+05 7.902035e+05 7.905358e+05 7.938791e+05 8.101362e+05 8.576856e+05 9.586572e+05 1.132295e+06 1.390370e+06 3.825997e+06 7.133787e+06 1.039177e+07 1.340876e+07 1.621390e+07 1.884638e+07 2.356110e+07 2.705290e+07 2.847736e+07 2.759093e+07 2.513971e+07 2.216118e+07
7.885663e+05 7.885663e+05 7.885663e+05 7.885663e+05 7.885664e+05 7.885693e+05 7.885779e+05 7.886088e+05 7.886301e+05 7.886579e+05 7.889842e+05 7.923829e+05 8.089644e+05 8.574902e+05 9.605493e+05 1.137782e+06 1.401199e+06 3.886916e+06 7.261347e+06 1.058178e+07 1.365050e+07 1.649416e+07 1.915047e+07 2.386781e+07 2.731070e+07 2.865721e+07 2.769176e+07 2.517902e+07 2.216005e+07
7.872147e+05 7.872147e+05 7.872147e+05 7.872147e+05 7.872147e+05 7.872159e+05 7.872202e+05 7.872376e+05 7.872505e+05 7.872695e+05 7.875832e+05 7.910331e+05 8.079400e+05 8.574533e+05 9.626275e+05 1.143505e+06 1.412339e+06 3.948873e+06 7.390914e+06 1.077455e+07 1.389524e+07 1.677714e+07 1.945659e+07 2.417452e+07 2.756646e+07 2.883354e+07 2.778862e+07 2.521479e+07 2.215626e+07
7.859361e+05 7.859361e+05 7.859361e+05 7.859361e+05 7.859362e+05 7.859371e+05 7.859397e+05 7.859490e+05 7.859564e+05 7.859693e+05 7.862757e+05 7.897831e+05 8.070251e+05 8.575447e+05 9.648682e+05 1.149446e+06 1.423779e+06 4.011887e+06 7.522519e+06 1.097007e+07 1.414290e+07 1.706265e+07 1.976444e+07 2.448083e+07 2.781978e+07 2.900612e+07 2.788136e+07 2.524693e+07 2.214972e+07
7.846728e+05 7.846728e+05 7.846728e+05 7.846728e+05 7.846728e+05 7.846741e+05 7.846775e+05 7.846890e+05 7.846969e+05 7.847102e+05 7.850222e+05 7.886001e+05 8.061933e+05 8.577434e+05 9.672559e+05 1.155596e+06 1.435513e+06 4.075981e+06 7.656194e+06 1.116834e+07 1.439340e+07 1.735049e+07 2.007371e+07 2.478631e+07 2.807030e+07 2.917468e+07 2.796985e+07 2.527535e+07 2.214038e+07
7.834454e+05 7.834454e+05 7.834454e+05 7.834454e+05 7.834454e+05 7.834466e+05 7.834501e+05 7.834644e+05 7.834755e+05 7.834929e+05 7.838203e+05 7.874807e+05 8.054410e+05 8.580470e+05 9.697897e+05 1.161955e+06 1.447546e+06 4.141183e+06 7.791974e+06 1.136935e+07 1.464664e+07 1.764046e+07 2.038408e+07 2.509052e+07 2.831761e+07 2.933898e+07 2.805395e+07 2.529998e+07 2.212816e+07
7.822677e+05 7.822677e+05 7.822677e+05 7.822677e+05 7.822678e+05 7.822705e+05 7.822781e+05 7.823043e+05 7.823223e+05 7.823472e+05 7.826966e+05 7.864471e+05 8.047865e+05 8.584704e+05 9.724829e+05 1.168536e+06 1.459894e+06 4.207525e+06 7.929891e+06 1.157309e+07 1.490251e+07 1.793232e+07 2.069520e+07 2.539299e+07 2.856131e+07 2.949875e+07 2.813353e+07 2.532076e+07 2.211301e+07
7.812291e+05 7.812291e+05 7.812291e+05 7.812292e+05 7.812293e+05 7.812319e+05 7.812397e+05 7.812704e+05 7.812930e+05 7.813237e+05 7.816935e+05 7.855351e+05 8.042598e+05 8.590392e+05 9.753577e+05 1.175361e+06 1.472575e+06 4.275041e+06 8.069979e+06 1.177952e+07 1.516086e+07 1.822580e+07 2.100670e+07 2.569325e+07 2.880097e+07 2.965372e+07 2.820846e+07 2.533760e+07 2.209490e+07
7.803500e+05 7.803500e+05 7.803500e+05 7.803500e+05 7.803501e+05 7.803534e+05 7.803632e+05 7.803999e+05 7.804262e+05 7.804615e+05 7.808485e+05 7.847788e+05 8.038911e+05 8.597796e+05 9.784372e+05 1.182451e+06 1.485612e+06 4.343767e+06 8.212262e+06 1.198861e+07 1.542154e+07 1.852061e+07 2.131818e+07 2.599079e+07 2.903617e+07 2.980362e+07 2.827859e+07 2.535046e+07 2.207379e+07
7.796681e+05 7.796681e+05 7.796681e+05 7.796682e+05 7.796683e+05 7.796715e+05 7.796814e+05 7.797202e+05 7.797489e+05 7.797873e+05 7.801879e+05 7.842028e+05 8.037022e+05 8.607108e+05 9.817389e+05 1.189821e+06 1.499021e+06 4.413734e+06 8.356760e+06 1.220029e+07 1.568435e+07 1.881643e+07 2.162921e+07 2.628510e+07 2.926648e+07 2.994816e+07 2.834381e+07 2.535929e+07 2.204964e+07
7.791878e+05 7.791878e+05 7.791878e+05 7.791878e+05 7.791879e+05 7.791918e+05 7.792032e+05 7.792464e+05 7.792773e+05 7.793175e+05 7.797261e+05 7.838186e+05 8.037020e+05 8.618399e+05 9.852692e+05 1.197481e+06 1.512812e+06 4.484971e+06 8.503479e+06 1.241447e+07 1.594909e+07 1.911292e+07 2.193933e+07 2.657566e+07 2.949143e+07 3.008708e+07 2.840396e+07 2.536402e+07 2.202243e+07
7.789368e+05 7.789368e+05 7.789369e+05 7.789369e+05 7.789370e+05 7.789408e+05 7.789521e+05 7.789929e+05 7.790205e+05 7.790564e+05 7.794600e+05 7.836185e+05 8.038812e+05 8.631576e+05 9.890207e+05 1.205424e+06 1.526986e+06 4.557500e+06 8.652416e+06 1.263106e+07 1.621550e+07 1.940968e+07 2.224807e+07 2.686192e+07 2.971060e+07 3.022008e+07 2.845893e+07 2.536462e+07 2.199215e+07
7.789011e+05 7.789011e+05 7.789011e+05 7.789011e+05 7.789012e+05 7.789022e+05 7.789060e+05 7.789246e+05 7.789399e+05 7.789633e+05 7.793490e+05 7.835656e+05 8.042076e+05 8.646378e+05 9.929732e+05 1.213639e+06 1.541535e+06 4.631336e+06 8.803549e+06 1.284991e+07 1.648328e+07 1.970628e+07 2.255489e+07 2.714332e+07 2.992352e+07 3.034688e+07 2.850857e+07 2.536103e+07 2.195879e+07
7.789053e+05 7.789053e+05 7.789053e+05 7.789053e+05 7.789054e+05 7.789063e+05 7.789089e+05 7.789193e+05 7.789281e+05 7.789443e+05 7.793207e+05 7.836036e+05 8.046374e+05 8.662466e+05 9.971017e+05 1.222106e+06 1.556449e+06 4.706490e+06 8.956839e+06 1.307086e+07 1.675211e+07 2.000227e+07 2.285925e+07 2.741928e+07 3.012974e+07 3.046720e+07 2.855277e+07 2.535324e+07 2.192233e+07
7.788941e+05 7.788941e+05 7.788941e+05 7.788942e+05 7.788942e+05 7.788958e+05 7.789002e+05 7.789154e+05 7.789262e+05 7.789438e+05 7.793280e+05 7.836938e+05 8.051397e+05 8.679598e+05 1.001388e+06 1.230815e+06 1.571721e+06 4.782966e+06 9.112226e+06 1.329369e+07 1.702162e+07 2.029713e+07 2.316057e+07 2.768923e+07 3.032880e+07 3.058078e+07 2.859139e+07 2.534118e+07 2.188279e+07
7.789104e+05 7.789104e+05 7.789104e+05 7.789105e+05 7.789105e+05 7.789121e+05 7.789170e+05 7.789356e+05 7.789496e+05 7.789714e+05 7.793720e+05 7.838333e+05 8.057103e+05 8.697737e+05 1.005830e+06 1.239763e+06 1.587352e+06 4.860760e+06 9.269626e+06 1.351816e+07 1.729138e+07 2.059032e+07 2.345823e+07 2.795257e+07 3.052026e+07 3.068732e+07 2.862433e+07 2.532485e+07 2.184015e+07
7.789740e+05 7.789740e+05 7.789740e+05 7.789740e+05 7.789741e+05 7.789762e+05 7.789829e+05 7.790095e+05 7.790293e+05 7.790578e+05 7.794809e+05 7.840459e+05 8.063686e+05 8.717039e+05 1.010440e+06 1.248963e+06 1.603353e+06 4.939863e+06 9.428927e+06 1.374397e+07 1.756093e+07 2.088124e+07 2.375159e+07 2.820870e+07 3.070367e+07 3.078658e+07 2.865145e+07 2.530421e+07 2.179443e+07
7.791405e+05 7.791405e+05 7.791405e+05 7.791405e+05 7.791406e+05 7.791437e+05 7.791530e+05 7.791886e+05 7.792145e+05 7.792503e+05 7.796974e+05 7.843695e+05 8.071472e+05 8.737780e+05 1.015241e+06 1.258433e+06 1.619737e+06 5.020254e+06 9.589984e+06 1.397081e+07 1.782974e+07 2.116927e+07 2.403996e+07 2.845700e+07 3.087858e+07 3.087830e+07 2.867266e+07 2.527924e+07 2.174565e+07
7.794731e+05 7.794731e+05 7.794731e+05 7.794732e+05 7.794733e+05 7.794763e+05 7.794860e+05 7.795262e+05 7.795567e+05 7.795983e+05 7.800670e+05 7.848447e+05 8.080814e+05 8.760255e+05 1.020257e+06 1.268192e+06 1.636520e+06 5.101897e+06 9.752618e+06 1.419827e+07 1.809727e+07 2.145374e+07 2.432265e+07 2.869687e+07 3.104457e+07 3.096222e+07 2.868785e+07 2.524992e+07 2.169381e+07
7.799908e+05 7.799908e+05 7.799908e+05 7.799908e+05 7.799909e+05 7.799953e+05 7.800085e+05 7.800586e+05 7.800944e+05 7.801414e+05 7.806271e+05 7.855041e+05 8.091984e+05 8.784687e+05 1.025507e+06 1.278254e+06 1.653709e+06 5.184737e+06 9.916605e+06 1.442591e+07 1.836287e+07 2.173392e+07 2.459894e+07 2.892771e+07 3.120120e+07 3.103811e+07 2.869693e+07 2.521623e+07 2.163895e+07
7.807651e+05 7.807651e+05 7.807651e+05 7.807651e+05 7.807653e+05 7.807695e+05 7.807826e+05 7.808313e+05 7.808654e+05 7.809102e+05 7.813977e+05 7.863612e+05 8.105075e+05 8.811140e+05 1.030993e+06 1.288619e+06 1.671301e+06 5.268692e+06 1.008167e+07 1.465323e+07 1.862588e+07 2.200906e+07 2.486806e+07 2.914889e+07 3.134809e+07 3.110574e+07 2.869980e+07 2.517818e+07 2.158107e+07
7.817823e+05 7.817823e+05 7.817823e+05 7.817823e+05 7.817823e+05 7.817844e+05 7.817913e+05 7.818218e+05 7.818458e+05 7.818805e+05 7.823561e+05 7.873958e+05 8.119917e+05 8.839471e+05 1.036704e+06 1.299273e+06 1.689278e+06 5.353653e+06 1.024750e+07 1.487967e+07 1.888557e+07 2.227838e+07 2.512926e+07 2.935983e+07 3.148483e+07 3.116491e+07 2.869640e+07 2.513576e+07 2.152022e+07
