3.086948e+08 3.063527e+08 3.049672e+08 2.950626e+08 2.897863e+08 2.723822e+08 2.693505e+08 2.754216e+08 2.806931e+08 2.866652e+08 2.997735e+08 3.136182e+08 3.276821e+08 3.416941e+08 3.554764e+08 3.688295e+08 3.814443e+08 4.188769e+08 4.203903e+08 4.256460e+08 4.397191e+08 4.586390e+08 4.798948e+08 5.244959e+08 5.676371e+08 6.065641e+08 6.399618e+08 6.673893e+08 6.889437e+08
2.704031e+08 2.704071e+08 2.704173e+08 2.705018e+08 2.698742e+08 2.670442e+08 2.679631e+08 2.760431e+08 2.816365e+08 2.878042e+08 3.011271e+08 3.150750e+08 3.291886e+08 3.432207e+08 3.570044e+08 3.703452e+08 3.829350e+08 4.200510e+08 4.212116e+08 4.263010e+08 4.403069e+08 4.591978e+08 4.804391e+08 5.250215e+08 5.681394e+08 6.070333e+08 6.403895e+08 6.677700e+08 6.892750e+08
2.655816e+08 2.655828e+08 2.655862e+08 2.656569e+08 2.657438e+08 2.669304e+08 2.671810e+08 2.767128e+08 2.827299e+08 2.891289e+08 3.026711e+08 3.167039e+08 3.308469e+08 3.448805e+08 3.586497e+08 3.719644e+08 3.845174e+08 4.212718e+08 4.220567e+08 4.269711e+08 4.409063e+08 4.597662e+08 4.809917e+08 5.255536e+08 5.686468e+08 6.075067e+08 6.408204e+08 6.681532e+08 6.896080e+08
2.656925e+08 2.656932e+08 2.656951e+08 2.657406e+08 2.658371e+08 2.654887e+08 2.708381e+08 2.776253e+08 2.839815e+08 2.906242e+08 3.043956e+08 3.185007e+08 3.326551e+08 3.466728e+08 3.604121e+08 3.736873e+08 3.861914e+08 4.225392e+08 4.229253e+08 4.276563e+08 4.415172e+08 4.603443e+08 4.815528e+08 5.260923e+08 5.691595e+08 6.079841e+08 6.412544e+08 6.685386e+08 6.899426e+08
2.680121e+08 2.680125e+08 2.680137e+08 2.680459e+08 2.681249e+08 2.681434e+08 2.726869e+08 2.800864e+08 2.856742e+08 2.923540e+08 3.062954e+08 3.204583e+08 3.346085e+08 3.485948e+08 3.622897e+08 3.755124e+08 3.879562e+08 4.238530e+08 4.238175e+08 4.283566e+08 4.421397e+08 4.609321e+08 4.821222e+08 5.266377e+08 5.696775e+08 6.084656e+08 6.416915e+08 6.689263e+08 6.902790e+08
2.715877e+08 2.715880e+08 2.715889e+08 2.716135e+08 2.716776e+08 2.721800e+08 2.745810e+08 2.845937e+08 2.887515e+08 2.945994e+08 3.083982e+08 3.225742e+08 3.367021e+08 3.506423e+08 3.642795e+08 3.774378e+08 3.898103e+08 4.252127e+08 4.247328e+08 4.290717e+08 4.427736e+08 4.615294e+08 4.827000e+08 5.271896e+08 5.702007e+08 6.089511e+08 6.421317e+08 6.693164e+08 6.906169e+08
2.759590e+08 2.759592e+08 2.759599e+08 2.759794e+08 2.760325e+08 2.767548e+08 2.780003e+08 2.892551e+08 2.933273e+08 2.980481e+08 3.108025e+08 3.248624e+08 3.389345e+08 3.528116e+08 3.663782e+08 3.794607e+08 3.917515e+08 4.266176e+08 4.256711e+08 4.298017e+08 4.434190e+08 4.621364e+08 4.832862e+08 5.277482e+08 5.707291e+08 6.094408e+08 6.425751e+08 6.697087e+08 6.909565e+08
2.808666e+08 2.808668e+08 2.808673e+08 2.808834e+08 2.809282e+08 2.817107e+08 2.826265e+08 2.933750e+08 2.982371e+08 3.026425e+08 3.137248e+08 3.273670e+08 3.413133e+08 3.551017e+08 3.685828e+08 3.815782e+08 3.937774e+08 4.280667e+08 4.266321e+08 4.305463e+08 4.440758e+08 4.627531e+08 4.838809e+08 5.283135e+08 5.712628e+08 6.099346e+08 6.430215e+08 6.701034e+08 6.912977e+08
2.861501e+08 2.861503e+08 2.861507e+08 2.861644e+08 2.862031e+08 2.869763e+08 2.879161e+08 2.971747e+08 3.028947e+08 3.076165e+08 3.175528e+08 3.301767e+08 3.438610e+08 3.575168e+08 3.708925e+08 3.837880e+08 3.958857e+08 4.295592e+08 4.276152e+08 4.313055e+08 4.447439e+08 4.633793e+08 4.844839e+08 5.288853e+08 5.718018e+08 6.104324e+08 6.434711e+08 6.705003e+08 6.916406e+08
2.917064e+08 2.917065e+08 2.917069e+08 2.917188e+08 2.917526e+08 2.924891e+08 2.935388e+08 3.010902e+08 3.072211e+08 3.125220e+08 3.221161e+08 3.334540e+08 3.466215e+08 3.600696e+08 3.733097e+08 3.860893e+08 3.980744e+08 4.310938e+08 4.286201e+08 4.320789e+08 4.454233e+08 4.640151e+08 4.850953e+08 5.294639e+08 5.723460e+08 6.109343e+08 6.439237e+08 6.708995e+08 6.919851e+08
2.974638e+08 2.974639e+08 2.974642e+08 2.974745e+08 2.975043e+08 2.981946e+08 2.993381e+08 3.053940e+08 3.114064e+08 3.171924e+08 3.270336e+08 3.374249e+08 3.496684e+08 3.627843e+08 3.758420e+08 3.884836e+08 4.003429e+08 4.326693e+08 4.296463e+08 4.328665e+08 4.461138e+08 4.646604e+08 4.857151e+08 5.300490e+08 5.728954e+08 6.114403e+08 6.443795e+08 6.713010e+08 6.923311e+08
3.278284e+08 3.278284e+08 3.278286e+08 3.278348e+08 3.278532e+08 3.283404e+08 3.294868e+08 3.325123e+08 3.354820e+08 3.399876e+08 3.510906e+08 3.614587e+08 3.709233e+08 3.806538e+08 3.911213e+08 4.021874e+08 4.129989e+08 4.411230e+08 4.350765e+08 4.370078e+08 4.497303e+08 4.680282e+08 4.889391e+08 5.330744e+08 5.757214e+08 6.140314e+08 6.467042e+08 6.733422e+08 6.940854e+08
3.589933e+08 3.589934e+08 3.589935e+08 3.589978e+08 3.590106e+08 3.593670e+08 3.602957e+08 3.629108e+08 3.645681e+08 3.669415e+08 3.746482e+08 3.847435e+08 3.947177e+08 4.038088e+08 4.124213e+08 4.209297e+08 4.292562e+08 4.505078e+08 4.409582e+08 4.414631e+08 4.536075e+08 4.716253e+08 4.923681e+08 5.362647e+08 5.786781e+08 6.167234e+08 6.491050e+08 6.754387e+08 6.958783e+08
3.898299e+08 3.898300e+08 3.898301e+08 3.898333e+08 3.898429e+08 3.901186e+08 3.908702e+08 3.931934e+08 3.945442e+08 3.960926e+08 4.007334e+08 4.081097e+08 4.171849e+08 4.264070e+08 4.349572e+08 4.426735e+08 4.495097e+08 4.610663e+08 4.472619e+08 4.462029e+08 4.577278e+08 4.754418e+08 4.959967e+08 5.396178e+08 5.817639e+08 6.195151e+08 6.515803e+08 6.775892e+08 6.977085e+08
4.200444e+08 4.200444e+08 4.200445e+08 4.200470e+08 4.200546e+08 4.202614e+08 4.208264e+08 4.226894e+08 4.238276e+08 4.250471e+08 4.280972e+08 4.329146e+08 4.398094e+08 4.479866e+08 4.563385e+08 4.640065e+08 4.704300e+08 4.737044e+08 4.540561e+08 4.512178e+08 4.620778e+08 4.794680e+08 4.998182e+08 5.431304e+08 5.849767e+08 6.224046e+08 6.541285e+08 6.797919e+08 6.995743e+08
4.484528e+08 4.484528e+08 4.484529e+08 4.484548e+08 4.484605e+08 4.486284e+08 4.490992e+08 4.506836e+08 4.516863e+08 4.527614e+08 4.551528e+08 4.584274e+08 4.632796e+08 4.697060e+08 4.770211e+08 4.842528e+08 4.904442e+08 4.882014e+08 4.615869e+08 4.565402e+08 4.666563e+08 4.836976e+08 5.038268e+08 5.467988e+08 5.883139e+08 6.253895e+08 6.567473e+08 6.820448e+08 7.014740e+08
4.752938e+08 4.752939e+08 4.752939e+08 4.752955e+08 4.753004e+08 4.754431e+08 4.758501e+08 4.772616e+08 4.781797e+08 4.791777e+08 4.813103e+08 4.838178e+08 4.872643e+08 4.920072e+08 4.978331e+08 5.040154e+08 5.095496e+08 5.031869e+08 4.703663e+08 4.622678e+08 4.714829e+08 4.881318e+08 5.080194e+08 5.506191e+08 5.917722e+08 6.284672e+08 6.594343e+08 6.843456e+08 7.034054e+08
5.011201e+08 5.011201e+08 5.011202e+08 5.011215e+08 5.011257e+08 5.012492e+08 5.016044e+08 5.028585e+08 5.036912e+08 5.046107e+08 5.065807e+08 5.087059e+08 5.112925e+08 5.147245e+08 5.190577e+08 5.238537e+08 5.282602e+08 5.177672e+08 4.800950e+08 4.686065e+08 4.766081e+08 4.927838e+08 5.123975e+08 5.545882e+08 5.953484e+08 6.316346e+08 6.621869e+08 6.866920e+08 7.053665e+08
5.261364e+08 5.261364e+08 5.261364e+08 5.261376e+08 5.261412e+08 5.262483e+08 5.265583e+08 5.276695e+08 5.284197e+08 5.292591e+08 5.310814e+08 5.329784e+08 5.350389e+08 5.375228e+08 5.405632e+08 5.439180e+08 5.469251e+08 5.315037e+08 4.901572e+08 4.758577e+08 4.821260e+08 4.976833e+08 5.169700e+08 5.587043e+08 5.990391e+08 6.348884e+08 6.650019e+08 6.890813e+08 7.073549e+08
5.503970e+08 5.503970e+08 5.503971e+08 5.503981e+08 5.504013e+08 5.504959e+08 5.507717e+08 5.517712e+08 5.524536e+08 5.532232e+08 5.549080e+08 5.566255e+08 5.583171e+08 5.600935e+08 5.620563e+08 5.640567e+08 5.655843e+08 5.443109e+08 5.001148e+08 4.837590e+08 4.882098e+08 5.028819e+08 5.217553e+08 5.629678e+08 6.028413e+08 6.382253e+08 6.678762e+08 6.915106e+08 7.093681e+08
5.740013e+08 5.740013e+08 5.740014e+08 5.740023e+08 5.740051e+08 5.740907e+08 5.743416e+08 5.752584e+08 5.758883e+08 5.765996e+08 5.781454e+08 5.796638e+08 5.810089e+08 5.821766e+08 5.832035e+08 5.839650e+08 5.840454e+08 5.562796e+08 5.096820e+08 4.919968e+08 4.950251e+08 5.084627e+08 5.267846e+08 5.673820e+08 6.067530e+08 6.416419e+08 6.708066e+08 6.939770e+08 7.114035e+08
5.971017e+08 5.971017e+08 5.971017e+08 5.971026e+08 5.971052e+08 5.971838e+08 5.974152e+08 5.982654e+08 5.988462e+08 5.994921e+08 6.008401e+08 6.020543e+08 6.029596e+08 6.034942e+08 6.036387e+08 6.032566e+08 6.019769e+08 5.675303e+08 5.187212e+08 5.003349e+08 5.023637e+08 5.145728e+08 5.321051e+08 5.719542e+08 6.107730e+08 6.451353e+08 6.737897e+08 6.964774e+08 7.134583e+08
6.198402e+08 6.198402e+08 6.198403e+08 6.198410e+08 6.198434e+08 6.199164e+08 6.201318e+08 6.208977e+08 6.213861e+08 6.218965e+08 6.228526e+08 6.235492e+08 6.238409e+08 6.236528e+08 6.229243e+08 6.214866e+08 6.189732e+08 5.781399e+08 5.272143e+08 5.086001e+08 5.100406e+08 5.212846e+08 5.377889e+08 5.766967e+08 6.149015e+08 6.487026e+08 6.768222e+08 6.990086e+08 7.155299e+08
6.423322e+08 6.423322e+08 6.423322e+08 6.423327e+08 6.423344e+08 6.423864e+08 6.425210e+08 6.428818e+08 6.430786e+08 6.432640e+08 6.435173e+08 6.434847e+08 6.430406e+08 6.420958e+08 6.405484e+08 6.381848e+08 6.346173e+08 5.881317e+08 5.352198e+08 5.166842e+08 5.179094e+08 5.284386e+08 5.439593e+08 5.816278e+08 6.191408e+08 6.523418e+08 6.799011e+08 7.015675e+08 7.176152e+08
6.623100e+08 6.623100e+08 6.623100e+08 6.623100e+08 6.623098e+08 6.622985e+08 6.622485e+08 6.620803e+08 6.619830e+08 6.618665e+08 6.615050e+08 6.608538e+08 6.597945e+08 6.582302e+08 6.560312e+08 6.529471e+08 6.485634e+08 5.974968e+08 5.428330e+08 5.245400e+08 5.258536e+08 5.359122e+08 5.506268e+08 5.867731e+08 6.234952e+08 6.560515e+08 6.830233e+08 7.041510e+08 7.197116e+08
6.767485e+08 6.767485e+08 6.767485e+08 6.767486e+08 6.767488e+08 6.767517e+08 6.767491e+08 6.766753e+08 6.765829e+08 6.764357e+08 6.759174e+08 6.750132e+08 6.736381e+08 6.717138e+08 6.691090e+08 6.655562e+08 6.606237e+08 6.062244e+08 5.501570e+08 5.321699e+08 5.337881e+08 5.436040e+08 5.576702e+08 5.921691e+08 6.279718e+08 6.598313e+08 6.861863e+08 7.067561e+08 7.218160e+08
6.877557e+08 6.877557e+08 6.877557e+08 6.877558e+08 6.877559e+08 6.877586e+08 6.877572e+08 6.877127e+08 6.876487e+08 6.875308e+08 6.870477e+08 6.861242e+08 6.846706e+08 6.826155e+08 6.798301e+08 6.760407e+08 6.708061e+08 6.143229e+08 5.572869e+08 5.396105e+08 5.416595e+08 5.514288e+08 5.650009e+08 5.978710e+08 6.325809e+08 6.636820e+08 6.893880e+08 7.093798e+08 7.239257e+08
6.961448e+08 6.961448e+08 6.961448e+08 6.961449e+08 6.961451e+08 6.961499e+08 6.961576e+08 6.961538e+08 6.961202e+08 6.960377e+08 6.956299e+08 6.947692e+08 6.933516e+08 6.913004e+08 6.884853e+08 6.846283e+08 6.792832e+08 6.218295e+08 5.643034e+08 5.469177e+08 5.494427e+08 5.593180e+08 5.725433e+08 6.039562e+08 6.373369e+08 6.676056e+08 6.926268e+08 7.120197e+08 7.260380e+08
7.026939e+08 7.026939e+08 7.026939e+08 7.026940e+08 7.026943e+08 7.027005e+08 7.027152e+08 7.027433e+08 7.027346e+08 7.026823e+08 7.023467e+08 7.015643e+08 7.002207e+08 6.982334e+08 6.954691e+08 6.916482e+08 6.863225e+08 6.288078e+08 5.712711e+08 5.541542e+08 5.571368e+08 5.672202e+08 5.802312e+08 6.103729e+08 6.422593e+08 6.716059e+08 6.959018e+08 7.146732e+08 7.281502e+08
7.079547e+08 7.079547e+08 7.079547e+08 7.079548e+08 7.079551e+08 7.079626e+08 7.079816e+08 7.080320e+08 7.080423e+08 7.080138e+08 7.077375e+08 7.070263e+08 7.057610e+08 7.038559e+08 7.011774e+08 6.974475e+08 6.922201e+08 6.353400e+08 5.782408e+08 5.613803e+08 5.647576e+08 5.751012e+08 5.880080e+08 6.170511e+08 6.473759e+08 6.756885e+08 6.992127e+08 7.173385e+08 7.302599e+08
7.123156e+08 7.123156e+08 7.123156e+08 7.123158e+08 7.123161e+08 7.123255e+08 7.123499e+08 7.124209e+08 7.124465e+08 7.124368e+08 7.122082e+08 7.115570e+08 7.103629e+08 7.085404e+08 7.059584e+08 7.023442e+08 6.972586e+08 6.415169e+08 5.852510e+08 5.686485e+08 5.723321e+08 5.829416e+08 5.958272e+08 6.239363e+08 6.527330e+08 6.798613e+08 7.025604e+08 7.200140e+08 7.323648e+08
7.160909e+08 7.160909e+08 7.160909e+08 7.160910e+08 7.160913e+08 7.161007e+08 7.161263e+08 7.162086e+08 7.162455e+08 7.162507e+08 7.160616e+08 7.154619e+08 7.143313e+08 7.125862e+08 7.101004e+08 7.066098e+08 7.016868e+08 6.474297e+08 5.923307e+08 5.760015e+08 5.798918e+08 5.907353e+08 6.036523e+08 6.309795e+08 6.583574e+08 6.841352e+08 7.059465e+08 7.226984e+08 7.344630e+08
7.194692e+08 7.194692e+08 7.194692e+08 7.194693e+08 7.194697e+08 7.194804e+08 7.195106e+08 7.196105e+08 7.196602e+08 7.196809e+08 7.195300e+08 7.189777e+08 7.179050e+08 7.162309e+08 7.138363e+08 7.104684e+08 7.057147e+08 6.531644e+08 5.995009e+08 5.834709e+08 5.874688e+08 5.984858e+08 6.114569e+08 6.381363e+08 6.641920e+08 6.885252e+08 7.093742e+08 7.253912e+08 7.365526e+08
7.226612e+08 7.226612e+08 7.226612e+08 7.226614e+08 7.226618e+08 7.226739e+08 7.227077e+08 7.228228e+08 7.228845e+08 7.229197e+08 7.228044e+08 7.222955e+08 7.212746e+08 7.196644e+08 7.173531e+08 7.141014e+08 7.095145e+08 6.587980e+08 6.067765e+08 5.910783e+08 5.950921e+08 6.062031e+08 6.192237e+08 6.453656e+08 6.701920e+08 6.930537e+08 7.128476e+08 7.280926e+08 7.386323e+08
7.258292e+08 7.258292e+08 7.258292e+08 7.258293e+08 7.258298e+08 7.258423e+08 7.258788e+08 7.260071e+08 7.260790e+08 7.261268e+08 7.260419e+08 7.255699e+08 7.245930e+08 7.230372e+08 7.207989e+08 7.176531e+08 7.132246e+08 6.643964e+08 6.141668e+08 5.988361e+08 6.027857e+08 6.139011e+08 6.269429e+08 6.526308e+08 6.763194e+08 6.977583e+08 7.163732e+08 7.308032e+08 7.407010e+08
7.290988e+08 7.290988e+08 7.290988e+08 7.290989e+08 7.290994e+08 7.291124e+08 7.291510e+08 7.292888e+08 7.293684e+08 7.294256e+08 7.293641e+08 7.289205e+08 7.279777e+08 7.264652e+08 7.242876e+08 7.212347e+08 7.169520e+08 6.700136e+08 6.216767e+08 6.067490e+08 6.105678e+08 6.215946e+08 6.346107e+08 6.598991e+08 6.825394e+08 7.026269e+08 7.199593e+08 7.335246e+08 7.427581e+08
7.325558e+08 7.325558e+08 7.325558e+08 7.325559e+08 7.325564e+08 7.325702e+08 7.326105e+08 7.327552e+08 7.328402e+08 7.329040e+08 7.328582e+08 7.324336e+08 7.315139e+08 7.300324e+08 7.279021e+08 7.249278e+08 7.207761e+08 6.756918e+08 6.293074e+08 6.148155e+08 6.184503e+08 6.292978e+08 6.422279e+08 6.671424e+08 6.888194e+08 7.076168e+08 7.236183e+08 7.362594e+08 7.448034e+08
7.362599e+08 7.362599e+08 7.362599e+08 7.362601e+08 7.362605e+08 7.362746e+08 7.363158e+08 7.364643e+08 7.365520e+08 7.366188e+08 7.365802e+08 7.361643e+08 7.352565e+08 7.337938e+08 7.316976e+08 7.287874e+08 7.247514e+08 6.814619e+08 6.370562e+08 6.230290e+08 6.264390e+08 6.370226e+08 6.497981e+08 6.743371e+08 6.951287e+08 7.126966e+08 7.273700e+08 7.390112e+08 7.468372e+08
7.402454e+08 7.402454e+08 7.402454e+08 7.402455e+08 7.402460e+08 7.402593e+08 7.402986e+08 7.404433e+08 7.405296e+08 7.405954e+08 7.405555e+08 7.401394e+08 7.392338e+08 7.377794e+08 7.357055e+08 7.328464e+08 7.289113e+08 6.873441e+08 6.449176e+08 6.313786e+08 6.345342e+08 6.447777e+08 6.573259e+08 6.814636e+08 7.014385e+08 7.178385e+08 7.312377e+08 7.417851e+08 7.488603e+08
7.444848e+08 7.444848e+08 7.444848e+08 7.444850e+08 7.444854e+08 7.444986e+08 7.445378e+08 7.446807e+08 7.447654e+08 7.448292e+08 7.447846e+08 7.443631e+08 7.434533e+08 7.419994e+08 7.399386e+08 7.371195e+08 7.332725e+08 6.933496e+08 6.528832e+08 6.398504e+08 6.427313e+08 6.525685e+08 6.648165e+08 6.885063e+08 7.077225e+08 7.230167e+08 7.351921e+08 7.445885e+08 7.508745e+08
7.489738e+08 7.489738e+08 7.489738e+08 7.489739e+08 7.489743e+08 7.489870e+08 7.490247e+08 7.491636e+08 7.492462e+08 7.493076e+08 7.492567e+08 7.488276e+08 7.479098e+08 7.464512e+08 7.443965e+08 7.416086e+08 7.378385e+08 6.994816e+08 6.609419e+08 6.484277e+08 6.510213e+08 6.603964e+08 6.722738e+08 6.954532e+08 7.139562e+08 7.282067e+08 7.392047e+08 7.474321e+08 7.528820e+08
7.536894e+08 7.536894e+08 7.536894e+08 7.536896e+08 7.536900e+08 7.537025e+08 7.537397e+08 7.538763e+08 7.539569e+08 7.540159e+08 7.539583e+08 7.535201e+08 7.525919e+08 7.511247e+08 7.490708e+08 7.463066e+08 7.426038e+08 7.057366e+08 6.690803e+08 6.570920e+08 6.593920e+08 6.682592e+08 6.797007e+08 7.022952e+08 7.201179e+08 7.333853e+08 7.432526e+08 7.503350e+08 7.548862e+08
7.586245e+08 7.586245e+08 7.586245e+08 7.586247e+08 7.586251e+08 7.586371e+08 7.586731e+08 7.588060e+08 7.588842e+08 7.589402e+08 7.588748e+08 7.584257e+08 7.574846e+08 7.560053e+08 7.539471e+08 7.512001e+08 7.475559e+08 7.121055e+08 6.772828e+08 6.658230e+08 6.678280e+08 6.761514e+08 6.870980e+08 7.090254e+08 7.261883e+08 7.385305e+08 7.473150e+08 7.533006e+08 7.568916e+08
7.637598e+08 7.637598e+08 7.637598e+08 7.637600e+08 7.637603e+08 7.637720e+08 7.638071e+08 7.639362e+08 7.640116e+08 7.640641e+08 7.639891e+08 7.635267e+08 7.625694e+08 7.610739e+08 7.590066e+08 7.562705e+08 7.526770e+08 7.185742e+08 6.855319e+08 6.745994e+08 6.763116e+08 6.840644e+08 6.944642e+08 7.156389e+08 7.321503e+08 7.436218e+08 7.513728e+08 7.563018e+08 7.589049e+08
7.690783e+08 7.690783e+08 7.690783e+08 7.690784e+08 7.690788e+08 7.690901e+08 7.691239e+08 7.692484e+08 7.693201e+08 7.693680e+08 7.692802e+08 7.688007e+08 7.678229e+08 7.663067e+08 7.642252e+08 7.614942e+08 7.579441e+08 7.251253e+08 6.938085e+08 6.833988e+08 6.848235e+08 6.919868e+08 7.017959e+08 7.221321e+08 7.379893e+08 7.486397e+08 7.554076e+08 7.593188e+08 7.609360e+08
7.745586e+08 7.745586e+08 7.745586e+08 7.745587e+08 7.745591e+08 7.745696e+08 7.746013e+08 7.747177e+08 7.747836e+08 7.748244e+08 7.747190e+08 7.742176e+08 7.732151e+08 7.716740e+08 7.695739e+08 7.668431e+08 7.633303e+08 7.317377e+08 7.020922e+08 6.921984e+08 6.933428e+08 6.999053e+08 7.090874e+08 7.285021e+08 7.436929e+08 7.535666e+08 7.594020e+08 7.623347e+08 7.630013e+08
7.801578e+08 7.801578e+08 7.801578e+08 7.801579e+08 7.801582e+08 7.801676e+08 7.801959e+08 7.803006e+08 7.803589e+08 7.803908e+08 7.802647e+08 7.797389e+08 7.787091e+08 7.771407e+08 7.750194e+08 7.722854e+08 7.688055e+08 7.383886e+08 7.103614e+08 7.009748e+08 7.018478e+08 7.078044e+08 7.163312e+08 7.347465e+08 7.492509e+08 7.583862e+08 7.633395e+08 7.653342e+08 7.650895e+08
7.858067e+08 7.858067e+08 7.858067e+08 7.858068e+08 7.858071e+08 7.858160e+08 7.858424e+08 7.859392e+08 7.859914e+08 7.860159e+08 7.858710e+08 7.853218e+08 7.842653e+08 7.826696e+08 7.805266e+08 7.777879e+08 7.743381e+08 7.450535e+08 7.185941e+08 7.097047e+08 7.103162e+08 7.156673e+08 7.235177e+08 7.408628e+08 7.546547e+08 7.630839e+08 7.672044e+08 7.683028e+08 7.671812e+08
7.914703e+08 7.914703e+08 7.914703e+08 7.914704e+08 7.914707e+08 7.914790e+08 7.915038e+08 7.915940e+08 7.916412e+08 7.916595e+08 7.914984e+08 7.909283e+08 7.898472e+08 7.882258e+08 7.860618e+08 7.833184e+08 7.798971e+08 7.517077e+08 7.267679e+08 7.183648e+08 7.187256e+08 7.234761e+08 7.306362e+08 7.468486e+08 7.598974e+08 7.676466e+08 7.709822e+08 7.712270e+08 7.692620e+08
7.971231e+08 7.971231e+08 7.971231e+08 7.971232e+08 7.971235e+08 7.971313e+08 7.971544e+08 7.972380e+08 7.972803e+08 7.972927e+08 7.971166e+08 7.965272e+08 7.954233e+08 7.937779e+08 7.915943e+08 7.888467e+08 7.854533e+08 7.583266e+08 7.348606e+08 7.269321e+08 7.270532e+08 7.312123e+08 7.376744e+08 7.527007e+08 7.649733e+08 7.720629e+08 7.746591e+08 7.740938e+08 7.713196e+08
8.027393e+08 8.027393e+08 8.027393e+08 8.027394e+08 8.027397e+08 8.027469e+08 8.027683e+08 8.028456e+08 8.028832e+08 8.028900e+08 8.026997e+08 8.020921e+08 8.009667e+08 7.992986e+08 7.970965e+08 7.943452e+08 7.909793e+08 7.648863e+08 7.428503e+08 7.353841e+08 7.352769e+08 7.388568e+08 7.446191e+08 7.584160e+08 7.698782e+08 7.763228e+08 7.782226e+08 7.768911e+08 7.733426e+08
8.082963e+08 8.082963e+08 8.082963e+08 8.082964e+08 8.082966e+08 8.083032e+08 8.083230e+08 8.083941e+08 8.084273e+08 8.084287e+08 8.082245e+08 8.075993e+08 8.064530e+08 8.047629e+08 8.025430e+08 7.997886e+08 7.964498e+08 7.713637e+08 7.507155e+08 7.436988e+08 7.433746e+08 7.463905e+08 7.514563e+08 7.639903e+08 7.746085e+08 7.804179e+08 7.816612e+08 7.796073e+08 7.753203e+08
8.137739e+08 8.137739e+08 8.137739e+08 8.137740e+08 8.137742e+08 8.137803e+08 8.137985e+08 8.138635e+08 8.138922e+08 8.138879e+08 8.136694e+08 8.130260e+08 8.118587e+08 8.101469e+08 8.079098e+08 8.051526e+08 8.018407e+08 7.777369e+08 7.584356e+08 7.518552e+08 7.513251e+08 7.537942e+08 7.581716e+08 7.694192e+08 7.791615e+08 7.843410e+08 7.849644e+08 7.822314e+08 7.772428e+08
8.191532e+08 8.191532e+08 8.191532e+08 8.191533e+08 8.191535e+08 8.191592e+08 8.191757e+08 8.192333e+08 8.192564e+08 8.192455e+08 8.190110e+08 8.183484e+08 8.171599e+08 8.154268e+08 8.131733e+08 8.104141e+08 8.071293e+08 7.839852e+08 7.659903e+08 7.598326e+08 7.591076e+08 7.610491e+08 7.647504e+08 7.746978e+08 7.835349e+08 7.880865e+08 7.881231e+08 7.847534e+08 7.791004e+08
8.244051e+08 8.244051e+08 8.244051e+08 8.244052e+08 8.244053e+08 8.244102e+08 8.244245e+08 8.244736e+08 8.244907e+08 8.244730e+08 8.242221e+08 8.235407e+08 8.223318e+08 8.205789e+08 8.183106e+08 8.155509e+08 8.122941e+08 7.900888e+08 7.733607e+08 7.676115e+08 7.667025e+08 7.681369e+08 7.711779e+08 7.798205e+08 7.877269e+08 7.916497e+08 7.911290e+08 7.871639e+08 7.808843e+08
8.294930e+08 8.294930e+08 8.294930e+08 8.294930e+08 8.294932e+08 8.294973e+08 8.295095e+08 8.295513e+08 8.295635e+08 8.295398e+08 8.292750e+08 8.285774e+08 8.273509e+08 8.255809e+08 8.233006e+08 8.205427e+08 8.173154e+08 7.960297e+08 7.805282e+08 7.751731e+08 7.740908e+08 7.750399e+08 7.774394e+08 7.847815e+08 7.917360e+08 7.950270e+08 7.939753e+08 7.894542e+08 7.825861e+08
8.343911e+08 8.343911e+08 8.343911e+08 8.343911e+08 8.343912e+08 8.343950e+08 8.344062e+08 8.344436e+08 8.344523e+08 8.344245e+08 8.341492e+08 8.334389e+08 8.321984e+08 8.304150e+08 8.281258e+08 8.253725e+08 8.221764e+08 8.017908e+08 7.874754e+08 7.824998e+08 7.812546e+08 7.817412e+08 7.835208e+08 7.895748e+08 7.955609e+08 7.982158e+08 7.966558e+08 7.916166e+08 7.841977e+08
8.390945e+08 8.390945e+08 8.390945e+08 8.390945e+08 8.390946e+08 8.390982e+08 8.391084e+08 8.391422e+08 8.391481e+08 8.391169e+08 8.388334e+08 8.381131e+08 8.368617e+08 8.350678e+08 8.327729e+08 8.300267e+08 8.268635e+08 8.073570e+08 7.941859e+08 7.895748e+08 7.881771e+08 7.882247e+08 7.894083e+08 7.941940e+08 7.992004e+08 8.012142e+08 7.991658e+08 7.936441e+08 7.857118e+08
8.436018e+08 8.436018e+08 8.436018e+08 8.436019e+08 8.436020e+08 8.436052e+08 8.436143e+08 8.436442e+08 8.436474e+08 8.436130e+08 8.433219e+08 8.425931e+08 8.413326e+08 8.395305e+08 8.372319e+08 8.344947e+08 8.313652e+08 8.127142e+08 8.006441e+08 7.963825e+08 7.948429e+08 7.944756e+08 7.950888e+08 7.986328e+08 8.026534e+08 8.040212e+08 8.015012e+08 7.955305e+08 7.871216e+08
8.479088e+08 8.479088e+08 8.479088e+08 8.479088e+08 8.479089e+08 8.479117e+08 8.479199e+08 8.479460e+08 8.479465e+08 8.479090e+08 8.476109e+08 8.468741e+08 8.456053e+08 8.437961e+08 8.414952e+08 8.387680e+08 8.356726e+08 8.178498e+08 8.068356e+08 8.029086e+08 8.012376e+08 8.004799e+08 8.005500e+08 8.028848e+08 8.059187e+08 8.066361e+08 8.036590e+08 7.972704e+08 7.884208e+08
8.520115e+08 8.520115e+08 8.520115e+08 8.520115e+08 8.520116e+08 8.520142e+08 8.520216e+08 8.520442e+08 8.520421e+08 8.520014e+08 8.516959e+08 8.509510e+08 8.496741e+08 8.478582e+08 8.455556e+08 8.428388e+08 8.397772e+08 8.227524e+08 8.127473e+08 8.091400e+08 8.073484e+08 8.062250e+08 8.057803e+08 8.069438e+08 8.089954e+08 8.090590e+08 8.056371e+08 7.988592e+08 7.896037e+08
8.559075e+08 8.559075e+08 8.559075e+08 8.559076e+08 8.559076e+08 8.559098e+08 8.559161e+08 8.559345e+08 8.559294e+08 8.558852e+08 8.555714e+08 8.548176e+08 8.535323e+08 8.517098e+08 8.494059e+08 8.466998e+08 8.436715e+08 8.274116e+08 8.183673e+08 8.150650e+08 8.131636e+08 8.116996e+08 8.107693e+08 8.108038e+08 8.118824e+08 8.112903e+08 8.074340e+08 8.002933e+08 7.906653e+08
8.595900e+08 8.595900e+08 8.595900e+08 8.595901e+08 8.595901e+08 8.595918e+08 8.595965e+08 8.596093e+08 8.596002e+08 8.595516e+08 8.592284e+08 8.584651e+08 8.571713e+08 8.553428e+08 8.530384e+08 8.503435e+08 8.473479e+08 8.318182e+08 8.236852e+08 8.206735e+08 8.186733e+08 8.168935e+08 8.155074e+08 8.144592e+08 8.145787e+08 8.133307e+08 8.090490e+08 8.015695e+08 7.916010e+08
8.630393e+08 8.630394e+08 8.630394e+08 8.630394e+08 8.630394e+08 8.630407e+08 8.630441e+08 8.630516e+08 8.630388e+08 8.629860e+08 8.626539e+08 8.618823e+08 8.605815e+08 8.587487e+08 8.564454e+08 8.537629e+08 8.508000e+08 8.359646e+08 8.286921e+08 8.259571e+08 8.238690e+08 8.217982e+08 8.199862e+08 8.179047e+08 8.170835e+08 8.151813e+08 8.104819e+08 8.026856e+08 7.924070e+08
8.662389e+08 8.662389e+08 8.662389e+08 8.662389e+08 8.662390e+08 8.662399e+08 8.662423e+08 8.662461e+08 8.662308e+08 8.661752e+08 8.658372e+08 8.650600e+08 8.637552e+08 8.619209e+08 8.596211e+08 8.569526e+08 8.540226e+08 8.398444e+08 8.333812e+08 8.309088e+08 8.287438e+08 8.264062e+08 8.241985e+08 8.211353e+08 8.193960e+08 8.168435e+08 8.117334e+08 8.036399e+08 7.930799e+08
8.691848e+08 8.691848e+08 8.691848e+08 8.691848e+08 8.691848e+08 8.691856e+08 8.691875e+08 8.691893e+08 8.691726e+08 8.691155e+08 8.687744e+08 8.679949e+08 8.666891e+08 8.648562e+08 8.625625e+08 8.599096e+08 8.570125e+08 8.434532e+08 8.377472e+08 8.355237e+08 8.332923e+08 8.307117e+08 8.281380e+08 8.241466e+08 8.215153e+08 8.183186e+08 8.128044e+08 8.044314e+08 7.936169e+08
8.718835e+08 8.718835e+08 8.718835e+08 8.718835e+08 8.718836e+08 8.718843e+08 8.718860e+08 8.718870e+08 8.718696e+08 8.718117e+08 8.714693e+08 8.706896e+08 8.693851e+08 8.675557e+08 8.652698e+08 8.626335e+08 8.597688e+08 8.467879e+08 8.417867e+08 8.397984e+08 8.375106e+08 8.347100e+08 8.317996e+08 8.269350e+08 8.234409e+08 8.196083e+08 8.136963e+08 8.050597e+08 7.940160e+08
8.743486e+08 8.743486e+08 8.743486e+08 8.743486e+08 8.743486e+08 8.743492e+08 8.743506e+08 8.743503e+08 8.743321e+08 8.742734e+08 8.739299e+08 8.731502e+08 8.718476e+08 8.700224e+08 8.677450e+08 8.651252e+08 8.622916e+08 8.498471e+08 8.454981e+08 8.437310e+08 8.413964e+08 8.383980e+08 8.351794e+08 8.294969e+08 8.251723e+08 8.207144e+08 8.144108e+08 8.055251e+08 7.942754e+08
8.765884e+08 8.765884e+08 8.765884e+08 8.765884e+08 8.765884e+08 8.765889e+08 8.765899e+08 8.765881e+08 8.765687e+08 8.765087e+08 8.761630e+08 8.753824e+08 8.740809e+08 8.722595e+08 8.699901e+08 8.673860e+08 8.645815e+08 8.526301e+08 8.488815e+08 8.473212e+08 8.449486e+08 8.417734e+08 8.382745e+08 8.318299e+08 8.267093e+08 8.216389e+08 8.149501e+08 8.058281e+08 7.943941e+08
8.786105e+08 8.786105e+08 8.786105e+08 8.786105e+08 8.786105e+08 8.786106e+08 8.786105e+08 8.786052e+08 8.785835e+08 8.785212e+08 8.781714e+08 8.773882e+08 8.760865e+08 8.742680e+08 8.720057e+08 8.694160e+08 8.666384e+08 8.551375e+08 8.519380e+08 8.505703e+08 8.481675e+08 8.448355e+08 8.410831e+08 8.339317e+08 8.280517e+08 8.223836e+08 8.153164e+08 8.059698e+08 7.943715e+08
8.804045e+08 8.804045e+08 8.804045e+08 8.804045e+08 8.804045e+08 8.804044e+08 8.804037e+08 8.803952e+08 8.803713e+08 8.803064e+08 8.799516e+08 8.791650e+08 8.778624e+08 8.760460e+08 8.737902e+08 8.712140e+08 8.684610e+08 8.573699e+08 8.546702e+08 8.534804e+08 8.510545e+08 8.475845e+08 8.436043e+08 8.358009e+08 8.291997e+08 8.229507e+08 8.155126e+08 8.059519e+08 7.942074e+08
8.819661e+08 8.819661e+08 8.819661e+08 8.819661e+08 8.819661e+08 8.819656e+08 8.819636e+08 8.819511e+08 8.819246e+08 8.818570e+08 8.814973e+08 8.807075e+08 8.794041e+08 8.775902e+08 8.753409e+08 8.727775e+08 8.700477e+08 8.593287e+08 8.570814e+08 8.560549e+08 8.536120e+08 8.500215e+08 8.458380e+08 8.374367e+08 8.301537e+08 8.233424e+08 8.155412e+08 8.057761e+08 7.939021e+08
8.832817e+08 8.832817e+08 8.832817e+08 8.832817e+08 8.832817e+08 8.832811e+08 8.832786e+08 8.832636e+08 8.832352e+08 8.831655e+08 8.828020e+08 8.820102e+08 8.807073e+08 8.788968e+08 8.766548e+08 8.741043e+08 8.713966e+08 8.610155e+08 8.591755e+08 8.582978e+08 8.558432e+08 8.521488e+08 8.477854e+08 8.388386e+08 8.309142e+08 8.235609e+08 8.154052e+08 8.054446e+08 7.934564e+08
8.843502e+08 8.843502e+08 8.843502e+08 8.843502e+08 8.843501e+08 8.843493e+08 8.843462e+08 8.843289e+08 8.842990e+08 8.842280e+08 8.838623e+08 8.830701e+08 8.817693e+08 8.799637e+08 8.777299e+08 8.751927e+08 8.725063e+08 8.624322e+08 8.609571e+08 8.602140e+08 8.577523e+08 8.539692e+08 8.494480e+08 8.400070e+08 8.314821e+08 8.236084e+08 8.151077e+08 8.049600e+08 7.928712e+08
8.851708e+08 8.851708e+08 8.851708e+08 8.851708e+08 8.851708e+08 8.851698e+08 8.851664e+08 8.851477e+08 8.851170e+08 8.850451e+08 8.846786e+08 8.838874e+08 8.825900e+08 8.807904e+08 8.785657e+08 8.760421e+08 8.733763e+08 8.635809e+08 8.624310e+08 8.618088e+08 8.593441e+08 8.554865e+08 8.508283e+08 8.409427e+08 8.318585e+08 8.234875e+08 8.146519e+08 8.043249e+08 7.921481e+08
8.857489e+08 8.857489e+08 8.857489e+08 8.857489e+08 8.857488e+08 8.857478e+08 8.857443e+08 8.857251e+08 8.856939e+08 8.856215e+08 8.852548e+08 8.844652e+08 8.831717e+08 8.813785e+08 8.791632e+08 8.766531e+08 8.740072e+08 8.644641e+08 8.636024e+08 8.630879e+08 8.606237e+08 8.567049e+08 8.519295e+08 8.416472e+08 8.320447e+08 8.232005e+08 8.140409e+08 8.035423e+08 7.912888e+08
8.860950e+08 8.860950e+08 8.860950e+08 8.860950e+08 8.860950e+08 8.860939e+08 8.860900e+08 8.860694e+08 8.860372e+08 8.859637e+08 8.855956e+08 8.848067e+08 8.835166e+08 8.817296e+08 8.795236e+08 8.770267e+08 8.743998e+08 8.650848e+08 8.644765e+08 8.640573e+08 8.615970e+08 8.576293e+08 8.527554e+08 8.421222e+08 8.320424e+08 8.227500e+08 8.132781e+08 8.026153e+08 7.902953e+08
8.862134e+08 8.862134e+08 8.862134e+08 8.862134e+08 8.862134e+08 8.862119e+08 8.862069e+08 8.861827e+08 8.861484e+08 8.860730e+08 8.857022e+08 8.849131e+08 8.836257e+08 8.818447e+08 8.796477e+08 8.771638e+08 8.745552e+08 8.654458e+08 8.650588e+08 8.647236e+08 8.622703e+08 8.582653e+08 8.533102e+08 8.423701e+08 8.318535e+08 8.221386e+08 8.123669e+08 8.015470e+08 7.891699e+08
8.860902e+08 8.860902e+08 8.860902e+08 8.860902e+08 8.860901e+08 8.860885e+08 8.860832e+08 8.860572e+08 8.860215e+08 8.859447e+08 8.855717e+08 8.847827e+08 8.834985e+08 8.817238e+08 8.795362e+08 8.770654e+08 8.744747e+08 8.655506e+08 8.653551e+08 8.650935e+08 8.626502e+08 8.586188e+08 8.535988e+08 8.423938e+08 8.314801e+08 8.213689e+08 8.113105e+08 8.003408e+08 7.879150e+08
8.857264e+08 8.857264e+08 8.857264e+08 8.857264e+08 8.857263e+08 8.857246e+08 8.857187e+08 8.856911e+08 8.856544e+08 8.855766e+08 8.852026e+08 8.844148e+08 8.831348e+08 8.813672e+08 8.791900e+08 8.767328e+08 8.741598e+08 8.654031e+08 8.653714e+08 8.651739e+08 8.627437e+08 8.586960e+08 8.536266e+08 8.421965e+08 8.309246e+08 8.204439e+08 8.101123e+08 7.990002e+08 7.865335e+08
8.851228e+08 8.851228e+08 8.851228e+08 8.851228e+08 8.851227e+08 8.851209e+08 8.851148e+08 8.850860e+08 8.850485e+08 8.849701e+08 8.845961e+08 8.838107e+08 8.825360e+08 8.807769e+08 8.786111e+08 8.761684e+08 8.736135e+08 8.650075e+08 8.651142e+08 8.649725e+08 8.625583e+08 8.585038e+08 8.533992e+08 8.417818e+08 8.301897e+08 8.193662e+08 8.087759e+08 7.975286e+08 7.850280e+08
8.842833e+08 8.842833e+08 8.842833e+08 8.842833e+08 8.842833e+08 8.842814e+08 8.842751e+08 8.842457e+08 8.842079e+08 8.841292e+08 8.837560e+08 8.829739e+08 8.817057e+08 8.799563e+08 8.778032e+08 8.753759e+08 8.728395e+08 8.643692e+08 8.645905e+08 8.644968e+08 8.621018e+08 8.580493e+08 8.529228e+08 8.411538e+08 8.292782e+08 8.181389e+08 8.073046e+08 7.959295e+08 7.834016e+08
8.832153e+08 8.832153e+08 8.832153e+08 8.832153e+08 8.832152e+08 8.832133e+08 8.832068e+08 8.831767e+08 8.831386e+08 8.830598e+08 8.826878e+08 8.819098e+08 8.806491e+08 8.789106e+08 8.767712e+08 8.743604e+08 8.718429e+08 8.634940e+08 8.638077e+08 8.637553e+08 8.613821e+08 8.573399e+08 8.522039e+08 8.403167e+08 8.281932e+08 8.167648e+08 8.057018e+08 7.942066e+08 7.816574e+08
8.819247e+08 8.819247e+08 8.819247e+08 8.819246e+08 8.819246e+08 8.819226e+08 8.819160e+08 8.818854e+08 8.818471e+08 8.817684e+08 8.813981e+08 8.806249e+08 8.793725e+08 8.776459e+08 8.755215e+08 8.731281e+08 8.706299e+08 8.623890e+08 8.627740e+08 8.627563e+08 8.604078e+08 8.563834e+08 8.512491e+08 8.392752e+08 8.269380e+08 8.152472e+08 8.039709e+08 7.923635e+08 7.797986e+08
8.804184e+08 8.804184e+08 8.804184e+08 8.804184e+08 8.804184e+08 8.804163e+08 8.804096e+08 8.803788e+08 8.803403e+08 8.802619e+08 8.798939e+08 8.791263e+08 8.778834e+08 8.761698e+08 8.740614e+08 8.716862e+08 8.692076e+08 8.610616e+08 8.614979e+08 8.615090e+08 8.591873e+08 8.551876e+08 8.500656e+08 8.380343e+08 8.255160e+08 8.135891e+08 8.021154e+08 7.904036e+08 7.778285e+08
8.787038e+08 8.787038e+08 8.787038e+08 8.787038e+08 8.787037e+08 8.787016e+08 8.786948e+08 8.786641e+08 8.786261e+08 8.785484e+08 8.781838e+08 8.774228e+08 8.761903e+08 8.744907e+08 8.723992e+08 8.700429e+08 8.675842e+08 8.595199e+08 8.599886e+08 8.600224e+08 8.577297e+08 8.537609e+08 8.486605e+08 8.365989e+08 8.239310e+08 8.117937e+08 8.001386e+08 7.883306e+08 7.757503e+08
8.767902e+08 8.767902e+08 8.767902e+08 8.767902e+08 8.767901e+08 8.767882e+08 8.767820e+08 8.767527e+08 8.767156e+08 8.766391e+08 8.762784e+08 8.755247e+08 8.743032e+08 8.726181e+08 8.705441e+08 8.682070e+08 8.657680e+08 8.577725e+08 8.582554e+08 8.583061e+08 8.560440e+08 8.521114e+08 8.470412e+08 8.349745e+08 8.221867e+08 8.098644e+08 7.980440e+08 7.861481e+08 7.735675e+08
8.746977e+08 8.746977e+08 8.746977e+08 8.746977e+08 8.746976e+08 8.746956e+08 8.746892e+08 8.746598e+08 8.746228e+08 8.745470e+08 8.741896e+08 8.734427e+08 8.722321e+08 8.705617e+08 8.685052e+08 8.661873e+08 8.637677e+08 8.558281e+08 8.563079e+08 8.563698e+08 8.541392e+08 8.502476e+08 8.452152e+08 8.331666e+08 8.202871e+08 8.078044e+08 7.958350e+08 7.838596e+08 7.712833e+08
8.724309e+08 8.724309e+08 8.724309e+08 8.724309e+08 8.724308e+08 8.724289e+08 8.724225e+08 8.723932e+08 8.723564e+08 8.722811e+08 8.719266e+08 8.711863e+08 8.699864e+08 8.683305e+08 8.662915e+08 8.639926e+08 8.615917e+08 8.536953e+08 8.541556e+08 8.542229e+08 8.520245e+08 8.481779e+08 8.431902e+08 8.311807e+08 8.182364e+08 8.056172e+08 7.935148e+08 7.814686e+08 7.689013e+08
