7.116040e+06 4.201921e+06 3.563322e+06 2.495150e+06 2.064932e+06 1.150015e+06 8.843497e+05 7.081690e+05 6.686647e+05 6.418947e+05 6.087761e+05 5.899586e+05 5.783776e+05 5.704610e+05 5.638485e+05 5.567082e+05 5.475901e+05 4.533241e+05 3.231592e+05 2.265401e+05 1.677328e+05 1.322765e+05 1.098376e+05 8.417266e+04 7.043863e+04 6.228757e+04 5.737015e+04 5.469049e+04 5.378410e+04
1.122456e+06 1.122453e+06 1.122434e+06 1.120832e+06 1.112154e+06 9.656711e+05 8.208464e+05 6.890734e+05 6.559859e+05 6.329180e+05 6.036959e+05 5.867785e+05 5.762571e+05 5.689774e+05 5.627591e+05 5.558590e+05 5.468784e+05 4.526731e+05 3.225252e+05 2.260424e+05 1.673665e+05 1.320048e+05 1.096300e+05 8.404009e+04 7.034634e+04 6.222048e+04 5.732111e+04 5.465581e+04 5.376183e+04
8.519959e+05 8.519963e+05 8.519966e+05 8.518878e+05 8.511161e+05 8.222027e+05 7.534646e+05 6.672208e+05 6.416965e+05 6.229415e+05 5.981688e+05 5.833693e+05 5.740075e+05 5.674150e+05 5.616165e+05 5.549695e+05 5.461321e+05 4.519893e+05 3.218668e+05 2.255301e+05 1.669916e+05 1.317278e+05 1.094191e+05 8.390590e+04 7.025315e+04 6.215287e+04 5.727175e+04 5.462097e+04 5.373950e+04
7.391406e+05 7.391412e+05 7.391427e+05 7.391458e+05 7.390269e+05 7.257048e+05 7.057370e+05 6.448752e+05 6.266143e+05 6.123285e+05 5.922981e+05 5.797697e+05 5.716460e+05 5.657820e+05 5.604250e+05 5.540416e+05 5.453516e+05 4.512714e+05 3.211834e+05 2.250030e+05 1.666081e+05 1.314457e+05 1.092048e+05 8.377008e+04 7.015906e+04 6.208473e+04 5.722208e+04 5.458596e+04 5.371712e+04
6.777915e+05 6.777919e+05 6.777930e+05 6.778098e+05 6.778079e+05 6.714488e+05 6.635141e+05 6.264392e+05 6.121285e+05 6.016344e+05 5.862178e+05 5.760251e+05 5.691912e+05 5.640869e+05 5.591884e+05 5.530767e+05 5.445372e+05 4.505185e+05 3.204745e+05 2.244608e+05 1.662160e+05 1.311583e+05 1.089872e+05 8.363265e+04 7.006408e+04 6.201607e+04 5.717211e+04 5.455079e+04 5.369468e+04
6.397700e+05 6.397703e+05 6.397712e+05 6.397893e+05 6.398157e+05 6.370315e+05 6.305275e+05 6.135507e+05 6.007519e+05 5.917893e+05 5.801282e+05 5.721963e+05 5.666659e+05 5.623393e+05 5.579108e+05 5.520764e+05 5.436889e+05 4.497294e+05 3.197395e+05 2.239036e+05 1.658152e+05 1.308656e+05 1.087661e+05 8.349359e+04 6.996821e+04 6.194688e+04 5.712184e+04 5.451547e+04 5.367219e+04
6.143973e+05 6.143975e+05 6.143981e+05 6.144141e+05 6.144466e+05 6.133217e+05 6.076929e+05 6.022379e+05 5.928734e+05 5.843745e+05 5.743439e+05 5.683735e+05 5.641019e+05 5.605518e+05 5.565973e+05 5.510422e+05 5.428067e+05 4.489027e+05 3.189781e+05 2.233310e+05 1.654057e+05 1.305677e+05 1.085417e+05 8.335292e+04 6.987145e+04 6.187718e+04 5.707126e+04 5.447999e+04 5.364964e+04
5.966877e+05 5.966878e+05 5.966884e+05 5.967021e+05 5.967338e+05 5.963662e+05 5.920524e+05 5.911795e+05 5.861733e+05 5.793223e+05 5.693593e+05 5.646940e+05 5.615463e+05 5.587426e+05 5.552550e+05 5.499768e+05 5.418909e+05 4.480373e+05 3.181896e+05 2.227429e+05 1.649873e+05 1.302645e+05 1.083140e+05 8.321064e+04 6.977380e+04 6.180696e+04 5.702038e+04 5.444435e+04 5.362705e+04
5.839448e+05 5.839450e+05 5.839454e+05 5.839575e+05 5.839865e+05 5.839672e+05 5.809508e+05 5.808359e+05 5.795745e+05 5.751784e+05 5.659205e+05 5.613607e+05 5.590693e+05 5.569388e+05 5.538950e+05 5.488842e+05 5.409426e+05 4.471319e+05 3.173736e+05 2.221393e+05 1.645602e+05 1.299561e+05 1.080828e+05 8.306674e+04 6.967527e+04 6.173622e+04 5.696921e+04 5.440856e+04 5.360441e+04
5.745646e+05 5.745647e+05 5.745651e+05 5.745753e+05 5.746008e+05 5.747392e+05 5.727504e+05 5.719311e+05 5.729810e+05 5.711511e+05 5.637243e+05 5.586833e+05 5.567712e+05 5.551799e+05 5.525336e+05 5.477710e+05 5.399639e+05 4.461853e+05 3.165296e+05 2.215198e+05 1.641242e+05 1.296423e+05 1.078484e+05 8.292124e+04 6.957586e+04 6.166496e+04 5.691774e+04 5.437262e+04 5.358172e+04
5.675265e+05 5.675266e+05 5.675270e+05 5.675354e+05 5.675573e+05 5.677623e+05 5.665063e+05 5.647735e+05 5.667490e+05 5.669852e+05 5.621088e+05 5.570513e+05 5.547931e+05 5.535211e+05 5.511943e+05 5.466472e+05 5.389586e+05 4.451962e+05 3.156570e+05 2.208846e+05 1.636793e+05 1.293233e+05 1.076105e+05 8.277414e+04 6.947557e+04 6.159320e+04 5.686598e+04 5.433653e+04 5.355899e+04
5.501328e+05 5.501328e+05 5.501330e+05 5.501373e+05 5.501491e+05 5.503631e+05 5.504270e+05 5.483281e+05 5.481490e+05 5.495977e+05 5.537046e+05 5.546083e+05 5.527392e+05 5.499327e+05 5.464593e+05 5.415873e+05 5.338549e+05 4.395844e+05 3.108533e+05 2.174671e+05 1.613215e+05 1.276494e+05 1.063712e+05 8.201486e+04 6.896112e+04 6.122684e+04 5.660284e+04 5.415392e+04 5.344472e+04
5.452725e+05 5.452726e+05 5.452727e+05 5.452755e+05 5.452835e+05 5.454595e+05 5.457384e+05 5.452986e+05 5.446259e+05 5.444519e+05 5.469585e+05 5.510706e+05 5.531344e+05 5.519138e+05 5.476831e+05 5.406663e+05 5.306926e+05 4.328698e+05 3.052944e+05 2.136449e+05 1.587426e+05 1.258458e+05 1.050499e+05 8.121666e+04 6.842541e+04 6.084819e+04 5.633274e+04 5.396789e+04 5.332962e+04
5.458218e+05 5.458218e+05 5.458219e+05 5.458240e+05 5.458303e+05 5.459853e+05 5.463191e+05 5.467745e+05 5.466399e+05 5.463852e+05 5.467890e+05 5.491262e+05 5.516461e+05 5.519087e+05 5.485283e+05 5.411467e+05 5.298366e+05 4.253282e+05 2.990001e+05 2.094274e+05 1.559494e+05 1.239168e+05 1.036494e+05 8.038082e+04 6.786914e+04 6.045769e+04 5.605601e+04 5.377872e+04 5.321394e+04
5.500326e+05 5.500326e+05 5.500326e+05 5.500345e+05 5.500398e+05 5.501827e+05 5.505341e+05 5.513771e+05 5.516035e+05 5.515570e+05 5.509154e+05 5.505153e+05 5.504864e+05 5.495148e+05 5.459267e+05 5.385534e+05 5.269281e+05 4.177649e+05 2.920758e+05 2.048462e+05 1.529560e+05 1.218697e+05 1.021738e+05 7.950902e+04 6.729318e+04 6.005590e+04 5.577303e+04 5.358674e+04 5.309796e+04
5.573223e+05 5.573223e+05 5.573223e+05 5.573239e+05 5.573287e+05 5.574626e+05 5.578138e+05 5.585423e+05 5.585183e+05 5.580502e+05 5.557799e+05 5.524876e+05 5.490140e+05 5.451547e+05 5.398097e+05 5.316908e+05 5.198753e+05 4.098746e+05 2.847466e+05 1.999612e+05 1.497856e+05 1.197154e+05 1.006290e+05 7.860339e+04 6.669853e+04 5.964340e+04 5.548424e+04 5.339226e+04 5.298195e+04
5.674309e+05 5.674309e+05 5.674310e+05 5.674325e+05 5.674369e+05 5.674636e+05 5.670050e+05 5.647461e+05 5.631244e+05 5.611715e+05 5.562624e+05 5.503453e+05 5.440208e+05 5.374314e+05 5.299833e+05 5.206491e+05 5.084390e+05 4.004884e+05 2.773824e+05 1.948655e+05 1.464716e+05 1.174687e+05 9.902233e+04 7.766647e+04 6.608638e+04 5.922087e+04 5.519008e+04 5.319564e+04 5.286621e+04
5.595183e+05 5.595183e+05 5.595183e+05 5.595182e+05 5.595177e+05 5.594717e+05 5.591161e+05 5.566731e+05 5.547079e+05 5.523645e+05 5.467158e+05 5.400158e+05 5.326104e+05 5.246735e+05 5.159261e+05 5.056857e+05 4.931513e+05 3.890933e+05 2.698542e+05 1.896942e+05 1.430583e+05 1.151485e+05 9.736311e+04 7.670132e+04 6.545809e+04 5.878908e+04 5.489105e+04 5.299727e+04 5.275107e+04
5.372811e+05 5.372811e+05 5.372811e+05 5.372799e+05 5.372761e+05 5.371457e+05 5.366724e+05 5.347713e+05 5.333586e+05 5.316200e+05 5.271463e+05 5.213971e+05 5.145341e+05 5.066844e+05 4.977345e+05 4.872832e+05 4.747847e+05 3.757366e+05 2.619080e+05 1.846089e+05 1.396021e+05 1.127778e+05 9.566250e+04 7.571147e+04 6.481518e+04 5.834885e+04 5.458771e+04 5.279754e+04 5.263683e+04
5.082015e+05 5.082015e+05 5.082014e+05 5.082009e+05 5.081993e+05 5.081482e+05 5.079772e+05 5.071084e+05 5.063010e+05 5.051946e+05 5.020199e+05 4.975367e+05 4.917684e+05 4.847274e+05 4.763113e+05 4.662562e+05 4.542034e+05 3.608434e+05 2.534575e+05 1.795424e+05 1.361776e+05 1.103842e+05 9.393353e+04 7.470101e+04 6.415939e+04 5.790111e+04 5.428064e+04 5.259688e+04 5.252386e+04
4.806753e+05 4.806753e+05 4.806753e+05 4.806750e+05 4.806738e+05 4.806193e+05 4.804107e+05 4.794560e+05 4.786824e+05 4.776920e+05 4.750096e+05 4.713122e+05 4.664889e+05 4.603943e+05 4.528307e+05 4.435414e+05 4.322510e+05 3.449887e+05 2.445387e+05 1.744257e+05 1.328492e+05 1.080000e+05 9.219115e+04 7.367451e+04 6.349262e+04 5.744686e+04 5.397045e+04 5.239574e+04 5.241250e+04
4.527915e+05 4.527915e+05 4.527915e+05 4.527907e+05 4.527883e+05 4.527062e+05 4.524353e+05 4.513351e+05 4.505309e+05 4.495687e+05 4.471633e+05 4.440444e+05 4.400389e+05 4.348928e+05 4.283091e+05 4.199868e+05 4.096673e+05 3.287311e+05 2.352781e+05 1.692345e+05 1.295769e+05 1.056682e+05 9.045228e+04 7.263710e+04 6.281698e+04 5.698718e+04 5.365783e+04 5.219459e+04 5.230313e+04
4.229967e+05 4.229966e+05 4.229966e+05 4.229958e+05 4.229936e+05 4.229275e+05 4.227283e+05 4.219571e+05 4.213788e+05 4.206696e+05 4.188526e+05 4.164532e+05 4.133068e+05 4.091314e+05 4.035819e+05 3.963210e+05 3.870835e+05 3.125331e+05 2.258498e+05 1.639743e+05 1.263332e+05 1.034114e+05 8.873659e+04 7.159440e+04 6.213479e+04 5.652325e+04 5.334349e+04 5.199395e+04 5.219615e+04
3.936177e+05 3.936177e+05 3.936177e+05 3.936175e+05 3.936169e+05 3.935944e+05 3.935132e+05 3.931272e+05 3.928001e+05 3.923728e+05 3.911949e+05 3.895257e+05 3.872047e+05 3.839477e+05 3.793933e+05 3.731831e+05 3.650404e+05 2.967427e+05 2.164366e+05 1.586742e+05 1.231047e+05 1.012054e+05 8.707010e+04 7.055256e+04 6.144855e+04 5.605635e+04 5.302820e+04 5.179433e+04 5.209195e+04
3.668366e+05 3.668366e+05 3.668366e+05 3.668365e+05 3.668361e+05 3.668225e+05 3.667731e+05 3.665421e+05 3.663464e+05 3.660865e+05 3.653412e+05 3.642193e+05 3.625527e+05 3.600557e+05 3.563607e+05 3.510970e+05 3.439746e+05 2.816024e+05 2.072008e+05 1.533787e+05 1.198877e+05 9.903559e+04 8.545827e+04 6.951832e+04 6.076097e+04 5.558783e+04 5.271276e+04 5.159630e+04 5.199097e+04
3.428243e+05 3.428243e+05 3.428243e+05 3.428243e+05 3.428240e+05 3.428152e+05 3.427824e+05 3.426272e+05 3.424962e+05 3.423229e+05 3.418235e+05 3.410491e+05 3.398359e+05 3.379043e+05 3.348897e+05 3.304175e+05 3.241872e+05 2.672658e+05 1.982699e+05 1.481384e+05 1.166863e+05 9.689324e+04 8.388603e+04 6.849915e+04 6.007494e+04 5.511916e+04 5.239805e+04 5.140043e+04 5.189364e+04
3.213876e+05 3.213876e+05 3.213876e+05 3.213875e+05 3.213874e+05 3.213816e+05 3.213591e+05 3.212492e+05 3.211555e+05 3.210314e+05 3.206736e+05 3.201110e+05 3.191943e+05 3.176601e+05 3.151574e+05 3.113168e+05 3.058342e+05 2.538146e+05 1.897324e+05 1.430031e+05 1.135104e+05 9.477353e+04 8.234473e+04 6.750408e+04 5.939359e+04 5.465189e+04 5.208497e+04 5.120735e+04 5.180043e+04
3.022568e+05 3.022568e+05 3.022568e+05 3.022568e+05 3.022567e+05 3.022521e+05 3.022344e+05 3.021493e+05 3.020771e+05 3.019819e+05 3.017083e+05 3.012754e+05 3.005504e+05 2.992906e+05 2.971651e+05 2.938183e+05 2.889492e+05 2.412750e+05 1.816417e+05 1.380158e+05 1.103739e+05 9.267498e+04 8.082848e+04 6.654380e+04 5.872026e+04 5.418765e+04 5.177449e+04 5.101770e+04 5.171182e+04
2.851216e+05 2.851216e+05 2.851216e+05 2.851216e+05 2.851215e+05 2.851175e+05 2.851031e+05 2.850344e+05 2.849758e+05 2.848984e+05 2.846765e+05 2.843245e+05 2.837248e+05 2.826557e+05 2.808091e+05 2.778478e+05 2.734797e+05 2.296330e+05 1.740216e+05 1.332100e+05 1.072924e+05 9.059889e+04 7.933336e+04 6.561406e+04 5.805858e+04 5.372820e+04 5.146763e+04 5.083217e+04 5.162831e+04
2.697088e+05 2.697088e+05 2.697088e+05 2.697087e+05 2.697086e+05 2.697052e+05 2.696924e+05 2.696317e+05 2.695804e+05 2.695130e+05 2.693214e+05 2.690201e+05 2.685043e+05 2.675713e+05 2.659354e+05 2.632796e+05 2.593239e+05 2.188478e+05 1.668747e+05 1.286087e+05 1.042812e+05 8.854874e+04 7.785710e+04 6.470904e+04 5.741273e+04 5.327539e+04 5.116547e+04 5.065145e+04 5.155042e+04
2.557607e+05 2.557607e+05 2.557607e+05 2.557607e+05 2.557606e+05 2.557571e+05 2.557445e+05 2.556854e+05 2.556367e+05 2.555739e+05 2.554001e+05 2.551327e+05 2.546770e+05 2.538466e+05 2.523764e+05 2.499693e+05 2.463592e+05 2.088631e+05 1.601879e+05 1.242257e+05 1.013538e+05 8.652955e+04 7.639891e+04 6.382509e+04 5.678821e+04 5.283119e+04 5.086913e+04 5.047630e+04 5.147870e+04
2.430329e+05 2.430329e+05 2.430329e+05 2.430328e+05 2.430327e+05 2.430285e+05 2.430145e+05 2.429563e+05 2.429106e+05 2.428528e+05 2.426959e+05 2.424578e+05 2.420517e+05 2.413055e+05 2.399726e+05 2.377749e+05 2.344605e+05 1.996162e+05 1.539392e+05 1.200662e+05 9.852166e+04 8.454715e+04 7.495931e+04 6.295944e+04 5.618846e+04 5.239773e+04 5.057981e+04 5.030750e+04 5.141371e+04
2.313203e+05 2.313203e+05 2.313203e+05 2.313203e+05 2.313203e+05 2.313175e+05 2.313077e+05 2.312615e+05 2.312233e+05 2.311742e+05 2.310389e+05 2.308309e+05 2.304707e+05 2.297986e+05 2.285848e+05 2.265686e+05 2.235123e+05 1.910436e+05 1.481014e+05 1.161294e+05 9.579306e+04 8.260755e+04 7.353982e+04 6.211000e+04 5.560966e+04 5.197736e+04 5.029876e+04 5.014587e+04 5.135604e+04
2.205466e+05 2.205466e+05 2.205466e+05 2.205466e+05 2.205465e+05 2.205441e+05 2.205352e+05 2.204956e+05 2.204634e+05 2.204220e+05 2.203077e+05 2.201288e+05 2.198111e+05 2.192054e+05 2.180969e+05 2.162409e+05 2.134131e+05 1.830845e+05 1.426449e+05 1.124097e+05 9.317353e+04 8.071647e+04 7.214273e+04 6.127522e+04 5.504928e+04 5.157287e+04 5.002730e+04 4.999226e+04 5.130631e+04
2.106045e+05 2.106045e+05 2.106045e+05 2.106045e+05 2.106044e+05 2.106025e+05 2.105958e+05 2.105642e+05 2.105380e+05 2.105039e+05 2.104083e+05 2.102554e+05 2.099754e+05 2.094286e+05 2.084135e+05 2.066999e+05 2.040757e+05 1.756834e+05 1.375407e+05 1.088986e+05 9.066597e+04 7.887893e+04 7.077081e+04 6.045411e+04 5.450555e+04 5.118805e+04 4.976687e+04 4.984756e+04 5.126517e+04
2.014265e+05 2.014265e+05 2.014265e+05 2.014264e+05 2.014264e+05 2.014248e+05 2.014192e+05 2.013929e+05 2.013711e+05 2.013425e+05 2.012619e+05 2.011302e+05 2.008823e+05 2.003869e+05 1.994541e+05 1.978671e+05 1.954252e+05 1.687902e+05 1.327606e+05 1.055857e+05 8.827110e+04 7.709908e+04 6.942705e+04 5.964612e+04 5.397710e+04 5.082289e+04 4.951902e+04 4.971274e+04 5.123328e+04
1.929390e+05 1.929390e+05 1.929390e+05 1.929390e+05 1.929390e+05 1.929378e+05 1.929331e+05 1.929105e+05 1.928915e+05 1.928667e+05 1.927967e+05 1.926817e+05 1.924604e+05 1.920093e+05 1.911491e+05 1.896749e+05 1.873963e+05 1.623601e+05 1.282786e+05 1.024596e+05 8.598781e+04 7.538004e+04 6.811440e+04 5.885117e+04 5.346285e+04 5.047521e+04 4.928549e+04 4.958877e+04 5.121135e+04
1.850749e+05 1.850749e+05 1.850749e+05 1.850749e+05 1.850748e+05 1.850732e+05 1.850680e+05 1.850457e+05 1.850282e+05 1.850059e+05 1.849445e+05 1.848435e+05 1.846451e+05 1.842327e+05 1.834369e+05 1.820636e+05 1.799321e+05 1.563535e+05 1.240709e+05 9.950890e+04 8.381367e+04 7.372396e+04 6.683563e+04 5.806954e+04 5.296193e+04 5.014378e+04 4.906851e+04 4.947673e+04 5.120010e+04
1.777487e+05 1.777487e+05 1.777487e+05 1.777486e+05 1.777486e+05 1.777479e+05 1.777449e+05 1.777286e+05 1.777146e+05 1.776964e+05 1.776446e+05 1.775570e+05 1.773794e+05 1.770016e+05 1.762634e+05 1.749809e+05 1.729822e+05 1.507350e+05 1.201157e+05 9.672221e+04 8.174528e+04 7.213203e+04 6.559320e+04 5.730185e+04 5.247373e+04 4.982769e+04 4.887046e+04 4.937776e+04 5.120032e+04
1.709371e+05 1.709371e+05 1.709371e+05 1.709371e+05 1.709371e+05 1.709363e+05 1.709333e+05 1.709196e+05 1.709081e+05 1.708931e+05 1.708498e+05 1.707743e+05 1.706151e+05 1.702680e+05 1.695814e+05 1.683805e+05 1.665021e+05 1.454732e+05 1.163937e+05 9.408865e+04 7.977859e+04 7.060466e+04 6.438915e+04 5.654895e+04 5.199783e+04 4.952623e+04 4.869018e+04 4.929312e+04 5.121280e+04
1.645924e+05 1.645924e+05 1.645924e+05 1.645923e+05 1.645923e+05 1.645918e+05 1.645895e+05 1.645782e+05 1.645686e+05 1.645559e+05 1.645191e+05 1.644533e+05 1.643098e+05 1.639897e+05 1.633491e+05 1.622217e+05 1.604522e+05 1.405398e+05 1.128873e+05 9.159796e+04 7.790915e+04 6.914151e+04 6.322509e+04 5.581188e+04 5.153402e+04 4.923884e+04 4.852660e+04 4.922430e+04 5.123841e+04
1.586766e+05 1.586766e+05 1.586766e+05 1.586766e+05 1.586766e+05 1.586760e+05 1.586739e+05 1.586640e+05 1.586557e+05 1.586449e+05 1.586134e+05 1.585556e+05 1.584252e+05 1.581286e+05 1.575287e+05 1.564676e+05 1.547969e+05 1.359093e+05 1.095804e+05 8.924056e+04 7.613234e+04 6.774174e+04 6.210220e+04 5.509181e+04 5.108226e+04 4.896508e+04 4.837908e+04 4.917330e+04 5.127808e+04
1.531494e+05 1.531494e+05 1.531494e+05 1.531494e+05 1.531494e+05 1.531491e+05 1.531477e+05 1.531402e+05 1.531333e+05 1.531241e+05 1.530968e+05 1.530452e+05 1.529258e+05 1.526495e+05 1.520859e+05 1.510846e+05 1.495037e+05 1.315585e+05 1.064588e+05 8.700757e+04 7.444349e+04 6.640401e+04 6.102124e+04 5.438993e+04 5.064270e+04 4.870461e+04 4.824715e+04 4.914109e+04 5.133280e+04
1.479856e+05 1.479856e+05 1.479856e+05 1.479856e+05 1.479856e+05 1.479852e+05 1.479836e+05 1.479759e+05 1.479693e+05 1.479606e+05 1.479356e+05 1.478886e+05 1.477784e+05 1.475199e+05 1.469890e+05 1.460419e+05 1.445431e+05 1.274664e+05 1.035093e+05 8.489079e+04 7.283800e+04 6.512671e+04 5.998259e+04 5.370745e+04 5.021563e+04 4.845721e+04 4.813046e+04 4.912662e+04 5.140371e+04
1.431441e+05 1.431441e+05 1.431441e+05 1.431441e+05 1.431441e+05 1.431436e+05 1.431417e+05 1.431336e+05 1.431273e+05 1.431193e+05 1.430968e+05 1.430543e+05 1.429525e+05 1.427103e+05 1.422092e+05 1.413117e+05 1.398882e+05 1.236136e+05 1.007199e+05 8.288267e+04 7.131141e+04 6.390797e+04 5.898630e+04 5.304555e+04 4.980148e+04 4.822276e+04 4.802874e+04 4.912937e+04 5.149216e+04
1.385877e+05 1.385877e+05 1.385877e+05 1.385877e+05 1.385877e+05 1.385876e+05 1.385868e+05 1.385820e+05 1.385774e+05 1.385712e+05 1.385525e+05 1.385151e+05 1.384216e+05 1.381946e+05 1.377208e+05 1.368689e+05 1.355148e+05 1.199824e+05 9.807986e+04 8.097629e+04 6.985946e+04 6.274579e+04 5.803214e+04 5.240530e+04 4.940078e+04 4.800123e+04 4.794179e+04 4.914899e+04 5.159996e+04
1.343119e+05 1.343119e+05 1.343119e+05 1.343119e+05 1.343119e+05 1.343117e+05 1.343109e+05 1.343068e+05 1.343030e+05 1.342980e+05 1.342823e+05 1.342494e+05 1.341632e+05 1.339500e+05 1.335014e+05 1.326914e+05 1.314011e+05 1.165568e+05 9.557898e+04 7.916524e+04 6.847811e+04 6.163811e+04 5.711966e+04 5.178769e+04 4.901414e+04 4.779269e+04 4.786945e+04 4.918528e+04 5.172701e+04
1.302931e+05 1.302931e+05 1.302931e+05 1.302931e+05 1.302931e+05 1.302929e+05 1.302922e+05 1.302883e+05 1.302849e+05 1.302804e+05 1.302668e+05 1.302373e+05 1.301575e+05 1.299565e+05 1.295306e+05 1.287590e+05 1.275276e+05 1.133219e+05 9.320806e+04 7.744368e+04 6.716356e+04 6.058281e+04 5.624823e+04 5.119362e+04 4.864225e+04 4.759730e+04 4.781166e+04 4.923807e+04 5.187270e+04
1.265080e+05 1.265080e+05 1.265080e+05 1.265080e+05 1.265080e+05 1.265079e+05 1.265074e+05 1.265046e+05 1.265019e+05 1.264983e+05 1.264866e+05 1.264600e+05 1.263854e+05 1.261952e+05 1.257898e+05 1.250532e+05 1.238760e+05 1.102640e+05 9.095862e+04 7.580622e+04 6.591226e+04 5.957784e+04 5.541710e+04 5.062382e+04 4.828582e+04 4.741530e+04 4.776839e+04 4.930726e+04 5.203675e+04
1.229430e+05 1.229430e+05 1.229430e+05 1.229430e+05 1.229430e+05 1.229430e+05 1.229427e+05 1.229404e+05 1.229381e+05 1.229349e+05 1.229243e+05 1.228996e+05 1.228293e+05 1.226483e+05 1.222613e+05 1.215568e+05 1.204295e+05 1.073705e+05 8.882281e+04 7.424792e+04 6.472091e+04 5.862118e+04 5.462539e+04 5.007896e+04 4.794560e+04 4.724701e+04 4.773967e+04 4.939280e+04 5.221901e+04
1.195829e+05 1.195829e+05 1.195829e+05 1.195829e+05 1.195829e+05 1.195828e+05 1.195822e+05 1.195791e+05 1.195766e+05 1.195731e+05 1.195626e+05 1.195389e+05 1.194717e+05 1.192989e+05 1.189284e+05 1.182535e+05 1.171725e+05 1.046298e+05 8.679342e+04 7.276423e+04 6.358646e+04 5.771087e+04 5.387222e+04 4.955957e+04 4.762233e+04 4.709279e+04 4.772558e+04 4.949466e+04 5.241938e+04
1.164035e+05 1.164035e+05 1.164035e+05 1.164035e+05 1.164035e+05 1.164034e+05 1.164029e+05 1.163999e+05 1.163973e+05 1.163938e+05 1.163834e+05 1.163604e+05 1.162961e+05 1.161306e+05 1.157756e+05 1.151281e+05 1.140903e+05 1.020311e+05 8.486382e+04 7.135099e+04 6.250608e+04 5.684510e+04 5.315662e+04 4.906606e+04 4.731676e+04 4.695309e+04 4.772627e+04 4.961284e+04 5.263784e+04
1.133909e+05 1.133909e+05 1.133909e+05 1.133909e+05 1.133909e+05 1.133907e+05 1.133900e+05 1.133866e+05 1.133839e+05 1.133804e+05 1.133703e+05 1.133484e+05 1.132872e+05 1.131289e+05 1.127886e+05 1.121671e+05 1.111698e+05 9.956476e+04 8.302791e+04 7.000438e+04 6.147717e+04 5.602210e+04 5.247767e+04 4.859877e+04 4.702961e+04 4.682838e+04 4.774192e+04 4.974740e+04 5.287438e+04
1.105276e+05 1.105276e+05 1.105276e+05 1.105276e+05 1.105276e+05 1.105274e+05 1.105268e+05 1.105240e+05 1.105217e+05 1.105187e+05 1.105098e+05 1.104899e+05 1.104322e+05 1.102814e+05 1.099553e+05 1.093583e+05 1.083994e+05 9.722188e+04 8.128010e+04 6.872091e+04 6.049736e+04 5.524027e+04 5.183442e+04 4.815796e+04 4.676158e+04 4.671920e+04 4.777277e+04 4.989842e+04 5.312902e+04
1.078049e+05 1.078049e+05 1.078049e+05 1.078049e+05 1.078049e+05 1.078048e+05 1.078045e+05 1.078028e+05 1.078013e+05 1.077992e+05 1.077924e+05 1.077749e+05 1.077212e+05 1.075777e+05 1.072653e+05 1.066916e+05 1.057689e+05 9.499444e+04 7.961527e+04 6.749736e+04 5.956448e+04 5.449809e+04 5.122597e+04 4.774381e+04 4.651335e+04 4.662610e+04 4.781910e+04 5.006600e+04 5.340180e+04
1.052198e+05 1.052199e+05 1.052199e+05 1.052199e+05 1.052199e+05 1.052199e+05 1.052199e+05 1.052192e+05 1.052183e+05 1.052169e+05 1.052117e+05 1.051964e+05 1.051462e+05 1.050095e+05 1.047099e+05 1.041581e+05 1.032694e+05 9.287514e+04 7.802873e+04 6.633082e+04 5.867653e+04 5.379418e+04 5.065147e+04 4.735643e+04 4.628553e+04 4.654964e+04 4.788124e+04 5.025030e+04 5.369279e+04
1.027688e+05 1.027688e+05 1.027688e+05 1.027688e+05 1.027688e+05 1.027688e+05 1.027687e+05 1.027678e+05 1.027669e+05 1.027656e+05 1.027611e+05 1.027472e+05 1.026998e+05 1.025691e+05 1.022811e+05 1.017497e+05 1.008928e+05 9.085729e+04 7.651616e+04 6.521859e+04 5.783171e+04 5.312727e+04 5.011011e+04 4.699592e+04 4.607872e+04 4.649042e+04 4.795955e+04 5.045148e+04 5.400209e+04
1.004394e+05 1.004394e+05 1.004394e+05 1.004394e+05 1.004394e+05 1.004394e+05 1.004392e+05 1.004383e+05 1.004375e+05 1.004364e+05 1.004323e+05 1.004194e+05 1.003742e+05 1.002485e+05 9.997106e+04 9.945844e+04 9.863124e+04 8.893472e+04 7.507360e+04 6.415824e+04 5.702837e+04 5.249620e+04 4.960113e+04 4.666232e+04 4.589348e+04 4.644904e+04 4.805443e+04 5.066977e+04 5.432979e+04
9.822246e+04 9.822246e+04 9.822246e+04 9.822246e+04 9.822246e+04 9.822252e+04 9.822263e+04 9.822247e+04 9.822198e+04 9.822111e+04 9.821739e+04 9.820493e+04 9.816131e+04 9.803996e+04 9.777195e+04 9.727669e+04 9.647729e+04 8.710168e+04 7.369742e+04 6.314751e+04 5.626505e+04 5.189992e+04 4.912385e+04 4.635564e+04 4.573033e+04 4.642609e+04 4.816631e+04 5.090538e+04 5.467603e+04
9.611597e+04 9.611597e+04 9.611597e+04 9.611597e+04 9.611597e+04 9.611593e+04 9.611578e+04 9.611493e+04 9.611409e+04 9.611286e+04 9.610849e+04 9.609572e+04 9.605297e+04 9.593524e+04 9.567586e+04 9.519680e+04 9.442361e+04 8.535287e+04 7.238426e+04 6.218438e+04 5.554039e+04 5.133750e+04 4.867764e+04 4.607589e+04 4.558975e+04 4.642219e+04 4.829563e+04 5.115860e+04 5.504096e+04
9.410672e+04 9.410672e+04 9.410672e+04 9.410672e+04 9.410672e+04 9.410666e+04 9.410638e+04 9.410475e+04 9.410333e+04 9.410148e+04 9.409596e+04 9.408256e+04 9.404048e+04 9.392616e+04 9.367503e+04 9.321147e+04 9.246330e+04 8.368339e+04 7.113108e+04 6.126697e+04 5.485319e+04 5.080811e+04 4.826194e+04 4.582308e+04 4.547221e+04 4.643792e+04 4.844288e+04 5.142972e+04 5.542475e+04
9.218276e+04 9.218276e+04 9.218276e+04 9.218276e+04 9.218276e+04 9.218258e+04 9.218197e+04 9.217948e+04 9.217766e+04 9.217548e+04 9.216957e+04 9.215633e+04 9.211560e+04 9.200518e+04 9.176246e+04 9.131414e+04 9.059021e+04 8.208884e+04 6.993509e+04 6.039362e+04 5.420238e+04 5.031100e+04 4.787626e+04 4.559719e+04 4.537812e+04 4.647386e+04 4.860854e+04 5.171906e+04 5.582759e+04
9.033109e+04 9.033109e+04 9.033109e+04 9.033109e+04 9.033109e+04 9.033103e+04 9.033075e+04 9.032932e+04 9.032812e+04 9.032661e+04 9.032210e+04 9.031051e+04 9.027231e+04 9.016659e+04 8.993269e+04 8.949952e+04 8.879922e+04 8.056530e+04 6.879375e+04 5.956278e+04 5.358700e+04 4.984553e+04 4.752018e+04 4.539823e+04 4.530788e+04 4.653060e+04 4.879312e+04 5.202696e+04 5.624969e+04
8.855492e+04 8.855492e+04 8.855492e+04 8.855492e+04 8.855492e+04 8.855494e+04 8.855496e+04 8.855481e+04 8.855454e+04 8.855404e+04 8.855174e+04 8.854258e+04 8.850753e+04 8.840693e+04 8.818197e+04 8.776371e+04 8.708633e+04 7.910931e+04 6.770479e+04 5.877308e+04 5.300620e+04 4.941114e+04 4.719332e+04 4.522621e+04 4.526189e+04 4.660869e+04 4.899714e+04 5.235380e+04 5.669128e+04
8.685807e+04 8.685807e+04 8.685807e+04 8.685807e+04 8.685808e+04 8.685821e+04 8.685855e+04 8.685940e+04 8.685977e+04 8.686000e+04 8.685933e+04 8.685214e+04 8.681992e+04 8.672413e+04 8.650771e+04 8.610375e+04 8.544836e+04 7.771778e+04 6.666613e+04 5.802330e+04 5.245924e+04 4.900736e+04 4.689539e+04 4.508115e+04 4.524049e+04 4.670868e+04 4.922112e+04 5.269995e+04 5.715261e+04
8.524249e+04 8.524249e+04 8.524249e+04 8.524249e+04 8.524250e+04 8.524263e+04 8.524295e+04 8.524377e+04 8.524416e+04 8.524447e+04 8.524424e+04 8.523801e+04 8.520777e+04 8.511607e+04 8.490744e+04 8.451690e+04 8.388239e+04 7.638795e+04 6.567591e+04 5.731232e+04 5.194548e+04 4.863381e+04 4.662615e+04 4.496309e+04 4.524402e+04 4.683110e+04 4.946560e+04 5.306583e+04 5.763395e+04
8.370283e+04 8.370283e+04 8.370283e+04 8.370283e+04 8.370283e+04 8.370285e+04 8.370289e+04 8.370295e+04 8.370301e+04 8.370308e+04 8.370269e+04 8.369685e+04 8.366803e+04 8.357982e+04 8.337827e+04 8.300026e+04 8.238549e+04 7.511724e+04 6.473241e+04 5.663915e+04 5.146436e+04 4.829015e+04 4.638542e+04 4.487210e+04 4.527283e+04 4.697647e+04 4.973110e+04 5.345185e+04 5.813559e+04
8.222818e+04 8.222818e+04 8.222818e+04 8.222818e+04 8.222818e+04 8.222824e+04 8.222842e+04 8.222899e+04 8.222932e+04 8.222964e+04 8.222971e+04 8.222447e+04 8.219698e+04 8.211191e+04 8.191691e+04 8.155066e+04 8.095460e+04 7.390323e+04 6.383408e+04 5.600293e+04 5.101542e+04 4.797614e+04 4.617307e+04 4.480824e+04 4.532724e+04 4.714530e+04 5.001815e+04 5.385845e+04 5.865783e+04
8.081869e+04 8.081869e+04 8.081869e+04 8.081869e+04 8.081870e+04 8.081883e+04 8.081922e+04 8.082040e+04 8.082105e+04 8.082166e+04 8.082221e+04 8.081750e+04 8.079114e+04 8.070891e+04 8.051998e+04 8.016484e+04 7.958658e+04 7.274363e+04 6.297952e+04 5.540288e+04 5.059827e+04 4.769159e+04 4.598903e+04 4.477163e+04 4.540755e+04 4.733807e+04 5.032728e+04 5.428608e+04 5.920098e+04
7.947562e+04 7.947562e+04 7.947562e+04 7.947563e+04 7.947563e+04 7.947568e+04 7.947584e+04 7.947643e+04 7.947680e+04 7.947717e+04 7.947740e+04 7.947268e+04 7.944709e+04 7.936735e+04 7.918412e+04 7.883954e+04 7.827835e+04 7.163628e+04 6.216744e+04 5.483834e+04 5.021260e+04 4.743639e+04 4.583327e+04 4.476238e+04 4.551408e+04 4.755526e+04 5.065903e+04 5.473519e+04 5.976540e+04
7.819024e+04 7.819024e+04 7.819024e+04 7.819024e+04 7.819024e+04 7.819028e+04 7.819037e+04 7.819059e+04 7.819073e+04 7.819086e+04 7.819071e+04 7.818590e+04 7.816099e+04 7.808366e+04 7.790594e+04 7.757161e+04 7.702693e+04 7.057922e+04 6.139672e+04 5.430874e+04 4.985817e+04 4.721047e+04 4.570582e+04 4.478062e+04 4.564713e+04 4.779733e+04 5.101390e+04 5.520625e+04 6.035142e+04
7.695661e+04 7.695661e+04 7.695661e+04 7.695662e+04 7.695662e+04 7.695668e+04 7.695684e+04 7.695726e+04 7.695748e+04 7.695768e+04 7.695764e+04 7.695312e+04 7.692919e+04 7.685448e+04 7.668236e+04 7.635817e+04 7.582968e+04 6.957070e+04 6.066634e+04 5.381360e+04 4.953482e+04 4.701382e+04 4.560674e+04 4.482652e+04 4.580700e+04 4.806473e+04 5.139241e+04 5.569972e+04 6.095940e+04
7.577351e+04 7.577351e+04 7.577351e+04 7.577351e+04 7.577351e+04 7.577357e+04 7.577374e+04 7.577428e+04 7.577460e+04 7.577495e+04 7.577531e+04 7.577147e+04 7.574894e+04 7.567720e+04 7.551092e+04 7.519692e+04 7.468442e+04 6.860918e+04 5.997544e+04 5.335254e+04 4.924244e+04 4.684647e+04 4.553614e+04 4.490026e+04 4.599400e+04 4.835790e+04 5.179508e+04 5.621608e+04 6.158973e+04
7.463882e+04 7.463882e+04 7.463882e+04 7.463882e+04 7.463883e+04 7.463891e+04 7.463913e+04 7.463984e+04 7.464032e+04 7.464089e+04 7.464194e+04 7.463920e+04 7.461852e+04 7.455016e+04 7.439000e+04 7.408627e+04 7.358959e+04 6.769343e+04 5.932328e+04 5.292523e+04 4.898099e+04 4.670851e+04 4.549416e+04 4.500204e+04 4.620843e+04 4.867728e+04 5.222239e+04 5.675581e+04 6.224279e+04
7.355113e+04 7.355113e+04 7.355113e+04 7.355114e+04 7.355114e+04 7.355122e+04 7.355146e+04 7.355253e+04 7.355338e+04 7.355445e+04 7.355678e+04 7.355569e+04 7.353732e+04 7.347268e+04 7.331880e+04 7.302532e+04 7.254420e+04 6.682240e+04 5.870926e+04 5.253147e+04 4.875046e+04 4.660008e+04 4.548096e+04 4.513208e+04 4.645059e+04 4.902327e+04 5.267484e+04 5.731938e+04 6.291897e+04
7.250968e+04 7.250968e+04 7.250968e+04 7.250968e+04 7.250969e+04 7.250994e+04 7.251068e+04 7.251319e+04 7.251487e+04 7.251678e+04 7.252089e+04 7.252174e+04 7.250581e+04 7.244490e+04 7.229718e+04 7.201366e+04 7.154765e+04 6.599526e+04 5.813287e+04 5.217110e+04 4.855093e+04 4.652132e+04 4.549676e+04 4.529060e+04 4.672078e+04 4.939628e+04 5.315292e+04 5.790726e+04 6.361867e+04
7.152300e+04 7.152300e+04 7.152300e+04 7.152301e+04 7.152301e+04 7.152327e+04 7.152404e+04 7.152694e+04 7.152898e+04 7.153135e+04 7.153656e+04 7.153880e+04 7.152483e+04 7.146718e+04 7.132513e+04 7.105103e+04 7.059947e+04 6.521126e+04 5.759372e+04 5.184404e+04 4.838250e+04 4.647244e+04 4.554179e+04 4.547786e+04 4.701930e+04 4.979673e+04 5.365710e+04 5.851995e+04 6.434231e+04
7.059066e+04 7.059066e+04 7.059066e+04 7.059066e+04 7.059067e+04 7.059091e+04 7.059164e+04 7.059446e+04 7.059649e+04 7.059890e+04 7.060434e+04 7.060712e+04 7.059434e+04 7.053924e+04 7.040219e+04 7.013682e+04 6.969895e+04 6.446973e+04 5.709148e+04 5.155026e+04 4.824533e+04 4.645367e+04 4.561630e+04 4.569411e+04 4.734646e+04 5.022500e+04 5.418784e+04 5.915791e+04 6.509029e+04
6.970926e+04 6.970926e+04 6.970926e+04 6.970926e+04 6.970927e+04 6.970951e+04 6.971023e+04 6.971295e+04 6.971487e+04 6.971714e+04 6.972232e+04 6.972506e+04 6.971288e+04 6.965977e+04 6.952716e+04 6.926990e+04 6.884505e+04 6.377002e+04 5.662589e+04 5.128980e+04 4.813958e+04 4.646526e+04 4.572056e+04 4.593963e+04 4.770257e+04 5.068148e+04 5.474562e+04 5.982161e+04 6.586304e+04
6.887598e+04 6.887598e+04 6.887598e+04 6.887599e+04 6.887599e+04 6.887617e+04 6.887672e+04 6.887893e+04 6.888057e+04 6.888256e+04 6.888727e+04 6.888977e+04 6.887801e+04 6.882668e+04 6.869823e+04 6.844875e+04 6.803646e+04 6.311149e+04 5.619677e+04 5.106273e+04 4.806549e+04 4.650749e+04 4.585485e+04 4.621469e+04 4.808794e+04 5.116656e+04 5.533086e+04 6.051153e+04 6.666099e+04
6.808478e+04 6.808478e+04 6.808478e+04 6.808479e+04 6.808479e+04 6.808497e+04 6.808550e+04 6.808756e+04 6.808910e+04 6.809100e+04 6.809557e+04 6.809818e+04 6.808712e+04 6.803777e+04 6.791357e+04 6.767180e+04 6.727183e+04 6.249359e+04 5.580399e+04 5.086917e+04 4.802329e+04 4.658064e+04 4.601949e+04 4.651958e+04 4.850287e+04 5.168060e+04 5.594403e+04 6.122813e+04 6.748454e+04
6.733257e+04 6.733257e+04 6.733257e+04 6.733258e+04 6.733258e+04 6.733281e+04 6.733345e+04 6.733586e+04 6.733761e+04 6.733973e+04 6.734483e+04 6.734819e+04 6.733838e+04 6.729144e+04 6.717178e+04 6.693783e+04 6.655012e+04 6.191582e+04 5.544747e+04 5.070928e+04 4.801325e+04 4.668502e+04 4.621478e+04 4.685460e+04 4.894768e+04 5.222398e+04 5.658556e+04 6.197187e+04 6.833415e+04
6.662031e+04 6.662031e+04 6.662031e+04 6.662032e+04 6.662032e+04 6.662055e+04 6.662123e+04 6.662393e+04 6.662597e+04 6.662848e+04 6.663461e+04 6.663926e+04 6.663123e+04 6.658711e+04 6.647225e+04 6.624622e+04 6.587069e+04 6.137783e+04 5.512720e+04 5.058326e+04 4.803568e+04 4.682097e+04 4.644105e+04 4.722005e+04 4.942268e+04 5.279707e+04 5.725587e+04 6.274321e+04 6.921023e+04
6.594765e+04 6.594765e+04 6.594765e+04 6.594765e+04 6.594766e+04 6.594795e+04 6.594886e+04 6.595249e+04 6.595517e+04 6.595839e+04 6.596604e+04 6.597233e+04 6.596626e+04 6.592504e+04 6.581499e+04 6.559681e+04 6.523329e+04 6.087935e+04 5.484320e+04 5.049134e+04 4.809085e+04 4.698879e+04 4.669861e+04 4.761624e+04 4.992819e+04 5.340023e+04 5.795539e+04 6.354259e+04 7.011321e+04
6.531951e+04 6.531951e+04 6.531951e+04 6.531952e+04 6.531953e+04 6.531992e+04 6.532114e+04 6.532576e+04 6.532903e+04 6.533283e+04 6.534160e+04 6.534903e+04 6.534448e+04 6.530581e+04 6.520025e+04 6.498961e+04 6.463777e+04 6.042018e+04 5.459556e+04 5.043376e+04 4.817911e+04 4.718884e+04 4.698781e+04 4.804347e+04 5.046450e+04 5.403381e+04 5.868452e+04 6.437048e+04 7.104352e+04
6.474174e+04 6.474174e+04 6.474174e+04 6.474174e+04 6.474175e+04 6.474215e+04 6.474330e+04 6.474750e+04 6.475048e+04 6.475401e+04 6.476240e+04 6.476984e+04 6.476601e+04 6.472932e+04 6.462783e+04 6.442438e+04 6.408386e+04 6.000017e+04 5.438440e+04 5.041080e+04 4.830077e+04 4.742143e+04 4.730896e+04 4.850204e+04 5.103195e+04 5.469817e+04 5.944369e+04 6.522729e+04 7.200160e+04
6.420902e+04 6.420902e+04 6.420902e+04 6.420902e+04 6.420903e+04 6.420926e+04 6.420994e+04 6.421282e+04 6.421511e+04 6.421801e+04 6.422551e+04 6.423266e+04 6.422937e+04 6.419453e+04 6.409699e+04 6.390056e+04 6.357113e+04 5.961924e+04 5.420988e+04 5.042275e+04 4.845616e+04 4.768692e+04 4.766240e+04 4.899228e+04 5.163084e+04 5.539367e+04 6.023330e+04 6.611348e+04 7.298785e+04
6.370930e+04 6.370930e+04 6.370930e+04 6.370930e+04 6.370931e+04 6.370953e+04 6.371022e+04 6.371322e+04 6.371565e+04 6.371877e+04 6.372685e+04 6.373483e+04 6.373284e+04 6.370032e+04 6.360696e+04 6.341759e+04 6.309915e+04 5.927734e+04 5.407222e+04 5.046992e+04 4.864562e+04 4.798563e+04 4.804844e+04 4.951448e+04 5.226149e+04 5.612065e+04 6.105373e+04 6.702947e+04 7.400271e+04
6.324165e+04 6.324165e+04 6.324165e+04 6.324165e+04 6.324167e+04 6.324215e+04 6.324355e+04 6.324860e+04 6.325217e+04 6.325641e+04 6.326658e+04 6.327645e+04 6.327644e+04 6.324662e+04 6.315760e+04 6.297530e+04 6.266776e+04 5.897448e+04 5.397167e+04 5.055265e+04 4.886949e+04 4.831788e+04 4.846742e+04 5.006895e+04 5.292422e+04 5.687947e+04 6.190539e+04 6.797568e+04 7.504660e+04
