1.517419e+07 7.653465e+06 5.771958e+06 3.371246e+06 2.876821e+06 2.007024e+06 1.728396e+06 1.535468e+06 1.489844e+06 1.456342e+06 1.395457e+06 1.305658e+06 1.169794e+06 1.005604e+06 8.429815e+05 7.013414e+05 5.862578e+05 2.897543e+05 1.881076e+05 1.432214e+05 1.197437e+05 1.060294e+05 9.736544e+04 8.747538e+04 8.226529e+04 7.924625e+04 7.750692e+04 7.671092e+04 7.675866e+04
1.990391e+06 1.990398e+06 1.990403e+06 1.988809e+06 1.977338e+06 1.812599e+06 1.657855e+06 1.513561e+06 1.474961e+06 1.445491e+06 1.388589e+06 1.300216e+06 1.164795e+06 1.000866e+06 8.386112e+05 6.974492e+05 5.828782e+05 2.882432e+05 1.873766e+05 1.428238e+05 1.195067e+05 1.058781e+05 9.726383e+04 8.742384e+04 8.223587e+04 7.922808e+04 7.749550e+04 7.670450e+04 7.675676e+04
1.692704e+06 1.692708e+06 1.692717e+06 1.692790e+06 1.692156e+06 1.662247e+06 1.581899e+06 1.487246e+06 1.457422e+06 1.432917e+06 1.380810e+06 1.294125e+06 1.159254e+06 9.956706e+05 8.338710e+05 6.932679e+05 5.792773e+05 2.866736e+05 1.866263e+05 1.424183e+05 1.192660e+05 1.057250e+05 9.716113e+04 8.737187e+04 8.220623e+04 7.920978e+04 7.748401e+04 7.669804e+04 7.675486e+04
1.568569e+06 1.568572e+06 1.568578e+06 1.568697e+06 1.568793e+06 1.550997e+06 1.536342e+06 1.459254e+06 1.437989e+06 1.418886e+06 1.372157e+06 1.287374e+06 1.153152e+06 9.900021e+05 8.287492e+05 6.887906e+05 5.754515e+05 2.850460e+05 1.858570e+05 1.420052e+05 1.190217e+05 1.055699e+05 9.705735e+04 8.731948e+04 8.217639e+04 7.919137e+04 7.747245e+04 7.669156e+04 7.675296e+04
1.503064e+06 1.503065e+06 1.503069e+06 1.503146e+06 1.503267e+06 1.493214e+06 1.488117e+06 1.437808e+06 1.418874e+06 1.404138e+06 1.362736e+06 1.279967e+06 1.146472e+06 9.838435e+05 8.232352e+05 6.840114e+05 5.713980e+05 2.833610e+05 1.850691e+05 1.415846e+05 1.187738e+05 1.054130e+05 9.695252e+04 8.726666e+04 8.214633e+04 7.917283e+04 7.746082e+04 7.668503e+04 7.675106e+04
1.461407e+06 1.461408e+06 1.461410e+06 1.461465e+06 1.461566e+06 1.456608e+06 1.446787e+06 1.425961e+06 1.405308e+06 1.390434e+06 1.352829e+06 1.271941e+06 1.139203e+06 9.771810e+05 8.173193e+05 6.789253e+05 5.671148e+05 2.816192e+05 1.842628e+05 1.411565e+05 1.185225e+05 1.052543e+05 9.684665e+04 8.721343e+04 8.211607e+04 7.915417e+04 7.744912e+04 7.667848e+04 7.674916e+04
1.431573e+06 1.431573e+06 1.431575e+06 1.431615e+06 1.431698e+06 1.429388e+06 1.417900e+06 1.414424e+06 1.398031e+06 1.381278e+06 1.343022e+06 1.263405e+06 1.131355e+06 9.700066e+05 8.109950e+05 6.735291e+05 5.626011e+05 2.798217e+05 1.834387e+05 1.407213e+05 1.182678e+05 1.050938e+05 9.673976e+04 8.715979e+04 8.208560e+04 7.913540e+04 7.743735e+04 7.667189e+04 7.674726e+04
1.408722e+06 1.408722e+06 1.408724e+06 1.408755e+06 1.408826e+06 1.407882e+06 1.397935e+06 1.400273e+06 1.391631e+06 1.376479e+06 1.334363e+06 1.254579e+06 1.122968e+06 9.623232e+05 8.042601e+05 6.678220e+05 5.578574e+05 2.779696e+05 1.825971e+05 1.402790e+05 1.180097e+05 1.049315e+05 9.663188e+04 8.710576e+04 8.205493e+04 7.911650e+04 7.742550e+04 7.666526e+04 7.674536e+04
1.390665e+06 1.390666e+06 1.390667e+06 1.390694e+06 1.390757e+06 1.390560e+06 1.383207e+06 1.385038e+06 1.383694e+06 1.372628e+06 1.328527e+06 1.245832e+06 1.114130e+06 9.541501e+05 7.971195e+05 6.618066e+05 5.528865e+05 2.760643e+05 1.817386e+05 1.398299e+05 1.177484e+05 1.047676e+05 9.652302e+04 8.705132e+04 8.202405e+04 7.909748e+04 7.741358e+04 7.665861e+04 7.674346e+04
1.376279e+06 1.376279e+06 1.376280e+06 1.376303e+06 1.376361e+06 1.376596e+06 1.371708e+06 1.371035e+06 1.374216e+06 1.367902e+06 1.324744e+06 1.237771e+06 1.104986e+06 9.455280e+05 7.895872e+05 6.554901e+05 5.476932e+05 2.741074e+05 1.808636e+05 1.393741e+05 1.174840e+05 1.046020e+05 9.641321e+04 8.699650e+04 8.199298e+04 7.907835e+04 7.740160e+04 7.665192e+04 7.674156e+04
1.364897e+06 1.364898e+06 1.364898e+06 1.364919e+06 1.364971e+06 1.365466e+06 1.362552e+06 1.359597e+06 1.364309e+06 1.361766e+06 1.321391e+06 1.231166e+06 1.095758e+06 9.365248e+05 7.816890e+05 6.488852e+05 5.422854e+05 2.721009e+05 1.799728e+05 1.389119e+05 1.172166e+05 1.044348e+05 9.630247e+04 8.694129e+04 8.196171e+04 7.905909e+04 7.738954e+04 7.664519e+04 7.673966e+04
1.341463e+06 1.341464e+06 1.341464e+06 1.341478e+06 1.341518e+06 1.342391e+06 1.343511e+06 1.336955e+06 1.330764e+06 1.323190e+06 1.285986e+06 1.194232e+06 1.051992e+06 8.901850e+05 7.388009e+05 6.125098e+05 5.125800e+05 2.614100e+05 1.753047e+05 1.365127e+05 1.158369e+05 1.035760e+05 9.573558e+04 8.665976e+04 8.180244e+04 7.896108e+04 7.732819e+04 7.661107e+04 7.673020e+04
1.355153e+06 1.355152e+06 1.355149e+06 1.355049e+06 1.354798e+06 1.350123e+06 1.340323e+06 1.308214e+06 1.287376e+06 1.264687e+06 1.208569e+06 1.118569e+06 9.872088e+05 8.362983e+05 6.938877e+05 5.748651e+05 4.812765e+05 2.499422e+05 1.703552e+05 1.339910e+05 1.143963e+05 1.026839e+05 9.514893e+04 8.636966e+04 8.163851e+04 7.886017e+04 7.726509e+04 7.657613e+04 7.672081e+04
1.195903e+06 1.195903e+06 1.195902e+06 1.195899e+06 1.195886e+06 1.195319e+06 1.192206e+06 1.174059e+06 1.159404e+06 1.141171e+06 1.090418e+06 1.010113e+06 8.967201e+05 7.663109e+05 6.412697e+05 5.349902e+05 4.503224e+05 2.383229e+05 1.652549e+05 1.313869e+05 1.129103e+05 1.017652e+05 9.454576e+04 8.607184e+04 8.147013e+04 7.875642e+04 7.720022e+04 7.654037e+04 7.671151e+04
1.015475e+06 1.015475e+06 1.015475e+06 1.015472e+06 1.015463e+06 1.015088e+06 1.013748e+06 1.007117e+06 1.000897e+06 9.915709e+05 9.576005e+05 8.937280e+05 7.994330e+05 6.897848e+05 5.836464e+05 4.922460e+05 4.183344e+05 2.274426e+05 1.601717e+05 1.287488e+05 1.113965e+05 1.008276e+05 9.392962e+04 8.576719e+04 8.129752e+04 7.864986e+04 7.713360e+04 7.650379e+04 7.670232e+04
8.719883e+05 8.719883e+05 8.719883e+05 8.719873e+05 8.719841e+05 8.718531e+05 8.713144e+05 8.684140e+05 8.654900e+05 8.605226e+05 8.379519e+05 7.882331e+05 7.103349e+05 6.179873e+05 5.279577e+05 4.499842e+05 3.864247e+05 2.174889e+05 1.553157e+05 1.261355e+05 1.098759e+05 9.987962e+04 9.330446e+04 8.545667e+04 8.112090e+04 7.854052e+04 7.706522e+04 7.646641e+04 7.669328e+04
7.623978e+05 7.623978e+05 7.623977e+05 7.623965e+05 7.623923e+05 7.622754e+05 7.619383e+05 7.603868e+05 7.587939e+05 7.557916e+05 7.396673e+05 7.000036e+05 6.348359e+05 5.560509e+05 4.786670e+05 4.114559e+05 3.565426e+05 2.081103e+05 1.509454e+05 1.236168e+05 1.083733e+05 9.893147e+04 9.267485e+04 8.514133e+04 8.094052e+04 7.842844e+04 7.699505e+04 7.642822e+04 7.668441e+04
6.773464e+05 6.773464e+05 6.773464e+05 6.773463e+05 6.773460e+05 6.773197e+05 6.771916e+05 6.764044e+05 6.754690e+05 6.734609e+05 6.610881e+05 6.283555e+05 5.727938e+05 5.045304e+05 4.369642e+05 3.781081e+05 3.299930e+05 1.991992e+05 1.470157e+05 1.212803e+05 1.069177e+05 9.799502e+04 9.204608e+04 8.482238e+04 8.075665e+04 7.831365e+04 7.692311e+04 7.638923e+04 7.667573e+04
6.110058e+05 6.110058e+05 6.110058e+05 6.110059e+05 6.110060e+05 6.110015e+05 6.109530e+05 6.105342e+05 6.099299e+05 6.084499e+05 5.983586e+05 5.704637e+05 5.221559e+05 4.621121e+05 4.022695e+05 3.499553e+05 3.071431e+05 1.907953e+05 1.433835e+05 1.192230e+05 1.055442e+05 9.708426e+04 9.142442e+04 8.450128e+04 8.056963e+04 7.819622e+04 7.684940e+04 7.634945e+04 7.666729e+04
5.586927e+05 5.586927e+05 5.586927e+05 5.586927e+05 5.586923e+05 5.586715e+05 5.585852e+05 5.581558e+05 5.576433e+05 5.564017e+05 5.477285e+05 5.233177e+05 4.805870e+05 4.270680e+05 3.734265e+05 3.263527e+05 2.877522e+05 1.829982e+05 1.399659e+05 1.173880e+05 1.042997e+05 9.621587e+04 9.081729e+04 8.417976e+04 8.037989e+04 7.807624e+04 7.677393e+04 7.630890e+04 7.665911e+04
5.154447e+05 5.154447e+05 5.154447e+05 5.154446e+05 5.154444e+05 5.154331e+05 5.153820e+05 5.150795e+05 5.146758e+05 5.136331e+05 5.060414e+05 4.843318e+05 4.460419e+05 3.978219e+05 3.492688e+05 3.064990e+05 2.713322e+05 1.758930e+05 1.367210e+05 1.157081e+05 1.032232e+05 9.541041e+04 9.023357e+04 8.385994e+04 8.018797e+04 7.795384e+04 7.669673e+04 7.626759e+04 7.665124e+04
4.792587e+05 4.792587e+05 4.792587e+05 4.792587e+05 4.792586e+05 4.792524e+05 4.792210e+05 4.790222e+05 4.787156e+05 4.778423e+05 4.711310e+05 4.516106e+05 4.169564e+05 3.731250e+05 3.288235e+05 2.896618e+05 2.573638e+05 1.695150e+05 1.336383e+05 1.141368e+05 1.022718e+05 9.469778e+04 8.968395e+04 8.354439e+04 7.999459e+04 7.782923e+04 7.661788e+04 7.622558e+04 7.664374e+04
4.487615e+05 4.487615e+05 4.487615e+05 4.487615e+05 4.487615e+05 4.487568e+05 4.487334e+05 4.485838e+05 4.483349e+05 4.475797e+05 4.415595e+05 4.238288e+05 3.921915e+05 3.520407e+05 3.113354e+05 2.752427e+05 2.453869e+05 1.638484e+05 1.307262e+05 1.126422e+05 1.014088e+05 9.409117e+04 8.918215e+04 8.323623e+04 7.980062e+04 7.770267e+04 7.653747e+04 7.618292e+04 7.663667e+04
4.227316e+05 4.227316e+05 4.227316e+05 4.227316e+05 4.227316e+05 4.227282e+05 4.227103e+05 4.225934e+05 4.223838e+05 4.217158e+05 4.162479e+05 3.999981e+05 3.708927e+05 3.338594e+05 2.962249e+05 2.627703e+05 2.350218e+05 1.588408e+05 1.279993e+05 1.112058e+05 1.006067e+05 9.356074e+04 8.874895e+04 8.293922e+04 7.960720e+04 7.757454e+04 7.645565e+04 7.613970e+04 7.663010e+04
4.002655e+05 4.002655e+05 4.002655e+05 4.002655e+05 4.002655e+05 4.002627e+05 4.002487e+05 4.001550e+05 3.999738e+05 3.993725e+05 3.943554e+05 3.793489e+05 3.523936e+05 3.180280e+05 2.830394e+05 2.518732e+05 2.259627e+05 1.544202e+05 1.254696e+05 1.098197e+05 9.984422e+04 9.308433e+04 8.838517e+04 8.265792e+04 7.941569e+04 7.744531e+04 7.637261e+04 7.609603e+04 7.662414e+04
3.806855e+05 3.806855e+05 3.806855e+05 3.806855e+05 3.806855e+05 3.806828e+05 3.806699e+05 3.805855e+05 3.804209e+05 3.798682e+05 3.752198e+05 3.612686e+05 3.361611e+05 3.041038e+05 2.714181e+05 2.422559e+05 2.179644e+05 1.505083e+05 1.231417e+05 1.084839e+05 9.910623e+04 9.264425e+04 8.807040e+04 8.239808e+04 7.922777e+04 7.731560e+04 7.628861e+04 7.605206e+04 7.661890e+04
3.634185e+05 3.634185e+05 3.634185e+05 3.634185e+05 3.634185e+05 3.634153e+05 3.634012e+05 3.633163e+05 3.631597e+05 3.626416e+05 3.582992e+05 3.452575e+05 3.217608e+05 2.917270e+05 2.610695e+05 2.336807e+05 2.108299e+05 1.470291e+05 1.210125e+05 1.072023e+05 9.838333e+04 9.222612e+04 8.779014e+04 8.216764e+04 7.904546e+04 7.718614e+04 7.620399e+04 7.600797e+04 7.661452e+04
3.479825e+05 3.479825e+05 3.479825e+05 3.479825e+05 3.479824e+05 3.479775e+05 3.479594e+05 3.478664e+05 3.477131e+05 3.472221e+05 3.431445e+05 3.309055e+05 3.088381e+05 2.806053e+05 2.517575e+05 2.259566e+05 2.044012e+05 1.439133e+05 1.190719e+05 1.059801e+05 9.767090e+04 9.181877e+04 8.753244e+04 8.197711e+04 7.887120e+04 7.705786e+04 7.611915e+04 7.596400e+04 7.661115e+04
3.339499e+05 3.339499e+05 3.339499e+05 3.339499e+05 3.339498e+05 3.339449e+05 3.339273e+05 3.338377e+05 3.336926e+05 3.332307e+05 3.293988e+05 3.178879e+05 2.971122e+05 2.705061e+05 2.432944e+05 2.189316e+05 1.985529e+05 1.411007e+05 1.173052e+05 1.048219e+05 9.696798e+04 9.141410e+04 8.728729e+04 8.181905e+04 7.870799e+04 7.693184e+04 7.603459e+04 7.592041e+04 7.660901e+04
3.210713e+05 3.210713e+05 3.210713e+05 3.210713e+05 3.210712e+05 3.210670e+05 3.210516e+05 3.209718e+05 3.208383e+05 3.204072e+05 3.168069e+05 3.059653e+05 2.863711e+05 2.612513e+05 2.355346e+05 2.124871e+05 1.931869e+05 1.385404e+05 1.156951e+05 1.037301e+05 9.627597e+04 9.100693e+04 8.704648e+04 8.168389e+04 7.855970e+04 7.680940e+04 7.595092e+04 7.587755e+04 7.660830e+04
3.091984e+05 3.091984e+05 3.091984e+05 3.091984e+05 3.091983e+05 3.091943e+05 3.091798e+05 3.091065e+05 3.089829e+05 3.085796e+05 3.051919e+05 2.949659e+05 2.764589e+05 2.527074e+05 2.283674e+05 2.065319e+05 1.882269e+05 1.361903e+05 1.142235e+05 1.027053e+05 9.559750e+04 9.059453e+04 8.680365e+04 8.156451e+04 7.843231e+04 7.669207e+04 7.586883e+04 7.583581e+04 7.660931e+04
2.981898e+05 2.981898e+05 2.981898e+05 2.981898e+05 2.981897e+05 2.981862e+05 2.981732e+05 2.981059e+05 2.979904e+05 2.976116e+05 2.944178e+05 2.847595e+05 2.672581e+05 2.447731e+05 2.217080e+05 2.009957e+05 1.836140e+05 1.340162e+05 1.128725e+05 1.017458e+05 9.493557e+04 9.017617e+04 8.655417e+04 8.145485e+04 7.832924e+04 7.658171e+04 7.578916e+04 7.579564e+04 7.661231e+04
2.879378e+05 2.879378e+05 2.879378e+05 2.879377e+05 2.879376e+05 2.879336e+05 2.879197e+05 2.878525e+05 2.877429e+05 2.873857e+05 2.843716e+05 2.752417e+05 2.586759e+05 2.373694e+05 2.154907e+05 1.958238e+05 1.793020e+05 1.319902e+05 1.116255e+05 1.008482e+05 9.429286e+04 8.975252e+04 8.629507e+04 8.134968e+04 7.824386e+04 7.648061e+04 7.571287e+04 7.575756e+04 7.661767e+04
2.783066e+05 2.783066e+05 2.783066e+05 2.783066e+05 2.783065e+05 2.783035e+05 2.782924e+05 2.782353e+05 2.781359e+05 2.778031e+05 2.749635e+05 2.663309e+05 2.506405e+05 2.304347e+05 2.096635e+05 1.909726e+05 1.752542e+05 1.300899e+05 1.104671e+05 1.000082e+05 9.367140e+04 8.932519e+04 8.602479e+04 8.124449e+04 7.817131e+04 7.639181e+04 7.564107e+04 7.572220e+04 7.662577e+04
2.692640e+05 2.692640e+05 2.692640e+05 2.692640e+05 2.692639e+05 2.692615e+05 2.692528e+05 2.692073e+05 2.691193e+05 2.688112e+05 2.661376e+05 2.579712e+05 2.430991e+05 2.239218e+05 2.041859e+05 1.864078e+05 1.714411e+05 1.282971e+05 1.093840e+05 9.922047e+04 9.307243e+04 8.889625e+04 8.574297e+04 8.113554e+04 7.810768e+04 7.631997e+04 7.557506e+04 7.569022e+04 7.663705e+04
2.607979e+05 2.607979e+05 2.607979e+05 2.607978e+05 2.607978e+05 2.607957e+05 2.607882e+05 2.607489e+05 2.606688e+05 2.603812e+05 2.578579e+05 2.501225e+05 2.360116e+05 2.177938e+05 1.990253e+05 1.821014e+05 1.678390e+05 1.265973e+05 1.083644e+05 9.847948e+04 9.249637e+04 8.846787e+04 8.545012e+04 8.101983e+04 7.804965e+04 7.626422e+04 7.551640e+04 7.566242e+04 7.665199e+04
2.528613e+05 2.528613e+05 2.528613e+05 2.528613e+05 2.528613e+05 2.528596e+05 2.528531e+05 2.528181e+05 2.527439e+05 2.524735e+05 2.500851e+05 2.427464e+05 2.293421e+05 2.120187e+05 1.941545e+05 1.780303e+05 1.644283e+05 1.249785e+05 1.073984e+05 9.777961e+04 9.194291e+04 8.804211e+04 8.514742e+04 8.089509e+04 7.799428e+04 7.622045e+04 7.546699e+04 7.563967e+04 7.667115e+04
2.454087e+05 2.454087e+05 2.454087e+05 2.454087e+05 2.454087e+05 2.454071e+05 2.454012e+05 2.453682e+05 2.452976e+05 2.450408e+05 2.427734e+05 2.358011e+05 2.230546e+05 2.065667e+05 1.895488e+05 1.741742e+05 1.611920e+05 1.234312e+05 1.064774e+05 9.711548e+04 9.141119e+04 8.762075e+04 8.483645e+04 8.075976e+04 7.793900e+04 7.618593e+04 7.542951e+04 7.562298e+04 7.669513e+04
2.383913e+05 2.383913e+05 2.383913e+05 2.383912e+05 2.383912e+05 2.383884e+05 2.383796e+05 2.383413e+05 2.382720e+05 2.380268e+05 2.358721e+05 2.292432e+05 2.171135e+05 2.014093e+05 1.851856e+05 1.705148e+05 1.581150e+05 1.219472e+05 1.055944e+05 9.648206e+04 9.089990e+04 8.720520e+04 8.451896e+04 8.061294e+04 7.788163e+04 7.615839e+04 7.540699e+04 7.561351e+04 7.672460e+04
2.317034e+05 2.317034e+05 2.317034e+05 2.317034e+05 2.317033e+05 2.317021e+05 2.316975e+05 2.316699e+05 2.316081e+05 2.313790e+05 2.293375e+05 2.230359e+05 2.114882e+05 1.965214e+05 1.810446e+05 1.670359e+05 1.551841e+05 1.205200e+05 1.047434e+05 9.587476e+04 9.040744e+04 8.679653e+04 8.419680e+04 8.045428e+04 7.782034e+04 7.613591e+04 7.539698e+04 7.561263e+04 7.676031e+04
2.253827e+05 2.253827e+05 2.253827e+05 2.253827e+05 2.253827e+05 2.253815e+05 2.253771e+05 2.253539e+05 2.252981e+05 2.250838e+05 2.231496e+05 2.171565e+05 2.061562e+05 1.918830e+05 1.771087e+05 1.637231e+05 1.523875e+05 1.191440e+05 1.039196e+05 9.528951e+04 8.993206e+04 8.639541e+04 8.387170e+04 8.028395e+04 7.775367e+04 7.611676e+04 7.539722e+04 7.562204e+04 7.680310e+04
2.194093e+05 2.194093e+05 2.194093e+05 2.194093e+05 2.194093e+05 2.194083e+05 2.194048e+05 2.193848e+05 2.193334e+05 2.191316e+05 2.172950e+05 2.115886e+05 2.011004e+05 1.874776e+05 1.733636e+05 1.605645e+05 1.497154e+05 1.178146e+05 1.031192e+05 9.472278e+04 8.947198e+04 8.600225e+04 8.354527e+04 8.010250e+04 7.768051e+04 7.609946e+04 7.540607e+04 7.564434e+04 7.685390e+04
2.137635e+05 2.137635e+05 2.137635e+05 2.137635e+05 2.137635e+05 2.137626e+05 2.137596e+05 2.137420e+05 2.136942e+05 2.135032e+05 2.117553e+05 2.063144e+05 1.963040e+05 1.832907e+05 1.697969e+05 1.575498e+05 1.471593e+05 1.165281e+05 1.023390e+05 9.417155e+04 8.902544e+04 8.561717e+04 8.321896e+04 7.991082e+04 7.760013e+04 7.608271e+04 7.542220e+04 7.568046e+04 7.691379e+04
2.084238e+05 2.084238e+05 2.084238e+05 2.084238e+05 2.084238e+05 2.084232e+05 2.084206e+05 2.084042e+05 2.083585e+05 2.081762e+05 2.065081e+05 2.013134e+05 1.917494e+05 1.793078e+05 1.663972e+05 1.546700e+05 1.447119e+05 1.152814e+05 1.015765e+05 9.363330e+04 8.859079e+04 8.524012e+04 8.289398e+04 7.971002e+04 7.751210e+04 7.606541e+04 7.544444e+04 7.572833e+04 7.698403e+04
2.033662e+05 2.033662e+05 2.033662e+05 2.033662e+05 2.033661e+05 2.033649e+05 2.033607e+05 2.033407e+05 2.032953e+05 2.031200e+05 2.015257e+05 1.965619e+05 1.874180e+05 1.755148e+05 1.631539e+05 1.519169e+05 1.423668e+05 1.140720e+05 1.008298e+05 9.310595e+04 8.816653e+04 8.487088e+04 8.257137e+04 7.950138e+04 7.741628e+04 7.604666e+04 7.547178e+04 7.578662e+04 7.706625e+04
1.985300e+05 1.985300e+05 1.985300e+05 1.985300e+05 1.985300e+05 1.985292e+05 1.985263e+05 1.985098e+05 1.984678e+05 1.983016e+05 1.967811e+05 1.920383e+05 1.832928e+05 1.718987e+05 1.600568e+05 1.492827e+05 1.401179e+05 1.128977e+05 1.000975e+05 9.258787e+04 8.775133e+04 8.450917e+04 8.225196e+04 7.928625e+04 7.731285e+04 7.602578e+04 7.550334e+04 7.585436e+04 7.716273e+04
1.939179e+05 1.939179e+05 1.939179e+05 1.939179e+05 1.939179e+05 1.939174e+05 1.939155e+05 1.939029e+05 1.938649e+05 1.937085e+05 1.922604e+05 1.877288e+05 1.793613e+05 1.684488e+05 1.570974e+05 1.467604e+05 1.379596e+05 1.117566e+05 9.937853e+04 9.207778e+04 8.734405e+04 8.415464e+04 8.193645e+04 7.906604e+04 7.720218e+04 7.600225e+04 7.553835e+04 7.593072e+04 7.727292e+04
1.895330e+05 1.895330e+05 1.895330e+05 1.895330e+05 1.895330e+05 1.895326e+05 1.895310e+05 1.895208e+05 1.894859e+05 1.893385e+05 1.879585e+05 1.836261e+05 1.756150e+05 1.651566e+05 1.542679e+05 1.443436e+05 1.358867e+05 1.106470e+05 9.867204e+04 9.157471e+04 8.694374e+04 8.380694e+04 8.162536e+04 7.884214e+04 7.708485e+04 7.597575e+04 7.557617e+04 7.601501e+04 7.739551e+04
1.853663e+05 1.853663e+05 1.853663e+05 1.853663e+05 1.853663e+05 1.853661e+05 1.853652e+05 1.853579e+05 1.853263e+05 1.851872e+05 1.838703e+05 1.797238e+05 1.720465e+05 1.620148e+05 1.515616e+05 1.420266e+05 1.338945e+05 1.095678e+05 9.797757e+04 9.107801e+04 8.654962e+04 8.346573e+04 8.131913e+04 7.861591e+04 7.696163e+04 7.594617e+04 7.561626e+04 7.610664e+04 7.752969e+04
1.814177e+05 1.814177e+05 1.814177e+05 1.814177e+05 1.814177e+05 1.814177e+05 1.814173e+05 1.814117e+05 1.813823e+05 1.812499e+05 1.799893e+05 1.760141e+05 1.686478e+05 1.590158e+05 1.489723e+05 1.398043e+05 1.319791e+05 1.085177e+05 9.729483e+04 9.058725e+04 8.616111e+04 8.313071e+04 8.101808e+04 7.838866e+04 7.683339e+04 7.591353e+04 7.565822e+04 7.620510e+04 7.767487e+04
1.776803e+05 1.776803e+05 1.776803e+05 1.776803e+05 1.776803e+05 1.776801e+05 1.776793e+05 1.776720e+05 1.776427e+05 1.775145e+05 1.763028e+05 1.724850e+05 1.654088e+05 1.561518e+05 1.464939e+05 1.376721e+05 1.301370e+05 1.074961e+05 9.662368e+04 9.010219e+04 8.577780e+04 8.280162e+04 8.072249e+04 7.816159e+04 7.670111e+04 7.587803e+04 7.570175e+04 7.630994e+04 7.783056e+04
1.741231e+05 1.741231e+05 1.741231e+05 1.741231e+05 1.741230e+05 1.741225e+05 1.741206e+05 1.741105e+05 1.740807e+05 1.739560e+05 1.727897e+05 1.691198e+05 1.623169e+05 1.534139e+05 1.441203e+05 1.356260e+05 1.283654e+05 1.065023e+05 9.596414e+04 8.962277e+04 8.539939e+04 8.247826e+04 8.043257e+04 7.793585e+04 7.656583e+04 7.584000e+04 7.574666e+04 7.642080e+04 7.799636e+04
1.707084e+05 1.707084e+05 1.707084e+05 1.707084e+05 1.707084e+05 1.707080e+05 1.707065e+05 1.706974e+05 1.706689e+05 1.705494e+05 1.694294e+05 1.659025e+05 1.593606e+05 1.507941e+05 1.418461e+05 1.336620e+05 1.266614e+05 1.055357e+05 9.531626e+04 8.914905e+04 8.502574e+04 8.216049e+04 8.014850e+04 7.771249e+04 7.642863e+04 7.579990e+04 7.579288e+04 7.653739e+04 7.817193e+04
1.674311e+05 1.674311e+05 1.674311e+05 1.674311e+05 1.674311e+05 1.674307e+05 1.674298e+05 1.674234e+05 1.673977e+05 1.672847e+05 1.662121e+05 1.628240e+05 1.565322e+05 1.482861e+05 1.396663e+05 1.317765e+05 1.250222e+05 1.045957e+05 9.468017e+04 8.868120e+04 8.465682e+04 8.184824e+04 7.987045e+04 7.749246e+04 7.629062e+04 7.575829e+04 7.584045e+04 7.665950e+04 7.835700e+04
1.642977e+05 1.642977e+05 1.642977e+05 1.642977e+05 1.642977e+05 1.642977e+05 1.642976e+05 1.642941e+05 1.642711e+05 1.641644e+05 1.631372e+05 1.598817e+05 1.538276e+05 1.458857e+05 1.375771e+05 1.299660e+05 1.234450e+05 1.036816e+05 9.405603e+04 8.821946e+04 8.429270e+04 8.154150e+04 7.959859e+04 7.727665e+04 7.615290e+04 7.571584e+04 7.588951e+04 7.678698e+04 7.855133e+04
1.613172e+05 1.613172e+05 1.613172e+05 1.613173e+05 1.613173e+05 1.613173e+05 1.613172e+05 1.613144e+05 1.612929e+05 1.611912e+05 1.602054e+05 1.570739e+05 1.512438e+05 1.435891e+05 1.355745e+05 1.282270e+05 1.219269e+05 1.027929e+05 9.344400e+04 8.776412e+04 8.393353e+04 8.124031e+04 7.933307e+04 7.706586e+04 7.601656e+04 7.567328e+04 7.594028e+04 7.691975e+04 7.875473e+04
1.584806e+05 1.584806e+05 1.584806e+05 1.584806e+05 1.584806e+05 1.584807e+05 1.584807e+05 1.584783e+05 1.584579e+05 1.583605e+05 1.574123e+05 1.543963e+05 1.487762e+05 1.413916e+05 1.336544e+05 1.265560e+05 1.204650e+05 1.019289e+05 9.284428e+04 8.731556e+04 8.357953e+04 8.094478e+04 7.907408e+04 7.686080e+04 7.588265e+04 7.563139e+04 7.599308e+04 7.705782e+04 7.896709e+04
1.557796e+05 1.557796e+05 1.557796e+05 1.557796e+05 1.557797e+05 1.557797e+05 1.557798e+05 1.557778e+05 1.557583e+05 1.556646e+05 1.547511e+05 1.518424e+05 1.464188e+05 1.392882e+05 1.318125e+05 1.249497e+05 1.190568e+05 1.010891e+05 9.225709e+04 8.687414e+04 8.323097e+04 8.065507e+04 7.882180e+04 7.666217e+04 7.575219e+04 7.559103e+04 7.604832e+04 7.720124e+04 7.918830e+04
1.532066e+05 1.532066e+05 1.532066e+05 1.532066e+05 1.532066e+05 1.532067e+05 1.532068e+05 1.532050e+05 1.531861e+05 1.530956e+05 1.522135e+05 1.494046e+05 1.441652e+05 1.372736e+05 1.300449e+05 1.234051e+05 1.177001e+05 1.002732e+05 9.168268e+04 8.644028e+04 8.288818e+04 8.037139e+04 7.857643e+04 7.647055e+04 7.562618e+04 7.555305e+04 7.610646e+04 7.735015e+04 7.941833e+04
1.507542e+05 1.507542e+05 1.507542e+05 1.507542e+05 1.507542e+05 1.507540e+05 1.507537e+05 1.507503e+05 1.507312e+05 1.506429e+05 1.497893e+05 1.470738e+05 1.420080e+05 1.353426e+05 1.283480e+05 1.219197e+05 1.163932e+05 9.948093e+04 9.112127e+04 8.601439e+04 8.255152e+04 8.009396e+04 7.833820e+04 7.628653e+04 7.550556e+04 7.551835e+04 7.616804e+04 7.750476e+04 7.965720e+04
1.484020e+05 1.484020e+05 1.484020e+05 1.484020e+05 1.484020e+05 1.484018e+05 1.484013e+05 1.483972e+05 1.483782e+05 1.482924e+05 1.474665e+05 1.448405e+05 1.399404e+05 1.334903e+05 1.267184e+05 1.204914e+05 1.151346e+05 9.871203e+04 9.057310e+04 8.559689e+04 8.222138e+04 7.982309e+04 7.810736e+04 7.611063e+04 7.539121e+04 7.548782e+04 7.623366e+04 7.766531e+04 7.990494e+04
1.461376e+05 1.461376e+05 1.461376e+05 1.461376e+05 1.461376e+05 1.461375e+05 1.461372e+05 1.461339e+05 1.461160e+05 1.460334e+05 1.452360e+05 1.426973e+05 1.379567e+05 1.317129e+05 1.251536e+05 1.191183e+05 1.139229e+05 9.796622e+04 9.003838e+04 8.518821e+04 8.189818e+04 7.955908e+04 7.788416e+04 7.594333e+04 7.528399e+04 7.546236e+04 7.630395e+04 7.783212e+04 8.016168e+04
1.439601e+05 1.439601e+05 1.439601e+05 1.439601e+05 1.439601e+05 1.439601e+05 1.439601e+05 1.439582e+05 1.439418e+05 1.438631e+05 1.430945e+05 1.406409e+05 1.360540e+05 1.300077e+05 1.236513e+05 1.177986e+05 1.127566e+05 9.724314e+04 8.951729e+04 8.478877e+04 8.158233e+04 7.930227e+04 7.766891e+04 7.578510e+04 7.518471e+04 7.544288e+04 7.637958e+04 7.800557e+04 8.042754e+04
1.418730e+05 1.418730e+05 1.418730e+05 1.418730e+05 1.418730e+05 1.418731e+05 1.418734e+05 1.418730e+05 1.418582e+05 1.417834e+05 1.410429e+05 1.386711e+05 1.342311e+05 1.283731e+05 1.222097e+05 1.165304e+05 1.116342e+05 9.654231e+04 8.900999e+04 8.439896e+04 8.127429e+04 7.905304e+04 7.746190e+04 7.563640e+04 7.509411e+04 7.543024e+04 7.646128e+04 7.818607e+04 8.070273e+04
1.398799e+05 1.398799e+05 1.398799e+05 1.398799e+05 1.398799e+05 1.398802e+05 1.398810e+05 1.398821e+05 1.398688e+05 1.397975e+05 1.390832e+05 1.367884e+05 1.324872e+05 1.268072e+05 1.208266e+05 1.153116e+05 1.105537e+05 9.586323e+04 8.851661e+04 8.401920e+04 8.097451e+04 7.881178e+04 7.726347e+04 7.549764e+04 7.501294e+04 7.542532e+04 7.654975e+04 7.837410e+04 8.098747e+04
1.379862e+05 1.379862e+05 1.379862e+05 1.379862e+05 1.379862e+05 1.379865e+05 1.379873e+05 1.379885e+05 1.379757e+05 1.379069e+05 1.372155e+05 1.349917e+05 1.308202e+05 1.253076e+05 1.194994e+05 1.141399e+05 1.095131e+05 9.520542e+04 8.803732e+04 8.364989e+04 8.068344e+04 7.857890e+04 7.707396e+04 7.536925e+04 7.494188e+04 7.542897e+04 7.664577e+04 7.857015e+04 8.128204e+04
1.361860e+05 1.361860e+05 1.361860e+05 1.361860e+05 1.361860e+05 1.361861e+05 1.361866e+05 1.361868e+05 1.361739e+05 1.361066e+05 1.354352e+05 1.332767e+05 1.292261e+05 1.238706e+05 1.182249e+05 1.130126e+05 1.085104e+05 9.456850e+04 8.757230e+04 8.329144e+04 8.040155e+04 7.835482e+04 7.689375e+04 7.525164e+04 7.488158e+04 7.544200e+04 7.675008e+04 7.877476e+04 8.158676e+04
1.344659e+05 1.344659e+05 1.344659e+05 1.344659e+05 1.344659e+05 1.344661e+05 1.344664e+05 1.344661e+05 1.344531e+05 1.343874e+05 1.337344e+05 1.316366e+05 1.276993e+05 1.224919e+05 1.170001e+05 1.119275e+05 1.075440e+05 9.395224e+04 8.712175e+04 8.294426e+04 8.012932e+04 7.813998e+04 7.672321e+04 7.514522e+04 7.483266e+04 7.546523e+04 7.686346e+04 7.898851e+04 8.190197e+04
1.328180e+05 1.328180e+05 1.328180e+05 1.328180e+05 1.328180e+05 1.328181e+05 1.328183e+05 1.328175e+05 1.328046e+05 1.327403e+05 1.321048e+05 1.300644e+05 1.262345e+05 1.211676e+05 1.158222e+05 1.108829e+05 1.066127e+05 9.335658e+04 8.668591e+04 8.260876e+04 7.986721e+04 7.793483e+04 7.656275e+04 7.505038e+04 7.479573e+04 7.549942e+04 7.698667e+04 7.921201e+04 8.222807e+04
1.312348e+05 1.312348e+05 1.312348e+05 1.312348e+05 1.312348e+05 1.312348e+05 1.312348e+05 1.312336e+05 1.312208e+05 1.311580e+05 1.305394e+05 1.285543e+05 1.248272e+05 1.198948e+05 1.146894e+05 1.098776e+05 1.057158e+05 9.278157e+04 8.626506e+04 8.228536e+04 7.961570e+04 7.773984e+04 7.641279e+04 7.496754e+04 7.477136e+04 7.554533e+04 7.712050e+04 7.944586e+04 8.256546e+04
1.297091e+05 1.297091e+05 1.297091e+05 1.297091e+05 1.297091e+05 1.297091e+05 1.297091e+05 1.297078e+05 1.296953e+05 1.296344e+05 1.290331e+05 1.271019e+05 1.234743e+05 1.186715e+05 1.136006e+05 1.089110e+05 1.048531e+05 9.222729e+04 8.585944e+04 8.197446e+04 7.937528e+04 7.755549e+04 7.627375e+04 7.489711e+04 7.476011e+04 7.560370e+04 7.726569e+04 7.969071e+04 8.291460e+04
1.282364e+05 1.282364e+05 1.282364e+05 1.282364e+05 1.282364e+05 1.282366e+05 1.282370e+05 1.282369e+05 1.282254e+05 1.281669e+05 1.275836e+05 1.257057e+05 1.221748e+05 1.174969e+05 1.125553e+05 1.079829e+05 1.040244e+05 9.169378e+04 8.546930e+04 8.167645e+04 7.914642e+04 7.738224e+04 7.614607e+04 7.483951e+04 7.476252e+04 7.567522e+04 7.742302e+04 7.994721e+04 8.327597e+04
1.268228e+05 1.268228e+05 1.268228e+05 1.268228e+05 1.268228e+05 1.268229e+05 1.268234e+05 1.268241e+05 1.268137e+05 1.267577e+05 1.261924e+05 1.243664e+05 1.209288e+05 1.163712e+05 1.115535e+05 1.070931e+05 1.032295e+05 9.118100e+04 8.509487e+04 8.139174e+04 7.892958e+04 7.722059e+04 7.603022e+04 7.479515e+04 7.477912e+04 7.576059e+04 7.759322e+04 8.021604e+04 8.365005e+04
1.254693e+05 1.254693e+05 1.254693e+05 1.254693e+05 1.254693e+05 1.254697e+05 1.254707e+05 1.254730e+05 1.254638e+05 1.254104e+05 1.248622e+05 1.230858e+05 1.197375e+05 1.152945e+05 1.105947e+05 1.062410e+05 1.024677e+05 9.068877e+04 8.473633e+04 8.112070e+04 7.872526e+04 7.707102e+04 7.592667e+04 7.476447e+04 7.481043e+04 7.586048e+04 7.777704e+04 8.049786e+04 8.403739e+04
1.241848e+05 1.241848e+05 1.241848e+05 1.241848e+05 1.241848e+05 1.241851e+05 1.241861e+05 1.241888e+05 1.241802e+05 1.241285e+05 1.235955e+05 1.218652e+05 1.186008e+05 1.142661e+05 1.096780e+05 1.054255e+05 1.017380e+05 9.021686e+04 8.439388e+04 8.086373e+04 7.853392e+04 7.693405e+04 7.583589e+04 7.474790e+04 7.485695e+04 7.597552e+04 7.797520e+04 8.079336e+04 8.443851e+04
1.229676e+05 1.229676e+05 1.229676e+05 1.229676e+05 1.229676e+05 1.229678e+05 1.229685e+05 1.229703e+05 1.229615e+05 1.229108e+05 1.223909e+05 1.207030e+05 1.175170e+05 1.132841e+05 1.088016e+05 1.046449e+05 1.010390e+05 8.976499e+04 8.406772e+04 8.062121e+04 7.835604e+04 7.681016e+04 7.575837e+04 7.474590e+04 7.491919e+04 7.610635e+04 7.818841e+04 8.110321e+04 8.485397e+04
1.218074e+05 1.218074e+05 1.218074e+05 1.218074e+05 1.218074e+05 1.218076e+05 1.218083e+05 1.218097e+05 1.218010e+05 1.217513e+05 1.212435e+05 1.195951e+05 1.164826e+05 1.123457e+05 1.079630e+05 1.038973e+05 1.003693e+05 8.933299e+04 8.375808e+04 8.039354e+04 7.819212e+04 7.669989e+04 7.569462e+04 7.475892e+04 7.499766e+04 7.625359e+04 7.841738e+04 8.142810e+04 8.528435e+04
1.206998e+05 1.206998e+05 1.206998e+05 1.206998e+05 1.206998e+05 1.207000e+05 1.207006e+05 1.207020e+05 1.206935e+05 1.206449e+05 1.201486e+05 1.185375e+05 1.154943e+05 1.114481e+05 1.071602e+05 1.031813e+05 9.972772e+04 8.892082e+04 8.346521e+04 8.018112e+04 7.804263e+04 7.660375e+04 7.564515e+04 7.478744e+04 7.509283e+04 7.641783e+04 7.866278e+04 8.176872e+04 8.573023e+04
1.196418e+05 1.196418e+05 1.196418e+05 1.196418e+05 1.196418e+05 1.196420e+05 1.196426e+05 1.196440e+05 1.196356e+05 1.195881e+05 1.191028e+05 1.175269e+05 1.145493e+05 1.105892e+05 1.063916e+05 1.024958e+05 9.911364e+04 8.852859e+04 8.318944e+04 7.998438e+04 7.790807e+04 7.652226e+04 7.561049e+04 7.483192e+04 7.520523e+04 7.659967e+04 7.892530e+04 8.212573e+04 8.619220e+04
1.186308e+05 1.186308e+05 1.186308e+05 1.186308e+05 1.186308e+05 1.186310e+05 1.186316e+05 1.186329e+05 1.186247e+05 1.185782e+05 1.181033e+05 1.165608e+05 1.136456e+05 1.097678e+05 1.056566e+05 1.018404e+05 9.852700e+04 8.815658e+04 8.293111e+04 7.980375e+04 7.778894e+04 7.645597e+04 7.559117e+04 7.489287e+04 7.533533e+04 7.679967e+04 7.920559e+04 8.249981e+04 8.667087e+04
1.176641e+05 1.176641e+05 1.176641e+05 1.176641e+05 1.176641e+05 1.176643e+05 1.176649e+05 1.176661e+05 1.176581e+05 1.176126e+05 1.171477e+05 1.156373e+05 1.127820e+05 1.089830e+05 1.049549e+05 1.012153e+05 9.796811e+04 8.780519e+04 8.269060e+04 7.963968e+04 7.768575e+04 7.640541e+04 7.558772e+04 7.497077e+04 7.548364e+04 7.701841e+04 7.950430e+04 8.289163e+04 8.716684e+04
1.167391e+05 1.167391e+05 1.167391e+05 1.167391e+05 1.167391e+05 1.167393e+05 1.167399e+05 1.167411e+05 1.167333e+05 1.166888e+05 1.162339e+05 1.147547e+05 1.119575e+05 1.082348e+05 1.042867e+05 1.006209e+05 9.743749e+04 8.747481e+04 8.246829e+04 7.949260e+04 7.759902e+04 7.637114e+04 7.560072e+04 7.506615e+04 7.565066e+04 7.725645e+04 7.982206e+04 8.330185e+04 8.768071e+04
1.158539e+05 1.158539e+05 1.158539e+05 1.158539e+05 1.158539e+05 1.158541e+05 1.158547e+05 1.158561e+05 1.158486e+05 1.158055e+05 1.153610e+05 1.139129e+05 1.111723e+05 1.075235e+05 1.036527e+05 1.000578e+05 9.693569e+04 8.716579e+04 8.226455e+04 7.936297e+04 7.752927e+04 7.635372e+04 7.563072e+04 7.517952e+04 7.583689e+04 7.751433e+04 8.015950e+04 8.373112e+04 8.821311e+04
1.150066e+05 1.150066e+05 1.150066e+05 1.150066e+05 1.150066e+05 1.150069e+05 1.150078e+05 1.150108e+05 1.150046e+05 1.149636e+05 1.145305e+05 1.131132e+05 1.104277e+05 1.068501e+05 1.030535e+05 9.952665e+04 9.646313e+04 8.687839e+04 8.207972e+04 7.925124e+04 7.747702e+04 7.635372e+04 7.567830e+04 7.531141e+04 7.604284e+04 7.779261e+04 8.051723e+04 8.418009e+04 8.876465e+04
1.142070e+05 1.142070e+05 1.142070e+05 1.142070e+05 1.142070e+05 1.142075e+05 1.142090e+05 1.142137e+05 1.142087e+05 1.141696e+05 1.137470e+05 1.123589e+05 1.097256e+05 1.062157e+05 1.024896e+05 9.902756e+04 9.601992e+04 8.661274e+04 8.191413e+04 7.915787e+04 7.744282e+04 7.637171e+04 7.574404e+04 7.546237e+04 7.626902e+04 7.809182e+04 8.089584e+04 8.464939e+04 8.933594e+04
1.134666e+05 1.134666e+05 1.134666e+05 1.134667e+05 1.134667e+05 1.134671e+05 1.134685e+05 1.134726e+05 1.134674e+05 1.134288e+05 1.130139e+05 1.116516e+05 1.090667e+05 1.056205e+05 1.019610e+05 9.856035e+04 9.560578e+04 8.636887e+04 8.176808e+04 7.908332e+04 7.742722e+04 7.640829e+04 7.582854e+04 7.563295e+04 7.651594e+04 7.841249e+04 8.129593e+04 8.513966e+04 8.992759e+04
1.127781e+05 1.127781e+05 1.127781e+05 1.127781e+05 1.127781e+05 1.127783e+05 1.127790e+05 1.127811e+05 1.127750e+05 1.127362e+05 1.123276e+05 1.109892e+05 1.084497e+05 1.050633e+05 1.014668e+05 9.812424e+04 9.522009e+04 8.614676e+04 8.164190e+04 7.902807e+04 7.743076e+04 7.646405e+04 7.593240e+04 7.582370e+04 7.678412e+04 7.875516e+04 8.171808e+04 8.565150e+04 9.054021e+04
1.121238e+05 1.121238e+05 1.121238e+05 1.121238e+05 1.121238e+05 1.121240e+05 1.121247e+05 1.121270e+05 1.121212e+05 1.120834e+05 1.116828e+05 1.103683e+05 1.078724e+05 1.045428e+05 1.010059e+05 9.771833e+04 9.486212e+04 8.594638e+04 8.153591e+04 7.899262e+04 7.745404e+04 7.653961e+04 7.605623e+04 7.603519e+04 7.707409e+04 7.912036e+04 8.216285e+04 8.618554e+04 9.117440e+04
1.115027e+05 1.115027e+05 1.115027e+05 1.115027e+05 1.115027e+05 1.115033e+05 1.115051e+05 1.115103e+05 1.115064e+05 1.114708e+05 1.110799e+05 1.097889e+05 1.073344e+05 1.040583e+05 1.005774e+05 9.734195e+04 9.453131e+04 8.576782e+04 8.145050e+04 7.897748e+04 7.749764e+04 7.663558e+04 7.620065e+04 7.626799e+04 7.738636e+04 7.950860e+04 8.263083e+04 8.674238e+04 9.183078e+04
