8.524398e+05 4.534630e+05 3.693865e+05 2.420579e+05 1.986679e+05 1.205659e+05 9.764388e+04 7.945460e+04 7.424169e+04 6.961029e+04 6.022503e+04 5.063897e+04 4.196143e+04 3.481846e+04 2.921148e+04 2.488113e+04 2.153545e+04 1.284495e+04 9.658821e+03 8.253319e+03 7.563700e+03 7.206748e+03 7.025359e+03 6.955973e+03 7.169038e+03 7.669139e+03 8.507974e+03 9.745760e+03 1.143945e+04
1.185752e+05 1.185755e+05 1.185751e+05 1.184590e+05 1.177096e+05 1.054166e+05 9.188328e+04 7.741622e+04 7.279832e+04 6.851929e+04 5.950795e+04 5.011133e+04 4.155395e+04 3.449805e+04 2.895743e+04 2.467834e+04 2.137250e+04 1.278448e+04 9.633189e+03 8.241721e+03 7.558511e+03 7.204757e+03 7.025095e+03 6.957463e+03 7.171756e+03 7.673314e+03 8.514062e+03 9.754265e+03 1.145085e+04
9.648787e+04 9.648789e+04 9.648783e+04 9.647246e+04 9.637595e+04 9.303653e+04 8.535393e+04 7.498770e+04 7.111665e+04 6.726817e+04 5.870040e+04 4.952428e+04 4.110588e+04 3.414970e+04 2.868400e+04 2.446201e+04 2.119994e+04 1.272192e+04 9.606973e+03 8.229946e+03 7.553275e+03 7.202765e+03 7.024846e+03 6.958979e+03 7.174510e+03 7.677537e+03 8.520213e+03 9.762850e+03 1.146236e+04
8.500733e+04 8.500736e+04 8.500738e+04 8.500330e+04 8.497577e+04 8.311259e+04 8.035127e+04 7.239215e+04 6.927466e+04 6.588899e+04 5.780825e+04 4.887848e+04 4.061705e+04 3.377327e+04 2.839119e+04 2.423216e+04 2.101785e+04 1.265730e+04 9.580190e+03 8.218002e+03 7.547995e+03 7.200774e+03 7.024613e+03 6.960522e+03 7.177298e+03 7.681807e+03 8.526426e+03 9.771515e+03 1.147397e+04
7.754480e+04 7.754494e+04 7.754535e+04 7.755424e+04 7.756336e+04 7.674497e+04 7.544838e+04 7.012334e+04 6.742347e+04 6.443819e+04 5.684121e+04 4.817558e+04 4.008773e+04 3.336887e+04 2.807914e+04 2.398898e+04 2.082638e+04 1.259069e+04 9.552861e+03 8.205897e+03 7.542677e+03 7.198784e+03 7.024397e+03 6.962091e+03 7.180121e+03 7.686124e+03 8.532703e+03 9.780261e+03 1.148567e+04
7.281276e+04 7.281278e+04 7.281284e+04 7.281370e+04 7.281290e+04 7.238891e+04 7.135493e+04 6.838216e+04 6.584355e+04 6.301437e+04 5.581593e+04 4.741899e+04 3.951889e+04 3.293699e+04 2.774820e+04 2.373273e+04 2.062577e+04 1.252214e+04 9.525007e+03 8.193639e+03 7.537322e+03 7.196798e+03 7.024198e+03 6.963687e+03 7.182980e+03 7.690490e+03 8.539044e+03 9.789090e+03 1.149748e+04
6.939347e+04 6.939349e+04 6.939354e+04 6.939454e+04 6.939570e+04 6.918971e+04 6.832950e+04 6.674648e+04 6.457980e+04 6.178354e+04 5.475995e+04 4.661497e+04 3.891252e+04 3.247860e+04 2.739899e+04 2.346386e+04 2.041631e+04 1.245174e+04 9.496651e+03 8.181236e+03 7.531935e+03 7.194817e+03 7.024018e+03 6.965310e+03 7.185874e+03 7.694904e+03 8.545450e+03 9.798000e+03 1.150938e+04
6.684122e+04 6.684124e+04 6.684128e+04 6.684226e+04 6.684408e+04 6.674795e+04 6.609915e+04 6.508760e+04 6.337840e+04 6.073156e+04 5.371683e+04 4.577383e+04 3.827210e+04 3.199529e+04 2.703242e+04 2.318294e+04 2.019843e+04 1.237958e+04 9.467817e+03 8.168698e+03 7.526519e+03 7.192843e+03 7.023857e+03 6.966960e+03 7.188804e+03 7.699367e+03 8.551921e+03 9.806994e+03 1.152139e+04
6.488989e+04 6.488991e+04 6.488995e+04 6.489091e+04 6.489295e+04 6.485273e+04 6.439407e+04 6.346302e+04 6.211873e+04 5.969605e+04 5.275130e+04 4.491127e+04 3.760301e+04 3.148947e+04 2.664980e+04 2.289079e+04 1.997263e+04 1.230573e+04 9.438533e+03 8.156034e+03 7.521078e+03 7.190878e+03 7.023716e+03 6.968638e+03 7.191771e+03 7.703880e+03 8.558457e+03 9.816071e+03 1.153350e+04
6.337107e+04 6.337108e+04 6.337111e+04 6.337196e+04 6.337393e+04 6.336291e+04 6.304138e+04 6.194228e+04 6.078035e+04 5.858430e+04 5.182755e+04 4.405108e+04 3.691291e+04 3.096452e+04 2.625288e+04 2.258841e+04 1.973955e+04 1.223032e+04 9.408825e+03 8.143252e+03 7.515615e+03 7.188922e+03 7.023595e+03 6.970343e+03 7.194773e+03 7.708441e+03 8.565059e+03 9.825232e+03 1.154572e+04
6.217046e+04 6.217047e+04 6.217050e+04 6.217126e+04 6.217312e+04 6.218012e+04 6.192653e+04 6.053137e+04 5.938360e+04 5.735920e+04 5.087859e+04 4.322252e+04 3.621236e+04 3.042493e+04 2.584392e+04 2.227708e+04 1.949997e+04 1.215345e+04 9.378724e+03 8.130363e+03 7.510134e+03 7.186978e+03 7.023495e+03 6.972076e+03 7.197813e+03 7.713053e+03 8.571727e+03 9.834478e+03 1.155803e+04
5.565054e+04 5.565054e+04 5.565054e+04 5.565026e+04 5.564919e+04 5.556831e+04 5.510571e+04 5.305968e+04 5.163713e+04 4.987878e+04 4.498287e+04 3.881949e+04 3.280037e+04 2.773600e+04 2.374059e+04 2.065023e+04 1.824152e+04 1.175210e+04 9.223436e+03 8.064672e+03 7.482599e+03 7.177479e+03 7.023331e+03 6.981164e+03 7.213563e+03 7.736870e+03 8.606084e+03 9.882000e+03 1.162120e+04
4.481114e+04 4.481114e+04 4.481113e+04 4.481095e+04 4.481023e+04 4.477900e+04 4.465469e+04 4.389243e+04 4.307070e+04 4.185190e+04 3.828123e+04 3.377451e+04 2.919506e+04 2.513208e+04 2.178746e+04 1.912480e+04 1.702410e+04 1.133833e+04 9.063643e+03 7.997935e+03 7.455203e+03 7.168486e+03 7.023776e+03 6.990965e+03 7.230253e+03 7.761986e+03 8.642174e+03 9.931731e+03 1.168706e+04
3.677414e+04 3.677414e+04 3.677414e+04 3.677407e+04 3.677382e+04 3.676346e+04 3.672357e+04 3.644046e+04 3.601118e+04 3.523613e+04 3.263073e+04 2.920399e+04 2.571543e+04 2.257688e+04 1.991680e+04 1.772735e+04 1.594839e+04 1.094058e+04 8.905128e+03 7.931777e+03 7.428479e+03 7.160178e+03 7.024884e+03 7.001484e+03 7.247905e+03 7.788441e+03 8.680061e+03 9.983748e+03 1.175570e+04
3.138223e+04 3.138223e+04 3.138223e+04 3.138224e+04 3.138223e+04 3.137955e+04 3.136340e+04 3.121319e+04 3.093567e+04 3.038481e+04 2.837833e+04 2.562967e+04 2.282278e+04 2.031718e+04 1.819473e+04 1.642650e+04 1.495942e+04 1.059749e+04 8.755327e+03 7.868201e+03 7.403049e+03 7.152751e+03 7.026710e+03 7.012721e+03 7.266534e+03 7.816279e+03 8.719805e+03 1.003813e+04 1.182721e+04
2.757883e+04 2.757883e+04 2.757883e+04 2.757882e+04 2.757878e+04 2.757623e+04 2.756523e+04 2.746719e+04 2.726294e+04 2.683668e+04 2.521788e+04 2.293488e+04 2.057896e+04 1.848405e+04 1.672664e+04 1.527149e+04 1.406082e+04 1.031427e+04 8.623972e+03 7.809763e+03 7.379696e+03 7.146448e+03 7.029317e+03 7.024675e+03 7.286159e+03 7.845540e+03 8.761472e+03 1.009495e+04 1.190168e+04
2.474651e+04 2.474651e+04 2.474651e+04 2.474651e+04 2.474652e+04 2.474607e+04 2.474291e+04 2.468445e+04 2.452773e+04 2.418308e+04 2.283382e+04 2.089217e+04 1.886394e+04 1.705392e+04 1.554270e+04 1.430288e+04 1.327950e+04 1.006942e+04 8.523901e+03 7.759773e+03 7.359438e+03 7.141591e+03 7.032798e+03 7.037349e+03 7.306796e+03 7.876271e+03 8.805127e+03 1.015430e+04 1.197921e+04
2.263554e+04 2.263554e+04 2.263554e+04 2.263555e+04 2.263558e+04 2.263615e+04 2.263574e+04 2.259436e+04 2.246532e+04 2.217344e+04 2.101306e+04 1.932564e+04 1.754716e+04 1.594980e+04 1.461435e+04 1.352364e+04 1.263078e+04 9.852052e+03 8.451450e+03 7.722835e+03 7.343632e+03 7.138634e+03 7.037301e+03 7.050757e+03 7.328470e+03 7.908518e+03 8.850837e+03 1.021625e+04 1.205988e+04
2.102667e+04 2.102667e+04 2.102667e+04 2.102668e+04 2.102670e+04 2.102718e+04 2.102744e+04 2.099496e+04 2.088408e+04 2.062914e+04 1.960691e+04 1.811247e+04 1.652852e+04 1.509706e+04 1.389484e+04 1.291226e+04 1.211110e+04 9.658894e+03 8.397165e+03 7.704479e+03 7.334107e+03 7.138201e+03 7.043049e+03 7.064934e+03 7.351210e+03 7.942332e+03 8.898675e+03 1.028090e+04 1.214380e+04
1.976732e+04 1.976732e+04 1.976732e+04 1.976733e+04 1.976735e+04 1.976812e+04 1.976978e+04 1.974786e+04 1.965292e+04 1.942792e+04 1.851354e+04 1.716899e+04 1.573793e+04 1.443803e+04 1.334043e+04 1.243999e+04 1.170550e+04 9.491078e+03 8.354782e+03 7.700575e+03 7.333660e+03 7.141155e+03 7.050371e+03 7.079943e+03 7.375058e+03 7.977771e+03 8.948715e+03 1.034833e+04 1.223107e+04
1.879619e+04 1.879619e+04 1.879619e+04 1.879621e+04 1.879625e+04 1.879743e+04 1.880069e+04 1.878750e+04 1.870473e+04 1.850245e+04 1.767005e+04 1.644009e+04 1.512743e+04 1.393094e+04 1.291607e+04 1.207971e+04 1.139548e+04 9.350676e+03 8.320376e+03 7.706168e+03 7.344705e+03 7.148703e+03 7.059731e+03 7.095889e+03 7.400074e+03 8.014901e+03 9.001039e+03 1.041864e+04 1.232177e+04
1.807608e+04 1.807608e+04 1.807608e+04 1.807610e+04 1.807614e+04 1.807743e+04 1.808064e+04 1.806885e+04 1.799237e+04 1.780464e+04 1.703018e+04 1.588465e+04 1.466125e+04 1.354443e+04 1.259441e+04 1.180847e+04 1.116310e+04 9.238586e+03 8.292038e+03 7.717522e+03 7.363923e+03 7.162841e+03 7.071775e+03 7.112926e+03 7.426335e+03 8.053800e+03 9.055732e+03 1.049192e+04 1.241603e+04
1.754050e+04 1.754050e+04 1.754050e+04 1.754051e+04 1.754054e+04 1.754151e+04 1.754412e+04 1.753252e+04 1.746022e+04 1.728270e+04 1.654995e+04 1.546624e+04 1.430934e+04 1.325314e+04 1.235355e+04 1.160740e+04 1.099261e+04 9.153926e+03 8.269253e+03 7.731811e+03 7.388375e+03 7.184402e+03 7.087427e+03 7.131268e+03 7.453947e+03 8.094557e+03 9.112890e+03 1.056827e+04 1.251394e+04
1.713818e+04 1.713818e+04 1.713818e+04 1.713819e+04 1.713823e+04 1.713940e+04 1.714270e+04 1.713388e+04 1.706531e+04 1.689536e+04 1.619256e+04 1.515378e+04 1.404624e+04 1.303607e+04 1.217569e+04 1.146108e+04 1.087072e+04 9.094306e+03 8.252183e+03 7.747100e+03 7.415698e+03 7.210974e+03 7.108240e+03 7.151206e+03 7.483043e+03 8.137276e+03 9.172617e+03 1.064780e+04 1.261562e+04
1.686016e+04 1.686016e+04 1.686016e+04 1.686017e+04 1.686020e+04 1.686112e+04 1.686314e+04 1.684916e+04 1.677956e+04 1.661208e+04 1.592754e+04 1.492092e+04 1.385047e+04 1.287580e+04 1.204630e+04 1.135699e+04 1.078645e+04 9.056393e+03 8.241093e+03 7.762247e+03 7.443970e+03 7.240691e+03 7.134230e+03 7.173122e+03 7.513793e+03 8.182082e+03 9.235026e+03 1.073064e+04 1.272118e+04
1.664029e+04 1.664029e+04 1.664029e+04 1.664030e+04 1.664032e+04 1.664082e+04 1.664161e+04 1.662483e+04 1.655554e+04 1.639117e+04 1.572328e+04 1.474373e+04 1.370373e+04 1.275794e+04 1.195359e+04 1.128503e+04 1.073086e+04 9.036433e+03 8.236001e+03 7.776727e+03 7.471721e+03 7.272017e+03 7.163718e+03 7.197525e+03 7.546410e+03 8.229118e+03 9.300244e+03 1.081689e+04 1.283075e+04
1.644502e+04 1.644502e+04 1.644502e+04 1.644503e+04 1.644505e+04 1.644558e+04 1.644711e+04 1.643426e+04 1.636853e+04 1.620976e+04 1.556036e+04 1.460613e+04 1.359284e+04 1.267163e+04 1.188838e+04 1.123719e+04 1.069676e+04 9.030624e+03 8.236557e+03 7.790410e+03 7.497928e+03 7.303670e+03 7.195488e+03 7.225152e+03 7.581152e+03 8.278552e+03 9.368412e+03 1.090669e+04 1.294445e+04
1.629885e+04 1.629885e+04 1.629885e+04 1.629885e+04 1.629887e+04 1.629939e+04 1.630090e+04 1.628823e+04 1.622384e+04 1.606846e+04 1.543321e+04 1.450007e+04 1.350945e+04 1.260909e+04 1.184366e+04 1.120710e+04 1.067828e+04 9.035344e+03 8.242054e+03 7.803372e+03 7.521975e+03 7.334627e+03 7.228532e+03 7.257003e+03 7.618335e+03 8.330579e+03 9.439684e+03 1.100018e+04 1.306242e+04
1.619316e+04 1.619316e+04 1.619316e+04 1.619316e+04 1.619318e+04 1.619344e+04 1.619391e+04 1.617803e+04 1.611305e+04 1.595905e+04 1.533390e+04 1.441796e+04 1.344647e+04 1.256384e+04 1.181356e+04 1.118943e+04 1.067051e+04 9.047275e+03 8.251518e+03 7.815744e+03 7.543582e+03 7.364132e+03 7.262008e+03 7.292523e+03 7.658348e+03 8.385423e+03 9.514233e+03 1.109751e+04 1.318480e+04
1.609598e+04 1.609598e+04 1.609598e+04 1.609598e+04 1.609599e+04 1.609618e+04 1.609656e+04 1.608051e+04 1.601637e+04 1.586484e+04 1.525050e+04 1.435082e+04 1.339669e+04 1.252980e+04 1.179280e+04 1.117950e+04 1.066920e+04 9.063460e+03 8.263823e+03 7.827623e+03 7.562723e+03 7.391692e+03 7.295235e+03 7.330973e+03 7.701688e+03 8.443342e+03 9.592250e+03 1.119884e+04 1.331173e+04
1.600348e+04 1.600348e+04 1.600348e+04 1.600348e+04 1.600349e+04 1.600374e+04 1.600440e+04 1.598981e+04 1.592741e+04 1.577904e+04 1.517602e+04 1.429204e+04 1.335415e+04 1.250174e+04 1.177678e+04 1.117323e+04 1.067067e+04 9.081339e+03 8.277795e+03 7.839039e+03 7.579542e+03 7.417050e+03 7.327700e+03 7.371829e+03 7.749082e+03 8.504634e+03 9.673948e+03 1.130436e+04 1.344338e+04
1.592501e+04 1.592501e+04 1.592501e+04 1.592501e+04 1.592502e+04 1.592520e+04 1.592564e+04 1.591038e+04 1.584838e+04 1.570181e+04 1.510759e+04 1.423743e+04 1.331441e+04 1.247543e+04 1.176167e+04 1.116716e+04 1.067182e+04 9.098755e+03 8.292302e+03 7.849946e+03 7.594287e+03 7.440157e+03 7.359063e+03 7.414670e+03 7.801037e+03 8.569647e+03 9.759563e+03 1.141425e+04 1.357991e+04
1.585354e+04 1.585354e+04 1.585354e+04 1.585354e+04 1.585354e+04 1.585344e+04 1.585293e+04 1.583476e+04 1.577203e+04 1.562626e+04 1.503937e+04 1.418203e+04 1.327322e+04 1.244715e+04 1.174419e+04 1.115842e+04 1.067007e+04 9.113957e+03 8.306322e+03 7.860243e+03 7.607252e+03 7.461126e+03 7.389144e+03 7.459154e+03 7.857079e+03 8.638791e+03 9.849358e+03 1.152871e+04 1.372150e+04
1.576471e+04 1.576471e+04 1.576471e+04 1.576471e+04 1.576470e+04 1.576462e+04 1.576414e+04 1.574602e+04 1.568413e+04 1.554063e+04 1.496345e+04 1.412039e+04 1.322647e+04 1.241363e+04 1.172159e+04 1.114464e+04 1.066336e+04 9.125595e+03 8.318989e+03 7.869804e+03 7.618750e+03 7.480196e+03 7.417915e+03 7.505015e+03 7.916905e+03 8.712584e+03 9.943624e+03 1.164798e+04 1.386833e+04
1.565955e+04 1.565955e+04 1.565955e+04 1.565955e+04 1.565955e+04 1.565952e+04 1.565935e+04 1.564284e+04 1.558284e+04 1.544269e+04 1.487709e+04 1.404963e+04 1.317151e+04 1.237251e+04 1.169186e+04 1.112408e+04 1.065020e+04 9.132699e+03 8.329618e+03 7.878500e+03 7.629087e+03 7.497692e+03 7.445477e+03 7.552060e+03 7.980308e+03 8.791752e+03 1.004269e+04 1.177229e+04 1.402062e+04
1.555045e+04 1.555045e+04 1.555045e+04 1.555045e+04 1.555045e+04 1.555039e+04 1.555012e+04 1.553358e+04 1.547452e+04 1.533684e+04 1.478160e+04 1.396939e+04 1.310728e+04 1.232257e+04 1.165381e+04 1.109569e+04 1.062966e+04 9.134658e+03 8.337717e+03 7.886232e+03 7.638555e+03 7.513991e+03 7.472038e+03 7.600178e+03 8.047140e+03 8.876409e+03 1.014693e+04 1.190191e+04 1.417857e+04
1.543587e+04 1.543587e+04 1.543587e+04 1.543587e+04 1.543586e+04 1.543560e+04 1.543482e+04 1.541691e+04 1.535802e+04 1.522207e+04 1.467617e+04 1.387894e+04 1.303310e+04 1.226319e+04 1.160690e+04 1.105900e+04 1.060132e+04 9.131187e+03 8.342984e+03 7.892944e+03 7.647439e+03 7.529503e+03 7.497891e+03 7.649332e+03 8.117292e+03 8.966298e+03 1.025678e+04 1.203713e+04 1.434241e+04
1.530426e+04 1.530426e+04 1.530426e+04 1.530426e+04 1.530425e+04 1.530395e+04 1.530295e+04 1.528454e+04 1.522637e+04 1.509282e+04 1.455770e+04 1.377678e+04 1.294833e+04 1.219413e+04 1.155103e+04 1.101397e+04 1.056520e+04 9.122279e+03 8.345300e+03 7.898636e+03 7.656009e+03 7.544648e+03 7.523394e+03 7.699561e+03 8.190698e+03 9.061311e+03 1.037281e+04 1.217827e+04 1.451240e+04
1.515139e+04 1.515139e+04 1.515139e+04 1.515139e+04 1.515139e+04 1.515119e+04 1.515051e+04 1.513340e+04 1.507708e+04 1.494712e+04 1.442519e+04 1.366262e+04 1.285305e+04 1.211562e+04 1.148653e+04 1.096097e+04 1.052166e+04 9.108166e+03 8.344703e+03 7.903372e+03 7.664535e+03 7.559848e+03 7.548946e+03 7.750975e+03 8.267329e+03 9.161397e+03 1.049564e+04 1.232567e+04 1.468879e+04
1.498660e+04 1.498660e+04 1.498660e+04 1.498660e+04 1.498660e+04 1.498644e+04 1.498591e+04 1.496990e+04 1.491553e+04 1.478942e+04 1.428155e+04 1.353833e+04 1.274855e+04 1.202867e+04 1.141426e+04 1.090075e+04 1.047139e+04 9.089270e+03 8.341373e+03 7.907282e+03 7.673288e+03 7.575521e+03 7.574973e+03 7.803747e+03 8.347193e+03 9.266537e+03 1.062518e+04 1.247974e+04 1.487187e+04
1.481564e+04 1.481564e+04 1.481564e+04 1.481564e+04 1.481564e+04 1.481551e+04 1.481510e+04 1.480015e+04 1.474764e+04 1.462522e+04 1.413094e+04 1.340681e+04 1.263689e+04 1.193485e+04 1.133547e+04 1.083439e+04 1.041534e+04 9.066155e+03 8.335601e+03 7.910557e+03 7.682546e+03 7.592072e+03 7.601917e+03 7.858110e+03 8.430342e+03 9.376736e+03 1.076132e+04 1.264095e+04 1.506194e+04
1.464363e+04 1.464363e+04 1.464363e+04 1.464363e+04 1.464363e+04 1.464369e+04 1.464371e+04 1.462964e+04 1.457839e+04 1.445886e+04 1.397663e+04 1.327055e+04 1.252006e+04 1.183579e+04 1.125156e+04 1.076310e+04 1.035457e+04 9.039478e+03 8.327771e+03 7.913441e+03 7.692597e+03 7.609899e+03 7.630224e+03 7.914343e+03 8.516861e+03 9.492025e+03 1.090405e+04 1.280994e+04 1.525936e+04
1.447606e+04 1.447606e+04 1.447606e+04 1.447605e+04 1.447604e+04 1.447565e+04 1.447448e+04 1.445794e+04 1.440683e+04 1.428944e+04 1.381850e+04 1.313030e+04 1.239925e+04 1.173282e+04 1.116383e+04 1.068809e+04 1.029019e+04 9.009948e+03 8.318330e+03 7.916231e+03 7.703740e+03 7.629390e+03 7.660339e+03 7.972765e+03 8.606878e+03 9.612451e+03 1.105341e+04 1.298708e+04 1.546448e+04
1.428974e+04 1.428974e+04 1.428974e+04 1.428973e+04 1.428973e+04 1.428955e+04 1.428899e+04 1.427439e+04 1.422540e+04 1.411188e+04 1.365492e+04 1.298620e+04 1.227535e+04 1.162707e+04 1.107342e+04 1.061043e+04 1.022320e+04 8.978285e+03 8.307769e+03 7.919262e+03 7.716289e+03 7.650924e+03 7.692700e+03 8.033729e+03 8.700555e+03 9.738087e+03 1.120943e+04 1.317225e+04 1.567774e+04
1.409874e+04 1.409874e+04 1.409874e+04 1.409874e+04 1.409874e+04 1.409879e+04 1.409889e+04 1.408676e+04 1.404036e+04 1.393127e+04 1.348925e+04 1.284054e+04 1.215005e+04 1.151986e+04 1.098145e+04 1.053115e+04 1.015454e+04 8.945203e+03 8.296609e+03 7.922903e+03 7.730570e+03 7.674875e+03 7.727736e+03 8.097610e+03 8.798090e+03 9.869023e+03 1.137217e+04 1.336543e+04 1.589966e+04
1.391853e+04 1.391853e+04 1.391853e+04 1.391853e+04 1.391853e+04 1.391852e+04 1.391846e+04 1.390654e+04 1.386158e+04 1.375578e+04 1.332667e+04 1.269641e+04 1.202523e+04 1.141252e+04 1.088899e+04 1.045116e+04 1.008507e+04 8.911396e+03 8.285388e+03 7.927549e+03 7.746924e+03 7.701612e+03 7.765870e+03 8.164803e+03 8.899709e+03 1.000537e+04 1.154171e+04 1.356665e+04 1.613089e+04
1.374624e+04 1.374624e+04 1.374624e+04 1.374624e+04 1.374624e+04 1.374620e+04 1.374608e+04 1.373407e+04 1.368998e+04 1.358666e+04 1.316849e+04 1.255492e+04 1.190187e+04 1.130591e+04 1.079686e+04 1.037128e+04 1.001557e+04 8.877537e+03 8.274650e+03 7.933616e+03 7.765704e+03 7.731502e+03 7.807511e+03 8.235711e+03 9.005671e+03 1.014727e+04 1.171813e+04 1.377599e+04 1.637153e+04
1.357900e+04 1.357900e+04 1.357900e+04 1.357900e+04 1.357899e+04 1.357881e+04 1.357831e+04 1.356549e+04 1.352195e+04 1.342081e+04 1.301292e+04 1.241544e+04 1.178005e+04 1.120053e+04 1.070572e+04 1.029222e+04 9.946780e+03 8.844275e+03 8.264940e+03 7.941535e+03 7.787273e+03 7.764909e+03 7.853063e+03 8.310745e+03 9.116257e+03 1.029487e+04 1.190154e+04 1.399350e+04 1.662151e+04
1.340752e+04 1.340752e+04 1.340752e+04 1.340752e+04 1.340752e+04 1.340741e+04 1.340706e+04 1.339491e+04 1.335272e+04 1.325450e+04 1.285814e+04 1.227749e+04 1.166004e+04 1.109696e+04 1.061627e+04 1.021471e+04 9.879409e+03 8.812239e+03 8.256802e+03 7.951747e+03 7.812004e+03 7.802198e+03 7.902917e+03 8.390321e+03 9.231770e+03 1.044835e+04 1.209204e+04 1.421928e+04 1.688085e+04
1.323494e+04 1.323494e+04 1.323494e+04 1.323494e+04 1.323494e+04 1.323492e+04 1.323486e+04 1.322418e+04 1.318391e+04 1.308921e+04 1.270545e+04 1.214225e+04 1.154291e+04 1.099614e+04 1.052937e+04 1.013952e+04 9.814170e+03 8.782033e+03 8.250774e+03 7.964704e+03 7.840281e+03 7.843735e+03 7.957463e+03 8.474850e+03 9.352531e+03 1.060791e+04 1.228975e+04 1.445343e+04 1.714962e+04
1.306972e+04 1.306972e+04 1.306972e+04 1.306972e+04 1.306972e+04 1.306975e+04 1.306985e+04 1.306011e+04 1.302149e+04 1.293009e+04 1.255844e+04 1.201211e+04 1.143023e+04 1.089921e+04 1.044587e+04 1.006737e+04 9.751722e+03 8.754240e+03 8.247387e+03 7.980860e+03 7.872494e+03 7.889887e+03 8.017079e+03 8.564743e+03 9.478875e+03 1.077376e+04 1.249481e+04 1.469603e+04 1.742788e+04
1.291515e+04 1.291515e+04 1.291515e+04 1.291516e+04 1.291516e+04 1.291526e+04 1.291555e+04 1.290662e+04 1.286935e+04 1.278075e+04 1.241984e+04 1.188887e+04 1.132318e+04 1.080696e+04 1.036641e+04 9.998846e+03 9.692632e+03 8.729424e+03 8.247166e+03 8.000672e+03 7.909039e+03 7.941022e+03 8.082142e+03 8.660406e+03 9.611148e+03 1.094612e+04 1.270736e+04 1.494720e+04 1.771571e+04
1.277463e+04 1.277463e+04 1.277463e+04 1.277463e+04 1.277463e+04 1.277463e+04 1.277466e+04 1.276530e+04 1.272867e+04 1.264208e+04 1.229012e+04 1.177281e+04 1.122202e+04 1.071971e+04 1.029140e+04 9.934419e+03 9.637411e+03 8.708137e+03 8.250626e+03 8.024600e+03 7.950317e+03 7.997511e+03 8.153024e+03 8.762239e+03 9.749706e+03 1.112526e+04 1.292757e+04 1.520704e+04 1.801322e+04
1.264181e+04 1.264181e+04 1.264181e+04 1.264181e+04 1.264181e+04 1.264180e+04 1.264171e+04 1.263199e+04 1.259589e+04 1.251109e+04 1.216743e+04 1.166302e+04 1.112647e+04 1.063761e+04 1.022119e+04 9.874564e+03 9.586596e+03 8.690924e+03 8.258274e+03 8.053100e+03 7.996734e+03 8.059727e+03 8.230094e+03 8.870635e+03 9.894909e+03 1.131143e+04 1.315559e+04 1.547569e+04 1.832050e+04
1.251191e+04 1.251191e+04 1.251191e+04 1.251191e+04 1.251191e+04 1.251185e+04 1.251170e+04 1.250238e+04 1.246740e+04 1.238496e+04 1.205035e+04 1.155910e+04 1.103674e+04 1.056113e+04 1.015641e+04 9.819926e+03 9.540821e+03 8.678322e+03 8.270605e+03 8.086629e+03 8.048698e+03 8.128044e+03 8.313717e+03 8.985982e+03 1.004712e+04 1.150490e+04 1.339163e+04 1.575326e+04 1.863765e+04
1.238517e+04 1.238517e+04 1.238517e+04 1.238517e+04 1.238517e+04 1.238536e+04 1.238590e+04 1.237869e+04 1.234547e+04 1.226586e+04 1.194074e+04 1.146259e+04 1.095410e+04 1.049137e+04 1.009796e+04 9.771301e+03 9.500790e+03 8.670847e+03 8.288103e+03 8.125639e+03 8.106618e+03 8.202840e+03 8.404258e+03 9.108661e+03 1.020671e+04 1.170597e+04 1.363587e+04 1.603990e+04 1.896478e+04
1.227633e+04 1.227633e+04 1.227633e+04 1.227633e+04 1.227633e+04 1.227642e+04 1.227673e+04 1.226933e+04 1.223685e+04 1.215915e+04 1.184199e+04 1.137571e+04 1.088011e+04 1.042947e+04 1.004675e+04 9.729428e+03 9.467140e+03 8.668983e+03 8.311238e+03 8.170578e+03 8.170906e+03 8.284491e+03 8.502079e+03 9.239045e+03 1.037403e+04 1.191493e+04 1.388851e+04 1.633574e+04 1.930199e+04
1.218029e+04 1.218029e+04 1.218029e+04 1.218029e+04 1.218029e+04 1.218036e+04 1.218056e+04 1.217289e+04 1.214089e+04 1.206473e+04 1.175457e+04 1.129909e+04 1.081541e+04 1.037601e+04 1.000330e+04 9.694782e+03 9.440322e+03 8.673176e+03 8.340471e+03 8.221894e+03 8.241974e+03 8.373376e+03 8.607540e+03 9.377503e+03 1.054946e+04 1.213208e+04 1.414979e+04 1.664094e+04 1.964940e+04
1.209287e+04 1.209287e+04 1.209287e+04 1.209287e+04 1.209287e+04 1.209296e+04 1.209323e+04 1.208590e+04 1.205468e+04 1.198026e+04 1.167714e+04 1.123210e+04 1.075972e+04 1.033095e+04 9.967707e+03 9.667560e+03 9.420598e+03 8.683844e+03 8.376254e+03 8.280029e+03 8.320235e+03 8.469875e+03 8.721002e+03 9.524394e+03 1.073335e+04 1.235773e+04 1.441991e+04 1.695565e+04 2.000713e+04
1.201504e+04 1.201504e+04 1.201504e+04 1.201504e+04 1.201504e+04 1.201513e+04 1.201538e+04 1.200826e+04 1.197780e+04 1.190516e+04 1.160905e+04 1.117420e+04 1.071273e+04 1.029413e+04 9.939954e+03 9.647862e+03 9.408162e+03 8.701395e+03 8.419038e+03 8.345427e+03 8.406102e+03 8.574367e+03 8.842821e+03 9.680074e+03 1.092606e+04 1.259220e+04 1.469913e+04 1.728004e+04 2.037529e+04
1.194606e+04 1.194606e+04 1.194606e+04 1.194606e+04 1.194606e+04 1.194615e+04 1.194644e+04 1.193990e+04 1.191047e+04 1.183977e+04 1.155067e+04 1.112562e+04 1.067454e+04 1.026565e+04 9.920185e+03 9.635893e+03 9.403281e+03 8.726256e+03 8.469275e+03 8.418528e+03 8.499985e+03 8.687230e+03 8.973352e+03 9.844892e+03 1.112796e+04 1.283581e+04 1.498769e+04 1.761428e+04 2.075402e+04
1.188797e+04 1.188797e+04 1.188797e+04 1.188797e+04 1.188798e+04 1.188823e+04 1.188899e+04 1.188385e+04 1.185555e+04 1.178667e+04 1.150379e+04 1.108748e+04 1.064586e+04 1.024603e+04 9.908844e+03 9.632079e+03 9.406385e+03 8.758885e+03 8.527420e+03 8.499772e+03 8.602294e+03 8.808842e+03 9.112949e+03 1.001919e+04 1.133937e+04 1.308887e+04 1.528584e+04 1.795856e+04 2.114345e+04
1.185048e+04 1.185048e+04 1.185048e+04 1.185048e+04 1.185048e+04 1.185061e+04 1.185102e+04 1.184498e+04 1.181667e+04 1.174852e+04 1.146991e+04 1.106078e+04 1.062751e+04 1.023599e+04 9.906595e+03 9.637043e+03 9.418061e+03 8.799769e+03 8.593932e+03 8.589593e+03 8.713436e+03 8.939576e+03 9.261961e+03 1.020331e+04 1.156066e+04 1.335171e+04 1.559383e+04 1.831307e+04 2.154371e+04
1.182412e+04 1.182412e+04 1.182412e+04 1.182412e+04 1.182412e+04 1.182416e+04 1.182428e+04 1.181764e+04 1.178952e+04 1.172227e+04 1.144792e+04 1.104555e+04 1.062003e+04 1.023626e+04 9.914208e+03 9.651521e+03 9.438992e+03 8.849411e+03 8.669265e+03 8.688425e+03 8.833811e+03 9.079803e+03 9.420736e+03 1.039759e+04 1.179216e+04 1.362464e+04 1.591195e+04 1.867799e+04 2.195494e+04
1.180172e+04 1.180172e+04 1.180172e+04 1.180172e+04 1.180173e+04 1.180208e+04 1.180310e+04 1.179902e+04 1.177248e+04 1.170719e+04 1.143818e+04 1.104260e+04 1.062439e+04 1.024779e+04 9.932546e+03 9.676287e+03 9.469871e+03 8.908301e+03 8.753867e+03 8.796690e+03 8.963816e+03 9.229889e+03 9.589615e+03 1.060234e+04 1.203421e+04 1.390800e+04 1.624045e+04 1.905354e+04 2.237728e+04
1.180275e+04 1.180275e+04 1.180275e+04 1.180276e+04 1.180277e+04 1.180312e+04 1.180414e+04 1.180033e+04 1.177429e+04 1.170994e+04 1.144444e+04 1.105410e+04 1.064195e+04 1.027156e+04 9.962381e+03 9.711993e+03 9.511275e+03 8.976891e+03 8.848172e+03 8.914802e+03 9.103839e+03 9.390194e+03 9.768938e+03 1.081790e+04 1.228713e+04 1.420210e+04 1.657962e+04 1.943993e+04 2.281090e+04
1.182712e+04 1.182712e+04 1.182712e+04 1.182712e+04 1.182712e+04 1.182728e+04 1.182777e+04 1.182253e+04 1.179594e+04 1.173148e+04 1.146742e+04 1.108058e+04 1.067312e+04 1.030791e+04 1.000405e+04 9.758973e+03 9.563545e+03 9.055579e+03 8.952596e+03 9.043167e+03 9.254258e+03 9.561072e+03 9.959036e+03 1.104458e+04 1.255125e+04 1.450726e+04 1.692973e+04 1.983737e+04 2.325594e+04
1.186199e+04 1.186199e+04 1.186199e+04 1.186199e+04 1.186199e+04 1.186216e+04 1.186266e+04 1.185732e+04 1.183073e+04 1.176649e+04 1.150401e+04 1.112030e+04 1.071698e+04 1.035639e+04 1.005735e+04 9.817198e+03 9.626770e+03 9.144718e+03 9.067539e+03 9.182173e+03 9.415443e+03 9.742869e+03 1.016024e+04 1.128269e+04 1.282690e+04 1.482379e+04 1.729106e+04 2.024608e+04 2.371258e+04
1.190677e+04 1.190677e+04 1.190677e+04 1.190677e+04 1.190678e+04 1.190695e+04 1.190748e+04 1.190226e+04 1.187589e+04 1.181214e+04 1.155176e+04 1.117145e+04 1.077229e+04 1.041621e+04 1.012183e+04 9.886453e+03 9.700907e+03 9.244632e+03 9.193386e+03 9.332200e+03 9.587753e+03 9.935923e+03 1.037286e+04 1.153255e+04 1.311438e+04 1.515201e+04 1.766390e+04 2.066630e+04 2.418097e+04
1.196172e+04 1.196172e+04 1.196172e+04 1.196173e+04 1.196173e+04 1.196189e+04 1.196237e+04 1.195710e+04 1.193093e+04 1.186771e+04 1.160968e+04 1.123308e+04 1.083830e+04 1.048684e+04 1.019718e+04 9.966597e+03 9.785957e+03 9.355649e+03 9.330515e+03 9.493612e+03 9.771532e+03 1.014056e+04 1.059723e+04 1.179445e+04 1.341400e+04 1.549224e+04 1.804854e+04 2.109826e+04 2.466129e+04
1.202548e+04 1.202548e+04 1.202548e+04 1.202548e+04 1.202548e+04 1.202564e+04 1.202612e+04 1.202104e+04 1.199530e+04 1.193290e+04 1.167775e+04 1.130522e+04 1.091503e+04 1.056831e+04 1.028345e+04 1.005776e+04 9.882108e+03 9.478131e+03 9.479294e+03 9.666761e+03 9.967116e+03 1.035711e+04 1.083365e+04 1.206871e+04 1.372608e+04 1.584477e+04 1.844525e+04 2.154218e+04 2.515373e+04
1.209786e+04 1.209786e+04 1.209786e+04 1.209787e+04 1.209788e+04 1.209822e+04 1.209920e+04 1.209563e+04 1.207086e+04 1.200966e+04 1.175770e+04 1.138915e+04 1.100336e+04 1.066126e+04 1.038117e+04 1.016039e+04 9.989795e+03 9.612481e+03 9.640090e+03 9.851982e+03 1.017483e+04 1.058587e+04 1.108242e+04 1.235561e+04 1.405092e+04 1.620992e+04 1.885432e+04 2.199832e+04 2.565846e+04
1.218977e+04 1.218977e+04 1.218977e+04 1.218977e+04 1.218978e+04 1.219012e+04 1.219117e+04 1.218798e+04 1.216353e+04 1.210284e+04 1.185263e+04 1.148686e+04 1.110466e+04 1.076671e+04 1.049117e+04 1.027522e+04 1.010967e+04 9.759145e+03 9.813257e+03 1.004960e+04 1.039497e+04 1.082716e+04 1.134385e+04 1.265545e+04 1.438881e+04 1.658798e+04 1.927604e+04 2.246692e+04 2.617567e+04
1.230314e+04 1.230314e+04 1.230314e+04 1.230314e+04 1.230314e+04 1.230332e+04 1.230391e+04 1.229945e+04 1.227446e+04 1.221343e+04 1.196346e+04 1.159932e+04 1.121994e+04 1.088568e+04 1.061441e+04 1.040313e+04 1.024251e+04 9.918579e+03 9.999133e+03 1.025991e+04 1.062784e+04 1.108126e+04 1.161821e+04 1.296852e+04 1.474005e+04 1.697925e+04 1.971069e+04 2.294822e+04 2.670556e+04
1.242696e+04 1.242696e+04 1.242696e+04 1.242696e+04 1.242697e+04 1.242714e+04 1.242772e+04 1.242343e+04 1.239867e+04 1.233800e+04 1.208916e+04 1.172686e+04 1.135014e+04 1.101927e+04 1.075196e+04 1.054507e+04 1.038917e+04 1.009122e+04 1.019803e+04 1.048320e+04 1.087373e+04 1.134846e+04 1.190582e+04 1.329511e+04 1.510492e+04 1.738403e+04 2.015855e+04 2.344247e+04 2.724833e+04
1.256116e+04 1.256116e+04 1.256116e+04 1.256116e+04 1.256118e+04 1.256169e+04 1.256323e+04 1.256164e+04 1.253827e+04 1.247885e+04 1.223207e+04 1.187161e+04 1.149706e+04 1.116896e+04 1.090504e+04 1.070205e+04 1.055046e+04 1.027746e+04 1.041024e+04 1.071975e+04 1.113290e+04 1.162904e+04 1.220694e+04 1.363550e+04 1.548373e+04 1.780261e+04 2.061990e+04 2.394991e+04 2.780417e+04
1.272642e+04 1.272642e+04 1.272642e+04 1.272643e+04 1.272644e+04 1.272696e+04 1.272854e+04 1.272731e+04 1.270411e+04 1.264472e+04 1.239763e+04 1.203691e+04 1.166283e+04 1.133618e+04 1.107464e+04 1.087480e+04 1.072695e+04 1.047758e+04 1.063599e+04 1.096978e+04 1.140562e+04 1.192328e+04 1.252185e+04 1.398997e+04 1.587674e+04 1.823527e+04 2.109503e+04 2.447080e+04 2.837328e+04
1.292425e+04 1.292425e+04 1.292425e+04 1.292426e+04 1.292427e+04 1.292455e+04 1.292547e+04 1.292230e+04 1.289789e+04 1.283711e+04 1.258687e+04 1.222340e+04 1.184784e+04 1.152120e+04 1.126098e+04 1.106350e+04 1.091882e+04 1.069177e+04 1.087550e+04 1.123354e+04 1.169214e+04 1.223145e+04 1.285085e+04 1.435882e+04 1.628426e+04 1.868229e+04 2.158419e+04 2.500539e+04 2.895589e+04
1.313885e+04 1.313885e+04 1.313885e+04 1.313885e+04 1.313886e+04 1.313914e+04 1.314001e+04 1.313611e+04 1.311083e+04 1.304877e+04 1.279505e+04 1.242810e+04 1.205023e+04 1.172283e+04 1.146331e+04 1.126770e+04 1.112580e+04 1.092013e+04 1.112895e+04 1.151124e+04 1.199271e+04 1.255381e+04 1.319421e+04 1.474232e+04 1.670654e+04 1.914396e+04 2.208768e+04 2.555393e+04 2.955218e+04
1.336603e+04 1.336603e+04 1.336603e+04 1.336603e+04 1.336604e+04 1.336624e+04 1.336689e+04 1.336227e+04 1.333636e+04 1.327337e+04 1.301701e+04 1.264723e+04 1.226740e+04 1.193937e+04 1.168051e+04 1.148667e+04 1.134745e+04 1.116271e+04 1.139648e+04 1.180310e+04 1.230758e+04 1.289064e+04 1.355220e+04 1.514075e+04 1.714388e+04 1.962055e+04 2.260576e+04 2.611666e+04 3.016238e+04
1.360058e+04 1.360058e+04 1.360058e+04 1.360059e+04 1.360059e+04 1.360079e+04 1.360142e+04 1.359667e+04 1.357061e+04 1.350730e+04 1.324973e+04 1.287846e+04 1.249764e+04 1.216958e+04 1.191173e+04 1.171986e+04 1.158339e+04 1.141957e+04 1.167826e+04 1.210932e+04 1.263699e+04 1.324221e+04 1.392511e+04 1.555439e+04 1.759654e+04 2.011233e+04 2.313868e+04 2.669383e+04 3.078670e+04
1.384105e+04 1.384105e+04 1.384105e+04 1.384106e+04 1.384107e+04 1.384146e+04 1.384256e+04 1.383920e+04 1.381381e+04 1.375099e+04 1.349367e+04 1.312204e+04 1.274102e+04 1.241343e+04 1.215692e+04 1.196720e+04 1.183360e+04 1.169077e+04 1.197444e+04 1.243011e+04 1.298120e+04 1.360879e+04 1.431323e+04 1.598353e+04 1.806480e+04 2.061958e+04 2.368673e+04 2.728570e+04 3.142536e+04
1.409834e+04 1.409834e+04 1.409834e+04 1.409834e+04 1.409835e+04 1.409876e+04 1.410001e+04 1.409748e+04 1.407259e+04 1.401012e+04 1.375282e+04 1.338062e+04 1.299923e+04 1.267202e+04 1.241677e+04 1.222916e+04 1.209839e+04 1.197645e+04 1.228518e+04 1.276570e+04 1.334046e+04 1.399066e+04 1.471684e+04 1.642843e+04 1.854893e+04 2.114255e+04 2.425015e+04 2.789249e+04 3.207856e+04
1.437760e+04 1.437760e+04 1.437760e+04 1.437760e+04 1.437761e+04 1.437805e+04 1.437943e+04 1.437740e+04 1.435268e+04 1.429011e+04 1.403160e+04 1.365749e+04 1.327459e+04 1.294692e+04 1.269237e+04 1.250649e+04 1.237830e+04 1.227676e+04 1.261065e+04 1.311631e+04 1.371505e+04 1.438810e+04 1.513622e+04 1.688940e+04 1.904919e+04 2.168150e+04 2.482920e+04 2.851447e+04 3.274652e+04
1.468184e+04 1.468184e+04 1.468184e+04 1.468185e+04 1.468186e+04 1.468236e+04 1.468391e+04 1.468232e+04 1.465753e+04 1.459438e+04 1.433304e+04 1.395505e+04 1.356892e+04 1.323946e+04 1.298467e+04 1.279987e+04 1.267380e+04 1.259188e+04 1.295106e+04 1.348219e+04 1.410524e+04 1.480142e+04 1.557168e+04 1.736669e+04 1.956585e+04 2.223669e+04 2.542414e+04 2.915186e+04 3.342946e+04
1.501458e+04 1.501458e+04 1.501458e+04 1.501458e+04 1.501460e+04 1.501509e+04 1.501660e+04 1.501452e+04 1.498895e+04 1.492436e+04 1.465811e+04 1.427408e+04 1.388283e+04 1.355015e+04 1.329408e+04 1.310962e+04 1.298516e+04 1.292195e+04 1.330661e+04 1.386361e+04 1.451132e+04 1.523091e+04 1.602351e+04 1.786060e+04 2.009917e+04 2.280838e+04 2.603520e+04 2.980490e+04 3.412759e+04
1.537232e+04 1.537232e+04 1.537232e+04 1.537233e+04 1.537234e+04 1.537270e+04 1.537385e+04 1.537054e+04 1.534377e+04 1.527721e+04 1.500470e+04 1.461314e+04 1.421544e+04 1.387848e+04 1.362031e+04 1.343558e+04 1.331229e+04 1.326707e+04 1.367751e+04 1.426084e+04 1.493361e+04 1.567687e+04 1.649202e+04 1.837141e+04 2.064941e+04 2.339680e+04 2.666263e+04 3.047383e+04 3.484114e+04
1.574628e+04 1.574628e+04 1.574628e+04 1.574628e+04 1.574629e+04 1.574666e+04 1.574779e+04 1.574395e+04 1.571615e+04 1.564768e+04 1.536875e+04 1.496928e+04 1.456472e+04 1.422308e+04 1.396245e+04 1.377716e+04 1.365480e+04 1.362736e+04 1.406403e+04 1.467419e+04 1.537241e+04 1.613964e+04 1.697752e+04 1.889938e+04 2.121682e+04 2.400221e+04 2.730667e+04 3.115887e+04 3.557030e+04
1.613472e+04 1.613472e+04 1.613472e+04 1.613472e+04 1.613473e+04 1.613493e+04 1.613562e+04 1.613033e+04 1.610125e+04 1.603079e+04 1.574580e+04 1.533909e+04 1.492823e+04 1.458227e+04 1.431938e+04 1.413361e+04 1.401224e+04 1.400291e+04 1.446643e+04 1.510398e+04 1.582805e+04 1.661952e+04 1.748030e+04 1.944481e+04 2.180166e+04 2.462484e+04 2.796755e+04 3.186026e+04 3.631529e+04
