1.060737e+04 7.263886e+03 5.847117e+03 3.224567e+03 2.582376e+03 1.719557e+03 1.434055e+03 1.240060e+03 1.202438e+03 1.181238e+03 1.166367e+03 1.168451e+03 1.170953e+03 1.161970e+03 1.134876e+03 1.088910e+03 1.028063e+03 6.980679e+02 5.156602e+02 4.419639e+02 4.201423e+02 4.253975e+02 4.479027e+02 5.345940e+02 6.842283e+02 9.205012e+02 1.273895e+03 1.776090e+03 2.457145e+03
1.715291e+03 1.715293e+03 1.715283e+03 1.713461e+03 1.702179e+03 1.530211e+03 1.361516e+03 1.218898e+03 1.189217e+03 1.172660e+03 1.162847e+03 1.167420e+03 1.171080e+03 1.162449e+03 1.135242e+03 1.088947e+03 1.027730e+03 6.970451e+02 5.150574e+02 4.417885e+02 4.202698e+02 4.257430e+02 4.484215e+02 5.354298e+02 6.854481e+02 9.222502e+02 1.276361e+03 1.779480e+03 2.461669e+03
1.406721e+03 1.406732e+03 1.406762e+03 1.407109e+03 1.406693e+03 1.368926e+03 1.281236e+03 1.194549e+03 1.174360e+03 1.163228e+03 1.159177e+03 1.166479e+03 1.171344e+03 1.163033e+03 1.135659e+03 1.088987e+03 1.027362e+03 6.959706e+02 5.144372e+02 4.416127e+02 4.204040e+02 4.260985e+02 4.489521e+02 5.362795e+02 6.866849e+02 9.240203e+02 1.278853e+03 1.782902e+03 2.466232e+03
1.265571e+03 1.265572e+03 1.265573e+03 1.265542e+03 1.265225e+03 1.243945e+03 1.228186e+03 1.170095e+03 1.158847e+03 1.153343e+03 1.155483e+03 1.165684e+03 1.171770e+03 1.163731e+03 1.136126e+03 1.089021e+03 1.026954e+03 6.948428e+02 5.137997e+02 4.414368e+02 4.205453e+02 4.264641e+02 4.494944e+02 5.371433e+02 6.879386e+02 9.258115e+02 1.281372e+03 1.786358e+03 2.470836e+03
1.176302e+03 1.176303e+03 1.176304e+03 1.176305e+03 1.176399e+03 1.176284e+03 1.181413e+03 1.152707e+03 1.144697e+03 1.143744e+03 1.151938e+03 1.165096e+03 1.172376e+03 1.164542e+03 1.136636e+03 1.089043e+03 1.026496e+03 6.936598e+02 5.131451e+02 4.412612e+02 4.206940e+02 4.268402e+02 4.500487e+02 5.380214e+02 6.892095e+02 9.276242e+02 1.283918e+03 1.789846e+03 2.475479e+03
1.150895e+03 1.150896e+03 1.150898e+03 1.150934e+03 1.150999e+03 1.150125e+03 1.149680e+03 1.144838e+03 1.136179e+03 1.135939e+03 1.148853e+03 1.164800e+03 1.173187e+03 1.165467e+03 1.137180e+03 1.089041e+03 1.025978e+03 6.924199e+02 5.124735e+02 4.410862e+02 4.208503e+02 4.272270e+02 4.506152e+02 5.389138e+02 6.904977e+02 9.294585e+02 1.286491e+03 1.793368e+03 2.480163e+03
1.141144e+03 1.141145e+03 1.141146e+03 1.141176e+03 1.141240e+03 1.139552e+03 1.132359e+03 1.138597e+03 1.133837e+03 1.132839e+03 1.146791e+03 1.164946e+03 1.174236e+03 1.166506e+03 1.137748e+03 1.089001e+03 1.025389e+03 6.911213e+02 5.117851e+02 4.409122e+02 4.210146e+02 4.276247e+02 4.511941e+02 5.398207e+02 6.918034e+02 9.313145e+02 1.289091e+03 1.796924e+03 2.484887e+03
1.131423e+03 1.131423e+03 1.131424e+03 1.131443e+03 1.131481e+03 1.130200e+03 1.121824e+03 1.131123e+03 1.133228e+03 1.134368e+03 1.146721e+03 1.165776e+03 1.175586e+03 1.167664e+03 1.138329e+03 1.088911e+03 1.024716e+03 6.897620e+02 5.110803e+02 4.407396e+02 4.211871e+02 4.280334e+02 4.517856e+02 5.407423e+02 6.931268e+02 9.331925e+02 1.291718e+03 1.800513e+03 2.489652e+03
1.120887e+03 1.120887e+03 1.120888e+03 1.120904e+03 1.120939e+03 1.120208e+03 1.113568e+03 1.123453e+03 1.132420e+03 1.137840e+03 1.150182e+03 1.167680e+03 1.177343e+03 1.168963e+03 1.138915e+03 1.088758e+03 1.023948e+03 6.883404e+02 5.103591e+02 4.405687e+02 4.213682e+02 4.284536e+02 4.523898e+02 5.416788e+02 6.944680e+02 9.350926e+02 1.294373e+03 1.804137e+03 2.494459e+03
1.110378e+03 1.110378e+03 1.110378e+03 1.110391e+03 1.110419e+03 1.110084e+03 1.106483e+03 1.117704e+03 1.131566e+03 1.141878e+03 1.156629e+03 1.171274e+03 1.179672e+03 1.170442e+03 1.139509e+03 1.088529e+03 1.023072e+03 6.868547e+02 5.096221e+02 4.404000e+02 4.215582e+02 4.288853e+02 4.530070e+02 5.426303e+02 6.958272e+02 9.370150e+02 1.297056e+03 1.807795e+03 2.499307e+03
1.100234e+03 1.100234e+03 1.100235e+03 1.100247e+03 1.100276e+03 1.100656e+03 1.101529e+03 1.115514e+03 1.131825e+03 1.146162e+03 1.164755e+03 1.177361e+03 1.182825e+03 1.172172e+03 1.140122e+03 1.088222e+03 1.022079e+03 6.853037e+02 5.088696e+02 4.402338e+02 4.217573e+02 4.293288e+02 4.536372e+02 5.435969e+02 6.972045e+02 9.389600e+02 1.299768e+03 1.811487e+03 2.504196e+03
1.150204e+03 1.150204e+03 1.150205e+03 1.150219e+03 1.150261e+03 1.151502e+03 1.154766e+03 1.163064e+03 1.171200e+03 1.183467e+03 1.209758e+03 1.222286e+03 1.215505e+03 1.189607e+03 1.145453e+03 1.085944e+03 1.015361e+03 6.765471e+02 5.048936e+02 4.394577e+02 4.229012e+02 4.317312e+02 4.569912e+02 5.486622e+02 7.043687e+02 9.490290e+02 1.313753e+03 1.830479e+03 2.529281e+03
1.233892e+03 1.233893e+03 1.233893e+03 1.233903e+03 1.233931e+03 1.234631e+03 1.236323e+03 1.240240e+03 1.242032e+03 1.244759e+03 1.253655e+03 1.258223e+03 1.245800e+03 1.211181e+03 1.156191e+03 1.086243e+03 1.008107e+03 6.662662e+02 5.006459e+02 4.388209e+02 4.243218e+02 4.344618e+02 4.606990e+02 5.541279e+02 7.120101e+02 9.596888e+02 1.328474e+03 1.850373e+03 2.555451e+03
1.303493e+03 1.303493e+03 1.303493e+03 1.303500e+03 1.303522e+03 1.304175e+03 1.305983e+03 1.307944e+03 1.305661e+03 1.301205e+03 1.289366e+03 1.275065e+03 1.251917e+03 1.212271e+03 1.153955e+03 1.080766e+03 9.995904e+02 6.552203e+02 4.963265e+02 4.384061e+02 4.260627e+02 4.375484e+02 4.647812e+02 5.600116e+02 7.201483e+02 9.709632e+02 1.343959e+03 1.871204e+03 2.582743e+03
1.371932e+03 1.371932e+03 1.371933e+03 1.371937e+03 1.371942e+03 1.369913e+03 1.362987e+03 1.342938e+03 1.331000e+03 1.318108e+03 1.290900e+03 1.262882e+03 1.230627e+03 1.187846e+03 1.130689e+03 1.060357e+03 9.820381e+02 6.452057e+02 4.922829e+02 4.383274e+02 4.281745e+02 4.410195e+02 4.692580e+02 5.663299e+02 7.288028e+02 9.828757e+02 1.360236e+03 1.893003e+03 2.611193e+03
1.291551e+03 1.291551e+03 1.291551e+03 1.291549e+03 1.291543e+03 1.291206e+03 1.289593e+03 1.280098e+03 1.272453e+03 1.263354e+03 1.241812e+03 1.216291e+03 1.184955e+03 1.144114e+03 1.091136e+03 1.026685e+03 9.546685e+02 6.364972e+02 4.890632e+02 4.387416e+02 4.307190e+02 4.449067e+02 4.741500e+02 5.730997e+02 7.379931e+02 9.954506e+02 1.377334e+03 1.915804e+03 2.640838e+03
1.182729e+03 1.182729e+03 1.182729e+03 1.182729e+03 1.182731e+03 1.182729e+03 1.182613e+03 1.181330e+03 1.179597e+03 1.176805e+03 1.167379e+03 1.151567e+03 1.127235e+03 1.092039e+03 1.044845e+03 9.869313e+02 9.219058e+02 6.280774e+02 4.874657e+02 4.398624e+02 4.337752e+02 4.492469e+02 4.794798e+02 5.803375e+02 7.477389e+02 1.008712e+03 1.395282e+03 1.939639e+03 2.671715e+03
1.100877e+03 1.100877e+03 1.100877e+03 1.100879e+03 1.100883e+03 1.101047e+03 1.101466e+03 1.102242e+03 1.102264e+03 1.101803e+03 1.098434e+03 1.089405e+03 1.071415e+03 1.041902e+03 1.000207e+03 9.480701e+02 8.891526e+02 6.197767e+02 4.874020e+02 4.419912e+02 4.374449e+02 4.540858e+02 4.852732e+02 5.880609e+02 7.580602e+02 1.022686e+03 1.414111e+03 1.964545e+03 2.703862e+03
1.046337e+03 1.046337e+03 1.046337e+03 1.046337e+03 1.046337e+03 1.046344e+03 1.046356e+03 1.046346e+03 1.046280e+03 1.046078e+03 1.044446e+03 1.038598e+03 1.024581e+03 9.992930e+02 9.619349e+02 9.143329e+02 8.601830e+02 6.119756e+02 4.884627e+02 4.454993e+02 4.418630e+02 4.594813e+02 4.915616e+02 5.962890e+02 7.689780e+02 1.037396e+03 1.433851e+03 1.990555e+03 2.737319e+03
1.003529e+03 1.003529e+03 1.003529e+03 1.003530e+03 1.003532e+03 1.003596e+03 1.003728e+03 1.003939e+03 1.004015e+03 1.004048e+03 1.003387e+03 9.993564e+02 9.879056e+02 9.656396e+02 9.315402e+02 8.873557e+02 8.367602e+02 6.052882e+02 4.904117e+02 4.502105e+02 4.472291e+02 4.655084e+02 4.983841e+02 6.050432e+02 7.805147e+02 1.052871e+03 1.454533e+03 2.017706e+03 2.772125e+03
9.705483e+02 9.705483e+02 9.705483e+02 9.705483e+02 9.705481e+02 9.705508e+02 9.706357e+02 9.713385e+02 9.718595e+02 9.723911e+02 9.728508e+02 9.702377e+02 9.606253e+02 9.405634e+02 9.088938e+02 8.672555e+02 8.192677e+02 6.002802e+02 4.931290e+02 4.558913e+02 4.537286e+02 4.722679e+02 5.057909e+02 6.143489e+02 7.926942e+02 1.069139e+03 1.476191e+03 2.046036e+03 2.808320e+03
9.479586e+02 9.479586e+02 9.479586e+02 9.479594e+02 9.479617e+02 9.480496e+02 9.484108e+02 9.496695e+02 9.504122e+02 9.511618e+02 9.521366e+02 9.502821e+02 9.417908e+02 9.232073e+02 8.932636e+02 8.534725e+02 8.073668e+02 5.973185e+02 4.965892e+02 4.623666e+02 4.611979e+02 4.799184e+02 5.138466e+02 6.242356e+02 8.055431e+02 1.086228e+03 1.498858e+03 2.075581e+03 2.845947e+03
9.372109e+02 9.372109e+02 9.372109e+02 9.372113e+02 9.372123e+02 9.372433e+02 9.373480e+02 9.379188e+02 9.383969e+02 9.389589e+02 9.397865e+02 9.381046e+02 9.301492e+02 9.124568e+02 8.836686e+02 8.451723e+02 8.003987e+02 5.965472e+02 5.008266e+02 4.695030e+02 4.694876e+02 4.885480e+02 5.226401e+02 6.347396e+02 8.190911e+02 1.104170e+03 1.522571e+03 2.106382e+03 2.885046e+03
9.304032e+02 9.304032e+02 9.304032e+02 9.304040e+02 9.304064e+02 9.304903e+02 9.307560e+02 9.315991e+02 9.321258e+02 9.326958e+02 9.335069e+02 9.318984e+02 9.242272e+02 9.070780e+02 8.790532e+02 8.414485e+02 7.976035e+02 5.979320e+02 5.058977e+02 4.772092e+02 4.784757e+02 4.980261e+02 5.323115e+02 6.459047e+02 8.333717e+02 1.123001e+03 1.547366e+03 2.138479e+03 2.925663e+03
9.292399e+02 9.292399e+02 9.292399e+02 9.292402e+02 9.292412e+02 9.292692e+02 9.293928e+02 9.300276e+02 9.305071e+02 9.310499e+02 9.318420e+02 9.302816e+02 9.227854e+02 9.059812e+02 8.784600e+02 8.414599e+02 7.982510e+02 6.013232e+02 5.118528e+02 4.854336e+02 4.880600e+02 5.082520e+02 5.428928e+02 6.577849e+02 8.484232e+02 1.142757e+03 1.573283e+03 2.171915e+03 2.967843e+03
9.311672e+02 9.311672e+02 9.311672e+02 9.311677e+02 9.311690e+02 9.312145e+02 9.313871e+02 9.320696e+02 9.325400e+02 9.330679e+02 9.338429e+02 9.323093e+02 9.249157e+02 9.083181e+02 8.811092e+02 8.444962e+02 8.017029e+02 6.065120e+02 5.187200e+02 4.941566e+02 4.981601e+02 5.191410e+02 5.542867e+02 6.704487e+02 8.642895e+02 1.163479e+03 1.600364e+03 2.206734e+03 3.011631e+03
9.363376e+02 9.363376e+02 9.363376e+02 9.363378e+02 9.363383e+02 9.363549e+02 9.364454e+02 9.370193e+02 9.374830e+02 9.380192e+02 9.388203e+02 9.373098e+02 9.299546e+02 9.134417e+02 8.863824e+02 8.499771e+02 8.074242e+02 6.132708e+02 5.265010e+02 5.033800e+02 5.087189e+02 5.306202e+02 5.664251e+02 6.839894e+02 8.810216e+02 1.185212e+03 1.628655e+03 2.242983e+03 3.057077e+03
9.434026e+02 9.434026e+02 9.434026e+02 9.434030e+02 9.434040e+02 9.434647e+02 9.436994e+02 9.445203e+02 9.450448e+02 9.456087e+02 9.463972e+02 9.448226e+02 9.373912e+02 9.208265e+02 8.937659e+02 8.574167e+02 8.149650e+02 6.213775e+02 5.351738e+02 5.131177e+02 5.197018e+02 5.426298e+02 5.792513e+02 6.985311e+02 8.986790e+02 1.208005e+03 1.658203e+03 2.280712e+03 3.104231e+03
9.541217e+02 9.541217e+02 9.541218e+02 9.541218e+02 9.541220e+02 9.541485e+02 9.542703e+02 9.547934e+02 9.551763e+02 9.556062e+02 9.561432e+02 9.543356e+02 9.466955e+02 9.299605e+02 9.027848e+02 8.663837e+02 8.239370e+02 6.306289e+02 5.446991e+02 5.233874e+02 5.310940e+02 5.551244e+02 5.927167e+02 7.140534e+02 9.173321e+02 1.231914e+03 1.689061e+03 2.319971e+03 3.153144e+03
9.657942e+02 9.657942e+02 9.657942e+02 9.657945e+02 9.657955e+02 9.658239e+02 9.659219e+02 9.663168e+02 9.665915e+02 9.668954e+02 9.671676e+02 9.651101e+02 9.572447e+02 9.403157e+02 9.129898e+02 8.764937e+02 8.340077e+02 6.408477e+02 5.550265e+02 5.342052e+02 5.428970e+02 5.680741e+02 6.067815e+02 7.305145e+02 9.370675e+02 1.257002e+03 1.721286e+03 2.360816e+03 3.203872e+03
9.778881e+02 9.778881e+02 9.778881e+02 9.778881e+02 9.778882e+02 9.778897e+02 9.778966e+02 9.780534e+02 9.782403e+02 9.784784e+02 9.786499e+02 9.764936e+02 9.685137e+02 9.514603e+02 9.240199e+02 8.874404e+02 8.449134e+02 6.518845e+02 5.661009e+02 5.455832e+02 5.551235e+02 5.814644e+02 6.214161e+02 7.478909e+02 9.580047e+02 1.283337e+03 1.754939e+03 2.403306e+03 3.256471e+03
9.882254e+02 9.882254e+02 9.882254e+02 9.882266e+02 9.882302e+02 9.883416e+02 9.886160e+02 9.892957e+02 9.896679e+02 9.900427e+02 9.903757e+02 9.882754e+02 9.802808e+02 9.631700e+02 9.356590e+02 8.990229e+02 8.564705e+02 6.636182e+02 5.778670e+02 5.575292e+02 5.677945e+02 5.952946e+02 6.366020e+02 7.661663e+02 9.802415e+02 1.310999e+03 1.790086e+03 2.447502e+03 3.311003e+03
1.001379e+03 1.001379e+03 1.001379e+03 1.001379e+03 1.001379e+03 1.001397e+03 1.001473e+03 1.001846e+03 1.002135e+03 1.002456e+03 1.002729e+03 1.000586e+03 9.925425e+02 9.753725e+02 9.478030e+02 9.111262e+02 8.685633e+02 6.759546e+02 5.902733e+02 5.700467e+02 5.809352e+02 6.095766e+02 6.523319e+02 7.853296e+02 1.003755e+03 1.340081e+03 1.826801e+03 2.493472e+03 3.367529e+03
1.014583e+03 1.014583e+03 1.014583e+03 1.014584e+03 1.014584e+03 1.014600e+03 1.014665e+03 1.014960e+03 1.015183e+03 1.015435e+03 1.015586e+03 1.013352e+03 1.005235e+03 9.880026e+02 9.603831e+02 9.236791e+02 8.811200e+02 6.888228e+02 6.032746e+02 5.831371e+02 5.945736e+02 6.243323e+02 6.686106e+02 8.053754e+02 1.028542e+03 1.370694e+03 1.865164e+03 2.541287e+03 3.426118e+03
1.027633e+03 1.027633e+03 1.027633e+03 1.027633e+03 1.027633e+03 1.027644e+03 1.027696e+03 1.027992e+03 1.028225e+03 1.028486e+03 1.028640e+03 1.026394e+03 1.018254e+03 1.000992e+03 9.733492e+02 9.366387e+02 8.940995e+02 7.021730e+02 6.168338e+02 5.968011e+02 6.087391e+02 6.395921e+02 6.854533e+02 8.263044e+02 1.054608e+03 1.402989e+03 1.905266e+03 2.591024e+03 3.486840e+03
1.040563e+03 1.040563e+03 1.040563e+03 1.040563e+03 1.040566e+03 1.040624e+03 1.040759e+03 1.041174e+03 1.041445e+03 1.041735e+03 1.041937e+03 1.039720e+03 1.031594e+03 1.014335e+03 9.866933e+02 9.499952e+02 9.074886e+02 7.159733e+02 6.309232e+02 6.110404e+02 6.234617e+02 6.553923e+02 7.028856e+02 8.481239e+02 1.081966e+03 1.437024e+03 1.947206e+03 2.642766e+03 3.549770e+03
1.054361e+03 1.054361e+03 1.054361e+03 1.054362e+03 1.054364e+03 1.054406e+03 1.054507e+03 1.054863e+03 1.055123e+03 1.055413e+03 1.055628e+03 1.053431e+03 1.045321e+03 1.028074e+03 1.000445e+03 9.637673e+02 9.212979e+02 7.302086e+02 6.455256e+02 6.258597e+02 6.387722e+02 6.717743e+02 7.209418e+02 8.708484e+02 1.110634e+03 1.472795e+03 1.991101e+03 2.696603e+03 3.614987e+03
1.068440e+03 1.068440e+03 1.068440e+03 1.068440e+03 1.068441e+03 1.068473e+03 1.068580e+03 1.068988e+03 1.069265e+03 1.069563e+03 1.069784e+03 1.067594e+03 1.059496e+03 1.042262e+03 1.014647e+03 9.779908e+02 9.355553e+02 7.448793e+02 6.606350e+02 6.412675e+02 6.547025e+02 6.887830e+02 7.396639e+02 8.945002e+02 1.140630e+03 1.510325e+03 2.037095e+03 2.752635e+03 3.682577e+03
1.083452e+03 1.083452e+03 1.083452e+03 1.083452e+03 1.083452e+03 1.083462e+03 1.083499e+03 1.083743e+03 1.083964e+03 1.084226e+03 1.084419e+03 1.082237e+03 1.074162e+03 1.056952e+03 1.029356e+03 9.927171e+02 9.503059e+02 7.600011e+02 6.762563e+02 6.572778e+02 6.712861e+02 7.064664e+02 7.591002e+02 9.191096e+02 1.171983e+03 1.549641e+03 2.085351e+03 2.810968e+03 3.752631e+03
1.097898e+03 1.097898e+03 1.097898e+03 1.097898e+03 1.097900e+03 1.097959e+03 1.098124e+03 1.098607e+03 1.098903e+03 1.099222e+03 1.099502e+03 1.097399e+03 1.089391e+03 1.072227e+03 1.044654e+03 1.008022e+03 9.656165e+02 7.756044e+02 6.924055e+02 6.739097e+02 6.885586e+02 7.248746e+02 7.793048e+02 9.447146e+02 1.204720e+03 1.590776e+03 2.135887e+03 2.871726e+03 3.825246e+03
1.113961e+03 1.113961e+03 1.113961e+03 1.113961e+03 1.113961e+03 1.113962e+03 1.113984e+03 1.114264e+03 1.114542e+03 1.114880e+03 1.115257e+03 1.113266e+03 1.105347e+03 1.088231e+03 1.060665e+03 1.024011e+03 9.815743e+02 7.917322e+02 7.091085e+02 6.911887e+02 7.065577e+02 7.440600e+02 8.003360e+02 9.713611e+02 1.238878e+03 1.633767e+03 2.188726e+03 2.935049e+03 3.900527e+03
1.129603e+03 1.129603e+03 1.129603e+03 1.129604e+03 1.129607e+03 1.129686e+03 1.129910e+03 1.130595e+03 1.131015e+03 1.131462e+03 1.131998e+03 1.130113e+03 1.122251e+03 1.105138e+03 1.077526e+03 1.040794e+03 9.982732e+02 8.084375e+02 7.264005e+02 7.091459e+02 7.253243e+02 7.640772e+02 8.222562e+02 9.991026e+02 1.274497e+03 1.678654e+03 2.243902e+03 3.001120e+03 3.978589e+03
1.148337e+03 1.148337e+03 1.148337e+03 1.148337e+03 1.148338e+03 1.148358e+03 1.148430e+03 1.148836e+03 1.149178e+03 1.149579e+03 1.150071e+03 1.148163e+03 1.140262e+03 1.123072e+03 1.095339e+03 1.058462e+03 1.015795e+03 8.257793e+02 7.443236e+02 7.278178e+02 7.449021e+02 7.849828e+02 8.451311e+02 1.027999e+03 1.311624e+03 1.725482e+03 2.301460e+03 3.070067e+03 4.059559e+03
1.167473e+03 1.167473e+03 1.167473e+03 1.167474e+03 1.167476e+03 1.167534e+03 1.167702e+03 1.168230e+03 1.168569e+03 1.168941e+03 1.169355e+03 1.167367e+03 1.159372e+03 1.142050e+03 1.114144e+03 1.077066e+03 1.034200e+03 8.438202e+02 7.629263e+02 7.472463e+02 7.653385e+02 8.068358e+02 8.690295e+02 1.058119e+03 1.350312e+03 1.774297e+03 2.361447e+03 3.141898e+03 4.143577e+03
1.188357e+03 1.188357e+03 1.188357e+03 1.188357e+03 1.188357e+03 1.188360e+03 1.188380e+03 1.188624e+03 1.188880e+03 1.189202e+03 1.189569e+03 1.187549e+03 1.179490e+03 1.162045e+03 1.133952e+03 1.096645e+03 1.053541e+03 8.626255e+02 7.822617e+02 7.674780e+02 7.866840e+02 8.296977e+02 8.940232e+02 1.089533e+03 1.390619e+03 1.825151e+03 2.423913e+03 3.216648e+03 4.230813e+03
1.208354e+03 1.208354e+03 1.208354e+03 1.208355e+03 1.208357e+03 1.208427e+03 1.208629e+03 1.209270e+03 1.209674e+03 1.210110e+03 1.210629e+03 1.208688e+03 1.200625e+03 1.183083e+03 1.154806e+03 1.117253e+03 1.073881e+03 8.822627e+02 8.023865e+02 7.885640e+02 8.089931e+02 8.536327e+02 9.201868e+02 1.122323e+03 1.432610e+03 1.878097e+03 2.488910e+03 3.294365e+03 4.321477e+03
1.230989e+03 1.230989e+03 1.230989e+03 1.230989e+03 1.230990e+03 1.231014e+03 1.231104e+03 1.231552e+03 1.231915e+03 1.232341e+03 1.232892e+03 1.230988e+03 1.222911e+03 1.205267e+03 1.176791e+03 1.138969e+03 1.095298e+03 9.028016e+02 8.233610e+02 8.105596e+02 8.323240e+02 8.787081e+02 9.475979e+02 1.156570e+03 1.476358e+03 1.933197e+03 2.556495e+03 3.375098e+03 4.415633e+03
1.254274e+03 1.254274e+03 1.254274e+03 1.254275e+03 1.254277e+03 1.254332e+03 1.254484e+03 1.255035e+03 1.255428e+03 1.255878e+03 1.256466e+03 1.254582e+03 1.246472e+03 1.228706e+03 1.200010e+03 1.161888e+03 1.117879e+03 9.243146e+02 8.452482e+02 8.335243e+02 8.567389e+02 9.049947e+02 9.763371e+02 1.192365e+03 1.521940e+03 1.990514e+03 2.626725e+03 3.458905e+03 4.513296e+03
1.279165e+03 1.279165e+03 1.279165e+03 1.279166e+03 1.279167e+03 1.279215e+03 1.279361e+03 1.279927e+03 1.280335e+03 1.280799e+03 1.281416e+03 1.279544e+03 1.271395e+03 1.253496e+03 1.224560e+03 1.186107e+03 1.141722e+03 9.468771e+02 8.681144e+02 8.575217e+02 8.823045e+02 9.325668e+02 1.006488e+03 1.229801e+03 1.569438e+03 2.050116e+03 2.699662e+03 3.545842e+03 4.614509e+03
1.305689e+03 1.305689e+03 1.305689e+03 1.305689e+03 1.305691e+03 1.305728e+03 1.305846e+03 1.306335e+03 1.306712e+03 1.307159e+03 1.307783e+03 1.305936e+03 1.297765e+03 1.279742e+03 1.250554e+03 1.211741e+03 1.166934e+03 9.705682e+02 8.920288e+02 8.826196e+02 9.090919e+02 9.615028e+02 1.038139e+03 1.268974e+03 1.618943e+03 2.112078e+03 2.775370e+03 3.635970e+03 4.719324e+03
1.333116e+03 1.333116e+03 1.333116e+03 1.333117e+03 1.333118e+03 1.333161e+03 1.333298e+03 1.333868e+03 1.334303e+03 1.334817e+03 1.335585e+03 1.333861e+03 1.325727e+03 1.307600e+03 1.278147e+03 1.238933e+03 1.193645e+03 9.954706e+02 9.170639e+02 9.088904e+02 9.371770e+02 9.918853e+02 1.071380e+03 1.309988e+03 1.670548e+03 2.176477e+03 2.853914e+03 3.729350e+03 4.827795e+03
1.362019e+03 1.362019e+03 1.362019e+03 1.362019e+03 1.362021e+03 1.362085e+03 1.362280e+03 1.363033e+03 1.363579e+03 1.364208e+03 1.365201e+03 1.363647e+03 1.355563e+03 1.337310e+03 1.307540e+03 1.267853e+03 1.222001e+03 1.021670e+03 9.432956e+02 9.364109e+02 9.666406e+02 1.023802e+03 1.106306e+03 1.352948e+03 1.724353e+03 2.243398e+03 2.935366e+03 3.826046e+03 4.939981e+03
1.393646e+03 1.393646e+03 1.393646e+03 1.393647e+03 1.393649e+03 1.393721e+03 1.393941e+03 1.394787e+03 1.395394e+03 1.396087e+03 1.397204e+03 1.395727e+03 1.387602e+03 1.369129e+03 1.338941e+03 1.298671e+03 1.252145e+03 1.049251e+03 9.708029e+02 9.652632e+02 9.975691e+02 1.057344e+03 1.143017e+03 1.397962e+03 1.780463e+03 2.312928e+03 3.019799e+03 3.926123e+03 5.055944e+03
1.428550e+03 1.428550e+03 1.428550e+03 1.428551e+03 1.428553e+03 1.428621e+03 1.428820e+03 1.429585e+03 1.430146e+03 1.430799e+03 1.431857e+03 1.430311e+03 1.422023e+03 1.403215e+03 1.372489e+03 1.331514e+03 1.284190e+03 1.078297e+03 9.996685e+02 9.955341e+02 1.030054e+03 1.092610e+03 1.181616e+03 1.445144e+03 1.838987e+03 2.385161e+03 3.107290e+03 4.029649e+03 5.175745e+03
1.465968e+03 1.465968e+03 1.465968e+03 1.465968e+03 1.465970e+03 1.466018e+03 1.466171e+03 1.466820e+03 1.467329e+03 1.467940e+03 1.468931e+03 1.467296e+03 1.458804e+03 1.439593e+03 1.408240e+03 1.366449e+03 1.318212e+03 1.108891e+03 1.029978e+03 1.027316e+03 1.064194e+03 1.129702e+03 1.222212e+03 1.494610e+03 1.900038e+03 2.460195e+03 3.197921e+03 4.136694e+03 5.299447e+03
1.504838e+03 1.504838e+03 1.504838e+03 1.504839e+03 1.504841e+03 1.504906e+03 1.505109e+03 1.505891e+03 1.506464e+03 1.507131e+03 1.508203e+03 1.506561e+03 1.497891e+03 1.478257e+03 1.446214e+03 1.403521e+03 1.354267e+03 1.141112e+03 1.061823e+03 1.060709e+03 1.100093e+03 1.168729e+03 1.264917e+03 1.546481e+03 1.963733e+03 2.538132e+03 3.291775e+03 4.247328e+03 5.427116e+03
1.546197e+03 1.546197e+03 1.546197e+03 1.546198e+03 1.546200e+03 1.546271e+03 1.546489e+03 1.547342e+03 1.547963e+03 1.548681e+03 1.549837e+03 1.548194e+03 1.539338e+03 1.519246e+03 1.486453e+03 1.442773e+03 1.392407e+03 1.175039e+03 1.095298e+03 1.095816e+03 1.137862e+03 1.209805e+03 1.309849e+03 1.600879e+03 2.030193e+03 2.619080e+03 3.388942e+03 4.361627e+03 5.558817e+03
1.590428e+03 1.590428e+03 1.590428e+03 1.590429e+03 1.590431e+03 1.590503e+03 1.590722e+03 1.591557e+03 1.592166e+03 1.592874e+03 1.594018e+03 1.592313e+03 1.583224e+03 1.562623e+03 1.529011e+03 1.484261e+03 1.432691e+03 1.210760e+03 1.130506e+03 1.132751e+03 1.177618e+03 1.253052e+03 1.357130e+03 1.657932e+03 2.099543e+03 2.703149e+03 3.489514e+03 4.479666e+03 5.694618e+03
1.637314e+03 1.637314e+03 1.637314e+03 1.637314e+03 1.637316e+03 1.637371e+03 1.637544e+03 1.638275e+03 1.638851e+03 1.639542e+03 1.640679e+03 1.638914e+03 1.629580e+03 1.608433e+03 1.573943e+03 1.528045e+03 1.475184e+03 1.248365e+03 1.167556e+03 1.171633e+03 1.219485e+03 1.298594e+03 1.406889e+03 1.717770e+03 2.171910e+03 2.790454e+03 3.593586e+03 4.601526e+03 5.834586e+03
1.685777e+03 1.685777e+03 1.685777e+03 1.685778e+03 1.685781e+03 1.685867e+03 1.686118e+03 1.687063e+03 1.687744e+03 1.688529e+03 1.689795e+03 1.688031e+03 1.678459e+03 1.656738e+03 1.621315e+03 1.574197e+03 1.519965e+03 1.287959e+03 1.206567e+03 1.212591e+03 1.263597e+03 1.346565e+03 1.459258e+03 1.780526e+03 2.247425e+03 2.881113e+03 3.701258e+03 4.727289e+03 5.978792e+03
1.737528e+03 1.737528e+03 1.737528e+03 1.737529e+03 1.737532e+03 1.737622e+03 1.737891e+03 1.738882e+03 1.739582e+03 1.740383e+03 1.741667e+03 1.739834e+03 1.729973e+03 1.707627e+03 1.671212e+03 1.622805e+03 1.567128e+03 1.329657e+03 1.247669e+03 1.255760e+03 1.310090e+03 1.397103e+03 1.514375e+03 1.846336e+03 2.326221e+03 2.975248e+03 3.812634e+03 4.857038e+03 6.127308e+03
1.792838e+03 1.792838e+03 1.792838e+03 1.792838e+03 1.792840e+03 1.792892e+03 1.793057e+03 1.793786e+03 1.794382e+03 1.795109e+03 1.796305e+03 1.794353e+03 1.784174e+03 1.761173e+03 1.723724e+03 1.673974e+03 1.616788e+03 1.373589e+03 1.290999e+03 1.301286e+03 1.359112e+03 1.450352e+03 1.572381e+03 1.915340e+03 2.408434e+03 3.072985e+03 3.927820e+03 4.990861e+03 6.280205e+03
1.849281e+03 1.849281e+03 1.849281e+03 1.849282e+03 1.849285e+03 1.849369e+03 1.849621e+03 1.850611e+03 1.851334e+03 1.852170e+03 1.853507e+03 1.851544e+03 1.841095e+03 1.817454e+03 1.778961e+03 1.727833e+03 1.669082e+03 1.419898e+03 1.336705e+03 1.349321e+03 1.410814e+03 1.506461e+03 1.633422e+03 1.987681e+03 2.494201e+03 3.174450e+03 4.046926e+03 5.128850e+03 6.437560e+03
1.908987e+03 1.908987e+03 1.908987e+03 1.908988e+03 1.908992e+03 1.909098e+03 1.909423e+03 1.910583e+03 1.911360e+03 1.912228e+03 1.913593e+03 1.911584e+03 1.900880e+03 1.876624e+03 1.837090e+03 1.784555e+03 1.724188e+03 1.468737e+03 1.384944e+03 1.400024e+03 1.465354e+03 1.565585e+03 1.697650e+03 2.063502e+03 2.583664e+03 3.279775e+03 4.170065e+03 5.271096e+03 6.599448e+03
1.973473e+03 1.973473e+03 1.973473e+03 1.973473e+03 1.973474e+03 1.973495e+03 1.973581e+03 1.974113e+03 1.974633e+03 1.975326e+03 1.976572e+03 1.974570e+03 1.963715e+03 1.938918e+03 1.898359e+03 1.844379e+03 1.782319e+03 1.520261e+03 1.435877e+03 1.453561e+03 1.522895e+03 1.627883e+03 1.765218e+03 2.142952e+03 2.676963e+03 3.389090e+03 4.297353e+03 5.417697e+03 6.765948e+03
2.037282e+03 2.037282e+03 2.037282e+03 2.037282e+03 2.037283e+03 2.037307e+03 2.037451e+03 2.038406e+03 2.039255e+03 2.040314e+03 2.042278e+03 2.040793e+03 2.030039e+03 2.004773e+03 1.963144e+03 1.907606e+03 1.843716e+03 1.574624e+03 1.489670e+03 1.510102e+03 1.583607e+03 1.693518e+03 1.836285e+03 2.226180e+03 2.774243e+03 3.502532e+03 4.428908e+03 5.568750e+03 6.937141e+03
2.103277e+03 2.103277e+03 2.103277e+03 2.103280e+03 2.103286e+03 2.103508e+03 2.104190e+03 2.106610e+03 2.108165e+03 2.109841e+03 2.112721e+03 2.111687e+03 2.100837e+03 2.074844e+03 2.031872e+03 1.974520e+03 1.908576e+03 1.631964e+03 1.546491e+03 1.569822e+03 1.647660e+03 1.762657e+03 1.911010e+03 2.313337e+03 2.875650e+03 3.620236e+03 4.564853e+03 5.724358e+03 7.113109e+03
2.183292e+03 2.183292e+03 2.183292e+03 2.183294e+03 2.183301e+03 2.183454e+03 2.183876e+03 2.185459e+03 2.186588e+03 2.187880e+03 2.190110e+03 2.188439e+03 2.176721e+03 2.149431e+03 2.104680e+03 2.045180e+03 1.976938e+03 1.692406e+03 1.606513e+03 1.632902e+03 1.715232e+03 1.835470e+03 1.989559e+03 2.404578e+03 2.981328e+03 3.742341e+03 4.705309e+03 5.884624e+03 7.293937e+03
2.269783e+03 2.269783e+03 2.269783e+03 2.269783e+03 2.269784e+03 2.269807e+03 2.269881e+03 2.270334e+03 2.270823e+03 2.271490e+03 2.272577e+03 2.269820e+03 2.256847e+03 2.227937e+03 2.181149e+03 2.119309e+03 2.048634e+03 1.756069e+03 1.669910e+03 1.699522e+03 1.786503e+03 1.912131e+03 2.072097e+03 2.500058e+03 3.091428e+03 3.868985e+03 4.850403e+03 6.049654e+03 7.479711e+03
2.353681e+03 2.353681e+03 2.353681e+03 2.353682e+03 2.353685e+03 2.353771e+03 2.354002e+03 2.354828e+03 2.355422e+03 2.356108e+03 2.356974e+03 2.353655e+03 2.339709e+03 2.309328e+03 2.260590e+03 2.196470e+03 2.123417e+03 1.823080e+03 1.736865e+03 1.769872e+03 1.861654e+03 1.992813e+03 2.158792e+03 2.599932e+03 3.206096e+03 4.000309e+03 5.000262e+03 6.219557e+03 7.670521e+03
2.438851e+03 2.438851e+03 2.438851e+03 2.438852e+03 2.438855e+03 2.438947e+03 2.439232e+03 2.440265e+03 2.440956e+03 2.441708e+03 2.442584e+03 2.439034e+03 2.424462e+03 2.392939e+03 2.342540e+03 2.276385e+03 2.201154e+03 1.893601e+03 1.807569e+03 1.844140e+03 1.940870e+03 2.077696e+03 2.249814e+03 2.704359e+03 3.325483e+03 4.136456e+03 5.155015e+03 6.394445e+03 7.866457e+03
2.527054e+03 2.527054e+03 2.527054e+03 2.527054e+03 2.527055e+03 2.527078e+03 2.527174e+03 2.527693e+03 2.528156e+03 2.528745e+03 2.529481e+03 2.525861e+03 2.510989e+03 2.478696e+03 2.426995e+03 2.359117e+03 2.281966e+03 1.967832e+03 1.882221e+03 1.922522e+03 2.024339e+03 2.166959e+03 2.345335e+03 2.813498e+03 3.449740e+03 4.277566e+03 5.314792e+03 6.574429e+03 8.067612e+03
2.614009e+03 2.614009e+03 2.614009e+03 2.614009e+03 2.614010e+03 2.614031e+03 2.614112e+03 2.614717e+03 2.615345e+03 2.616174e+03 2.617522e+03 2.614453e+03 2.599778e+03 2.567118e+03 2.514440e+03 2.445102e+03 2.366234e+03 2.046018e+03 1.961031e+03 2.005215e+03 2.112251e+03 2.260783e+03 2.445528e+03 2.927508e+03 3.579016e+03 4.423783e+03 5.479724e+03 6.759625e+03 8.274082e+03
2.699734e+03 2.699734e+03 2.699734e+03 2.699736e+03 2.699743e+03 2.699965e+03 2.700614e+03 2.702834e+03 2.704307e+03 2.705933e+03 2.708635e+03 2.706504e+03 2.692225e+03 2.659319e+03 2.605755e+03 2.535034e+03 2.454516e+03 2.128423e+03 2.044214e+03 2.092420e+03 2.204797e+03 2.359349e+03 2.550566e+03 3.046548e+03 3.713463e+03 4.575251e+03 5.649945e+03 6.950149e+03 8.485962e+03
2.796832e+03 2.796832e+03 2.796832e+03 2.796834e+03 2.796841e+03 2.797065e+03 2.797744e+03 2.800153e+03 2.801745e+03 2.803491e+03 2.806421e+03 2.804420e+03 2.789998e+03 2.756502e+03 2.701843e+03 2.629611e+03 2.547366e+03 2.215317e+03 2.131987e+03 2.184341e+03 2.302169e+03 2.462841e+03 2.660623e+03 3.170780e+03 3.853233e+03 4.732112e+03 5.825586e+03 7.146118e+03 8.703352e+03
2.906374e+03 2.906374e+03 2.906374e+03 2.906374e+03 2.906375e+03 2.906413e+03 2.906561e+03 2.907477e+03 2.908324e+03 2.909413e+03 2.911353e+03 2.908676e+03 2.893594e+03 2.859173e+03 2.803191e+03 2.729284e+03 2.645192e+03 2.306961e+03 2.224574e+03 2.281185e+03 2.404563e+03 2.571443e+03 2.775875e+03 3.300364e+03 3.998476e+03 4.894512e+03 6.006783e+03 7.347653e+03 8.926351e+03
3.016205e+03 3.016205e+03 3.016205e+03 3.016205e+03 3.016206e+03 3.016243e+03 3.016370e+03 3.017143e+03 3.017904e+03 3.018918e+03 3.020753e+03 3.017940e+03 3.002481e+03 2.967244e+03 2.909935e+03 2.834292e+03 2.748266e+03 2.403603e+03 2.322200e+03 2.383160e+03 2.512173e+03 2.685339e+03 2.896494e+03 3.435460e+03 4.149344e+03 5.062593e+03 6.193670e+03 7.554872e+03 9.155062e+03
3.125217e+03 3.125217e+03 3.125217e+03 3.125219e+03 3.125226e+03 3.125435e+03 3.126055e+03 3.128227e+03 3.129712e+03 3.131398e+03 3.134325e+03 3.132159e+03 3.116767e+03 3.080911e+03 3.022317e+03 2.944891e+03 2.856851e+03 2.505494e+03 2.425098e+03 2.490478e+03 2.625196e+03 2.804712e+03 3.022656e+03 3.576228e+03 4.305988e+03 5.236500e+03 6.386381e+03 7.767898e+03 9.389587e+03
3.244351e+03 3.244351e+03 3.244351e+03 3.244353e+03 3.244359e+03 3.244570e+03 3.245224e+03 3.247715e+03 3.249463e+03 3.251442e+03 3.254927e+03 3.253080e+03 3.237522e+03 3.200854e+03 3.140800e+03 3.061435e+03 2.971247e+03 2.612902e+03 2.533505e+03 2.603354e+03 2.743828e+03 2.929746e+03 3.154534e+03 3.722828e+03 4.468558e+03 5.416377e+03 6.585052e+03 7.986852e+03 9.630032e+03
3.375367e+03 3.375367e+03 3.375367e+03 3.375368e+03 3.375372e+03 3.375505e+03 3.375945e+03 3.377836e+03 3.379281e+03 3.380989e+03 3.384021e+03 3.381705e+03 3.365412e+03 3.327529e+03 3.265732e+03 3.184228e+03 3.091751e+03 2.726119e+03 2.647670e+03 2.722003e+03 2.868265e+03 3.060624e+03 3.292300e+03 3.875420e+03 4.637206e+03 5.602366e+03 6.789817e+03 8.211857e+03 9.876503e+03
3.513099e+03 3.513099e+03 3.513099e+03 3.513101e+03 3.513105e+03 3.513237e+03 3.513647e+03 3.515261e+03 3.516459e+03 3.517874e+03 3.520267e+03 3.517248e+03 3.500025e+03 3.460796e+03 3.397170e+03 3.313466e+03 3.218647e+03 2.845479e+03 2.767854e+03 2.846644e+03 2.998703e+03 3.197527e+03 3.436127e+03 4.034161e+03 4.812081e+03 5.794610e+03 7.000811e+03 8.443035e+03 1.012911e+04
3.655767e+03 3.655767e+03 3.655767e+03 3.655768e+03 3.655771e+03 3.655862e+03 3.656167e+03 3.657454e+03 3.658455e+03 3.659675e+03 3.661735e+03 3.658397e+03 3.640635e+03 3.600397e+03 3.535192e+03 3.449440e+03 3.352341e+03 2.971357e+03 2.894322e+03 2.977495e+03 3.135336e+03 3.340635e+03 3.586185e+03 4.199209e+03 4.993333e+03 5.993253e+03 7.218168e+03 8.680511e+03 1.038795e+04
3.800823e+03 3.800823e+03 3.800823e+03 3.800824e+03 3.800827e+03 3.800914e+03 3.801187e+03 3.802410e+03 3.803479e+03 3.804867e+03 3.807507e+03 3.804817e+03 3.787371e+03 3.746780e+03 3.680428e+03 3.592851e+03 3.493532e+03 3.104170e+03 3.027343e+03 3.114772e+03 3.278356e+03 3.490126e+03 3.742642e+03 4.370721e+03 5.181109e+03 6.198435e+03 7.442023e+03 8.924407e+03 1.065314e+04
3.946983e+03 3.946983e+03 3.946983e+03 3.946984e+03 3.946987e+03 3.947165e+03 3.947793e+03 3.950414e+03 3.952400e+03 3.954775e+03 3.959418e+03 3.958470e+03 3.942110e+03 3.901639e+03 3.834349e+03 3.744943e+03 3.643253e+03 3.244343e+03 3.167182e+03 3.258688e+03 3.427952e+03 3.646176e+03 3.905665e+03 4.548854e+03 5.375558e+03 6.410298e+03 7.672510e+03 9.174847e+03 1.092479e+04
4.104431e+03 4.104431e+03 4.104431e+03 4.104434e+03 4.104445e+03 4.104795e+03 4.105883e+03 4.110071e+03 4.113025e+03 4.116411e+03 4.123042e+03 4.123735e+03 4.108266e+03 4.067608e+03 3.998967e+03 3.907244e+03 3.802664e+03 3.392272e+03 3.314090e+03 3.409449e+03 3.584308e+03 3.808956e+03 4.075419e+03 4.733760e+03 5.576827e+03 6.628982e+03 7.909761e+03 9.431954e+03 1.120300e+04
4.284607e+03 4.284607e+03 4.284607e+03 4.284611e+03 4.284622e+03 4.284971e+03 4.286038e+03 4.290150e+03 4.293141e+03 4.296643e+03 4.303668e+03 4.304655e+03 4.288894e+03 4.246965e+03 4.175957e+03 4.080978e+03 3.972665e+03 3.548276e+03 3.468299e+03 3.567253e+03 3.747604e+03 3.978636e+03 4.252067e+03 4.925595e+03 5.785063e+03 6.854627e+03 8.153908e+03 9.695851e+03 1.148789e+04
4.485354e+03 4.485354e+03 4.485354e+03 4.485357e+03 4.485366e+03 4.485642e+03 4.486506e+03 4.490027e+03 4.492683e+03 4.495842e+03 4.502146e+03 4.502180e+03 4.484850e+03 4.440399e+03 4.365844e+03 4.266536e+03 4.153558e+03 3.712567e+03 3.630016e+03 3.732289e+03 3.918015e+03 4.155382e+03 4.435769e+03 5.124511e+03 6.000411e+03 7.087372e+03 8.405084e+03 9.966660e+03 1.177957e+04
4.701500e+03 4.701500e+03 4.701500e+03 4.701503e+03 4.701511e+03 4.701788e+03 4.702643e+03 4.705905e+03 4.708243e+03 4.710965e+03 4.716089e+03 4.714464e+03 4.694718e+03 4.646838e+03 4.567836e+03 4.463360e+03 4.344977e+03 3.885263e+03 3.799430e+03 3.904739e+03 4.095712e+03 4.339358e+03 4.626683e+03 5.330658e+03 6.223015e+03 7.327355e+03 8.663419e+03 1.024450e+04 1.207814e+04
4.931680e+03 4.931680e+03 4.931680e+03 4.931682e+03 4.931686e+03 4.931825e+03 4.932303e+03 4.934457e+03 4.936149e+03 4.938182e+03 4.941766e+03 4.938193e+03 4.915732e+03 4.864086e+03 4.780272e+03 4.670258e+03 4.546116e+03 4.066424e+03 3.976717e+03 4.084777e+03 4.280859e+03 4.530723e+03 4.824966e+03 5.544188e+03 6.453019e+03 7.574712e+03 8.929042e+03 1.052950e+04 1.238372e+04
