3.230146e+08 2.736749e+08 2.489846e+08 1.854292e+08 1.611336e+08 1.191053e+08 1.092209e+08 9.878124e+07 9.526527e+07 9.250313e+07 8.852650e+07 8.587577e+07 8.403660e+07 8.272036e+07 8.175422e+07 8.102837e+07 8.046911e+07 7.876853e+07 7.728790e+07 7.556869e+07 7.397931e+07 7.296455e+07 7.281421e+07 7.555529e+07 8.243393e+07 9.331630e+07 1.080653e+08 1.265299e+08 1.484833e+08
1.164131e+08 1.164146e+08 1.164180e+08 1.164231e+08 1.160524e+08 1.119225e+08 1.068868e+08 9.790082e+07 9.459367e+07 9.196582e+07 8.815698e+07 8.560907e+07 8.383970e+07 8.257367e+07 8.164504e+07 8.094797e+07 8.041123e+07 7.877136e+07 7.731121e+07 7.559800e+07 7.401014e+07 7.299642e+07 7.284815e+07 7.559763e+07 8.249012e+07 9.339081e+07 1.081615e+08 1.266503e+08 1.486292e+08
1.087812e+08 1.087817e+08 1.087829e+08 1.088064e+08 1.088249e+08 1.084010e+08 1.044080e+08 9.672056e+07 9.373089e+07 9.130023e+07 8.772234e+07 8.530571e+07 8.362084e+07 8.241333e+07 8.152721e+07 8.086207e+07 8.034992e+07 7.877444e+07 7.733524e+07 7.562794e+07 7.404146e+07 7.302874e+07 7.288251e+07 7.564046e+07 8.254692e+07 9.346608e+07 1.082587e+08 1.267718e+08 1.487763e+08
1.065009e+08 1.065010e+08 1.065012e+08 1.064946e+08 1.064616e+08 1.049932e+08 1.032854e+08 9.532664e+07 9.268834e+07 9.050589e+07 8.722101e+07 8.496498e+07 8.337977e+07 8.223928e+07 8.140075e+07 8.077073e+07 8.028522e+07 7.877780e+07 7.735997e+07 7.565849e+07 7.407329e+07 7.306150e+07 7.291730e+07 7.568380e+07 8.260434e+07 9.354211e+07 1.083568e+08 1.268943e+08 1.489245e+08
1.034747e+08 1.034748e+08 1.034750e+08 1.034788e+08 1.034823e+08 1.025895e+08 1.010573e+08 9.420232e+07 9.158331e+07 8.961785e+07 8.665736e+07 8.458767e+07 8.311670e+07 8.205163e+07 8.126574e+07 8.067400e+07 8.021720e+07 7.878146e+07 7.738542e+07 7.568964e+07 7.410560e+07 7.309469e+07 7.295252e+07 7.572763e+07 8.266239e+07 9.361890e+07 1.084558e+08 1.270179e+08 1.490739e+08
1.009116e+08 1.009117e+08 1.009118e+08 1.009145e+08 1.009183e+08 1.004325e+08 9.860559e+07 9.354312e+07 9.074575e+07 8.874363e+07 8.604904e+07 8.417785e+07 8.283286e+07 8.185083e+07 8.112238e+07 8.057201e+07 8.014592e+07 7.878543e+07 7.741157e+07 7.572139e+07 7.413838e+07 7.312829e+07 7.298816e+07 7.577195e+07 8.272106e+07 9.369645e+07 1.085557e+08 1.271425e+08 1.492244e+08
9.874594e+07 9.874597e+07 9.874605e+07 9.874803e+07 9.875140e+07 9.847961e+07 9.662446e+07 9.276349e+07 9.022976e+07 8.810896e+07 8.543540e+07 8.374542e+07 8.253132e+07 8.163803e+07 8.097117e+07 8.046497e+07 8.007150e+07 7.878971e+07 7.743842e+07 7.575373e+07 7.417164e+07 7.316232e+07 7.302421e+07 7.581678e+07 8.278035e+07 9.377478e+07 1.086565e+08 1.272681e+08 1.493760e+08
9.689701e+07 9.689703e+07 9.689710e+07 9.689864e+07 9.690168e+07 9.674230e+07 9.506528e+07 9.170545e+07 8.969918e+07 8.770819e+07 8.488756e+07 8.330882e+07 8.221811e+07 8.141547e+07 8.081302e+07 8.035331e+07 7.999415e+07 7.879432e+07 7.746594e+07 7.578663e+07 7.420535e+07 7.319675e+07 7.306067e+07 7.586210e+07 8.284028e+07 9.385388e+07 1.087582e+08 1.273947e+08 1.495288e+08
9.530744e+07 9.530746e+07 9.530752e+07 9.530890e+07 9.531177e+07 9.521613e+07 9.377093e+07 9.050185e+07 8.901473e+07 8.733339e+07 8.451866e+07 8.289783e+07 8.190318e+07 8.118698e+07 8.064958e+07 8.023778e+07 7.991422e+07 7.879925e+07 7.749413e+07 7.582008e+07 7.423950e+07 7.323158e+07 7.309753e+07 7.590792e+07 8.290083e+07 9.393376e+07 1.088609e+08 1.275225e+08 1.496828e+08
9.394196e+07 9.394198e+07 9.394202e+07 9.394321e+07 9.394586e+07 9.388727e+07 9.264939e+07 8.932928e+07 8.819270e+07 8.688005e+07 8.428819e+07 8.255933e+07 8.160157e+07 8.095850e+07 8.048340e+07 8.011955e+07 7.983229e+07 7.880451e+07 7.752295e+07 7.585406e+07 7.427408e+07 7.326680e+07 7.313479e+07 7.595423e+07 8.296202e+07 9.401442e+07 1.089644e+08 1.276512e+08 1.498379e+08
9.276976e+07 9.276977e+07 9.276981e+07 9.277080e+07 9.277316e+07 9.273629e+07 9.166045e+07 8.829210e+07 8.731996e+07 8.632712e+07 8.410325e+07 8.235311e+07 8.133482e+07 8.073851e+07 8.031825e+07 8.000042e+07 7.974925e+07 7.881014e+07 7.755240e+07 7.588855e+07 7.430907e+07 7.330239e+07 7.317245e+07 7.600104e+07 8.302385e+07 9.409587e+07 1.090689e+08 1.277811e+08 1.499942e+08
8.900315e+07 8.900315e+07 8.900318e+07 8.900383e+07 8.900558e+07 8.900431e+07 8.828442e+07 8.528431e+07 8.415098e+07 8.347197e+07 8.274212e+07 8.193468e+07 8.101761e+07 8.026142e+07 7.976551e+07 7.951320e+07 7.938037e+07 7.884672e+07 7.770821e+07 7.606772e+07 7.448950e+07 7.348560e+07 7.336635e+07 7.624244e+07 8.334254e+07 9.451498e+07 1.096055e+08 1.284464e+08 1.507936e+08
8.752449e+07 8.752449e+07 8.752451e+07 8.752499e+07 8.752635e+07 8.752741e+07 8.688481e+07 8.429433e+07 8.315862e+07 8.229934e+07 8.144146e+07 8.120885e+07 8.097798e+07 8.058544e+07 8.013577e+07 7.974205e+07 7.945254e+07 7.892164e+07 7.787825e+07 7.625584e+07 7.467725e+07 7.367630e+07 7.356888e+07 7.649592e+07 8.367731e+07 9.495418e+07 1.101660e+08 1.291390e+08 1.516232e+08
8.738250e+07 8.738250e+07 8.738251e+07 8.738288e+07 8.738396e+07 8.738176e+07 8.674760e+07 8.427766e+07 8.320986e+07 8.232878e+07 8.117386e+07 8.076032e+07 8.073766e+07 8.074670e+07 8.063153e+07 8.040289e+07 8.012665e+07 7.911813e+07 7.806993e+07 7.645099e+07 7.486986e+07 7.387270e+07 7.377887e+07 7.676115e+07 8.402826e+07 9.541385e+07 1.107509e+08 1.298594e+08 1.524835e+08
8.800914e+07 8.800914e+07 8.800915e+07 8.800942e+07 8.801021e+07 8.800031e+07 8.732867e+07 8.479398e+07 8.373975e+07 8.287398e+07 8.161679e+07 8.095313e+07 8.077601e+07 8.085490e+07 8.096511e+07 8.098154e+07 8.087828e+07 7.962339e+07 7.830746e+07 7.665499e+07 7.506576e+07 7.407319e+07 7.399521e+07 7.703777e+07 8.439546e+07 9.589431e+07 1.113608e+08 1.306084e+08 1.533753e+08
8.898674e+07 8.898674e+07 8.898675e+07 8.898697e+07 8.898764e+07 8.897404e+07 8.826561e+07 8.562768e+07 8.455769e+07 8.369795e+07 8.243490e+07 8.164332e+07 8.126909e+07 8.121667e+07 8.133139e+07 8.146436e+07 8.151995e+07 8.041877e+07 7.864307e+07 7.687637e+07 7.526546e+07 7.427688e+07 7.421697e+07 7.732540e+07 8.477895e+07 9.639586e+07 1.119960e+08 1.313865e+08 1.542992e+08
9.027725e+07 9.027725e+07 9.027726e+07 9.027746e+07 9.027807e+07 9.026151e+07 8.951517e+07 8.675572e+07 8.564983e+07 8.477436e+07 8.350576e+07 8.266015e+07 8.214581e+07 8.192249e+07 8.191370e+07 8.201164e+07 8.211312e+07 8.129428e+07 7.916910e+07 7.713377e+07 7.547279e+07 7.448411e+07 7.444376e+07 7.762375e+07 8.517877e+07 9.691880e+07 1.126570e+08 1.321942e+08 1.552558e+08
9.184993e+07 9.184993e+07 9.184994e+07 9.185012e+07 9.185067e+07 9.183121e+07 9.104666e+07 8.815125e+07 8.699208e+07 8.607888e+07 8.477111e+07 8.388789e+07 8.328354e+07 8.291575e+07 8.275018e+07 8.272655e+07 8.276765e+07 8.212365e+07 7.983590e+07 7.746230e+07 7.569624e+07 7.469711e+07 7.467600e+07 7.793270e+07 8.559500e+07 9.746342e+07 1.133443e+08 1.330320e+08 1.562456e+08
9.365675e+07 9.365675e+07 9.365676e+07 9.365686e+07 9.365718e+07 9.362998e+07 9.279252e+07 8.972447e+07 8.849662e+07 8.753131e+07 8.616018e+07 8.523830e+07 8.457384e+07 8.409896e+07 8.378987e+07 8.361815e+07 8.353816e+07 8.285304e+07 8.054154e+07 7.791063e+07 7.595082e+07 7.492060e+07 7.491524e+07 7.825241e+07 8.602777e+07 9.803002e+07 1.140584e+08 1.339006e+08 1.572694e+08
9.547189e+07 9.547189e+07 9.547189e+07 9.547202e+07 9.547240e+07 9.544481e+07 9.456715e+07 9.134699e+07 9.005774e+07 8.904499e+07 8.761160e+07 8.665078e+07 8.593962e+07 8.538409e+07 8.495515e+07 8.463991e+07 8.441743e+07 8.347974e+07 8.121550e+07 7.843340e+07 7.626326e+07 7.516253e+07 7.516450e+07 7.858341e+07 8.647734e+07 9.861894e+07 1.147997e+08 1.348004e+08 1.583275e+08
9.733312e+07 9.733313e+07 9.733313e+07 9.733325e+07 9.733360e+07 9.730379e+07 9.638466e+07 9.301736e+07 9.166974e+07 9.061061e+07 8.910833e+07 8.809501e+07 8.732998e+07 8.670074e+07 8.616821e+07 8.572343e+07 8.536011e+07 8.402311e+07 8.181327e+07 7.897816e+07 7.665817e+07 7.543535e+07 7.542862e+07 7.892674e+07 8.694414e+07 9.923057e+07 1.155686e+08 1.357320e+08 1.594208e+08
9.927785e+07 9.927785e+07 9.927785e+07 9.927797e+07 9.927831e+07 9.924657e+07 9.828731e+07 9.476996e+07 9.335538e+07 9.223697e+07 9.063256e+07 8.953281e+07 8.868980e+07 8.797946e+07 8.735153e+07 8.679322e+07 8.630335e+07 8.450317e+07 8.231496e+07 7.950660e+07 7.710177e+07 7.576061e+07 7.571473e+07 7.928406e+07 8.742880e+07 9.986540e+07 1.163657e+08 1.366959e+08 1.605496e+08
1.013368e+08 1.013368e+08 1.013368e+08 1.013369e+08 1.013372e+08 1.013001e+08 1.002864e+08 9.656205e+07 9.504871e+07 9.384172e+07 9.208812e+07 9.086987e+07 8.993111e+07 8.913700e+07 8.842521e+07 8.777449e+07 8.718185e+07 8.493217e+07 8.272009e+07 7.999191e+07 7.756508e+07 7.614837e+07 7.603333e+07 7.965774e+07 8.793222e+07 1.005240e+08 1.171915e+08 1.376928e+08 1.617146e+08
1.031566e+08 1.031566e+08 1.031566e+08 1.031566e+08 1.031566e+08 1.031087e+08 1.020274e+08 9.807963e+07 9.646804e+07 9.517661e+07 9.328722e+07 9.196610e+07 9.094825e+07 9.009012e+07 8.931940e+07 8.860598e+07 8.794208e+07 8.531528e+07 8.304055e+07 8.041876e+07 7.802602e+07 7.657479e+07 7.640199e+07 8.005103e+07 8.845563e+07 1.012071e+08 1.180466e+08 1.387232e+08 1.629164e+08
1.042525e+08 1.042525e+08 1.042525e+08 1.042525e+08 1.042525e+08 1.042048e+08 1.030968e+08 9.904294e+07 9.738504e+07 9.605411e+07 9.410140e+07 9.273254e+07 9.167896e+07 9.079342e+07 8.999797e+07 8.925604e+07 8.855505e+07 8.565494e+07 8.329411e+07 8.078230e+07 7.846805e+07 7.702215e+07 7.682207e+07 8.046824e+07 8.900063e+07 1.019157e+08 1.189318e+08 1.397877e+08 1.641557e+08
1.048649e+08 1.048649e+08 1.048649e+08 1.048649e+08 1.048649e+08 1.048163e+08 1.036879e+08 9.956467e+07 9.788289e+07 9.653585e+07 9.456641e+07 9.319271e+07 9.214088e+07 9.126070e+07 9.047067e+07 8.972973e+07 8.902117e+07 8.595472e+07 8.349979e+07 8.108591e+07 7.888009e+07 7.747641e+07 7.727674e+07 8.091514e+07 8.956925e+07 1.026507e+08 1.198478e+08 1.408871e+08 1.654330e+08
1.051685e+08 1.051685e+08 1.051685e+08 1.051685e+08 1.051685e+08 1.051213e+08 1.039816e+08 9.981479e+07 9.811984e+07 9.676635e+07 9.479864e+07 9.343860e+07 9.240669e+07 9.154942e+07 9.078234e+07 9.006083e+07 8.936456e+07 8.622102e+07 8.367517e+07 8.133841e+07 7.925629e+07 7.792641e+07 7.775414e+07 8.140004e+07 9.016406e+07 1.034136e+08 1.207955e+08 1.420221e+08 1.667490e+08
1.053414e+08 1.053414e+08 1.053414e+08 1.053414e+08 1.053415e+08 1.052943e+08 1.041443e+08 9.994279e+07 9.823792e+07 9.688004e+07 9.491616e+07 9.357122e+07 9.256133e+07 9.173018e+07 9.099082e+07 9.029567e+07 8.962113e+07 8.646263e+07 8.383506e+07 8.155136e+07 7.959538e+07 7.836375e+07 7.824457e+07 8.193423e+07 9.078824e+07 1.042059e+08 1.217761e+08 1.431936e+08 1.681044e+08
1.054840e+08 1.054840e+08 1.054840e+08 1.054840e+08 1.054841e+08 1.054372e+08 1.042796e+08 1.000496e+08 9.833495e+07 9.697122e+07 9.500539e+07 9.366854e+07 9.267412e+07 9.186377e+07 9.114854e+07 9.047848e+07 8.982714e+07 8.668923e+07 8.399103e+07 8.173688e+07 7.989961e+07 7.878280e+07 7.873994e+07 8.251144e+07 9.144577e+07 1.050296e+08 1.227907e+08 1.444023e+08 1.695001e+08
1.056678e+08 1.056678e+08 1.056678e+08 1.056678e+08 1.056679e+08 1.056203e+08 1.044531e+08 1.001892e+08 9.846172e+07 9.708868e+07 9.511319e+07 9.377613e+07 9.278885e+07 9.199144e+07 9.129351e+07 9.064328e+07 9.001202e+07 8.690971e+07 8.415142e+07 8.190609e+07 8.017362e+07 7.918050e+07 7.923373e+07 8.312305e+07 9.214185e+07 1.058868e+08 1.238407e+08 1.456495e+08 1.709367e+08
1.058896e+08 1.058896e+08 1.058896e+08 1.058896e+08 1.058897e+08 1.058417e+08 1.046652e+08 1.003678e+08 9.862689e+07 9.724365e+07 9.525536e+07 9.391329e+07 9.292715e+07 9.213607e+07 9.144872e+07 9.081217e+07 9.019609e+07 8.713095e+07 8.432158e+07 8.206831e+07 8.042332e+07 7.955601e+07 7.972099e+07 8.376278e+07 9.288441e+07 1.067804e+08 1.249277e+08 1.469361e+08 1.724152e+08
1.061454e+08 1.061454e+08 1.061454e+08 1.061455e+08 1.061455e+08 1.060971e+08 1.049120e+08 1.005836e+08 9.883030e+07 9.743731e+07 9.543568e+07 9.408632e+07 9.309762e+07 9.230803e+07 9.162578e+07 9.099731e+07 9.039131e+07 8.735737e+07 8.450427e+07 8.223059e+07 8.065499e+07 7.991024e+07 8.019830e+07 8.442525e+07 9.367864e+07 1.077135e+08 1.260536e+08 1.482635e+08 1.739366e+08
1.064470e+08 1.064470e+08 1.064470e+08 1.064470e+08 1.064471e+08 1.063984e+08 1.052044e+08 1.008428e+08 9.907598e+07 9.767218e+07 9.565525e+07 9.429641e+07 9.330227e+07 9.251048e+07 9.182894e+07 9.120376e+07 9.060310e+07 8.759086e+07 8.470012e+07 8.239781e+07 8.087455e+07 8.024538e+07 8.066367e+07 8.510574e+07 9.451787e+07 1.086901e+08 1.272204e+08 1.496330e+08 1.755018e+08
1.067892e+08 1.067892e+08 1.067892e+08 1.067892e+08 1.067893e+08 1.067400e+08 1.055365e+08 1.011404e+08 9.935939e+07 9.794425e+07 9.591090e+07 9.454099e+07 9.353910e+07 9.274207e+07 9.205754e+07 9.143157e+07 9.083211e+07 8.783108e+07 8.490809e+07 8.257282e+07 8.108712e+07 8.056441e+07 8.111639e+07 8.580019e+07 9.539728e+07 1.097154e+08 1.284307e+08 1.510464e+08 1.771121e+08
1.071637e+08 1.071637e+08 1.071637e+08 1.071637e+08 1.071638e+08 1.071139e+08 1.059006e+08 1.014700e+08 9.967500e+07 9.824860e+07 9.619818e+07 9.481551e+07 9.380344e+07 9.299823e+07 9.230741e+07 9.167715e+07 9.107538e+07 8.807594e+07 8.512593e+07 8.275678e+07 8.129687e+07 8.087064e+07 8.155676e+07 8.650520e+07 9.631307e+07 1.107972e+08 1.296872e+08 1.525052e+08 1.787687e+08
1.075698e+08 1.075698e+08 1.075698e+08 1.075699e+08 1.075699e+08 1.075198e+08 1.062974e+08 1.018323e+08 1.000223e+08 9.858309e+07 9.651202e+07 9.511306e+07 9.408759e+07 9.327119e+07 9.257123e+07 9.193388e+07 9.132712e+07 8.832208e+07 8.535062e+07 8.294955e+07 8.150684e+07 8.116739e+07 8.198589e+07 8.721798e+07 9.726198e+07 1.119355e+08 1.309933e+08 1.540116e+08 1.804730e+08
1.080189e+08 1.080189e+08 1.080189e+08 1.080189e+08 1.080189e+08 1.079670e+08 1.067313e+08 1.022204e+08 1.003908e+08 9.893515e+07 9.683841e+07 9.542002e+07 9.437890e+07 9.354950e+07 9.283878e+07 9.219284e+07 9.157965e+07 8.856548e+07 8.557878e+07 8.315004e+07 8.171909e+07 8.145774e+07 8.240544e+07 8.793646e+07 9.824108e+07 1.131254e+08 1.323532e+08 1.555678e+08 1.822264e+08
1.084294e+08 1.084294e+08 1.084294e+08 1.084295e+08 1.084295e+08 1.083773e+08 1.071319e+08 1.025847e+08 1.007394e+08 9.927055e+07 9.715252e+07 9.571709e+07 9.466153e+07 9.381974e+07 9.309858e+07 9.244419e+07 9.182458e+07 8.880205e+07 8.580697e+07 8.335647e+07 8.193472e+07 8.174437e+07 8.281741e+07 8.865919e+07 9.924781e+07 1.143639e+08 1.337723e+08 1.571763e+08 1.840307e+08
1.087773e+08 1.087773e+08 1.087773e+08 1.087773e+08 1.087773e+08 1.087251e+08 1.074739e+08 1.029042e+08 1.010492e+08 9.957170e+07 9.743853e+07 9.598969e+07 9.492222e+07 9.407009e+07 9.334027e+07 9.267900e+07 9.205434e+07 8.902818e+07 8.603194e+07 8.356668e+07 8.215409e+07 8.202948e+07 8.322392e+07 8.938536e+07 1.002799e+08 1.156487e+08 1.352573e+08 1.588401e+08 1.858877e+08
1.090982e+08 1.090982e+08 1.090982e+08 1.090983e+08 1.090983e+08 1.090456e+08 1.077882e+08 1.031937e+08 1.013271e+08 9.983955e+07 9.768997e+07 9.622858e+07 9.515136e+07 9.429167e+07 9.355612e+07 9.289074e+07 9.226346e+07 8.924122e+07 8.625084e+07 8.377827e+07 8.237689e+07 8.231473e+07 8.362708e+07 9.011472e+07 1.013354e+08 1.169775e+08 1.368048e+08 1.605626e+08 1.877995e+08
1.093700e+08 1.093700e+08 1.093700e+08 1.093700e+08 1.093700e+08 1.093150e+08 1.080477e+08 1.034262e+08 1.015490e+08 1.000531e+08 9.789174e+07 9.642305e+07 9.534130e+07 9.447891e+07 9.374199e+07 9.307627e+07 9.244953e+07 8.943968e+07 8.646121e+07 8.398874e+07 8.260229e+07 8.260130e+07 8.402888e+07 9.084751e+07 1.024129e+08 1.183484e+08 1.384117e+08 1.623482e+08 1.897684e+08
1.094887e+08 1.094887e+08 1.094887e+08 1.094887e+08 1.094887e+08 1.094352e+08 1.081719e+08 1.035589e+08 1.016850e+08 1.001917e+08 9.803470e+07 9.656971e+07 9.549148e+07 9.463261e+07 9.389921e+07 9.323702e+07 9.261383e+07 8.962322e+07 8.666092e+07 8.419553e+07 8.282907e+07 8.288987e+07 8.443113e+07 9.158440e+07 1.035111e+08 1.197598e+08 1.400761e+08 1.642031e+08 1.917969e+08
1.095506e+08 1.095506e+08 1.095506e+08 1.095506e+08 1.095507e+08 1.094977e+08 1.082380e+08 1.036381e+08 1.017709e+08 1.002839e+08 9.813820e+07 9.668293e+07 9.561321e+07 9.476188e+07 9.403518e+07 9.337893e+07 9.276104e+07 8.979223e+07 8.684806e+07 8.439604e+07 8.305570e+07 8.318071e+07 8.483537e+07 9.232638e+07 1.046291e+08 1.212101e+08 1.417961e+08 1.661304e+08 1.938881e+08
1.096045e+08 1.096045e+08 1.096045e+08 1.096045e+08 1.096046e+08 1.095518e+08 1.082953e+08 1.037079e+08 1.018467e+08 1.003653e+08 9.822989e+07 9.678423e+07 9.572340e+07 9.488008e+07 9.416042e+07 9.351023e+07 9.289749e+07 8.994721e+07 8.702062e+07 8.458761e+07 8.328041e+07 8.347373e+07 8.524290e+07 9.307475e+07 1.057667e+08 1.226981e+08 1.435703e+08 1.681264e+08 1.960456e+08
1.096636e+08 1.096636e+08 1.096636e+08 1.096636e+08 1.096636e+08 1.096112e+08 1.083586e+08 1.037853e+08 1.019302e+08 1.004542e+08 9.832788e+07 9.689008e+07 9.583624e+07 9.499900e+07 9.428441e+07 9.363826e+07 9.302863e+07 9.008795e+07 8.717632e+07 8.476747e+07 8.350125e+07 8.376857e+07 8.565478e+07 9.383096e+07 1.069235e+08 1.242226e+08 1.453973e+08 1.701889e+08 1.982739e+08
1.097416e+08 1.097416e+08 1.097416e+08 1.097416e+08 1.097417e+08 1.096895e+08 1.084407e+08 1.038814e+08 1.020321e+08 1.005609e+08 9.844218e+07 9.700993e+07 9.596012e+07 9.512560e+07 9.441255e+07 9.376690e+07 9.315698e+07 9.021284e+07 8.731237e+07 8.493275e+07 8.371618e+07 8.406463e+07 8.607184e+07 9.459661e+07 1.081000e+08 1.257827e+08 1.472760e+08 1.723163e+08 2.005793e+08
1.098436e+08 1.098436e+08 1.098436e+08 1.098437e+08 1.098437e+08 1.097916e+08 1.085464e+08 1.040005e+08 1.021567e+08 1.006898e+08 9.857656e+07 9.714672e+07 9.609697e+07 9.526072e+07 9.454461e+07 9.389501e+07 9.328063e+07 9.031840e+07 8.742538e+07 8.508049e+07 8.392312e+07 8.436117e+07 8.649470e+07 9.537338e+07 1.092965e+08 1.273777e+08 1.492052e+08 1.745073e+08 2.029612e+08
1.099683e+08 1.099683e+08 1.099683e+08 1.099684e+08 1.099684e+08 1.099165e+08 1.086752e+08 1.041427e+08 1.023037e+08 1.008398e+08 9.872836e+07 9.729608e+07 9.624111e+07 9.539785e+07 9.467369e+07 9.401556e+07 9.339260e+07 9.039915e+07 8.751139e+07 8.520767e+07 8.411999e+07 8.465737e+07 8.692386e+07 9.616297e+07 1.105139e+08 1.290072e+08 1.511838e+08 1.767607e+08 2.054165e+08
1.101195e+08 1.101195e+08 1.101195e+08 1.101195e+08 1.101195e+08 1.100672e+08 1.088278e+08 1.043024e+08 1.024646e+08 1.010001e+08 9.888364e+07 9.744274e+07 9.637707e+07 9.552205e+07 9.478573e+07 9.411554e+07 9.348103e+07 9.044800e+07 8.756607e+07 8.531133e+07 8.430483e+07 8.495239e+07 8.735967e+07 9.696709e+07 1.117532e+08 1.306709e+08 1.532112e+08 1.790754e+08 2.079435e+08
1.102506e+08 1.102506e+08 1.102506e+08 1.102506e+08 1.102506e+08 1.101978e+08 1.089601e+08 1.044398e+08 1.026016e+08 1.011349e+08 9.901008e+07 9.755783e+07 9.647929e+07 9.561075e+07 9.486088e+07 9.417753e+07 9.353062e+07 9.045694e+07 8.758497e+07 8.538868e+07 8.447583e+07 8.524543e+07 8.780243e+07 9.778745e+07 1.130156e+08 1.323690e+08 1.552863e+08 1.814504e+08 2.105408e+08
1.102888e+08 1.102888e+08 1.102888e+08 1.102888e+08 1.102888e+08 1.102352e+08 1.090005e+08 1.044932e+08 1.026585e+08 1.011931e+08 9.906557e+07 9.760622e+07 9.651811e+07 9.563875e+07 9.487756e+07 9.418297e+07 9.352535e+07 9.041801e+07 8.756392e+07 8.543724e+07 8.463143e+07 8.553581e+07 8.825241e+07 9.862567e+07 1.143024e+08 1.341015e+08 1.574088e+08 1.838848e+08 2.132073e+08
1.101785e+08 1.101785e+08 1.101785e+08 1.101785e+08 1.101785e+08 1.101251e+08 1.088984e+08 1.044200e+08 1.025960e+08 1.011380e+08 9.901839e+07 9.756043e+07 9.646973e+07 9.558537e+07 9.481781e+07 9.411624e+07 9.345161e+07 9.032434e+07 8.749935e+07 8.545496e+07 8.477036e+07 8.582296e+07 8.870987e+07 9.948338e+07 1.156152e+08 1.358688e+08 1.595780e+08 1.863777e+08 2.159419e+08
1.099185e+08 1.099185e+08 1.099185e+08 1.099185e+08 1.099185e+08 1.098656e+08 1.086502e+08 1.042123e+08 1.024045e+08 1.009592e+08 9.885651e+07 9.740797e+07 9.632188e+07 9.543897e+07 9.467083e+07 9.396744e+07 9.330044e+07 9.017088e+07 8.738860e+07 8.544035e+07 8.489173e+07 8.610652e+07 8.917511e+07 1.003621e+08 1.169555e+08 1.376717e+08 1.617937e+08 1.889283e+08 2.187435e+08
1.095205e+08 1.095205e+08 1.095205e+08 1.095204e+08 1.095204e+08 1.094681e+08 1.082662e+08 1.038781e+08 1.020906e+08 1.006615e+08 9.858213e+07 9.714887e+07 9.607300e+07 9.519694e+07 9.443334e+07 9.373298e+07 9.306813e+07 8.995485e+07 8.723010e+07 8.539253e+07 8.499499e+07 8.638631e+07 8.964849e+07 1.012633e+08 1.183250e+08 1.395108e+08 1.640556e+08 1.915359e+08 2.216113e+08
1.089983e+08 1.089983e+08 1.089983e+08 1.089983e+08 1.089982e+08 1.089467e+08 1.077605e+08 1.034297e+08 1.016657e+08 1.002556e+08 9.820416e+07 9.679019e+07 9.572843e+07 9.486310e+07 9.410793e+07 9.341446e+07 9.275554e+07 8.967567e+07 8.702337e+07 8.531124e+07 8.508002e+07 8.666240e+07 9.013046e+07 1.021886e+08 1.197253e+08 1.413871e+08 1.663636e+08 1.941998e+08 2.245443e+08
1.083679e+08 1.083679e+08 1.083679e+08 1.083679e+08 1.083679e+08 1.083172e+08 1.071486e+08 1.028814e+08 1.011436e+08 9.975452e+07 9.773420e+07 9.634217e+07 9.529697e+07 9.444490e+07 9.370080e+07 9.301695e+07 9.236679e+07 8.933470e+07 8.676903e+07 8.519688e+07 8.514707e+07 8.693507e+07 9.062154e+07 1.031391e+08 1.211582e+08 1.433017e+08 1.687180e+08 1.969194e+08 2.275417e+08
1.076477e+08 1.076477e+08 1.076477e+08 1.076476e+08 1.076476e+08 1.075979e+08 1.064478e+08 1.022483e+08 1.005382e+08 9.917154e+07 9.718442e+07 9.581587e+07 9.478867e+07 9.395130e+07 9.321985e+07 9.254737e+07 9.190787e+07 8.893479e+07 8.646857e+07 8.505038e+07 8.519675e+07 8.720480e+07 9.112236e+07 1.041163e+08 1.226254e+08 1.452556e+08 1.711188e+08 1.996942e+08 2.306025e+08
1.068516e+08 1.068516e+08 1.068516e+08 1.068516e+08 1.068516e+08 1.068026e+08 1.056718e+08 1.015429e+08 9.986187e+07 9.851859e+07 9.656598e+07 9.522180e+07 9.421331e+07 9.339137e+07 9.267340e+07 9.201326e+07 9.138557e+07 8.847971e+07 8.612423e+07 8.487318e+07 8.523001e+07 8.747230e+07 9.163364e+07 1.051215e+08 1.241286e+08 1.472502e+08 1.735665e+08 2.025239e+08 2.337261e+08
1.059906e+08 1.059906e+08 1.059906e+08 1.059906e+08 1.059906e+08 1.059426e+08 1.048319e+08 1.007762e+08 9.912505e+07 9.780580e+07 9.588854e+07 9.456920e+07 9.357972e+07 9.277348e+07 9.206932e+07 9.142197e+07 9.080669e+07 8.797377e+07 8.573872e+07 8.466707e+07 8.524808e+07 8.773846e+07 9.215620e+07 1.061560e+08 1.256694e+08 1.492867e+08 1.760615e+08 2.054081e+08 2.369115e+08
1.050758e+08 1.050758e+08 1.050758e+08 1.050758e+08 1.050757e+08 1.050287e+08 1.039384e+08 9.995713e+07 9.833641e+07 9.704158e+07 9.516014e+07 9.386587e+07 9.289548e+07 9.210497e+07 9.141466e+07 9.078021e+07 9.017758e+07 8.742146e+07 8.531509e+07 8.443418e+07 8.525243e+07 8.800434e+07 9.269093e+07 1.072209e+08 1.272494e+08 1.513666e+08 1.786044e+08 2.083465e+08 2.401582e+08
1.041140e+08 1.041140e+08 1.041140e+08 1.041140e+08 1.041140e+08 1.040678e+08 1.029981e+08 9.909244e+07 9.750260e+07 9.623254e+07 9.438736e+07 9.311830e+07 9.216699e+07 9.139211e+07 9.071553e+07 9.009392e+07 8.950395e+07 8.682717e+07 8.485656e+07 8.417683e+07 8.524468e+07 8.827111e+07 9.323881e+07 1.083174e+08 1.288703e+08 1.534913e+08 1.811959e+08 2.113392e+08 2.434654e+08
1.031108e+08 1.031108e+08 1.031108e+08 1.031108e+08 1.031108e+08 1.030656e+08 1.020169e+08 9.818800e+07 9.662944e+07 9.538443e+07 9.357578e+07 9.233198e+07 9.139963e+07 9.064019e+07 8.997713e+07 8.936818e+07 8.879079e+07 8.619509e+07 8.436638e+07 8.389744e+07 8.522662e+07 8.854008e+07 9.380088e+07 1.094468e+08 1.305335e+08 1.556621e+08 1.838368e+08 2.143860e+08 2.468325e+08
1.020736e+08 1.020736e+08 1.020736e+08 1.020736e+08 1.020735e+08 1.020292e+08 1.010017e+08 9.724965e+07 9.572244e+07 9.450249e+07 9.273028e+07 9.151152e+07 9.059786e+07 8.985358e+07 8.920379e+07 8.860730e+07 8.804237e+07 8.552913e+07 8.384778e+07 8.359854e+07 8.520013e+07 8.881261e+07 9.437824e+07 1.106100e+08 1.322405e+08 1.578806e+08 1.865278e+08 2.174869e+08 2.502589e+08
1.010077e+08 1.010077e+08 1.010077e+08 1.010077e+08 1.010077e+08 1.009643e+08 9.995772e+07 9.628220e+07 9.478608e+07 9.359093e+07 9.185466e+07 9.066050e+07 8.976520e+07 8.903579e+07 8.839907e+07 8.781491e+07 8.726236e+07 8.483291e+07 8.330390e+07 8.328263e+07 8.516711e+07 8.909016e+07 9.497202e+07 1.118083e+08 1.339927e+08 1.601481e+08 1.892699e+08 2.206422e+08 2.537442e+08
9.991725e+07 9.991725e+07 9.991725e+07 9.991725e+07 9.991722e+07 9.987470e+07 9.888873e+07 9.528845e+07 9.382290e+07 9.265213e+07 9.095124e+07 8.978138e+07 8.890425e+07 8.818965e+07 8.756597e+07 8.699413e+07 8.645403e+07 8.410983e+07 8.273777e+07 8.295222e+07 8.512952e+07 8.937420e+07 9.558337e+07 1.130426e+08 1.357914e+08 1.624660e+08 1.920641e+08 2.238521e+08 2.572878e+08
9.880117e+07 9.880117e+07 9.880117e+07 9.880117e+07 9.880114e+07 9.875947e+07 9.779394e+07 9.426847e+07 9.283339e+07 9.168699e+07 9.002155e+07 8.887615e+07 8.801738e+07 8.731776e+07 8.670727e+07 8.614792e+07 8.562043e+07 8.336312e+07 8.215233e+07 8.260975e+07 8.508930e+07 8.966620e+07 9.621346e+07 1.143140e+08 1.376380e+08 1.648358e+08 1.949114e+08 2.271168e+08 2.608894e+08
9.766167e+07 9.766167e+07 9.766167e+07 9.766166e+07 9.766164e+07 9.762093e+07 9.667587e+07 9.322486e+07 9.182018e+07 9.069815e+07 8.906832e+07 8.794762e+07 8.710748e+07 8.642308e+07 8.582601e+07 8.527936e+07 8.476467e+07 8.259585e+07 8.155038e+07 8.225760e+07 8.504834e+07 8.996767e+07 9.686349e+07 1.156234e+08 1.395337e+08 1.672588e+08 1.978127e+08 2.304366e+08 2.645486e+08
9.650588e+07 9.650588e+07 9.650588e+07 9.650587e+07 9.650585e+07 9.646602e+07 9.554095e+07 9.216307e+07 9.078833e+07 8.969035e+07 8.809581e+07 8.699971e+07 8.617821e+07 8.550913e+07 8.492559e+07 8.439175e+07 8.389000e+07 8.181104e+07 8.093460e+07 8.189805e+07 8.500851e+07 9.028008e+07 9.753461e+07 1.169719e+08 1.414795e+08 1.697362e+08 2.007691e+08 2.338121e+08 2.682652e+08
9.533881e+07 9.533881e+07 9.533881e+07 9.533880e+07 9.533878e+07 9.529985e+07 9.439446e+07 9.108841e+07 8.974303e+07 8.866863e+07 8.710867e+07 8.603674e+07 8.523362e+07 8.457967e+07 8.400957e+07 8.348851e+07 8.299970e+07 8.101157e+07 8.030754e+07 8.153329e+07 8.497162e+07 9.060486e+07 9.822799e+07 1.183604e+08 1.434767e+08 1.722693e+08 2.037817e+08 2.372436e+08 2.720390e+08
9.416566e+07 9.416566e+07 9.416566e+07 9.416566e+07 9.416564e+07 9.412758e+07 9.324142e+07 9.000553e+07 8.868881e+07 8.763739e+07 8.611113e+07 8.506272e+07 8.427751e+07 8.363837e+07 8.308145e+07 8.257298e+07 8.209700e+07 8.020020e+07 7.967164e+07 8.116539e+07 8.493940e+07 9.094343e+07 9.894477e+07 1.197898e+08 1.455262e+08 1.748594e+08 2.068514e+08 2.407317e+08 2.758698e+08
9.298981e+07 9.298981e+07 9.298981e+07 9.298981e+07 9.298979e+07 9.295252e+07 9.208508e+07 8.891768e+07 8.762895e+07 8.659997e+07 8.510655e+07 8.408103e+07 8.331323e+07 8.268847e+07 8.214439e+07 8.164823e+07 8.118487e+07 7.937954e+07 7.902915e+07 8.079631e+07 8.491349e+07 9.129715e+07 9.968606e+07 1.212609e+08 1.476291e+08 1.775075e+08 2.099794e+08 2.442770e+08 2.797575e+08
9.181296e+07 9.181296e+07 9.181296e+07 9.181295e+07 9.181294e+07 9.177652e+07 9.092754e+07 8.782739e+07 8.656607e+07 8.555905e+07 8.409771e+07 8.309448e+07 8.234358e+07 8.173279e+07 8.120118e+07 8.071702e+07 8.026601e+07 7.855196e+07 7.838217e+07 8.042786e+07 8.489545e+07 9.166731e+07 1.004529e+08 1.227746e+08 1.497861e+08 1.802147e+08 2.131666e+08 2.478799e+08 2.837020e+08
9.063898e+07 9.063898e+07 9.063898e+07 9.063898e+07 9.063896e+07 9.060329e+07 8.977216e+07 8.673737e+07 8.550274e+07 8.451711e+07 8.308700e+07 8.210546e+07 8.137098e+07 8.077373e+07 8.025422e+07 7.978172e+07 7.934278e+07 7.771965e+07 7.773263e+07 8.006174e+07 8.488675e+07 9.205518e+07 1.012465e+08 1.243318e+08 1.519983e+08 1.829822e+08 2.164139e+08 2.515410e+08 2.877034e+08
8.946890e+07 8.946890e+07 8.946890e+07 8.946890e+07 8.946889e+07 8.943401e+07 8.862042e+07 8.564955e+07 8.444096e+07 8.347617e+07 8.207649e+07 8.111602e+07 8.039748e+07 7.981335e+07 7.930557e+07 7.884441e+07 7.841724e+07 7.688453e+07 7.708227e+07 7.969950e+07 8.488878e+07 9.246195e+07 1.020676e+08 1.259331e+08 1.542664e+08 1.858107e+08 2.197224e+08 2.552610e+08 2.917616e+08
8.830545e+07 8.830545e+07 8.830545e+07 8.830544e+07 8.830543e+07 8.827126e+07 8.747462e+07 8.456578e+07 8.338252e+07 8.243799e+07 8.106788e+07 8.012790e+07 7.942483e+07 7.885343e+07 7.835702e+07 7.790687e+07 7.749118e+07 7.604833e+07 7.643266e+07 7.934258e+07 8.490281e+07 9.288875e+07 1.029175e+08 1.275794e+08 1.565912e+08 1.887013e+08 2.230929e+08 2.590405e+08 2.958767e+08
8.714888e+07 8.714888e+07 8.714888e+07 8.714888e+07 8.714887e+07 8.711545e+07 8.633545e+07 8.348727e+07 8.232871e+07 8.140395e+07 8.006264e+07 7.914258e+07 7.845453e+07 7.789547e+07 7.741009e+07 7.697062e+07 7.656613e+07 7.521253e+07 7.578520e+07 7.899228e+07 8.493006e+07 9.333665e+07 1.037968e+08 1.292713e+08 1.589734e+08 1.916547e+08 2.265263e+08 2.628800e+08 3.000487e+08
8.600156e+07 8.600156e+07 8.600156e+07 8.600156e+07 8.600155e+07 8.596881e+07 8.520488e+07 8.241550e+07 8.128093e+07 8.037538e+07 7.906206e+07 7.816135e+07 7.748787e+07 7.694078e+07 7.646608e+07 7.603700e+07 7.564342e+07 7.437844e+07 7.514114e+07 7.864976e+07 8.497162e+07 9.380668e+07 1.047067e+08 1.310096e+08 1.614137e+08 1.946718e+08 2.300233e+08 2.667801e+08 3.042779e+08
8.486347e+07 8.486347e+07 8.486347e+07 8.486346e+07 8.486345e+07 8.483142e+07 8.408326e+07 8.135134e+07 8.024016e+07 7.935331e+07 7.806723e+07 7.718530e+07 7.652596e+07 7.599045e+07 7.552611e+07 7.510710e+07 7.472415e+07 7.354718e+07 7.450156e+07 7.831611e+07 8.502853e+07 9.429978e+07 1.056478e+08 1.327949e+08 1.639126e+08 1.977532e+08 2.335848e+08 2.707415e+08 3.085642e+08
8.373660e+07 8.373660e+07 8.373660e+07 8.373660e+07 8.373659e+07 8.370520e+07 8.297224e+07 8.029597e+07 7.920747e+07 7.833876e+07 7.707908e+07 7.621537e+07 7.556970e+07 7.504541e+07 7.459109e+07 7.418185e+07 7.380927e+07 7.271969e+07 7.386743e+07 7.799229e+07 8.510174e+07 9.481689e+07 1.066211e+08 1.346279e+08 1.664708e+08 2.008997e+08 2.372114e+08 2.747645e+08 3.129079e+08
8.262070e+07 8.262070e+07 8.262070e+07 8.262070e+07 8.262069e+07 8.258995e+07 8.187187e+07 7.924981e+07 7.818339e+07 7.733231e+07 7.609827e+07 7.525223e+07 7.461983e+07 7.410640e+07 7.366179e+07 7.326203e+07 7.289955e+07 7.189678e+07 7.323957e+07 7.767916e+07 8.519216e+07 9.535884e+07 1.076273e+08 1.365090e+08 1.690888e+08 2.041117e+08 2.409039e+08 2.788497e+08 3.173090e+08
8.151662e+07 8.151662e+07 8.151662e+07 8.151662e+07 8.151661e+07 8.148648e+07 8.078279e+07 7.821334e+07 7.716835e+07 7.633441e+07 7.512530e+07 7.429643e+07 7.367691e+07 7.317402e+07 7.273881e+07 7.234826e+07 7.199562e+07 7.107910e+07 7.261871e+07 7.737752e+07 8.530059e+07 9.592645e+07 1.086672e+08 1.384390e+08 1.717671e+08 2.073900e+08 2.446627e+08 2.829977e+08 3.217677e+08
8.042400e+07 8.042400e+07 8.042400e+07 8.042400e+07 8.042399e+07 8.039449e+07 7.970488e+07 7.718677e+07 7.616268e+07 7.534545e+07 7.416065e+07 7.334848e+07 7.274146e+07 7.224878e+07 7.182267e+07 7.144103e+07 7.109797e+07 7.026719e+07 7.200547e+07 7.708809e+07 8.542782e+07 9.652050e+07 1.097415e+08 1.404184e+08 1.745061e+08 2.107348e+08 2.484884e+08 2.872088e+08 3.262842e+08
7.934423e+07 7.934423e+07 7.934423e+07 7.934423e+07 7.934422e+07 7.931530e+07 7.863930e+07 7.617095e+07 7.516715e+07 7.436612e+07 7.320486e+07 7.240886e+07 7.181392e+07 7.133107e+07 7.091373e+07 7.054072e+07 7.020697e+07 6.946146e+07 7.140039e+07 7.681151e+07 8.557455e+07 9.714171e+07 1.108509e+08 1.424476e+08 1.773063e+08 2.141468e+08 2.523815e+08 2.914834e+08 3.308584e+08
7.827753e+07 7.827753e+07 7.827753e+07 7.827752e+07 7.827752e+07 7.824916e+07 7.758638e+07 7.516631e+07 7.418214e+07 7.339679e+07 7.225827e+07 7.147786e+07 7.089454e+07 7.042115e+07 7.001224e+07 6.964755e+07 6.932286e+07 6.866225e+07 7.080392e+07 7.654837e+07 8.574147e+07 9.779077e+07 1.119959e+08 1.445272e+08 1.801680e+08 2.176262e+08 2.563424e+08 2.958219e+08 3.354905e+08
7.722362e+07 7.722362e+07 7.722362e+07 7.722362e+07 7.722361e+07 7.719581e+07 7.654586e+07 7.417266e+07 7.320754e+07 7.243739e+07 7.132088e+07 7.055551e+07 6.998336e+07 6.951904e+07 6.911825e+07 6.876159e+07 6.844571e+07 6.786978e+07 7.021648e+07 7.629922e+07 8.592921e+07 9.846833e+07 1.131774e+08 1.466576e+08 1.830916e+08 2.211733e+08 2.603715e+08 3.002245e+08 3.401806e+08
7.618237e+07 7.618237e+07 7.618237e+07 7.618237e+07 7.618236e+07 7.615509e+07 7.551757e+07 7.318976e+07 7.224309e+07 7.148764e+07 7.039242e+07 6.964156e+07 6.908019e+07 6.862462e+07 6.823165e+07 6.788278e+07 6.757550e+07 6.708421e+07 6.963842e+07 7.606458e+07 8.613836e+07 9.917502e+07 1.143957e+08 1.488393e+08 1.860773e+08 2.247885e+08 2.644689e+08 3.046916e+08 3.449287e+08
7.515294e+07 7.515294e+07 7.515294e+07 7.515294e+07 7.515293e+07 7.512617e+07 7.450072e+07 7.221697e+07 7.128820e+07 7.054702e+07 6.947243e+07 6.873564e+07 6.818470e+07 6.773759e+07 6.735221e+07 6.701093e+07 6.671211e+07 6.630565e+07 6.907006e+07 7.584492e+07 8.636949e+07 9.991141e+07 1.156516e+08 1.510727e+08 1.891254e+08 2.284720e+08 2.686351e+08 3.092232e+08 3.497348e+08
7.413463e+07 7.413463e+07 7.413463e+07 7.413463e+07 7.413462e+07 7.410835e+07 7.349462e+07 7.125365e+07 7.034227e+07 6.961496e+07 6.856043e+07 6.783731e+07 6.729652e+07 6.685766e+07 6.647969e+07 6.614586e+07 6.585539e+07 6.553422e+07 6.851172e+07 7.564070e+07 8.662314e+07 1.006781e+08 1.169454e+08 1.533581e+08 1.922362e+08 2.322238e+08 2.728700e+08 3.138196e+08 3.545988e+08
7.312671e+07 7.312671e+07 7.312671e+07 7.312671e+07 7.312670e+07 7.310093e+07 7.249861e+07 7.029929e+07 6.940482e+07 6.869101e+07 6.765600e+07 6.694622e+07 6.641534e+07 6.598455e+07 6.561387e+07 6.528741e+07 6.500523e+07 6.477004e+07 6.796370e+07 7.545235e+07 8.689981e+07 1.014755e+08 1.182778e+08 1.556959e+08 1.954098e+08 2.360442e+08 2.771739e+08 3.184807e+08 3.595208e+08
