2.974054e+04 3.875890e+04 4.375899e+04 4.441118e+04 4.165402e+04 3.324376e+04 2.883694e+04 2.592436e+04 2.565814e+04 2.572055e+04 2.631659e+04 2.716424e+04 2.808523e+04 2.902327e+04 2.996504e+04 3.091205e+04 3.186987e+04 3.679572e+04 3.907765e+04 3.257895e+04 2.273031e+04 1.622923e+04 1.278623e+04 1.012974e+04 9.609041e+03 9.920221e+03 1.076031e+04 1.211794e+04 1.408424e+04
3.371526e+04 3.371546e+04 3.371572e+04 3.368902e+04 3.349029e+04 3.057552e+04 2.763329e+04 2.561611e+04 2.550881e+04 2.566424e+04 2.635304e+04 2.723821e+04 2.817466e+04 2.911892e+04 3.006310e+04 3.101114e+04 3.196963e+04 3.689971e+04 3.916991e+04 3.263121e+04 2.274949e+04 1.623481e+04 1.278799e+04 1.013183e+04 9.613109e+03 9.926229e+03 1.076838e+04 1.212850e+04 1.409798e+04
2.877320e+04 2.877322e+04 2.877324e+04 2.876890e+04 2.873908e+04 2.782281e+04 2.623601e+04 2.527432e+04 2.535638e+04 2.561666e+04 2.640345e+04 2.732493e+04 2.827481e+04 2.922356e+04 3.016888e+04 3.111701e+04 3.207552e+04 3.700820e+04 3.926534e+04 3.268494e+04 2.276914e+04 1.624053e+04 1.278981e+04 1.013397e+04 9.617237e+03 9.932308e+03 1.077653e+04 1.213916e+04 1.411185e+04
2.553945e+04 2.553977e+04 2.554073e+04 2.555943e+04 2.558797e+04 2.544187e+04 2.537719e+04 2.496463e+04 2.522300e+04 2.558702e+04 2.646994e+04 2.742489e+04 2.838573e+04 2.933714e+04 3.028229e+04 3.122962e+04 3.218751e+04 3.712125e+04 3.936395e+04 3.274015e+04 2.278927e+04 1.624639e+04 1.279167e+04 1.013615e+04 9.621427e+03 9.938459e+03 1.078476e+04 1.214991e+04 1.412583e+04
2.444924e+04 2.444927e+04 2.444937e+04 2.445174e+04 2.445717e+04 2.441666e+04 2.466259e+04 2.484279e+04 2.515286e+04 2.559061e+04 2.655473e+04 2.753818e+04 2.850714e+04 2.945938e+04 3.040314e+04 3.134882e+04 3.230551e+04 3.723887e+04 3.946579e+04 3.279687e+04 2.280987e+04 1.625238e+04 1.279359e+04 1.013839e+04 9.625678e+03 9.944683e+03 1.079307e+04 1.216076e+04 1.413992e+04
2.404241e+04 2.404243e+04 2.404252e+04 2.404473e+04 2.405044e+04 2.408852e+04 2.426055e+04 2.496922e+04 2.524023e+04 2.565869e+04 2.666217e+04 2.766510e+04 2.863868e+04 2.958987e+04 3.053111e+04 3.147440e+04 3.242939e+04 3.736111e+04 3.957089e+04 3.285510e+04 2.283095e+04 1.625851e+04 1.279556e+04 1.014067e+04 9.629993e+03 9.950980e+03 1.080147e+04 1.217171e+04 1.415413e+04
2.402453e+04 2.402455e+04 2.402461e+04 2.402630e+04 2.403090e+04 2.409268e+04 2.420831e+04 2.517895e+04 2.549758e+04 2.585355e+04 2.680168e+04 2.780699e+04 2.878014e+04 2.972821e+04 3.066583e+04 3.160610e+04 3.255896e+04 3.748795e+04 3.967927e+04 3.291486e+04 2.285251e+04 1.626477e+04 1.279759e+04 1.014300e+04 9.634370e+03 9.957350e+03 1.080995e+04 1.218276e+04 1.416845e+04
2.420744e+04 2.420745e+04 2.420750e+04 2.420880e+04 2.421239e+04 2.428329e+04 2.440484e+04 2.540556e+04 2.582097e+04 2.616887e+04 2.699164e+04 2.796740e+04 2.893201e+04 2.987417e+04 3.080701e+04 3.174366e+04 3.269404e+04 3.761941e+04 3.979096e+04 3.297615e+04 2.287456e+04 1.627118e+04 1.279968e+04 1.014538e+04 9.638812e+03 9.963794e+03 1.081851e+04 1.219391e+04 1.418290e+04
2.448525e+04 2.448528e+04 2.448540e+04 2.448864e+04 2.449687e+04 2.461694e+04 2.476678e+04 2.565674e+04 2.615384e+04 2.653482e+04 2.726403e+04 2.815334e+04 2.909587e+04 3.002797e+04 3.095450e+04 3.188686e+04 3.283445e+04 3.775546e+04 3.990597e+04 3.303898e+04 2.289710e+04 1.627773e+04 1.280182e+04 1.014781e+04 9.643318e+03 9.970313e+03 1.082716e+04 1.220515e+04 1.419746e+04
2.502228e+04 2.502229e+04 2.502233e+04 2.502340e+04 2.502649e+04 2.510399e+04 2.523864e+04 2.595512e+04 2.648112e+04 2.690786e+04 2.760205e+04 2.837778e+04 2.927506e+04 3.019048e+04 3.110842e+04 3.203565e+04 3.298007e+04 3.789609e+04 4.002432e+04 3.310336e+04 2.292012e+04 1.628441e+04 1.280402e+04 1.015030e+04 9.647889e+03 9.976906e+03 1.083590e+04 1.221650e+04 1.421214e+04
2.559077e+04 2.559078e+04 2.559081e+04 2.559172e+04 2.559433e+04 2.565572e+04 2.576669e+04 2.630823e+04 2.680977e+04 2.726805e+04 2.797058e+04 2.865876e+04 2.947529e+04 3.036353e+04 3.126936e+04 3.219015e+04 3.313089e+04 3.804130e+04 4.014601e+04 3.316930e+04 2.294364e+04 1.629124e+04 1.280627e+04 1.015283e+04 9.652525e+03 9.983576e+03 1.084472e+04 1.222794e+04 1.422694e+04
2.824925e+04 2.824925e+04 2.824927e+04 2.824970e+04 2.825096e+04 2.828262e+04 2.835000e+04 2.849427e+04 2.866903e+04 2.896222e+04 2.969574e+04 3.034458e+04 3.091884e+04 3.153605e+04 3.225233e+04 3.307816e+04 3.397599e+04 3.883605e+04 4.080488e+04 3.352236e+04 2.306852e+04 1.632747e+04 1.281841e+04 1.016630e+04 9.676710e+03 1.001807e+04 1.089015e+04 1.228669e+04 1.430274e+04
3.039962e+04 3.039962e+04 3.039963e+04 3.039988e+04 3.040064e+04 3.042032e+04 3.046643e+04 3.056333e+04 3.061763e+04 3.072207e+04 3.116401e+04 3.180486e+04 3.245342e+04 3.306089e+04 3.367484e+04 3.434671e+04 3.510223e+04 3.975348e+04 4.154872e+04 3.391421e+04 2.320539e+04 1.636709e+04 1.283197e+04 1.018115e+04 9.702612e+03 1.005454e+04 1.093780e+04 1.234805e+04 1.438163e+04
3.215156e+04 3.215156e+04 3.215157e+04 3.215174e+04 3.215227e+04 3.216648e+04 3.220208e+04 3.229970e+04 3.235187e+04 3.241663e+04 3.267116e+04 3.315897e+04 3.380616e+04 3.449678e+04 3.517804e+04 3.585892e+04 3.656959e+04 4.083184e+04 4.238205e+04 3.434463e+04 2.335374e+04 1.640989e+04 1.284692e+04 1.019742e+04 9.730291e+03 1.009302e+04 1.098775e+04 1.241206e+04 1.446369e+04
3.366291e+04 3.366291e+04 3.366292e+04 3.366306e+04 3.366349e+04 3.368146e+04 3.373226e+04 3.388073e+04 3.396463e+04 3.405201e+04 3.427340e+04 3.464377e+04 3.519876e+04 3.588519e+04 3.662896e+04 3.738529e+04 3.814535e+04 4.217058e+04 4.331812e+04 3.481421e+04 2.351302e+04 1.645559e+04 1.286317e+04 1.021516e+04 9.759800e+03 1.013357e+04 1.104005e+04 1.247882e+04 1.454901e+04
3.540313e+04 3.540313e+04 3.540313e+04 3.540329e+04 3.540375e+04 3.541735e+04 3.545612e+04 3.559332e+04 3.568297e+04 3.578096e+04 3.600542e+04 3.631659e+04 3.677589e+04 3.739164e+04 3.812397e+04 3.892068e+04 3.974319e+04 4.377105e+04 4.438632e+04 3.532579e+04 2.368288e+04 1.650390e+04 1.288064e+04 1.023441e+04 9.791187e+03 1.017625e+04 1.109476e+04 1.254839e+04 1.463766e+04
3.726520e+04 3.726520e+04 3.726521e+04 3.726535e+04 3.726578e+04 3.727861e+04 3.731568e+04 3.744785e+04 3.753722e+04 3.763832e+04 3.787032e+04 3.816037e+04 3.855661e+04 3.909391e+04 3.976924e+04 4.055060e+04 4.139674e+04 4.553031e+04 4.564092e+04 3.588596e+04 2.386352e+04 1.655463e+04 1.289927e+04 1.025520e+04 9.824501e+03 1.022110e+04 1.115192e+04 1.262083e+04 1.472973e+04
3.924368e+04 3.924368e+04 3.924368e+04 3.924382e+04 3.924423e+04 3.925654e+04 3.929262e+04 3.942398e+04 3.951468e+04 3.961906e+04 3.986184e+04 4.015240e+04 4.051911e+04 4.099904e+04 4.161051e+04 4.234458e+04 4.317235e+04 4.738297e+04 4.705653e+04 3.650829e+04 2.405607e+04 1.660781e+04 1.291905e+04 1.027759e+04 9.859786e+03 1.026817e+04 1.121161e+04 1.269621e+04 1.482531e+04
4.136373e+04 4.136373e+04 4.136373e+04 4.136386e+04 4.136424e+04 4.137597e+04 4.141076e+04 4.154005e+04 4.163100e+04 4.173711e+04 4.198821e+04 4.228676e+04 4.264552e+04 4.309285e+04 4.365331e+04 4.433310e+04 4.511769e+04 4.929879e+04 4.857246e+04 3.721226e+04 2.426318e+04 1.666382e+04 1.294012e+04 1.030165e+04 9.897095e+03 1.031751e+04 1.127387e+04 1.277461e+04 1.492448e+04
4.363214e+04 4.363214e+04 4.363214e+04 4.363226e+04 4.363263e+04 4.364402e+04 4.367804e+04 4.380554e+04 4.389613e+04 4.400280e+04 4.425908e+04 4.456659e+04 4.492858e+04 4.536236e+04 4.588923e+04 4.652119e+04 4.725384e+04 5.127404e+04 5.013951e+04 3.797147e+04 2.449072e+04 1.672351e+04 1.296279e+04 1.032749e+04 9.936488e+03 1.036915e+04 1.133875e+04 1.285608e+04 1.502734e+04
4.605579e+04 4.605579e+04 4.605579e+04 4.605590e+04 4.605626e+04 4.606717e+04 4.610000e+04 4.622479e+04 4.631453e+04 4.642114e+04 4.668104e+04 4.699750e+04 4.736846e+04 4.780121e+04 4.830924e+04 4.890332e+04 4.958364e+04 5.331571e+04 5.171714e+04 3.875296e+04 2.474338e+04 1.678856e+04 1.298759e+04 1.035528e+04 9.978039e+03 1.042316e+04 1.140631e+04 1.294071e+04 1.513397e+04
4.863071e+04 4.863071e+04 4.863071e+04 4.863083e+04 4.863118e+04 4.864194e+04 4.867434e+04 4.879795e+04 4.888759e+04 4.899497e+04 4.926028e+04 4.958761e+04 4.997124e+04 5.041001e+04 5.090821e+04 5.147132e+04 5.209981e+04 5.542731e+04 5.327313e+04 3.952732e+04 2.500644e+04 1.686247e+04 1.301539e+04 1.038524e+04 1.002184e+04 1.047958e+04 1.147661e+04 1.302856e+04 1.524445e+04
5.136320e+04 5.136320e+04 5.136321e+04 5.136331e+04 5.136365e+04 5.137405e+04 5.140567e+04 5.152997e+04 5.162215e+04 5.173345e+04 5.200993e+04 5.235157e+04 5.274933e+04 5.319505e+04 5.368428e+04 5.421587e+04 5.478815e+04 5.759971e+04 5.478091e+04 4.026775e+04 2.526593e+04 1.694604e+04 1.304758e+04 1.041767e+04 1.006801e+04 1.053850e+04 1.154971e+04 1.311971e+04 1.535890e+04
5.425385e+04 5.425385e+04 5.425386e+04 5.425401e+04 5.425447e+04 5.426834e+04 5.430758e+04 5.444911e+04 5.454916e+04 5.466778e+04 5.495802e+04 5.531235e+04 5.571893e+04 5.616341e+04 5.663369e+04 5.712239e+04 5.762521e+04 5.980666e+04 5.621567e+04 4.095074e+04 2.550952e+04 1.703243e+04 1.308672e+04 1.045301e+04 1.011669e+04 1.059998e+04 1.162568e+04 1.321424e+04 1.547739e+04
5.744795e+04 5.744795e+04 5.744796e+04 5.744807e+04 5.744842e+04 5.745931e+04 5.749272e+04 5.762506e+04 5.772301e+04 5.784103e+04 5.813287e+04 5.848828e+04 5.888856e+04 5.931216e+04 5.974064e+04 6.016237e+04 6.057165e+04 6.200316e+04 5.755092e+04 4.155637e+04 2.572638e+04 1.711610e+04 1.313257e+04 1.049177e+04 1.016807e+04 1.066413e+04 1.170460e+04 1.331223e+04 1.560003e+04
6.085269e+04 6.085269e+04 6.085269e+04 6.085281e+04 6.085316e+04 6.086426e+04 6.089815e+04 6.103008e+04 6.112718e+04 6.124423e+04 6.153224e+04 6.187475e+04 6.224456e+04 6.261457e+04 6.296413e+04 6.328156e+04 6.356274e+04 6.412566e+04 5.875676e+04 4.206830e+04 2.590744e+04 1.719242e+04 1.318179e+04 1.053469e+04 1.022239e+04 1.073105e+04 1.178655e+04 1.341377e+04 1.572694e+04
6.447132e+04 6.447132e+04 6.447132e+04 6.447143e+04 6.447179e+04 6.448293e+04 6.451708e+04 6.465052e+04 6.474835e+04 6.486479e+04 6.514012e+04 6.544306e+04 6.573970e+04 6.600437e+04 6.622173e+04 6.638591e+04 6.649767e+04 6.609457e+04 5.980023e+04 4.247362e+04 2.604571e+04 1.725749e+04 1.323195e+04 1.058281e+04 1.027993e+04 1.080088e+04 1.187162e+04 1.351897e+04 1.585821e+04
6.831412e+04 6.831412e+04 6.831412e+04 6.831424e+04 6.831460e+04 6.832590e+04 6.836051e+04 6.849515e+04 6.859043e+04 6.869738e+04 6.891973e+04 6.911726e+04 6.926357e+04 6.934755e+04 6.936733e+04 6.932644e+04 6.923105e+04 6.782013e+04 6.064771e+04 4.276269e+04 2.613642e+04 1.730830e+04 1.328106e+04 1.063756e+04 1.034103e+04 1.087377e+04 1.195994e+04 1.362791e+04 1.599397e+04
7.239320e+04 7.239320e+04 7.239320e+04 7.239332e+04 7.239369e+04 7.240525e+04 7.244072e+04 7.256250e+04 7.262634e+04 7.267797e+04 7.272478e+04 7.268910e+04 7.257773e+04 7.240155e+04 7.217050e+04 7.189293e+04 7.157567e+04 6.921249e+04 6.126862e+04 4.292922e+04 2.617695e+04 1.734274e+04 1.332752e+04 1.069809e+04 1.040614e+04 1.094993e+04 1.205162e+04 1.374073e+04 1.613434e+04
7.672937e+04 7.672937e+04 7.672938e+04 7.672950e+04 7.672987e+04 7.674048e+04 7.674778e+04 7.664646e+04 7.653966e+04 7.640461e+04 7.607271e+04 7.568453e+04 7.525909e+04 7.480672e+04 7.433288e+04 7.384061e+04 7.333128e+04 7.019557e+04 6.163962e+04 4.297049e+04 2.616676e+04 1.735965e+04 1.337009e+04 1.076326e+04 1.047582e+04 1.102958e+04 1.214682e+04 1.385756e+04 1.627946e+04
7.984960e+04 7.984960e+04 7.984959e+04 7.984927e+04 7.984809e+04 7.980288e+04 7.966110e+04 7.919754e+04 7.892249e+04 7.863423e+04 7.803752e+04 7.742911e+04 7.681676e+04 7.620273e+04 7.558690e+04 7.496809e+04 7.434421e+04 7.072147e+04 6.174829e+04 4.288750e+04 2.610710e+04 1.735877e+04 1.340794e+04 1.083224e+04 1.055096e+04 1.111297e+04 1.224570e+04 1.397853e+04 1.642948e+04
7.914287e+04 7.914287e+04 7.914287e+04 7.914278e+04 7.914251e+04 7.913353e+04 7.910034e+04 7.892476e+04 7.877640e+04 7.859254e+04 7.814316e+04 7.762020e+04 7.705238e+04 7.645631e+04 7.584115e+04 7.521165e+04 7.456930e+04 7.078003e+04 6.159511e+04 4.268498e+04 2.600076e+04 1.734063e+04 1.344062e+04 1.090432e+04 1.063212e+04 1.120045e+04 1.234845e+04 1.410380e+04 1.658454e+04
7.745605e+04 7.745605e+04 7.745604e+04 7.745599e+04 7.745581e+04 7.745043e+04 7.743349e+04 7.736003e+04 7.729684e+04 7.721126e+04 7.696762e+04 7.663230e+04 7.622020e+04 7.574758e+04 7.522809e+04 7.467179e+04 7.408482e+04 7.039915e+04 6.119344e+04 4.237116e+04 2.585171e+04 1.730644e+04 1.346804e+04 1.097891e+04 1.071851e+04 1.129240e+04 1.245529e+04 1.423355e+04 1.674482e+04
7.547067e+04 7.547067e+04 7.547067e+04 7.547065e+04 7.547061e+04 7.546895e+04 7.546211e+04 7.542735e+04 7.539662e+04 7.535398e+04 7.522329e+04 7.502166e+04 7.474650e+04 7.440306e+04 7.399989e+04 7.354567e+04 7.304697e+04 6.963587e+04 6.056737e+04 4.195714e+04 2.566484e+04 1.725789e+04 1.349044e+04 1.105551e+04 1.080955e+04 1.138936e+04 1.256647e+04 1.436797e+04 1.691050e+04
7.345414e+04 7.345414e+04 7.345414e+04 7.345413e+04 7.345410e+04 7.345298e+04 7.344863e+04 7.342568e+04 7.340484e+04 7.337599e+04 7.328817e+04 7.315092e+04 7.295700e+04 7.270452e+04 7.239565e+04 7.203445e+04 7.162461e+04 6.856252e+04 5.974836e+04 4.145611e+04 2.544559e+04 1.719705e+04 1.350833e+04 1.113369e+04 1.090480e+04 1.149210e+04 1.268229e+04 1.450728e+04 1.708177e+04
7.147941e+04 7.147941e+04 7.147941e+04 7.147938e+04 7.147931e+04 7.147689e+04 7.146909e+04 7.143677e+04 7.141169e+04 7.138022e+04 7.129616e+04 7.117931e+04 7.102368e+04 7.082486e+04 7.058086e+04 7.029152e+04 6.995696e+04 6.725367e+04 5.877149e+04 4.088249e+04 2.519968e+04 1.712620e+04 1.352240e+04 1.121314e+04 1.100385e+04 1.160062e+04 1.280308e+04 1.465173e+04 1.725886e+04
6.946783e+04 6.946783e+04 6.946783e+04 6.946779e+04 6.946766e+04 6.946389e+04 6.945266e+04 6.941023e+04 6.938025e+04 6.934498e+04 6.925893e+04 6.915060e+04 6.901615e+04 6.885129e+04 6.865252e+04 6.841739e+04 6.814352e+04 6.577750e+04 5.767219e+04 4.025100e+04 2.493285e+04 1.704768e+04 1.353353e+04 1.129364e+04 1.110635e+04 1.171441e+04 1.292928e+04 1.480157e+04 1.744199e+04
6.733713e+04 6.733713e+04 6.733713e+04 6.733712e+04 6.733707e+04 6.733520e+04 6.732810e+04 6.729650e+04 6.727260e+04 6.724367e+04 6.717129e+04 6.707950e+04 6.696684e+04 6.683072e+04 6.666828e+04 6.647670e+04 6.625262e+04 6.419200e+04 5.648392e+04 3.957602e+04 2.465065e+04 1.696379e+04 1.354262e+04 1.137504e+04 1.121198e+04 1.183312e+04 1.306145e+04 1.495712e+04 1.763142e+04
6.517534e+04 6.517534e+04 6.517534e+04 6.517534e+04 6.517531e+04 6.517438e+04 6.517103e+04 6.515421e+04 6.513965e+04 6.512061e+04 6.506877e+04 6.499855e+04 6.490956e+04 6.480066e+04 6.467004e+04 6.451538e+04 6.433325e+04 6.254445e+04 5.523668e+04 3.887093e+04 2.435830e+04 1.687676e+04 1.355063e+04 1.145728e+04 1.132047e+04 1.195652e+04 1.320025e+04 1.511872e+04 1.782743e+04
6.308784e+04 6.308784e+04 6.308784e+04 6.308783e+04 6.308779e+04 6.308651e+04 6.308251e+04 6.306719e+04 6.305570e+04 6.304129e+04 6.300261e+04 6.294952e+04 6.288092e+04 6.279569e+04 6.269240e+04 6.256905e+04 6.242236e+04 6.087246e+04 5.395642e+04 3.814788e+04 2.406052e+04 1.678859e+04 1.355852e+04 1.154037e+04 1.143158e+04 1.208436e+04 1.334540e+04 1.528678e+04 1.803032e+04
6.106423e+04 6.106423e+04 6.106423e+04 6.106423e+04 6.106421e+04 6.106362e+04 6.106150e+04 6.105119e+04 6.104262e+04 6.103167e+04 6.100219e+04 6.096171e+04 6.090906e+04 6.084306e+04 6.076232e+04 6.066497e+04 6.054785e+04 5.920535e+04 5.266491e+04 3.741747e+04 2.376153e+04 1.670112e+04 1.356716e+04 1.162440e+04 1.154512e+04 1.221645e+04 1.349663e+04 1.546178e+04 1.824043e+04
5.913215e+04 5.913215e+04 5.913215e+04 5.913214e+04 5.913212e+04 5.913140e+04 5.912911e+04 5.912011e+04 5.911332e+04 5.910487e+04 5.908247e+04 5.905184e+04 5.901183e+04 5.896125e+04 5.889880e+04 5.882270e+04 5.872992e+04 5.756548e+04 5.137991e+04 3.668878e+04 2.346497e+04 1.661595e+04 1.357737e+04 1.170948e+04 1.166092e+04 1.235262e+04 1.365378e+04 1.564441e+04 1.845812e+04
5.728523e+04 5.728523e+04 5.728523e+04 5.728522e+04 5.728522e+04 5.728489e+04 5.728373e+04 5.727837e+04 5.727391e+04 5.726813e+04 5.725227e+04 5.722993e+04 5.720018e+04 5.716202e+04 5.711429e+04 5.705536e+04 5.698240e+04 5.596936e+04 5.011551e+04 3.596937e+04 2.317393e+04 1.653442e+04 1.358987e+04 1.179577e+04 1.177890e+04 1.249273e+04 1.381674e+04 1.583505e+04 1.868382e+04
5.553920e+04 5.553920e+04 5.553920e+04 5.553920e+04 5.553919e+04 5.553905e+04 5.553849e+04 5.553547e+04 5.553273e+04 5.552902e+04 5.551827e+04 5.550243e+04 5.548073e+04 5.545234e+04 5.541626e+04 5.537105e+04 5.531404e+04 5.442877e+04 4.888262e+04 3.526535e+04 2.289095e+04 1.645769e+04 1.360530e+04 1.188346e+04 1.189897e+04 1.263665e+04 1.398542e+04 1.603346e+04 1.891801e+04
5.389843e+04 5.389843e+04 5.389843e+04 5.389843e+04 5.389842e+04 5.389832e+04 5.389788e+04 5.389564e+04 5.389368e+04 5.389105e+04 5.388343e+04 5.387208e+04 5.385630e+04 5.383534e+04 5.380830e+04 5.377389e+04 5.372960e+04 5.295158e+04 4.768933e+04 3.458155e+04 2.261807e+04 1.638665e+04 1.362419e+04 1.197276e+04 1.202111e+04 1.278428e+04 1.415975e+04 1.623953e+04 1.916128e+04
5.235646e+04 5.235646e+04 5.235646e+04 5.235646e+04 5.235646e+04 5.235639e+04 5.235610e+04 5.235449e+04 5.235307e+04 5.235117e+04 5.234573e+04 5.233763e+04 5.232626e+04 5.231097e+04 5.229095e+04 5.226501e+04 5.223081e+04 5.154260e+04 4.654141e+04 3.392163e+04 2.235690e+04 1.632203e+04 1.364697e+04 1.206388e+04 1.214535e+04 1.293556e+04 1.433968e+04 1.645323e+04 1.941440e+04
5.090731e+04 5.090731e+04 5.090731e+04 5.090731e+04 5.090732e+04 5.090732e+04 5.090725e+04 5.090647e+04 5.090568e+04 5.090456e+04 5.090113e+04 5.089576e+04 5.088795e+04 5.087714e+04 5.086265e+04 5.084341e+04 5.081725e+04 5.020428e+04 4.544270e+04 3.328826e+04 2.210862e+04 1.626437e+04 1.367400e+04 1.215704e+04 1.227173e+04 1.309045e+04 1.452519e+04 1.667456e+04 1.967748e+04
4.954753e+04 4.954753e+04 4.954753e+04 4.954753e+04 4.954753e+04 4.954763e+04 4.954779e+04 4.954795e+04 4.954781e+04 4.954745e+04 4.954589e+04 4.954286e+04 4.953797e+04 4.953076e+04 4.952067e+04 4.950676e+04 4.948702e+04 4.893725e+04 4.439549e+04 3.268327e+04 2.187406e+04 1.621406e+04 1.370553e+04 1.225247e+04 1.240034e+04 1.324895e+04 1.471627e+04 1.690354e+04 1.995039e+04
4.827538e+04 4.827538e+04 4.827538e+04 4.827538e+04 4.827539e+04 4.827549e+04 4.827573e+04 4.827634e+04 4.827659e+04 4.827674e+04 4.827649e+04 4.827522e+04 4.827258e+04 4.826819e+04 4.826158e+04 4.825193e+04 4.823733e+04 4.774087e+04 4.340083e+04 3.210775e+04 2.165376e+04 1.617133e+04 1.374177e+04 1.235036e+04 1.253130e+04 1.341109e+04 1.491292e+04 1.714022e+04 2.023317e+04
4.708599e+04 4.708599e+04 4.708599e+04 4.708599e+04 4.708599e+04 4.708609e+04 4.708637e+04 4.708719e+04 4.708764e+04 4.708806e+04 4.708861e+04 4.708854e+04 4.708756e+04 4.708535e+04 4.708150e+04 4.707524e+04 4.706480e+04 4.661357e+04 4.245881e+04 3.156227e+04 2.144802e+04 1.613634e+04 1.378286e+04 1.245093e+04 1.266476e+04 1.357692e+04 1.511519e+04 1.738466e+04 2.052587e+04
4.597346e+04 4.597346e+04 4.597346e+04 4.597346e+04 4.597347e+04 4.597360e+04 4.597395e+04 4.597495e+04 4.597552e+04 4.597609e+04 4.597716e+04 4.597798e+04 4.597831e+04 4.597786e+04 4.597624e+04 4.597276e+04 4.596572e+04 4.555315e+04 4.156881e+04 3.104687e+04 2.125690e+04 1.610912e+04 1.382888e+04 1.255436e+04 1.280089e+04 1.374652e+04 1.532314e+04 1.763692e+04 2.082859e+04
4.493282e+04 4.493282e+04 4.493282e+04 4.493282e+04 4.493283e+04 4.493291e+04 4.493313e+04 4.493394e+04 4.493454e+04 4.493526e+04 4.493691e+04 4.493865e+04 4.494022e+04 4.494134e+04 4.494166e+04 4.494052e+04 4.493632e+04 4.455701e+04 4.072966e+04 3.056127e+04 2.108033e+04 1.608965e+04 1.387988e+04 1.266085e+04 1.293986e+04 1.392002e+04 1.553683e+04 1.789712e+04 2.114145e+04
4.395585e+04 4.395585e+04 4.395585e+04 4.395585e+04 4.395586e+04 4.395608e+04 4.395665e+04 4.395845e+04 4.395958e+04 4.396082e+04 4.396355e+04 4.396642e+04 4.396926e+04 4.397183e+04 4.397385e+04 4.397471e+04 4.397290e+04 4.362235e+04 3.993982e+04 3.010490e+04 2.091810e+04 1.607786e+04 1.393587e+04 1.277058e+04 1.308190e+04 1.409757e+04 1.575639e+04 1.816535e+04 2.146458e+04
4.304520e+04 4.304520e+04 4.304520e+04 4.304520e+04 4.304521e+04 4.304542e+04 4.304602e+04 4.304809e+04 4.304946e+04 4.305100e+04 4.305443e+04 4.305817e+04 4.306202e+04 4.306580e+04 4.306923e+04 4.307174e+04 4.307191e+04 4.274621e+04 3.919747e+04 2.967695e+04 2.076989e+04 1.607360e+04 1.399686e+04 1.288372e+04 1.322722e+04 1.427935e+04 1.598194e+04 1.844174e+04 2.179813e+04
4.219752e+04 4.219752e+04 4.219752e+04 4.219753e+04 4.219753e+04 4.219770e+04 4.219819e+04 4.220002e+04 4.220131e+04 4.220283e+04 4.220644e+04 4.221062e+04 4.221514e+04 4.221979e+04 4.222430e+04 4.222812e+04 4.222987e+04 4.192560e+04 3.850060e+04 2.927650e+04 2.063532e+04 1.607674e+04 1.406283e+04 1.300044e+04 1.337607e+04 1.446555e+04 1.621364e+04 1.872644e+04 2.214225e+04
4.140597e+04 4.140597e+04 4.140597e+04 4.140597e+04 4.140597e+04 4.140616e+04 4.140670e+04 4.140865e+04 4.141001e+04 4.141161e+04 4.141544e+04 4.141996e+04 4.142498e+04 4.143028e+04 4.143560e+04 4.144041e+04 4.144338e+04 4.115752e+04 3.784711e+04 2.890247e+04 2.051395e+04 1.608710e+04 1.413373e+04 1.312091e+04 1.352869e+04 1.465640e+04 1.645168e+04 1.901961e+04 2.249712e+04
4.066756e+04 4.066756e+04 4.066756e+04 4.066756e+04 4.066757e+04 4.066776e+04 4.066834e+04 4.067043e+04 4.067190e+04 4.067362e+04 4.067773e+04 4.068259e+04 4.068801e+04 4.069379e+04 4.069970e+04 4.070523e+04 4.070910e+04 4.043895e+04 3.723480e+04 2.855374e+04 2.040532e+04 1.610450e+04 1.420956e+04 1.324529e+04 1.368534e+04 1.485217e+04 1.669625e+04 1.932145e+04 2.286294e+04
3.997953e+04 3.997953e+04 3.997953e+04 3.997953e+04 3.997954e+04 3.997973e+04 3.998032e+04 3.998252e+04 3.998408e+04 3.998590e+04 3.999023e+04 3.999531e+04 4.000096e+04 4.000703e+04 4.001328e+04 4.001926e+04 4.002374e+04 3.976694e+04 3.666148e+04 2.822916e+04 2.030895e+04 1.612878e+04 1.429029e+04 1.337374e+04 1.384630e+04 1.505311e+04 1.694761e+04 1.963217e+04 2.323991e+04
3.933915e+04 3.933915e+04 3.933915e+04 3.933916e+04 3.933916e+04 3.933937e+04 3.933999e+04 3.934225e+04 3.934382e+04 3.934565e+04 3.934995e+04 3.935499e+04 3.936062e+04 3.936671e+04 3.937306e+04 3.937924e+04 3.938407e+04 3.913859e+04 3.612495e+04 2.792753e+04 2.022435e+04 1.615975e+04 1.437589e+04 1.350645e+04 1.401184e+04 1.525954e+04 1.720601e+04 1.995198e+04 2.362825e+04
3.874391e+04 3.874391e+04 3.874391e+04 3.874391e+04 3.874392e+04 3.874409e+04 3.874460e+04 3.874658e+04 3.874797e+04 3.874961e+04 3.875354e+04 3.875824e+04 3.876360e+04 3.876949e+04 3.877574e+04 3.878193e+04 3.878691e+04 3.855108e+04 3.562305e+04 2.764769e+04 2.015105e+04 1.619726e+04 1.446637e+04 1.364358e+04 1.418224e+04 1.547176e+04 1.747173e+04 2.028115e+04 2.402820e+04
3.818869e+04 3.818869e+04 3.818869e+04 3.818869e+04 3.818870e+04 3.818886e+04 3.818933e+04 3.819099e+04 3.819216e+04 3.819355e+04 3.819699e+04 3.820127e+04 3.820630e+04 3.821195e+04 3.821804e+04 3.822415e+04 3.822918e+04 3.800167e+04 3.515368e+04 2.738847e+04 2.008859e+04 1.624117e+04 1.456173e+04 1.378533e+04 1.435782e+04 1.569010e+04 1.774509e+04 2.061994e+04 2.444001e+04
3.766894e+04 3.766894e+04 3.766894e+04 3.766894e+04 3.766894e+04 3.766906e+04 3.766939e+04 3.767071e+04 3.767173e+04 3.767301e+04 3.767629e+04 3.768046e+04 3.768538e+04 3.769093e+04 3.769691e+04 3.770295e+04 3.770797e+04 3.748778e+04 3.471479e+04 2.714876e+04 2.003651e+04 1.629135e+04 1.466199e+04 1.393187e+04 1.453887e+04 1.591492e+04 1.802641e+04 2.096866e+04 2.486397e+04
3.717950e+04 3.717950e+04 3.717950e+04 3.717950e+04 3.717951e+04 3.717968e+04 3.718020e+04 3.718210e+04 3.718345e+04 3.718502e+04 3.718876e+04 3.719320e+04 3.719823e+04 3.720378e+04 3.720971e+04 3.721568e+04 3.722067e+04 3.700697e+04 3.430446e+04 2.692748e+04 1.999442e+04 1.634771e+04 1.476721e+04 1.408342e+04 1.472571e+04 1.614659e+04 1.831606e+04 2.132763e+04 2.530035e+04
3.672310e+04 3.672310e+04 3.672310e+04 3.672310e+04 3.672311e+04 3.672333e+04 3.672400e+04 3.672633e+04 3.672787e+04 3.672959e+04 3.673350e+04 3.673795e+04 3.674291e+04 3.674834e+04 3.675413e+04 3.675996e+04 3.676486e+04 3.655695e+04 3.392083e+04 2.672360e+04 1.996193e+04 1.641017e+04 1.487745e+04 1.424019e+04 1.491866e+04 1.638547e+04 1.861441e+04 2.169718e+04 2.574948e+04
3.630151e+04 3.630151e+04 3.630151e+04 3.630151e+04 3.630151e+04 3.630161e+04 3.630193e+04 3.630333e+04 3.630439e+04 3.630567e+04 3.630886e+04 3.631276e+04 3.631730e+04 3.632239e+04 3.632792e+04 3.633354e+04 3.633829e+04 3.613555e+04 3.356217e+04 2.653615e+04 1.993869e+04 1.647867e+04 1.499278e+04 1.440240e+04 1.511805e+04 1.663198e+04 1.892185e+04 2.207769e+04 2.621167e+04
3.590521e+04 3.590521e+04 3.590521e+04 3.590521e+04 3.590521e+04 3.590531e+04 3.590560e+04 3.590668e+04 3.590749e+04 3.590849e+04 3.591110e+04 3.591453e+04 3.591869e+04 3.592350e+04 3.592879e+04 3.593422e+04 3.593882e+04 3.574080e+04 3.322683e+04 2.636422e+04 1.992438e+04 1.655319e+04 1.511331e+04 1.457029e+04 1.532425e+04 1.688653e+04 1.923882e+04 2.246954e+04 2.668728e+04
3.553088e+04 3.553088e+04 3.553088e+04 3.553088e+04 3.553088e+04 3.553098e+04 3.553128e+04 3.553243e+04 3.553328e+04 3.553434e+04 3.553705e+04 3.554054e+04 3.554471e+04 3.554947e+04 3.555468e+04 3.555999e+04 3.556449e+04 3.537083e+04 3.291327e+04 2.620695e+04 1.991872e+04 1.663374e+04 1.523916e+04 1.474412e+04 1.553759e+04 1.714952e+04 1.956574e+04 2.287313e+04 2.717667e+04
3.517755e+04 3.517755e+04 3.517755e+04 3.517755e+04 3.517755e+04 3.517769e+04 3.517811e+04 3.517976e+04 3.518093e+04 3.518232e+04 3.518562e+04 3.518952e+04 3.519393e+04 3.519878e+04 3.520397e+04 3.520921e+04 3.521359e+04 3.502391e+04 3.262004e+04 2.606354e+04 1.992146e+04 1.672032e+04 1.537049e+04 1.492415e+04 1.575844e+04 1.742142e+04 1.990307e+04 2.328890e+04 2.768024e+04
3.484769e+04 3.484769e+04 3.484769e+04 3.484770e+04 3.484770e+04 3.484790e+04 3.484848e+04 3.485059e+04 3.485199e+04 3.485356e+04 3.485711e+04 3.486112e+04 3.486553e+04 3.487029e+04 3.487533e+04 3.488038e+04 3.488459e+04 3.469843e+04 3.234581e+04 2.593327e+04 1.993240e+04 1.681299e+04 1.550746e+04 1.511067e+04 1.598720e+04 1.770266e+04 2.025129e+04 2.371731e+04 2.819838e+04
3.454412e+04 3.454412e+04 3.454412e+04 3.454413e+04 3.454413e+04 3.454422e+04 3.454453e+04 3.454586e+04 3.454685e+04 3.454803e+04 3.455089e+04 3.455432e+04 3.455825e+04 3.456261e+04 3.456729e+04 3.457202e+04 3.457595e+04 3.439288e+04 3.208931e+04 2.581544e+04 1.995136e+04 1.691183e+04 1.565025e+04 1.530398e+04 1.622424e+04 1.799372e+04 2.061089e+04 2.415882e+04 2.873153e+04
3.425924e+04 3.425924e+04 3.425924e+04 3.425924e+04 3.425924e+04 3.425932e+04 3.425953e+04 3.426036e+04 3.426100e+04 3.426180e+04 3.426390e+04 3.426666e+04 3.427001e+04 3.427387e+04 3.427813e+04 3.428249e+04 3.428610e+04 3.410584e+04 3.184936e+04 2.570944e+04 1.997818e+04 1.701692e+04 1.579907e+04 1.550440e+04 1.646999e+04 1.829507e+04 2.098238e+04 2.461392e+04 2.928013e+04
3.398861e+04 3.398861e+04 3.398861e+04 3.398861e+04 3.398862e+04 3.398870e+04 3.398893e+04 3.398978e+04 3.399039e+04 3.399113e+04 3.399303e+04 3.399553e+04 3.399859e+04 3.400216e+04 3.400612e+04 3.401019e+04 3.401354e+04 3.383596e+04 3.162487e+04 2.561470e+04 2.001277e+04 1.712840e+04 1.595415e+04 1.571225e+04 1.672485e+04 1.860722e+04 2.136629e+04 2.508313e+04 2.984465e+04
3.373192e+04 3.373192e+04 3.373192e+04 3.373192e+04 3.373192e+04 3.373200e+04 3.373223e+04 3.373317e+04 3.373387e+04 3.373472e+04 3.373684e+04 3.373946e+04 3.374255e+04 3.374606e+04 3.374989e+04 3.375379e+04 3.375694e+04 3.358201e+04 3.141482e+04 2.553069e+04 2.005503e+04 1.724641e+04 1.611574e+04 1.592790e+04 1.698927e+04 1.893066e+04 2.176316e+04 2.556698e+04 3.042557e+04
3.348889e+04 3.348889e+04 3.348889e+04 3.348889e+04 3.348889e+04 3.348902e+04 3.348940e+04 3.349074e+04 3.349166e+04 3.349271e+04 3.349516e+04 3.349799e+04 3.350118e+04 3.350469e+04 3.350844e+04 3.351220e+04 3.351519e+04 3.334286e+04 3.121828e+04 2.545695e+04 2.010493e+04 1.737111e+04 1.628411e+04 1.615171e+04 1.726371e+04 1.926594e+04 2.217356e+04 2.606602e+04 3.102341e+04
3.326202e+04 3.326202e+04 3.326202e+04 3.326202e+04 3.326202e+04 3.326215e+04 3.326253e+04 3.326387e+04 3.326477e+04 3.326578e+04 3.326814e+04 3.327089e+04 3.327396e+04 3.327734e+04 3.328094e+04 3.328452e+04 3.328732e+04 3.311746e+04 3.103439e+04 2.539307e+04 2.016244e+04 1.750269e+04 1.645954e+04 1.638408e+04 1.754862e+04 1.961357e+04 2.259805e+04 2.658082e+04 3.163867e+04
3.305067e+04 3.305067e+04 3.305067e+04 3.305068e+04 3.305068e+04 3.305073e+04 3.305090e+04 3.305164e+04 3.305223e+04 3.305295e+04 3.305483e+04 3.305720e+04 3.305999e+04 3.306311e+04 3.306647e+04 3.306981e+04 3.307238e+04 3.290485e+04 3.086234e+04 2.533867e+04 2.022757e+04 1.764136e+04 1.664235e+04 1.662540e+04 1.784451e+04 1.997413e+04 2.303724e+04 2.711196e+04 3.227190e+04
3.284953e+04 3.284953e+04 3.284953e+04 3.284953e+04 3.284953e+04 3.284959e+04 3.284974e+04 3.285039e+04 3.285091e+04 3.285157e+04 3.285328e+04 3.285545e+04 3.285802e+04 3.286090e+04 3.286400e+04 3.286708e+04 3.286940e+04 3.270411e+04 3.070142e+04 2.529343e+04 2.030036e+04 1.778735e+04 1.683286e+04 1.687611e+04 1.815187e+04 2.034819e+04 2.349173e+04 2.766005e+04 3.292366e+04
3.265751e+04 3.265751e+04 3.265751e+04 3.265751e+04 3.265751e+04 3.265762e+04 3.265793e+04 3.265901e+04 3.265974e+04 3.266056e+04 3.266246e+04 3.266465e+04 3.266708e+04 3.266975e+04 3.267259e+04 3.267539e+04 3.267745e+04 3.251439e+04 3.055097e+04 2.525708e+04 2.038088e+04 1.794093e+04 1.703141e+04 1.713666e+04 1.847123e+04 2.073633e+04 2.396215e+04 2.822570e+04 3.359453e+04
3.247761e+04 3.247761e+04 3.247761e+04 3.247761e+04 3.247762e+04 3.247772e+04 3.247804e+04 3.247913e+04 3.247984e+04 3.248061e+04 3.248235e+04 3.248428e+04 3.248643e+04 3.248878e+04 3.249131e+04 3.249382e+04 3.249563e+04 3.233493e+04 3.041039e+04 2.522940e+04 2.046922e+04 1.810235e+04 1.723838e+04 1.740751e+04 1.880314e+04 2.113916e+04 2.444914e+04 2.880955e+04 3.428509e+04
3.230966e+04 3.230966e+04 3.230966e+04 3.230966e+04 3.230966e+04 3.230967e+04 3.230974e+04 3.231013e+04 3.231045e+04 3.231086e+04 3.231193e+04 3.231333e+04 3.231502e+04 3.231701e+04 3.231923e+04 3.232148e+04 3.232309e+04 3.216503e+04 3.027918e+04 2.521019e+04 2.056552e+04 1.827191e+04 1.745415e+04 1.768916e+04 1.914816e+04 2.155731e+04 2.495336e+04 2.941226e+04 3.499596e+04
3.214771e+04 3.214771e+04 3.214771e+04 3.214771e+04 3.214771e+04 3.214773e+04 3.214776e+04 3.214791e+04 3.214806e+04 3.214829e+04 3.214902e+04 3.215010e+04 3.215155e+04 3.215334e+04 3.215540e+04 3.215754e+04 3.215907e+04 3.200409e+04 3.015689e+04 2.519932e+04 2.066991e+04 1.844995e+04 1.767913e+04 1.798212e+04 1.950688e+04 2.199143e+04 2.547548e+04 3.003450e+04 3.572776e+04
3.198979e+04 3.198979e+04 3.198979e+04 3.198979e+04 3.198980e+04 3.198986e+04 3.199003e+04 3.199055e+04 3.199090e+04 3.199130e+04 3.199229e+04 3.199357e+04 3.199514e+04 3.199703e+04 3.199918e+04 3.200140e+04 3.200301e+04 3.185164e+04 3.004313e+04 2.519671e+04 2.078258e+04 1.863678e+04 1.791376e+04 1.828693e+04 1.987991e+04 2.244217e+04 2.601620e+04 3.067694e+04 3.648113e+04
3.183873e+04 3.183873e+04 3.183873e+04 3.183873e+04 3.183873e+04 3.183880e+04 3.183900e+04 3.183974e+04 3.184025e+04 3.184083e+04 3.184220e+04 3.184383e+04 3.184574e+04 3.184792e+04 3.185034e+04 3.185279e+04 3.185464e+04 3.170731e+04 2.993763e+04 2.520229e+04 2.090374e+04 1.883278e+04 1.815848e+04 1.860415e+04 2.026788e+04 2.291023e+04 2.657623e+04 3.134029e+04 3.725672e+04
3.169574e+04 3.169574e+04 3.169574e+04 3.169574e+04 3.169574e+04 3.169581e+04 3.169601e+04 3.169676e+04 3.169730e+04 3.169795e+04 3.169951e+04 3.170143e+04 3.170368e+04 3.170620e+04 3.170895e+04 3.171171e+04 3.171385e+04 3.157082e+04 2.984012e+04 2.521605e+04 2.103361e+04 1.903833e+04 1.841378e+04 1.893436e+04 2.067145e+04 2.339629e+04 2.715628e+04 3.202525e+04 3.805520e+04
3.156049e+04 3.156049e+04 3.156049e+04 3.156049e+04 3.156049e+04 3.156056e+04 3.156076e+04 3.156152e+04 3.156208e+04 3.156278e+04 3.156453e+04 3.156672e+04 3.156929e+04 3.157215e+04 3.157521e+04 3.157826e+04 3.158067e+04 3.144198e+04 2.975043e+04 2.523804e+04 2.117246e+04 1.925383e+04 1.868016e+04 1.927818e+04 2.109131e+04 2.390110e+04 2.775710e+04 3.273256e+04 3.887725e+04
3.143266e+04 3.143266e+04 3.143266e+04 3.143266e+04 3.143266e+04 3.143273e+04 3.143295e+04 3.143386e+04 3.143456e+04 3.143541e+04 3.143750e+04 3.144003e+04 3.144289e+04 3.144599e+04 3.144926e+04 3.145250e+04 3.145510e+04 3.132058e+04 2.966842e+04 2.526832e+04 2.132057e+04 1.947973e+04 1.895814e+04 1.963626e+04 2.152815e+04 2.442540e+04 2.837945e+04 3.346296e+04 3.972357e+04
3.131295e+04 3.131295e+04 3.131295e+04 3.131295e+04 3.131295e+04 3.131307e+04 3.131343e+04 3.131475e+04 3.131566e+04 3.131669e+04 3.131909e+04 3.132179e+04 3.132474e+04 3.132786e+04 3.133113e+04 3.133437e+04 3.133702e+04 3.120646e+04 2.959398e+04 2.530698e+04 2.147827e+04 1.971648e+04 1.924828e+04 2.000925e+04 2.198272e+04 2.496995e+04 2.902411e+04 3.421721e+04 4.059485e+04
3.120419e+04 3.120419e+04 3.120419e+04 3.120419e+04 3.120420e+04 3.120431e+04 3.120467e+04 3.120591e+04 3.120674e+04 3.120766e+04 3.120976e+04 3.121211e+04 3.121469e+04 3.121750e+04 3.122050e+04 3.122355e+04 3.122610e+04 3.109942e+04 2.952706e+04 2.535418e+04 2.164589e+04 1.996458e+04 1.955116e+04 2.039786e+04 2.245577e+04 2.553554e+04 2.969186e+04 3.499606e+04 4.149182e+04
3.110573e+04 3.110573e+04 3.110573e+04 3.110573e+04 3.110573e+04 3.110574e+04 3.110581e+04 3.110624e+04 3.110661e+04 3.110708e+04 3.110828e+04 3.110984e+04 3.111174e+04 3.111400e+04 3.111659e+04 3.111939e+04 3.112183e+04 3.099928e+04 2.946765e+04 2.541010e+04 2.182382e+04 2.022453e+04 1.986739e+04 2.080282e+04 2.294809e+04 2.612298e+04 3.038351e+04 3.580030e+04 4.241520e+04
