2.168966e+09 1.887827e+09 1.741828e+09 1.334658e+09 1.160596e+09 7.741671e+08 6.393108e+08 5.261931e+08 4.939765e+08 4.689243e+08 4.318822e+08 4.053898e+08 3.851169e+08 3.688383e+08 3.553301e+08 3.438560e+08 3.339290e+08 2.980895e+08 2.739123e+08 2.556469e+08 2.410212e+08 2.285804e+08 2.174223e+08 1.973131e+08 1.793012e+08 1.631955e+08 1.489249e+08 1.363552e+08 1.253076e+08
7.678635e+08 7.678653e+08 7.678637e+08 7.671311e+08 7.623366e+08 6.873668e+08 6.060920e+08 5.148094e+08 4.859402e+08 4.628753e+08 4.280343e+08 4.026990e+08 3.831139e+08 3.672774e+08 3.540713e+08 3.428139e+08 3.330488e+08 2.976310e+08 2.736235e+08 2.554418e+08 2.408590e+08 2.284381e+08 2.172873e+08 1.971775e+08 1.791624e+08 1.630574e+08 1.487912e+08 1.362286e+08 1.251891e+08
6.342536e+08 6.342542e+08 6.342552e+08 6.341978e+08 6.336987e+08 6.152114e+08 5.686584e+08 5.011492e+08 4.764975e+08 4.558949e+08 4.237174e+08 3.997398e+08 3.809416e+08 3.656016e+08 3.527299e+08 3.417100e+08 3.321207e+08 2.971545e+08 2.733255e+08 2.552311e+08 2.406927e+08 2.282925e+08 2.171493e+08 1.970395e+08 1.790217e+08 1.629178e+08 1.486564e+08 1.361009e+08 1.250698e+08
5.686827e+08 5.686832e+08 5.686842e+08 5.686855e+08 5.685908e+08 5.582848e+08 5.415606e+08 4.864515e+08 4.660450e+08 4.481455e+08 4.189763e+08 3.965300e+08 3.786085e+08 3.638151e+08 3.513081e+08 3.405454e+08 3.311455e+08 2.966600e+08 2.730182e+08 2.550146e+08 2.405222e+08 2.281436e+08 2.170085e+08 1.968992e+08 1.788791e+08 1.627765e+08 1.485202e+08 1.359722e+08 1.249497e+08
5.289400e+08 5.289403e+08 5.289411e+08 5.289527e+08 5.289462e+08 5.236831e+08 5.144920e+08 4.737640e+08 4.554657e+08 4.399579e+08 4.138878e+08 3.930965e+08 3.761260e+08 3.619234e+08 3.498090e+08 3.393218e+08 3.301241e+08 2.961477e+08 2.727016e+08 2.547922e+08 2.403476e+08 2.279913e+08 2.168648e+08 1.967565e+08 1.787345e+08 1.626337e+08 1.483828e+08 1.358424e+08 1.248288e+08
5.026945e+08 5.026947e+08 5.026954e+08 5.027095e+08 5.027295e+08 5.003172e+08 4.916496e+08 4.642404e+08 4.465598e+08 4.319771e+08 4.085884e+08 3.894818e+08 3.735108e+08 3.599340e+08 3.482360e+08 3.380412e+08 3.290575e+08 2.956174e+08 2.723756e+08 2.545640e+08 2.401687e+08 2.278356e+08 2.167181e+08 1.966114e+08 1.785880e+08 1.624893e+08 1.482440e+08 1.357116e+08 1.247070e+08
4.846899e+08 4.846901e+08 4.846906e+08 4.847042e+08 4.847329e+08 4.834893e+08 4.746289e+08 4.548930e+08 4.396143e+08 4.253612e+08 4.033084e+08 3.857534e+08 3.707876e+08 3.578573e+08 3.465943e+08 3.367059e+08 3.279472e+08 2.950694e+08 2.720402e+08 2.543298e+08 2.399855e+08 2.276765e+08 2.165685e+08 1.964639e+08 1.784395e+08 1.623433e+08 1.481040e+08 1.355798e+08 1.245844e+08
4.722038e+08 4.722040e+08 4.722044e+08 4.721995e+08 4.721515e+08 4.700904e+08 4.612552e+08 4.448319e+08 4.329667e+08 4.200948e+08 3.984147e+08 3.820151e+08 3.679930e+08 3.557085e+08 3.448906e+08 3.353196e+08 3.267949e+08 2.945036e+08 2.716952e+08 2.540895e+08 2.397980e+08 2.275138e+08 2.164158e+08 1.963139e+08 1.782890e+08 1.621956e+08 1.479627e+08 1.354470e+08 1.244609e+08
4.579737e+08 4.579738e+08 4.579740e+08 4.579779e+08 4.579811e+08 4.568698e+08 4.495472e+08 4.346157e+08 4.259452e+08 4.151881e+08 3.944541e+08 3.784171e+08 3.651800e+08 3.535089e+08 3.431346e+08 3.338869e+08 3.256031e+08 2.939202e+08 2.713407e+08 2.538432e+08 2.396060e+08 2.273475e+08 2.162600e+08 1.961615e+08 1.781364e+08 1.620463e+08 1.478201e+08 1.353131e+08 1.243366e+08
4.448678e+08 4.448678e+08 4.448681e+08 4.448738e+08 4.448854e+08 4.444753e+08 4.389998e+08 4.250664e+08 4.186478e+08 4.101624e+08 3.912416e+08 3.751816e+08 3.624217e+08 3.512884e+08 3.413399e+08 3.324144e+08 3.243753e+08 2.933194e+08 2.709765e+08 2.535907e+08 2.394095e+08 2.271776e+08 2.161011e+08 1.960066e+08 1.779819e+08 1.618954e+08 1.476761e+08 1.351781e+08 1.242115e+08
4.344199e+08 4.344200e+08 4.344200e+08 4.344209e+08 4.344206e+08 4.340764e+08 4.297887e+08 4.166912e+08 4.115091e+08 4.049377e+08 3.883476e+08 3.725813e+08 3.598173e+08 3.490867e+08 3.395244e+08 3.309110e+08 3.231162e+08 2.927015e+08 2.706027e+08 2.533320e+08 2.392085e+08 2.270041e+08 2.159391e+08 1.958492e+08 1.778253e+08 1.617429e+08 1.475309e+08 1.350421e+08 1.240856e+08
4.053588e+08 4.053589e+08 4.053590e+08 4.053629e+08 4.053738e+08 4.054123e+08 4.029688e+08 3.921264e+08 3.866322e+08 3.820297e+08 3.733546e+08 3.627596e+08 3.512267e+08 3.405078e+08 3.312592e+08 3.234731e+08 3.166377e+08 2.893751e+08 2.685892e+08 2.519430e+08 2.381333e+08 2.260798e+08 2.150803e+08 1.950234e+08 1.770111e+08 1.609552e+08 1.467848e+08 1.343464e+08 1.234432e+08
3.925915e+08 3.925916e+08 3.925916e+08 3.925930e+08 3.925963e+08 3.924928e+08 3.901673e+08 3.806121e+08 3.748000e+08 3.691130e+08 3.596082e+08 3.516977e+08 3.435215e+08 3.348209e+08 3.262557e+08 3.183689e+08 3.113550e+08 2.857712e+08 2.663448e+08 2.503916e+08 2.369365e+08 2.250568e+08 2.141368e+08 1.941309e+08 1.761437e+08 1.601253e+08 1.460054e+08 1.336242e+08 1.227797e+08
3.838451e+08 3.838451e+08 3.838450e+08 3.838440e+08 3.838406e+08 3.836349e+08 3.811802e+08 3.718263e+08 3.662062e+08 3.603683e+08 3.496353e+08 3.412449e+08 3.344015e+08 3.278777e+08 3.211795e+08 3.144258e+08 3.078995e+08 2.822322e+08 2.639149e+08 2.486808e+08 2.356135e+08 2.239297e+08 2.131039e+08 1.931688e+08 1.752213e+08 1.592521e+08 1.451920e+08 1.328753e+08 1.220951e+08
3.732579e+08 3.732579e+08 3.732579e+08 3.732582e+08 3.732591e+08 3.731263e+08 3.708802e+08 3.623369e+08 3.572795e+08 3.519635e+08 3.415798e+08 3.328085e+08 3.259361e+08 3.202645e+08 3.149929e+08 3.096834e+08 3.042651e+08 2.794535e+08 2.614063e+08 2.468290e+08 2.341649e+08 2.226951e+08 2.119777e+08 1.921343e+08 1.742425e+08 1.583351e+08 1.443444e+08 1.320996e+08 1.213893e+08
3.629294e+08 3.629294e+08 3.629294e+08 3.629298e+08 3.629308e+08 3.628178e+08 3.607598e+08 3.530945e+08 3.486299e+08 3.439373e+08 3.345296e+08 3.260241e+08 3.190091e+08 3.133831e+08 3.086379e+08 3.042412e+08 2.998525e+08 2.773765e+08 2.590176e+08 2.448789e+08 2.325991e+08 2.213526e+08 2.107557e+08 1.910252e+08 1.732058e+08 1.573734e+08 1.434623e+08 1.312970e+08 1.206625e+08
3.549961e+08 3.549961e+08 3.549961e+08 3.549963e+08 3.549969e+08 3.548740e+08 3.528714e+08 3.455708e+08 3.414095e+08 3.370877e+08 3.284563e+08 3.204251e+08 3.134509e+08 3.076801e+08 3.029289e+08 2.988295e+08 2.950135e+08 2.752968e+08 2.570709e+08 2.429056e+08 2.309358e+08 2.199064e+08 2.094374e+08 1.898397e+08 1.721103e+08 1.563666e+08 1.425455e+08 1.304675e+08 1.199145e+08
3.482405e+08 3.482405e+08 3.482405e+08 3.482408e+08 3.482414e+08 3.481308e+08 3.462269e+08 3.392913e+08 3.353592e+08 3.312942e+08 3.232190e+08 3.156384e+08 3.088316e+08 3.029686e+08 2.980486e+08 2.938935e+08 2.902340e+08 2.728395e+08 2.554171e+08 2.410337e+08 2.292093e+08 2.183667e+08 2.080252e+08 1.885771e+08 1.709553e+08 1.553143e+08 1.415939e+08 1.296112e+08 1.191456e+08
3.426932e+08 3.426932e+08 3.426932e+08 3.426934e+08 3.426937e+08 3.425812e+08 3.407309e+08 3.340287e+08 3.302440e+08 3.263410e+08 3.186210e+08 3.113751e+08 3.047608e+08 2.988878e+08 2.938146e+08 2.894886e+08 2.857558e+08 2.698984e+08 2.537512e+08 2.394240e+08 2.274722e+08 2.167508e+08 2.065248e+08 1.872377e+08 1.697406e+08 1.542167e+08 1.406077e+08 1.287282e+08 1.183560e+08
3.379218e+08 3.379218e+08 3.379218e+08 3.379220e+08 3.379224e+08 3.378150e+08 3.360192e+08 3.294833e+08 3.257780e+08 3.219556e+08 3.144171e+08 3.073749e+08 3.009218e+08 2.950944e+08 2.899394e+08 2.854596e+08 2.815843e+08 2.665442e+08 2.518847e+08 2.379432e+08 2.258095e+08 2.150849e+08 2.049462e+08 1.858227e+08 1.684664e+08 1.530737e+08 1.395870e+08 1.278188e+08 1.175458e+08
3.336653e+08 3.336653e+08 3.336653e+08 3.336651e+08 3.336643e+08 3.335302e+08 3.317121e+08 3.251930e+08 3.215112e+08 3.177208e+08 3.102751e+08 3.033648e+08 2.970510e+08 2.913119e+08 2.861568e+08 2.815969e+08 2.776066e+08 2.629155e+08 2.497200e+08 2.364423e+08 2.242955e+08 2.134069e+08 2.033041e+08 1.843353e+08 1.671336e+08 1.518858e+08 1.385322e+08 1.268833e+08 1.167155e+08
3.288324e+08 3.288324e+08 3.288324e+08 3.288322e+08 3.288316e+08 3.287011e+08 3.269266e+08 3.205482e+08 3.169339e+08 3.132070e+08 3.058861e+08 2.991157e+08 2.929551e+08 2.873499e+08 2.822726e+08 2.777216e+08 2.736875e+08 2.591435e+08 2.472382e+08 2.348201e+08 2.228312e+08 2.117779e+08 2.016187e+08 1.827800e+08 1.657436e+08 1.506540e+08 1.374438e+08 1.259221e+08 1.158652e+08
3.234924e+08 3.234924e+08 3.234924e+08 3.234925e+08 3.234925e+08 3.233786e+08 3.216669e+08 3.154531e+08 3.119195e+08 3.082728e+08 3.011143e+08 2.945161e+08 2.885388e+08 2.831111e+08 2.781780e+08 2.737179e+08 2.697210e+08 2.553220e+08 2.444754e+08 2.330121e+08 2.213344e+08 2.102241e+08 1.999183e+08 1.811630e+08 1.642988e+08 1.493791e+08 1.363227e+08 1.249357e+08 1.149955e+08
3.178200e+08 3.178200e+08 3.178200e+08 3.178200e+08 3.178198e+08 3.177041e+08 3.160174e+08 3.099207e+08 3.064672e+08 3.029109e+08 2.959485e+08 2.895559e+08 2.837916e+08 2.785763e+08 2.738369e+08 2.695331e+08 2.656459e+08 2.515065e+08 2.414964e+08 2.309881e+08 2.197455e+08 2.086772e+08 1.982479e+08 1.794928e+08 1.628022e+08 1.480629e+08 1.351697e+08 1.239249e+08 1.141068e+08
3.115426e+08 3.115426e+08 3.115426e+08 3.115426e+08 3.115426e+08 3.114360e+08 3.098097e+08 3.039241e+08 3.005911e+08 2.971574e+08 2.904366e+08 2.842799e+08 2.787518e+08 2.737735e+08 2.692619e+08 2.651614e+08 2.614411e+08 2.477248e+08 2.383720e+08 2.287466e+08 2.180221e+08 2.070881e+08 1.966087e+08 1.777797e+08 1.612574e+08 1.467070e+08 1.339858e+08 1.228903e+08 1.131996e+08
3.051042e+08 3.051042e+08 3.051042e+08 3.051041e+08 3.051038e+08 3.049922e+08 3.033965e+08 2.976683e+08 2.944418e+08 2.911257e+08 2.846529e+08 2.787479e+08 2.734733e+08 2.687504e+08 2.644901e+08 2.606257e+08 2.571142e+08 2.439888e+08 2.351657e+08 2.263068e+08 2.161381e+08 2.054199e+08 1.949556e+08 1.760371e+08 1.596693e+08 1.453138e+08 1.327725e+08 1.218328e+08 1.122746e+08
2.983629e+08 2.983629e+08 2.983629e+08 2.983628e+08 2.983625e+08 2.982532e+08 2.966989e+08 2.911396e+08 2.880257e+08 2.848357e+08 2.786342e+08 2.730058e+08 2.680067e+08 2.635579e+08 2.595680e+08 2.559628e+08 2.526896e+08 2.403025e+08 2.319270e+08 2.236995e+08 2.140825e+08 2.036447e+08 1.932582e+08 1.742832e+08 1.580434e+08 1.438859e+08 1.315313e+08 1.207535e+08 1.113325e+08
2.912966e+08 2.912966e+08 2.912966e+08 2.912965e+08 2.912962e+08 2.911903e+08 2.896821e+08 2.843187e+08 2.813393e+08 2.782994e+08 2.724145e+08 2.670991e+08 2.624025e+08 2.582480e+08 2.545448e+08 2.512155e+08 2.482007e+08 2.366672e+08 2.286904e+08 2.209596e+08 2.118567e+08 2.017438e+08 1.914932e+08 1.725414e+08 1.563862e+08 1.424265e+08 1.302639e+08 1.196533e+08 1.103740e+08
2.839984e+08 2.839984e+08 2.839984e+08 2.839983e+08 2.839980e+08 2.838953e+08 2.824340e+08 2.772805e+08 2.744515e+08 2.715807e+08 2.660513e+08 2.610820e+08 2.567134e+08 2.528716e+08 2.494689e+08 2.464275e+08 2.436836e+08 2.330832e+08 2.254770e+08 2.181203e+08 2.094713e+08 1.997066e+08 1.896430e+08 1.707976e+08 1.547054e+08 1.409390e+08 1.289722e+08 1.185336e+08 1.094000e+08
2.765515e+08 2.765515e+08 2.765515e+08 2.765514e+08 2.765511e+08 2.764520e+08 2.750377e+08 2.701030e+08 2.674354e+08 2.647478e+08 2.596042e+08 2.550084e+08 2.509897e+08 2.474766e+08 2.443856e+08 2.416399e+08 2.391738e+08 2.295509e+08 2.222970e+08 2.152100e+08 2.069425e+08 1.975300e+08 1.876950e+08 1.690335e+08 1.530105e+08 1.394274e+08 1.276585e+08 1.173957e+08 1.084113e+08
2.690247e+08 2.690247e+08 2.690247e+08 2.690246e+08 2.690244e+08 2.689292e+08 2.675634e+08 2.628546e+08 2.603564e+08 2.578623e+08 2.531280e+08 2.489283e+08 2.452776e+08 2.421065e+08 2.393353e+08 2.368897e+08 2.347033e+08 2.260700e+08 2.191528e+08 2.122505e+08 2.042895e+08 1.952174e+08 1.856419e+08 1.672374e+08 1.513149e+08 1.378961e+08 1.263252e+08 1.162410e+08 1.074089e+08
2.614852e+08 2.614852e+08 2.614852e+08 2.614851e+08 2.614849e+08 2.613932e+08 2.600747e+08 2.555948e+08 2.532722e+08 2.509799e+08 2.466740e+08 2.428879e+08 2.396198e+08 2.368004e+08 2.343541e+08 2.322092e+08 2.302998e+08 2.226393e+08 2.160406e+08 2.092570e+08 2.015316e+08 1.927770e+08 1.834808e+08 1.654001e+08 1.496267e+08 1.363501e+08 1.249748e+08 1.150712e+08 1.063939e+08
2.539828e+08 2.539828e+08 2.539828e+08 2.539828e+08 2.539826e+08 2.538946e+08 2.526238e+08 2.483771e+08 2.462355e+08 2.441518e+08 2.402890e+08 2.369301e+08 2.340545e+08 2.315927e+08 2.294724e+08 2.276246e+08 2.259853e+08 2.192551e+08 2.129526e+08 2.062388e+08 1.986869e+08 1.902200e+08 1.812130e+08 1.635149e+08 1.479348e+08 1.347949e+08 1.236102e+08 1.138879e+08 1.053673e+08
2.465718e+08 2.465718e+08 2.465718e+08 2.465718e+08 2.465716e+08 2.464874e+08 2.452630e+08 2.412493e+08 2.392920e+08 2.374219e+08 2.340134e+08 2.310912e+08 2.286143e+08 2.265117e+08 2.247140e+08 2.231555e+08 2.217746e+08 2.159113e+08 2.098785e+08 2.032006e+08 1.957715e+08 1.875601e+08 1.788435e+08 1.615773e+08 1.462322e+08 1.332375e+08 1.222344e+08 1.126929e+08 1.043303e+08
2.392889e+08 2.392889e+08 2.392889e+08 2.392889e+08 2.392887e+08 2.392076e+08 2.380284e+08 2.342479e+08 2.324779e+08 2.308252e+08 2.278794e+08 2.254001e+08 2.233238e+08 2.215775e+08 2.200945e+08 2.188128e+08 2.176745e+08 2.125987e+08 2.068064e+08 2.001433e+08 1.927988e+08 1.848113e+08 1.763799e+08 1.595844e+08 1.445139e+08 1.316873e+08 1.208507e+08 1.114882e+08 1.032842e+08
2.321676e+08 2.321676e+08 2.321676e+08 2.321675e+08 2.321674e+08 2.320895e+08 2.309541e+08 2.274053e+08 2.258240e+08 2.243911e+08 2.219125e+08 2.198779e+08 2.181996e+08 2.168016e+08 2.156202e+08 2.145983e+08 2.136831e+08 2.093050e+08 2.037240e+08 1.970658e+08 1.897797e+08 1.819881e+08 1.738317e+08 1.575358e+08 1.427765e+08 1.301439e+08 1.194628e+08 1.102757e+08 1.022302e+08
2.252312e+08 2.252312e+08 2.252312e+08 2.252312e+08 2.252311e+08 2.251567e+08 2.240642e+08 2.207452e+08 2.193528e+08 2.181405e+08 2.161298e+08 2.145371e+08 2.132485e+08 2.121850e+08 2.112871e+08 2.105039e+08 2.097892e+08 2.060153e+08 2.006193e+08 1.939657e+08 1.867232e+08 1.791039e+08 1.712099e+08 1.554323e+08 1.410174e+08 1.286017e+08 1.180747e+08 1.090577e+08 1.011697e+08
2.185056e+08 2.185056e+08 2.185056e+08 2.185056e+08 2.185055e+08 2.184339e+08 2.173820e+08 2.142868e+08 2.130816e+08 2.120884e+08 2.105416e+08 2.093817e+08 2.084677e+08 2.077186e+08 2.070809e+08 2.065120e+08 2.059736e+08 2.027135e+08 1.974814e+08 1.908401e+08 1.836366e+08 1.761716e+08 1.685259e+08 1.532766e+08 1.392350e+08 1.270576e+08 1.166916e+08 1.078363e+08 1.001040e+08
2.119964e+08 2.119964e+08 2.119964e+08 2.119963e+08 2.119962e+08 2.119275e+08 2.109148e+08 2.080395e+08 2.070196e+08 2.062429e+08 2.051501e+08 2.044058e+08 2.038431e+08 2.033819e+08 2.029775e+08 2.025968e+08 2.022105e+08 1.993835e+08 1.943015e+08 1.876870e+08 1.805258e+08 1.732027e+08 1.657915e+08 1.510727e+08 1.374288e+08 1.255093e+08 1.153190e+08 1.066140e+08 9.903467e+07
2.057129e+08 2.057129e+08 2.057129e+08 2.057129e+08 2.057128e+08 2.056467e+08 2.046715e+08 2.020102e+08 2.011712e+08 2.006043e+08 1.999452e+08 1.995890e+08 1.993473e+08 1.991441e+08 1.989448e+08 1.987272e+08 1.984709e+08 1.960109e+08 1.910733e+08 1.845052e+08 1.773963e+08 1.702077e+08 1.630181e+08 1.488256e+08 1.355987e+08 1.239555e+08 1.139539e+08 1.053933e+08 9.796317e+07
1.996608e+08 1.996608e+08 1.996608e+08 1.996607e+08 1.996607e+08 1.995970e+08 1.986576e+08 1.961997e+08 1.955310e+08 1.951601e+08 1.949012e+08 1.948976e+08 1.949433e+08 1.949680e+08 1.949479e+08 1.948713e+08 1.947269e+08 1.925852e+08 1.877937e+08 1.812952e+08 1.742532e+08 1.671962e+08 1.602167e+08 1.465412e+08 1.337457e+08 1.223951e+08 1.125935e+08 1.041774e+08 9.689109e+07
1.938409e+08 1.938409e+08 1.938409e+08 1.938409e+08 1.938408e+08 1.937795e+08 1.928739e+08 1.906017e+08 1.900855e+08 1.898895e+08 1.899868e+08 1.902959e+08 1.905954e+08 1.908202e+08 1.909570e+08 1.910035e+08 1.909566e+08 1.891006e+08 1.844629e+08 1.780589e+08 1.711014e+08 1.641767e+08 1.573976e+08 1.442260e+08 1.318712e+08 1.208276e+08 1.112365e+08 1.029702e+08 9.582008e+07
1.882503e+08 1.882503e+08 1.882503e+08 1.882503e+08 1.882503e+08 1.881912e+08 1.873179e+08 1.852117e+08 1.848270e+08 1.847810e+08 1.851839e+08 1.857625e+08 1.862815e+08 1.866804e+08 1.869542e+08 1.871090e+08 1.871485e+08 1.855571e+08 1.810846e+08 1.748000e+08 1.679461e+08 1.611571e+08 1.545703e+08 1.418868e+08 1.299773e+08 1.192528e+08 1.098817e+08 1.017735e+08 9.475187e+07
1.828866e+08 1.828866e+08 1.828866e+08 1.828866e+08 1.828866e+08 1.828296e+08 1.819865e+08 1.800266e+08 1.797527e+08 1.798318e+08 1.804887e+08 1.812925e+08 1.819967e+08 1.825440e+08 1.829359e+08 1.831854e+08 1.833019e+08 1.819602e+08 1.776654e+08 1.715240e+08 1.647925e+08 1.581444e+08 1.517434e+08 1.395306e+08 1.280667e+08 1.176710e+08 1.085285e+08 1.005847e+08 9.368840e+07
1.777416e+08 1.777416e+08 1.777416e+08 1.777416e+08 1.777416e+08 1.776866e+08 1.768724e+08 1.750415e+08 1.748597e+08 1.750412e+08 1.759044e+08 1.768912e+08 1.777474e+08 1.784180e+08 1.789098e+08 1.792409e+08 1.794252e+08 1.783204e+08 1.742145e+08 1.682374e+08 1.616464e+08 1.551452e+08 1.489248e+08 1.371643e+08 1.261424e+08 1.160826e+08 1.071763e+08 9.940255e+07 9.263194e+07
1.728094e+08 1.728094e+08 1.728094e+08 1.728094e+08 1.728094e+08 1.727564e+08 1.719695e+08 1.702522e+08 1.701460e+08 1.704097e+08 1.714366e+08 1.725683e+08 1.735456e+08 1.743159e+08 1.748902e+08 1.752902e+08 1.755334e+08 1.746517e+08 1.707433e+08 1.649479e+08 1.585133e+08 1.521654e+08 1.461216e+08 1.347946e+08 1.242077e+08 1.144885e+08 1.058251e+08 9.822623e+07 9.158537e+07
1.680848e+08 1.680848e+08 1.680848e+08 1.680848e+08 1.680848e+08 1.680336e+08 1.672726e+08 1.656546e+08 1.656095e+08 1.659377e+08 1.670910e+08 1.683340e+08 1.694050e+08 1.702537e+08 1.708941e+08 1.713510e+08 1.716443e+08 1.709699e+08 1.672640e+08 1.616639e+08 1.553993e+08 1.492106e+08 1.433401e+08 1.324278e+08 1.222661e+08 1.128898e+08 1.044747e+08 9.705516e+07 9.054820e+07
1.635595e+08 1.635595e+08 1.635595e+08 1.635595e+08 1.635595e+08 1.635100e+08 1.627735e+08 1.612428e+08 1.612464e+08 1.616242e+08 1.628719e+08 1.641975e+08 1.653385e+08 1.662468e+08 1.669388e+08 1.674415e+08 1.677765e+08 1.672919e+08 1.637894e+08 1.583939e+08 1.523101e+08 1.462859e+08 1.405859e+08 1.300699e+08 1.203214e+08 1.112877e+08 1.031252e+08 9.588894e+07 8.951898e+07
1.592260e+08 1.592260e+08 1.592260e+08 1.592260e+08 1.592260e+08 1.591780e+08 1.584645e+08 1.570105e+08 1.570522e+08 1.574669e+08 1.587824e+08 1.601664e+08 1.613573e+08 1.623092e+08 1.630401e+08 1.635786e+08 1.639476e+08 1.636341e+08 1.603322e+08 1.551465e+08 1.492514e+08 1.433958e+08 1.378637e+08 1.277263e+08 1.183772e+08 1.096839e+08 1.017770e+08 9.472733e+07 8.849696e+07
1.550745e+08 1.550745e+08 1.550745e+08 1.550745e+08 1.550745e+08 1.550280e+08 1.543364e+08 1.529498e+08 1.530209e+08 1.534620e+08 1.548235e+08 1.562460e+08 1.574705e+08 1.584524e+08 1.592115e+08 1.597772e+08 1.601732e+08 1.600115e+08 1.569044e+08 1.519301e+08 1.462286e+08 1.405446e+08 1.351779e+08 1.254022e+08 1.164372e+08 1.080799e+08 1.004304e+08 9.357016e+07 8.748164e+07
1.510946e+08 1.510946e+08 1.510946e+08 1.510946e+08 1.510946e+08 1.510495e+08 1.503787e+08 1.490521e+08 1.491457e+08 1.496050e+08 1.509949e+08 1.524402e+08 1.536849e+08 1.546860e+08 1.554642e+08 1.560497e+08 1.564666e+08 1.564378e+08 1.535170e+08 1.487523e+08 1.432468e+08 1.377359e+08 1.325321e+08 1.231017e+08 1.145050e+08 1.064776e+08 9.908591e+07 9.241741e+07 8.647267e+07
1.472769e+08 1.472769e+08 1.472769e+08 1.472769e+08 1.472769e+08 1.472331e+08 1.465822e+08 1.453093e+08 1.454198e+08 1.458908e+08 1.472956e+08 1.487513e+08 1.500056e+08 1.510171e+08 1.518071e+08 1.524060e+08 1.528384e+08 1.529243e+08 1.501794e+08 1.456200e+08 1.403106e+08 1.349732e+08 1.299295e+08 1.208290e+08 1.125839e+08 1.048787e+08 9.774428e+07 9.126909e+07 8.546978e+07
1.436125e+08 1.436125e+08 1.436125e+08 1.436125e+08 1.436124e+08 1.435700e+08 1.429380e+08 1.417140e+08 1.418372e+08 1.423149e+08 1.437241e+08 1.451804e+08 1.464360e+08 1.474508e+08 1.482465e+08 1.488537e+08 1.492971e+08 1.494805e+08 1.469001e+08 1.425396e+08 1.374240e+08 1.322592e+08 1.273727e+08 1.185873e+08 1.106772e+08 1.032854e+08 9.640621e+07 9.012535e+07 8.447281e+07
1.400955e+08 1.400955e+08 1.400955e+08 1.400955e+08 1.400955e+08 1.400543e+08 1.394402e+08 1.382603e+08 1.383928e+08 1.388732e+08 1.402784e+08 1.417278e+08 1.429780e+08 1.439904e+08 1.447869e+08 1.453981e+08 1.458485e+08 1.461137e+08 1.436858e+08 1.395161e+08 1.345907e+08 1.295963e+08 1.248639e+08 1.163797e+08 1.087879e+08 1.016994e+08 9.507255e+07 8.898635e+07 8.348164e+07
1.367188e+08 1.367188e+08 1.367188e+08 1.367188e+08 1.367187e+08 1.366787e+08 1.360817e+08 1.349422e+08 1.350810e+08 1.355610e+08 1.369557e+08 1.383921e+08 1.396318e+08 1.406374e+08 1.414308e+08 1.420424e+08 1.424966e+08 1.428294e+08 1.405418e+08 1.365540e+08 1.318135e+08 1.269867e+08 1.224047e+08 1.142084e+08 1.069187e+08 1.001226e+08 9.374420e+07 8.785236e+07 8.249621e+07
1.334747e+08 1.334747e+08 1.334747e+08 1.334747e+08 1.334747e+08 1.334357e+08 1.328551e+08 1.317527e+08 1.318957e+08 1.323727e+08 1.337521e+08 1.351711e+08 1.363964e+08 1.373918e+08 1.381791e+08 1.387883e+08 1.392436e+08 1.396316e+08 1.374723e+08 1.336566e+08 1.290950e+08 1.244319e+08 1.199965e+08 1.120756e+08 1.050719e+08 9.855702e+07 9.242209e+07 8.672368e+07 8.151651e+07
1.303564e+08 1.303564e+08 1.303564e+08 1.303564e+08 1.303563e+08 1.303185e+08 1.297535e+08 1.286853e+08 1.288308e+08 1.293031e+08 1.306635e+08 1.320619e+08 1.332700e+08 1.342527e+08 1.350315e+08 1.356361e+08 1.360903e+08 1.365224e+08 1.344801e+08 1.308266e+08 1.264369e+08 1.219332e+08 1.176403e+08 1.099828e+08 1.032498e+08 9.700429e+07 9.110722e+07 8.560069e+07 8.054256e+07
1.273567e+08 1.273567e+08 1.273567e+08 1.273567e+08 1.273567e+08 1.273198e+08 1.267697e+08 1.257337e+08 1.258804e+08 1.263467e+08 1.276858e+08 1.290615e+08 1.302504e+08 1.312184e+08 1.319869e+08 1.325850e+08 1.330364e+08 1.335030e+08 1.315671e+08 1.280658e+08 1.238407e+08 1.194913e+08 1.153367e+08 1.079314e+08 1.014543e+08 9.546614e+07 8.980058e+07 8.448380e+07 7.957445e+07
1.244697e+08 1.244697e+08 1.244697e+08 1.244697e+08 1.244697e+08 1.244338e+08 1.238982e+08 1.228926e+08 1.230396e+08 1.234992e+08 1.248152e+08 1.261664e+08 1.273346e+08 1.282865e+08 1.290432e+08 1.296336e+08 1.300806e+08 1.305735e+08 1.287341e+08 1.253753e+08 1.213073e+08 1.171068e+08 1.130862e+08 1.059221e+08 9.968703e+07 9.394414e+07 8.850318e+07 8.337345e+07 7.861227e+07
1.216920e+08 1.216920e+08 1.216920e+08 1.216920e+08 1.216920e+08 1.216570e+08 1.211353e+08 1.201578e+08 1.203044e+08 1.207563e+08 1.220479e+08 1.233734e+08 1.245197e+08 1.254543e+08 1.261981e+08 1.267794e+08 1.272210e+08 1.277331e+08 1.259813e+08 1.227558e+08 1.188370e+08 1.147800e+08 1.108889e+08 1.039558e+08 9.794932e+07 9.243974e+07 8.721602e+07 8.227012e+07 7.765617e+07
1.190184e+08 1.190184e+08 1.190184e+08 1.190184e+08 1.190183e+08 1.189843e+08 1.184757e+08 1.175248e+08 1.176701e+08 1.181137e+08 1.193798e+08 1.206785e+08 1.218019e+08 1.227183e+08 1.234484e+08 1.240198e+08 1.244549e+08 1.249806e+08 1.233082e+08 1.202071e+08 1.164301e+08 1.125108e+08 1.087446e+08 1.020327e+08 9.624232e+07 9.095427e+07 8.594005e+07 8.117432e+07 7.670631e+07
1.164431e+08 1.164431e+08 1.164431e+08 1.164431e+08 1.164431e+08 1.164099e+08 1.159140e+08 1.149880e+08 1.151315e+08 1.155664e+08 1.168061e+08 1.180775e+08 1.191773e+08 1.200750e+08 1.207906e+08 1.213515e+08 1.217795e+08 1.223139e+08 1.207140e+08 1.177290e+08 1.140863e+08 1.102989e+08 1.066531e+08 1.001531e+08 9.456694e+07 8.948892e+07 8.467622e+07 8.008657e+07 7.576289e+07
1.139611e+08 1.139611e+08 1.139611e+08 1.139611e+08 1.139611e+08 1.139287e+08 1.134448e+08 1.125423e+08 1.126834e+08 1.131092e+08 1.143220e+08 1.155657e+08 1.166417e+08 1.175203e+08 1.182212e+08 1.187711e+08 1.191916e+08 1.197309e+08 1.181971e+08 1.153207e+08 1.118050e+08 1.081438e+08 1.046139e+08 9.831687e+07 9.292389e+07 8.804475e+07 8.342543e+07 7.900739e+07 7.482614e+07
1.115664e+08 1.115664e+08 1.115664e+08 1.115664e+08 1.115664e+08 1.115347e+08 1.110624e+08 1.101820e+08 1.103205e+08 1.107370e+08 1.119227e+08 1.131387e+08 1.141909e+08 1.150504e+08 1.157364e+08 1.162752e+08 1.166879e+08 1.172293e+08 1.157561e+08 1.129810e+08 1.095856e+08 1.060449e+08 1.026263e+08 9.652383e+07 9.131366e+07 8.662266e+07 8.218852e+07 7.793731e+07 7.389628e+07
1.092535e+08 1.092535e+08 1.092535e+08 1.092535e+08 1.092535e+08 1.092226e+08 1.087614e+08 1.079020e+08 1.080375e+08 1.084447e+08 1.096037e+08 1.107922e+08 1.118209e+08 1.126615e+08 1.133328e+08 1.138605e+08 1.142651e+08 1.148064e+08 1.133889e+08 1.107088e+08 1.074269e+08 1.040014e+08 1.006897e+08 9.477364e+07 8.973658e+07 8.522344e+07 8.096627e+07 7.687688e+07 7.297357e+07
1.070176e+08 1.070176e+08 1.070176e+08 1.070176e+08 1.070176e+08 1.069874e+08 1.065369e+08 1.056976e+08 1.058302e+08 1.062281e+08 1.073608e+08 1.085225e+08 1.095281e+08 1.103501e+08 1.110069e+08 1.115235e+08 1.119202e+08 1.124597e+08 1.110936e+08 1.085024e+08 1.053281e+08 1.020122e+08 9.880309e+07 9.306582e+07 8.819284e+07 8.384775e+07 7.975941e+07 7.582659e+07 7.205829e+07
1.048546e+08 1.048546e+08 1.048546e+08 1.048546e+08 1.048546e+08 1.048252e+08 1.043851e+08 1.035651e+08 1.036948e+08 1.040837e+08 1.051908e+08 1.063262e+08 1.073094e+08 1.081131e+08 1.087557e+08 1.092615e+08 1.096502e+08 1.101867e+08 1.088682e+08 1.063604e+08 1.032877e+08 1.000765e+08 9.696566e+07 9.139980e+07 8.668247e+07 8.249612e+07 7.856860e+07 7.478696e+07 7.115070e+07
1.027625e+08 1.027625e+08 1.027625e+08 1.027625e+08 1.027625e+08 1.027337e+08 1.023035e+08 1.015021e+08 1.016287e+08 1.020088e+08 1.030908e+08 1.042006e+08 1.051617e+08 1.059477e+08 1.065762e+08 1.070714e+08 1.074523e+08 1.079846e+08 1.067104e+08 1.042810e+08 1.013045e+08 9.819291e+07 9.517637e+07 8.977493e+07 8.520539e+07 8.116897e+07 7.739443e+07 7.375847e+07 7.025108e+07
1.007384e+08 1.007384e+08 1.007384e+08 1.007383e+08 1.007383e+08 1.007102e+08 1.002896e+08 9.950590e+07 9.962953e+07 1.000009e+08 1.010581e+08 1.021429e+08 1.030824e+08 1.038510e+08 1.044659e+08 1.049505e+08 1.053237e+08 1.058511e+08 1.046181e+08 1.022626e+08 9.937704e+07 9.636040e+07 9.343416e+07 8.819047e+07 8.376140e+07 7.986661e+07 7.623741e+07 7.274158e+07 6.935973e+07
9.877981e+07 9.877981e+07 9.877981e+07 9.877981e+07 9.877980e+07 9.875230e+07 9.834091e+07 9.757394e+07 9.769442e+07 9.805711e+07 9.909015e+07 1.001503e+08 1.010688e+08 1.018204e+08 1.024219e+08 1.028963e+08 1.032619e+08 1.037836e+08 1.025891e+08 1.003032e+08 9.750388e+07 9.457770e+07 9.173794e+07 8.664563e+07 8.235023e+07 7.858925e+07 7.509801e+07 7.173673e+07 6.847693e+07
9.688297e+07 9.688297e+07 9.688297e+07 9.688297e+07 9.688296e+07 9.685605e+07 9.645353e+07 9.570274e+07 9.582012e+07 9.617438e+07 9.718390e+07 9.822022e+07 9.911826e+07 9.985329e+07 1.004418e+08 1.009062e+08 1.012643e+08 1.017798e+08 1.006213e+08 9.840105e+07 9.568352e+07 9.284353e+07 9.008659e+07 8.513959e+07 8.097149e+07 7.733701e+07 7.397661e+07 7.074431e+07 6.760295e+07
9.504431e+07 9.504431e+07 9.504431e+07 9.504431e+07 9.504430e+07 9.501800e+07 9.462417e+07 9.388928e+07 9.400378e+07 9.434996e+07 9.533683e+07 9.635011e+07 9.722834e+07 9.794734e+07 9.852320e+07 9.897776e+07 9.932856e+07 9.983725e+07 9.871257e+07 9.655441e+07 9.391445e+07 9.115660e+07 8.847898e+07 8.367150e+07 7.962478e+07 7.610991e+07 7.287352e+07 6.976469e+07 6.673807e+07
9.326276e+07 9.326276e+07 9.326276e+07 9.326276e+07 9.326276e+07 9.323701e+07 9.285149e+07 9.213184e+07 9.224352e+07 9.258187e+07 9.354681e+07 9.453779e+07 9.539683e+07 9.610023e+07 9.666376e+07 9.710872e+07 9.745232e+07 9.795374e+07 9.686078e+07 9.476144e+07 9.219515e+07 8.951562e+07 8.691394e+07 8.224046e+07 7.830959e+07 7.490791e+07 7.178901e+07 6.879820e+07 6.588256e+07
9.153600e+07 9.153600e+07 9.153600e+07 9.153600e+07 9.153599e+07 9.151081e+07 9.113340e+07 9.042857e+07 9.053752e+07 9.086828e+07 9.181195e+07 9.278125e+07 9.362160e+07 9.430980e+07 9.486125e+07 9.529682e+07 9.563331e+07 9.612704e+07 9.506392e+07 9.302037e+07 9.052410e+07 8.791927e+07 8.539033e+07 8.084557e+07 7.702539e+07 7.373091e+07 7.072327e+07 6.784516e+07 6.503667e+07
8.986272e+07 8.986272e+07 8.986272e+07 8.986272e+07 8.986271e+07 8.983804e+07 8.946841e+07 8.877777e+07 8.888400e+07 8.920735e+07 9.013028e+07 9.107844e+07 9.190054e+07 9.257387e+07 9.311349e+07 9.353982e+07 9.386930e+07 9.435498e+07 9.332001e+07 9.132946e+07 8.889982e+07 8.636627e+07 8.390699e+07 7.948593e+07 7.577161e+07 7.257873e+07 6.967643e+07 6.690582e+07 6.420063e+07
8.824051e+07 8.824051e+07 8.824051e+07 8.824050e+07 8.824050e+07 8.821635e+07 8.785427e+07 8.717739e+07 8.728095e+07 8.759706e+07 8.849974e+07 8.942726e+07 9.023151e+07 9.089027e+07 9.141829e+07 9.183554e+07 9.215812e+07 9.263547e+07 9.162711e+07 8.968698e+07 8.732083e+07 8.485534e+07 8.246280e+07 7.816062e+07 7.454764e+07 7.145114e+07 6.864859e+07 6.598040e+07 6.337468e+07
8.666771e+07 8.666771e+07 8.666771e+07 8.666771e+07 8.666771e+07 8.664403e+07 8.628922e+07 8.562545e+07 8.572633e+07 8.603531e+07 8.691817e+07 8.782549e+07 8.861230e+07 8.925682e+07 8.977348e+07 9.018184e+07 9.049764e+07 9.096651e+07 8.998337e+07 8.809130e+07 8.578568e+07 8.338520e+07 8.105661e+07 7.686874e+07 7.335286e+07 7.034789e+07 6.763976e+07 6.506911e+07 6.255902e+07
8.514188e+07 8.514188e+07 8.514188e+07 8.514188e+07 8.514188e+07 8.511867e+07 8.477087e+07 8.411970e+07 8.421787e+07 8.451986e+07 8.538332e+07 8.627094e+07 8.704072e+07 8.767135e+07 8.817694e+07 8.857663e+07 8.888580e+07 8.934614e+07 8.838700e+07 8.654078e+07 8.429295e+07 8.195462e+07 7.968733e+07 7.560938e+07 7.218663e+07 6.926865e+07 6.664995e+07 6.417209e+07 6.175385e+07
8.366056e+07 8.366056e+07 8.366056e+07 8.366056e+07 8.366056e+07 8.363780e+07 8.329677e+07 8.265773e+07 8.275325e+07 8.304841e+07 8.389299e+07 8.476144e+07 8.551469e+07 8.613183e+07 8.662666e+07 8.701791e+07 8.732064e+07 8.777253e+07 8.683625e+07 8.503388e+07 8.284125e+07 8.056237e+07 7.835385e+07 7.438165e+07 7.104829e+07 6.821307e+07 6.567909e+07 6.328948e+07 6.095933e+07
8.222141e+07 8.222141e+07 8.222141e+07 8.222141e+07 8.222140e+07 8.219909e+07 8.186463e+07 8.123735e+07 8.133029e+07 8.161882e+07 8.244512e+07 8.329501e+07 8.403225e+07 8.463633e+07 8.512075e+07 8.550383e+07 8.580031e+07 8.624390e+07 8.532949e+07 8.356906e+07 8.142926e+07 7.920727e+07 7.705512e+07 7.318467e+07 6.993718e+07 6.718080e+07 6.472709e+07 6.242135e+07 6.017562e+07
8.082259e+07 8.082259e+07 8.082259e+07 8.082259e+07 8.082259e+07 8.080070e+07 8.047258e+07 7.985666e+07 7.994711e+07 8.022925e+07 8.103789e+07 8.186986e+07 8.259164e+07 8.318310e+07 8.365746e+07 8.403265e+07 8.432309e+07 8.475859e+07 8.386511e+07 8.214489e+07 8.005565e+07 7.788815e+07 7.579009e+07 7.201757e+07 6.885263e+07 6.617143e+07 6.379382e+07 6.156776e+07 5.940285e+07
7.946218e+07 7.946218e+07 7.946218e+07 7.946217e+07 7.946217e+07 7.944071e+07 7.911878e+07 7.851398e+07 7.860209e+07 7.887810e+07 7.966973e+07 8.048441e+07 8.119127e+07 8.177056e+07 8.223520e+07 8.260277e+07 8.288737e+07 8.331500e+07 8.244161e+07 8.075995e+07 7.871917e+07 7.660389e+07 7.455775e+07 7.087950e+07 6.779398e+07 6.518453e+07 6.287912e+07 6.072875e+07 5.864114e+07
7.813935e+07 7.813935e+07 7.813935e+07 7.813935e+07 7.813935e+07 7.811828e+07 7.780232e+07 7.720826e+07 7.729409e+07 7.756417e+07 7.833935e+07 7.913732e+07 7.982974e+07 8.039726e+07 8.085250e+07 8.121269e+07 8.149164e+07 8.191163e+07 8.105752e+07 7.941290e+07 7.741859e+07 7.535338e+07 7.335709e+07 6.976963e+07 6.676057e+07 6.421969e+07 6.198280e+07 5.990431e+07 5.789058e+07
7.685282e+07 7.685282e+07 7.685282e+07 7.685282e+07 7.685282e+07 7.683214e+07 7.652197e+07 7.593834e+07 7.602197e+07 7.628630e+07 7.704553e+07 7.782729e+07 7.850573e+07 7.906183e+07 7.950797e+07 7.986102e+07 8.013451e+07 8.054704e+07 7.971147e+07 7.810243e+07 7.615273e+07 7.413557e+07 7.218716e+07 6.868714e+07 6.575174e+07 6.327645e+07 6.110465e+07 5.909442e+07 5.715124e+07
7.560142e+07 7.560142e+07 7.560142e+07 7.560142e+07 7.560141e+07 7.558112e+07 7.527658e+07 7.470307e+07 7.478456e+07 7.504330e+07 7.578705e+07 7.655307e+07 7.721794e+07 7.776297e+07 7.820030e+07 7.854643e+07 7.881462e+07 7.921989e+07 7.840213e+07 7.682729e+07 7.492044e+07 7.294941e+07 7.104702e+07 6.763125e+07 6.476683e+07 6.235435e+07 6.024443e+07 5.829901e+07 5.642319e+07
7.438413e+07 7.438413e+07 7.438413e+07 7.438413e+07 7.438413e+07 7.436419e+07 7.406508e+07 7.350132e+07 7.358070e+07 7.383399e+07 7.456268e+07 7.531343e+07 7.596514e+07 7.649945e+07 7.692824e+07 7.726766e+07 7.753071e+07 7.792887e+07 7.712821e+07 7.558629e+07 7.372061e+07 7.179390e+07 6.993575e+07 6.660118e+07 6.380522e+07 6.145294e+07 5.940188e+07 5.751803e+07 5.570645e+07
7.319947e+07 7.319947e+07 7.319947e+07 7.319947e+07 7.319947e+07 7.317989e+07 7.288608e+07 7.233181e+07 7.240915e+07 7.265716e+07 7.337125e+07 7.410720e+07 7.474616e+07 7.527008e+07 7.569058e+07 7.602351e+07 7.628157e+07 7.667274e+07 7.588850e+07 7.437826e+07 7.255219e+07 7.066808e+07 6.885248e+07 6.559618e+07 6.286628e+07 6.057176e+07 5.857674e+07 5.675137e+07 5.500104e+07
7.204637e+07 7.204637e+07 7.204637e+07 7.204637e+07 7.204636e+07 7.202713e+07 7.173844e+07 7.119338e+07 7.126876e+07 7.151167e+07 7.221165e+07 7.293328e+07 7.355989e+07 7.407375e+07 7.448622e+07 7.481283e+07 7.506604e+07 7.545030e+07 7.468183e+07 7.320209e+07 7.141414e+07 6.957101e+07 6.779634e+07 6.461551e+07 6.194938e+07 5.971034e+07 5.776873e+07 5.599891e+07 5.430698e+07
7.092345e+07 7.092345e+07 7.092345e+07 7.092345e+07 7.092345e+07 7.090457e+07 7.062092e+07 7.008498e+07 7.015852e+07 7.039655e+07 7.108291e+07 7.179068e+07 7.240533e+07 7.290941e+07 7.331408e+07 7.363453e+07 7.388300e+07 7.426040e+07 7.350706e+07 7.205671e+07 7.030548e+07 6.850177e+07 6.676651e+07 6.365847e+07 6.105392e+07 5.886821e+07 5.697754e+07 5.526053e+07 5.362424e+07
