5.829101e+08 4.274853e+08 3.646266e+08 2.361553e+08 1.967958e+08 1.411750e+08 1.295774e+08 1.197750e+08 1.160541e+08 1.125403e+08 1.060869e+08 1.004805e+08 9.565713e+07 9.145036e+07 8.769438e+07 8.426364e+07 8.107741e+07 6.789487e+07 5.891150e+07 5.328942e+07 4.982136e+07 4.758719e+07 4.600935e+07 4.362764e+07 4.146416e+07 3.926540e+07 3.705225e+07 3.489074e+07 3.283188e+07
1.382007e+08 1.382023e+08 1.382062e+08 1.382075e+08 1.377565e+08 1.323427e+08 1.264769e+08 1.185852e+08 1.151070e+08 1.117283e+08 1.054290e+08 9.992257e+07 9.517603e+07 9.103084e+07 8.732475e+07 8.393480e+07 8.078236e+07 6.770942e+07 5.878968e+07 5.320868e+07 4.976701e+07 4.754936e+07 4.598146e+07 4.360839e+07 4.144661e+07 3.924737e+07 3.703345e+07 3.487148e+07 3.281257e+07
1.284320e+08 1.284324e+08 1.284334e+08 1.284481e+08 1.284300e+08 1.272230e+08 1.230908e+08 1.170178e+08 1.138968e+08 1.107193e+08 1.046479e+08 9.928173e+07 9.463650e+07 9.056846e+07 8.692259e+07 8.358055e+07 8.046699e+07 6.751569e+07 5.866394e+07 5.312595e+07 4.971158e+07 4.751087e+07 4.595314e+07 4.358887e+07 4.142882e+07 3.922913e+07 3.701446e+07 3.485204e+07 3.279311e+07
1.235429e+08 1.235431e+08 1.235435e+08 1.235516e+08 1.235559e+08 1.221738e+08 1.214120e+08 1.151860e+08 1.124315e+08 1.095044e+08 1.037358e+08 9.855402e+07 9.403648e+07 9.006210e+07 8.648723e+07 8.320047e+07 8.013101e+07 6.731364e+07 5.853424e+07 5.304121e+07 4.965506e+07 4.747175e+07 4.592439e+07 4.356907e+07 4.141080e+07 3.921067e+07 3.699527e+07 3.483243e+07 3.277349e+07
1.200316e+08 1.200317e+08 1.200320e+08 1.200373e+08 1.200444e+08 1.191783e+08 1.187106e+08 1.136659e+08 1.108406e+08 1.081151e+08 1.026926e+08 9.773772e+07 9.337485e+07 8.951109e+07 8.601830e+07 8.279431e+07 7.977423e+07 6.710322e+07 5.840060e+07 5.295448e+07 4.959746e+07 4.743199e+07 4.589522e+07 4.354899e+07 4.139254e+07 3.919200e+07 3.697589e+07 3.481265e+07 3.275373e+07
1.173184e+08 1.173185e+08 1.173187e+08 1.173228e+08 1.173302e+08 1.169028e+08 1.159564e+08 1.126599e+08 1.095012e+08 1.066679e+08 1.015347e+08 9.683581e+07 9.265222e+07 8.891554e+07 8.551575e+07 8.236201e+07 7.939662e+07 6.688440e+07 5.826302e+07 5.286577e+07 4.953879e+07 4.739159e+07 4.586561e+07 4.352864e+07 4.137404e+07 3.917311e+07 3.695631e+07 3.479269e+07 3.273381e+07
1.151905e+08 1.151906e+08 1.151907e+08 1.151939e+08 1.152007e+08 1.150046e+08 1.138060e+08 1.114089e+08 1.084478e+08 1.054190e+08 1.003050e+08 9.585898e+07 9.187193e+07 8.827670e+07 8.498012e+07 8.190382e+07 7.899827e+07 6.665720e+07 5.812150e+07 5.277507e+07 4.947905e+07 4.735055e+07 4.583559e+07 4.350801e+07 4.135530e+07 3.915399e+07 3.693653e+07 3.477256e+07 3.271373e+07
1.135198e+08 1.135198e+08 1.135199e+08 1.135226e+08 1.135288e+08 1.133818e+08 1.120180e+08 1.096687e+08 1.072477e+08 1.043465e+08 9.908533e+07 9.482870e+07 9.104122e+07 8.759743e+07 8.441268e+07 8.142033e+07 7.857950e+07 6.642163e+07 5.797605e+07 5.268240e+07 4.941825e+07 4.730889e+07 4.580513e+07 4.348709e+07 4.133631e+07 3.913466e+07 3.691654e+07 3.475225e+07 3.269350e+07
1.121969e+08 1.121968e+08 1.121964e+08 1.121859e+08 1.121596e+08 1.116745e+08 1.101777e+08 1.075624e+08 1.057204e+08 1.031951e+08 9.800662e+07 9.378014e+07 9.017228e+07 8.688265e+07 8.381566e+07 8.091267e+07 7.814090e+07 6.617776e+07 5.782671e+07 5.258778e+07 4.935640e+07 4.726659e+07 4.577425e+07 4.346589e+07 4.131708e+07 3.911510e+07 3.689636e+07 3.473176e+07 3.267312e+07
1.096269e+08 1.096269e+08 1.096269e+08 1.096258e+08 1.096208e+08 1.093085e+08 1.080359e+08 1.052985e+08 1.038919e+08 1.018456e+08 9.702188e+07 9.276810e+07 8.928326e+07 8.613986e+07 8.319251e+07 8.038255e+07 7.768338e+07 6.592568e+07 5.767350e+07 5.249122e+07 4.929350e+07 4.722367e+07 4.574294e+07 4.344441e+07 4.129761e+07 3.909532e+07 3.687598e+07 3.471109e+07 3.265258e+07
1.067351e+08 1.067351e+08 1.067351e+08 1.067346e+08 1.067321e+08 1.065553e+08 1.056486e+08 1.030330e+08 1.018890e+08 1.002892e+08 9.602766e+07 9.186129e+07 8.839961e+07 8.537949e+07 8.254807e+07 7.983242e+07 7.720828e+07 6.566551e+07 5.751646e+07 5.239275e+07 4.922956e+07 4.718013e+07 4.571122e+07 4.342265e+07 4.127789e+07 3.907531e+07 3.685539e+07 3.469024e+07 3.263189e+07
9.504284e+07 9.504284e+07 9.504285e+07 9.504313e+07 9.504370e+07 9.503248e+07 9.487131e+07 9.351000e+07 9.259347e+07 9.175736e+07 8.995194e+07 8.748439e+07 8.465533e+07 8.188229e+07 7.930819e+07 7.693155e+07 7.465053e+07 6.425161e+07 5.667590e+07 5.187242e+07 4.889472e+07 4.695328e+07 4.554625e+07 4.330948e+07 4.117547e+07 3.897181e+07 3.674934e+07 3.458327e+07 3.252606e+07
8.742911e+07 8.742911e+07 8.742911e+07 8.742907e+07 8.742880e+07 8.740448e+07 8.727172e+07 8.643524e+07 8.571877e+07 8.495615e+07 8.362247e+07 8.235777e+07 8.075769e+07 7.877863e+07 7.659611e+07 7.437036e+07 7.218979e+07 6.268955e+07 5.575231e+07 5.130884e+07 4.853597e+07 4.671169e+07 4.537088e+07 4.318892e+07 4.106655e+07 3.886239e+07 3.663802e+07 3.447169e+07 3.241625e+07
8.096874e+07 8.096874e+07 8.096875e+07 8.096884e+07 8.096905e+07 8.096922e+07 8.094562e+07 8.061732e+07 8.022220e+07 7.970230e+07 7.857598e+07 7.757702e+07 7.657370e+07 7.532864e+07 7.376731e+07 7.196324e+07 7.003515e+07 6.107937e+07 5.476733e+07 5.070893e+07 4.815594e+07 4.645636e+07 4.518538e+07 4.306079e+07 4.095087e+07 3.874686e+07 3.652127e+07 3.435539e+07 3.230239e+07
7.650839e+07 7.650839e+07 7.650840e+07 7.650850e+07 7.650878e+07 7.650930e+07 7.649511e+07 7.629022e+07 7.602451e+07 7.564547e+07 7.468109e+07 7.369191e+07 7.277747e+07 7.182650e+07 7.069896e+07 6.933987e+07 6.778357e+07 5.959715e+07 5.375720e+07 5.008368e+07 4.775855e+07 4.618871e+07 4.499017e+07 4.292491e+07 4.082820e+07 3.862501e+07 3.639895e+07 3.423428e+07 3.218442e+07
7.318662e+07 7.318663e+07 7.318663e+07 7.318670e+07 7.318686e+07 7.318418e+07 7.316482e+07 7.296379e+07 7.272134e+07 7.238244e+07 7.149224e+07 7.049061e+07 6.952599e+07 6.860727e+07 6.765291e+07 6.657989e+07 6.535413e+07 5.825275e+07 5.277733e+07 4.944927e+07 4.734947e+07 4.591081e+07 4.478592e+07 4.278114e+07 4.069829e+07 3.849665e+07 3.627093e+07 3.410827e+07 3.206229e+07
7.031041e+07 7.031041e+07 7.031040e+07 7.031032e+07 7.031003e+07 7.030169e+07 7.027401e+07 7.005558e+07 6.981050e+07 6.947928e+07 6.862874e+07 6.764817e+07 6.665996e+07 6.571933e+07 6.480812e+07 6.387269e+07 6.286572e+07 5.692199e+07 5.190655e+07 4.882823e+07 4.693655e+07 4.562559e+07 4.457367e+07 4.262942e+07 4.056092e+07 3.836160e+07 3.613708e+07 3.397728e+07 3.193595e+07
6.747871e+07 6.747871e+07 6.747871e+07 6.747870e+07 6.747866e+07 6.747506e+07 6.745344e+07 6.723852e+07 6.699636e+07 6.667541e+07 6.587463e+07 6.495843e+07 6.401057e+07 6.308536e+07 6.219821e+07 6.133154e+07 6.045455e+07 5.555491e+07 5.112626e+07 4.825226e+07 4.653030e+07 4.533703e+07 4.435492e+07 4.246980e+07 4.041594e+07 3.821968e+07 3.599728e+07 3.384123e+07 3.180535e+07
6.463705e+07 6.463705e+07 6.463705e+07 6.463698e+07 6.463674e+07 6.462883e+07 6.460102e+07 6.439273e+07 6.416854e+07 6.387602e+07 6.316003e+07 6.234832e+07 6.149432e+07 6.063624e+07 5.979940e+07 5.899043e+07 5.820037e+07 5.415699e+07 5.038665e+07 4.775917e+07 4.614451e+07 4.505040e+07 4.413174e+07 4.230248e+07 4.026319e+07 3.807076e+07 3.585142e+07 3.370005e+07 3.167047e+07
6.170656e+07 6.170656e+07 6.170656e+07 6.170652e+07 6.170639e+07 6.170239e+07 6.168787e+07 6.153963e+07 6.136103e+07 6.112105e+07 6.052303e+07 5.983760e+07 5.910380e+07 5.834618e+07 5.758848e+07 5.684850e+07 5.613344e+07 5.276574e+07 4.966073e+07 4.732695e+07 4.579901e+07 4.477249e+07 4.390692e+07 4.212784e+07 4.010263e+07 3.791471e+07 3.569943e+07 3.355370e+07 3.153125e+07
5.900502e+07 5.900502e+07 5.900502e+07 5.900502e+07 5.900503e+07 5.900470e+07 5.900067e+07 5.889571e+07 5.875238e+07 5.855503e+07 5.805716e+07 5.748441e+07 5.686708e+07 5.621861e+07 5.555559e+07 5.489708e+07 5.425815e+07 5.142590e+07 4.893785e+07 4.692971e+07 4.551087e+07 4.451222e+07 4.368406e+07 4.194650e+07 3.993426e+07 3.775147e+07 3.554122e+07 3.340213e+07 3.138770e+07
5.666523e+07 5.666523e+07 5.666523e+07 5.666521e+07 5.666514e+07 5.666264e+07 5.665370e+07 5.654955e+07 5.641918e+07 5.624366e+07 5.581105e+07 5.532492e+07 5.480754e+07 5.426270e+07 5.369791e+07 5.312777e+07 5.256861e+07 5.017375e+07 4.822010e+07 4.655005e+07 4.526143e+07 4.428314e+07 4.346780e+07 4.175935e+07 3.975822e+07 3.758101e+07 3.537677e+07 3.324532e+07 3.123980e+07
5.451281e+07 5.451281e+07 5.451281e+07 5.451280e+07 5.451278e+07 5.451168e+07 5.450626e+07 5.441745e+07 5.430250e+07 5.414813e+07 5.377305e+07 5.336160e+07 5.293225e+07 5.248298e+07 5.201388e+07 5.153358e+07 5.105598e+07 4.903165e+07 4.751727e+07 4.617657e+07 4.503486e+07 4.409120e+07 4.326433e+07 4.156760e+07 3.957475e+07 3.740334e+07 3.520605e+07 3.308326e+07 3.108755e+07
5.255132e+07 5.255132e+07 5.255132e+07 5.255132e+07 5.255131e+07 5.255064e+07 5.254722e+07 5.247515e+07 5.237813e+07 5.224731e+07 5.193158e+07 5.159139e+07 5.124292e+07 5.088144e+07 5.050229e+07 5.010884e+07 4.971128e+07 4.800900e+07 4.684157e+07 4.580329e+07 4.481914e+07 4.392231e+07 4.308340e+07 4.137281e+07 3.938421e+07 3.721855e+07 3.502909e+07 3.291596e+07 3.093096e+07
5.078994e+07 5.078994e+07 5.078994e+07 5.078995e+07 5.078997e+07 5.079033e+07 5.079006e+07 5.073637e+07 5.065761e+07 5.055022e+07 5.029179e+07 5.001785e+07 4.974250e+07 4.945965e+07 4.916185e+07 4.884839e+07 4.852578e+07 4.710532e+07 4.620376e+07 4.542860e+07 4.460507e+07 4.376593e+07 4.292511e+07 4.117698e+07 3.918714e+07 3.702680e+07 3.484594e+07 3.274344e+07 3.077006e+07
4.925701e+07 4.925701e+07 4.925701e+07 4.925702e+07 4.925706e+07 4.925795e+07 4.925958e+07 4.922006e+07 4.915662e+07 4.906932e+07 4.886058e+07 4.864412e+07 4.843178e+07 4.821649e+07 4.798901e+07 4.774571e+07 4.748987e+07 4.631353e+07 4.561097e+07 4.505383e+07 4.438613e+07 4.361362e+07 4.277930e+07 4.098272e+07 3.898422e+07 3.682832e+07 3.465670e+07 3.256577e+07 3.060488e+07
4.795481e+07 4.795481e+07 4.795481e+07 4.795482e+07 4.795486e+07 4.795587e+07 4.795802e+07 4.792695e+07 4.787473e+07 4.780300e+07 4.763437e+07 4.746528e+07 4.730491e+07 4.714523e+07 4.697583e+07 4.679111e+07 4.659186e+07 4.562234e+07 4.506619e+07 4.468180e+07 4.415827e+07 4.345849e+07 4.263867e+07 4.079375e+07 3.877633e+07 3.662342e+07 3.446150e+07 3.238302e+07 3.043550e+07
4.685494e+07 4.685494e+07 4.685494e+07 4.685495e+07 4.685499e+07 4.685598e+07 4.685823e+07 4.683375e+07 4.679097e+07 4.673238e+07 4.659727e+07 4.646697e+07 4.634834e+07 4.623265e+07 4.610904e+07 4.597084e+07 4.581720e+07 4.501809e+07 4.456861e+07 4.431556e+07 4.391957e+07 4.329513e+07 4.249720e+07 4.061503e+07 3.856457e+07 3.641249e+07 3.426054e+07 3.219530e+07 3.026197e+07
4.592843e+07 4.592843e+07 4.592843e+07 4.592844e+07 4.592848e+07 4.592965e+07 4.593268e+07 4.591564e+07 4.588169e+07 4.583479e+07 4.572806e+07 4.562900e+07 4.554264e+07 4.546009e+07 4.537064e+07 4.526737e+07 4.514858e+07 4.448593e+07 4.411449e+07 4.395756e+07 4.366966e+07 4.311963e+07 4.234985e+07 4.044263e+07 3.835030e+07 3.619605e+07 3.405405e+07 3.200274e+07 3.008438e+07
4.516555e+07 4.516555e+07 4.516555e+07 4.516556e+07 4.516559e+07 4.516658e+07 4.516908e+07 4.515487e+07 4.512684e+07 4.508848e+07 4.500313e+07 4.492729e+07 4.486413e+07 4.480474e+07 4.473898e+07 4.466025e+07 4.456659e+07 4.401085e+07 4.369811e+07 4.360929e+07 4.340924e+07 4.292945e+07 4.219247e+07 4.027161e+07 3.813532e+07 3.597470e+07 3.384231e+07 3.180550e+07 2.990284e+07
4.452889e+07 4.452889e+07 4.452889e+07 4.452890e+07 4.452893e+07 4.452965e+07 4.453138e+07 4.451859e+07 4.449492e+07 4.446295e+07 4.439334e+07 4.433372e+07 4.428584e+07 4.424110e+07 4.419024e+07 4.412740e+07 4.405082e+07 4.357834e+07 4.331271e+07 4.327111e+07 4.313955e+07 4.272323e+07 4.202184e+07 4.009830e+07 3.792243e+07 3.574915e+07 3.362567e+07 3.160378e+07 2.971747e+07
4.398244e+07 4.398244e+07 4.398244e+07 4.398245e+07 4.398247e+07 4.398298e+07 4.398420e+07 4.397297e+07 4.395293e+07 4.392600e+07 4.386782e+07 4.381875e+07 4.377977e+07 4.374298e+07 4.370027e+07 4.364676e+07 4.358120e+07 4.317507e+07 4.295116e+07 4.294242e+07 4.286193e+07 4.250055e+07 4.183563e+07 3.991959e+07 3.771315e+07 3.552026e+07 3.340452e+07 3.139780e+07 2.952842e+07
4.350263e+07 4.350263e+07 4.350263e+07 4.350264e+07 4.350265e+07 4.350296e+07 4.350350e+07 4.349204e+07 4.347386e+07 4.344978e+07 4.339808e+07 4.335443e+07 4.331932e+07 4.328563e+07 4.324640e+07 4.319781e+07 4.313923e+07 4.278931e+07 4.260658e+07 4.262183e+07 4.257760e+07 4.226172e+07 4.163235e+07 3.973283e+07 3.750418e+07 3.528911e+07 3.317932e+07 3.118782e+07 2.933585e+07
4.306168e+07 4.306168e+07 4.306168e+07 4.306168e+07 4.306168e+07 4.306158e+07 4.306100e+07 4.304756e+07 4.302964e+07 4.300652e+07 4.295732e+07 4.291539e+07 4.288087e+07 4.284734e+07 4.280894e+07 4.276284e+07 4.270908e+07 4.241128e+07 4.227269e+07 4.230744e+07 4.228749e+07 4.200743e+07 4.141121e+07 3.953577e+07 3.729311e+07 3.505707e+07 3.295061e+07 3.097412e+07 2.913993e+07
4.262787e+07 4.262787e+07 4.262787e+07 4.262787e+07 4.262786e+07 4.262750e+07 4.262611e+07 4.261094e+07 4.259297e+07 4.257023e+07 4.252204e+07 4.248035e+07 4.244515e+07 4.241071e+07 4.237221e+07 4.232782e+07 4.227824e+07 4.203324e+07 4.194401e+07 4.199704e+07 4.199212e+07 4.173864e+07 4.117201e+07 3.932660e+07 3.707805e+07 3.482627e+07 3.271898e+07 3.075705e+07 2.894088e+07
4.217964e+07 4.217964e+07 4.217964e+07 4.217964e+07 4.217962e+07 4.217916e+07 4.217746e+07 4.216196e+07 4.214445e+07 4.212244e+07 4.207559e+07 4.203427e+07 4.199850e+07 4.196335e+07 4.192505e+07 4.188272e+07 4.183773e+07 4.164950e+07 4.161604e+07 4.168833e+07 4.169168e+07 4.145634e+07 4.091504e+07 3.910391e+07 3.685743e+07 3.459627e+07 3.248514e+07 3.053695e+07 2.873892e+07
4.170977e+07 4.170977e+07 4.170977e+07 4.170977e+07 4.170976e+07 4.170926e+07 4.170747e+07 4.169230e+07 4.167551e+07 4.165445e+07 4.160928e+07 4.156873e+07 4.153297e+07 4.149786e+07 4.146063e+07 4.142134e+07 4.138198e+07 4.125624e+07 4.128513e+07 4.137900e+07 4.138599e+07 4.116148e+07 4.064088e+07 3.886670e+07 3.662991e+07 3.436518e+07 3.224995e+07 3.031422e+07 2.853428e+07
4.121786e+07 4.121786e+07 4.121786e+07 4.121785e+07 4.121784e+07 4.121728e+07 4.121533e+07 4.120022e+07 4.118392e+07 4.116354e+07 4.111980e+07 4.108018e+07 4.104500e+07 4.101081e+07 4.097576e+07 4.094074e+07 4.090829e+07 4.085127e+07 4.094852e+07 4.106686e+07 4.107460e+07 4.085486e+07 4.035034e+07 3.861435e+07 3.639438e+07 3.413177e+07 3.201457e+07 3.008932e+07 2.832723e+07
4.070240e+07 4.070240e+07 4.070240e+07 4.070239e+07 4.070237e+07 4.070173e+07 4.069956e+07 4.068426e+07 4.066831e+07 4.064853e+07 4.060620e+07 4.056789e+07 4.053399e+07 4.050169e+07 4.046998e+07 4.044049e+07 4.041624e+07 4.043366e+07 4.060412e+07 4.074989e+07 4.075687e+07 4.053712e+07 4.004435e+07 3.834660e+07 3.614994e+07 3.389510e+07 3.178026e+07 2.986275e+07 2.811806e+07
4.016055e+07 4.016055e+07 4.016055e+07 4.016054e+07 4.016053e+07 4.015996e+07 4.015801e+07 4.014363e+07 4.012849e+07 4.010970e+07 4.006954e+07 4.003329e+07 4.000154e+07 3.997213e+07 3.994484e+07 3.992202e+07 3.990711e+07 4.000345e+07 4.025042e+07 4.042623e+07 4.043202e+07 4.020873e+07 3.972385e+07 3.806350e+07 3.589589e+07 3.365436e+07 3.154601e+07 2.963507e+07 2.790708e+07
3.959860e+07 3.959860e+07 3.959860e+07 3.959859e+07 3.959858e+07 3.959801e+07 3.959610e+07 3.958253e+07 3.956834e+07 3.955077e+07 3.951334e+07 3.947983e+07 3.945099e+07 3.942528e+07 3.940327e+07 3.938800e+07 3.938329e+07 3.956129e+07 3.988633e+07 4.009426e+07 4.009918e+07 3.987003e+07 3.938982e+07 3.776538e+07 3.563178e+07 3.340891e+07 3.131087e+07 2.940699e+07 2.769461e+07
3.902052e+07 3.902052e+07 3.902052e+07 3.902052e+07 3.902050e+07 3.902002e+07 3.901837e+07 3.900610e+07 3.899307e+07 3.897690e+07 3.894258e+07 3.891222e+07 3.888673e+07 3.886519e+07 3.884900e+07 3.884181e+07 3.884778e+07 3.910816e+07 3.951105e+07 3.975251e+07 3.975751e+07 3.952122e+07 3.904316e+07 3.745279e+07 3.535732e+07 3.315822e+07 3.107420e+07 2.917950e+07 2.748104e+07
3.843369e+07 3.843369e+07 3.843369e+07 3.843369e+07 3.843368e+07 3.843327e+07 3.843184e+07 3.842074e+07 3.840881e+07 3.839399e+07 3.836270e+07 3.833548e+07 3.831340e+07 3.829617e+07 3.828595e+07 3.828700e+07 3.830374e+07 3.864512e+07 3.912402e+07 3.939979e+07 3.940621e+07 3.916246e+07 3.868475e+07 3.712647e+07 3.507244e+07 3.290187e+07 3.083551e+07 2.895297e+07 2.726675e+07
3.784392e+07 3.784392e+07 3.784392e+07 3.784392e+07 3.784391e+07 3.784352e+07 3.784217e+07 3.783186e+07 3.782081e+07 3.780713e+07 3.777853e+07 3.775417e+07 3.773528e+07 3.772220e+07 3.771778e+07 3.772687e+07 3.775411e+07 3.817318e+07 3.872485e+07 3.903511e+07 3.904460e+07 3.879384e+07 3.831540e+07 3.678730e+07 3.477724e+07 3.263956e+07 3.059440e+07 2.872659e+07 2.705222e+07
3.725364e+07 3.725364e+07 3.725364e+07 3.725364e+07 3.725363e+07 3.725329e+07 3.725212e+07 3.724274e+07 3.723257e+07 3.721997e+07 3.719381e+07 3.717197e+07 3.715591e+07 3.714659e+07 3.714760e+07 3.716427e+07 3.720141e+07 3.769323e+07 3.831330e+07 3.865777e+07 3.867216e+07 3.841551e+07 3.793590e+07 3.643624e+07 3.447200e+07 3.237112e+07 3.035055e+07 2.849988e+07 2.683802e+07
3.666660e+07 3.666660e+07 3.666660e+07 3.666660e+07 3.666659e+07 3.666629e+07 3.666526e+07 3.665666e+07 3.664725e+07 3.663559e+07 3.661146e+07 3.659167e+07 3.657795e+07 3.657193e+07 3.657782e+07 3.660142e+07 3.664765e+07 3.720606e+07 3.788936e+07 3.826734e+07 3.828856e+07 3.802764e+07 3.754701e+07 3.607433e+07 3.415711e+07 3.209645e+07 3.010370e+07 2.827248e+07 2.662491e+07
3.608541e+07 3.608541e+07 3.608541e+07 3.608541e+07 3.608540e+07 3.608513e+07 3.608418e+07 3.607610e+07 3.606720e+07 3.605618e+07 3.603344e+07 3.601511e+07 3.600322e+07 3.599997e+07 3.601018e+07 3.603998e+07 3.609437e+07 3.671242e+07 3.745325e+07 3.786373e+07 3.789372e+07 3.763049e+07 3.714947e+07 3.570266e+07 3.383312e+07 3.181558e+07 2.985367e+07 2.804412e+07 2.641271e+07
3.551128e+07 3.551128e+07 3.551128e+07 3.551128e+07 3.551127e+07 3.551095e+07 3.550989e+07 3.550173e+07 3.549301e+07 3.548230e+07 3.546041e+07 3.544310e+07 3.543269e+07 3.543184e+07 3.544586e+07 3.548115e+07 3.554274e+07 3.621311e+07 3.700548e+07 3.744718e+07 3.748776e+07 3.722443e+07 3.674401e+07 3.532232e+07 3.350065e+07 3.152861e+07 2.960033e+07 2.781461e+07 2.620092e+07
3.494102e+07 3.494102e+07 3.494102e+07 3.494101e+07 3.494101e+07 3.494071e+07 3.493968e+07 3.493179e+07 3.492338e+07 3.491306e+07 3.489211e+07 3.487588e+07 3.486690e+07 3.486832e+07 3.488578e+07 3.492592e+07 3.499377e+07 3.570910e+07 3.654686e+07 3.701825e+07 3.707110e+07 3.680993e+07 3.633141e+07 3.493439e+07 3.316041e+07 3.123576e+07 2.934362e+07 2.758377e+07 2.598928e+07
3.437472e+07 3.437472e+07 3.437472e+07 3.437471e+07 3.437470e+07 3.437443e+07 3.437349e+07 3.436612e+07 3.435818e+07 3.434846e+07 3.432879e+07 3.431391e+07 3.430655e+07 3.431020e+07 3.433083e+07 3.437524e+07 3.444848e+07 3.520151e+07 3.607851e+07 3.657780e+07 3.664435e+07 3.638761e+07 3.591243e+07 3.453996e+07 3.281318e+07 3.093731e+07 2.908352e+07 2.735147e+07 2.577758e+07
3.381426e+07 3.381426e+07 3.381426e+07 3.381425e+07 3.381425e+07 3.381398e+07 3.381310e+07 3.380620e+07 3.379879e+07 3.378972e+07 3.377157e+07 3.375829e+07 3.375270e+07 3.375856e+07 3.378208e+07 3.383019e+07 3.390793e+07 3.469165e+07 3.560180e+07 3.612698e+07 3.620835e+07 3.595817e+07 3.548787e+07 3.414007e+07 3.245977e+07 3.063359e+07 2.882007e+07 2.711763e+07 2.556568e+07
3.326056e+07 3.326056e+07 3.326056e+07 3.326056e+07 3.326056e+07 3.326036e+07 3.325968e+07 3.325359e+07 3.324683e+07 3.323854e+07 3.322207e+07 3.321049e+07 3.320669e+07 3.321464e+07 3.324071e+07 3.329192e+07 3.337330e+07 3.418096e+07 3.511834e+07 3.566715e+07 3.576413e+07 3.552243e+07 3.505856e+07 3.373573e+07 3.210101e+07 3.032503e+07 2.855337e+07 2.688219e+07 2.535345e+07
3.271722e+07 3.271722e+07 3.271722e+07 3.271722e+07 3.271721e+07 3.271704e+07 3.271643e+07 3.271084e+07 3.270460e+07 3.269697e+07 3.268204e+07 3.267206e+07 3.266992e+07 3.267970e+07 3.270790e+07 3.276157e+07 3.284573e+07 3.367096e+07 3.462982e+07 3.519984e+07 3.531285e+07 3.508129e+07 3.462533e+07 3.332790e+07 3.173773e+07 3.001207e+07 2.828355e+07 2.664513e+07 2.514081e+07
3.218512e+07 3.218512e+07 3.218512e+07 3.218512e+07 3.218512e+07 3.218495e+07 3.218438e+07 3.217921e+07 3.217343e+07 3.216639e+07 3.215281e+07 3.214423e+07 3.214352e+07 3.215480e+07 3.218466e+07 3.224013e+07 3.232623e+07 3.316311e+07 3.413803e+07 3.472666e+07 3.485576e+07 3.463573e+07 3.418902e+07 3.291751e+07 3.137079e+07 2.969522e+07 2.801079e+07 2.640646e+07 2.492768e+07
3.166483e+07 3.166483e+07 3.166483e+07 3.166483e+07 3.166482e+07 3.166468e+07 3.166418e+07 3.165945e+07 3.165411e+07 3.164761e+07 3.163525e+07 3.162787e+07 3.162829e+07 3.164071e+07 3.167173e+07 3.172836e+07 3.181563e+07 3.265880e+07 3.364469e+07 3.424926e+07 3.439419e+07 3.418676e+07 3.375050e+07 3.250543e+07 3.100098e+07 2.937498e+07 2.773531e+07 2.616620e+07 2.471402e+07
3.115713e+07 3.115713e+07 3.115713e+07 3.115713e+07 3.115713e+07 3.115701e+07 3.115658e+07 3.115223e+07 3.114727e+07 3.114124e+07 3.112988e+07 3.112343e+07 3.112467e+07 3.113784e+07 3.116953e+07 3.122675e+07 3.131449e+07 3.215926e+07 3.315148e+07 3.376927e+07 3.392947e+07 3.373538e+07 3.331060e+07 3.209248e+07 3.062909e+07 2.905190e+07 2.745736e+07 2.592443e+07 2.449980e+07
3.066245e+07 3.066245e+07 3.066245e+07 3.066245e+07 3.066245e+07 3.066234e+07 3.066194e+07 3.065787e+07 3.065319e+07 3.064751e+07 3.063685e+07 3.063097e+07 3.063268e+07 3.064621e+07 3.067816e+07 3.073548e+07 3.082310e+07 3.166551e+07 3.265992e+07 3.328826e+07 3.346291e+07 3.328264e+07 3.287016e+07 3.167943e+07 3.025589e+07 2.872652e+07 2.717721e+07 2.568122e+07 2.428500e+07
3.018070e+07 3.018070e+07 3.018070e+07 3.018070e+07 3.018070e+07 3.018059e+07 3.018020e+07 3.017619e+07 3.017161e+07 3.016606e+07 3.015570e+07 3.015006e+07 3.015193e+07 3.016555e+07 3.019744e+07 3.025448e+07 3.034155e+07 3.117841e+07 3.217137e+07 3.280768e+07 3.299578e+07 3.282952e+07 3.242997e+07 3.126699e+07 2.988209e+07 2.839939e+07 2.689516e+07 2.543669e+07 2.406965e+07
2.971066e+07 2.971066e+07 2.971066e+07 2.971066e+07 2.971065e+07 2.971051e+07 2.971001e+07 2.970580e+07 2.970120e+07 2.969566e+07 2.968540e+07 2.967985e+07 2.968177e+07 2.969535e+07 2.972702e+07 2.978357e+07 2.986980e+07 3.069866e+07 3.168705e+07 3.232888e+07 3.252928e+07 3.237699e+07 3.199081e+07 3.085583e+07 2.950836e+07 2.807105e+07 2.661153e+07 2.519096e+07 2.385375e+07
2.924921e+07 2.924921e+07 2.924921e+07 2.924921e+07 2.924921e+07 2.924908e+07 2.924863e+07 2.924459e+07 2.924012e+07 2.923474e+07 2.922478e+07 2.921947e+07 2.922154e+07 2.923512e+07 2.926656e+07 2.932253e+07 2.940776e+07 3.022681e+07 3.120798e+07 3.185305e+07 3.206451e+07 3.192594e+07 3.155338e+07 3.044655e+07 2.913532e+07 2.774202e+07 2.632664e+07 2.494419e+07 2.363735e+07
2.879656e+07 2.879656e+07 2.879656e+07 2.879656e+07 2.879656e+07 2.879643e+07 2.879600e+07 2.879218e+07 2.878793e+07 2.878281e+07 2.877339e+07 2.876854e+07 2.877091e+07 2.878461e+07 2.881587e+07 2.887124e+07 2.895538e+07 2.976329e+07 3.073504e+07 3.138126e+07 3.160247e+07 3.147720e+07 3.111837e+07 3.003970e+07 2.876356e+07 2.741281e+07 2.604082e+07 2.469653e+07 2.342050e+07
2.835298e+07 2.835298e+07 2.835298e+07 2.835297e+07 2.835297e+07 2.835287e+07 2.835252e+07 2.834900e+07 2.834500e+07 2.834019e+07 2.833141e+07 2.832712e+07 2.832991e+07 2.834380e+07 2.837492e+07 2.842968e+07 2.851268e+07 2.930844e+07 3.026894e+07 3.091441e+07 3.114406e+07 3.103155e+07 3.068640e+07 2.963580e+07 2.839360e+07 2.708391e+07 2.575442e+07 2.444817e+07 2.320326e+07
2.791936e+07 2.791936e+07 2.791936e+07 2.791936e+07 2.791935e+07 2.791927e+07 2.791895e+07 2.791568e+07 2.791193e+07 2.790741e+07 2.789924e+07 2.789551e+07 2.789873e+07 2.791283e+07 2.794379e+07 2.799792e+07 2.807971e+07 2.886253e+07 2.981028e+07 3.045329e+07 3.069008e+07 3.058968e+07 3.025804e+07 2.923530e+07 2.802592e+07 2.675578e+07 2.546778e+07 2.419929e+07 2.298571e+07
2.749613e+07 2.749613e+07 2.749613e+07 2.749613e+07 2.749613e+07 2.749605e+07 2.749577e+07 2.749271e+07 2.748915e+07 2.748487e+07 2.747723e+07 2.747399e+07 2.747758e+07 2.749183e+07 2.752260e+07 2.757604e+07 2.765656e+07 2.842577e+07 2.935950e+07 2.999854e+07 3.024121e+07 3.015219e+07 2.983379e+07 2.883859e+07 2.766097e+07 2.642885e+07 2.518121e+07 2.395008e+07 2.276794e+07
2.708351e+07 2.708351e+07 2.708351e+07 2.708351e+07 2.708350e+07 2.708343e+07 2.708317e+07 2.708023e+07 2.707681e+07 2.707272e+07 2.706551e+07 2.706268e+07 2.706658e+07 2.708092e+07 2.711142e+07 2.716411e+07 2.724327e+07 2.799827e+07 2.891695e+07 2.955068e+07 2.979802e+07 2.971962e+07 2.941410e+07 2.844604e+07 2.729913e+07 2.610351e+07 2.489505e+07 2.370076e+07 2.255003e+07
2.668110e+07 2.668110e+07 2.668110e+07 2.668110e+07 2.668110e+07 2.668102e+07 2.668077e+07 2.667796e+07 2.667470e+07 2.667081e+07 2.666404e+07 2.666160e+07 2.666577e+07 2.668014e+07 2.671030e+07 2.676214e+07 2.683985e+07 2.758010e+07 2.848288e+07 2.911012e+07 2.936100e+07 2.929243e+07 2.899937e+07 2.805797e+07 2.694075e+07 2.578016e+07 2.460961e+07 2.345152e+07 2.233211e+07
2.628871e+07 2.628871e+07 2.628871e+07 2.628871e+07 2.628871e+07 2.628866e+07 2.628846e+07 2.628590e+07 2.628284e+07 2.627918e+07 2.627288e+07 2.627083e+07 2.627520e+07 2.628952e+07 2.631923e+07 2.637010e+07 2.644626e+07 2.717124e+07 2.805743e+07 2.867718e+07 2.893055e+07 2.887101e+07 2.858995e+07 2.767464e+07 2.658613e+07 2.545911e+07 2.432519e+07 2.320257e+07 2.211427e+07
2.590698e+07 2.590698e+07 2.590698e+07 2.590698e+07 2.590698e+07 2.590694e+07 2.590679e+07 2.590449e+07 2.590163e+07 2.589819e+07 2.589231e+07 2.589051e+07 2.589495e+07 2.590904e+07 2.593814e+07 2.598790e+07 2.606236e+07 2.677162e+07 2.764068e+07 2.825208e+07 2.850696e+07 2.845568e+07 2.818611e+07 2.729629e+07 2.623555e+07 2.514069e+07 2.404208e+07 2.295411e+07 2.189664e+07
2.553669e+07 2.553669e+07 2.553669e+07 2.553669e+07 2.553669e+07 2.553667e+07 2.553658e+07 2.553447e+07 2.553171e+07 2.552836e+07 2.552256e+07 2.552071e+07 2.552491e+07 2.553853e+07 2.556681e+07 2.561527e+07 2.568790e+07 2.638107e+07 2.723262e+07 2.783495e+07 2.809048e+07 2.804670e+07 2.778809e+07 2.692311e+07 2.588922e+07 2.482517e+07 2.376054e+07 2.270635e+07 2.167933e+07
2.517867e+07 2.517867e+07 2.517867e+07 2.517867e+07 2.517867e+07 2.517860e+07 2.517839e+07 2.517592e+07 2.517297e+07 2.516943e+07 2.516322e+07 2.516091e+07 2.516457e+07 2.517749e+07 2.520477e+07 2.525181e+07 2.532250e+07 2.599937e+07 2.683318e+07 2.742587e+07 2.768128e+07 2.764427e+07 2.739610e+07 2.655527e+07 2.554736e+07 2.451280e+07 2.348083e+07 2.245949e+07 2.146248e+07
2.482937e+07 2.482937e+07 2.482937e+07 2.482937e+07 2.482937e+07 2.482930e+07 2.482904e+07 2.482633e+07 2.482321e+07 2.481946e+07 2.481279e+07 2.480995e+07 2.481298e+07 2.482512e+07 2.485134e+07 2.489692e+07 2.496565e+07 2.562626e+07 2.644224e+07 2.702486e+07 2.727946e+07 2.724854e+07 2.701029e+07 2.619290e+07 2.521011e+07 2.420381e+07 2.320318e+07 2.221372e+07 2.124620e+07
2.448666e+07 2.448666e+07 2.448666e+07 2.448666e+07 2.448666e+07 2.448659e+07 2.448635e+07 2.448366e+07 2.448051e+07 2.447670e+07 2.446981e+07 2.446661e+07 2.446915e+07 2.448060e+07 2.450583e+07 2.455000e+07 2.461683e+07 2.526143e+07 2.605967e+07 2.663189e+07 2.688508e+07 2.685961e+07 2.663076e+07 2.583610e+07 2.487763e+07 2.389838e+07 2.292782e+07 2.196922e+07 2.103063e+07
2.415045e+07 2.415045e+07 2.415045e+07 2.415045e+07 2.415045e+07 2.415038e+07 2.415014e+07 2.414747e+07 2.414433e+07 2.414053e+07 2.413358e+07 2.413020e+07 2.413241e+07 2.414331e+07 2.416768e+07 2.421055e+07 2.427558e+07 2.490461e+07 2.568527e+07 2.624688e+07 2.649816e+07 2.647757e+07 2.625760e+07 2.548496e+07 2.455001e+07 2.359669e+07 2.265493e+07 2.172618e+07 2.081588e+07
2.382051e+07 2.382051e+07 2.382051e+07 2.382050e+07 2.382050e+07 2.382045e+07 2.382025e+07 2.381768e+07 2.381459e+07 2.381082e+07 2.380389e+07 2.380043e+07 2.380243e+07 2.381291e+07 2.383653e+07 2.387822e+07 2.394156e+07 2.455552e+07 2.531886e+07 2.586974e+07 2.611868e+07 2.610243e+07 2.589086e+07 2.513951e+07 2.422734e+07 2.329888e+07 2.238470e+07 2.148476e+07 2.060210e+07
2.349729e+07 2.349729e+07 2.349729e+07 2.349729e+07 2.349729e+07 2.349724e+07 2.349704e+07 2.349450e+07 2.349144e+07 2.348770e+07 2.348079e+07 2.347728e+07 2.347912e+07 2.348924e+07 2.351219e+07 2.355279e+07 2.361454e+07 2.421392e+07 2.496025e+07 2.550036e+07 2.574660e+07 2.573420e+07 2.553057e+07 2.479981e+07 2.390969e+07 2.300507e+07 2.211729e+07 2.124511e+07 2.038938e+07
2.318065e+07 2.318065e+07 2.318065e+07 2.318065e+07 2.318065e+07 2.318060e+07 2.318043e+07 2.317796e+07 2.317493e+07 2.317121e+07 2.316432e+07 2.316077e+07 2.316246e+07 2.317226e+07 2.319458e+07 2.323414e+07 2.329436e+07 2.387958e+07 2.460925e+07 2.513859e+07 2.538185e+07 2.537285e+07 2.517672e+07 2.446585e+07 2.359710e+07 2.271536e+07 2.185284e+07 2.100740e+07 2.017787e+07
2.287076e+07 2.287076e+07 2.287076e+07 2.287076e+07 2.287076e+07 2.287071e+07 2.287054e+07 2.286809e+07 2.286508e+07 2.286138e+07 2.285450e+07 2.285090e+07 2.285245e+07 2.286192e+07 2.288363e+07 2.292218e+07 2.298090e+07 2.355232e+07 2.426566e+07 2.478430e+07 2.502434e+07 2.501836e+07 2.482930e+07 2.413764e+07 2.328961e+07 2.242984e+07 2.159148e+07 2.077176e+07 1.996767e+07
2.256740e+07 2.256740e+07 2.256740e+07 2.256739e+07 2.256739e+07 2.256736e+07 2.256722e+07 2.256487e+07 2.256189e+07 2.255822e+07 2.255135e+07 2.254770e+07 2.254908e+07 2.255821e+07 2.257930e+07 2.261683e+07 2.267406e+07 2.323194e+07 2.392930e+07 2.443734e+07 2.467397e+07 2.467064e+07 2.448828e+07 2.381517e+07 2.298721e+07 2.214856e+07 2.133333e+07 2.053831e+07 1.975890e+07
2.227097e+07 2.227097e+07 2.227097e+07 2.227097e+07 2.227097e+07 2.227093e+07 2.227079e+07 2.226845e+07 2.226549e+07 2.226182e+07 2.225491e+07 2.225115e+07 2.225233e+07 2.226107e+07 2.228149e+07 2.231798e+07 2.237373e+07 2.291828e+07 2.359997e+07 2.409754e+07 2.433063e+07 2.432964e+07 2.415360e+07 2.349840e+07 2.268991e+07 2.187158e+07 2.107848e+07 2.030718e+07 1.955166e+07
2.198126e+07 2.198126e+07 2.198126e+07 2.198126e+07 2.198126e+07 2.198123e+07 2.198110e+07 2.197879e+07 2.197582e+07 2.197213e+07 2.196514e+07 2.196121e+07 2.196210e+07 2.197040e+07 2.199010e+07 2.202551e+07 2.207974e+07 2.261114e+07 2.327751e+07 2.376475e+07 2.399419e+07 2.399527e+07 2.382521e+07 2.318730e+07 2.239770e+07 2.159893e+07 2.082701e+07 2.007846e+07 1.934606e+07
2.169822e+07 2.169822e+07 2.169822e+07 2.169822e+07 2.169822e+07 2.169819e+07 2.169807e+07 2.169574e+07 2.169275e+07 2.168902e+07 2.168188e+07 2.167771e+07 2.167826e+07 2.168603e+07 2.170495e+07 2.173922e+07 2.179192e+07 2.231033e+07 2.296172e+07 2.343881e+07 2.366454e+07 2.366743e+07 2.350303e+07 2.288182e+07 2.211055e+07 2.133063e+07 2.057899e+07 1.985227e+07 1.914218e+07
2.142159e+07 2.142159e+07 2.142159e+07 2.142159e+07 2.142159e+07 2.142156e+07 2.142144e+07 2.141911e+07 2.141608e+07 2.141229e+07 2.140494e+07 2.140044e+07 2.140054e+07 2.140771e+07 2.142579e+07 2.145889e+07 2.151004e+07 2.201566e+07 2.265242e+07 2.311956e+07 2.334153e+07 2.334601e+07 2.318699e+07 2.258189e+07 2.182843e+07 2.106669e+07 2.033447e+07 1.962867e+07 1.894013e+07
2.115119e+07 2.115119e+07 2.115119e+07 2.115119e+07 2.115119e+07 2.115116e+07 2.115104e+07 2.114867e+07 2.114557e+07 2.114167e+07 2.113400e+07 2.112908e+07 2.112865e+07 2.113515e+07 2.115234e+07 2.118424e+07 2.123384e+07 2.172694e+07 2.234945e+07 2.280685e+07 2.302504e+07 2.303093e+07 2.287699e+07 2.228746e+07 2.155130e+07 2.080710e+07 2.009351e+07 1.940775e+07 1.873998e+07
2.088677e+07 2.088677e+07 2.088677e+07 2.088677e+07 2.088677e+07 2.088674e+07 2.088660e+07 2.088409e+07 2.088085e+07 2.087677e+07 2.086866e+07 2.086322e+07 2.086220e+07 2.086799e+07 2.088427e+07 2.091499e+07 2.096306e+07 2.144397e+07 2.205264e+07 2.250052e+07 2.271493e+07 2.272205e+07 2.257296e+07 2.199847e+07 2.127910e+07 2.055186e+07 1.985613e+07 1.918958e+07 1.854181e+07
2.062749e+07 2.062749e+07 2.062749e+07 2.062749e+07 2.062749e+07 2.062745e+07 2.062729e+07 2.062463e+07 2.062124e+07 2.061697e+07 2.060838e+07 2.060241e+07 2.060079e+07 2.060589e+07 2.062129e+07 2.065086e+07 2.069745e+07 2.116658e+07 2.176181e+07 2.220042e+07 2.241108e+07 2.241928e+07 2.227478e+07 2.171482e+07 2.101179e+07 2.030095e+07 1.962235e+07 1.897421e+07 1.834569e+07
2.037248e+07 2.037248e+07 2.037248e+07 2.037248e+07 2.037248e+07 2.037244e+07 2.037228e+07 2.036956e+07 2.036606e+07 2.036164e+07 2.035266e+07 2.034622e+07 2.034408e+07 2.034854e+07 2.036312e+07 2.039162e+07 2.043681e+07 2.089460e+07 2.147683e+07 2.190640e+07 2.211334e+07 2.212250e+07 2.198237e+07 2.143646e+07 2.074931e+07 2.005433e+07 1.939220e+07 1.876170e+07 1.815169e+07
2.012159e+07 2.012159e+07 2.012159e+07 2.012159e+07 2.012159e+07 2.012155e+07 2.012140e+07 2.011866e+07 2.011509e+07 2.011055e+07 2.010126e+07 2.009443e+07 2.009184e+07 2.009575e+07 2.010960e+07 2.013709e+07 2.018097e+07 2.062789e+07 2.119753e+07 2.161832e+07 2.182159e+07 2.183159e+07 2.169563e+07 2.116330e+07 2.049159e+07 1.981198e+07 1.916567e+07 1.855207e+07 1.795986e+07
1.987492e+07 1.987492e+07 1.987492e+07 1.987492e+07 1.987492e+07 1.987488e+07 1.987473e+07 1.987194e+07 1.986830e+07 1.986367e+07 1.985413e+07 1.984698e+07 1.984402e+07 1.984744e+07 1.986062e+07 1.988719e+07 1.992982e+07 2.036633e+07 2.092380e+07 2.133604e+07 2.153569e+07 2.154644e+07 2.141446e+07 2.089525e+07 2.023857e+07 1.957386e+07 1.894277e+07 1.834537e+07 1.777026e+07
1.963229e+07 1.963229e+07 1.963229e+07 1.963229e+07 1.963229e+07 1.963226e+07 1.963215e+07 1.962940e+07 1.962573e+07 1.962104e+07 1.961130e+07 1.960389e+07 1.960060e+07 1.960359e+07 1.961616e+07 1.964186e+07 1.968332e+07 2.010982e+07 2.065550e+07 2.105943e+07 2.125552e+07 2.126693e+07 2.113875e+07 2.063225e+07 1.999018e+07 1.933992e+07 1.872349e+07 1.814161e+07 1.758294e+07
