1.368794e+05 8.370469e+04 7.127032e+04 4.724662e+04 4.007889e+04 2.836297e+04 2.771260e+04 3.841786e+04 4.196226e+04 4.337841e+04 4.013479e+04 3.189394e+04 2.343870e+04 1.699376e+04 1.258298e+04 9.637121e+03 7.650002e+03 3.690278e+03 2.697772e+03 2.380858e+03 2.309290e+03 2.366722e+03 2.518514e+03 3.092268e+03 4.081496e+03 5.566610e+03 7.604590e+03 1.022371e+04 1.343209e+04
2.837427e+04 2.837433e+04 2.837426e+04 2.834697e+04 2.817029e+04 2.574046e+04 2.796472e+04 3.981340e+04 4.303899e+04 4.410965e+04 4.036305e+04 3.188488e+04 2.335488e+04 1.690279e+04 1.250489e+04 9.574667e+03 7.601071e+03 3.674715e+03 2.691908e+03 2.378848e+03 2.309311e+03 2.368114e+03 2.521049e+03 3.097106e+03 4.089129e+03 5.577672e+03 7.619638e+03 1.024315e+04 1.345619e+04
2.375702e+04 2.375703e+04 2.375701e+04 2.375303e+04 2.372868e+04 2.391123e+04 2.968010e+04 4.165076e+04 4.429378e+04 4.489325e+04 4.056565e+04 3.184569e+04 2.324960e+04 1.679814e+04 1.241823e+04 9.506771e+03 7.548599e+03 3.658552e+03 2.685902e+03 2.376816e+03 2.309356e+03 2.369551e+03 2.523643e+03 3.102027e+03 4.096871e+03 5.588870e+03 7.634848e+03 1.026278e+04 1.348049e+04
2.112125e+04 2.112128e+04 2.112138e+04 2.112825e+04 2.115227e+04 2.560181e+04 3.444545e+04 4.380790e+04 4.561068e+04 4.565280e+04 4.071536e+04 3.176714e+04 2.311969e+04 1.667867e+04 1.232258e+04 9.433275e+03 7.492528e+03 3.641796e+03 2.679760e+03 2.374765e+03 2.309426e+03 2.371034e+03 2.526297e+03 3.107033e+03 4.104724e+03 5.600205e+03 7.650222e+03 1.028260e+04 1.350499e+04
3.382719e+04 3.382702e+04 3.382649e+04 3.380878e+04 3.376702e+04 3.617796e+04 4.113425e+04 4.617282e+04 4.686482e+04 4.630852e+04 4.078531e+04 3.164049e+04 2.296222e+04 1.654337e+04 1.221758e+04 9.354063e+03 7.432829e+03 3.624459e+03 2.673486e+03 2.372698e+03 2.309521e+03 2.372565e+03 2.529013e+03 3.112126e+03 4.112688e+03 5.611679e+03 7.665761e+03 1.030260e+04 1.352971e+04
4.812255e+04 4.812247e+04 4.812224e+04 4.811358e+04 4.808411e+04 4.724229e+04 4.719064e+04 4.846366e+04 4.803990e+04 4.682037e+04 4.075662e+04 3.145900e+04 2.277491e+04 1.639148e+04 1.210301e+04 9.269075e+03 7.369499e+03 3.606552e+03 2.667084e+03 2.370617e+03 2.309645e+03 2.374144e+03 2.531792e+03 3.117305e+03 4.120765e+03 5.623293e+03 7.681467e+03 1.032280e+04 1.355464e+04
5.297143e+04 5.297139e+04 5.297124e+04 5.296638e+04 5.295027e+04 5.230472e+04 5.089839e+04 5.009188e+04 4.903642e+04 4.723821e+04 4.062636e+04 3.121961e+04 2.255650e+04 1.622260e+04 1.197876e+04 9.178320e+03 7.302574e+03 3.588091e+03 2.660560e+03 2.368524e+03 2.309798e+03 2.375773e+03 2.534635e+03 3.122572e+03 4.128956e+03 5.635048e+03 7.697340e+03 1.034318e+04 1.357979e+04
5.415874e+04 5.415871e+04 5.415862e+04 5.415572e+04 5.414595e+04 5.374520e+04 5.243565e+04 5.085780e+04 4.961557e+04 4.752648e+04 4.041475e+04 3.092445e+04 2.230717e+04 1.603679e+04 1.184493e+04 9.081887e+03 7.232127e+03 3.569092e+03 2.653919e+03 2.366423e+03 2.309981e+03 2.377454e+03 2.537542e+03 3.127929e+03 4.137262e+03 5.646946e+03 7.713383e+03 1.036376e+04 1.360515e+04
5.379165e+04 5.379164e+04 5.379162e+04 5.379074e+04 5.378728e+04 5.356246e+04 5.261376e+04 5.089792e+04 4.970876e+04 4.757012e+04 4.016989e+04 3.058192e+04 2.202884e+04 1.583471e+04 1.170183e+04 8.979961e+03 7.158277e+03 3.549578e+03 2.647168e+03 2.364315e+03 2.310197e+03 2.379186e+03 2.540516e+03 3.133376e+03 4.145684e+03 5.658988e+03 7.729596e+03 1.038454e+04 1.363072e+04
5.283989e+04 5.283988e+04 5.283986e+04 5.283901e+04 5.283606e+04 5.271862e+04 5.208860e+04 5.046183e+04 4.938060e+04 4.733145e+04 3.987265e+04 3.020843e+04 2.172542e+04 1.561766e+04 1.155003e+04 8.872837e+03 7.081196e+03 3.529571e+03 2.640312e+03 2.362203e+03 2.310448e+03 2.380972e+03 2.543556e+03 3.138914e+03 4.154224e+03 5.671175e+03 7.745981e+03 1.040551e+04 1.365651e+04
5.177489e+04 5.177489e+04 5.177487e+04 5.177426e+04 5.177200e+04 5.169012e+04 5.125391e+04 4.976089e+04 4.875247e+04 4.683086e+04 3.948335e+04 2.982607e+04 2.140302e+04 1.538767e+04 1.139038e+04 8.760929e+03 7.001111e+03 3.509099e+03 2.633359e+03 2.360091e+03 2.310734e+03 2.382812e+03 2.546665e+03 3.144545e+03 4.162883e+03 5.683508e+03 7.762540e+03 1.042668e+04 1.368252e+04
4.677028e+04 4.677029e+04 4.677029e+04 4.677034e+04 4.677031e+04 4.674215e+04 4.648291e+04 4.502808e+04 4.386655e+04 4.213168e+04 3.592851e+04 2.736498e+04 1.966934e+04 1.415992e+04 1.052628e+04 8.153320e+03 6.567880e+03 3.400943e+03 2.597403e+03 2.349621e+03 2.312758e+03 2.392879e+03 2.563268e+03 3.174123e+03 4.208001e+03 5.747418e+03 7.847980e+03 1.053554e+04 1.381589e+04
3.931853e+04 3.931852e+04 3.931850e+04 3.931787e+04 3.931608e+04 3.926976e+04 3.911148e+04 3.825461e+04 3.739923e+04 3.599073e+04 3.093613e+04 2.397865e+04 1.757445e+04 1.285257e+04 9.665834e+03 7.552025e+03 6.130357e+03 3.287311e+03 2.560327e+03 2.339607e+03 2.315933e+03 2.404499e+03 2.581738e+03 3.206176e+03 4.256268e+03 5.815185e+03 7.937959e+03 1.064955e+04 1.395493e+04
3.184797e+04 3.184797e+04 3.184796e+04 3.184780e+04 3.184728e+04 3.183040e+04 3.177564e+04 3.147017e+04 3.102254e+04 3.008533e+04 2.619549e+04 2.059804e+04 1.538191e+04 1.147921e+04 8.792406e+03 6.972831e+03 5.726687e+03 3.176099e+03 2.523649e+03 2.330535e+03 2.320492e+03 2.417832e+03 2.602210e+03 3.240840e+03 4.307837e+03 5.886977e+03 8.032651e+03 1.076888e+04 1.409981e+04
2.652004e+04 2.652004e+04 2.652004e+04 2.651999e+04 2.651983e+04 2.651424e+04 2.649364e+04 2.635631e+04 2.608572e+04 2.542280e+04 2.237390e+04 1.779013e+04 1.346284e+04 1.020912e+04 7.954978e+03 6.412244e+03 5.341064e+03 3.078494e+03 2.489424e+03 2.323027e+03 2.326710e+03 2.433050e+03 2.624827e+03 3.278254e+03 4.362862e+03 5.962961e+03 8.132234e+03 1.089372e+04 1.425071e+04
2.270740e+04 2.270740e+04 2.270740e+04 2.270738e+04 2.270732e+04 2.270894e+04 2.271015e+04 2.265621e+04 2.247123e+04 2.196057e+04 1.946479e+04 1.560605e+04 1.192233e+04 9.143219e+03 7.217547e+03 5.898617e+03 4.979429e+03 2.996225e+03 2.460456e+03 2.317896e+03 2.334927e+03 2.450349e+03 2.649739e+03 3.318561e+03 4.421499e+03 6.043310e+03 8.236886e+03 1.102424e+04 1.440779e+04
2.006719e+04 2.006719e+04 2.006719e+04 2.006716e+04 2.006709e+04 2.006473e+04 2.005610e+04 1.999624e+04 1.983763e+04 1.940246e+04 1.725961e+04 1.391852e+04 1.071020e+04 8.283206e+03 6.602187e+03 5.453574e+03 4.655079e+03 2.923422e+03 2.440541e+03 2.316227e+03 2.345576e+03 2.469965e+03 2.677117e+03 3.361909e+03 4.483911e+03 6.128197e+03 8.346788e+03 1.116063e+04 1.457125e+04
1.798989e+04 1.798989e+04 1.798989e+04 1.798988e+04 1.798984e+04 1.798826e+04 1.798186e+04 1.793073e+04 1.779200e+04 1.741041e+04 1.552660e+04 1.258037e+04 9.742154e+03 7.589900e+03 6.098182e+03 5.080545e+03 4.375590e+03 2.857401e+03 2.428849e+03 2.319543e+03 2.359226e+03 2.492194e+03 2.707160e+03 3.408458e+03 4.550265e+03 6.217801e+03 8.462126e+03 1.130306e+04 1.474125e+04
1.627671e+04 1.627671e+04 1.627671e+04 1.627670e+04 1.627665e+04 1.627521e+04 1.627039e+04 1.623218e+04 1.611403e+04 1.577960e+04 1.410942e+04 1.148521e+04 8.949925e+03 7.022644e+03 5.684650e+03 4.771828e+03 4.140793e+03 2.797759e+03 2.422930e+03 2.329717e+03 2.376629e+03 2.517407e+03 2.740106e+03 3.458380e+03 4.620735e+03 6.312308e+03 8.583088e+03 1.145173e+04 1.491799e+04
1.485219e+04 1.485219e+04 1.485219e+04 1.485219e+04 1.485217e+04 1.485146e+04 1.484876e+04 1.482019e+04 1.471805e+04 1.442184e+04 1.292785e+04 1.057130e+04 8.289555e+03 6.551424e+03 5.342458e+03 4.516727e+03 3.946125e+03 2.745387e+03 2.421261e+03 2.345768e+03 2.398900e+03 2.546083e+03 2.776250e+03 3.511871e+03 4.695507e+03 6.411906e+03 8.709867e+03 1.160683e+04 1.510163e+04
1.366382e+04 1.366382e+04 1.366382e+04 1.366381e+04 1.366380e+04 1.366322e+04 1.366109e+04 1.363751e+04 1.354718e+04 1.328152e+04 1.193318e+04 9.800809e+03 7.733122e+03 6.155827e+03 5.057009e+03 4.305439e+03 3.785754e+03 2.701440e+03 2.423015e+03 2.366466e+03 2.427084e+03 2.578856e+03 2.815954e+03 3.569150e+03 4.774780e+03 6.516795e+03 8.842660e+03 1.176855e+04 1.529237e+04
1.265602e+04 1.265602e+04 1.265602e+04 1.265602e+04 1.265601e+04 1.265564e+04 1.265423e+04 1.263545e+04 1.255521e+04 1.231530e+04 1.108974e+04 9.147009e+03 7.261292e+03 5.821585e+03 4.817575e+03 4.130028e+03 3.654152e+03 2.666717e+03 2.427962e+03 2.390948e+03 2.460381e+03 2.616683e+03 2.859674e+03 3.630472e+03 4.858770e+03 6.627183e+03 8.981673e+03 1.193708e+04 1.549038e+04
1.179818e+04 1.179818e+04 1.179818e+04 1.179819e+04 1.179819e+04 1.179824e+04 1.179799e+04 1.178380e+04 1.171192e+04 1.149348e+04 1.037148e+04 8.589874e+03 6.859589e+03 5.538112e+03 4.616123e+03 3.984290e+03 3.546620e+03 2.641487e+03 2.436297e+03 2.418623e+03 2.498099e+03 2.660152e+03 2.908010e+03 3.696131e+03 4.947715e+03 6.743293e+03 9.127117e+03 1.211263e+04 1.569587e+04
1.107481e+04 1.107481e+04 1.107481e+04 1.107481e+04 1.107480e+04 1.107458e+04 1.107384e+04 1.106001e+04 1.099363e+04 1.079214e+04 9.756927e+03 8.112885e+03 6.516282e+03 5.297049e+03 4.446424e+03 3.863382e+03 3.459341e+03 2.625573e+03 2.448435e+03 2.449175e+03 2.539725e+03 2.708673e+03 2.961856e+03 3.766474e+03 5.041877e+03 6.865360e+03 9.279212e+03 1.229541e+04 1.590901e+04
1.044695e+04 1.044695e+04 1.044695e+04 1.044695e+04 1.044695e+04 1.044687e+04 1.044639e+04 1.043374e+04 1.037223e+04 1.018546e+04 9.225708e+03 7.701495e+03 6.221480e+03 5.091585e+03 4.303537e+03 3.763505e+03 3.389284e+03 2.618526e+03 2.464836e+03 2.482533e+03 2.584878e+03 2.761838e+03 3.021519e+03 3.841913e+03 5.141549e+03 6.993637e+03 9.438191e+03 1.248562e+04 1.613001e+04
9.896031e+03 9.896031e+03 9.896031e+03 9.896029e+03 9.896023e+03 9.895798e+03 9.895085e+03 9.883592e+03 9.826951e+03 9.653880e+03 8.762031e+03 7.344260e+03 5.967324e+03 4.916304e+03 4.183566e+03 3.681693e+03 3.334076e+03 2.619776e+03 2.485906e+03 2.518818e+03 2.633314e+03 2.819341e+03 3.086591e+03 3.922949e+03 5.247062e+03 7.128400e+03 9.604298e+03 1.268348e+04 1.635906e+04
9.405946e+03 9.405946e+03 9.405946e+03 9.405950e+03 9.405962e+03 9.406293e+03 9.406985e+03 9.399522e+03 9.348109e+03 9.187763e+03 8.356679e+03 7.033504e+03 5.748061e+03 4.767050e+03 4.083474e+03 3.615630e+03 3.291867e+03 2.628736e+03 2.511953e+03 2.558285e+03 2.684928e+03 2.880951e+03 3.156839e+03 4.010235e+03 5.358788e+03 7.269947e+03 9.777790e+03 1.288923e+04 1.659637e+04
8.991083e+03 8.991083e+03 8.991083e+03 8.991082e+03 8.991078e+03 8.990963e+03 8.990645e+03 8.981800e+03 8.933052e+03 8.782438e+03 8.003342e+03 6.763442e+03 5.559186e+03 4.640515e+03 4.000834e+03 3.563481e+03 3.261206e+03 2.644865e+03 2.543180e+03 2.601254e+03 2.739745e+03 2.946518e+03 3.232099e+03 4.104614e+03 5.477153e+03 7.418604e+03 9.958943e+03 1.310311e+04 1.684215e+04
8.621256e+03 8.621256e+03 8.621256e+03 8.621256e+03 8.621257e+03 8.621249e+03 8.621150e+03 8.612952e+03 8.567076e+03 8.425463e+03 7.693191e+03 6.527998e+03 5.396562e+03 4.533848e+03 3.933624e+03 3.523756e+03 3.240940e+03 2.667698e+03 2.579707e+03 2.648067e+03 2.797896e+03 3.015973e+03 3.312256e+03 4.206085e+03 5.602654e+03 7.574730e+03 1.014805e+04 1.332536e+04 1.709661e+04
8.290285e+03 8.290285e+03 8.290285e+03 8.290285e+03 8.290284e+03 8.290227e+03 8.290135e+03 8.283288e+03 8.240809e+03 8.108146e+03 7.419421e+03 6.322289e+03 5.256820e+03 4.444719e+03 3.880202e+03 3.495260e+03 3.230160e+03 2.696858e+03 2.621594e+03 2.699054e+03 2.859600e+03 3.089334e+03 3.397244e+03 4.314525e+03 5.735886e+03 7.738723e+03 1.034543e+04 1.355625e+04 1.735998e+04
7.997131e+03 7.997131e+03 7.997131e+03 7.997134e+03 7.997142e+03 7.997407e+03 7.998152e+03 7.993495e+03 7.954072e+03 7.829303e+03 7.179411e+03 6.143487e+03 5.137608e+03 4.371366e+03 3.839287e+03 3.477054e+03 3.228160e+03 2.732053e+03 2.668867e+03 2.754518e+03 2.925131e+03 3.166701e+03 3.487057e+03 4.429915e+03 5.877650e+03 7.911026e+03 1.055142e+04 1.379605e+04 1.763249e+04
7.750682e+03 7.750682e+03 7.750682e+03 7.750681e+03 7.750677e+03 7.750526e+03 7.750168e+03 7.743332e+03 7.705022e+03 7.586091e+03 6.969726e+03 5.988660e+03 5.036762e+03 4.312265e+03 3.809809e+03 3.468377e+03 3.234382e+03 2.773071e+03 2.721535e+03 2.814727e+03 2.994798e+03 3.248246e+03 3.581746e+03 4.552276e+03 6.028614e+03 8.092138e+03 1.076639e+04 1.404507e+04 1.791439e+04
7.523588e+03 7.523588e+03 7.523588e+03 7.523589e+03 7.523589e+03 7.523618e+03 7.523674e+03 7.517728e+03 7.481468e+03 7.368685e+03 6.784165e+03 5.854056e+03 4.952012e+03 4.265994e+03 3.790835e+03 3.468595e+03 3.248385e+03 2.819771e+03 2.779605e+03 2.879921e+03 3.068927e+03 3.334204e+03 3.681424e+03 4.681663e+03 6.188709e+03 8.282636e+03 1.099075e+04 1.430361e+04 1.820592e+04
7.318314e+03 7.318314e+03 7.318314e+03 7.318314e+03 7.318315e+03 7.318332e+03 7.318408e+03 7.313437e+03 7.279629e+03 7.173224e+03 6.619479e+03 5.737328e+03 4.881761e+03 4.231473e+03 3.781638e+03 3.477217e+03 3.269833e+03 2.872074e+03 2.843096e+03 2.950311e+03 3.147849e+03 3.424861e+03 3.786267e+03 4.818156e+03 6.357975e+03 8.483216e+03 1.122493e+04 1.457200e+04 1.850735e+04
7.135328e+03 7.135328e+03 7.135328e+03 7.135332e+03 7.135342e+03 7.135670e+03 7.136522e+03 7.133431e+03 7.101946e+03 7.001339e+03 6.475747e+03 5.637768e+03 4.825165e+03 4.208002e+03 3.781705e+03 3.493892e+03 3.298499e+03 2.929953e+03 2.912039e+03 3.026090e+03 3.231891e+03 3.520540e+03 3.896506e+03 4.961867e+03 6.536511e+03 8.694806e+03 1.146942e+04 1.485062e+04 1.881897e+04
6.984649e+03 6.984649e+03 6.984649e+03 6.984650e+03 6.984652e+03 6.984694e+03 6.984760e+03 6.980065e+03 6.949376e+03 6.853035e+03 6.352024e+03 5.554291e+03 4.781350e+03 4.194964e+03 3.790634e+03 3.518371e+03 3.334238e+03 2.993423e+03 2.986486e+03 3.107441e+03 3.321376e+03 3.621593e+03 4.012424e+03 5.112946e+03 6.724447e+03 8.917761e+03 1.172477e+04 1.513984e+04 1.914107e+04
6.847180e+03 6.847180e+03 6.847180e+03 6.847182e+03 6.847185e+03 6.847267e+03 6.847426e+03 6.843052e+03 6.813774e+03 6.721922e+03 6.244529e+03 5.484784e+03 4.749163e+03 4.191733e+03 3.808083e+03 3.550474e+03 3.376966e+03 3.062531e+03 3.066505e+03 3.194542e+03 3.416621e+03 3.728394e+03 4.134350e+03 5.271577e+03 6.921934e+03 9.152052e+03 1.199161e+04 1.544009e+04 1.947397e+04
6.723007e+03 6.723007e+03 6.723007e+03 6.723008e+03 6.723010e+03 6.723068e+03 6.723272e+03 6.719757e+03 6.692395e+03 6.605413e+03 6.151370e+03 5.428068e+03 4.727924e+03 4.197926e+03 3.833843e+03 3.590099e+03 3.426645e+03 3.137342e+03 3.152185e+03 3.287576e+03 3.517940e+03 3.841333e+03 4.262655e+03 5.437989e+03 7.129138e+03 9.397785e+03 1.227075e+04 1.575181e+04 1.981799e+04
6.614203e+03 6.614203e+03 6.614203e+03 6.614207e+03 6.614218e+03 6.614567e+03 6.615525e+03 6.613832e+03 6.588398e+03 6.505971e+03 6.073672e+03 5.384478e+03 4.717655e+03 4.213489e+03 3.867869e+03 3.637225e+03 3.483286e+03 3.217940e+03 3.243635e+03 3.386732e+03 3.625649e+03 3.960812e+03 4.397742e+03 5.612448e+03 7.346248e+03 9.655107e+03 1.256307e+04 1.607553e+04 2.017350e+04
6.532388e+03 6.532388e+03 6.532388e+03 6.532388e+03 6.532388e+03 6.532386e+03 6.532436e+03 6.529099e+03 6.504214e+03 6.425076e+03 6.011912e+03 5.354139e+03 4.718381e+03 4.238426e+03 3.910170e+03 3.691876e+03 3.546923e+03 3.304416e+03 3.340987e+03 3.492217e+03 3.740068e+03 4.087244e+03 4.540043e+03 5.795266e+03 7.573474e+03 9.924182e+03 1.286860e+04 1.641180e+04 2.054088e+04
6.459768e+03 6.459768e+03 6.459768e+03 6.459769e+03 6.459774e+03 6.459913e+03 6.460306e+03 6.457582e+03 6.433901e+03 6.358380e+03 5.963944e+03 5.336103e+03 4.729717e+03 4.272598e+03 3.960709e+03 3.754061e+03 3.617589e+03 3.396875e+03 3.444394e+03 3.604254e+03 3.861527e+03 4.221054e+03 4.690017e+03 5.986795e+03 7.811045e+03 1.020519e+04 1.318736e+04 1.676130e+04 2.092054e+04
6.399536e+03 6.399536e+03 6.399537e+03 6.399537e+03 6.399540e+03 6.399631e+03 6.399966e+03 6.397965e+03 6.375944e+03 6.304453e+03 5.928740e+03 5.329731e+03 4.751314e+03 4.315835e+03 4.019412e+03 3.823754e+03 3.695292e+03 3.495430e+03 3.554039e+03 3.723094e+03 3.990372e+03 4.362680e+03 4.848145e+03 6.187425e+03 8.059219e+03 1.049832e+04 1.351946e+04 1.712492e+04 2.131294e+04
6.353286e+03 6.353286e+03 6.353286e+03 6.353290e+03 6.353303e+03 6.353700e+03 6.354849e+03 6.354777e+03 6.334444e+03 6.266616e+03 5.907915e+03 5.335544e+03 4.783248e+03 4.368080e+03 4.086207e+03 3.900905e+03 3.780009e+03 3.600207e+03 3.670132e+03 3.849014e+03 4.126966e+03 4.512574e+03 5.014927e+03 6.397586e+03 8.318277e+03 1.080377e+04 1.386504e+04 1.750325e+04 2.171859e+04
6.334381e+03 6.334381e+03 6.334381e+03 6.334382e+03 6.334385e+03 6.334486e+03 6.334812e+03 6.332901e+03 6.312610e+03 6.246903e+03 5.902204e+03 5.353759e+03 4.825518e+03 4.429248e+03 4.160993e+03 3.985434e+03 3.871703e+03 3.711354e+03 3.792921e+03 3.982325e+03 4.271697e+03 4.671205e+03 5.190883e+03 6.617741e+03 8.588530e+03 1.112174e+04 1.422424e+04 1.789615e+04 2.213806e+04
6.324538e+03 6.324538e+03 6.324538e+03 6.324539e+03 6.324543e+03 6.324636e+03 6.324919e+03 6.322706e+03 6.302926e+03 6.239593e+03 5.908696e+03 5.383124e+03 4.877598e+03 4.499083e+03 4.243626e+03 4.077267e+03 3.970350e+03 3.829053e+03 3.922690e+03 4.123374e+03 4.424980e+03 4.839059e+03 5.376551e+03 6.848385e+03 8.870315e+03 1.145246e+04 1.459721e+04 1.830364e+04 2.257205e+04
6.320624e+03 6.320624e+03 6.320625e+03 6.320626e+03 6.320630e+03 6.320747e+03 6.321113e+03 6.319608e+03 6.301200e+03 6.241153e+03 5.925336e+03 5.422627e+03 4.939002e+03 4.577342e+03 4.333990e+03 4.176366e+03 4.075977e+03 3.953536e+03 4.059772e+03 4.272547e+03 4.587257e+03 5.016646e+03 5.572489e+03 7.090041e+03 9.163996e+03 1.179615e+04 1.498411e+04 1.872579e+04 2.302150e+04
6.325104e+03 6.325104e+03 6.325105e+03 6.325109e+03 6.325123e+03 6.325565e+03 6.326822e+03 6.327801e+03 6.311337e+03 6.254853e+03 5.953719e+03 5.472643e+03 5.009643e+03 4.663886e+03 4.432014e+03 4.282743e+03 4.188664e+03 4.085087e+03 4.204543e+03 4.430271e+03 4.759005e+03 5.204497e+03 5.779271e+03 7.343259e+03 9.469964e+03 1.215306e+04 1.538509e+04 1.916269e+04 2.348650e+04
6.356764e+03 6.356764e+03 6.356764e+03 6.356765e+03 6.356767e+03 6.356857e+03 6.357324e+03 6.356722e+03 6.340307e+03 6.285565e+03 5.995645e+03 5.533469e+03 5.089397e+03 4.758591e+03 4.537673e+03 4.396467e+03 4.308556e+03 4.224051e+03 4.357432e+03 4.597017e+03 4.940734e+03 5.403166e+03 5.997490e+03 7.608610e+03 9.788635e+03 1.252343e+04 1.580031e+04 1.961443e+04 2.396692e+04
6.399177e+03 6.399177e+03 6.399177e+03 6.399178e+03 6.399183e+03 6.399320e+03 6.399741e+03 6.398632e+03 6.382414e+03 6.329243e+03 6.049370e+03 5.604545e+03 5.178166e+03 4.861524e+03 4.651109e+03 4.517734e+03 4.435897e+03 4.370833e+03 4.518916e+03 4.773296e+03 5.132986e+03 5.613234e+03 6.227759e+03 7.886685e+03 1.012045e+04 1.290754e+04 1.622992e+04 2.008111e+04 2.446274e+04
6.447563e+03 6.447563e+03 6.447563e+03 6.447566e+03 6.447572e+03 6.447789e+03 6.448488e+03 6.448485e+03 6.433425e+03 6.382676e+03 6.113709e+03 5.685859e+03 5.276291e+03 4.973053e+03 4.772663e+03 4.646881e+03 4.571037e+03 4.525896e+03 4.689517e+03 4.959664e+03 5.336342e+03 5.835310e+03 6.470710e+03 8.178093e+03 1.046587e+04 1.330567e+04 1.667409e+04 2.056281e+04 2.497397e+04
6.509611e+03 6.509611e+03 6.509612e+03 6.509614e+03 6.509623e+03 6.509902e+03 6.510745e+03 6.511149e+03 6.496871e+03 6.448223e+03 6.189527e+03 5.777763e+03 5.384047e+03 5.093476e+03 4.902672e+03 4.784278e+03 4.714379e+03 4.689754e+03 4.869807e+03 5.156716e+03 5.551416e+03 6.070028e+03 6.726993e+03 8.483455e+03 1.082537e+04 1.371812e+04 1.713297e+04 2.105962e+04 2.550064e+04
6.586757e+03 6.586757e+03 6.586757e+03 6.586759e+03 6.586764e+03 6.586930e+03 6.587453e+03 6.587132e+03 6.573085e+03 6.525987e+03 6.276467e+03 5.879824e+03 5.501224e+03 5.222843e+03 5.041371e+03 4.930280e+03 4.866349e+03 4.862971e+03 5.060398e+03 5.365091e+03 5.778860e+03 6.318049e+03 6.997276e+03 8.803407e+03 1.119944e+04 1.414518e+04 1.760673e+04 2.157162e+04 2.604278e+04
6.671383e+03 6.671383e+03 6.671383e+03 6.671385e+03 6.671392e+03 6.671605e+03 6.672243e+03 6.672275e+03 6.658940e+03 6.613750e+03 6.373602e+03 5.991733e+03 5.627811e+03 5.361332e+03 5.189077e+03 5.085296e+03 5.027421e+03 5.046147e+03 5.261944e+03 5.585466e+03 6.019358e+03 6.580061e+03 7.282248e+03 9.138592e+03 1.158860e+04 1.458717e+04 1.809552e+04 2.209890e+04 2.660042e+04
6.764992e+03 6.764992e+03 6.764992e+03 6.764994e+03 6.765001e+03 6.765256e+03 6.766157e+03 6.767491e+03 6.755464e+03 6.712670e+03 6.482124e+03 6.114422e+03 5.764478e+03 5.509489e+03 5.346305e+03 5.249853e+03 5.198143e+03 5.239924e+03 5.475140e+03 5.818557e+03 6.273630e+03 6.856781e+03 7.582615e+03 9.489661e+03 1.199335e+04 1.504443e+04 1.859952e+04 2.264151e+04 2.717358e+04
6.875819e+03 6.875819e+03 6.875819e+03 6.875824e+03 6.875837e+03 6.876273e+03 6.877585e+03 6.879917e+03 6.868722e+03 6.827630e+03 6.604764e+03 6.249299e+03 5.912071e+03 5.667965e+03 5.513648e+03 5.424534e+03 5.379105e+03 5.444976e+03 5.700716e+03 6.065120e+03 6.542432e+03 7.148950e+03 7.899097e+03 9.857271e+03 1.241423e+04 1.551729e+04 1.911890e+04 2.319954e+04 2.776228e+04
7.010821e+03 7.010821e+03 7.010821e+03 7.010823e+03 7.010830e+03 7.011031e+03 7.011675e+03 7.012250e+03 7.000516e+03 6.959746e+03 6.741879e+03 6.396622e+03 6.070980e+03 5.837261e+03 5.691665e+03 5.609926e+03 5.570917e+03 5.662016e+03 5.939446e+03 6.325945e+03 6.826548e+03 7.457333e+03 8.232434e+03 1.024208e+04 1.285175e+04 1.600609e+04 1.965382e+04 2.377303e+04 2.836652e+04
7.154215e+03 7.154215e+03 7.154215e+03 7.154217e+03 7.154222e+03 7.154404e+03 7.154978e+03 7.155116e+03 7.143345e+03 7.103274e+03 6.890782e+03 6.555676e+03 6.241381e+03 6.017859e+03 5.880930e+03 5.806640e+03 5.774215e+03 5.891793e+03 6.192139e+03 6.601863e+03 7.126799e+03 7.782721e+03 8.583376e+03 1.064475e+04 1.330644e+04 1.651117e+04 2.020447e+04 2.436205e+04 2.898631e+04
7.302563e+03 7.302563e+03 7.302563e+03 7.302565e+03 7.302571e+03 7.302752e+03 7.303408e+03 7.304424e+03 7.293699e+03 7.255538e+03 7.050573e+03 6.726650e+03 6.423827e+03 6.210378e+03 6.082067e+03 6.015314e+03 5.989662e+03 6.135102e+03 6.459644e+03 6.893738e+03 7.444032e+03 8.125925e+03 8.952689e+03 1.106593e+04 1.377882e+04 1.703289e+04 2.077101e+04 2.496665e+04 2.962164e+04
7.460918e+03 7.460918e+03 7.460918e+03 7.460923e+03 7.460939e+03 7.461438e+03 7.462968e+03 7.466392e+03 7.457208e+03 7.421285e+03 7.224006e+03 6.910874e+03 6.619021e+03 6.415354e+03 6.295626e+03 6.236556e+03 6.217928e+03 6.392778e+03 6.742850e+03 7.202470e+03 7.779126e+03 8.487776e+03 9.341145e+03 1.150628e+04 1.426940e+04 1.757158e+04 2.135362e+04 2.558689e+04 3.027249e+04
7.647850e+03 7.647850e+03 7.647850e+03 7.647853e+03 7.647861e+03 7.648132e+03 7.649103e+03 7.651217e+03 7.641759e+03 7.606323e+03 7.413550e+03 7.109024e+03 6.827132e+03 6.633007e+03 6.522004e+03 6.470923e+03 6.459687e+03 6.665699e+03 7.042679e+03 7.528993e+03 8.132986e+03 8.869124e+03 9.749524e+03 1.196644e+04 1.477868e+04 1.812758e+04 2.195248e+04 2.622281e+04 3.093885e+04
7.850146e+03 7.850146e+03 7.850147e+03 7.850149e+03 7.850157e+03 7.850403e+03 7.851173e+03 7.852310e+03 7.842379e+03 7.806946e+03 7.617190e+03 7.320089e+03 7.047809e+03 6.863443e+03 6.761610e+03 6.719021e+03 6.715667e+03 6.954781e+03 7.360090e+03 7.874272e+03 8.506543e+03 9.270832e+03 1.017861e+04 1.244703e+04 1.530716e+04 1.870122e+04 2.256775e+04 2.687446e+04 3.162068e+04
8.060129e+03 8.060129e+03 8.060129e+03 8.060132e+03 8.060140e+03 8.060405e+03 8.061225e+03 8.062434e+03 8.052615e+03 8.017720e+03 7.831845e+03 7.542875e+03 7.280908e+03 7.107022e+03 7.015058e+03 6.981599e+03 6.986696e+03 7.260971e+03 7.696076e+03 8.239308e+03 8.900751e+03 9.693775e+03 1.062919e+04 1.294869e+04 1.585530e+04 1.929284e+04 2.319961e+04 2.754188e+04 3.231796e+04
8.278722e+03 8.278722e+03 8.278722e+03 8.278724e+03 8.278731e+03 8.278959e+03 8.279673e+03 8.280591e+03 8.270901e+03 8.236824e+03 8.056137e+03 7.776933e+03 7.526672e+03 7.364355e+03 7.283134e+03 7.259528e+03 7.273685e+03 7.585245e+03 8.051665e+03 8.625131e+03 9.316584e+03 1.013883e+04 1.110204e+04 1.347199e+04 1.642356e+04 1.990274e+04 2.384822e+04 2.822511e+04 3.303064e+04
8.503003e+03 8.503003e+03 8.503003e+03 8.503005e+03 8.503011e+03 8.503212e+03 8.503846e+03 8.504776e+03 8.495585e+03 8.462919e+03 8.289296e+03 8.022101e+03 7.785456e+03 7.636126e+03 7.566688e+03 7.553731e+03 7.577585e+03 7.928603e+03 8.427922e+03 9.032802e+03 9.755031e+03 1.060689e+04 1.159793e+04 1.401752e+04 1.701237e+04 2.053121e+04 2.451373e+04 2.892419e+04 3.375868e+04
8.731585e+03 8.731585e+03 8.731585e+03 8.731589e+03 8.731602e+03 8.732007e+03 8.733216e+03 8.735809e+03 8.727844e+03 8.697277e+03 8.532352e+03 8.279195e+03 8.058079e+03 7.923228e+03 7.866668e+03 7.865175e+03 7.899367e+03 8.292072e+03 8.825953e+03 9.463416e+03 1.021709e+04 1.109883e+04 1.211762e+04 1.458584e+04 1.762213e+04 2.117853e+04 2.519629e+04 2.963914e+04 3.450204e+04
8.977099e+03 8.977099e+03 8.977100e+03 8.977104e+03 8.977116e+03 8.977518e+03 8.978680e+03 8.981099e+03 8.973482e+03 8.944376e+03 8.787972e+03 8.549956e+03 8.345871e+03 8.226807e+03 8.184128e+03 8.194864e+03 8.240009e+03 8.676718e+03 9.246913e+03 9.918090e+03 1.070378e+04 1.161551e+04 1.266184e+04 1.517744e+04 1.825321e+04 2.184496e+04 2.589604e+04 3.037000e+04 3.526066e+04
9.237055e+03 9.237055e+03 9.237055e+03 9.237056e+03 9.237061e+03 9.237219e+03 9.237721e+03 9.238589e+03 9.230942e+03 9.203284e+03 9.056460e+03 8.835383e+03 8.649995e+03 8.547975e+03 8.520093e+03 8.543769e+03 8.600467e+03 9.083657e+03 9.692011e+03 1.039797e+04 1.121610e+04 1.215779e+04 1.323128e+04 1.579283e+04 1.890595e+04 2.253073e+04 2.661312e+04 3.111679e+04 3.603449e+04
9.496295e+03 9.496295e+03 9.496295e+03 9.496297e+03 9.496303e+03 9.496655e+03 9.497911e+03 9.501622e+03 9.496228e+03 9.472125e+03 9.338385e+03 9.136716e+03 8.971653e+03 8.887774e+03 8.875503e+03 8.912794e+03 8.981663e+03 9.514081e+03 1.016251e+04 1.090421e+04 1.175505e+04 1.272649e+04 1.382664e+04 1.643244e+04 1.958067e+04 2.323606e+04 2.734762e+04 3.187952e+04 3.682348e+04
9.775945e+03 9.775945e+03 9.775945e+03 9.775953e+03 9.775975e+03 9.776698e+03 9.778936e+03 9.785685e+03 9.782371e+03 9.761467e+03 9.639895e+03 9.457150e+03 9.312554e+03 9.247300e+03 9.251250e+03 9.302813e+03 9.384525e+03 9.969273e+03 1.065971e+04 1.143799e+04 1.232158e+04 1.332240e+04 1.444852e+04 1.709667e+04 2.027763e+04 2.396112e+04 2.809965e+04 3.265822e+04 3.762755e+04
1.009992e+04 1.009992e+04 1.009992e+04 1.009992e+04 1.009992e+04 1.010014e+04 1.010112e+04 1.010437e+04 1.009979e+04 1.007902e+04 9.964875e+03 9.798625e+03 9.673822e+03 9.627395e+03 9.648137e+03 9.714699e+03 9.810043e+03 1.045063e+04 1.118499e+04 1.200044e+04 1.291665e+04 1.394624e+04 1.509750e+04 1.778588e+04 2.099707e+04 2.470607e+04 2.886930e+04 3.345287e+04 3.844666e+04
1.043685e+04 1.043685e+04 1.043685e+04 1.043685e+04 1.043685e+04 1.043702e+04 1.043755e+04 1.043889e+04 1.043365e+04 1.041354e+04 1.030788e+04 1.015916e+04 1.005507e+04 1.002836e+04 1.006682e+04 1.014935e+04 1.025931e+04 1.095965e+04 1.173970e+04 1.259269e+04 1.354111e+04 1.459870e+04 1.577410e+04 1.850036e+04 2.173916e+04 2.547103e+04 2.965663e+04 3.426349e+04 3.928074e+04
1.077119e+04 1.077119e+04 1.077119e+04 1.077120e+04 1.077121e+04 1.077168e+04 1.077302e+04 1.077668e+04 1.077319e+04 1.075621e+04 1.066380e+04 1.053638e+04 1.045553e+04 1.045031e+04 1.050797e+04 1.060782e+04 1.073362e+04 1.149795e+04 1.232521e+04 1.321581e+04 1.419579e+04 1.528038e+04 1.647878e+04 1.924037e+04 2.250406e+04 2.625610e+04 3.046168e+04 3.509006e+04 4.012972e+04
1.112136e+04 1.112136e+04 1.112136e+04 1.112137e+04 1.112138e+04 1.112185e+04 1.112330e+04 1.112789e+04 1.112580e+04 1.111199e+04 1.103424e+04 1.093054e+04 1.087542e+04 1.089388e+04 1.097265e+04 1.109149e+04 1.123460e+04 1.206722e+04 1.294286e+04 1.387076e+04 1.488139e+04 1.599180e+04 1.721189e+04 2.000610e+04 2.329188e+04 2.706134e+04 3.128449e+04 3.593257e+04 4.099353e+04
1.149232e+04 1.149232e+04 1.149232e+04 1.149232e+04 1.149233e+04 1.149270e+04 1.149385e+04 1.149780e+04 1.149629e+04 1.148504e+04 1.142185e+04 1.134336e+04 1.131622e+04 1.136073e+04 1.146274e+04 1.160238e+04 1.176429e+04 1.266919e+04 1.359388e+04 1.455844e+04 1.559853e+04 1.673339e+04 1.797373e+04 2.079766e+04 2.410265e+04 2.788678e+04 3.212507e+04 3.679099e+04 4.187210e+04
1.187677e+04 1.187677e+04 1.187677e+04 1.187677e+04 1.187678e+04 1.187715e+04 1.187831e+04 1.188282e+04 1.188270e+04 1.187491e+04 1.182834e+04 1.177740e+04 1.178072e+04 1.185362e+04 1.198093e+04 1.214309e+04 1.232515e+04 1.330554e+04 1.427938e+04 1.527956e+04 1.634769e+04 1.750547e+04 1.876452e+04 2.161513e+04 2.493639e+04 2.873241e+04 3.298339e+04 3.766528e+04 4.276536e+04
1.227598e+04 1.227598e+04 1.227598e+04 1.227599e+04 1.227601e+04 1.227677e+04 1.227906e+04 1.228700e+04 1.228965e+04 1.228662e+04 1.225891e+04 1.223747e+04 1.227320e+04 1.237635e+04 1.253059e+04 1.271658e+04 1.291985e+04 1.397781e+04 1.500027e+04 1.603471e+04 1.712925e+04 1.830826e+04 1.958437e+04 2.245851e+04 2.579305e+04 2.959818e+04 3.385943e+04 3.855540e+04 4.367324e+04
1.271429e+04 1.271429e+04 1.271429e+04 1.271430e+04 1.271432e+04 1.271508e+04 1.271748e+04 1.272701e+04 1.273192e+04 1.273323e+04 1.272353e+04 1.273105e+04 1.279934e+04 1.293341e+04 1.311537e+04 1.332594e+04 1.355100e+04 1.468730e+04 1.575726e+04 1.682427e+04 1.794342e+04 1.914186e+04 2.043330e+04 2.332772e+04 2.667256e+04 3.048404e+04 3.475313e+04 3.946130e+04 4.459566e+04
1.319805e+04 1.319805e+04 1.319805e+04 1.319806e+04 1.319809e+04 1.319919e+04 1.320255e+04 1.321499e+04 1.322212e+04 1.322715e+04 1.323277e+04 1.326628e+04 1.336521e+04 1.352935e+04 1.373880e+04 1.397395e+04 1.422085e+04 1.543498e+04 1.655081e+04 1.764844e+04 1.879026e+04 2.000626e+04 2.131125e+04 2.422264e+04 2.757476e+04 3.138985e+04 3.566441e+04 4.038290e+04 4.553255e+04
1.374676e+04 1.374676e+04 1.374676e+04 1.374677e+04 1.374680e+04 1.374790e+04 1.375131e+04 1.376376e+04 1.377116e+04 1.377763e+04 1.379344e+04 1.384829e+04 1.397476e+04 1.416724e+04 1.440329e+04 1.466256e+04 1.493102e+04 1.622145e+04 1.738107e+04 1.850722e+04 1.966969e+04 2.090134e+04 2.221804e+04 2.514306e+04 2.849949e+04 3.231549e+04 3.659318e+04 4.132013e+04 4.648382e+04
1.435976e+04 1.435976e+04 1.435976e+04 1.435976e+04 1.435978e+04 1.436016e+04 1.436158e+04 1.436840e+04 1.437328e+04 1.437868e+04 1.440080e+04 1.447455e+04 1.462716e+04 1.484721e+04 1.510942e+04 1.539248e+04 1.568219e+04 1.704686e+04 1.824793e+04 1.940043e+04 2.058150e+04 2.182684e+04 2.315343e+04 2.608874e+04 2.944649e+04 3.326079e+04 3.753931e+04 4.227291e+04 4.744939e+04
1.499072e+04 1.499072e+04 1.499072e+04 1.499073e+04 1.499074e+04 1.499111e+04 1.499227e+04 1.499725e+04 1.500137e+04 1.500749e+04 1.503989e+04 1.513638e+04 1.531793e+04 1.556717e+04 1.585633e+04 1.616343e+04 1.647429e+04 1.791099e+04 1.915103e+04 2.032768e+04 2.152531e+04 2.278243e+04 2.411707e+04 2.705934e+04 3.041551e+04 3.422552e+04 3.850266e+04 4.324114e+04 4.842918e+04
1.562553e+04 1.562553e+04 1.562553e+04 1.562554e+04 1.562556e+04 1.562622e+04 1.562811e+04 1.563533e+04 1.564143e+04 1.565143e+04 1.570144e+04 1.582796e+04 1.604381e+04 1.632546e+04 1.664316e+04 1.697490e+04 1.730694e+04 1.881324e+04 2.008976e+04 2.128842e+04 2.250065e+04 2.376765e+04 2.510854e+04 2.805449e+04 3.140622e+04 3.520945e+04 3.948308e+04 4.422471e+04 4.942311e+04
1.628131e+04 1.628131e+04 1.628131e+04 1.628132e+04 1.628134e+04 1.628202e+04 1.628415e+04 1.629301e+04 1.630143e+04 1.631636e+04 1.638841e+04 1.655071e+04 1.680555e+04 1.712242e+04 1.746995e+04 1.782667e+04 1.817968e+04 1.975273e+04 2.106331e+04 2.228200e+04 2.350692e+04 2.478196e+04 2.612733e+04 2.907374e+04 3.241825e+04 3.621232e+04 4.048039e+04 4.522351e+04 5.043108e+04
1.696632e+04 1.696632e+04 1.696632e+04 1.696633e+04 1.696635e+04 1.696716e+04 1.696980e+04 1.698096e+04 1.699211e+04 1.701262e+04 1.710901e+04 1.731014e+04 1.760636e+04 1.795963e+04 1.833723e+04 1.871856e+04 1.909190e+04 2.072832e+04 2.207073e+04 2.330760e+04 2.454344e+04 2.582473e+04 2.717286e+04 3.011659e+04 3.345122e+04 3.723382e+04 4.149438e+04 4.623741e+04 5.145302e+04
1.769423e+04 1.769423e+04 1.769423e+04 1.769424e+04 1.769428e+04 1.769533e+04 1.769863e+04 1.771217e+04 1.772587e+04 1.775166e+04 1.787195e+04 1.811177e+04 1.844913e+04 1.883819e+04 1.924493e+04 1.964984e+04 2.004248e+04 2.173869e+04 2.311096e+04 2.436436e+04 2.560942e+04 2.689527e+04 2.824450e+04 3.118252e+04 3.450467e+04 3.827364e+04 4.252484e+04 4.726628e+04 5.248883e+04
1.848057e+04 1.848057e+04 1.848057e+04 1.848058e+04 1.848061e+04 1.848167e+04 1.848481e+04 1.849745e+04 1.851166e+04 1.854073e+04 1.868150e+04 1.895758e+04 1.933418e+04 1.975736e+04 2.019171e+04 2.061883e+04 2.102964e+04 2.278239e+04 2.418290e+04 2.545133e+04 2.670404e+04 2.799281e+04 2.934153e+04 3.227091e+04 3.557814e+04 3.933142e+04 4.357154e+04 4.830998e+04 5.353843e+04
1.931514e+04 1.931514e+04 1.931514e+04 1.931515e+04 1.931517e+04 1.931579e+04 1.931776e+04 1.932724e+04 1.934098e+04 1.937252e+04 1.953263e+04 1.984396e+04 2.025852e+04 2.071434e+04 2.117490e+04 2.162305e+04 2.205106e+04 2.385794e+04 2.528541e+04 2.656753e+04 2.782640e+04 2.911653e+04 3.046320e+04 3.338113e+04 3.667111e+04 4.040680e+04 4.463424e+04 4.936836e+04 5.460172e+04
2.017043e+04 2.017043e+04 2.017043e+04 2.017044e+04 2.017046e+04 2.017108e+04 2.017306e+04 2.018301e+04 2.019838e+04 2.023450e+04 2.041746e+04 2.076565e+04 2.121805e+04 2.170559e+04 2.219134e+04 2.265968e+04 2.310428e+04 2.496390e+04 2.641737e+04 2.771195e+04 2.897555e+04 3.026555e+04 3.160870e+04 3.451252e+04 3.778306e+04 4.149938e+04 4.571267e+04 5.044127e+04 5.567863e+04
2.104684e+04 2.104684e+04 2.104684e+04 2.104685e+04 2.104689e+04 2.104812e+04 2.105177e+04 2.106678e+04 2.108610e+04 2.112879e+04 2.133683e+04 2.172172e+04 2.221056e+04 2.272838e+04 2.323830e+04 2.372622e+04 2.418709e+04 2.609899e+04 2.757768e+04 2.888354e+04 3.015052e+04 3.143896e+04 3.277718e+04 3.566435e+04 3.891342e+04 4.260875e+04 4.680656e+04 5.152854e+04 5.676905e+04
