7.523307e+06 3.836488e+06 3.046996e+06 1.985587e+06 1.654619e+06 9.465492e+05 7.178921e+05 5.446252e+05 4.995002e+05 4.660046e+05 4.187280e+05 3.862905e+05 3.622695e+05 3.435811e+05 3.285336e+05 3.161096e+05 3.056531e+05 2.709755e+05 2.512854e+05 2.383204e+05 2.289845e+05 2.219831e+05 2.167166e+05 2.102129e+05 2.079896e+05 2.092663e+05 2.135940e+05 2.206968e+05 2.303601e+05
9.318404e+05 9.318372e+05 9.318184e+05 9.303892e+05 9.228868e+05 7.951224e+05 6.619055e+05 5.254088e+05 4.858902e+05 4.557290e+05 4.121178e+05 3.815862e+05 3.587033e+05 3.407589e+05 3.262300e+05 3.141850e+05 3.040161e+05 2.701114e+05 2.507511e+05 2.379614e+05 2.287308e+05 2.217986e+05 2.165809e+05 2.101425e+05 2.079618e+05 2.092687e+05 2.136190e+05 2.207392e+05 2.304162e+05
6.998102e+05 6.998098e+05 6.998078e+05 6.996462e+05 6.987882e+05 6.688193e+05 5.997327e+05 5.028952e+05 4.702256e+05 4.440846e+05 4.048013e+05 3.764640e+05 3.548663e+05 3.377498e+05 3.237913e+05 3.121594e+05 3.023012e+05 2.692197e+05 2.502043e+05 2.375957e+05 2.284733e+05 2.216118e+05 2.164438e+05 2.100716e+05 2.079338e+05 2.092712e+05 2.136443e+05 2.207820e+05 2.304728e+05
5.921838e+05 5.921838e+05 5.921837e+05 5.921446e+05 5.919194e+05 5.772934e+05 5.512085e+05 4.790693e+05 4.532591e+05 4.314221e+05 3.968877e+05 3.709689e+05 3.507807e+05 3.345662e+05 3.212250e+05 3.100373e+05 3.005117e+05 2.683013e+05 2.496451e+05 2.372235e+05 2.282119e+05 2.214226e+05 2.163052e+05 2.100001e+05 2.079058e+05 2.092740e+05 2.136699e+05 2.208252e+05 2.305297e+05
5.277477e+05 5.277478e+05 5.277478e+05 5.277341e+05 5.276490e+05 5.201013e+05 5.065243e+05 4.575477e+05 4.362107e+05 4.182658e+05 3.885240e+05 3.651585e+05 3.464740e+05 3.312229e+05 3.185399e+05 3.078246e+05 2.986513e+05 2.673569e+05 2.490740e+05 2.368449e+05 2.279468e+05 2.212310e+05 2.161652e+05 2.099282e+05 2.078777e+05 2.092769e+05 2.136958e+05 2.208688e+05 2.305872e+05
4.839279e+05 4.839279e+05 4.839280e+05 4.839230e+05 4.838841e+05 4.799288e+05 4.695358e+05 4.397639e+05 4.210645e+05 4.054047e+05 3.799114e+05 3.591064e+05 3.419797e+05 3.277375e+05 3.157462e+05 3.055276e+05 2.967243e+05 2.663876e+05 2.484911e+05 2.364600e+05 2.276780e+05 2.210372e+05 2.160237e+05 2.098557e+05 2.078496e+05 2.092800e+05 2.137221e+05 2.209128e+05 2.306450e+05
4.516872e+05 4.516872e+05 4.516872e+05 4.516847e+05 4.516641e+05 4.494295e+05 4.410987e+05 4.230476e+05 4.082086e+05 3.940335e+05 3.713261e+05 3.529080e+05 3.373393e+05 3.241313e+05 3.128560e+05 3.031536e+05 2.947356e+05 2.653942e+05 2.478969e+05 2.360689e+05 2.274056e+05 2.208412e+05 2.158808e+05 2.097827e+05 2.078215e+05 2.092834e+05 2.137487e+05 2.209572e+05 2.307034e+05
4.266104e+05 4.266104e+05 4.266104e+05 4.266091e+05 4.265973e+05 4.252381e+05 4.188621e+05 4.066899e+05 3.961408e+05 3.841697e+05 3.631497e+05 3.466876e+05 3.326048e+05 3.204296e+05 3.098834e+05 3.007112e+05 2.926906e+05 2.643780e+05 2.472916e+05 2.356719e+05 2.271296e+05 2.206429e+05 2.157365e+05 2.097093e+05 2.077933e+05 2.092869e+05 2.137757e+05 2.210020e+05 2.307621e+05
4.063477e+05 4.063477e+05 4.063478e+05 4.063475e+05 4.063404e+05 4.054602e+05 4.007372e+05 3.911804e+05 3.842585e+05 3.749071e+05 3.559001e+05 3.406056e+05 3.278413e+05 3.166637e+05 3.068449e+05 2.982101e+05 2.905954e+05 2.633401e+05 2.466758e+05 2.352691e+05 2.268502e+05 2.204425e+05 2.155909e+05 2.096353e+05 2.077651e+05 2.092907e+05 2.138030e+05 2.210472e+05 2.308213e+05
3.895087e+05 3.895087e+05 3.895088e+05 3.895088e+05 3.895044e+05 3.889055e+05 3.854432e+05 3.770916e+05 3.726132e+05 3.658061e+05 3.494101e+05 3.348786e+05 3.231298e+05 3.128714e+05 3.037608e+05 2.956620e+05 2.884573e+05 2.622816e+05 2.460498e+05 2.348606e+05 2.265674e+05 2.202400e+05 2.154439e+05 2.095610e+05 2.077369e+05 2.092946e+05 2.138306e+05 2.210929e+05 2.308810e+05
3.752105e+05 3.752105e+05 3.752105e+05 3.752105e+05 3.752073e+05 3.747832e+05 3.722340e+05 3.646394e+05 3.615150e+05 3.567790e+05 3.432952e+05 3.297581e+05 3.185715e+05 3.090986e+05 3.006546e+05 2.930802e+05 2.862844e+05 2.612042e+05 2.454140e+05 2.344467e+05 2.262813e+05 2.200354e+05 2.152956e+05 2.094861e+05 2.077086e+05 2.092988e+05 2.138586e+05 2.211389e+05 2.309411e+05
3.262212e+05 3.262212e+05 3.262212e+05 3.262215e+05 3.262214e+05 3.261178e+05 3.254330e+05 3.213368e+05 3.191367e+05 3.174917e+05 3.139514e+05 3.078634e+05 3.002104e+05 2.926805e+05 2.860075e+05 2.803219e+05 2.752873e+05 2.555891e+05 2.421051e+05 2.323013e+05 2.248043e+05 2.189828e+05 2.145353e+05 2.091055e+05 2.075675e+05 2.093233e+05 2.140040e+05 2.213755e+05 2.312485e+05
2.967365e+05 2.967365e+05 2.967365e+05 2.967368e+05 2.967372e+05 2.967054e+05 2.964566e+05 2.946111e+05 2.930481e+05 2.915039e+05 2.892870e+05 2.873243e+05 2.841740e+05 2.797811e+05 2.748678e+05 2.700560e+05 2.656548e+05 2.498028e+05 2.386343e+05 2.300497e+05 2.232584e+05 2.178853e+05 2.137460e+05 2.087153e+05 2.074270e+05 2.093541e+05 2.141586e+05 2.216230e+05 2.315674e+05
2.766465e+05 2.766465e+05 2.766465e+05 2.766467e+05 2.766472e+05 2.766391e+05 2.765374e+05 2.756852e+05 2.748113e+05 2.737182e+05 2.716244e+05 2.702515e+05 2.690745e+05 2.673024e+05 2.647057e+05 2.615325e+05 2.581517e+05 2.442714e+05 2.351023e+05 2.277257e+05 2.216576e+05 2.167494e+05 2.129314e+05 2.083169e+05 2.072880e+05 2.093916e+05 2.143227e+05 2.218814e+05 2.318981e+05
2.620507e+05 2.620507e+05 2.620507e+05 2.620509e+05 2.620513e+05 2.620513e+05 2.620072e+05 2.615851e+05 2.611143e+05 2.604479e+05 2.588066e+05 2.574144e+05 2.565442e+05 2.558305e+05 2.548019e+05 2.532397e+05 2.511969e+05 2.396877e+05 2.316581e+05 2.253758e+05 2.200196e+05 2.155832e+05 2.120957e+05 2.079121e+05 2.071513e+05 2.094364e+05 2.144968e+05 2.221512e+05 2.322407e+05
2.509621e+05 2.509621e+05 2.509621e+05 2.509623e+05 2.509627e+05 2.509687e+05 2.509584e+05 2.507528e+05 2.504981e+05 2.501107e+05 2.489822e+05 2.477418e+05 2.468219e+05 2.462820e+05 2.458708e+05 2.452867e+05 2.443524e+05 2.360566e+05 2.285216e+05 2.230649e+05 2.183687e+05 2.143972e+05 2.112439e+05 2.075025e+05 2.070179e+05 2.094890e+05 2.146813e+05 2.224326e+05 2.325955e+05
2.423506e+05 2.423506e+05 2.423506e+05 2.423508e+05 2.423512e+05 2.423583e+05 2.423607e+05 2.422642e+05 2.421262e+05 2.419038e+05 2.411772e+05 2.402075e+05 2.393138e+05 2.387197e+05 2.384103e+05 2.382075e+05 2.379067e+05 2.328172e+05 2.260074e+05 2.208828e+05 2.167376e+05 2.132052e+05 2.103828e+05 2.070904e+05 2.068888e+05 2.095501e+05 2.148764e+05 2.227258e+05 2.329626e+05
2.355309e+05 2.355309e+05 2.355309e+05 2.355310e+05 2.355314e+05 2.355392e+05 2.355494e+05 2.355157e+05 2.354447e+05 2.353201e+05 2.348700e+05 2.341732e+05 2.334048e+05 2.327849e+05 2.324221e+05 2.322772e+05 2.322196e+05 2.296828e+05 2.240046e+05 2.189586e+05 2.151698e+05 2.120258e+05 2.095213e+05 2.066786e+05 2.067651e+05 2.096201e+05 2.150824e+05 2.230310e+05 2.333422e+05
2.300750e+05 2.300750e+05 2.300750e+05 2.300752e+05 2.300755e+05 2.300834e+05 2.300981e+05 2.301017e+05 2.300709e+05 2.300058e+05 2.297375e+05 2.292650e+05 2.286619e+05 2.280858e+05 2.276749e+05 2.274768e+05 2.274467e+05 2.265794e+05 2.222586e+05 2.174489e+05 2.137239e+05 2.108830e+05 2.086708e+05 2.062705e+05 2.066482e+05 2.096997e+05 2.152999e+05 2.233484e+05 2.337344e+05
2.256895e+05 2.256895e+05 2.256895e+05 2.256896e+05 2.256899e+05 2.256977e+05 2.257142e+05 2.257382e+05 2.257315e+05 2.257030e+05 2.255535e+05 2.252492e+05 2.248071e+05 2.243195e+05 2.239056e+05 2.236477e+05 2.235617e+05 2.235648e+05 2.206090e+05 2.162391e+05 2.124866e+05 2.098085e+05 2.078463e+05 2.058705e+05 2.065397e+05 2.097898e+05 2.155290e+05 2.236783e+05 2.341394e+05
2.221469e+05 2.221469e+05 2.221469e+05 2.221470e+05 2.221473e+05 2.221550e+05 2.221729e+05 2.222112e+05 2.222208e+05 2.222169e+05 2.221477e+05 2.219656e+05 2.216603e+05 2.212753e+05 2.208952e+05 2.206038e+05 2.204485e+05 2.207376e+05 2.189661e+05 2.151960e+05 2.115326e+05 2.088439e+05 2.070669e+05 2.054842e+05 2.064419e+05 2.098912e+05 2.157704e+05 2.240208e+05 2.345572e+05
2.192967e+05 2.192967e+05 2.192967e+05 2.192968e+05 2.192971e+05 2.193047e+05 2.193234e+05 2.193719e+05 2.193930e+05 2.194065e+05 2.193931e+05 2.192978e+05 2.190987e+05 2.188083e+05 2.184786e+05 2.181791e+05 2.179672e+05 2.181764e+05 2.172993e+05 2.142253e+05 2.107721e+05 2.080534e+05 2.063566e+05 2.051186e+05 2.063571e+05 2.100050e+05 2.160244e+05 2.243763e+05 2.349882e+05
2.170323e+05 2.170323e+05 2.170323e+05 2.170324e+05 2.170327e+05 2.170403e+05 2.170597e+05 2.171153e+05 2.171444e+05 2.171696e+05 2.171933e+05 2.171551e+05 2.170293e+05 2.168118e+05 2.165302e+05 2.162359e+05 2.159835e+05 2.159176e+05 2.156191e+05 2.132622e+05 2.101288e+05 2.074667e+05 2.057477e+05 2.047824e+05 2.062886e+05 2.101324e+05 2.162917e+05 2.247451e+05 2.354323e+05
2.152737e+05 2.152737e+05 2.152737e+05 2.152738e+05 2.152741e+05 2.152814e+05 2.153006e+05 2.153597e+05 2.153934e+05 2.154250e+05 2.154667e+05 2.154557e+05 2.153684e+05 2.151942e+05 2.149457e+05 2.146578e+05 2.143765e+05 2.139571e+05 2.139554e+05 2.122694e+05 2.095455e+05 2.070198e+05 2.052898e+05 2.044860e+05 2.062402e+05 2.102751e+05 2.165729e+05 2.251274e+05 2.358897e+05
2.139461e+05 2.139461e+05 2.139462e+05 2.139462e+05 2.139465e+05 2.139544e+05 2.139751e+05 2.140367e+05 2.140686e+05 2.140961e+05 2.141262e+05 2.141073e+05 2.140226e+05 2.138613e+05 2.136269e+05 2.133407e+05 2.130378e+05 2.122630e+05 2.123413e+05 2.112338e+05 2.089796e+05 2.066662e+05 2.049875e+05 2.042423e+05 2.062164e+05 2.104348e+05 2.168689e+05 2.255236e+05 2.363608e+05
2.130224e+05 2.130224e+05 2.130224e+05 2.130225e+05 2.130227e+05 2.130293e+05 2.130418e+05 2.130582e+05 2.130608e+05 2.130589e+05 2.130374e+05 2.129814e+05 2.128760e+05 2.127086e+05 2.124758e+05 2.121888e+05 2.118720e+05 2.107890e+05 2.108037e+05 2.101602e+05 2.084028e+05 2.063699e+05 2.047966e+05 2.040674e+05 2.062225e+05 2.106139e+05 2.171807e+05 2.259343e+05 2.368457e+05
2.121270e+05 2.121270e+05 2.121270e+05 2.121271e+05 2.121271e+05 2.121274e+05 2.121222e+05 2.120958e+05 2.120783e+05 2.120584e+05 2.120065e+05 2.119277e+05 2.118080e+05 2.116357e+05 2.114050e+05 2.111209e+05 2.107998e+05 2.094856e+05 2.093599e+05 2.090648e+05 2.078001e+05 2.061029e+05 2.046871e+05 2.039831e+05 2.062651e+05 2.108148e+05 2.175093e+05 2.263599e+05 2.373446e+05
2.109485e+05 2.109485e+05 2.109485e+05 2.109485e+05 2.109487e+05 2.109515e+05 2.109580e+05 2.109712e+05 2.109725e+05 2.109675e+05 2.109336e+05 2.108612e+05 2.107438e+05 2.105754e+05 2.103526e+05 2.100782e+05 2.097635e+05 2.083078e+05 2.080184e+05 2.079695e+05 2.071685e+05 2.058453e+05 2.046351e+05 2.040180e+05 2.063517e+05 2.110407e+05 2.178562e+05 2.268012e+05 2.378579e+05
2.098587e+05 2.098587e+05 2.098587e+05 2.098588e+05 2.098589e+05 2.098624e+05 2.098715e+05 2.098898e+05 2.098921e+05 2.098872e+05 2.098514e+05 2.097766e+05 2.096592e+05 2.094958e+05 2.092842e+05 2.090254e+05 2.087267e+05 2.072199e+05 2.067817e+05 2.068969e+05 2.065138e+05 2.055845e+05 2.046216e+05 2.041566e+05 2.064913e+05 2.112951e+05 2.182230e+05 2.272588e+05 2.383861e+05
2.089051e+05 2.089051e+05 2.089051e+05 2.089051e+05 2.089049e+05 2.089004e+05 2.088887e+05 2.088560e+05 2.088351e+05 2.088102e+05 2.087454e+05 2.086551e+05 2.085339e+05 2.083769e+05 2.081806e+05 2.079439e+05 2.076704e+05 2.061970e+05 2.056488e+05 2.058686e+05 2.058486e+05 2.053150e+05 2.046319e+05 2.043777e+05 2.066956e+05 2.115820e+05 2.186115e+05 2.277336e+05 2.389295e+05
2.076810e+05 2.076810e+05 2.076810e+05 2.076810e+05 2.076810e+05 2.076802e+05 2.076759e+05 2.076519e+05 2.076317e+05 2.076065e+05 2.075416e+05 2.074556e+05 2.073452e+05 2.072064e+05 2.070353e+05 2.068300e+05 2.065914e+05 2.052257e+05 2.046177e+05 2.049029e+05 2.051887e+05 2.050373e+05 2.046557e+05 2.046661e+05 2.069817e+05 2.119064e+05 2.190238e+05 2.282268e+05 2.394886e+05
2.063079e+05 2.063079e+05 2.063079e+05 2.063079e+05 2.063079e+05 2.063083e+05 2.063084e+05 2.063028e+05 2.062950e+05 2.062829e+05 2.062444e+05 2.061853e+05 2.061035e+05 2.059966e+05 2.058616e+05 2.056966e+05 2.055012e+05 2.043024e+05 2.036869e+05 2.040150e+05 2.045516e+05 2.047568e+05 2.046869e+05 2.050094e+05 2.073601e+05 2.122738e+05 2.194623e+05 2.287394e+05 2.400642e+05
2.049328e+05 2.049328e+05 2.049328e+05 2.049328e+05 2.049328e+05 2.049340e+05 2.049368e+05 2.049424e+05 2.049433e+05 2.049419e+05 2.049296e+05 2.049013e+05 2.048540e+05 2.047849e+05 2.046915e+05 2.045714e+05 2.044238e+05 2.034315e+05 2.028563e+05 2.032170e+05 2.039545e+05 2.044821e+05 2.047231e+05 2.053968e+05 2.078148e+05 2.126910e+05 2.199300e+05 2.292729e+05 2.406569e+05
2.036285e+05 2.036285e+05 2.036285e+05 2.036285e+05 2.036285e+05 2.036303e+05 2.036345e+05 2.036465e+05 2.036530e+05 2.036590e+05 2.036668e+05 2.036650e+05 2.036496e+05 2.036170e+05 2.035643e+05 2.034888e+05 2.033890e+05 2.026230e+05 2.021271e+05 2.025181e+05 2.034130e+05 2.042238e+05 2.047653e+05 2.058191e+05 2.083342e+05 2.131671e+05 2.204300e+05 2.298289e+05 2.412675e+05
2.024286e+05 2.024286e+05 2.024286e+05 2.024286e+05 2.024287e+05 2.024307e+05 2.024362e+05 2.024547e+05 2.024663e+05 2.024785e+05 2.025025e+05 2.025223e+05 2.025335e+05 2.025327e+05 2.025163e+05 2.024817e+05 2.024265e+05 2.018892e+05 2.015016e+05 2.019253e+05 2.029407e+05 2.039935e+05 2.048166e+05 2.062688e+05 2.089091e+05 2.137155e+05 2.209661e+05 2.304092e+05 2.418971e+05
2.013674e+05 2.013674e+05 2.013674e+05 2.013674e+05 2.013675e+05 2.013700e+05 2.013769e+05 2.014003e+05 2.014154e+05 2.014320e+05 2.014678e+05 2.015039e+05 2.015363e+05 2.015615e+05 2.015760e+05 2.015767e+05 2.015611e+05 2.012433e+05 2.009827e+05 2.014436e+05 2.025489e+05 2.038023e+05 2.048824e+05 2.067400e+05 2.095314e+05 2.143346e+05 2.215427e+05 2.310157e+05 2.425467e+05
2.004658e+05 2.004658e+05 2.004658e+05 2.004659e+05 2.004659e+05 2.004684e+05 2.004753e+05 2.004998e+05 2.005165e+05 2.005357e+05 2.005795e+05 2.006277e+05 2.006766e+05 2.007227e+05 2.007627e+05 2.007934e+05 2.008119e+05 2.006969e+05 2.005736e+05 2.010761e+05 2.022464e+05 2.036609e+05 2.049688e+05 2.072282e+05 2.101940e+05 2.150131e+05 2.221654e+05 2.316510e+05 2.432176e+05
1.997138e+05 1.997138e+05 1.997138e+05 1.997139e+05 1.997139e+05 1.997167e+05 1.997244e+05 1.997519e+05 1.997709e+05 1.997929e+05 1.998441e+05 1.999024e+05 1.999647e+05 2.000279e+05 2.000888e+05 2.001445e+05 2.001920e+05 2.002600e+05 2.002769e+05 2.008246e+05 2.020395e+05 2.035783e+05 2.050825e+05 2.077305e+05 2.108902e+05 2.157435e+05 2.228422e+05 2.323176e+05 2.439112e+05
1.991209e+05 1.991209e+05 1.991209e+05 1.991209e+05 1.991210e+05 1.991239e+05 1.991325e+05 1.991631e+05 1.991842e+05 1.992087e+05 1.992662e+05 1.993329e+05 1.994061e+05 1.994831e+05 1.995612e+05 1.996377e+05 1.997097e+05 1.999402e+05 2.000949e+05 2.006898e+05 2.019324e+05 2.035621e+05 2.052300e+05 2.082449e+05 2.116145e+05 2.165197e+05 2.235817e+05 2.330188e+05 2.446291e+05
1.986966e+05 1.986966e+05 1.986966e+05 1.986967e+05 1.986968e+05 1.986996e+05 1.987080e+05 1.987392e+05 1.987611e+05 1.987868e+05 1.988482e+05 1.989210e+05 1.990027e+05 1.990909e+05 1.991832e+05 1.992770e+05 1.993697e+05 1.997429e+05 2.000289e+05 2.006709e+05 2.019275e+05 2.036180e+05 2.054176e+05 2.087710e+05 2.123618e+05 2.173359e+05 2.243768e+05 2.337583e+05 2.453731e+05
1.984309e+05 1.984309e+05 1.984309e+05 1.984309e+05 1.984310e+05 1.984338e+05 1.984422e+05 1.984737e+05 1.984962e+05 1.985227e+05 1.985871e+05 1.986647e+05 1.987534e+05 1.988509e+05 1.989552e+05 1.990637e+05 1.991739e+05 1.996717e+05 2.000793e+05 2.007665e+05 2.020252e+05 2.037503e+05 2.056505e+05 2.093089e+05 2.131276e+05 2.181870e+05 2.252204e+05 2.345410e+05 2.461452e+05
1.983143e+05 1.983143e+05 1.983143e+05 1.983144e+05 1.983145e+05 1.983174e+05 1.983261e+05 1.983590e+05 1.983825e+05 1.984104e+05 1.984782e+05 1.985606e+05 1.986556e+05 1.987614e+05 1.988760e+05 1.989972e+05 1.991226e+05 1.997284e+05 2.002457e+05 2.009739e+05 2.022245e+05 2.039611e+05 2.059331e+05 2.098594e+05 2.139085e+05 2.190683e+05 2.261075e+05 2.353745e+05 2.469478e+05
1.983471e+05 1.983471e+05 1.983471e+05 1.983471e+05 1.983472e+05 1.983503e+05 1.983596e+05 1.983942e+05 1.984188e+05 1.984480e+05 1.985192e+05 1.986060e+05 1.987069e+05 1.988202e+05 1.989440e+05 1.990764e+05 1.992150e+05 1.999134e+05 2.005267e+05 2.012898e+05 2.025232e+05 2.042515e+05 2.062687e+05 2.104241e+05 2.147015e+05 2.199755e+05 2.270334e+05 2.362613e+05 2.477838e+05
1.985325e+05 1.985325e+05 1.985325e+05 1.985325e+05 1.985326e+05 1.985357e+05 1.985449e+05 1.985796e+05 1.986047e+05 1.986346e+05 1.987083e+05 1.987991e+05 1.989053e+05 1.990254e+05 1.991576e+05 1.992998e+05 1.994498e+05 2.002259e+05 2.009198e+05 2.017100e+05 2.029178e+05 2.046210e+05 2.066594e+05 2.110045e+05 2.155044e+05 2.209046e+05 2.279941e+05 2.371945e+05 2.486566e+05
1.988616e+05 1.988616e+05 1.988616e+05 1.988616e+05 1.988617e+05 1.988647e+05 1.988739e+05 1.989092e+05 1.989350e+05 1.989660e+05 1.990425e+05 1.991373e+05 1.992487e+05 1.993752e+05 1.995149e+05 1.996658e+05 1.998255e+05 2.006642e+05 2.014217e+05 2.022294e+05 2.034038e+05 2.050676e+05 2.071062e+05 2.116024e+05 2.163155e+05 2.218520e+05 2.289859e+05 2.381693e+05 2.495707e+05
1.993289e+05 1.993289e+05 1.993289e+05 1.993289e+05 1.993290e+05 1.993324e+05 1.993426e+05 1.993808e+05 1.994081e+05 1.994407e+05 1.995207e+05 1.996195e+05 1.997358e+05 1.998680e+05 2.000142e+05 2.001723e+05 2.003399e+05 2.012250e+05 2.020277e+05 2.028421e+05 2.039759e+05 2.055886e+05 2.076093e+05 2.122195e+05 2.171336e+05 2.228146e+05 2.300053e+05 2.391820e+05 2.505328e+05
1.999495e+05 1.999495e+05 1.999495e+05 1.999496e+05 1.999497e+05 1.999529e+05 1.999626e+05 2.000004e+05 2.000280e+05 2.000611e+05 2.001432e+05 2.002452e+05 2.003655e+05 2.005024e+05 2.006538e+05 2.008173e+05 2.009903e+05 2.019038e+05 2.027320e+05 2.035414e+05 2.046281e+05 2.061804e+05 2.081679e+05 2.128574e+05 2.179583e+05 2.237898e+05 2.310490e+05 2.402291e+05 2.515404e+05
2.007099e+05 2.007099e+05 2.007099e+05 2.007099e+05 2.007101e+05 2.007134e+05 2.007234e+05 2.007618e+05 2.007899e+05 2.008236e+05 2.009076e+05 2.010123e+05 2.011359e+05 2.012763e+05 2.014310e+05 2.015974e+05 2.017730e+05 2.026942e+05 2.035273e+05 2.043200e+05 2.053537e+05 2.068384e+05 2.087803e+05 2.135176e+05 2.187893e+05 2.247753e+05 2.321140e+05 2.413078e+05 2.525887e+05
2.016081e+05 2.016081e+05 2.016081e+05 2.016082e+05 2.016083e+05 2.016117e+05 2.016220e+05 2.016617e+05 2.016907e+05 2.017255e+05 2.018117e+05 2.019187e+05 2.020444e+05 2.021863e+05 2.023417e+05 2.025078e+05 2.026820e+05 2.035878e+05 2.044051e+05 2.051695e+05 2.061456e+05 2.075577e+05 2.094441e+05 2.142013e+05 2.196269e+05 2.257691e+05 2.331975e+05 2.424152e+05 2.536740e+05
2.026479e+05 2.026479e+05 2.026479e+05 2.026479e+05 2.026480e+05 2.026515e+05 2.026619e+05 2.027022e+05 2.027316e+05 2.027669e+05 2.028542e+05 2.029620e+05 2.030874e+05 2.032277e+05 2.033797e+05 2.035409e+05 2.037087e+05 2.045736e+05 2.053554e+05 2.060813e+05 2.069964e+05 2.083328e+05 2.101567e+05 2.149092e+05 2.204713e+05 2.267698e+05 2.342971e+05 2.435486e+05 2.547935e+05
2.038270e+05 2.038270e+05 2.038270e+05 2.038270e+05 2.038272e+05 2.038305e+05 2.038408e+05 2.038806e+05 2.039097e+05 2.039448e+05 2.040312e+05 2.041368e+05 2.042580e+05 2.043915e+05 2.045346e+05 2.046848e+05 2.048403e+05 2.056379e+05 2.063668e+05 2.070461e+05 2.078985e+05 2.091583e+05 2.109148e+05 2.156419e+05 2.213233e+05 2.277763e+05 2.354106e+05 2.447056e+05 2.559447e+05
2.051353e+05 2.051353e+05 2.051353e+05 2.051354e+05 2.051355e+05 2.051388e+05 2.051489e+05 2.051883e+05 2.052171e+05 2.052514e+05 2.053343e+05 2.054327e+05 2.055430e+05 2.056624e+05 2.057891e+05 2.059213e+05 2.060578e+05 2.067643e+05 2.074271e+05 2.080544e+05 2.088443e+05 2.100282e+05 2.117149e+05 2.163998e+05 2.221837e+05 2.287878e+05 2.365360e+05 2.458838e+05 2.571252e+05
2.065648e+05 2.065648e+05 2.065648e+05 2.065648e+05 2.065649e+05 2.065684e+05 2.065790e+05 2.066183e+05 2.066453e+05 2.066763e+05 2.067475e+05 2.068289e+05 2.069183e+05 2.070145e+05 2.071166e+05 2.072239e+05 2.073357e+05 2.079342e+05 2.085237e+05 2.090970e+05 2.098264e+05 2.109371e+05 2.125535e+05 2.171830e+05 2.230533e+05 2.298041e+05 2.376717e+05 2.470812e+05 2.583329e+05
2.081211e+05 2.081211e+05 2.081211e+05 2.081211e+05 2.081212e+05 2.081240e+05 2.081310e+05 2.081545e+05 2.081704e+05 2.081888e+05 2.082321e+05 2.082834e+05 2.083420e+05 2.084075e+05 2.084797e+05 2.085582e+05 2.086426e+05 2.091282e+05 2.096441e+05 2.101650e+05 2.108379e+05 2.118795e+05 2.134267e+05 2.179912e+05 2.239331e+05 2.308248e+05 2.388163e+05 2.482957e+05 2.595656e+05
2.096902e+05 2.096902e+05 2.096902e+05 2.096902e+05 2.096902e+05 2.096903e+05 2.096903e+05 2.096912e+05 2.096931e+05 2.096964e+05 2.097083e+05 2.097277e+05 2.097551e+05 2.097905e+05 2.098340e+05 2.098855e+05 2.099445e+05 2.103278e+05 2.107770e+05 2.112504e+05 2.118722e+05 2.128503e+05 2.143311e+05 2.188241e+05 2.248242e+05 2.318502e+05 2.399686e+05 2.495256e+05 2.608216e+05
2.111074e+05 2.111074e+05 2.111074e+05 2.111074e+05 2.111074e+05 2.111072e+05 2.111062e+05 2.111021e+05 2.110994e+05 2.110966e+05 2.110927e+05 2.110935e+05 2.111007e+05 2.111159e+05 2.111394e+05 2.111715e+05 2.112120e+05 2.115174e+05 2.119125e+05 2.123459e+05 2.129237e+05 2.138446e+05 2.152632e+05 2.196813e+05 2.257274e+05 2.328807e+05 2.411278e+05 2.507694e+05 2.620988e+05
2.123621e+05 2.123621e+05 2.123621e+05 2.123621e+05 2.123621e+05 2.123621e+05 2.123616e+05 2.123585e+05 2.123561e+05 2.123534e+05 2.123483e+05 2.123455e+05 2.123475e+05 2.123557e+05 2.123713e+05 2.123948e+05 2.124262e+05 2.126861e+05 2.130434e+05 2.134460e+05 2.139873e+05 2.148583e+05 2.162197e+05 2.205621e+05 2.266438e+05 2.339167e+05 2.422933e+05 2.520254e+05 2.633957e+05
2.134762e+05 2.134762e+05 2.134762e+05 2.134762e+05 2.134762e+05 2.134761e+05 2.134761e+05 2.134768e+05 2.134775e+05 2.134784e+05 2.134811e+05 2.134859e+05 2.134940e+05 2.135068e+05 2.135253e+05 2.135501e+05 2.135816e+05 2.138284e+05 2.141646e+05 2.145460e+05 2.150589e+05 2.158875e+05 2.171977e+05 2.214659e+05 2.275742e+05 2.349589e+05 2.434647e+05 2.532926e+05 2.647105e+05
2.144846e+05 2.144846e+05 2.144846e+05 2.144846e+05 2.144846e+05 2.144855e+05 2.144880e+05 2.144966e+05 2.145022e+05 2.145086e+05 2.145233e+05 2.145406e+05 2.145609e+05 2.145849e+05 2.146132e+05 2.146463e+05 2.146844e+05 2.149439e+05 2.152739e+05 2.156429e+05 2.161350e+05 2.169289e+05 2.181943e+05 2.223920e+05 2.285195e+05 2.360083e+05 2.446418e+05 2.545699e+05 2.660420e+05
2.154523e+05 2.154523e+05 2.154523e+05 2.154523e+05 2.154524e+05 2.154537e+05 2.154574e+05 2.154706e+05 2.154798e+05 2.154904e+05 2.155156e+05 2.155450e+05 2.155784e+05 2.156154e+05 2.156561e+05 2.157005e+05 2.157486e+05 2.160365e+05 2.163706e+05 2.167345e+05 2.172129e+05 2.179797e+05 2.192071e+05 2.233396e+05 2.294805e+05 2.370657e+05 2.458247e+05 2.558564e+05 2.673886e+05
2.164142e+05 2.164142e+05 2.164142e+05 2.164142e+05 2.164143e+05 2.164156e+05 2.164197e+05 2.164354e+05 2.164467e+05 2.164600e+05 2.164925e+05 2.165314e+05 2.165757e+05 2.166244e+05 2.166768e+05 2.167323e+05 2.167907e+05 2.171119e+05 2.174556e+05 2.178196e+05 2.182904e+05 2.190376e+05 2.202341e+05 2.243081e+05 2.304580e+05 2.381321e+05 2.470136e+05 2.571514e+05 2.687491e+05
2.173887e+05 2.173887e+05 2.173887e+05 2.173887e+05 2.173887e+05 2.173902e+05 2.173947e+05 2.174120e+05 2.174247e+05 2.174400e+05 2.174777e+05 2.175235e+05 2.175760e+05 2.176335e+05 2.176950e+05 2.177596e+05 2.178263e+05 2.181765e+05 2.185306e+05 2.188976e+05 2.193661e+05 2.201006e+05 2.212732e+05 2.252968e+05 2.314528e+05 2.392086e+05 2.482089e+05 2.584545e+05 2.701225e+05
2.183862e+05 2.183862e+05 2.183862e+05 2.183862e+05 2.183862e+05 2.183880e+05 2.183933e+05 2.184135e+05 2.184281e+05 2.184455e+05 2.184876e+05 2.185382e+05 2.185957e+05 2.186586e+05 2.187255e+05 2.187955e+05 2.188674e+05 2.192360e+05 2.195970e+05 2.199681e+05 2.204387e+05 2.211671e+05 2.223231e+05 2.263051e+05 2.324654e+05 2.402962e+05 2.494111e+05 2.597652e+05 2.715078e+05
2.194287e+05 2.194287e+05 2.194287e+05 2.194287e+05 2.194288e+05 2.194307e+05 2.194366e+05 2.194586e+05 2.194740e+05 2.194921e+05 2.195351e+05 2.195865e+05 2.196447e+05 2.197085e+05 2.197766e+05 2.198478e+05 2.199211e+05 2.202937e+05 2.206557e+05 2.210308e+05 2.215072e+05 2.222359e+05 2.233822e+05 2.273324e+05 2.334965e+05 2.413961e+05 2.506207e+05 2.610833e+05 2.729041e+05
2.205311e+05 2.205311e+05 2.205311e+05 2.205311e+05 2.205312e+05 2.205326e+05 2.205369e+05 2.205546e+05 2.205677e+05 2.205834e+05 2.206221e+05 2.206694e+05 2.207241e+05 2.207847e+05 2.208499e+05 2.209184e+05 2.209892e+05 2.213511e+05 2.217071e+05 2.220852e+05 2.225708e+05 2.233059e+05 2.244498e+05 2.283785e+05 2.345468e+05 2.425092e+05 2.518386e+05 2.624088e+05 2.743107e+05
2.216584e+05 2.216584e+05 2.216584e+05 2.216584e+05 2.216584e+05 2.216598e+05 2.216638e+05 2.216789e+05 2.216899e+05 2.217031e+05 2.217363e+05 2.217778e+05 2.218266e+05 2.218814e+05 2.219409e+05 2.220038e+05 2.220690e+05 2.224068e+05 2.227502e+05 2.231307e+05 2.236289e+05 2.243764e+05 2.255249e+05 2.294429e+05 2.356167e+05 2.436368e+05 2.530655e+05 2.637418e+05 2.757270e+05
2.227951e+05 2.227951e+05 2.227951e+05 2.227951e+05 2.227952e+05 2.227962e+05 2.227995e+05 2.228121e+05 2.228216e+05 2.228331e+05 2.228622e+05 2.228987e+05 2.229415e+05 2.229895e+05 2.230416e+05 2.230968e+05 2.231542e+05 2.234578e+05 2.237836e+05 2.241666e+05 2.246810e+05 2.254470e+05 2.266070e+05 2.305253e+05 2.367070e+05 2.447798e+05 2.543022e+05 2.650824e+05 2.771525e+05
2.239248e+05 2.239248e+05 2.239248e+05 2.239248e+05 2.239248e+05 2.239259e+05 2.239292e+05 2.239421e+05 2.239514e+05 2.239625e+05 2.239893e+05 2.240216e+05 2.240584e+05 2.240990e+05 2.241425e+05 2.241886e+05 2.242366e+05 2.244991e+05 2.248051e+05 2.251921e+05 2.257269e+05 2.265174e+05 2.276959e+05 2.316258e+05 2.378179e+05 2.459393e+05 2.555497e+05 2.664310e+05 2.785868e+05
2.250524e+05 2.250525e+05 2.250525e+05 2.250525e+05 2.250525e+05 2.250537e+05 2.250572e+05 2.250702e+05 2.250790e+05 2.250890e+05 2.251123e+05 2.251388e+05 2.251680e+05 2.251995e+05 2.252332e+05 2.252688e+05 2.253064e+05 2.255252e+05 2.258122e+05 2.262063e+05 2.267665e+05 2.275878e+05 2.287916e+05 2.327443e+05 2.389502e+05 2.471162e+05 2.568089e+05 2.677878e+05 2.800297e+05
2.261844e+05 2.261844e+05 2.261844e+05 2.261844e+05 2.261844e+05 2.261850e+05 2.261868e+05 2.261947e+05 2.262003e+05 2.262068e+05 2.262220e+05 2.262392e+05 2.262581e+05 2.262788e+05 2.263013e+05 2.263260e+05 2.263530e+05 2.265304e+05 2.268026e+05 2.272089e+05 2.278001e+05 2.286586e+05 2.298944e+05 2.338809e+05 2.401044e+05 2.483116e+05 2.580806e+05 2.691534e+05 2.814809e+05
2.272834e+05 2.272834e+05 2.272834e+05 2.272834e+05 2.272834e+05 2.272839e+05 2.272850e+05 2.272886e+05 2.272907e+05 2.272929e+05 2.272979e+05 2.273040e+05 2.273116e+05 2.273211e+05 2.273330e+05 2.273477e+05 2.273654e+05 2.275095e+05 2.277747e+05 2.281998e+05 2.288283e+05 2.297303e+05 2.310047e+05 2.350360e+05 2.412809e+05 2.495263e+05 2.593660e+05 2.705283e+05 2.829405e+05
2.283270e+05 2.283270e+05 2.283270e+05 2.283270e+05 2.283270e+05 2.283266e+05 2.283255e+05 2.283222e+05 2.283201e+05 2.283179e+05 2.283137e+05 2.283106e+05 2.283095e+05 2.283108e+05 2.283151e+05 2.283229e+05 2.283344e+05 2.284592e+05 2.287277e+05 2.291796e+05 2.298521e+05 2.308041e+05 2.321233e+05 2.362099e+05 2.424802e+05 2.507612e+05 2.606658e+05 2.719130e+05 2.844083e+05
2.292686e+05 2.292686e+05 2.292686e+05 2.292686e+05 2.292686e+05 2.292681e+05 2.292667e+05 2.292615e+05 2.292582e+05 2.292548e+05 2.292480e+05 2.292422e+05 2.292384e+05 2.292372e+05 2.292393e+05 2.292450e+05 2.292548e+05 2.293780e+05 2.296622e+05 2.301497e+05 2.308732e+05 2.318813e+05 2.332514e+05 2.374031e+05 2.437030e+05 2.520172e+05 2.619810e+05 2.733082e+05 2.858846e+05
2.301000e+05 2.301000e+05 2.301000e+05 2.301000e+05 2.301000e+05 2.301003e+05 2.301007e+05 2.301009e+05 2.301005e+05 2.300999e+05 2.300982e+05 2.300971e+05 2.300974e+05 2.301000e+05 2.301055e+05 2.301144e+05 2.301272e+05 2.302677e+05 2.305801e+05 2.311122e+05 2.318934e+05 2.329637e+05 2.343901e+05 2.386162e+05 2.449497e+05 2.532949e+05 2.633125e+05 2.747145e+05 2.873694e+05
2.308696e+05 2.308696e+05 2.308696e+05 2.308696e+05 2.308696e+05 2.308698e+05 2.308704e+05 2.308731e+05 2.308752e+05 2.308776e+05 2.308835e+05 2.308904e+05 2.308989e+05 2.309094e+05 2.309224e+05 2.309385e+05 2.309583e+05 2.311323e+05 2.314849e+05 2.320700e+05 2.329155e+05 2.340532e+05 2.355409e+05 2.398499e+05 2.462208e+05 2.545952e+05 2.646611e+05 2.761325e+05 2.888630e+05
2.315946e+05 2.315946e+05 2.315946e+05 2.315946e+05 2.315946e+05 2.315954e+05 2.315977e+05 2.316052e+05 2.316101e+05 2.316158e+05 2.316290e+05 2.316445e+05 2.316621e+05 2.316819e+05 2.317044e+05 2.317300e+05 2.317590e+05 2.319785e+05 2.323812e+05 2.330269e+05 2.339422e+05 2.351522e+05 2.367056e+05 2.411050e+05 2.475170e+05 2.559187e+05 2.660276e+05 2.775629e+05 2.903656e+05
2.323138e+05 2.323138e+05 2.323138e+05 2.323138e+05 2.323138e+05 2.323146e+05 2.323169e+05 2.323259e+05 2.323324e+05 2.323400e+05 2.323586e+05 2.323810e+05 2.324067e+05 2.324355e+05 2.324677e+05 2.325032e+05 2.325424e+05 2.328144e+05 2.332747e+05 2.339871e+05 2.349770e+05 2.362632e+05 2.378861e+05 2.423825e+05 2.488386e+05 2.572660e+05 2.674128e+05 2.790064e+05 2.918775e+05
2.330361e+05 2.330361e+05 2.330361e+05 2.330361e+05 2.330361e+05 2.330371e+05 2.330399e+05 2.330503e+05 2.330579e+05 2.330669e+05 2.330893e+05 2.331170e+05 2.331494e+05 2.331863e+05 2.332273e+05 2.332724e+05 2.333217e+05 2.336490e+05 2.341718e+05 2.349553e+05 2.360235e+05 2.373889e+05 2.390842e+05 2.436831e+05 2.501862e+05 2.586376e+05 2.688174e+05 2.804636e+05 2.933991e+05
2.337732e+05 2.337732e+05 2.337732e+05 2.337732e+05 2.337732e+05 2.337742e+05 2.337770e+05 2.337882e+05 2.337967e+05 2.338070e+05 2.338329e+05 2.338653e+05 2.339036e+05 2.339474e+05 2.339963e+05 2.340502e+05 2.341090e+05 2.344914e+05 2.350791e+05 2.359366e+05 2.370854e+05 2.385323e+05 2.403021e+05 2.450078e+05 2.515603e+05 2.600342e+05 2.702421e+05 2.819352e+05 2.949308e+05
2.345286e+05 2.345286e+05 2.345286e+05 2.345286e+05 2.345286e+05 2.345299e+05 2.345337e+05 2.345479e+05 2.345580e+05 2.345701e+05 2.345999e+05 2.346367e+05 2.346802e+05 2.347300e+05 2.347858e+05 2.348474e+05 2.349148e+05 2.353502e+05 2.360032e+05 2.369360e+05 2.381666e+05 2.396961e+05 2.415418e+05 2.463577e+05 2.529613e+05 2.614561e+05 2.716874e+05 2.834217e+05 2.964729e+05
2.353244e+05 2.353244e+05 2.353244e+05 2.353244e+05 2.353245e+05 2.353258e+05 2.353297e+05 2.353447e+05 2.353557e+05 2.353688e+05 2.354010e+05 2.354410e+05 2.354885e+05 2.355431e+05 2.356047e+05 2.356731e+05 2.357482e+05 2.362334e+05 2.369508e+05 2.379585e+05 2.392710e+05 2.408832e+05 2.428055e+05 2.477336e+05 2.543897e+05 2.629038e+05 2.731539e+05 2.849237e+05 2.980259e+05
2.361662e+05 2.361662e+05 2.361662e+05 2.361663e+05 2.361663e+05 2.361675e+05 2.361712e+05 2.361859e+05 2.361967e+05 2.362099e+05 2.362428e+05 2.362846e+05 2.363349e+05 2.363935e+05 2.364601e+05 2.365345e+05 2.366165e+05 2.371485e+05 2.379279e+05 2.390090e+05 2.404023e+05 2.420966e+05 2.440952e+05 2.491365e+05 2.558459e+05 2.643775e+05 2.746421e+05 2.864419e+05 2.995901e+05
2.370494e+05 2.370494e+05 2.370494e+05 2.370494e+05 2.370494e+05 2.370506e+05 2.370543e+05 2.370687e+05 2.370796e+05 2.370929e+05 2.371268e+05 2.371704e+05 2.372236e+05 2.372860e+05 2.373574e+05 2.374376e+05 2.375262e+05 2.381019e+05 2.389401e+05 2.400920e+05 2.415639e+05 2.433389e+05 2.454129e+05 2.505673e+05 2.573302e+05 2.658776e+05 2.761524e+05 2.879766e+05 3.011659e+05
2.379707e+05 2.379707e+05 2.379707e+05 2.379707e+05 2.379707e+05 2.379720e+05 2.379760e+05 2.379921e+05 2.380039e+05 2.380184e+05 2.380549e+05 2.381017e+05 2.381587e+05 2.382255e+05 2.383020e+05 2.383879e+05 2.384829e+05 2.390994e+05 2.399925e+05 2.412116e+05 2.427592e+05 2.446125e+05 2.467605e+05 2.520269e+05 2.588429e+05 2.674043e+05 2.776851e+05 2.895284e+05 3.027538e+05
2.389408e+05 2.389408e+05 2.389408e+05 2.389409e+05 2.389409e+05 2.389424e+05 2.389470e+05 2.389648e+05 2.389779e+05 2.389938e+05 2.390338e+05 2.390845e+05 2.391459e+05 2.392176e+05 2.392994e+05 2.393910e+05 2.394921e+05 2.401460e+05 2.410894e+05 2.423715e+05 2.439912e+05 2.459198e+05 2.481396e+05 2.535158e+05 2.603843e+05 2.689577e+05 2.792407e+05 2.910977e+05 3.043542e+05
2.399723e+05 2.399723e+05 2.399723e+05 2.399723e+05 2.399724e+05 2.399738e+05 2.399785e+05 2.399973e+05 2.400114e+05 2.400285e+05 2.400717e+05 2.401265e+05 2.401923e+05 2.402688e+05 2.403556e+05 2.404525e+05 2.405592e+05 2.412462e+05 2.422346e+05 2.435747e+05 2.452623e+05 2.472628e+05 2.495517e+05 2.550350e+05 2.619545e+05 2.705380e+05 2.808192e+05 2.926848e+05 3.059674e+05
2.410685e+05 2.410685e+05 2.410685e+05 2.410685e+05 2.410686e+05 2.410703e+05 2.410758e+05 2.410968e+05 2.411121e+05 2.411307e+05 2.411769e+05 2.412351e+05 2.413047e+05 2.413852e+05 2.414763e+05 2.415775e+05 2.416888e+05 2.424034e+05 2.434311e+05 2.448240e+05 2.465747e+05 2.486432e+05 2.509981e+05 2.565848e+05 2.635537e+05 2.721452e+05 2.824209e+05 2.942901e+05 3.075938e+05
2.422448e+05 2.422448e+05 2.422448e+05 2.422448e+05 2.422448e+05 2.422466e+05 2.422520e+05 2.422733e+05 2.422891e+05 2.423082e+05 2.423562e+05 2.424165e+05 2.424885e+05 2.425717e+05 2.426656e+05 2.427700e+05 2.428845e+05 2.436201e+05 2.446812e+05 2.461213e+05 2.479303e+05 2.500625e+05 2.524801e+05 2.581658e+05 2.651819e+05 2.737792e+05 2.840459e+05 2.959140e+05 3.092337e+05
2.434997e+05 2.434997e+05 2.434997e+05 2.434997e+05 2.434998e+05 2.435016e+05 2.435071e+05 2.435287e+05 2.435446e+05 2.435640e+05 2.436125e+05 2.436735e+05 2.437465e+05 2.438308e+05 2.439259e+05 2.440317e+05 2.441480e+05 2.448979e+05 2.459863e+05 2.474682e+05 2.493304e+05 2.515219e+05 2.539983e+05 2.597782e+05 2.668392e+05 2.754399e+05 2.856942e+05 2.975565e+05 3.108875e+05
