4.559681e+06 2.208990e+06 1.667483e+06 1.094629e+06 1.041221e+06 1.067364e+06 1.067990e+06 1.016300e+06 9.917097e+05 9.713580e+05 9.432605e+05 9.292554e+05 9.259775e+05 9.306645e+05 9.408427e+05 9.536730e+05 9.652908e+05 8.282701e+05 4.568863e+05 2.632904e+05 1.860332e+05 1.530740e+05 1.383977e+05 1.306323e+05 1.334677e+05 1.395281e+05 1.464437e+05 1.534986e+05 1.606336e+05
1.066008e+06 1.066028e+06 1.066082e+06 1.066861e+06 1.065755e+06 1.072654e+06 1.061257e+06 1.008282e+06 9.845783e+05 9.652409e+05 9.390328e+05 9.265568e+05 9.244745e+05 9.300916e+05 9.409879e+05 9.543569e+05 9.663499e+05 8.291191e+05 4.567515e+05 2.630042e+05 1.858189e+05 1.529439e+05 1.383333e+05 1.306492e+05 1.335243e+05 1.396022e+05 1.465236e+05 1.535790e+05 1.607126e+05
1.089844e+06 1.089847e+06 1.089855e+06 1.089969e+06 1.089776e+06 1.080272e+06 1.047599e+06 9.962173e+05 9.749235e+05 9.574865e+05 9.340763e+05 9.235425e+05 9.228650e+05 9.295246e+05 9.412001e+05 9.551391e+05 9.675197e+05 8.300165e+05 4.566139e+05 2.627113e+05 1.856007e+05 1.528122e+05 1.382685e+05 1.306668e+05 1.335817e+05 1.396771e+05 1.466043e+05 1.536600e+05 1.607921e+05
1.068434e+06 1.068435e+06 1.068437e+06 1.068463e+06 1.068358e+06 1.052566e+06 1.039106e+06 9.807528e+05 9.628164e+05 9.481038e+05 9.284101e+05 9.202362e+05 9.211705e+05 9.289811e+05 9.414934e+05 9.560308e+05 9.688092e+05 8.309636e+05 4.564735e+05 2.624117e+05 1.853788e+05 1.526789e+05 1.382035e+05 1.306851e+05 1.336401e+05 1.397528e+05 1.466857e+05 1.537416e+05 1.608721e+05
1.035561e+06 1.035561e+06 1.035562e+06 1.035576e+06 1.035554e+06 1.025234e+06 1.014231e+06 9.670090e+05 9.495769e+05 9.375417e+05 9.221357e+05 9.166833e+05 9.194191e+05 9.284809e+05 9.418824e+05 9.570430e+05 9.702266e+05 8.319617e+05 4.563302e+05 2.621054e+05 1.851531e+05 1.525441e+05 1.381381e+05 1.307041e+05 1.336994e+05 1.398294e+05 1.467679e+05 1.538239e+05 1.609526e+05
1.003777e+06 1.003777e+06 1.003778e+06 1.003790e+06 1.003778e+06 9.979163e+05 9.848633e+05 9.573652e+05 9.388342e+05 9.270603e+05 9.155102e+05 9.129690e+05 9.176509e+05 9.280476e+05 9.423828e+05 9.581869e+05 9.717798e+05 8.330117e+05 4.561839e+05 2.617924e+05 1.849236e+05 1.524077e+05 1.380725e+05 1.307240e+05 1.337597e+05 1.399069e+05 1.468508e+05 1.539067e+05 1.610336e+05
9.750080e+05 9.750082e+05 9.750087e+05 9.750192e+05 9.750248e+05 9.718408e+05 9.595823e+05 9.462716e+05 9.313937e+05 9.191783e+05 9.090297e+05 9.092438e+05 9.159268e+05 9.277118e+05 9.430125e+05 9.594739e+05 9.734767e+05 8.341144e+05 4.560345e+05 2.614726e+05 1.846904e+05 1.522699e+05 1.380067e+05 1.307446e+05 1.338209e+05 1.399852e+05 1.469343e+05 1.539901e+05 1.611150e+05
9.498967e+05 9.498968e+05 9.498973e+05 9.499080e+05 9.499238e+05 9.483251e+05 9.388434e+05 9.325625e+05 9.240357e+05 9.139964e+05 9.035306e+05 9.057509e+05 9.143391e+05 9.275158e+05 9.437940e+05 9.609173e+05 9.753257e+05 8.352702e+05 4.558818e+05 2.611460e+05 1.844535e+05 1.521306e+05 1.379407e+05 1.307659e+05 1.338831e+05 1.400644e+05 1.470187e+05 1.540741e+05 1.611970e+05
9.286922e+05 9.286924e+05 9.286929e+05 9.287061e+05 9.287357e+05 9.281537e+05 9.216852e+05 9.179465e+05 9.155582e+05 9.094979e+05 9.002933e+05 9.028546e+05 9.130225e+05 9.275183e+05 9.447564e+05 9.625331e+05 9.773359e+05 8.364793e+05 4.557255e+05 2.608125e+05 1.842129e+05 1.519898e+05 1.378746e+05 1.307882e+05 1.339462e+05 1.401445e+05 1.471037e+05 1.541587e+05 1.612794e+05
9.115787e+05 9.115788e+05 9.115794e+05 9.115924e+05 9.116227e+05 9.115255e+05 9.074951e+05 9.044463e+05 9.063086e+05 9.047223e+05 8.989568e+05 9.011039e+05 9.121662e+05 9.278006e+05 9.459386e+05 9.643413e+05 9.795185e+05 8.377418e+05 4.555653e+05 2.604721e+05 1.839687e+05 1.518477e+05 1.378083e+05 1.308112e+05 1.340104e+05 1.402255e+05 1.471895e+05 1.542438e+05 1.613624e+05
8.978537e+05 8.978538e+05 8.978543e+05 8.978668e+05 8.978986e+05 8.981417e+05 8.959462e+05 8.932381e+05 8.972930e+05 8.995422e+05 8.985889e+05 9.011879e+05 9.120306e+05 9.284714e+05 9.473920e+05 9.663682e+05 9.818874e+05 8.390576e+05 4.554010e+05 2.601248e+05 1.837208e+05 1.517043e+05 1.377419e+05 1.308351e+05 1.340755e+05 1.403074e+05 1.472760e+05 1.543296e+05 1.614458e+05
8.692944e+05 8.692945e+05 8.692949e+05 8.693062e+05 8.693390e+05 8.701202e+05 8.715667e+05 8.732780e+05 8.765460e+05 8.830770e+05 9.001510e+05 9.149228e+05 9.282984e+05 9.437195e+05 9.619646e+05 9.813572e+05 9.973454e+05 8.464374e+05 4.545034e+05 2.582817e+05 1.824277e+05 1.509681e+05 1.374097e+05 1.309682e+05 1.344163e+05 1.407302e+05 1.477197e+05 1.547675e+05 1.618703e+05
8.847982e+05 8.847983e+05 8.847986e+05 8.848079e+05 8.848353e+05 8.855819e+05 8.874581e+05 8.922275e+05 8.950525e+05 8.993951e+05 9.148462e+05 9.359605e+05 9.570902e+05 9.764963e+05 9.946577e+05 1.011141e+06 1.023334e+06 8.552377e+05 4.534421e+05 2.562565e+05 1.810483e+05 1.502041e+05 1.370801e+05 1.311253e+05 1.347833e+05 1.411757e+05 1.481818e+05 1.552202e+05 1.623070e+05
9.241665e+05 9.241666e+05 9.241668e+05 9.241743e+05 9.241970e+05 9.248450e+05 9.266096e+05 9.320862e+05 9.353114e+05 9.390567e+05 9.504380e+05 9.687165e+05 9.914291e+05 1.014571e+06 1.035378e+06 1.051935e+06 1.061619e+06 8.659565e+05 4.521847e+05 2.540455e+05 1.795880e+05 1.494181e+05 1.367577e+05 1.313089e+05 1.351774e+05 1.416443e+05 1.486625e+05 1.556877e+05 1.627558e+05
9.770331e+05 9.770331e+05 9.770333e+05 9.770396e+05 9.770587e+05 9.776181e+05 9.791982e+05 9.845375e+05 9.879224e+05 9.916666e+05 1.001130e+06 1.015417e+06 1.034989e+06 1.057377e+06 1.078927e+06 1.095915e+06 1.104400e+06 8.800517e+05 4.507604e+05 2.516559e+05 1.780561e+05 1.486174e+05 1.364473e+05 1.315210e+05 1.355994e+05 1.421362e+05 1.491616e+05 1.561697e+05 1.632165e+05
1.038134e+06 1.038134e+06 1.038134e+06 1.038140e+06 1.038156e+06 1.038650e+06 1.040077e+06 1.045136e+06 1.048506e+06 1.052285e+06 1.061121e+06 1.072768e+06 1.088311e+06 1.106912e+06 1.125784e+06 1.140885e+06 1.147326e+06 8.965486e+05 4.493239e+05 2.491143e+05 1.764670e+05 1.478109e+05 1.361547e+05 1.317638e+05 1.360502e+05 1.426516e+05 1.496791e+05 1.566661e+05 1.636888e+05
1.105130e+06 1.105130e+06 1.105130e+06 1.105135e+06 1.105150e+06 1.105598e+06 1.106915e+06 1.111712e+06 1.115000e+06 1.118749e+06 1.127292e+06 1.137227e+06 1.149052e+06 1.162636e+06 1.176309e+06 1.186689e+06 1.188865e+06 9.121192e+05 4.482251e+05 2.464769e+05 1.748437e+05 1.470107e+05 1.358866e+05 1.320398e+05 1.365303e+05 1.431904e+05 1.502146e+05 1.571766e+05 1.641726e+05
1.176969e+06 1.176969e+06 1.176969e+06 1.176973e+06 1.176987e+06 1.177406e+06 1.178644e+06 1.183216e+06 1.186395e+06 1.190020e+06 1.197970e+06 1.206013e+06 1.213898e+06 1.221682e+06 1.228559e+06 1.232056e+06 1.227792e+06 9.241897e+05 4.469880e+05 2.438491e+05 1.732194e+05 1.462323e+05 1.356513e+05 1.323513e+05 1.370405e+05 1.437526e+05 1.507680e+05 1.577008e+05 1.646674e+05
1.253172e+06 1.253173e+06 1.253173e+06 1.253177e+06 1.253190e+06 1.253587e+06 1.254771e+06 1.259157e+06 1.262111e+06 1.265292e+06 1.271362e+06 1.275875e+06 1.278422e+06 1.279281e+06 1.278262e+06 1.273637e+06 1.261632e+06 9.309896e+05 4.448688e+05 2.413746e+05 1.716419e+05 1.454960e+05 1.354585e+05 1.327010e+05 1.375812e+05 1.443380e+05 1.513387e+05 1.582384e+05 1.651731e+05
1.333803e+06 1.333804e+06 1.333804e+06 1.333808e+06 1.333820e+06 1.334202e+06 1.335339e+06 1.338971e+06 1.340745e+06 1.342083e+06 1.342814e+06 1.340580e+06 1.335609e+06 1.328456e+06 1.319172e+06 1.306360e+06 1.286614e+06 9.315130e+05 4.413614e+05 2.389057e+05 1.701834e+05 1.448276e+05 1.353206e+05 1.330920e+05 1.381531e+05 1.449464e+05 1.519265e+05 1.587889e+05 1.656892e+05
1.419018e+06 1.419018e+06 1.419019e+06 1.419022e+06 1.419033e+06 1.419064e+06 1.418541e+06 1.415113e+06 1.412208e+06 1.408576e+06 1.399403e+06 1.388070e+06 1.374973e+06 1.360407e+06 1.344141e+06 1.324672e+06 1.298680e+06 9.253800e+05 4.361868e+05 2.362907e+05 1.689097e+05 1.442606e+05 1.352525e+05 1.335281e+05 1.387567e+05 1.455776e+05 1.525308e+05 1.593518e+05 1.662153e+05
1.463164e+06 1.463164e+06 1.463164e+06 1.463158e+06 1.463139e+06 1.462455e+06 1.459795e+06 1.449493e+06 1.442863e+06 1.435669e+06 1.420166e+06 1.403592e+06 1.386110e+06 1.367669e+06 1.347723e+06 1.324614e+06 1.295057e+06 9.127318e+05 4.292931e+05 2.334400e+05 1.677572e+05 1.438447e+05 1.352724e+05 1.340136e+05 1.393931e+05 1.462313e+05 1.531511e+05 1.599266e+05 1.667510e+05
1.425919e+06 1.425919e+06 1.425919e+06 1.425916e+06 1.425906e+06 1.425587e+06 1.424416e+06 1.418886e+06 1.414631e+06 1.409530e+06 1.397246e+06 1.382790e+06 1.366634e+06 1.348911e+06 1.329142e+06 1.305731e+06 1.275538e+06 8.941649e+05 4.208178e+05 2.303153e+05 1.666772e+05 1.436061e+05 1.354039e+05 1.345537e+05 1.400631e+05 1.469074e+05 1.537869e+05 1.605129e+05 1.672958e+05
1.359308e+06 1.359308e+06 1.359308e+06 1.359307e+06 1.359305e+06 1.359237e+06 1.358970e+06 1.357344e+06 1.355681e+06 1.353306e+06 1.346319e+06 1.336532e+06 1.324300e+06 1.309795e+06 1.292588e+06 1.271158e+06 1.242506e+06 8.706397e+05 4.110288e+05 2.269249e+05 1.656391e+05 1.435069e+05 1.356822e+05 1.351546e+05 1.407680e+05 1.476056e+05 1.544377e+05 1.611099e+05 1.678494e+05
1.294771e+06 1.294771e+06 1.294771e+06 1.294770e+06 1.294770e+06 1.294729e+06 1.294481e+06 1.293033e+06 1.291790e+06 1.290142e+06 1.285432e+06 1.278637e+06 1.269688e+06 1.258461e+06 1.244354e+06 1.225769e+06 1.199743e+06 8.433320e+05 4.002604e+05 2.233152e+05 1.646262e+05 1.435207e+05 1.361129e+05 1.358239e+05 1.415096e+05 1.483261e+05 1.551029e+05 1.617173e+05 1.684112e+05
1.230834e+06 1.230834e+06 1.230834e+06 1.230833e+06 1.230830e+06 1.230723e+06 1.230319e+06 1.228611e+06 1.227362e+06 1.225855e+06 1.221978e+06 1.216757e+06 1.209970e+06 1.201287e+06 1.189923e+06 1.174168e+06 1.151044e+06 8.134635e+05 3.888611e+05 2.195578e+05 1.636338e+05 1.436282e+05 1.366688e+05 1.365714e+05 1.422899e+05 1.490687e+05 1.557821e+05 1.623344e+05 1.689809e+05
1.164785e+06 1.164785e+06 1.164785e+06 1.164784e+06 1.164780e+06 1.164660e+06 1.164328e+06 1.163123e+06 1.162211e+06 1.161074e+06 1.158092e+06 1.154087e+06 1.148899e+06 1.142176e+06 1.133071e+06 1.119832e+06 1.099488e+06 7.821642e+05 3.771562e+05 2.157368e+05 1.626676e+05 1.438145e+05 1.373311e+05 1.374106e+05 1.431115e+05 1.498340e+05 1.564750e+05 1.629608e+05 1.695579e+05
1.100239e+06 1.100239e+06 1.100239e+06 1.100239e+06 1.100238e+06 1.100193e+06 1.100036e+06 1.099262e+06 1.098616e+06 1.097791e+06 1.095587e+06 1.092591e+06 1.088678e+06 1.083512e+06 1.076252e+06 1.065160e+06 1.047325e+06 7.503928e+05 3.654272e+05 2.119370e+05 1.617409e+05 1.440693e+05 1.380840e+05 1.383597e+05 1.439780e+05 1.506223e+05 1.571812e+05 1.635960e+05 1.701419e+05
1.039438e+06 1.039438e+06 1.039438e+06 1.039437e+06 1.039435e+06 1.039375e+06 1.039202e+06 1.038546e+06 1.038057e+06 1.037451e+06 1.035848e+06 1.033658e+06 1.030760e+06 1.026832e+06 1.021063e+06 1.011766e+06 9.961198e+05 7.189098e+05 3.539027e+05 2.082364e+05 1.608721e+05 1.443863e+05 1.389142e+05 1.394068e+05 1.448936e+05 1.514346e+05 1.579007e+05 1.642397e+05 1.707324e+05
9.819520e+05 9.819520e+05 9.819520e+05 9.819518e+05 9.819512e+05 9.819305e+05 9.818569e+05 9.815039e+05 9.812031e+05 9.808093e+05 9.797180e+05 9.781727e+05 9.760684e+05 9.731098e+05 9.685241e+05 9.606967e+05 9.469178e+05 6.882843e+05 3.427586e+05 2.047005e+05 1.600812e+05 1.447624e+05 1.398099e+05 1.405357e+05 1.458645e+05 1.522720e+05 1.586334e+05 1.648914e+05 1.713292e+05
9.292529e+05 9.292529e+05 9.292529e+05 9.292528e+05 9.292524e+05 9.292372e+05 9.291837e+05 9.289400e+05 9.287380e+05 9.284733e+05 9.277278e+05 9.266451e+05 9.251270e+05 9.228982e+05 9.192279e+05 9.125793e+05 9.003638e+05 6.589163e+05 3.321224e+05 2.013812e+05 1.593880e+05 1.451974e+05 1.407616e+05 1.417337e+05 1.469009e+05 1.531362e+05 1.593794e+05 1.655510e+05 1.719319e+05
8.810641e+05 8.810641e+05 8.810641e+05 8.810640e+05 8.810637e+05 8.810542e+05 8.810192e+05 8.808515e+05 8.807101e+05 8.805242e+05 8.799983e+05 8.792260e+05 8.781190e+05 8.764205e+05 8.734409e+05 8.677221e+05 8.567994e+05 6.310641e+05 3.220795e+05 1.983158e+05 1.588096e+05 1.456928e+05 1.417614e+05 1.429894e+05 1.480083e+05 1.540295e+05 1.601393e+05 1.662184e+05 1.725404e+05
8.371167e+05 8.371167e+05 8.371167e+05 8.371167e+05 8.371165e+05 8.371102e+05 8.370868e+05 8.369711e+05 8.368714e+05 8.367389e+05 8.363603e+05 8.357981e+05 8.349760e+05 8.336569e+05 8.311923e+05 8.262015e+05 8.163427e+05 6.048728e+05 3.126813e+05 1.955287e+05 1.583600e+05 1.462514e+05 1.428034e+05 1.442918e+05 1.491732e+05 1.549549e+05 1.609136e+05 1.668935e+05 1.731544e+05
7.970740e+05 7.970740e+05 7.970740e+05 7.970740e+05 7.970739e+05 7.970702e+05 7.970545e+05 7.969730e+05 7.969015e+05 7.968054e+05 7.965273e+05 7.961093e+05 7.954857e+05 7.944382e+05 7.923579e+05 7.879388e+05 7.789580e+05 5.804009e+05 3.039516e+05 1.930332e+05 1.580490e+05 1.468758e+05 1.438830e+05 1.456308e+05 1.503850e+05 1.559174e+05 1.617033e+05 1.675766e+05 1.737740e+05
7.605698e+05 7.605698e+05 7.605698e+05 7.605698e+05 7.605698e+05 7.605677e+05 7.605582e+05 7.605031e+05 7.604516e+05 7.603809e+05 7.601717e+05 7.598531e+05 7.593690e+05 7.585183e+05 7.567283e+05 7.527634e+05 7.445141e+05 5.576442e+05 2.958935e+05 1.908332e+05 1.578823e+05 1.475684e+05 1.449967e+05 1.469972e+05 1.516346e+05 1.569249e+05 1.625099e+05 1.682680e+05 1.743992e+05
7.272754e+05 7.272754e+05 7.272754e+05 7.272754e+05 7.272754e+05 7.272741e+05 7.272665e+05 7.272213e+05 7.271796e+05 7.271230e+05 7.269577e+05 7.267081e+05 7.263248e+05 7.256206e+05 7.240554e+05 7.204586e+05 7.128273e+05 5.365550e+05 2.884946e+05 1.889255e+05 1.578618e+05 1.483309e+05 1.461421e+05 1.483823e+05 1.529133e+05 1.579746e+05 1.633352e+05 1.689682e+05 1.750301e+05
6.968116e+05 6.968116e+05 6.968116e+05 6.968116e+05 6.968116e+05 6.968102e+05 6.968031e+05 6.967641e+05 6.967300e+05 6.966848e+05 6.965554e+05 6.963614e+05 6.960578e+05 6.954692e+05 6.940847e+05 6.907938e+05 6.836930e+05 5.170582e+05 2.817316e+05 1.873011e+05 1.579860e+05 1.491636e+05 1.473170e+05 1.497784e+05 1.542130e+05 1.590564e+05 1.641820e+05 1.696779e+05 1.756670e+05
6.688359e+05 6.688359e+05 6.688359e+05 6.688359e+05 6.688359e+05 6.688362e+05 6.688345e+05 6.688155e+05 6.687953e+05 6.687664e+05 6.686774e+05 6.685363e+05 6.683019e+05 6.678095e+05 6.665752e+05 6.635438e+05 6.569051e+05 4.990631e+05 2.755741e+05 1.859471e+05 1.582506e+05 1.500656e+05 1.485198e+05 1.511788e+05 1.555263e+05 1.601630e+05 1.650549e+05 1.703984e+05 1.763103e+05
6.431750e+05 6.431750e+05 6.431750e+05 6.431751e+05 6.431751e+05 6.431764e+05 6.431782e+05 6.431751e+05 6.431669e+05 6.431525e+05 6.430999e+05 6.430048e+05 6.428289e+05 6.424164e+05 6.413079e+05 6.384994e+05 6.322670e+05 4.824714e+05 2.699870e+05 1.848476e+05 1.586486e+05 1.510345e+05 1.497483e+05 1.525775e+05 1.568457e+05 1.612878e+05 1.659591e+05 1.711309e+05 1.769607e+05
6.196548e+05 6.196548e+05 6.196548e+05 6.196548e+05 6.196549e+05 6.196565e+05 6.196597e+05 6.196644e+05 6.196632e+05 6.196580e+05 6.196305e+05 6.195695e+05 6.194383e+05 6.190892e+05 6.180846e+05 6.154677e+05 6.095944e+05 4.671827e+05 2.649328e+05 1.839849e+05 1.591715e+05 1.520669e+05 1.510007e+05 1.539694e+05 1.581645e+05 1.624248e+05 1.668881e+05 1.718775e+05 1.776188e+05
5.980751e+05 5.980751e+05 5.980751e+05 5.980752e+05 5.980752e+05 5.980771e+05 5.980815e+05 5.980916e+05 5.980949e+05 5.980953e+05 5.980828e+05 5.980435e+05 5.979432e+05 5.976416e+05 5.967216e+05 5.942695e+05 5.887153e+05 4.530983e+05 2.603730e+05 1.833401e+05 1.598092e+05 1.531581e+05 1.522745e+05 1.553500e+05 1.594766e+05 1.635681e+05 1.678355e+05 1.726409e+05 1.782857e+05
5.782559e+05 5.782559e+05 5.782559e+05 5.782560e+05 5.782561e+05 5.782583e+05 5.782636e+05 5.782755e+05 5.782796e+05 5.782811e+05 5.782735e+05 5.782448e+05 5.781639e+05 5.778974e+05 5.770466e+05 5.747377e+05 5.694692e+05 4.401226e+05 2.562692e+05 1.828940e+05 1.605508e+05 1.543026e+05 1.535668e+05 1.567157e+05 1.607763e+05 1.647124e+05 1.687961e+05 1.734258e+05 1.789627e+05
5.600235e+05 5.600235e+05 5.600235e+05 5.600236e+05 5.600236e+05 5.600245e+05 5.600262e+05 5.600289e+05 5.600291e+05 5.600278e+05 5.600190e+05 5.599959e+05 5.599292e+05 5.596911e+05 5.588996e+05 5.567178e+05 5.517081e+05 4.281651e+05 2.525838e+05 1.826269e+05 1.613845e+05 1.554940e+05 1.548744e+05 1.580634e+05 1.620586e+05 1.658526e+05 1.697656e+05 1.742335e+05 1.796512e+05
5.431407e+05 5.431407e+05 5.431407e+05 5.431407e+05 5.431408e+05 5.431416e+05 5.431432e+05 5.431471e+05 5.431487e+05 5.431495e+05 5.431474e+05 5.431350e+05 5.430846e+05 5.428739e+05 5.421367e+05 5.400706e+05 5.352977e+05 4.171410e+05 2.492807e+05 1.825198e+05 1.622985e+05 1.567253e+05 1.561936e+05 1.593904e+05 1.633190e+05 1.669838e+05 1.707396e+05 1.750582e+05 1.803534e+05
5.274765e+05 5.274765e+05 5.274765e+05 5.274766e+05 5.274766e+05 5.274788e+05 5.274844e+05 5.275003e+05 5.275089e+05 5.275171e+05 5.275304e+05 5.275348e+05 5.275039e+05 5.273208e+05 5.266341e+05 5.246741e+05 5.201191e+05 4.069717e+05 2.463250e+05 1.825538e+05 1.632808e+05 1.579892e+05 1.575206e+05 1.606944e+05 1.645537e+05 1.681016e+05 1.717142e+05 1.758956e+05 1.810722e+05
5.129994e+05 5.129994e+05 5.129994e+05 5.129994e+05 5.129995e+05 5.130018e+05 5.130081e+05 5.130287e+05 5.130413e+05 5.130547e+05 5.130806e+05 5.130998e+05 5.130864e+05 5.129276e+05 5.122859e+05 5.104221e+05 5.060668e+05 3.975844e+05 2.436840e+05 1.827109e+05 1.643193e+05 1.592782e+05 1.588509e+05 1.619735e+05 1.657595e+05 1.692022e+05 1.726859e+05 1.767423e+05 1.818122e+05
4.996247e+05 4.996247e+05 4.996247e+05 4.996247e+05 4.996248e+05 4.996271e+05 4.996336e+05 4.996554e+05 4.996695e+05 4.996850e+05 4.997173e+05 4.997452e+05 4.997430e+05 4.996021e+05 4.989977e+05 4.972188e+05 4.930455e+05 3.889115e+05 2.413267e+05 1.829739e+05 1.654026e+05 1.605845e+05 1.601801e+05 1.632259e+05 1.669336e+05 1.702818e+05 1.736511e+05 1.775954e+05 1.825712e+05
4.872587e+05 4.872587e+05 4.872587e+05 4.872587e+05 4.872588e+05 4.872611e+05 4.872676e+05 4.872899e+05 4.873045e+05 4.873206e+05 4.873545e+05 4.873846e+05 4.873864e+05 4.872556e+05 4.866797e+05 4.849746e+05 4.809665e+05 3.808906e+05 2.392240e+05 1.833265e+05 1.665193e+05 1.619005e+05 1.615036e+05 1.644501e+05 1.680739e+05 1.713373e+05 1.746068e+05 1.784520e+05 1.833455e+05
4.758146e+05 4.758146e+05 4.758146e+05 4.758146e+05 4.758147e+05 4.758170e+05 4.758236e+05 4.758459e+05 4.758597e+05 4.758744e+05 4.759037e+05 4.759286e+05 4.759269e+05 4.757989e+05 4.752440e+05 4.736029e+05 4.697450e+05 3.734636e+05 2.373485e+05 1.837533e+05 1.676589e+05 1.632187e+05 1.628168e+05 1.656447e+05 1.691787e+05 1.723661e+05 1.755500e+05 1.793095e+05 1.841322e+05
4.652175e+05 4.652175e+05 4.652175e+05 4.652175e+05 4.652176e+05 4.652198e+05 4.652249e+05 4.652382e+05 4.652456e+05 4.652532e+05 4.652687e+05 4.652816e+05 4.652714e+05 4.651423e+05 4.646038e+05 4.630199e+05 4.593008e+05 3.665765e+05 2.356750e+05 1.842399e+05 1.688112e+05 1.645320e+05 1.641150e+05 1.668082e+05 1.702467e+05 1.733657e+05 1.764781e+05 1.801658e+05 1.849292e+05
4.553367e+05 4.553367e+05 4.553367e+05 4.553367e+05 4.553367e+05 4.553365e+05 4.553356e+05 4.553339e+05 4.553340e+05 4.553350e+05 4.553391e+05 4.553434e+05 4.553279e+05 4.551995e+05 4.546777e+05 4.531484e+05 4.495599e+05 3.601798e+05 2.341798e+05 1.847729e+05 1.699669e+05 1.658335e+05 1.653936e+05 1.679396e+05 1.712770e+05 1.743345e+05 1.773888e+05 1.810185e+05 1.857345e+05
4.459934e+05 4.459934e+05 4.459934e+05 4.459934e+05 4.459934e+05 4.459947e+05 4.459978e+05 4.460061e+05 4.460106e+05 4.460151e+05 4.460245e+05 4.460323e+05 4.460201e+05 4.458984e+05 4.453965e+05 4.439212e+05 4.404572e+05 3.542283e+05 2.328413e+05 1.853401e+05 1.711171e+05 1.671167e+05 1.666484e+05 1.690377e+05 1.722690e+05 1.752708e+05 1.782800e+05 1.818656e+05 1.865463e+05
4.372282e+05 4.372282e+05 4.372282e+05 4.372282e+05 4.372283e+05 4.372299e+05 4.372341e+05 4.372480e+05 4.372566e+05 4.372658e+05 4.372848e+05 4.373015e+05 4.372974e+05 4.371861e+05 4.367057e+05 4.352833e+05 4.319380e+05 3.486811e+05 2.316394e+05 1.859303e+05 1.722538e+05 1.683757e+05 1.678753e+05 1.701014e+05 1.732224e+05 1.761738e+05 1.791502e+05 1.827055e+05 1.873631e+05
4.290312e+05 4.290312e+05 4.290312e+05 4.290312e+05 4.290313e+05 4.290328e+05 4.290373e+05 4.290529e+05 4.290632e+05 4.290746e+05 4.290992e+05 4.291222e+05 4.291249e+05 4.290228e+05 4.285624e+05 4.271893e+05 4.239554e+05 3.435010e+05 2.305560e+05 1.865330e+05 1.733700e+05 1.696049e+05 1.690703e+05 1.711297e+05 1.741374e+05 1.770427e+05 1.799979e+05 1.835366e+05 1.881834e+05
4.213696e+05 4.213696e+05 4.213696e+05 4.213696e+05 4.213697e+05 4.213712e+05 4.213757e+05 4.213913e+05 4.214018e+05 4.214136e+05 4.214394e+05 4.214642e+05 4.214692e+05 4.213721e+05 4.209273e+05 4.195980e+05 4.164670e+05 3.386543e+05 2.295743e+05 1.871393e+05 1.744589e+05 1.707995e+05 1.702301e+05 1.721218e+05 1.750139e+05 1.778773e+05 1.808221e+05 1.843575e+05 1.890060e+05
4.142038e+05 4.142038e+05 4.142038e+05 4.142039e+05 4.142039e+05 4.142054e+05 4.142096e+05 4.142243e+05 4.142341e+05 4.142451e+05 4.142686e+05 4.142904e+05 4.142923e+05 4.141949e+05 4.137603e+05 4.124685e+05 4.094315e+05 3.341093e+05 2.286791e+05 1.877407e+05 1.755150e+05 1.719551e+05 1.713513e+05 1.730769e+05 1.758525e+05 1.786774e+05 1.816219e+05 1.851670e+05 1.898297e+05
4.074928e+05 4.074928e+05 4.074928e+05 4.074928e+05 4.074929e+05 4.074941e+05 4.074977e+05 4.075102e+05 4.075181e+05 4.075265e+05 4.075432e+05 4.075567e+05 4.075503e+05 4.074476e+05 4.070182e+05 4.057583e+05 4.028074e+05 3.298371e+05 2.278568e+05 1.883301e+05 1.765333e+05 1.730677e+05 1.724312e+05 1.739944e+05 1.766536e+05 1.794434e+05 1.823969e+05 1.859642e+05 1.906535e+05
4.011904e+05 4.011904e+05 4.011904e+05 4.011904e+05 4.011904e+05 4.011916e+05 4.011943e+05 4.012008e+05 4.012038e+05 4.012065e+05 4.012105e+05 4.012109e+05 4.011926e+05 4.010818e+05 4.006551e+05 3.994237e+05 3.965533e+05 3.258103e+05 2.270948e+05 1.889010e+05 1.775094e+05 1.741342e+05 1.734674e+05 1.748737e+05 1.774180e+05 1.801759e+05 1.831470e+05 1.867485e+05 1.914766e+05
3.952304e+05 3.952304e+05 3.952304e+05 3.952304e+05 3.952304e+05 3.952299e+05 3.952283e+05 3.952223e+05 3.952186e+05 3.952146e+05 3.952058e+05 3.951945e+05 3.951660e+05 3.950489e+05 3.946260e+05 3.934230e+05 3.906300e+05 3.220044e+05 2.263820e+05 1.894479e+05 1.784398e+05 1.751519e+05 1.744579e+05 1.757146e+05 1.781464e+05 1.808756e+05 1.838722e+05 1.875193e+05 1.922983e+05
3.894941e+05 3.894941e+05 3.894941e+05 3.894941e+05 3.894941e+05 3.894941e+05 3.894936e+05 3.894894e+05 3.894858e+05 3.894813e+05 3.894705e+05 3.894563e+05 3.894250e+05 3.893074e+05 3.888926e+05 3.877199e+05 3.850035e+05 3.183970e+05 2.257087e+05 1.899662e+05 1.793217e+05 1.761185e+05 1.754010e+05 1.765167e+05 1.788398e+05 1.815435e+05 1.845728e+05 1.882764e+05 1.931181e+05
3.839859e+05 3.839859e+05 3.839859e+05 3.839859e+05 3.839859e+05 3.839859e+05 3.839859e+05 3.839855e+05 3.839847e+05 3.839833e+05 3.839784e+05 3.839692e+05 3.839420e+05 3.838296e+05 3.834272e+05 3.822874e+05 3.796469e+05 3.149686e+05 2.250661e+05 1.904521e+05 1.801527e+05 1.770324e+05 1.762956e+05 1.772801e+05 1.794992e+05 1.821807e+05 1.852495e+05 1.890198e+05 1.939356e+05
3.787150e+05 3.787150e+05 3.787150e+05 3.787150e+05 3.787150e+05 3.787157e+05 3.787174e+05 3.787221e+05 3.787244e+05 3.787264e+05 3.787285e+05 3.787262e+05 3.787056e+05 3.786008e+05 3.782128e+05 3.771065e+05 3.745403e+05 3.117024e+05 2.244467e+05 1.909024e+05 1.809314e+05 1.778926e+05 1.771408e+05 1.780048e+05 1.801257e+05 1.827886e+05 1.859030e+05 1.897497e+05 1.947506e+05
3.737038e+05 3.737038e+05 3.737038e+05 3.737038e+05 3.737038e+05 3.737044e+05 3.737060e+05 3.737113e+05 3.737145e+05 3.737178e+05 3.737236e+05 3.737259e+05 3.737103e+05 3.736122e+05 3.732375e+05 3.721630e+05 3.696677e+05 3.085833e+05 2.238441e+05 1.913148e+05 1.816565e+05 1.786982e+05 1.779361e+05 1.786911e+05 1.807204e+05 1.833685e+05 1.865344e+05 1.904663e+05 1.955629e+05
3.689370e+05 3.689370e+05 3.689370e+05 3.689371e+05 3.689371e+05 3.689376e+05 3.689392e+05 3.689444e+05 3.689477e+05 3.689513e+05 3.689583e+05 3.689621e+05 3.689485e+05 3.688541e+05 3.684898e+05 3.674438e+05 3.650145e+05 3.055981e+05 2.232530e+05 1.916876e+05 1.823276e+05 1.794492e+05 1.786815e+05 1.793396e+05 1.812846e+05 1.839222e+05 1.871448e+05 1.911703e+05 1.963728e+05
3.643982e+05 3.643982e+05 3.643982e+05 3.643982e+05 3.643982e+05 3.643989e+05 3.644008e+05 3.644068e+05 3.644104e+05 3.644140e+05 3.644203e+05 3.644227e+05 3.644075e+05 3.643131e+05 3.639556e+05 3.629339e+05 3.605654e+05 3.027346e+05 2.226685e+05 1.920196e+05 1.829447e+05 1.801457e+05 1.793772e+05 1.799508e+05 1.818198e+05 1.844511e+05 1.877356e+05 1.918624e+05 1.971805e+05
3.600812e+05 3.600812e+05 3.600812e+05 3.600812e+05 3.600812e+05 3.600819e+05 3.600835e+05 3.600877e+05 3.600897e+05 3.600914e+05 3.600930e+05 3.600898e+05 3.600690e+05 3.599710e+05 3.596167e+05 3.586156e+05 3.563030e+05 2.999812e+05 2.220870e+05 1.923102e+05 1.835082e+05 1.807883e+05 1.800238e+05 1.805255e+05 1.823272e+05 1.849571e+05 1.883082e+05 1.925436e+05 1.979863e+05
3.559612e+05 3.559612e+05 3.559612e+05 3.559612e+05 3.559612e+05 3.559612e+05 3.559611e+05 3.559598e+05 3.559585e+05 3.559564e+05 3.559496e+05 3.559376e+05 3.559085e+05 3.558046e+05 3.554515e+05 3.544687e+05 3.522085e+05 2.973272e+05 2.215053e+05 1.925594e+05 1.840188e+05 1.813780e+05 1.806221e+05 1.810648e+05 1.828083e+05 1.854419e+05 1.888643e+05 1.932148e+05 1.987908e+05
3.519884e+05 3.519884e+05 3.519884e+05 3.519884e+05 3.519884e+05 3.519882e+05 3.519870e+05 3.519811e+05 3.519763e+05 3.519704e+05 3.519550e+05 3.519345e+05 3.518977e+05 3.517886e+05 3.514371e+05 3.504724e+05 3.482631e+05 2.947629e+05 2.209209e+05 1.927675e+05 1.844777e+05 1.819160e+05 1.811734e+05 1.815697e+05 1.832648e+05 1.859075e+05 1.894055e+05 1.938774e+05 1.995947e+05
3.481238e+05 3.481238e+05 3.481238e+05 3.481238e+05 3.481238e+05 3.481230e+05 3.481206e+05 3.481108e+05 3.481038e+05 3.480956e+05 3.480759e+05 3.480513e+05 3.480109e+05 3.479002e+05 3.475534e+05 3.466086e+05 3.444504e+05 2.922798e+05 2.203319e+05 1.929351e+05 1.848864e+05 1.824038e+05 1.816790e+05 1.820416e+05 1.836982e+05 1.863557e+05 1.899338e+05 1.945326e+05 2.003989e+05
3.443290e+05 3.443290e+05 3.443290e+05 3.443290e+05 3.443290e+05 3.443288e+05 3.443276e+05 3.443215e+05 3.443163e+05 3.443098e+05 3.442930e+05 3.442706e+05 3.442322e+05 3.441248e+05 3.437865e+05 3.428644e+05 3.407581e+05 2.898710e+05 2.197371e+05 1.930634e+05 1.852466e+05 1.828434e+05 1.821405e+05 1.824819e+05 1.841102e+05 1.867886e+05 1.904509e+05 1.951820e+05 2.012042e+05
3.406298e+05 3.406298e+05 3.406298e+05 3.406298e+05 3.406298e+05 3.406297e+05 3.406290e+05 3.406255e+05 3.406226e+05 3.406186e+05 3.406074e+05 3.405908e+05 3.405580e+05 3.404572e+05 3.401303e+05 3.392329e+05 3.371790e+05 2.875309e+05 2.191354e+05 1.931538e+05 1.855604e+05 1.832366e+05 1.825599e+05 1.828921e+05 1.845026e+05 1.872080e+05 1.909589e+05 1.958271e+05 2.020118e+05
3.370382e+05 3.370382e+05 3.370382e+05 3.370382e+05 3.370382e+05 3.370383e+05 3.370385e+05 3.370378e+05 3.370367e+05 3.370349e+05 3.370290e+05 3.370183e+05 3.369920e+05 3.368988e+05 3.365842e+05 3.357118e+05 3.337097e+05 2.852552e+05 2.185267e+05 1.932077e+05 1.858300e+05 1.835857e+05 1.829391e+05 1.832740e+05 1.848771e+05 1.876161e+05 1.914597e+05 1.964695e+05 2.028227e+05
3.335673e+05 3.335673e+05 3.335673e+05 3.335673e+05 3.335673e+05 3.335674e+05 3.335677e+05 3.335683e+05 3.335684e+05 3.335682e+05 3.335663e+05 3.335602e+05 3.335391e+05 3.334526e+05 3.331494e+05 3.323009e+05 3.303483e+05 2.830406e+05 2.179108e+05 1.932271e+05 1.860577e+05 1.838932e+05 1.832803e+05 1.836294e+05 1.852356e+05 1.880149e+05 1.919555e+05 1.971112e+05 2.036384e+05
3.302181e+05 3.302181e+05 3.302181e+05 3.302181e+05 3.302181e+05 3.302185e+05 3.302193e+05 3.302217e+05 3.302228e+05 3.302237e+05 3.302240e+05 3.302204e+05 3.302022e+05 3.301200e+05 3.298260e+05 3.289990e+05 3.270929e+05 2.808840e+05 2.172880e+05 1.932139e+05 1.862460e+05 1.841615e+05 1.835858e+05 1.839603e+05 1.855800e+05 1.884064e+05 1.924483e+05 1.977538e+05 2.044602e+05
3.269974e+05 3.269974e+05 3.269974e+05 3.269974e+05 3.269974e+05 3.269978e+05 3.269986e+05 3.270008e+05 3.270016e+05 3.270022e+05 3.270017e+05 3.269976e+05 3.269794e+05 3.268988e+05 3.266114e+05 3.258030e+05 3.239400e+05 2.787825e+05 2.166589e+05 1.931703e+05 1.863976e+05 1.843932e+05 1.838582e+05 1.842686e+05 1.859124e+05 1.887929e+05 1.929403e+05 1.983994e+05 2.052896e+05
3.238981e+05 3.238981e+05 3.238981e+05 3.238981e+05 3.238981e+05 3.238980e+05 3.238977e+05 3.238966e+05 3.238957e+05 3.238945e+05 3.238908e+05 3.238839e+05 3.238635e+05 3.237824e+05 3.234994e+05 3.227071e+05 3.208840e+05 2.767331e+05 2.160240e+05 1.930987e+05 1.865152e+05 1.845912e+05 1.841000e+05 1.845567e+05 1.862346e+05 1.891764e+05 1.934337e+05 1.990498e+05 2.061281e+05
3.208890e+05 3.208890e+05 3.208890e+05 3.208890e+05 3.208890e+05 3.208889e+05 3.208885e+05 3.208864e+05 3.208847e+05 3.208826e+05 3.208765e+05 3.208668e+05 3.208437e+05 3.207612e+05 3.204812e+05 3.197035e+05 3.179177e+05 2.747328e+05 2.153844e+05 1.930013e+05 1.866017e+05 1.847582e+05 1.843138e+05 1.848266e+05 1.865488e+05 1.895590e+05 1.939305e+05 1.997071e+05 2.069774e+05
3.179601e+05 3.179601e+05 3.179601e+05 3.179601e+05 3.179601e+05 3.179600e+05 3.179598e+05 3.179582e+05 3.179566e+05 3.179542e+05 3.179468e+05 3.179348e+05 3.179089e+05 3.178248e+05 3.175474e+05 3.167833e+05 3.150332e+05 2.727787e+05 2.147411e+05 1.928806e+05 1.866598e+05 1.848972e+05 1.845023e+05 1.850807e+05 1.868571e+05 1.899429e+05 1.944330e+05 2.003732e+05 2.078391e+05
3.151115e+05 3.151115e+05 3.151115e+05 3.151115e+05 3.151115e+05 3.151115e+05 3.151112e+05 3.151090e+05 3.151065e+05 3.151031e+05 3.150930e+05 3.150777e+05 3.150489e+05 3.149631e+05 3.146885e+05 3.139379e+05 3.122227e+05 2.708680e+05 2.140951e+05 1.927391e+05 1.866924e+05 1.850109e+05 1.846684e+05 1.853214e+05 1.871617e+05 1.903303e+05 1.949435e+05 2.010503e+05 2.087150e+05
3.123372e+05 3.123372e+05 3.123372e+05 3.123372e+05 3.123372e+05 3.123366e+05 3.123348e+05 3.123281e+05 3.123232e+05 3.123173e+05 3.123029e+05 3.122842e+05 3.122529e+05 3.121665e+05 3.118960e+05 3.111598e+05 3.094797e+05 2.689988e+05 2.134478e+05 1.925793e+05 1.867026e+05 1.851025e+05 1.848149e+05 1.855511e+05 1.874647e+05 1.907234e+05 1.954641e+05 2.017405e+05 2.096069e+05
3.095994e+05 3.095994e+05 3.095994e+05 3.095994e+05 3.095993e+05 3.095987e+05 3.095967e+05 3.095887e+05 3.095831e+05 3.095766e+05 3.095613e+05 3.095425e+05 3.095119e+05 3.094278e+05 3.091636e+05 3.084437e+05 3.067995e+05 2.671697e+05 2.128006e+05 1.924038e+05 1.866931e+05 1.851749e+05 1.849446e+05 1.857724e+05 1.877685e+05 1.911243e+05 1.959969e+05 2.024458e+05 2.105166e+05
3.068852e+05 3.068852e+05 3.068852e+05 3.068852e+05 3.068852e+05 3.068852e+05 3.068846e+05 3.068811e+05 3.068779e+05 3.068739e+05 3.068634e+05 3.068493e+05 3.068234e+05 3.067449e+05 3.064897e+05 3.057878e+05 3.041805e+05 2.653801e+05 2.121551e+05 1.922151e+05 1.866669e+05 1.852310e+05 1.850605e+05 1.859877e+05 1.880752e+05 1.915353e+05 1.965444e+05 2.031684e+05 2.114460e+05
3.042276e+05 3.042276e+05 3.042276e+05 3.042276e+05 3.042276e+05 3.042276e+05 3.042275e+05 3.042267e+05 3.042257e+05 3.042243e+05 3.042199e+05 3.042123e+05 3.041930e+05 3.041218e+05 3.038770e+05 3.031942e+05 3.016238e+05 2.636300e+05 2.115127e+05 1.920158e+05 1.866269e+05 1.852740e+05 1.851656e+05 1.861997e+05 1.883872e+05 1.919585e+05 1.971085e+05 2.039105e+05 2.123970e+05
3.016411e+05 3.016411e+05 3.016411e+05 3.016411e+05 3.016411e+05 3.016412e+05 3.016417e+05 3.016431e+05 3.016439e+05 3.016447e+05 3.016454e+05 3.016434e+05 3.016301e+05 3.015657e+05 3.013309e+05 3.006665e+05 2.991320e+05 2.619199e+05 2.108752e+05 1.918083e+05 1.865761e+05 1.853068e+05 1.852628e+05 1.864111e+05 1.887068e+05 1.923962e+05 1.976916e+05 2.046740e+05 2.133715e+05
2.991377e+05 2.991377e+05 2.991377e+05 2.991377e+05 2.991377e+05 2.991381e+05 2.991392e+05 2.991429e+05 2.991452e+05 2.991473e+05 2.991510e+05 2.991522e+05 2.991424e+05 2.990827e+05 2.988561e+05 2.982083e+05 2.967076e+05 2.602502e+05 2.102441e+05 1.915953e+05 1.865174e+05 1.853325e+05 1.853551e+05 1.866245e+05 1.890365e+05 1.928507e+05 1.982958e+05 2.054612e+05 2.143715e+05
2.967315e+05 2.967315e+05 2.967315e+05 2.967315e+05 2.967315e+05 2.967319e+05 2.967329e+05 2.967356e+05 2.967371e+05 2.967386e+05 2.967412e+05 2.967420e+05 2.967327e+05 2.966751e+05 2.964543e+05 2.958208e+05 2.943515e+05 2.586211e+05 2.096210e+05 1.913793e+05 1.864538e+05 1.853542e+05 1.854456e+05 1.868426e+05 1.893785e+05 1.933241e+05 1.989234e+05 2.062743e+05 2.153988e+05
2.944106e+05 2.944106e+05 2.944106e+05 2.944106e+05 2.944106e+05 2.944106e+05 2.944104e+05 2.944101e+05 2.944099e+05 2.944097e+05 2.944094e+05 2.944081e+05 2.943976e+05 2.943403e+05 2.941236e+05 2.935026e+05 2.920624e+05 2.570324e+05 2.090076e+05 1.911629e+05 1.863881e+05 1.853748e+05 1.855372e+05 1.870681e+05 1.897354e+05 1.938187e+05 1.995764e+05 2.071152e+05 2.164556e+05
2.921475e+05 2.921475e+05 2.921475e+05 2.921475e+05 2.921475e+05 2.921475e+05 2.921473e+05 2.921466e+05 2.921462e+05 2.921456e+05 2.921443e+05 2.921418e+05 2.921304e+05 2.920733e+05 2.918599e+05 2.912504e+05 2.898376e+05 2.554837e+05 2.084055e+05 1.909485e+05 1.863234e+05 1.853976e+05 1.856330e+05 1.873038e+05 1.901094e+05 1.943368e+05 2.002572e+05 2.079862e+05 2.175436e+05
2.899385e+05 2.899385e+05 2.899385e+05 2.899385e+05 2.899385e+05 2.899387e+05 2.899391e+05 2.899399e+05 2.899402e+05 2.899403e+05 2.899398e+05 2.899375e+05 2.899258e+05 2.898691e+05 2.896590e+05 2.890604e+05 2.876738e+05 2.539741e+05 2.078162e+05 1.907390e+05 1.862626e+05 1.854256e+05 1.857361e+05 1.875526e+05 1.905032e+05 1.948805e+05 2.009678e+05 2.088893e+05 2.186649e+05
