5.221444e+03 3.289992e+03 2.586567e+03 1.448935e+03 1.177811e+03 6.462276e+02 4.910502e+02 3.929072e+02 3.753313e+02 3.711012e+02 4.048797e+02 4.928364e+02 6.193587e+02 7.651752e+02 9.156684e+02 1.062475e+03 1.202145e+03 1.784798e+03 1.929469e+03 1.635861e+03 1.397881e+03 1.279231e+03 1.236168e+03 1.293633e+03 1.520467e+03 1.947734e+03 2.624285e+03 3.598417e+03 4.911429e+03
6.316992e+02 6.316969e+02 6.316842e+02 6.307119e+02 6.256068e+02 5.382421e+02 4.542038e+02 3.824328e+02 3.689496e+02 3.676391e+02 4.065579e+02 4.994413e+02 6.301029e+02 7.788242e+02 9.309814e+02 1.078454e+03 1.218091e+03 1.796327e+03 1.934289e+03 1.636857e+03 1.397938e+03 1.279250e+03 1.236384e+03 1.294467e+03 1.522174e+03 1.950640e+03 2.628755e+03 3.604816e+03 4.920097e+03
4.702583e+02 4.702581e+02 4.702570e+02 4.701562e+02 4.696047e+02 4.529673e+02 4.156737e+02 3.706406e+02 3.619959e+02 3.641567e+02 4.091006e+02 5.075204e+02 6.426039e+02 7.942453e+02 9.479221e+02 1.095849e+03 1.235232e+03 1.808318e+03 1.939262e+03 1.637890e+03 1.398006e+03 1.279276e+03 1.236608e+03 1.295317e+03 1.523907e+03 1.953584e+03 2.633274e+03 3.611278e+03 4.928842e+03
4.044164e+02 4.044166e+02 4.044170e+02 4.044080e+02 4.043575e+02 3.989229e+02 3.892188e+02 3.588566e+02 3.550233e+02 3.609962e+02 4.127799e+02 5.173298e+02 6.570733e+02 8.115911e+02 9.665886e+02 1.114716e+03 1.253595e+03 1.820765e+03 1.944388e+03 1.638962e+03 1.398085e+03 1.279309e+03 1.236842e+03 1.296183e+03 1.525667e+03 1.956564e+03 2.637844e+03 3.617804e+03 4.937665e+03
3.751204e+02 3.751205e+02 3.751209e+02 3.751223e+02 3.750965e+02 3.710565e+02 3.663776e+02 3.495900e+02 3.489301e+02 3.586401e+02 4.179188e+02 5.291510e+02 6.737304e+02 8.310104e+02 9.870696e+02 1.135101e+03 1.273199e+03 1.833663e+03 1.949667e+03 1.640073e+03 1.398177e+03 1.279351e+03 1.237086e+03 1.297066e+03 1.527452e+03 1.959583e+03 2.642464e+03 3.624395e+03 4.946567e+03
3.543254e+02 3.543255e+02 3.543259e+02 3.543310e+02 3.543301e+02 3.523317e+02 3.483132e+02 3.438734e+02 3.453089e+02 3.578404e+02 4.249269e+02 5.433020e+02 6.928037e+02 8.526463e+02 1.009442e+03 1.157036e+03 1.294049e+03 1.846999e+03 1.955100e+03 1.641225e+03 1.398281e+03 1.279400e+03 1.237339e+03 1.297967e+03 1.529265e+03 1.962640e+03 2.647136e+03 3.631051e+03 4.955547e+03
3.391414e+02 3.391415e+02 3.391418e+02 3.391477e+02 3.391564e+02 3.383068e+02 3.356819e+02 3.396902e+02 3.446202e+02 3.598257e+02 4.343544e+02 5.601564e+02 7.145353e+02 8.766356e+02 1.033769e+03 1.180540e+03 1.316141e+03 1.860763e+03 1.960685e+03 1.642418e+03 1.398397e+03 1.279458e+03 1.237602e+03 1.298884e+03 1.531104e+03 1.965735e+03 2.651859e+03 3.637772e+03 4.964607e+03
3.278649e+02 3.278650e+02 3.278653e+02 3.278712e+02 3.278839e+02 3.279777e+02 3.277108e+02 3.365349e+02 3.458034e+02 3.649321e+02 4.469755e+02 5.801685e+02 7.391880e+02 9.031096e+02 1.060100e+03 1.205616e+03 1.339455e+03 1.874939e+03 1.966422e+03 1.643654e+03 1.398528e+03 1.279525e+03 1.237876e+03 1.299819e+03 1.532971e+03 1.968870e+03 2.656635e+03 3.644559e+03 4.973747e+03
3.195636e+02 3.195646e+02 3.195676e+02 3.196568e+02 3.198720e+02 3.221970e+02 3.239547e+02 3.348690e+02 3.485140e+02 3.727012e+02 4.639048e+02 6.039086e+02 7.670544e+02 9.321952e+02 1.088470e+03 1.232253e+03 1.363961e+03 1.889510e+03 1.972311e+03 1.644934e+03 1.398672e+03 1.279601e+03 1.238159e+03 1.300772e+03 1.534865e+03 1.972044e+03 2.661463e+03 3.651412e+03 4.982967e+03
3.212825e+02 3.212826e+02 3.212829e+02 3.212932e+02 3.213217e+02 3.221997e+02 3.238111e+02 3.352420e+02 3.530103e+02 3.831372e+02 4.855739e+02 6.321308e+02 7.984688e+02 9.640182e+02 1.118898e+03 1.260423e+03 1.389615e+03 1.904455e+03 1.978349e+03 1.646257e+03 1.398831e+03 1.279686e+03 1.238454e+03 1.301743e+03 1.536788e+03 1.975258e+03 2.666344e+03 3.658333e+03 4.992269e+03
3.241853e+02 3.241854e+02 3.241857e+02 3.241950e+02 3.242215e+02 3.248173e+02 3.259694e+02 3.379680e+02 3.599300e+02 3.966962e+02 5.121746e+02 6.657822e+02 8.338273e+02 9.987077e+02 1.151394e+03 1.290087e+03 1.416360e+03 1.919755e+03 1.984537e+03 1.647626e+03 1.399006e+03 1.279781e+03 1.238759e+03 1.302732e+03 1.538738e+03 1.978512e+03 2.671279e+03 3.665321e+03 5.001652e+03
3.459564e+02 3.459565e+02 3.459567e+02 3.459640e+02 3.459855e+02 3.465703e+02 3.496594e+02 4.082614e+02 4.730888e+02 5.545625e+02 7.391293e+02 9.194713e+02 1.079823e+03 1.220267e+03 1.345084e+03 1.458834e+03 1.564057e+03 2.000777e+03 2.017669e+03 1.655177e+03 1.400121e+03 1.280412e+03 1.240458e+03 1.307960e+03 1.548927e+03 1.995400e+03 2.696773e+03 3.701294e+03 5.049813e+03
3.825030e+02 3.825322e+02 3.826237e+02 3.852762e+02 3.920459e+02 5.001203e+02 6.374022e+02 8.539410e+02 9.419420e+02 1.021751e+03 1.166714e+03 1.295584e+03 1.405933e+03 1.499117e+03 1.580601e+03 1.656136e+03 1.729949e+03 2.087532e+03 2.054410e+03 1.663990e+03 1.401688e+03 1.281329e+03 1.242464e+03 1.313682e+03 1.559872e+03 2.013354e+03 2.723675e+03 3.739034e+03 5.100103e+03
1.744292e+03 1.744292e+03 1.744289e+03 1.744216e+03 1.743987e+03 1.736888e+03 1.716660e+03 1.667507e+03 1.652071e+03 1.644192e+03 1.649166e+03 1.676388e+03 1.716161e+03 1.760092e+03 1.804754e+03 1.850707e+03 1.899842e+03 2.179415e+03 2.094978e+03 1.674205e+03 1.403763e+03 1.282565e+03 1.244806e+03 1.319932e+03 1.571614e+03 2.032424e+03 2.752045e+03 3.778610e+03 5.152594e+03
2.032611e+03 2.032611e+03 2.032611e+03 2.032626e+03 2.032666e+03 2.032606e+03 2.029565e+03 2.010803e+03 1.995646e+03 1.978801e+03 1.948323e+03 1.932213e+03 1.933984e+03 1.950287e+03 1.976468e+03 2.009610e+03 2.048683e+03 2.280595e+03 2.140244e+03 1.686041e+03 1.406418e+03 1.284155e+03 1.247510e+03 1.326740e+03 1.584195e+03 2.052665e+03 2.781946e+03 3.820090e+03 5.207361e+03
2.117228e+03 2.117228e+03 2.117227e+03 2.117220e+03 2.117198e+03 2.116550e+03 2.114858e+03 2.107501e+03 2.101421e+03 2.093787e+03 2.076317e+03 2.062776e+03 2.060328e+03 2.071506e+03 2.095095e+03 2.128560e+03 2.169545e+03 2.392023e+03 2.192099e+03 1.699841e+03 1.409743e+03 1.286141e+03 1.250609e+03 1.334142e+03 1.597660e+03 2.074128e+03 2.813441e+03 3.863544e+03 5.264479e+03
2.124818e+03 2.124818e+03 2.124819e+03 2.124827e+03 2.124851e+03 2.125355e+03 2.126261e+03 2.128355e+03 2.129161e+03 2.129571e+03 2.129363e+03 2.130405e+03 2.137740e+03 2.155401e+03 2.184702e+03 2.224660e+03 2.273031e+03 2.510627e+03 2.253844e+03 1.716138e+03 1.413871e+03 1.288577e+03 1.254140e+03 1.342175e+03 1.612055e+03 2.096871e+03 2.846593e+03 3.909044e+03 5.324024e+03
2.140749e+03 2.140749e+03 2.140749e+03 2.140755e+03 2.140774e+03 2.141392e+03 2.143319e+03 2.150335e+03 2.155126e+03 2.160551e+03 2.172803e+03 2.187339e+03 2.206696e+03 2.234182e+03 2.271876e+03 2.319863e+03 2.376440e+03 2.636271e+03 2.324909e+03 1.735775e+03 1.418996e+03 1.291544e+03 1.258151e+03 1.350878e+03 1.627426e+03 2.120952e+03 2.881470e+03 3.956664e+03 5.386076e+03
2.188984e+03 2.188984e+03 2.188984e+03 2.188994e+03 2.189024e+03 2.189989e+03 2.192867e+03 2.203343e+03 2.210652e+03 2.219165e+03 2.239379e+03 2.263714e+03 2.293308e+03 2.330263e+03 2.376298e+03 2.431744e+03 2.495238e+03 2.770781e+03 2.402913e+03 1.759840e+03 1.425398e+03 1.295152e+03 1.262708e+03 1.360300e+03 1.643828e+03 2.146430e+03 2.918140e+03 4.006478e+03 5.450714e+03
2.284145e+03 2.284145e+03 2.284145e+03 2.284155e+03 2.284185e+03 2.285161e+03 2.288120e+03 2.299589e+03 2.307973e+03 2.318017e+03 2.342865e+03 2.373946e+03 2.411641e+03 2.456820e+03 2.510242e+03 2.571829e+03 2.640202e+03 2.916674e+03 2.485813e+03 1.787205e+03 1.433549e+03 1.299556e+03 1.267896e+03 1.370495e+03 1.661314e+03 2.173368e+03 2.956674e+03 4.058564e+03 5.518020e+03
2.421663e+03 2.421663e+03 2.421664e+03 2.421675e+03 2.421709e+03 2.422782e+03 2.426005e+03 2.438424e+03 2.447594e+03 2.458765e+03 2.487251e+03 2.524012e+03 2.568823e+03 2.621291e+03 2.680938e+03 2.746948e+03 2.817709e+03 3.075742e+03 2.571649e+03 1.816426e+03 1.443850e+03 1.304981e+03 1.273832e+03 1.381527e+03 1.679946e+03 2.201835e+03 2.997145e+03 4.113001e+03 5.588076e+03
2.600140e+03 2.600140e+03 2.600140e+03 2.600152e+03 2.600187e+03 2.601308e+03 2.604746e+03 2.618348e+03 2.628638e+03 2.641406e+03 2.674656e+03 2.717906e+03 2.769860e+03 2.828738e+03 2.892869e+03 2.960744e+03 3.030584e+03 3.247948e+03 2.658471e+03 1.846206e+03 1.455575e+03 1.311799e+03 1.280664e+03 1.393474e+03 1.699793e+03 2.231899e+03 3.039631e+03 4.169870e+03 5.660969e+03
2.820602e+03 2.820602e+03 2.820603e+03 2.820615e+03 2.820654e+03 2.821891e+03 2.825716e+03 2.841810e+03 2.854556e+03 2.870465e+03 2.911217e+03 2.962181e+03 3.020576e+03 3.083480e+03 3.148520e+03 3.213952e+03 3.278144e+03 3.430774e+03 2.744232e+03 1.875363e+03 1.468057e+03 1.320181e+03 1.288604e+03 1.406428e+03 1.720929e+03 2.263639e+03 3.084212e+03 4.229257e+03 5.736784e+03
3.086952e+03 3.086953e+03 3.086954e+03 3.086988e+03 3.087094e+03 3.090125e+03 3.097941e+03 3.123752e+03 3.141281e+03 3.161707e+03 3.210251e+03 3.266433e+03 3.326564e+03 3.387370e+03 3.446583e+03 3.502842e+03 3.555026e+03 3.618990e+03 2.826703e+03 1.902865e+03 1.480739e+03 1.329707e+03 1.297980e+03 1.420500e+03 1.743438e+03 2.297135e+03 3.130972e+03 4.291248e+03 5.815613e+03
3.467974e+03 3.467974e+03 3.467975e+03 3.467993e+03 3.468050e+03 3.469839e+03 3.475391e+03 3.498211e+03 3.515321e+03 3.535631e+03 3.583018e+03 3.634632e+03 3.685920e+03 3.734060e+03 3.777677e+03 3.816255e+03 3.849311e+03 3.804895e+03 2.903481e+03 1.927872e+03 1.493159e+03 1.340062e+03 1.308852e+03 1.435821e+03 1.767417e+03 2.332477e+03 3.180000e+03 4.355936e+03 5.897547e+03
3.920579e+03 3.920580e+03 3.920580e+03 3.920598e+03 3.920655e+03 3.922447e+03 3.928043e+03 3.950220e+03 3.965718e+03 3.982829e+03 4.018164e+03 4.051028e+03 4.079216e+03 4.102173e+03 4.120071e+03 4.133241e+03 4.141535e+03 3.979109e+03 2.972126e+03 1.949750e+03 1.504964e+03 1.350998e+03 1.320975e+03 1.452557e+03 1.792972e+03 2.369759e+03 3.231391e+03 4.423414e+03 5.982681e+03
4.436577e+03 4.436577e+03 4.436578e+03 4.436600e+03 4.436667e+03 4.438802e+03 4.445139e+03 4.462185e+03 4.468736e+03 4.473019e+03 4.475410e+03 4.471576e+03 4.463528e+03 4.452543e+03 4.439355e+03 4.424211e+03 4.406568e+03 4.131983e+03 3.030415e+03 1.968077e+03 1.515915e+03 1.362320e+03 1.334189e+03 1.470922e+03 1.820225e+03 2.409089e+03 3.285246e+03 4.493782e+03 6.071115e+03
5.024076e+03 5.024075e+03 5.024072e+03 5.023969e+03 5.023649e+03 5.015919e+03 4.998621e+03 4.954828e+03 4.931820e+03 4.908754e+03 4.863141e+03 4.818858e+03 4.776279e+03 4.735456e+03 4.696195e+03 4.657968e+03 4.619531e+03 4.255353e+03 3.076622e+03 1.982644e+03 1.525896e+03 1.373892e+03 1.348373e+03 1.491195e+03 1.849318e+03 2.450579e+03 3.341671e+03 4.567145e+03 6.162949e+03
5.201062e+03 5.201062e+03 5.201062e+03 5.201060e+03 5.201051e+03 5.200393e+03 5.196506e+03 5.170643e+03 5.150055e+03 5.126409e+03 5.074299e+03 5.019990e+03 4.966054e+03 4.913560e+03 4.862788e+03 4.813385e+03 4.764087e+03 4.344142e+03 3.109756e+03 1.993439e+03 1.534896e+03 1.385637e+03 1.363441e+03 1.513345e+03 1.880412e+03 2.494358e+03 3.400783e+03 4.643611e+03 6.258290e+03
5.183209e+03 5.183209e+03 5.183209e+03 5.183202e+03 5.183179e+03 5.182429e+03 5.179797e+03 5.168026e+03 5.158416e+03 5.146113e+03 5.114142e+03 5.074698e+03 5.030632e+03 4.984087e+03 4.936365e+03 4.887885e+03 4.837899e+03 4.397163e+03 3.129674e+03 2.000627e+03 1.542999e+03 1.397533e+03 1.379337e+03 1.537298e+03 1.913701e+03 2.540565e+03 3.462705e+03 4.723298e+03 6.357249e+03
5.088855e+03 5.088855e+03 5.088854e+03 5.088853e+03 5.088846e+03 5.088571e+03 5.087635e+03 5.083319e+03 5.079494e+03 5.074203e+03 5.058507e+03 5.035806e+03 5.006926e+03 4.973170e+03 4.935723e+03 4.895200e+03 4.851131e+03 4.416843e+03 3.137035e+03 2.004522e+03 1.550358e+03 1.409615e+03 1.396036e+03 1.563026e+03 1.949447e+03 2.589357e+03 3.527570e+03 4.806327e+03 6.459940e+03
4.977420e+03 4.977420e+03 4.977420e+03 4.977420e+03 4.977418e+03 4.977364e+03 4.977135e+03 4.975704e+03 4.974218e+03 4.971998e+03 4.964668e+03 4.952617e+03 4.935421e+03 4.913269e+03 4.886616e+03 4.855694e+03 4.819885e+03 4.408095e+03 3.133125e+03 2.005549e+03 1.557180e+03 1.421961e+03 1.413547e+03 1.590519e+03 1.987865e+03 2.640907e+03 3.595523e+03 4.892828e+03 6.566485e+03
4.868703e+03 4.868703e+03 4.868703e+03 4.868702e+03 4.868701e+03 4.868611e+03 4.868272e+03 4.866869e+03 4.865796e+03 4.864404e+03 4.860252e+03 4.853459e+03 4.843192e+03 4.828983e+03 4.810650e+03 4.787936e+03 4.759892e+03 4.376882e+03 3.119611e+03 2.004202e+03 1.563699e+03 1.434686e+03 1.431909e+03 1.619782e+03 2.028925e+03 2.695417e+03 3.666721e+03 4.982941e+03 6.677010e+03
4.760177e+03 4.760177e+03 4.760177e+03 4.760177e+03 4.760178e+03 4.760170e+03 4.760052e+03 4.759270e+03 4.758601e+03 4.757725e+03 4.755141e+03 4.750925e+03 4.744376e+03 4.734901e+03 4.722045e+03 4.705244e+03 4.683282e+03 4.329027e+03 3.098301e+03 2.001004e+03 1.570165e+03 1.447934e+03 1.451192e+03 1.650833e+03 2.072638e+03 2.753126e+03 3.741336e+03 5.076813e+03 6.791648e+03
4.655930e+03 4.655930e+03 4.655930e+03 4.655931e+03 4.655931e+03 4.655938e+03 4.655938e+03 4.655764e+03 4.655484e+03 4.655008e+03 4.653296e+03 4.650262e+03 4.645472e+03 4.638471e+03 4.628798e+03 4.615783e+03 4.598071e+03 4.269496e+03 3.070944e+03 1.996475e+03 1.576831e+03 1.461862e+03 1.471486e+03 1.683706e+03 2.119038e+03 2.814350e+03 3.819558e+03 5.174602e+03 6.910540e+03
4.559825e+03 4.559825e+03 4.559825e+03 4.559825e+03 4.559826e+03 4.559820e+03 4.559751e+03 4.559291e+03 4.558843e+03 4.558207e+03 4.556264e+03 4.553233e+03 4.548854e+03 4.542813e+03 4.534713e+03 4.523879e+03 4.508912e+03 4.202145e+03 3.039109e+03 1.991106e+03 1.583942e+03 1.476641e+03 1.492905e+03 1.718448e+03 2.168170e+03 2.879220e+03 3.901596e+03 5.276480e+03 7.033835e+03
4.468758e+03 4.468758e+03 4.468758e+03 4.468757e+03 4.468754e+03 4.468667e+03 4.468391e+03 4.467255e+03 4.466393e+03 4.465335e+03 4.462608e+03 4.458995e+03 4.454352e+03 4.448471e+03 4.441027e+03 4.431379e+03 4.418140e+03 4.129775e+03 3.004130e+03 1.985344e+03 1.591728e+03 1.492445e+03 1.515578e+03 1.755124e+03 2.220092e+03 2.947744e+03 3.987694e+03 5.382629e+03 7.161689e+03
4.377196e+03 4.377196e+03 4.377196e+03 4.377194e+03 4.377191e+03 4.377067e+03 4.376680e+03 4.375182e+03 4.374098e+03 4.372804e+03 4.369603e+03 4.365584e+03 4.360697e+03 4.354825e+03 4.347724e+03 4.338814e+03 4.326759e+03 4.054345e+03 2.967102e+03 1.979587e+03 1.600406e+03 1.509448e+03 1.539647e+03 1.793813e+03 2.274868e+03 3.019979e+03 4.078147e+03 5.493249e+03 7.294270e+03
4.282489e+03 4.282489e+03 4.282489e+03 4.282489e+03 4.282486e+03 4.282404e+03 4.282124e+03 4.280888e+03 4.279919e+03 4.278717e+03 4.275635e+03 4.271691e+03 4.266906e+03 4.261244e+03 4.254537e+03 4.246278e+03 4.235204e+03 3.977222e+03 2.928906e+03 1.974188e+03 1.610177e+03 1.527823e+03 1.565263e+03 1.834609e+03 2.332571e+03 3.095996e+03 4.173289e+03 5.608560e+03 7.431756e+03
4.186885e+03 4.186885e+03 4.186885e+03 4.186884e+03 4.186882e+03 4.186810e+03 4.186569e+03 4.185507e+03 4.184660e+03 4.183597e+03 4.180828e+03 4.177232e+03 4.172833e+03 4.167620e+03 4.161469e+03 4.153928e+03 4.143807e+03 3.899395e+03 2.890256e+03 1.969451e+03 1.621227e+03 1.547737e+03 1.592583e+03 1.877623e+03 2.393285e+03 3.175876e+03 4.273168e+03 5.728806e+03 7.574337e+03
4.091520e+03 4.091520e+03 4.091520e+03 4.091519e+03 4.091517e+03 4.091429e+03 4.091152e+03 4.090071e+03 4.089279e+03 4.088322e+03 4.085899e+03 4.082775e+03 4.078928e+03 4.074332e+03 4.068871e+03 4.062132e+03 4.052988e+03 3.821631e+03 2.851729e+03 1.965647e+03 1.633730e+03 1.569354e+03 1.621770e+03 1.922977e+03 2.457104e+03 3.259708e+03 4.377831e+03 5.854270e+03 7.722219e+03
3.995804e+03 3.995804e+03 3.995804e+03 3.995803e+03 3.995801e+03 3.995741e+03 3.995551e+03 3.994811e+03 3.994247e+03 3.993540e+03 3.991667e+03 3.989143e+03 3.985941e+03 3.982036e+03 3.977326e+03 3.971425e+03 3.963264e+03 3.744560e+03 2.813804e+03 1.963014e+03 1.647848e+03 1.592835e+03 1.652989e+03 1.970810e+03 2.524130e+03 3.347587e+03 4.487360e+03 5.985319e+03 7.875624e+03
3.901995e+03 3.901995e+03 3.901995e+03 3.901995e+03 3.901995e+03 3.901992e+03 3.901960e+03 3.901631e+03 3.901282e+03 3.900794e+03 3.899382e+03 3.897371e+03 3.894745e+03 3.891483e+03 3.887489e+03 3.882397e+03 3.875185e+03 3.668723e+03 2.776885e+03 1.961765e+03 1.663737e+03 1.618337e+03 1.686406e+03 2.021270e+03 2.594480e+03 3.439614e+03 4.601846e+03 6.122206e+03 8.034796e+03
3.812926e+03 3.812926e+03 3.812926e+03 3.812926e+03 3.812924e+03 3.812873e+03 3.812712e+03 3.812131e+03 3.811722e+03 3.811226e+03 3.809941e+03 3.808219e+03 3.806015e+03 3.803287e+03 3.799930e+03 3.795581e+03 3.789255e+03 3.594587e+03 2.741317e+03 1.962097e+03 1.681547e+03 1.646017e+03 1.722192e+03 2.074519e+03 2.668278e+03 3.535896e+03 4.721390e+03 6.264949e+03 8.200011e+03
3.725822e+03 3.725822e+03 3.725822e+03 3.725822e+03 3.725821e+03 3.725792e+03 3.725694e+03 3.725252e+03 3.724906e+03 3.724479e+03 3.723377e+03 3.721927e+03 3.720099e+03 3.717847e+03 3.715065e+03 3.711397e+03 3.705893e+03 3.522553e+03 2.707398e+03 1.964191e+03 1.701425e+03 1.676028e+03 1.760517e+03 2.130727e+03 2.745662e+03 3.636549e+03 4.846099e+03 6.413614e+03 8.371595e+03
3.641561e+03 3.641561e+03 3.641561e+03 3.641561e+03 3.641560e+03 3.641542e+03 3.641476e+03 3.641179e+03 3.640940e+03 3.640634e+03 3.639810e+03 3.638688e+03 3.637248e+03 3.635457e+03 3.633216e+03 3.630183e+03 3.625444e+03 3.452962e+03 2.675385e+03 1.968216e+03 1.723517e+03 1.708528e+03 1.801555e+03 2.190074e+03 2.826781e+03 3.741694e+03 4.976081e+03 6.568293e+03 8.549956e+03
3.560746e+03 3.560746e+03 3.560746e+03 3.560746e+03 3.560746e+03 3.560743e+03 3.560720e+03 3.560566e+03 3.560417e+03 3.560215e+03 3.559639e+03 3.558824e+03 3.557755e+03 3.556402e+03 3.554668e+03 3.552226e+03 3.548196e+03 3.386097e+03 2.645504e+03 1.974334e+03 1.747968e+03 1.743674e+03 1.845484e+03 2.252748e+03 2.911794e+03 3.851460e+03 5.111451e+03 6.729084e+03 8.735214e+03
3.484069e+03 3.484069e+03 3.484069e+03 3.484068e+03 3.484068e+03 3.484055e+03 3.484015e+03 3.483851e+03 3.483727e+03 3.483574e+03 3.483171e+03 3.482618e+03 3.481886e+03 3.480937e+03 3.479671e+03 3.477772e+03 3.474393e+03 3.322190e+03 2.617949e+03 1.982698e+03 1.774926e+03 1.781627e+03 1.892481e+03 2.318945e+03 3.000871e+03 3.965985e+03 5.252328e+03 6.896094e+03 8.927387e+03
3.410902e+03 3.410902e+03 3.410902e+03 3.410902e+03 3.410902e+03 3.410900e+03 3.410888e+03 3.410826e+03 3.410775e+03 3.410712e+03 3.410532e+03 3.410256e+03 3.409850e+03 3.409274e+03 3.408432e+03 3.407020e+03 3.404228e+03 3.261420e+03 2.592888e+03 1.993461e+03 1.804543e+03 1.822551e+03 1.942732e+03 2.388868e+03 3.094194e+03 4.085414e+03 5.398835e+03 7.069433e+03 9.126549e+03
3.341617e+03 3.341617e+03 3.341617e+03 3.341617e+03 3.341617e+03 3.341627e+03 3.341660e+03 3.341779e+03 3.341845e+03 3.341904e+03 3.341977e+03 3.341966e+03 3.341848e+03 3.341593e+03 3.341113e+03 3.340119e+03 3.337839e+03 3.203920e+03 2.570464e+03 2.006768e+03 1.836971e+03 1.866617e+03 1.996425e+03 2.462727e+03 3.191952e+03 4.209903e+03 5.551100e+03 7.249212e+03 9.332788e+03
3.277189e+03 3.277189e+03 3.277189e+03 3.277189e+03 3.277190e+03 3.277213e+03 3.277277e+03 3.277457e+03 3.277552e+03 3.277645e+03 3.277814e+03 3.277946e+03 3.278017e+03 3.277997e+03 3.277799e+03 3.277146e+03 3.275299e+03 3.149773e+03 2.550800e+03 2.022765e+03 1.872371e+03 1.913999e+03 2.053752e+03 2.540737e+03 3.294346e+03 4.339613e+03 5.709254e+03 7.435546e+03 9.546202e+03
3.217702e+03 3.217702e+03 3.217702e+03 3.217702e+03 3.217702e+03 3.217699e+03 3.217690e+03 3.217694e+03 3.217726e+03 3.217778e+03 3.217934e+03 3.218126e+03 3.218315e+03 3.218461e+03 3.218475e+03 3.218092e+03 3.216606e+03 3.099022e+03 2.534001e+03 2.041597e+03 1.910907e+03 1.964878e+03 2.114913e+03 2.623121e+03 3.401585e+03 4.474716e+03 5.873435e+03 7.628553e+03 9.766891e+03
3.161250e+03 3.161250e+03 3.161250e+03 3.161250e+03 3.161251e+03 3.161273e+03 3.161329e+03 3.161491e+03 3.161595e+03 3.161714e+03 3.161985e+03 3.162284e+03 3.162587e+03 3.162866e+03 3.163045e+03 3.162879e+03 3.161696e+03 3.051672e+03 2.520158e+03 2.063409e+03 1.952751e+03 2.019444e+03 2.180113e+03 2.710107e+03 3.513886e+03 4.615392e+03 6.043787e+03 7.828353e+03 9.994958e+03
3.108882e+03 3.108882e+03 3.108882e+03 3.108883e+03 3.108883e+03 3.108907e+03 3.108978e+03 3.109236e+03 3.109402e+03 3.109580e+03 3.109950e+03 3.110325e+03 3.110703e+03 3.111073e+03 3.111377e+03 3.111384e+03 3.110461e+03 3.007704e+03 2.509351e+03 2.088350e+03 1.998078e+03 2.077893e+03 2.249565e+03 2.801929e+03 3.631474e+03 4.761829e+03 6.220458e+03 8.035066e+03 1.023051e+04
3.060969e+03 3.060969e+03 3.060969e+03 3.060969e+03 3.060970e+03 3.060994e+03 3.061061e+03 3.061257e+03 3.061372e+03 3.061496e+03 3.061776e+03 3.062104e+03 3.062481e+03 3.062899e+03 3.063297e+03 3.063456e+03 3.062770e+03 2.967080e+03 2.501656e+03 2.116572e+03 2.047075e+03 2.140427e+03 2.323486e+03 2.898826e+03 3.754580e+03 4.914222e+03 6.403602e+03 8.248817e+03 1.047365e+04
3.016827e+03 3.016827e+03 3.016827e+03 3.016827e+03 3.016827e+03 3.016817e+03 3.016787e+03 3.016731e+03 3.016733e+03 3.016766e+03 3.016929e+03 3.017216e+03 3.017614e+03 3.018101e+03 3.018612e+03 3.018933e+03 3.018488e+03 2.929763e+03 2.497146e+03 2.148229e+03 2.099934e+03 2.207259e+03 2.402104e+03 3.001043e+03 3.883443e+03 5.072775e+03 6.593380e+03 8.469734e+03 1.072449e+04
2.974099e+03 2.974099e+03 2.974099e+03 2.974100e+03 2.974101e+03 2.974124e+03 2.974176e+03 2.974328e+03 2.974432e+03 2.974558e+03 2.974886e+03 2.975322e+03 2.975865e+03 2.976504e+03 2.977182e+03 2.977701e+03 2.977518e+03 2.895716e+03 2.495893e+03 2.183482e+03 2.156856e+03 2.278609e+03 2.485652e+03 3.108833e+03 4.018308e+03 5.237699e+03 6.789957e+03 8.697946e+03 1.098313e+04
2.934394e+03 2.934394e+03 2.934394e+03 2.934395e+03 2.934396e+03 2.934425e+03 2.934515e+03 2.934842e+03 2.935061e+03 2.935308e+03 2.935873e+03 2.936527e+03 2.937273e+03 2.938108e+03 2.938986e+03 2.939724e+03 2.939817e+03 2.864917e+03 2.497974e+03 2.222500e+03 2.218049e+03 2.354707e+03 2.574372e+03 3.222451e+03 4.159425e+03 5.409210e+03 6.993505e+03 8.933587e+03 1.124968e+04
2.898747e+03 2.898747e+03 2.898747e+03 2.898747e+03 2.898748e+03 2.898775e+03 2.898859e+03 2.899179e+03 2.899408e+03 2.899678e+03 2.900327e+03 2.901105e+03 2.902002e+03 2.903005e+03 2.904067e+03 2.905017e+03 2.905380e+03 2.837351e+03 2.503468e+03 2.265456e+03 2.283731e+03 2.435789e+03 2.668515e+03 3.342161e+03 4.307049e+03 5.587532e+03 7.204202e+03 9.176793e+03 1.152425e+04
2.866774e+03 2.866774e+03 2.866774e+03 2.866774e+03 2.866775e+03 2.866796e+03 2.866866e+03 2.867144e+03 2.867354e+03 2.867614e+03 2.868276e+03 2.869113e+03 2.870106e+03 2.871236e+03 2.872452e+03 2.873590e+03 2.874204e+03 2.813007e+03 2.512460e+03 2.312528e+03 2.354127e+03 2.522104e+03 2.768338e+03 3.468230e+03 4.461441e+03 5.772893e+03 7.422229e+03 9.427704e+03 1.180695e+04
2.837917e+03 2.837917e+03 2.837917e+03 2.837917e+03 2.837918e+03 2.837939e+03 2.838008e+03 2.838307e+03 2.838540e+03 2.838826e+03 2.839550e+03 2.840459e+03 2.841538e+03 2.842773e+03 2.844120e+03 2.845424e+03 2.846271e+03 2.791881e+03 2.525038e+03 2.363905e+03 2.429473e+03 2.613906e+03 2.874108e+03 3.600933e+03 4.622865e+03 5.965526e+03 7.647775e+03 9.686462e+03 1.209790e+04
2.812101e+03 2.812101e+03 2.812101e+03 2.812101e+03 2.812102e+03 2.812141e+03 2.812260e+03 2.812689e+03 2.812981e+03 2.813318e+03 2.814118e+03 2.815091e+03 2.816241e+03 2.817563e+03 2.819023e+03 2.820478e+03 2.821545e+03 2.773966e+03 2.541294e+03 2.419782e+03 2.510012e+03 2.711462e+03 2.986099e+03 3.740547e+03 4.791589e+03 6.165671e+03 7.881032e+03 9.953215e+03 1.239720e+04
2.790237e+03 2.790237e+03 2.790237e+03 2.790237e+03 2.790238e+03 2.790264e+03 2.790348e+03 2.790678e+03 2.790922e+03 2.791220e+03 2.791976e+03 2.792948e+03 2.794136e+03 2.795531e+03 2.797096e+03 2.798699e+03 2.799981e+03 2.759261e+03 2.561327e+03 2.480361e+03 2.595999e+03 2.815044e+03 3.104594e+03 3.887357e+03 4.967885e+03 6.373567e+03 8.122196e+03 1.022811e+04 1.270496e+04
2.771280e+03 2.771280e+03 2.771280e+03 2.771280e+03 2.771281e+03 2.771298e+03 2.771352e+03 2.771599e+03 2.771809e+03 2.772084e+03 2.772830e+03 2.773837e+03 2.775094e+03 2.776586e+03 2.778275e+03 2.780036e+03 2.781544e+03 2.747768e+03 2.585241e+03 2.545852e+03 2.687694e+03 2.924938e+03 3.229883e+03 4.041652e+03 5.152026e+03 6.589459e+03 8.371467e+03 1.051130e+04 1.302131e+04
2.754358e+03 2.754358e+03 2.754358e+03 2.754358e+03 2.754359e+03 2.754399e+03 2.754517e+03 2.754940e+03 2.755242e+03 2.755603e+03 2.756510e+03 2.757663e+03 2.759060e+03 2.760694e+03 2.762535e+03 2.764473e+03 2.766216e+03 2.739499e+03 2.613148e+03 2.616477e+03 2.785371e+03 3.041434e+03 3.362265e+03 4.203725e+03 5.344291e+03 6.813595e+03 8.629049e+03 1.080295e+04 1.334636e+04
2.740762e+03 2.740762e+03 2.740762e+03 2.740763e+03 2.740764e+03 2.740804e+03 2.740930e+03 2.741430e+03 2.741796e+03 2.742231e+03 2.743292e+03 2.744595e+03 2.746135e+03 2.747914e+03 2.749910e+03 2.752028e+03 2.754011e+03 2.734470e+03 2.645167e+03 2.692463e+03 2.889311e+03 3.164833e+03 3.502045e+03 4.373874e+03 5.544957e+03 7.046223e+03 8.895148e+03 1.110321e+04 1.368022e+04
2.730799e+03 2.730799e+03 2.730799e+03 2.730799e+03 2.730801e+03 2.730846e+03 2.730986e+03 2.731522e+03 2.731903e+03 2.732353e+03 2.733450e+03 2.734807e+03 2.736428e+03 2.738313e+03 2.740441e+03 2.742728e+03 2.744945e+03 2.732709e+03 2.681423e+03 2.774047e+03 2.999804e+03 3.295447e+03 3.649538e+03 4.552401e+03 5.754304e+03 7.287593e+03 9.169972e+03 1.141224e+04 1.402302e+04
2.724607e+03 2.724607e+03 2.724607e+03 2.724608e+03 2.724609e+03 2.724647e+03 2.724756e+03 2.725180e+03 2.725496e+03 2.725887e+03 2.726906e+03 2.728249e+03 2.729911e+03 2.731882e+03 2.734134e+03 2.736584e+03 2.739035e+03 2.734245e+03 2.722048e+03 2.861476e+03 3.117150e+03 3.433592e+03 3.805063e+03 4.739611e+03 5.972614e+03 7.537954e+03 9.453732e+03 1.173021e+04 1.437487e+04
2.721159e+03 2.721159e+03 2.721159e+03 2.721160e+03 2.721160e+03 2.721183e+03 2.721254e+03 2.721582e+03 2.721869e+03 2.722251e+03 2.723301e+03 2.724720e+03 2.726486e+03 2.728581e+03 2.730976e+03 2.733602e+03 2.736293e+03 2.739113e+03 2.767179e+03 2.955003e+03 3.241656e+03 3.579595e+03 3.968947e+03 4.935812e+03 6.200168e+03 7.797557e+03 9.746638e+03 1.205728e+04 1.473590e+04
2.719375e+03 2.719375e+03 2.719375e+03 2.719376e+03 2.719378e+03 2.719445e+03 2.719627e+03 2.720283e+03 2.720746e+03 2.721292e+03 2.722620e+03 2.724253e+03 2.726195e+03 2.728449e+03 2.731006e+03 2.733815e+03 2.736749e+03 2.747350e+03 2.816959e+03 3.054889e+03 3.373640e+03 3.733790e+03 4.141523e+03 5.141313e+03 6.437246e+03 8.066652e+03 1.004890e+04 1.239362e+04 1.510624e+04
2.721780e+03 2.721780e+03 2.721780e+03 2.721781e+03 2.721783e+03 2.721855e+03 2.722076e+03 2.722877e+03 2.723414e+03 2.724026e+03 2.725460e+03 2.727187e+03 2.729229e+03 2.731600e+03 2.734294e+03 2.737272e+03 2.740441e+03 2.758991e+03 2.871530e+03 3.161403e+03 3.513426e+03 3.896518e+03 4.323129e+03 5.356427e+03 6.684128e+03 8.345484e+03 1.036073e+04 1.273940e+04 1.548602e+04
2.729424e+03 2.729424e+03 2.729424e+03 2.729424e+03 2.729425e+03 2.729444e+03 2.729522e+03 2.729926e+03 2.730270e+03 2.730717e+03 2.731931e+03 2.733569e+03 2.735618e+03 2.738059e+03 2.740867e+03 2.744001e+03 2.747398e+03 2.774069e+03 2.931038e+03 3.274820e+03 3.661348e+03 4.068125e+03 4.514109e+03 5.581466e+03 6.941093e+03 8.634301e+03 1.068234e+04 1.309479e+04 1.587534e+04
2.738903e+03 2.738903e+03 2.738903e+03 2.738903e+03 2.738903e+03 2.738922e+03 2.738982e+03 2.739322e+03 2.739644e+03 2.740085e+03 2.741331e+03 2.743047e+03 2.745203e+03 2.747770e+03 2.750718e+03 2.754016e+03 2.757638e+03 2.792612e+03 2.995633e+03 3.395424e+03 3.817746e+03 4.248968e+03 4.714810e+03 5.816743e+03 7.208416e+03 8.933345e+03 1.101394e+04 1.345995e+04 1.627436e+04
2.749509e+03 2.749509e+03 2.749509e+03 2.749510e+03 2.749513e+03 2.749598e+03 2.749848e+03 2.750722e+03 2.751317e+03 2.752007e+03 2.753659e+03 2.755671e+03 2.758048e+03 2.760790e+03 2.763894e+03 2.767354e+03 2.771189e+03 2.814640e+03 3.065465e+03 3.523505e+03 3.982969e+03 4.439405e+03 4.925582e+03 6.062570e+03 7.486369e+03 9.242855e+03 1.135573e+04 1.383506e+04 1.668319e+04
2.765382e+03 2.765382e+03 2.765382e+03 2.765383e+03 2.765385e+03 2.765471e+03 2.765733e+03 2.766687e+03 2.767338e+03 2.768087e+03 2.769856e+03 2.771975e+03 2.774451e+03 2.777288e+03 2.780489e+03 2.784063e+03 2.788074e+03 2.840163e+03 3.140690e+03 3.659363e+03 4.157371e+03 4.639801e+03 5.146779e+03 6.319257e+03 7.775221e+03 9.563066e+03 1.170793e+04 1.422029e+04 1.710198e+04
2.786892e+03 2.786892e+03 2.786892e+03 2.786892e+03 2.786893e+03 2.786927e+03 2.787040e+03 2.787576e+03 2.788020e+03 2.788586e+03 2.790085e+03 2.792052e+03 2.794459e+03 2.797278e+03 2.800496e+03 2.804125e+03 2.808265e+03 2.869179e+03 3.221466e+03 3.803306e+03 4.341318e+03 4.850526e+03 5.378755e+03 6.587112e+03 8.075237e+03 9.894209e+03 1.207071e+04 1.461581e+04 1.753084e+04
2.810539e+03 2.810539e+03 2.810539e+03 2.810539e+03 2.810540e+03 2.810573e+03 2.810679e+03 2.811159e+03 2.811561e+03 2.812084e+03 2.813503e+03 2.815411e+03 2.817778e+03 2.820574e+03 2.823784e+03 2.827436e+03 2.831675e+03 2.901671e+03 3.307961e+03 3.955651e+03 4.535177e+03 5.071951e+03 5.621865e+03 6.866438e+03 8.386674e+03 1.023651e+04 1.244430e+04 1.502177e+04 1.796991e+04
2.835850e+03 2.835850e+03 2.835850e+03 2.835851e+03 2.835853e+03 2.835925e+03 2.836140e+03 2.836929e+03 2.837486e+03 2.838146e+03 2.839769e+03 2.841790e+03 2.844202e+03 2.847003e+03 2.850203e+03 2.853861e+03 2.858183e+03 2.937616e+03 3.400346e+03 4.116724e+03 4.739323e+03 5.304452e+03 5.876464e+03 7.157533e+03 8.709784e+03 1.059019e+04 1.282888e+04 1.543835e+04 1.841932e+04
2.865188e+03 2.865188e+03 2.865188e+03 2.865189e+03 2.865191e+03 2.865263e+03 2.865485e+03 2.866330e+03 2.866926e+03 2.867625e+03 2.869303e+03 2.871335e+03 2.873720e+03 2.876470e+03 2.879619e+03 2.883257e+03 2.887650e+03 2.976991e+03 3.498805e+03 4.286859e+03 4.954138e+03 5.548404e+03 6.142902e+03 7.460691e+03 9.044812e+03 1.095545e+04 1.322463e+04 1.586571e+04 1.887921e+04
2.898822e+03 2.898822e+03 2.898822e+03 2.898823e+03 2.898824e+03 2.898867e+03 2.899010e+03 2.899626e+03 2.900100e+03 2.900680e+03 2.902136e+03 2.903969e+03 2.906181e+03 2.908790e+03 2.911839e+03 2.915441e+03 2.919912e+03 3.019784e+03 3.603534e+03 4.466399e+03 5.180005e+03 5.804182e+03 6.421528e+03 7.776194e+03 9.391994e+03 1.133251e+04 1.363174e+04 1.630401e+04 1.934970e+04
2.934830e+03 2.934830e+03 2.934830e+03 2.934831e+03 2.934832e+03 2.934874e+03 2.935006e+03 2.935516e+03 2.935894e+03 2.936357e+03 2.937552e+03 2.939134e+03 2.941140e+03 2.943605e+03 2.946579e+03 2.950189e+03 2.954800e+03 3.066013e+03 3.714747e+03 4.655696e+03 5.417309e+03 6.072158e+03 6.712682e+03 8.104320e+03 9.751557e+03 1.172156e+04 1.405040e+04 1.675341e+04 1.983093e+04
2.972542e+03 2.972542e+03 2.972542e+03 2.972542e+03 2.972543e+03 2.972569e+03 2.972656e+03 2.973030e+03 2.973322e+03 2.973694e+03 2.974711e+03 2.976156e+03 2.978086e+03 2.980543e+03 2.983578e+03 2.987328e+03 2.992208e+03 3.115746e+03 3.832677e+03 4.855110e+03 5.666438e+03 6.352700e+03 7.016698e+03 8.445332e+03 1.012372e+04 1.212280e+04 1.448076e+04 1.721405e+04 2.032303e+04
3.010909e+03 3.010909e+03 3.010909e+03 3.010909e+03 3.010910e+03 3.010934e+03 3.011008e+03 3.011330e+03 3.011609e+03 3.011984e+03 3.013068e+03 3.014650e+03 3.016775e+03 3.019474e+03 3.022790e+03 3.026872e+03 3.032189e+03 3.169118e+03 3.957586e+03 5.065009e+03 5.927779e+03 6.646171e+03 7.333901e+03 8.799485e+03 1.050869e+04 1.253639e+04 1.492300e+04 1.768610e+04 2.082612e+04
3.049402e+03 3.049402e+03 3.049402e+03 3.049403e+03 3.049404e+03 3.049447e+03 3.049596e+03 3.050215e+03 3.050687e+03 3.051274e+03 3.052816e+03 3.054886e+03 3.057513e+03 3.060713e+03 3.064525e+03 3.069118e+03 3.075021e+03 3.226339e+03 4.089759e+03 5.285769e+03 6.201716e+03 6.952922e+03 7.664604e+03 9.167019e+03 1.090666e+04 1.296252e+04 1.537728e+04 1.816969e+04 2.134034e+04
3.090208e+03 3.090208e+03 3.090208e+03 3.090209e+03 3.090211e+03 3.090291e+03 3.090539e+03 3.091505e+03 3.092212e+03 3.093065e+03 3.095208e+03 3.097926e+03 3.101202e+03 3.105028e+03 3.109437e+03 3.114620e+03 3.121178e+03 3.287678e+03 4.229508e+03 5.517772e+03 6.488627e+03 7.273296e+03 8.009102e+03 9.548158e+03 1.131781e+04 1.340135e+04 1.584375e+04 1.866497e+04 2.186580e+04
3.135781e+03 3.135781e+03 3.135781e+03 3.135782e+03 3.135784e+03 3.135865e+03 3.136130e+03 3.137269e+03 3.138143e+03 3.139211e+03 3.141877e+03 3.145171e+03 3.149019e+03 3.153392e+03 3.158324e+03 3.164036e+03 3.171206e+03 3.353432e+03 4.377163e+03 5.761402e+03 6.788884e+03 7.607621e+03 8.367679e+03 9.943112e+03 1.174231e+04 1.385303e+04 1.632255e+04 1.917208e+04 2.240263e+04
3.186859e+03 3.186859e+03 3.186859e+03 3.186861e+03 3.186865e+03 3.186990e+03 3.187378e+03 3.188870e+03 3.189937e+03 3.191194e+03 3.194210e+03 3.197815e+03 3.201953e+03 3.206610e+03 3.211843e+03 3.217907e+03 3.225561e+03 3.423893e+03 4.533066e+03 6.017044e+03 7.102844e+03 7.956205e+03 8.740595e+03 1.035207e+04 1.218032e+04 1.431770e+04 1.681382e+04 1.969116e+04 2.295097e+04
3.245984e+03 3.245984e+03 3.245984e+03 3.245985e+03 3.245989e+03 3.246115e+03 3.246502e+03 3.247948e+03 3.248958e+03 3.250137e+03 3.252966e+03 3.256389e+03 3.260393e+03 3.264990e+03 3.270256e+03 3.276474e+03 3.284474e+03 3.499326e+03 4.697566e+03 6.285077e+03 7.430849e+03 8.319337e+03 9.128089e+03 1.077521e+04 1.263199e+04 1.479550e+04 1.731770e+04 2.022232e+04 2.351091e+04
3.312740e+03 3.312740e+03 3.312740e+03 3.312741e+03 3.312742e+03 3.312786e+03 3.312948e+03 3.313742e+03 3.314391e+03 3.315212e+03 3.317380e+03 3.320257e+03 3.323856e+03 3.328198e+03 3.333361e+03 3.339644e+03 3.347941e+03 3.579971e+03 4.871011e+03 6.565869e+03 7.773222e+03 8.697281e+03 9.530377e+03 1.121269e+04 1.309743e+04 1.528654e+04 1.783430e+04 2.076571e+04 2.408259e+04
