6.458422e+01 6.500548e+00 2.822887e+00 6.876025e-01 4.479128e-01 2.165731e-01 1.883001e-01 2.025072e-01 2.237779e-01 2.521246e-01 3.276052e-01 4.256051e-01 5.447245e-01 6.850305e-01 8.475013e-01 1.033842e+00 1.247882e+00 4.682646e+00 4.762719e+01 2.630680e+02 8.187343e+02 1.799679e+03 3.180536e+03 6.732188e+03 1.058666e+04 1.411913e+04 1.705658e+04 1.935504e+04 2.108156e+04
2.032037e-01 2.032062e-01 2.032101e-01 2.031503e-01 2.022806e-01 1.891565e-01 1.827316e-01 2.048980e-01 2.278486e-01 2.575564e-01 3.353345e-01 4.353249e-01 5.562754e-01 6.983552e-01 8.626150e-01 1.050814e+00 1.266863e+00 4.745275e+00 4.819856e+01 2.656387e+02 8.253922e+02 1.812128e+03 3.199538e+03 6.762984e+03 1.062437e+04 1.415856e+04 1.709400e+04 1.938840e+04 2.111008e+04
1.754914e-01 1.754736e-01 1.754760e-01 1.755282e-01 1.756017e-01 1.768169e-01 1.797612e-01 2.087198e-01 2.334276e-01 2.645421e-01 3.446418e-01 4.466018e-01 5.693518e-01 7.131797e-01 8.792147e-01 1.069271e+00 1.287343e+00 4.811605e+00 4.879698e+01 2.683072e+02 8.322605e+02 1.824913e+03 3.218983e+03 6.794334e+03 1.066262e+04 1.419843e+04 1.713176e+04 1.942200e+04 2.113875e+04
1.717507e-01 1.717262e-01 1.717281e-01 1.717795e-01 1.719098e-01 1.737620e-01 1.834228e-01 2.145064e-01 2.408014e-01 2.732941e-01 3.556809e-01 4.595567e-01 5.840532e-01 7.295898e-01 8.973766e-01 1.089282e+00 1.309389e+00 4.881806e+00 4.942356e+01 2.710768e+02 8.393450e+02 1.838040e+03 3.238880e+03 6.826247e+03 1.070141e+04 1.423876e+04 1.716986e+04 1.945585e+04 2.116759e+04
1.765653e-01 1.766664e-01 1.766690e-01 1.767143e-01 1.768416e-01 1.792222e-01 1.894386e-01 2.235607e-01 2.504409e-01 2.840691e-01 3.685951e-01 4.742969e-01 6.004680e-01 7.476624e-01 9.171707e-01 1.110914e+00 1.333063e+00 4.956051e+00 5.007941e+01 2.739506e+02 8.466515e+02 1.851518e+03 3.259237e+03 6.858732e+03 1.074075e+04 1.427953e+04 1.720831e+04 1.948993e+04 2.119659e+04
1.863266e-01 1.864992e-01 1.865023e-01 1.865432e-01 1.866623e-01 1.894089e-01 1.985368e-01 2.365721e-01 2.634006e-01 2.973173e-01 3.835497e-01 4.909241e-01 6.186758e-01 7.674668e-01 9.386609e-01 1.134227e+00 1.358424e+00 5.034518e+00 5.076571e+01 2.769321e+02 8.541860e+02 1.865355e+03 3.280064e+03 6.891795e+03 1.078064e+04 1.432077e+04 1.724709e+04 1.952425e+04 2.122575e+04
1.998904e-01 1.998011e-01 1.998025e-01 1.998404e-01 1.999535e-01 2.028806e-01 2.114129e-01 2.522291e-01 2.800718e-01 3.139365e-01 4.007857e-01 5.095524e-01 6.387535e-01 7.890671e-01 9.619059e-01 1.159276e+00 1.385528e+00 5.117389e+00 5.148367e+01 2.800248e+02 8.619546e+02 1.879558e+03 3.301369e+03 6.925445e+03 1.082109e+04 1.436246e+04 1.728622e+04 1.955882e+04 2.125506e+04
2.158989e-01 2.159835e-01 2.159848e-01 2.160218e-01 2.161329e-01 2.191968e-01 2.277924e-01 2.700290e-01 2.996108e-01 3.341280e-01 4.207030e-01 5.303327e-01 6.607865e-01 8.125273e-01 9.869623e-01 1.186117e+00 1.414428e+00 5.204854e+00 5.223453e+01 2.832323e+02 8.699636e+02 1.894137e+03 3.323162e+03 6.959690e+03 1.086210e+04 1.440462e+04 1.732569e+04 1.959362e+04 2.128454e+04
2.351302e-01 2.349658e-01 2.349655e-01 2.350023e-01 2.351139e-01 2.383262e-01 2.474133e-01 2.902186e-01 3.215628e-01 3.572733e-01 4.439741e-01 5.534884e-01 6.848826e-01 8.379181e-01 1.013888e+00 1.214802e+00 1.445176e+00 5.297105e+00 5.301959e+01 2.865581e+02 8.782194e+02 1.909099e+03 3.345451e+03 6.994539e+03 1.090369e+04 1.444724e+04 1.736551e+04 1.962867e+04 2.131417e+04
2.568780e-01 2.569037e-01 2.569049e-01 2.569428e-01 2.570583e-01 2.604730e-01 2.702978e-01 3.132979e-01 3.458809e-01 3.829611e-01 4.705454e-01 5.793809e-01 7.111903e-01 8.653257e-01 1.042746e+00 1.245386e+00 1.477825e+00 5.394344e+00 5.384016e+01 2.900061e+02 8.867285e+02 1.924453e+03 3.368248e+03 7.030000e+03 1.094584e+04 1.449032e+04 1.740567e+04 1.966395e+04 2.134396e+04
2.821835e-01 2.821856e-01 2.821869e-01 2.822267e-01 2.823486e-01 2.860277e-01 2.966946e-01 3.396647e-01 3.727666e-01 4.109967e-01 5.000000e-01 6.085207e-01 7.399262e-01 8.948636e-01 1.073612e+00 1.277929e+00 1.512429e+00 5.496778e+00 5.469764e+01 2.935801e+02 8.954976e+02 1.940208e+03 3.391560e+03 7.066080e+03 1.098858e+04 1.453388e+04 1.744618e+04 1.969947e+04 2.137390e+04
4.691994e-01 4.692100e-01 4.692111e-01 4.692477e-01 4.693607e-01 4.727346e-01 4.826144e-01 5.210223e-01 5.507206e-01 5.880655e-01 6.817686e-01 7.947208e-01 9.267988e-01 1.081700e+00 1.262792e+00 1.473185e+00 1.717270e+00 6.094898e+00 5.959066e+01 3.134847e+02 9.434879e+02 2.025313e+03 3.516209e+03 7.256075e+03 1.121115e+04 1.475879e+04 1.765395e+04 1.988066e+04 2.152592e+04
7.188893e-01 7.188879e-01 7.188891e-01 7.189277e-01 7.190466e-01 7.227365e-01 7.335744e-01 7.708778e-01 7.970548e-01 8.296293e-01 9.172257e-01 1.033392e+00 1.173474e+00 1.335914e+00 1.522606e+00 1.737193e+00 1.987224e+00 6.861407e+00 6.564747e+01 3.371920e+02 9.990739e+02 2.121844e+03 3.655277e+03 7.462838e+03 1.144899e+04 1.499578e+04 1.787045e+04 2.006774e+04 2.168170e+04
1.026290e+00 1.026290e+00 1.026291e+00 1.026325e+00 1.026427e+00 1.029436e+00 1.037561e+00 1.070064e+00 1.094929e+00 1.125960e+00 1.209682e+00 1.325625e+00 1.472550e+00 1.646776e+00 1.846351e+00 2.072916e+00 2.335162e+00 7.843066e+00 7.312230e+01 3.653452e+02 1.063294e+03 2.231095e+03 3.810126e+03 7.687456e+03 1.170273e+04 1.524512e+04 1.809571e+04 2.026064e+04 2.184110e+04
1.361604e+00 1.361605e+00 1.361606e+00 1.361640e+00 1.361747e+00 1.365107e+00 1.375391e+00 1.414956e+00 1.443577e+00 1.477961e+00 1.565773e+00 1.683609e+00 1.834673e+00 2.018080e+00 2.231339e+00 2.474211e+00 2.755706e+00 9.114734e+00 8.234752e+01 3.987198e+02 1.137342e+03 2.354499e+03 3.982222e+03 7.931042e+03 1.197298e+04 1.550701e+04 1.832971e+04 2.045922e+04 2.200395e+04
1.780769e+00 1.780769e+00 1.780770e+00 1.780806e+00 1.780917e+00 1.784434e+00 1.795222e+00 1.837223e+00 1.867982e+00 1.904983e+00 1.997973e+00 2.119275e+00 2.273343e+00 2.462287e+00 2.685623e+00 2.943804e+00 3.248008e+00 1.075591e+01 9.377760e+01 4.382744e+02 1.222608e+03 2.493663e+03 4.173159e+03 8.194729e+03 1.226030e+04 1.578162e+04 1.857239e+04 2.066333e+04 2.217008e+04
2.286426e+00 2.286426e+00 2.286427e+00 2.286464e+00 2.286580e+00 2.290202e+00 2.301349e+00 2.345084e+00 2.377370e+00 2.416388e+00 2.514325e+00 2.640142e+00 2.797628e+00 2.990426e+00 3.220462e+00 3.490937e+00 3.818598e+00 1.284464e+01 1.080593e+02 4.852258e+02 1.320749e+03 2.650413e+03 4.384676e+03 8.479680e+03 1.256524e+04 1.606906e+04 1.882364e+04 2.087276e+04 2.233927e+04
2.880037e+00 2.880038e+00 2.880039e+00 2.880078e+00 2.880199e+00 2.883999e+00 2.895689e+00 2.941594e+00 2.975533e+00 3.016606e+00 3.119694e+00 3.251011e+00 3.413136e+00 3.609963e+00 3.845278e+00 4.126176e+00 4.478719e+00 1.549167e+01 1.258370e+02 5.411743e+02 1.433761e+03 2.826842e+03 4.618692e+03 8.787082e+03 1.288827e+04 1.636937e+04 1.908329e+04 2.108729e+04 2.251129e+04
3.567818e+00 3.567819e+00 3.567820e+00 3.567861e+00 3.567986e+00 3.571961e+00 3.584205e+00 3.632296e+00 3.667864e+00 3.710934e+00 3.819098e+00 3.956407e+00 4.124326e+00 4.326240e+00 4.567141e+00 4.858953e+00 5.241391e+00 1.885479e+01 1.478202e+02 6.082200e+02 1.564109e+03 3.025386e+03 4.877341e+03 9.118150e+03 1.322984e+04 1.668254e+04 1.935115e+04 2.130665e+04 2.268588e+04
4.355976e+00 4.355976e+00 4.355978e+00 4.356019e+00 4.356148e+00 4.360253e+00 4.372933e+00 4.422840e+00 4.459817e+00 4.504660e+00 4.617544e+00 4.760946e+00 4.935500e+00 5.143796e+00 5.391761e+00 5.697674e+00 6.120824e+00 2.315773e+01 1.749169e+02 6.881939e+02 1.714962e+03 3.248914e+03 5.163019e+03 9.474136e+03 1.359034e+04 1.700851e+04 1.962693e+04 2.153054e+04 2.286277e+04
5.248110e+00 5.248111e+00 5.248112e+00 5.248155e+00 5.248287e+00 5.252500e+00 5.265536e+00 5.317049e+00 5.355351e+00 5.401911e+00 5.519488e+00 5.669208e+00 5.851134e+00 6.067147e+00 6.324531e+00 6.650880e+00 7.133895e+00 2.871350e+01 2.082852e+02 7.831493e+02 1.890067e+03 3.500871e+03 5.478439e+03 9.856329e+03 1.397010e+04 1.734711e+04 1.991033e+04 2.175860e+04 2.304165e+04
6.246593e+00 6.246593e+00 6.246595e+00 6.246639e+00 6.246778e+00 6.251168e+00 6.264741e+00 6.318395e+00 6.358325e+00 6.406908e+00 6.529752e+00 6.686330e+00 6.876346e+00 7.101359e+00 7.371422e+00 7.728831e+00 8.303149e+00 3.595552e+01 2.494107e+02 8.955684e+02 2.092338e+03 3.785638e+03 5.826714e+03 1.026606e+04 1.436937e+04 1.769814e+04 2.020097e+04 2.199047e+04 2.322218e+04
7.358047e+00 7.358048e+00 7.358049e+00 7.358095e+00 7.358239e+00 7.362826e+00 7.377040e+00 7.433317e+00 7.475204e+00 7.526144e+00 7.654836e+00 7.818685e+00 8.017207e+00 8.252319e+00 8.539701e+00 8.945516e+00 9.661491e+00 4.548176e+01 3.002002e+02 1.028429e+03 2.325077e+03 4.107664e+03 6.211506e+03 1.070473e+04 1.478837e+04 1.806130e+04 2.049841e+04 2.222572e+04 2.340403e+04
8.591782e+00 8.591782e+00 8.591784e+00 8.591833e+00 8.591988e+00 8.596856e+00 8.611861e+00 8.671001e+00 8.714888e+00 8.768178e+00 8.902585e+00 9.073455e+00 9.280302e+00 9.526531e+00 9.838594e+00 1.032157e+01 1.125957e+01 5.811740e+01 3.630938e+02 1.185313e+03 2.592071e+03 4.470021e+03 6.637445e+03 1.117379e+04 1.522723e+04 1.843622e+04 2.080218e+04 2.246391e+04 2.358681e+04
9.958725e+00 9.958725e+00 9.958727e+00 9.958777e+00 9.958934e+00 9.963911e+00 9.979326e+00 1.004036e+01 1.008574e+01 1.014090e+01 1.028010e+01 1.045712e+01 1.067166e+01 1.093068e+01 1.128048e+01 1.188932e+01 1.317794e+01 7.500347e+01 4.412008e+02 1.370531e+03 2.897611e+03 4.876165e+03 7.108197e+03 1.167480e+04 1.568603e+04 1.882246e+04 2.111173e+04 2.270455e+04 2.377014e+04
1.146165e+01 1.146165e+01 1.146165e+01 1.146170e+01 1.146186e+01 1.146696e+01 1.148278e+01 1.154543e+01 1.159206e+01 1.164876e+01 1.179198e+01 1.197428e+01 1.219604e+01 1.247178e+01 1.288380e+01 1.370197e+01 1.554758e+01 9.772151e+01 5.384674e+02 1.589257e+03 3.246541e+03 5.329810e+03 7.625827e+03 1.220946e+04 1.616478e+04 1.921952e+04 2.142648e+04 2.294713e+04 2.395362e+04
1.310250e+01 1.310250e+01 1.310250e+01 1.310255e+01 1.310272e+01 1.310794e+01 1.312413e+01 1.318831e+01 1.323609e+01 1.329421e+01 1.344102e+01 1.362793e+01 1.385715e+01 1.415882e+01 1.467940e+01 1.585066e+01 1.858466e+01 1.284679e+02 6.598857e+02 1.847663e+03 3.644309e+03 5.834857e+03 8.192581e+03 1.277984e+04 1.666343e+04 1.962682e+04 2.174581e+04 2.319111e+04 2.413682e+04
1.488325e+01 1.488325e+01 1.488325e+01 1.488330e+01 1.488347e+01 1.488884e+01 1.490543e+01 1.497111e+01 1.501996e+01 1.507934e+01 1.522923e+01 1.542009e+01 1.565857e+01 1.600646e+01 1.672326e+01 1.849523e+01 2.264949e+01 1.702971e+02 8.117507e+02 2.153047e+03 4.096992e+03 6.395337e+03 8.810603e+03 1.338846e+04 1.718188e+04 2.004372e+04 2.206903e+04 2.343593e+04 2.431931e+04
1.680650e+01 1.680650e+01 1.680650e+01 1.680655e+01 1.680672e+01 1.681216e+01 1.682901e+01 1.689571e+01 1.694533e+01 1.700563e+01 1.715770e+01 1.735179e+01 1.760519e+01 1.804298e+01 1.912115e+01 2.191969e+01 2.834621e+01 2.274604e+02 1.001971e+03 2.513965e+03 4.611294e+03 7.015344e+03 9.481787e+03 1.403488e+04 1.772006e+04 2.046952e+04 2.239544e+04 2.368102e+04 2.450066e+04
1.887163e+01 1.887163e+01 1.887163e+01 1.887169e+01 1.887186e+01 1.887741e+01 1.889453e+01 1.896190e+01 1.901191e+01 1.907263e+01 1.922567e+01 1.942280e+01 1.970655e+01 2.032719e+01 2.207699e+01 2.663258e+01 3.669198e+01 3.058732e+02 1.240438e+03 2.940318e+03 5.194479e+03 7.698937e+03 1.020767e+04 1.471778e+04 1.827795e+04 2.090350e+04 2.272432e+04 2.392577e+04 2.468042e+04
2.107713e+01 2.107713e+01 2.107713e+01 2.107719e+01 2.107736e+01 2.108283e+01 2.109975e+01 2.116678e+01 2.121662e+01 2.127713e+01 2.142969e+01 2.163212e+01 2.198606e+01 2.298579e+01 2.598757e+01 3.354845e+01 4.940385e+01 4.137581e+02 1.539437e+03 3.443411e+03 5.854241e+03 8.449997e+03 1.098933e+04 1.543563e+04 1.885594e+04 2.134489e+04 2.305489e+04 2.416960e+04 2.485814e+04
2.341507e+01 2.341507e+01 2.341507e+01 2.341513e+01 2.341530e+01 2.342073e+01 2.343752e+01 2.350373e+01 2.355286e+01 2.361247e+01 2.376334e+01 2.398137e+01 2.450489e+01 2.629486e+01 3.162886e+01 4.431651e+01 6.938576e+01 5.625136e+02 1.914096e+03 4.035920e+03 6.598492e+03 9.272027e+03 1.182721e+04 1.618645e+04 1.945375e+04 2.179296e+04 2.338642e+04 2.441190e+04 2.503339e+04
2.587650e+01 2.587650e+01 2.587650e+01 2.587656e+01 2.587672e+01 2.588196e+01 2.589820e+01 2.596251e+01 2.601030e+01 2.606836e+01 2.621773e+01 2.648608e+01 2.742247e+01 3.085789e+01 4.052162e+01 6.191576e+01 1.015535e+02 7.678687e+02 2.382800e+03 4.731730e+03 7.435035e+03 1.016790e+04 1.272106e+04 1.696772e+04 2.006841e+04 2.224699e+04 2.371813e+04 2.465207e+04 2.520573e+04
2.844606e+01 2.844606e+01 2.844606e+01 2.844611e+01 2.844627e+01 2.845131e+01 2.846697e+01 2.852903e+01 2.857517e+01 2.863132e+01 2.878529e+01 2.921088e+01 3.114778e+01 3.799314e+01 5.564911e+01 9.173077e+01 1.542278e+02 1.051364e+03 2.967506e+03 5.545582e+03 8.371125e+03 1.113957e+04 1.366970e+04 1.777636e+04 2.069696e+04 2.270648e+04 2.404929e+04 2.488953e+04 2.537473e+04
3.110842e+01 3.110842e+01 3.110842e+01 3.110847e+01 3.110862e+01 3.111346e+01 3.112846e+01 3.118798e+01 3.123237e+01 3.128695e+01 3.147360e+01 3.237504e+01 3.671712e+01 5.057691e+01 8.286394e+01 1.434900e+02 2.414700e+02 1.442152e+03 3.693785e+03 6.492451e+03 9.412897e+03 1.218769e+04 1.467091e+04 1.860868e+04 2.133632e+04 2.317138e+04 2.437921e+04 2.512371e+04 2.553998e+04
3.384714e+01 3.384714e+01 3.384714e+01 3.384719e+01 3.384734e+01 3.385208e+01 3.386674e+01 3.392474e+01 3.396805e+01 3.402407e+01 3.435699e+01 3.667010e+01 4.673711e+01 7.487760e+01 1.336369e+02 2.347316e+02 3.869445e+02 1.978975e+03 4.590376e+03 7.586577e+03 1.056466e+04 1.331127e+04 1.572124e+04 1.946045e+04 2.198318e+04 2.363994e+04 2.470725e+04 2.535409e+04 2.570110e+04
3.665560e+01 3.665560e+01 3.665561e+01 3.665565e+01 3.665580e+01 3.666036e+01 3.667457e+01 3.673102e+01 3.677461e+01 3.684857e+01 3.777827e+01 4.421993e+01 6.774055e+01 1.245332e+02 2.303840e+02 3.969017e+02 6.301389e+02 2.711895e+03 5.687933e+03 8.840103e+03 1.182811e+04 1.450729e+04 1.681594e+04 2.032687e+04 2.263402e+04 2.410932e+04 2.503291e+04 2.558016e+04 2.585771e+04
3.952558e+01 3.952558e+01 3.952558e+01 3.952562e+01 3.952577e+01 3.953037e+01 3.954458e+01 3.960102e+01 3.965678e+01 3.985176e+01 4.315922e+01 6.149282e+01 1.160584e+02 2.291004e+02 4.165967e+02 6.857447e+02 1.035882e+03 3.702879e+03 7.016588e+03 1.026131e+04 1.320146e+04 1.577038e+04 1.794881e+04 2.120267e+04 2.328516e+04 2.457690e+04 2.535597e+04 2.580149e+04 2.600949e+04
4.245865e+01 4.245865e+01 4.245865e+01 4.245870e+01 4.245884e+01 4.246336e+01 4.247739e+01 4.254070e+01 4.271545e+01 4.367065e+01 5.629574e+01 1.081223e+02 2.323099e+02 4.520116e+02 7.753232e+02 1.197842e+03 1.707450e+03 5.023568e+03 8.602028e+03 1.185253e+04 1.467865e+04 1.709257e+04 1.911221e+04 2.208216e+04 2.393275e+04 2.504015e+04 2.567635e+04 2.601770e+04 2.615613e+04
4.545709e+01 4.545709e+01 4.545709e+01 4.545714e+01 4.545729e+01 4.546206e+01 4.547681e+01 4.566107e+01 4.693834e+01 5.251496e+01 1.007154e+02 2.433021e+02 5.161033e+02 9.262146e+02 1.459828e+03 2.093216e+03 2.800537e+03 6.747845e+03 1.046001e+04 1.360799e+04 1.624868e+04 1.846317e+04 2.029711e+04 2.295930e+04 2.457287e+04 2.549655e+04 2.599214e+04 2.622851e+04 2.629738e+04
4.853990e+01 4.853990e+01 4.853990e+01 4.853995e+01 4.854011e+01 4.854507e+01 4.856110e+01 5.081009e+01 6.188471e+01 9.409491e+01 2.709807e+02 6.414736e+02 1.202449e+03 1.915396e+03 2.733493e+03 3.614954e+03 4.527088e+03 8.936738e+03 1.258985e+04 1.551193e+04 1.789532e+04 1.986887e+04 2.149322e+04 2.382787e+04 2.520159e+04 2.594358e+04 2.630146e+04 2.643379e+04 2.643302e+04
5.173667e+01 5.173667e+01 5.173667e+01 5.173673e+01 5.173692e+01 5.174294e+01 5.191680e+01 8.976710e+01 1.795087e+02 3.475027e+02 9.306813e+02 1.780541e+03 2.792829e+03 3.880797e+03 4.986165e+03 6.073622e+03 7.123369e+03 1.161534e+04 1.496814e+04 1.753751e+04 1.959717e+04 2.129400e+04 2.268922e+04 2.468154e+04 2.581500e+04 2.637880e+04 2.660265e+04 2.663377e+04 2.656289e+04
5.512127e+01 5.512127e+01 5.512127e+01 5.512134e+01 5.512155e+01 5.608425e+01 1.035880e+02 6.754205e+02 1.202357e+03 1.834131e+03 3.253877e+03 4.714959e+03 6.117651e+03 7.425482e+03 8.630323e+03 9.735772e+03 1.074975e+04 1.474682e+04 1.754487e+04 1.964704e+04 2.132836e+04 2.272107e+04 2.387310e+04 2.551401e+04 2.640934e+04 2.679984e+04 2.689414e+04 2.682812e+04 2.668693e+04
3.290811e+03 3.290836e+03 3.290913e+03 3.293378e+03 3.301080e+03 3.546441e+03 4.237430e+03 6.065622e+03 6.971343e+03 7.825024e+03 9.360686e+03 1.068874e+04 1.184662e+04 1.286726e+04 1.377624e+04 1.459312e+04 1.533296e+04 1.821563e+04 2.024419e+04 2.179381e+04 2.305976e+04 2.413143e+04 2.503256e+04 2.631920e+04 2.698102e+04 2.720443e+04 2.717445e+04 2.701549e+04 2.680513e+04
2.042757e+04 2.042755e+04 2.042752e+04 2.042636e+04 2.042274e+04 2.030755e+04 1.999478e+04 1.935087e+04 1.914935e+04 1.903187e+04 1.898943e+04 1.911343e+04 1.932941e+04 1.959339e+04 1.988005e+04 2.017485e+04 2.046952e+04 2.183438e+04 2.297117e+04 2.392553e+04 2.476066e+04 2.550614e+04 2.615544e+04 2.709132e+04 2.752670e+04 2.759046e+04 2.744220e+04 2.719480e+04 2.691767e+04
3.057110e+04 3.057109e+04 3.057107e+04 3.057058e+04 3.056905e+04 3.051967e+04 3.035567e+04 2.967466e+04 2.922310e+04 2.875486e+04 2.787857e+04 2.715905e+04 2.660620e+04 2.619541e+04 2.589696e+04 2.568507e+04 2.553947e+04 2.537918e+04 2.562371e+04 2.598896e+04 2.640077e+04 2.682691e+04 2.723017e+04 2.782506e+04 2.804332e+04 2.795596e+04 2.769611e+04 2.736511e+04 2.702497e+04
3.520109e+04 3.520109e+04 3.520108e+04 3.520099e+04 3.520068e+04 3.519029e+04 3.514535e+04 3.488938e+04 3.466637e+04 3.438472e+04 3.369803e+04 3.294284e+04 3.220487e+04 3.152954e+04 3.093408e+04 3.042026e+04 2.998251e+04 2.864084e+04 2.810677e+04 2.793485e+04 2.795220e+04 2.807696e+04 2.824622e+04 2.851564e+04 2.852822e+04 2.829920e+04 2.793499e+04 2.752560e+04 2.712649e+04
3.792294e+04 3.792294e+04 3.792294e+04 3.792285e+04 3.792259e+04 3.791394e+04 3.788609e+04 3.776406e+04 3.765791e+04 3.751327e+04 3.710361e+04 3.656060e+04 3.593882e+04 3.529074e+04 3.465446e+04 3.405329e+04 3.349919e+04 3.146817e+04 3.034468e+04 2.972220e+04 2.939115e+04 2.924181e+04 2.919444e+04 2.915899e+04 2.897907e+04 2.861862e+04 2.815779e+04 2.767552e+04 2.722147e+04
3.968743e+04 3.968743e+04 3.968742e+04 3.968734e+04 3.968706e+04 3.967832e+04 3.965094e+04 3.954127e+04 3.945803e+04 3.935356e+04 3.907252e+04 3.869219e+04 3.822730e+04 3.770503e+04 3.715401e+04 3.659820e+04 3.605509e+04 3.378682e+04 3.228864e+04 3.132122e+04 3.069922e+04 3.030982e+04 3.006736e+04 2.975176e+04 2.939399e+04 2.891293e+04 2.836356e+04 2.781420e+04 2.730931e+04
4.059015e+04 4.059015e+04 4.059015e+04 4.059006e+04 4.058978e+04 4.058100e+04 4.055507e+04 4.045766e+04 4.038791e+04 4.030490e+04 4.009763e+04 3.983018e+04 3.950088e+04 3.911678e+04 3.869112e+04 3.823918e+04 3.777523e+04 3.559301e+04 3.391797e+04 3.271447e+04 3.186398e+04 3.127256e+04 3.085933e+04 3.029135e+04 2.977151e+04 2.918106e+04 2.855152e+04 2.794105e+04 2.738956e+04
4.076246e+04 4.076246e+04 4.076246e+04 4.076240e+04 4.076222e+04 4.075647e+04 4.073939e+04 4.067907e+04 4.063689e+04 4.058680e+04 4.046148e+04 4.029772e+04 4.008951e+04 3.983494e+04 3.953742e+04 3.920426e+04 3.884458e+04 3.693289e+04 3.523652e+04 3.389624e+04 3.287898e+04 3.212485e+04 3.156663e+04 3.077600e+04 3.011062e+04 2.942223e+04 2.872101e+04 2.805556e+04 2.746180e+04
4.050532e+04 4.050532e+04 4.050532e+04 4.050532e+04 4.050534e+04 4.050586e+04 4.050684e+04 4.050268e+04 4.049513e+04 4.048283e+04 4.044088e+04 4.037021e+04 4.026431e+04 4.011872e+04 3.993246e+04 3.970796e+04 3.945013e+04 3.787904e+04 3.626594e+04 3.487076e+04 3.374326e+04 3.286461e+04 3.218736e+04 3.120471e+04 3.041069e+04 2.963586e+04 2.887152e+04 2.815732e+04 2.752569e+04
4.024578e+04 4.024578e+04 4.024578e+04 4.024580e+04 4.024586e+04 4.024772e+04 4.025289e+04 4.026952e+04 4.027867e+04 4.028651e+04 4.029319e+04 4.028082e+04 4.024228e+04 4.017207e+04 4.006691e+04 3.992616e+04 3.975149e+04 3.851093e+04 3.703846e+04 3.564967e+04 3.446039e+04 3.349255e+04 3.272136e+04 3.157721e+04 3.067153e+04 2.982167e+04 2.900269e+04 2.824598e+04 2.758095e+04
4.011678e+04 4.011678e+04 4.011678e+04 4.011680e+04 4.011686e+04 4.011841e+04 4.012218e+04 4.013457e+04 4.014238e+04 4.015046e+04 4.016434e+04 4.016962e+04 4.015957e+04 4.012809e+04 4.007040e+04 3.998366e+04 3.986701e+04 3.890180e+04 3.759032e+04 3.624931e+04 3.503746e+04 3.401169e+04 3.316997e+04 3.189396e+04 3.089333e+04 2.997959e+04 2.911430e+04 2.832130e+04 2.762734e+04
4.007464e+04 4.007464e+04 4.007464e+04 4.007464e+04 4.007464e+04 4.007453e+04 4.007412e+04 4.007307e+04 4.007309e+04 4.007366e+04 4.007567e+04 4.007574e+04 4.006882e+04 4.004942e+04 4.001250e+04 3.995419e+04 3.987210e+04 3.911173e+04 3.795703e+04 3.668838e+04 3.548394e+04 3.442689e+04 3.353582e+04 3.215601e+04 3.107661e+04 3.010978e+04 2.920628e+04 2.838311e+04 2.766470e+04
4.001218e+04 4.001218e+04 4.001218e+04 4.001217e+04 4.001216e+04 4.001174e+04 4.001042e+04 4.000576e+04 4.000284e+04 3.999974e+04 3.999302e+04 3.998457e+04 3.997184e+04 3.995134e+04 3.991925e+04 3.987208e+04 3.980708e+04 3.918583e+04 3.817049e+04 3.698601e+04 3.581069e+04 3.474429e+04 3.382255e+04 3.236496e+04 3.122223e+04 3.021262e+04 2.927870e+04 2.843132e+04 2.769289e+04
3.991073e+04 3.991073e+04 3.991073e+04 3.991073e+04 3.991073e+04 3.991068e+04 3.991027e+04 3.990769e+04 3.990514e+04 3.990153e+04 3.989090e+04 3.987566e+04 3.985539e+04 3.982878e+04 3.979377e+04 3.974798e+04 3.968910e+04 3.915565e+04 3.825765e+04 3.716056e+04 3.602917e+04 3.497093e+04 3.403455e+04 3.252284e+04 3.133131e+04 3.028869e+04 2.933175e+04 2.846594e+04 2.771184e+04
3.979258e+04 3.979258e+04 3.979258e+04 3.979258e+04 3.979258e+04 3.979257e+04 3.979211e+04 3.978728e+04 3.978245e+04 3.977594e+04 3.975812e+04 3.973448e+04 3.970549e+04 3.967097e+04 3.962999e+04 3.958108e+04 3.952257e+04 3.904218e+04 3.824040e+04 3.722881e+04 3.615083e+04 3.511429e+04 3.417676e+04 3.263208e+04 3.140523e+04 3.033871e+04 2.936576e+04 2.848706e+04 2.772153e+04
3.964667e+04 3.964667e+04 3.964667e+04 3.964666e+04 3.964662e+04 3.964519e+04 3.964080e+04 3.962519e+04 3.961488e+04 3.960319e+04 3.957600e+04 3.954398e+04 3.950730e+04 3.946587e+04 3.941920e+04 3.936642e+04 3.930638e+04 3.885913e+04 3.813622e+04 3.720571e+04 3.618667e+04 3.518201e+04 3.425444e+04 3.269535e+04 3.144553e+04 3.036359e+04 2.938115e+04 2.849483e+04 2.772198e+04
3.938921e+04 3.938921e+04 3.938921e+04 3.938921e+04 3.938918e+04 3.938833e+04 3.938530e+04 3.937230e+04 3.936257e+04 3.935093e+04 3.932262e+04 3.928838e+04 3.924881e+04 3.920421e+04 3.915459e+04 3.909960e+04 3.903861e+04 3.861583e+04 3.795898e+04 3.710435e+04 3.614701e+04 3.518164e+04 3.427298e+04 3.271556e+04 3.145394e+04 3.036433e+04 2.937847e+04 2.848949e+04 2.771327e+04
3.905302e+04 3.905302e+04 3.905302e+04 3.905302e+04 3.905299e+04 3.905219e+04 3.904970e+04 3.903976e+04 3.903213e+04 3.902262e+04 3.899798e+04 3.896623e+04 3.892801e+04 3.888393e+04 3.883441e+04 3.877960e+04 3.871932e+04 3.831932e+04 3.771993e+04 3.693615e+04 3.604143e+04 3.512051e+04 3.423779e+04 3.269572e+04 3.143229e+04 3.034206e+04 2.935834e+04 2.847133e+04 2.769551e+04
3.866359e+04 3.866359e+04 3.866359e+04 3.866359e+04 3.866357e+04 3.866296e+04 3.866100e+04 3.865270e+04 3.864614e+04 3.863784e+04 3.861590e+04 3.858689e+04 3.855120e+04 3.850937e+04 3.846191e+04 3.840915e+04 3.835122e+04 3.797576e+04 3.742849e+04 3.671105e+04 3.587865e+04 3.500558e+04 3.415419e+04 3.263891e+04 3.138250e+04 3.029799e+04 2.932146e+04 2.844073e+04 2.766888e+04
3.823536e+04 3.823536e+04 3.823536e+04 3.823535e+04 3.823533e+04 3.823462e+04 3.823239e+04 3.822341e+04 3.821662e+04 3.820831e+04 3.818705e+04 3.815965e+04 3.812627e+04 3.808720e+04 3.804279e+04 3.799335e+04 3.793905e+04 3.759110e+04 3.709279e+04 3.643781e+04 3.566662e+04 3.484339e+04 3.402733e+04 3.254824e+04 3.130652e+04 3.023339e+04 2.926860e+04 2.839809e+04 2.763357e+04
3.776412e+04 3.776412e+04 3.776412e+04 3.776411e+04 3.776408e+04 3.776330e+04 3.776085e+04 3.775136e+04 3.774451e+04 3.773632e+04 3.771598e+04 3.769043e+04 3.765974e+04 3.762405e+04 3.758354e+04 3.753841e+04 3.748877e+04 3.717140e+04 3.672013e+04 3.612421e+04 3.541257e+04 3.464006e+04 3.386211e+04 3.242675e+04 3.120635e+04 3.014957e+04 2.920059e+04 2.834390e+04 2.758984e+04
3.724699e+04 3.724699e+04 3.724699e+04 3.724698e+04 3.724697e+04 3.724646e+04 3.724480e+04 3.723756e+04 3.723195e+04 3.722504e+04 3.720751e+04 3.718521e+04 3.715831e+04 3.712694e+04 3.709122e+04 3.705125e+04 3.700713e+04 3.672286e+04 3.631719e+04 3.577719e+04 3.512301e+04 3.440123e+04 3.366319e+04 3.227745e+04 3.108397e+04 3.004788e+04 2.911829e+04 2.827866e+04 2.753795e+04
3.670340e+04 3.670340e+04 3.670340e+04 3.670340e+04 3.670338e+04 3.670288e+04 3.670133e+04 3.669532e+04 3.669080e+04 3.668526e+04 3.667105e+04 3.665274e+04 3.663038e+04 3.660403e+04 3.657372e+04 3.653951e+04 3.650144e+04 3.625175e+04 3.589017e+04 3.540301e+04 3.480386e+04 3.413209e+04 3.343490e+04 3.210324e+04 3.094134e+04 2.992967e+04 2.902261e+04 2.820293e+04 2.747822e+04
3.614198e+04 3.614198e+04 3.614198e+04 3.614198e+04 3.614197e+04 3.614162e+04 3.614050e+04 3.613588e+04 3.613240e+04 3.612814e+04 3.611723e+04 3.610302e+04 3.608538e+04 3.606422e+04 3.603950e+04 3.601120e+04 3.597931e+04 3.576421e+04 3.544479e+04 3.500729e+04 3.446043e+04 3.383740e+04 3.318131e+04 3.190687e+04 3.078038e+04 2.979629e+04 2.891446e+04 2.811728e+04 2.741099e+04
3.557265e+04 3.557265e+04 3.557265e+04 3.557264e+04 3.557263e+04 3.557238e+04 3.557165e+04 3.556873e+04 3.556650e+04 3.556368e+04 3.555615e+04 3.554586e+04 3.553262e+04 3.551631e+04 3.549683e+04 3.547411e+04 3.544811e+04 3.526610e+04 3.498630e+04 3.459507e+04 3.409749e+04 3.352147e+04 3.290614e+04 3.169099e+04 3.060295e+04 2.964909e+04 2.879478e+04 2.802233e+04 2.733662e+04
3.500702e+04 3.500702e+04 3.500702e+04 3.500702e+04 3.500702e+04 3.500695e+04 3.500671e+04 3.500543e+04 3.500420e+04 3.500247e+04 3.499741e+04 3.499007e+04 3.498031e+04 3.496800e+04 3.495300e+04 3.493518e+04 3.491443e+04 3.476272e+04 3.451941e+04 3.417084e+04 3.371933e+04 3.318819e+04 3.261282e+04 3.145809e+04 3.041084e+04 2.948937e+04 2.866451e+04 2.791871e+04 2.725551e+04
3.445725e+04 3.445725e+04 3.445725e+04 3.445725e+04 3.445724e+04 3.445708e+04 3.445661e+04 3.445478e+04 3.445342e+04 3.445175e+04 3.444747e+04 3.444178e+04 3.443443e+04 3.442519e+04 3.441382e+04 3.440008e+04 3.438380e+04 3.425874e+04 3.404825e+04 3.373853e+04 3.332970e+04 3.284107e+04 3.230447e+04 3.121047e+04 3.020576e+04 2.931841e+04 2.852458e+04 2.780704e+04 2.716806e+04
3.391685e+04 3.391685e+04 3.391685e+04 3.391684e+04 3.391684e+04 3.391667e+04 3.391611e+04 3.391415e+04 3.391288e+04 3.391146e+04 3.390812e+04 3.390396e+04 3.389867e+04 3.389196e+04 3.388353e+04 3.387312e+04 3.386051e+04 3.375801e+04 3.357637e+04 3.330157e+04 3.293191e+04 3.248323e+04 3.198393e+04 3.095032e+04 2.998934e+04 2.913746e+04 2.837591e+04 2.768798e+04 2.707468e+04
3.338304e+04 3.338304e+04 3.338304e+04 3.338304e+04 3.338305e+04 3.338313e+04 3.338327e+04 3.338330e+04 3.338311e+04 3.338275e+04 3.338144e+04 3.337923e+04 3.337595e+04 3.337139e+04 3.336532e+04 3.335752e+04 3.334778e+04 3.326361e+04 3.310668e+04 3.286284e+04 3.252883e+04 3.211740e+04 3.165374e+04 3.067963e+04 2.976312e+04 2.894770e+04 2.821941e+04 2.756218e+04 2.697583e+04
3.287076e+04 3.287076e+04 3.287076e+04 3.287076e+04 3.287077e+04 3.287085e+04 3.287109e+04 3.287177e+04 3.287205e+04 3.287222e+04 3.287207e+04 3.287108e+04 3.286910e+04 3.286598e+04 3.286151e+04 3.285554e+04 3.284785e+04 3.277778e+04 3.264150e+04 3.242474e+04 3.212293e+04 3.174601e+04 3.131615e+04 3.040025e+04 2.952854e+04 2.875027e+04 2.805596e+04 2.743028e+04 2.687193e+04
3.238332e+04 3.238332e+04 3.238332e+04 3.238332e+04 3.238332e+04 3.238329e+04 3.238320e+04 3.238297e+04 3.238285e+04 3.238270e+04 3.238219e+04 3.238123e+04 3.237956e+04 3.237699e+04 3.237332e+04 3.236836e+04 3.236194e+04 3.230204e+04 3.218257e+04 3.198922e+04 3.171625e+04 3.137115e+04 3.097319e+04 3.011388e+04 2.928697e+04 2.854627e+04 2.788643e+04 2.729293e+04 2.676345e+04
3.191217e+04 3.191217e+04 3.191217e+04 3.191217e+04 3.191217e+04 3.191214e+04 3.191202e+04 3.191156e+04 3.191125e+04 3.191088e+04 3.190996e+04 3.190866e+04 3.190680e+04 3.190421e+04 3.190071e+04 3.189614e+04 3.189033e+04 3.183724e+04 3.173114e+04 3.155780e+04 3.131053e+04 3.099461e+04 3.062662e+04 2.982205e+04 2.903967e+04 2.833672e+04 2.771163e+04 2.715076e+04 2.665082e+04
3.145494e+04 3.145494e+04 3.145494e+04 3.145494e+04 3.145494e+04 3.145495e+04 3.145493e+04 3.145475e+04 3.145453e+04 3.145420e+04 3.145316e+04 3.145157e+04 3.144938e+04 3.144649e+04 3.144281e+04 3.143822e+04 3.143257e+04 3.138367e+04 3.128801e+04 3.113164e+04 3.090716e+04 3.061792e+04 3.027801e+04 2.952617e+04 2.878781e+04 2.812260e+04 2.753237e+04 2.700439e+04 2.653449e+04
3.101313e+04 3.101313e+04 3.101313e+04 3.101313e+04 3.101313e+04 3.101313e+04 3.101311e+04 3.101282e+04 3.101248e+04 3.101198e+04 3.101051e+04 3.100841e+04 3.100571e+04 3.100237e+04 3.099833e+04 3.099350e+04 3.098777e+04 3.094124e+04 3.085363e+04 3.071158e+04 3.050727e+04 3.024238e+04 2.992871e+04 2.922750e+04 2.853249e+04 2.790484e+04 2.734941e+04 2.685443e+04 2.641493e+04
3.058554e+04 3.058554e+04 3.058554e+04 3.058554e+04 3.058553e+04 3.058542e+04 3.058509e+04 3.058391e+04 3.058310e+04 3.058216e+04 3.057991e+04 3.057720e+04 3.057399e+04 3.057023e+04 3.056585e+04 3.056075e+04 3.055485e+04 3.050959e+04 3.042816e+04 3.029821e+04 3.011174e+04 2.986906e+04 2.957988e+04 2.892719e+04 2.827471e+04 2.768430e+04 2.716348e+04 2.670147e+04 2.629257e+04
3.016457e+04 3.016457e+04 3.016457e+04 3.016457e+04 3.016456e+04 3.016445e+04 3.016410e+04 3.016281e+04 3.016194e+04 3.016095e+04 3.015863e+04 3.015584e+04 3.015253e+04 3.014862e+04 3.014407e+04 3.013880e+04 3.013276e+04 3.008819e+04 3.001158e+04 2.989191e+04 2.972127e+04 2.949887e+04 2.923255e+04 2.862626e+04 2.801539e+04 2.746179e+04 2.697527e+04 2.654607e+04 2.616785e+04
2.974876e+04 2.974876e+04 2.974876e+04 2.974876e+04 2.974876e+04 2.974877e+04 2.974876e+04 2.974843e+04 2.974806e+04 2.974753e+04 2.974595e+04 2.974362e+04 2.974054e+04 2.973671e+04 2.973212e+04 2.972677e+04 2.972063e+04 2.967647e+04 2.960371e+04 2.949288e+04 2.933638e+04 2.913255e+04 2.888758e+04 2.832565e+04 2.775539e+04 2.723805e+04 2.678545e+04 2.638878e+04 2.604120e+04
2.934526e+04 2.934526e+04 2.934526e+04 2.934526e+04 2.934527e+04 2.934528e+04 2.934531e+04 2.934524e+04 2.934503e+04 2.934465e+04 2.934328e+04 2.934106e+04 2.933799e+04 2.933411e+04 2.932943e+04 2.932398e+04 2.931774e+04 2.927385e+04 2.920433e+04 2.910123e+04 2.895747e+04 2.877071e+04 2.854571e+04 2.802618e+04 2.749549e+04 2.701380e+04 2.659463e+04 2.623013e+04 2.591304e+04
2.895568e+04 2.895568e+04 2.895568e+04 2.895568e+04 2.895567e+04 2.895557e+04 2.895528e+04 2.895431e+04 2.895361e+04 2.895276e+04 2.895061e+04 2.894783e+04 2.894437e+04 2.894021e+04 2.893534e+04 2.892973e+04 2.892337e+04 2.887977e+04 2.881314e+04 2.871699e+04 2.858482e+04 2.841386e+04 2.820760e+04 2.772859e+04 2.723640e+04 2.678970e+04 2.640340e+04 2.607063e+04 2.578378e+04
2.857220e+04 2.857220e+04 2.857220e+04 2.857220e+04 2.857219e+04 2.857208e+04 2.857170e+04 2.857022e+04 2.856920e+04 2.856804e+04 2.856534e+04 2.856214e+04 2.855839e+04 2.855401e+04 2.854899e+04 2.854327e+04 2.853686e+04 2.849372e+04 2.842987e+04 2.834014e+04 2.821866e+04 2.806240e+04 2.787379e+04 2.743355e+04 2.697878e+04 2.656634e+04 2.621231e+04 2.591075e+04 2.565381e+04
2.819077e+04 2.819077e+04 2.819077e+04 2.819077e+04 2.819077e+04 2.819068e+04 2.819044e+04 2.818947e+04 2.818874e+04 2.818784e+04 2.818555e+04 2.818259e+04 2.817896e+04 2.817465e+04 2.816965e+04 2.816396e+04 2.815758e+04 2.811527e+04 2.805426e+04 2.797062e+04 2.785916e+04 2.771670e+04 2.754477e+04 2.714166e+04 2.672323e+04 2.634430e+04 2.602187e+04 2.575095e+04 2.552352e+04
2.781513e+04 2.781513e+04 2.781513e+04 2.781513e+04 2.781513e+04 2.781512e+04 2.781505e+04 2.781467e+04 2.781428e+04 2.781371e+04 2.781196e+04 2.780937e+04 2.780598e+04 2.780183e+04 2.779695e+04 2.779137e+04 2.778512e+04 2.774404e+04 2.768609e+04 2.760840e+04 2.750646e+04 2.737706e+04 2.722095e+04 2.685345e+04 2.647030e+04 2.612408e+04 2.583258e+04 2.559166e+04 2.539327e+04
2.744954e+04 2.744954e+04 2.744954e+04 2.744954e+04 2.744954e+04 2.744952e+04 2.744942e+04 2.744883e+04 2.744830e+04 2.744760e+04 2.744565e+04 2.744296e+04 2.743954e+04 2.743543e+04 2.743066e+04 2.742523e+04 2.741918e+04 2.737978e+04 2.732519e+04 2.725344e+04 2.716069e+04 2.704373e+04 2.690272e+04 2.656941e+04 2.622048e+04 2.590618e+04 2.564487e+04 2.543330e+04 2.526341e+04
2.709180e+04 2.709180e+04 2.709180e+04 2.709180e+04 2.709179e+04 2.709169e+04 2.709136e+04 2.709009e+04 2.708921e+04 2.708817e+04 2.708570e+04 2.708271e+04 2.707920e+04 2.707513e+04 2.707051e+04 2.706531e+04 2.705955e+04 2.702233e+04 2.697146e+04 2.690575e+04 2.682196e+04 2.671696e+04 2.659040e+04 2.628997e+04 2.597424e+04 2.569104e+04 2.545918e+04 2.527625e+04 2.513428e+04
2.673632e+04 2.673632e+04 2.673632e+04 2.673632e+04 2.673632e+04 2.673621e+04 2.673588e+04 2.673462e+04 2.673376e+04 2.673276e+04 2.673041e+04 2.672760e+04 2.672432e+04 2.672055e+04 2.671627e+04 2.671146e+04 2.670612e+04 2.667161e+04 2.662486e+04 2.656536e+04 2.649040e+04 2.639696e+04 2.628430e+04 2.601554e+04 2.573199e+04 2.547907e+04 2.527588e+04 2.512088e+04 2.500621e+04
2.638294e+04 2.638294e+04 2.638294e+04 2.638294e+04 2.638294e+04 2.638293e+04 2.638287e+04 2.638239e+04 2.638195e+04 2.638138e+04 2.637981e+04 2.637769e+04 2.637503e+04 2.637183e+04 2.636808e+04 2.636380e+04 2.635899e+04 2.632764e+04 2.628541e+04 2.623233e+04 2.616614e+04 2.608395e+04 2.598470e+04 2.574648e+04 2.549411e+04 2.527063e+04 2.509535e+04 2.496751e+04 2.487950e+04
