9.978958e+04 9.758929e+04 9.626672e+04 8.867620e+04 8.408685e+04 6.603197e+04 5.497789e+04 4.256300e+04 3.849563e+04 3.521636e+04 3.021866e+04 2.656892e+04 2.377786e+04 2.157267e+04 1.978702e+04 1.831202e+04 1.707209e+04 1.287382e+04 1.001138e+04 7.524018e+03 5.487352e+03 4.050087e+03 3.130664e+03 2.230221e+03 1.942164e+03 1.948688e+03 2.156684e+03 2.553062e+03 3.155672e+03
6.701741e+04 6.701754e+04 6.701734e+04 6.695167e+04 6.653043e+04 5.998115e+04 5.189083e+04 4.109140e+04 3.734451e+04 3.427957e+04 2.955188e+04 2.606475e+04 2.338121e+04 2.125160e+04 1.952154e+04 1.808889e+04 1.688212e+04 1.277830e+04 9.959516e+03 7.496169e+03 5.472798e+03 4.042541e+03 3.126752e+03 2.229386e+03 1.942567e+03 1.949910e+03 2.158709e+03 2.556020e+03 3.159763e+03
5.603758e+04 5.603753e+04 5.603729e+04 5.602202e+04 5.594603e+04 5.346473e+04 4.791921e+04 3.925714e+04 3.596040e+04 3.318344e+04 2.880048e+04 2.551016e+04 2.295203e+04 2.090833e+04 1.924026e+04 1.785414e+04 1.668341e+04 1.268009e+04 9.906640e+03 7.467912e+03 5.458077e+03 4.034924e+03 3.122812e+03 2.228551e+03 1.942980e+03 1.951147e+03 2.160755e+03 2.559007e+03 3.163891e+03
4.855200e+04 4.855196e+04 4.855182e+04 4.854449e+04 4.851324e+04 4.699905e+04 4.433526e+04 3.718473e+04 3.439105e+04 3.195163e+04 2.797326e+04 2.490942e+04 2.249274e+04 2.054433e+04 1.894414e+04 1.760845e+04 1.647642e+04 1.257932e+04 9.852796e+03 7.439264e+03 5.443194e+03 4.027239e+03 3.118844e+03 2.227717e+03 1.943403e+03 1.952401e+03 2.162823e+03 2.562023e+03 3.168054e+03
4.286478e+04 4.286476e+04 4.286466e+04 4.286251e+04 4.285860e+04 4.214282e+04 4.052710e+04 3.515576e+04 3.273241e+04 3.062712e+04 2.708392e+04 2.426863e+04 2.200652e+04 2.016149e+04 1.863438e+04 1.735261e+04 1.626173e+04 1.247613e+04 9.798032e+03 7.410241e+03 5.428155e+03 4.019488e+03 3.114850e+03 2.226883e+03 1.943835e+03 1.953671e+03 2.164914e+03 2.565067e+03 3.172253e+03
3.890029e+04 3.890027e+04 3.890021e+04 3.889744e+04 3.888685e+04 3.837391e+04 3.704518e+04 3.330018e+04 3.114625e+04 2.927746e+04 2.615189e+04 2.359574e+04 2.149738e+04 1.976206e+04 1.831238e+04 1.708756e+04 1.603997e+04 1.237067e+04 9.742398e+03 7.380862e+03 5.412967e+03 4.011676e+03 3.110830e+03 2.226050e+03 1.944278e+03 1.954957e+03 2.167028e+03 2.568141e+03 3.176489e+03
3.552333e+04 3.552331e+04 3.552326e+04 3.552132e+04 3.551431e+04 3.517386e+04 3.408162e+04 3.144537e+04 2.967720e+04 2.800090e+04 2.520289e+04 2.290074e+04 2.097009e+04 1.934869e+04 1.797974e+04 1.681433e+04 1.581186e+04 1.226312e+04 9.685947e+03 7.351146e+03 5.397638e+03 4.003803e+03 3.106786e+03 2.225218e+03 1.944731e+03 1.956261e+03 2.169164e+03 2.571244e+03 3.180761e+03
3.258342e+04 3.258341e+04 3.258337e+04 3.258199e+04 3.257713e+04 3.235298e+04 3.152397e+04 2.957829e+04 2.823526e+04 2.680997e+04 2.426979e+04 2.219569e+04 2.043028e+04 1.892442e+04 1.763827e+04 1.653408e+04 1.557819e+04 1.215364e+04 9.628733e+03 7.321110e+03 5.382173e+03 3.995872e+03 3.102718e+03 2.224388e+03 1.945195e+03 1.957581e+03 2.171324e+03 2.574377e+03 3.185070e+03
3.003157e+04 3.003156e+04 3.003153e+04 3.003065e+04 3.002758e+04 2.987789e+04 2.927628e+04 2.777381e+04 2.680102e+04 2.565354e+04 2.339310e+04 2.149479e+04 1.988440e+04 1.849263e+04 1.728998e+04 1.624810e+04 1.533980e+04 1.204243e+04 9.570813e+03 7.290776e+03 5.366580e+03 3.987887e+03 3.098628e+03 2.223559e+03 1.945670e+03 1.958918e+03 2.173506e+03 2.577540e+03 3.189417e+03
2.782380e+04 2.782380e+04 2.782378e+04 2.782307e+04 2.782051e+04 2.771032e+04 2.729102e+04 2.610279e+04 2.540037e+04 2.451497e+04 2.256629e+04 2.081510e+04 1.933968e+04 1.805713e+04 1.693705e+04 1.595775e+04 1.509762e+04 1.192967e+04 9.512246e+03 7.260162e+03 5.350867e+03 3.979850e+03 3.094518e+03 2.222732e+03 1.946155e+03 1.960272e+03 2.175712e+03 2.580733e+03 3.193801e+03
2.587398e+04 2.587397e+04 2.587396e+04 2.587344e+04 2.587163e+04 2.581305e+04 2.555012e+04 2.459832e+04 2.407084e+04 2.340036e+04 2.176883e+04 2.017472e+04 1.880426e+04 1.762205e+04 1.658189e+04 1.566453e+04 1.485263e+04 1.181557e+04 9.453094e+03 7.229290e+03 5.335040e+03 3.971764e+03 3.090387e+03 2.221908e+03 1.946652e+03 1.961644e+03 2.177942e+03 2.583956e+03 3.198223e+03
1.974015e+04 1.974015e+04 1.974015e+04 1.973995e+04 1.973928e+04 1.971612e+04 1.962700e+04 1.919242e+04 1.892367e+04 1.866293e+04 1.807109e+04 1.729695e+04 1.643873e+04 1.561400e+04 1.487051e+04 1.421439e+04 1.362399e+04 1.123254e+04 9.150770e+03 7.071797e+03 5.254469e+03 3.930698e+03 3.069477e+03 2.217829e+03 1.949306e+03 1.968768e+03 2.189449e+03 2.600533e+03 3.220906e+03
1.598472e+04 1.598471e+04 1.598471e+04 1.598464e+04 1.598440e+04 1.597415e+04 1.593487e+04 1.574008e+04 1.558941e+04 1.542836e+04 1.512190e+04 1.479696e+04 1.439271e+04 1.392104e+04 1.342891e+04 1.295226e+04 1.250699e+04 1.065030e+04 8.843676e+03 6.911107e+03 5.172212e+03 3.888835e+03 3.048247e+03 2.213851e+03 1.952260e+03 1.976350e+03 2.201573e+03 2.617901e+03 3.244570e+03
1.340826e+04 1.340826e+04 1.340826e+04 1.340823e+04 1.340813e+04 1.340615e+04 1.339658e+04 1.332782e+04 1.326273e+04 1.318104e+04 1.300375e+04 1.283749e+04 1.266067e+04 1.244148e+04 1.217519e+04 1.187806e+04 1.156954e+04 1.010129e+04 8.540716e+03 6.750088e+03 5.089260e+03 3.846542e+03 3.026843e+03 2.210007e+03 1.955533e+03 1.984410e+03 2.214338e+03 2.636087e+03 3.269246e+03
1.168194e+04 1.168194e+04 1.168194e+04 1.168192e+04 1.168189e+04 1.168321e+04 1.168491e+04 1.166777e+04 1.164383e+04 1.160809e+04 1.151214e+04 1.141183e+04 1.131955e+04 1.122064e+04 1.109643e+04 1.093940e+04 1.075323e+04 9.622626e+03 8.251378e+03 6.591727e+03 5.006631e+03 3.804189e+03 3.005412e+03 2.206332e+03 1.959144e+03 1.992967e+03 2.227769e+03 2.655120e+03 3.294968e+03
1.055109e+04 1.055109e+04 1.055109e+04 1.055113e+04 1.055124e+04 1.055273e+04 1.055288e+04 1.054281e+04 1.053053e+04 1.051183e+04 1.045602e+04 1.038915e+04 1.032783e+04 1.027365e+04 1.021565e+04 1.014106e+04 1.004222e+04 9.216982e+03 7.986056e+03 6.439172e+03 4.925382e+03 3.762157e+03 2.984102e+03 2.202859e+03 1.963113e+03 2.002044e+03 2.241889e+03 2.675029e+03 3.321769e+03
9.752547e+03 9.752547e+03 9.752547e+03 9.752545e+03 9.752539e+03 9.752045e+03 9.749959e+03 9.740126e+03 9.731626e+03 9.719960e+03 9.685737e+03 9.640885e+03 9.596064e+03 9.558323e+03 9.525544e+03 9.489314e+03 9.440183e+03 8.861922e+03 7.756640e+03 6.295822e+03 4.846638e+03 3.720850e+03 2.963070e+03 2.199622e+03 1.967459e+03 2.011660e+03 2.256725e+03 2.695844e+03 3.349683e+03
9.126744e+03 9.126744e+03 9.126744e+03 9.126743e+03 9.126743e+03 9.127185e+03 9.128165e+03 9.127671e+03 9.125495e+03 9.121440e+03 9.105697e+03 9.079462e+03 9.048092e+03 9.018799e+03 8.994547e+03 8.972499e+03 8.946096e+03 8.544601e+03 7.558889e+03 6.165712e+03 4.771634e+03 3.680706e+03 2.942486e+03 2.196660e+03 1.972203e+03 2.021838e+03 2.272301e+03 2.717595e+03 3.378745e+03
8.657581e+03 8.657581e+03 8.657581e+03 8.657585e+03 8.657597e+03 8.658604e+03 8.662124e+03 8.670420e+03 8.673326e+03 8.674545e+03 8.670103e+03 8.655397e+03 8.633014e+03 8.608527e+03 8.586461e+03 8.567542e+03 8.548599e+03 8.258973e+03 7.383329e+03 6.053181e+03 4.701787e+03 3.642219e+03 2.922542e+03 2.194015e+03 1.977367e+03 2.032600e+03 2.288645e+03 2.740313e+03 3.408989e+03
8.351606e+03 8.351606e+03 8.351607e+03 8.351623e+03 8.351665e+03 8.352150e+03 8.352594e+03 8.353269e+03 8.353062e+03 8.351952e+03 8.345709e+03 8.332734e+03 8.313456e+03 8.290877e+03 8.268679e+03 8.248802e+03 8.230309e+03 8.002938e+03 7.223599e+03 5.954678e+03 4.639001e+03 3.605963e+03 2.903463e+03 2.191739e+03 1.982978e+03 2.043971e+03 2.305785e+03 2.764030e+03 3.440451e+03
8.111482e+03 8.111482e+03 8.111482e+03 8.111481e+03 8.111475e+03 8.111237e+03 8.110312e+03 8.105748e+03 8.102324e+03 8.098316e+03 8.088402e+03 8.074989e+03 8.057326e+03 8.036361e+03 8.014340e+03 7.993171e+03 7.973062e+03 7.775514e+03 7.075609e+03 5.866143e+03 4.584793e+03 3.572642e+03 2.885511e+03 2.189892e+03 1.989064e+03 2.055977e+03 2.323749e+03 2.788779e+03 3.473170e+03
7.880503e+03 7.880503e+03 7.880503e+03 7.880502e+03 7.880498e+03 7.880311e+03 7.879558e+03 7.876581e+03 7.874582e+03 7.872213e+03 7.865834e+03 7.856171e+03 7.842297e+03 7.824454e+03 7.804062e+03 7.782774e+03 7.761327e+03 7.575255e+03 6.937206e+03 5.784621e+03 4.537032e+03 3.543307e+03 2.869011e+03 2.188549e+03 1.995660e+03 2.068648e+03 2.342569e+03 2.814594e+03 3.507181e+03
7.663067e+03 7.663067e+03 7.663067e+03 7.663069e+03 7.663085e+03 7.663848e+03 7.665954e+03 7.670917e+03 7.672913e+03 7.674177e+03 7.673734e+03 7.668646e+03 7.658620e+03 7.643989e+03 7.625780e+03 7.605291e+03 7.583340e+03 7.399875e+03 6.807593e+03 5.707977e+03 4.493900e+03 3.518380e+03 2.854381e+03 2.187800e+03 2.002808e+03 2.082015e+03 2.362276e+03 2.841510e+03 3.542526e+03
7.511009e+03 7.511009e+03 7.511009e+03 7.511023e+03 7.511065e+03 7.512124e+03 7.514011e+03 7.517122e+03 7.517958e+03 7.518118e+03 7.516064e+03 7.510513e+03 7.501208e+03 7.488104e+03 7.471554e+03 7.452190e+03 7.430477e+03 7.246522e+03 6.686684e+03 5.634843e+03 4.454000e+03 3.496679e+03 2.842272e+03 2.187757e+03 2.010556e+03 2.096115e+03 2.382907e+03 2.869565e+03 3.579243e+03
7.401558e+03 7.401558e+03 7.401558e+03 7.401553e+03 7.401538e+03 7.400985e+03 7.399136e+03 7.393265e+03 7.389957e+03 7.386576e+03 7.379525e+03 7.371557e+03 7.361863e+03 7.349748e+03 7.334837e+03 7.317058e+03 7.296372e+03 7.112193e+03 6.574608e+03 5.564506e+03 4.416246e+03 3.477324e+03 2.832700e+03 2.188556e+03 2.018962e+03 2.110989e+03 2.404498e+03 2.898798e+03 3.617374e+03
7.259125e+03 7.259125e+03 7.259124e+03 7.259123e+03 7.259117e+03 7.258907e+03 7.258198e+03 7.255508e+03 7.253664e+03 7.251562e+03 7.246658e+03 7.240649e+03 7.233070e+03 7.223345e+03 7.210964e+03 7.195537e+03 7.176693e+03 6.994076e+03 6.471403e+03 5.496732e+03 4.379860e+03 3.459611e+03 2.825009e+03 2.190368e+03 2.028095e+03 2.126683e+03 2.427092e+03 2.929250e+03 3.656964e+03
7.113115e+03 7.113115e+03 7.113115e+03 7.113124e+03 7.113151e+03 7.113906e+03 7.115475e+03 7.118431e+03 7.119525e+03 7.120247e+03 7.120331e+03 7.118392e+03 7.114263e+03 7.107690e+03 7.098289e+03 7.085590e+03 7.069030e+03 6.889722e+03 6.376895e+03 5.431574e+03 4.344341e+03 3.442973e+03 2.818733e+03 2.193431e+03 2.038034e+03 2.143249e+03 2.450732e+03 2.960965e+03 3.698056e+03
7.003584e+03 7.003584e+03 7.003584e+03 7.003590e+03 7.003611e+03 7.004055e+03 7.004951e+03 7.007325e+03 7.008556e+03 7.009622e+03 7.010850e+03 7.010500e+03 7.008296e+03 7.003916e+03 6.996886e+03 6.986568e+03 6.972183e+03 6.797063e+03 6.290673e+03 5.369208e+03 4.309428e+03 3.426975e+03 2.813499e+03 2.198060e+03 2.048876e+03 2.160745e+03 2.475467e+03 2.993989e+03 3.740699e+03
6.920052e+03 6.920052e+03 6.920052e+03 6.920051e+03 6.920050e+03 6.919972e+03 6.919722e+03 6.919150e+03 6.918872e+03 6.918597e+03 6.917992e+03 6.917024e+03 6.915195e+03 6.911895e+03 6.906404e+03 6.897858e+03 6.885249e+03 6.714333e+03 6.212130e+03 5.309812e+03 4.275041e+03 3.411307e+03 2.808997e+03 2.204094e+03 2.060734e+03 2.179238e+03 2.501350e+03 3.028371e+03 3.784941e+03
6.838260e+03 6.838260e+03 6.838260e+03 6.838259e+03 6.838254e+03 6.838100e+03 6.837627e+03 6.836189e+03 6.835512e+03 6.834971e+03 6.834246e+03 6.833604e+03 6.832432e+03 6.830062e+03 6.825723e+03 6.818485e+03 6.807224e+03 6.639974e+03 6.140511e+03 5.253492e+03 4.241221e+03 3.395778e+03 2.804983e+03 2.211318e+03 2.073752e+03 2.198804e+03 2.528440e+03 3.064165e+03 3.830834e+03
6.749982e+03 6.749982e+03 6.749982e+03 6.749987e+03 6.749999e+03 6.750272e+03 6.751003e+03 6.753317e+03 6.754607e+03 6.755829e+03 6.757801e+03 6.758890e+03 6.758849e+03 6.757338e+03 6.753803e+03 6.747407e+03 6.737034e+03 6.572561e+03 6.074973e+03 5.200255e+03 4.208076e+03 3.380300e+03 2.801277e+03 2.219582e+03 2.088135e+03 2.219529e+03 2.556800e+03 3.101427e+03 3.878434e+03
6.684565e+03 6.684565e+03 6.684566e+03 6.684570e+03 6.684583e+03 6.684992e+03 6.686063e+03 6.688993e+03 6.690485e+03 6.691836e+03 6.693877e+03 6.694874e+03 6.694702e+03 6.693123e+03 6.689650e+03 6.683479e+03 6.673472e+03 6.510756e+03 6.014629e+03 5.150009e+03 4.175741e+03 3.364866e+03 2.797763e+03 2.228767e+03 2.104030e+03 2.241511e+03 2.586501e+03 3.140217e+03 3.927799e+03
6.644301e+03 6.644301e+03 6.644301e+03 6.644300e+03 6.644296e+03 6.644169e+03 6.643783e+03 6.642663e+03 6.642112e+03 6.641605e+03 6.640659e+03 6.639576e+03 6.638011e+03 6.635528e+03 6.631515e+03 6.625088e+03 6.615051e+03 6.453304e+03 5.958597e+03 5.102575e+03 4.144344e+03 3.349530e+03 2.794380e+03 2.238777e+03 2.121317e+03 2.264868e+03 2.617622e+03 3.180603e+03 3.978988e+03
6.595239e+03 6.595239e+03 6.595239e+03 6.595238e+03 6.595235e+03 6.595116e+03 6.594722e+03 6.593172e+03 6.592182e+03 6.591164e+03 6.589166e+03 6.587126e+03 6.584748e+03 6.581605e+03 6.577095e+03 6.570342e+03 6.560149e+03 6.399050e+03 5.906040e+03 5.057720e+03 4.113998e+03 3.334391e+03 2.791120e+03 2.249537e+03 2.139922e+03 2.289743e+03 2.650247e+03 3.222653e+03 4.032068e+03
6.536885e+03 6.536885e+03 6.536885e+03 6.536884e+03 6.536880e+03 6.536756e+03 6.536569e+03 6.536641e+03 6.536727e+03 6.536709e+03 6.536162e+03 6.534821e+03 6.532615e+03 6.529364e+03 6.524640e+03 6.517684e+03 6.507365e+03 6.346980e+03 5.856193e+03 5.015175e+03 4.084784e+03 3.319569e+03 2.788020e+03 2.260995e+03 2.159798e+03 2.316337e+03 2.684473e+03 3.266446e+03 4.087106e+03
6.481857e+03 6.481857e+03 6.481857e+03 6.481862e+03 6.481878e+03 6.482251e+03 6.483017e+03 6.484644e+03 6.485199e+03 6.485491e+03 6.485244e+03 6.483935e+03 6.481609e+03 6.478158e+03 6.473220e+03 6.466085e+03 6.455664e+03 6.296247e+03 5.808392e+03 4.974672e+03 4.056763e+03 3.305198e+03 2.785150e+03 2.273118e+03 2.180911e+03 2.344691e+03 2.720410e+03 3.312063e+03 4.144178e+03
6.443044e+03 6.443044e+03 6.443044e+03 6.443043e+03 6.443039e+03 6.442897e+03 6.442410e+03 6.440716e+03 6.439734e+03 6.438729e+03 6.436613e+03 6.434176e+03 6.431167e+03 6.427282e+03 6.422055e+03 6.414742e+03 6.404250e+03 6.246180e+03 5.762085e+03 4.935956e+03 4.029973e+03 3.291416e+03 2.782605e+03 2.285897e+03 2.203237e+03 2.374746e+03 2.758185e+03 3.359596e+03 4.203360e+03
6.391436e+03 6.391436e+03 6.391436e+03 6.391435e+03 6.391431e+03 6.391297e+03 6.390878e+03 6.389461e+03 6.388576e+03 6.387611e+03 6.385446e+03 6.382875e+03 6.379710e+03 6.375679e+03 6.370338e+03 6.362967e+03 6.352499e+03 6.196285e+03 5.716839e+03 4.898804e+03 4.004441e+03 3.278357e+03 2.780500e+03 2.299343e+03 2.226762e+03 2.406484e+03 2.797959e+03 3.409143e+03 4.264737e+03
6.331514e+03 6.331514e+03 6.331514e+03 6.331516e+03 6.331521e+03 6.331681e+03 6.332063e+03 6.332696e+03 6.332766e+03 6.332619e+03 6.331632e+03 6.329711e+03 6.326850e+03 6.322940e+03 6.317656e+03 6.310353e+03 6.300014e+03 6.146233e+03 5.672343e+03 4.863037e+03 3.980185e+03 3.266147e+03 2.778961e+03 2.313487e+03 2.251483e+03 2.439898e+03 2.839916e+03 3.460815e+03 4.328399e+03
6.280130e+03 6.280130e+03 6.280130e+03 6.280130e+03 6.280129e+03 6.280106e+03 6.280043e+03 6.279896e+03 6.279729e+03 6.279417e+03 6.278209e+03 6.276134e+03 6.273164e+03 6.269200e+03 6.263932e+03 6.256732e+03 6.246600e+03 6.095849e+03 5.628401e+03 4.828526e+03 3.957228e+03 3.254910e+03 2.778119e+03 2.328377e+03 2.277405e+03 2.474992e+03 2.884038e+03 3.514736e+03 4.394442e+03
6.229896e+03 6.229896e+03 6.229896e+03 6.229896e+03 6.229895e+03 6.229854e+03 6.229679e+03 6.228678e+03 6.227867e+03 6.226896e+03 6.224561e+03 6.221733e+03 6.218349e+03 6.214228e+03 6.208993e+03 6.201979e+03 6.192167e+03 6.045104e+03 5.584924e+03 4.795191e+03 3.935594e+03 3.244757e+03 2.778108e+03 2.344075e+03 2.304542e+03 2.511774e+03 2.930312e+03 3.571051e+03 4.462973e+03
6.175277e+03 6.175277e+03 6.175277e+03 6.175275e+03 6.175268e+03 6.175050e+03 6.174419e+03 6.172518e+03 6.171401e+03 6.170211e+03 6.167636e+03 6.164764e+03 6.161482e+03 6.157581e+03 6.152668e+03 6.146070e+03 6.136771e+03 5.994103e+03 5.541920e+03 4.763005e+03 3.915319e+03 3.235800e+03 2.779062e+03 2.360661e+03 2.332920e+03 2.550258e+03 2.978746e+03 3.629953e+03 4.534104e+03
6.109108e+03 6.109108e+03 6.109108e+03 6.109108e+03 6.109109e+03 6.109132e+03 6.109180e+03 6.109074e+03 6.108824e+03 6.108419e+03 6.107137e+03 6.105247e+03 6.102748e+03 6.099531e+03 6.095268e+03 6.089330e+03 6.080735e+03 5.943070e+03 5.499477e+03 4.731985e+03 3.896451e+03 3.228141e+03 2.781110e+03 2.378219e+03 2.362574e+03 2.590464e+03 3.029357e+03 3.691567e+03 4.607963e+03
6.046359e+03 6.046359e+03 6.046359e+03 6.046360e+03 6.046362e+03 6.046432e+03 6.046616e+03 6.047024e+03 6.047125e+03 6.047099e+03 6.046588e+03 6.045445e+03 6.043670e+03 6.041168e+03 6.037629e+03 6.032439e+03 6.024633e+03 5.892318e+03 5.457746e+03 4.702188e+03 3.879050e+03 3.221883e+03 2.784379e+03 2.396847e+03 2.393546e+03 2.632415e+03 3.082169e+03 3.755871e+03 4.684693e+03
5.990096e+03 5.990096e+03 5.990096e+03 5.990096e+03 5.990095e+03 5.990057e+03 5.989936e+03 5.989496e+03 5.989197e+03 5.988852e+03 5.988016e+03 5.986939e+03 5.985512e+03 5.983536e+03 5.980631e+03 5.976151e+03 5.969121e+03 5.842210e+03 5.416924e+03 4.673707e+03 3.863187e+03 3.217125e+03 2.788994e+03 2.416647e+03 2.425890e+03 2.676141e+03 3.137208e+03 3.822877e+03 4.764465e+03
5.933235e+03 5.933235e+03 5.933235e+03 5.933234e+03 5.933231e+03 5.933150e+03 5.932899e+03 5.932117e+03 5.931688e+03 5.931272e+03 5.930485e+03 5.929678e+03 5.928681e+03 5.927234e+03 5.924928e+03 5.921103e+03 5.914791e+03 5.793116e+03 5.377235e+03 4.646659e+03 3.848947e+03 3.213966e+03 2.795071e+03 2.437726e+03 2.459667e+03 2.721678e+03 3.194505e+03 3.892610e+03 4.847498e+03
5.872827e+03 5.872827e+03 5.872827e+03 5.872828e+03 5.872830e+03 5.872907e+03 5.873088e+03 5.873494e+03 5.873686e+03 5.873856e+03 5.874087e+03 5.874088e+03 5.873744e+03 5.872867e+03 5.871102e+03 5.867838e+03 5.862142e+03 5.745376e+03 5.338917e+03 4.621187e+03 3.836427e+03 3.212506e+03 2.802726e+03 2.460192e+03 2.494944e+03 2.769065e+03 3.254095e+03 3.965104e+03 4.933843e+03
5.818190e+03 5.818190e+03 5.818190e+03 5.818191e+03 5.818195e+03 5.818290e+03 5.818569e+03 5.819508e+03 5.820044e+03 5.820551e+03 5.821349e+03 5.821763e+03 5.821729e+03 5.821129e+03 5.819663e+03 5.816760e+03 5.811521e+03 5.699283e+03 5.302212e+03 4.597447e+03 3.825732e+03 3.212843e+03 2.812071e+03 2.484158e+03 2.531798e+03 2.818349e+03 3.316013e+03 4.040395e+03 5.023496e+03
5.772878e+03 5.772878e+03 5.772878e+03 5.772878e+03 5.772879e+03 5.772904e+03 5.772972e+03 5.773179e+03 5.773284e+03 5.773369e+03 5.773434e+03 5.773310e+03 5.772936e+03 5.772172e+03 5.770707e+03 5.767965e+03 5.763046e+03 5.655084e+03 5.267368e+03 4.575610e+03 3.816975e+03 3.215080e+03 2.823213e+03 2.509734e+03 2.570309e+03 2.869581e+03 3.380303e+03 4.118525e+03 5.116488e+03
5.730739e+03 5.730739e+03 5.730739e+03 5.730739e+03 5.730738e+03 5.730688e+03 5.730511e+03 5.729807e+03 5.729358e+03 5.728896e+03 5.728002e+03 5.727170e+03 5.726336e+03 5.725334e+03 5.723828e+03 5.721228e+03 5.716627e+03 5.613003e+03 5.234638e+03 4.555858e+03 3.810280e+03 3.219317e+03 2.836258e+03 2.537032e+03 2.610563e+03 2.922820e+03 3.447006e+03 4.199536e+03 5.212856e+03
5.684851e+03 5.684851e+03 5.684851e+03 5.684850e+03 5.684848e+03 5.684767e+03 5.684533e+03 5.683848e+03 5.683463e+03 5.683070e+03 5.682284e+03 5.681517e+03 5.680749e+03 5.679868e+03 5.678578e+03 5.676311e+03 5.672179e+03 5.573287e+03 5.204287e+03 4.538384e+03 3.805773e+03 3.225658e+03 2.851310e+03 2.566161e+03 2.652651e+03 2.978128e+03 3.516173e+03 4.283474e+03 5.312645e+03
5.635482e+03 5.635482e+03 5.635482e+03 5.635482e+03 5.635485e+03 5.635553e+03 5.635741e+03 5.636202e+03 5.636380e+03 5.636498e+03 5.636547e+03 5.636405e+03 5.636147e+03 5.635747e+03 5.634973e+03 5.633294e+03 5.629845e+03 5.536243e+03 5.176599e+03 4.523384e+03 3.803586e+03 3.234207e+03 2.868469e+03 2.597232e+03 2.696667e+03 3.035574e+03 3.587854e+03 4.370389e+03 5.415906e+03
5.591885e+03 5.591885e+03 5.591885e+03 5.591886e+03 5.591886e+03 5.591905e+03 5.591980e+03 5.592290e+03 5.592474e+03 5.592645e+03 5.592919e+03 5.593139e+03 5.593370e+03 5.593577e+03 5.593509e+03 5.592628e+03 5.590056e+03 5.502262e+03 5.151871e+03 4.511061e+03 3.803854e+03 3.245068e+03 2.887835e+03 2.630351e+03 2.742709e+03 3.095230e+03 3.662106e+03 4.460330e+03 5.522688e+03
5.552067e+03 5.552067e+03 5.552067e+03 5.552067e+03 5.552068e+03 5.552073e+03 5.552052e+03 5.551914e+03 5.551841e+03 5.551801e+03 5.551912e+03 5.552353e+03 5.553122e+03 5.554088e+03 5.554920e+03 5.555022e+03 5.553491e+03 5.471802e+03 5.130405e+03 4.501613e+03 3.806709e+03 3.258345e+03 2.909506e+03 2.665625e+03 2.790874e+03 3.157175e+03 3.738990e+03 4.553351e+03 5.633046e+03
5.512494e+03 5.512494e+03 5.512494e+03 5.512494e+03 5.512493e+03 5.512448e+03 5.512327e+03 5.512126e+03 5.512143e+03 5.512284e+03 5.513001e+03 5.514311e+03 5.516117e+03 5.518203e+03 5.520181e+03 5.521427e+03 5.521028e+03 5.445358e+03 5.112496e+03 4.495234e+03 3.812286e+03 3.274144e+03 2.933581e+03 2.703158e+03 2.841266e+03 3.221491e+03 3.818570e+03 4.649510e+03 5.747037e+03
5.472040e+03 5.472040e+03 5.472040e+03 5.472041e+03 5.472044e+03 5.472151e+03 5.472467e+03 5.473599e+03 5.474417e+03 5.475403e+03 5.477833e+03 5.480767e+03 5.484053e+03 5.487473e+03 5.490664e+03 5.493026e+03 5.493679e+03 5.423392e+03 5.098409e+03 4.492104e+03 3.820715e+03 3.292568e+03 2.960155e+03 2.743054e+03 2.893986e+03 3.288265e+03 3.900915e+03 4.748866e+03 5.864719e+03
5.440285e+03 5.440285e+03 5.440285e+03 5.440287e+03 5.440296e+03 5.440535e+03 5.441199e+03 5.443589e+03 5.445193e+03 5.446978e+03 5.450898e+03 5.455110e+03 5.459479e+03 5.463834e+03 5.467854e+03 5.470978e+03 5.472360e+03 5.406263e+03 5.088363e+03 4.492387e+03 3.832123e+03 3.313722e+03 2.989325e+03 2.785415e+03 2.949138e+03 3.357588e+03 3.986098e+03 4.851482e+03 5.986152e+03
5.425893e+03 5.425893e+03 5.425893e+03 5.425896e+03 5.425904e+03 5.426165e+03 5.426885e+03 5.429148e+03 5.430571e+03 5.432151e+03 5.435721e+03 5.439733e+03 5.444043e+03 5.448443e+03 5.452584e+03 5.455895e+03 5.457533e+03 5.394164e+03 5.082522e+03 4.496233e+03 3.846632e+03 3.337708e+03 3.021186e+03 2.830342e+03 3.006828e+03 3.429553e+03 4.074198e+03 4.957425e+03 6.111400e+03
5.427471e+03 5.427471e+03 5.427470e+03 5.427470e+03 5.427469e+03 5.427439e+03 5.427358e+03 5.427476e+03 5.427873e+03 5.428539e+03 5.430631e+03 5.433548e+03 5.437040e+03 5.440825e+03 5.444516e+03 5.447528e+03 5.449010e+03 5.387098e+03 5.080992e+03 4.503773e+03 3.864364e+03 3.364632e+03 3.055835e+03 2.877935e+03 3.067161e+03 3.504258e+03 4.165296e+03 5.066765e+03 6.240528e+03
5.426695e+03 5.426695e+03 5.426695e+03 5.426697e+03 5.426701e+03 5.426826e+03 5.427123e+03 5.428053e+03 5.428679e+03 5.429418e+03 5.431262e+03 5.433592e+03 5.436356e+03 5.439410e+03 5.442453e+03 5.444946e+03 5.446067e+03 5.384921e+03 5.083843e+03 4.515131e+03 3.885434e+03 3.394595e+03 3.093367e+03 2.928295e+03 3.130243e+03 3.581804e+03 4.259478e+03 5.179575e+03 6.373604e+03
5.431455e+03 5.431455e+03 5.431456e+03 5.431457e+03 5.431461e+03 5.431602e+03 5.431997e+03 5.433222e+03 5.433946e+03 5.434706e+03 5.436327e+03 5.438140e+03 5.440229e+03 5.442583e+03 5.444996e+03 5.446988e+03 5.447764e+03 5.387428e+03 5.091132e+03 4.530425e+03 3.909962e+03 3.427703e+03 3.133880e+03 2.981520e+03 3.196181e+03 3.662293e+03 4.356834e+03 5.295933e+03 6.510699e+03
5.443974e+03 5.443974e+03 5.443974e+03 5.443973e+03 5.443973e+03 5.443959e+03 5.443921e+03 5.443940e+03 5.444051e+03 5.444237e+03 5.444836e+03 5.445777e+03 5.447130e+03 5.448893e+03 5.450869e+03 5.452585e+03 5.453243e+03 5.394457e+03 5.102930e+03 4.549779e+03 3.938064e+03 3.464061e+03 3.177471e+03 3.037711e+03 3.265082e+03 3.745831e+03 4.457460e+03 5.415921e+03 6.651887e+03
5.454380e+03 5.454380e+03 5.454380e+03 5.454380e+03 5.454380e+03 5.454365e+03 5.454315e+03 5.454117e+03 5.454000e+03 5.453910e+03 5.453931e+03 5.454398e+03 5.455455e+03 5.457101e+03 5.459125e+03 5.461024e+03 5.461981e+03 5.405992e+03 5.119351e+03 4.573323e+03 3.969860e+03 3.503773e+03 3.224237e+03 3.096966e+03 3.337055e+03 3.832527e+03 4.561452e+03 5.539624e+03 6.797244e+03
5.461880e+03 5.461880e+03 5.461880e+03 5.461879e+03 5.461879e+03 5.461864e+03 5.461816e+03 5.461681e+03 5.461634e+03 5.461638e+03 5.461941e+03 5.462841e+03 5.464474e+03 5.466805e+03 5.469581e+03 5.472273e+03 5.474040e+03 5.422219e+03 5.140562e+03 4.601199e+03 4.005471e+03 3.546947e+03 3.274277e+03 3.159387e+03 3.412209e+03 3.922491e+03 4.668913e+03 5.667132e+03 6.946852e+03
5.466949e+03 5.466949e+03 5.466949e+03 5.466950e+03 5.466951e+03 5.466988e+03 5.467087e+03 5.467441e+03 5.467763e+03 5.468239e+03 5.469751e+03 5.472078e+03 5.475207e+03 5.479011e+03 5.483191e+03 5.487198e+03 5.490192e+03 5.443524e+03 5.166777e+03 4.633555e+03 4.045018e+03 3.593689e+03 3.327691e+03 3.225074e+03 3.490651e+03 4.015835e+03 4.779949e+03 5.798537e+03 7.100792e+03
5.472968e+03 5.472968e+03 5.472968e+03 5.472968e+03 5.472969e+03 5.473012e+03 5.473237e+03 5.474626e+03 5.475802e+03 5.477264e+03 5.480912e+03 5.485361e+03 5.490475e+03 5.496096e+03 5.501926e+03 5.507428e+03 5.511778e+03 5.470427e+03 5.198232e+03 4.670540e+03 4.088621e+03 3.644105e+03 3.384579e+03 3.294128e+03 3.572495e+03 4.112673e+03 4.894667e+03 5.933939e+03 7.259152e+03
5.486475e+03 5.486475e+03 5.486475e+03 5.486479e+03 5.486488e+03 5.486804e+03 5.487774e+03 5.491220e+03 5.493445e+03 5.495894e+03 5.501324e+03 5.507365e+03 5.513952e+03 5.520956e+03 5.528085e+03 5.534800e+03 5.540275e+03 5.503462e+03 5.235161e+03 4.712300e+03 4.136399e+03 3.698304e+03 3.445043e+03 3.366653e+03 3.657849e+03 4.213123e+03 5.013180e+03 6.073437e+03 7.422024e+03
5.523585e+03 5.523585e+03 5.523585e+03 5.523588e+03 5.523597e+03 5.523819e+03 5.524432e+03 5.526737e+03 5.528404e+03 5.530394e+03 5.535275e+03 5.541229e+03 5.548073e+03 5.555553e+03 5.563277e+03 5.570642e+03 5.576782e+03 5.543052e+03 5.277757e+03 4.758965e+03 4.188465e+03 3.756390e+03 3.509186e+03 3.442753e+03 3.746828e+03 4.317301e+03 5.135603e+03 6.217139e+03 7.589500e+03
5.573683e+03 5.573683e+03 5.573683e+03 5.573683e+03 5.573684e+03 5.573727e+03 5.573864e+03 5.574710e+03 5.575627e+03 5.576951e+03 5.580834e+03 5.586196e+03 5.592747e+03 5.600134e+03 5.607898e+03 5.615393e+03 5.621724e+03 5.589420e+03 5.326151e+03 4.810647e+03 4.244928e+03 3.818472e+03 3.577111e+03 3.522533e+03 3.839546e+03 4.425328e+03 5.262055e+03 6.365152e+03 7.761680e+03
5.624192e+03 5.624192e+03 5.624192e+03 5.624195e+03 5.624203e+03 5.624433e+03 5.625043e+03 5.627184e+03 5.628698e+03 5.630500e+03 5.634942e+03 5.640439e+03 5.646866e+03 5.654010e+03 5.661506e+03 5.668761e+03 5.674907e+03 5.642563e+03 5.380405e+03 4.867439e+03 4.305894e+03 3.884654e+03 3.648923e+03 3.606102e+03 3.936117e+03 4.537326e+03 5.392657e+03 6.517590e+03 7.938666e+03
5.686171e+03 5.686171e+03 5.686172e+03 5.686174e+03 5.686182e+03 5.686433e+03 5.687205e+03 5.689990e+03 5.691825e+03 5.693875e+03 5.698515e+03 5.703830e+03 5.709815e+03 5.716392e+03 5.723301e+03 5.730013e+03 5.735694e+03 5.702285e+03 5.440520e+03 4.929419e+03 4.371465e+03 3.955044e+03 3.724732e+03 3.693570e+03 4.036660e+03 4.653418e+03 5.527532e+03 6.674570e+03 8.120562e+03
5.764478e+03 5.764478e+03 5.764478e+03 5.764478e+03 5.764480e+03 5.764533e+03 5.764763e+03 5.766021e+03 5.767054e+03 5.768332e+03 5.771546e+03 5.775585e+03 5.780431e+03 5.786007e+03 5.792054e+03 5.798044e+03 5.803137e+03 5.768272e+03 5.506462e+03 4.996655e+03 4.441741e+03 4.029751e+03 3.804645e+03 3.785049e+03 4.141292e+03 4.773731e+03 5.666808e+03 6.836213e+03 8.307480e+03
5.846397e+03 5.846397e+03 5.846397e+03 5.846397e+03 5.846399e+03 5.846446e+03 5.846589e+03 5.847115e+03 5.847533e+03 5.848101e+03 5.849826e+03 5.852493e+03 5.856183e+03 5.860821e+03 5.866120e+03 5.871522e+03 5.876156e+03 5.840194e+03 5.578193e+03 5.069216e+03 4.516826e+03 4.108889e+03 3.888779e+03 3.880655e+03 4.250137e+03 4.898391e+03 5.810613e+03 7.002642e+03 8.499533e+03
5.927295e+03 5.927295e+03 5.927295e+03 5.927295e+03 5.927294e+03 5.927285e+03 5.927264e+03 5.927300e+03 5.927436e+03 5.927722e+03 5.928933e+03 5.931187e+03 5.934560e+03 5.938957e+03 5.944078e+03 5.949352e+03 5.953899e+03 5.917809e+03 5.655701e+03 5.147182e+03 4.596831e+03 4.192572e+03 3.977249e+03 3.980506e+03 4.363315e+03 5.027529e+03 5.959079e+03 7.173984e+03 8.696838e+03
6.003684e+03 6.003684e+03 6.003684e+03 6.003684e+03 6.003684e+03 6.003673e+03 6.003662e+03 6.004018e+03 6.004515e+03 6.005258e+03 6.007487e+03 6.010696e+03 6.014860e+03 6.019887e+03 6.025511e+03 6.031195e+03 6.036086e+03 6.001038e+03 5.739025e+03 5.230650e+03 4.681871e+03 4.280925e+03 4.070179e+03 4.084725e+03 4.480954e+03 5.161274e+03 6.112342e+03 7.350372e+03 8.899518e+03
6.077168e+03 6.077168e+03 6.077168e+03 6.077171e+03 6.077179e+03 6.077444e+03 6.078219e+03 6.080819e+03 6.082499e+03 6.084364e+03 6.088544e+03 6.093297e+03 6.098679e+03 6.104695e+03 6.111149e+03 6.117548e+03 6.123063e+03 6.089985e+03 5.828266e+03 5.319739e+03 4.772076e+03 4.374075e+03 4.167696e+03 4.193436e+03 4.603181e+03 5.299762e+03 6.270536e+03 7.531938e+03 9.107696e+03
6.165204e+03 6.165204e+03 6.165204e+03 6.165207e+03 6.165215e+03 6.165481e+03 6.166286e+03 6.169064e+03 6.170848e+03 6.172820e+03 6.177267e+03 6.182416e+03 6.188343e+03 6.195014e+03 6.202182e+03 6.209305e+03 6.215520e+03 6.184904e+03 5.923582e+03 5.414594e+03 4.867587e+03 4.472159e+03 4.269932e+03 4.306768e+03 4.730126e+03 5.443126e+03 6.433803e+03 7.718821e+03 9.321504e+03
6.268778e+03 6.268778e+03 6.268778e+03 6.268778e+03 6.268777e+03 6.268766e+03 6.268780e+03 6.269329e+03 6.270000e+03 6.271002e+03 6.274098e+03 6.278677e+03 6.284625e+03 6.291691e+03 6.299456e+03 6.307263e+03 6.314174e+03 6.286140e+03 6.025177e+03 5.515380e+03 4.968555e+03 4.575323e+03 4.377029e+03 4.424856e+03 4.861923e+03 5.591505e+03 6.602282e+03 7.911160e+03 9.541072e+03
6.369898e+03 6.369898e+03 6.369898e+03 6.369897e+03 6.369897e+03 6.369883e+03 6.369854e+03 6.370215e+03 6.370856e+03 6.371909e+03 6.375353e+03 6.380523e+03 6.387193e+03 6.395028e+03 6.403558e+03 6.412098e+03 6.419694e+03 6.394065e+03 6.133285e+03 5.622287e+03 5.075147e+03 4.683721e+03 4.489132e+03 4.547836e+03 4.998706e+03 5.745037e+03 6.776118e+03 8.109100e+03 9.766539e+03
6.466446e+03 6.466446e+03 6.466446e+03 6.466450e+03 6.466461e+03 6.466827e+03 6.467845e+03 6.471207e+03 6.473445e+03 6.476010e+03 6.482034e+03 6.489145e+03 6.497225e+03 6.506096e+03 6.515419e+03 6.524602e+03 6.532751e+03 6.509022e+03 6.248154e+03 5.735517e+03 5.187543e+03 4.797515e+03 4.606394e+03 4.675849e+03 5.140614e+03 5.903864e+03 6.955456e+03 8.312785e+03 9.998043e+03
6.581898e+03 6.581898e+03 6.581898e+03 6.581902e+03 6.581914e+03 6.582287e+03 6.583442e+03 6.587720e+03 6.590576e+03 6.593762e+03 6.600871e+03 6.608761e+03 6.617345e+03 6.626538e+03 6.636091e+03 6.645481e+03 6.653848e+03 6.631283e+03 6.370037e+03 5.855293e+03 5.305932e+03 4.916878e+03 4.728975e+03 4.809041e+03 5.287787e+03 6.068129e+03 7.140446e+03 8.522367e+03 1.023573e+04
6.722622e+03 6.722622e+03 6.722622e+03 6.722623e+03 6.722625e+03 6.722715e+03 6.723149e+03 6.725312e+03 6.727032e+03 6.729140e+03 6.734382e+03 6.740805e+03 6.748272e+03 6.756652e+03 6.765658e+03 6.774733e+03 6.782976e+03 6.761039e+03 6.499193e+03 5.981849e+03 5.430518e+03 5.041990e+03 4.857041e+03 4.947560e+03 5.440368e+03 6.237978e+03 7.331236e+03 8.737996e+03 1.047975e+04
6.871035e+03 6.871035e+03 6.871035e+03 6.871036e+03 6.871038e+03 6.871104e+03 6.871309e+03 6.872197e+03 6.872970e+03 6.874021e+03 6.877076e+03 6.881511e+03 6.887376e+03 6.894584e+03 6.902824e+03 6.911475e+03 6.919565e+03 6.898446e+03 6.635898e+03 6.115435e+03 5.561516e+03 5.173043e+03 4.990767e+03 5.091560e+03 5.598504e+03 6.413558e+03 7.527980e+03 8.959828e+03 1.073024e+04
7.018307e+03 7.018307e+03 7.018308e+03 7.018308e+03 7.018310e+03 7.018365e+03 7.018527e+03 7.019158e+03 7.019658e+03 7.020336e+03 7.022460e+03 7.025956e+03 7.031078e+03 7.037827e+03 7.045895e+03 7.054619e+03 7.062963e+03 7.043723e+03 6.780458e+03 6.256318e+03 5.699151e+03 5.310234e+03 5.130331e+03 5.241197e+03 5.762341e+03 6.595019e+03 7.730833e+03 9.188021e+03 1.098737e+04
7.163345e+03 7.163345e+03 7.163345e+03 7.163345e+03 7.163346e+03 7.163381e+03 7.163488e+03 7.163989e+03 7.164490e+03 7.165243e+03 7.167728e+03 7.171803e+03 7.177656e+03 7.185239e+03 7.194208e+03 7.203860e+03 7.213127e+03 7.197247e+03 6.933217e+03 6.404776e+03 5.843657e+03 5.453768e+03 5.275919e+03 5.396631e+03 5.932029e+03 6.782511e+03 7.939951e+03 9.422735e+03 1.125129e+04
7.304905e+03 7.304905e+03 7.304905e+03 7.304905e+03 7.304906e+03 7.304945e+03 7.305161e+03 7.306586e+03 7.307862e+03 7.309534e+03 7.314111e+03 7.320403e+03 7.328434e+03 7.338067e+03 7.348912e+03 7.360253e+03 7.371014e+03 7.359593e+03 7.094556e+03 6.561100e+03 5.995277e+03 5.603858e+03 5.427722e+03 5.558023e+03 6.107721e+03 6.976188e+03 8.155495e+03 9.664133e+03 1.152216e+04
7.449115e+03 7.449115e+03 7.449115e+03 7.449119e+03 7.449129e+03 7.449469e+03 7.450515e+03 7.454357e+03 7.457014e+03 7.460120e+03 7.467633e+03 7.476825e+03 7.487593e+03 7.499717e+03 7.512770e+03 7.526030e+03 7.538432e+03 7.531471e+03 7.264870e+03 6.725585e+03 6.154260e+03 5.760723e+03 5.585932e+03 5.725539e+03 6.289569e+03 7.176206e+03 8.377625e+03 9.912381e+03 1.180015e+04
7.614325e+03 7.614325e+03 7.614325e+03 7.614329e+03 7.614339e+03 7.614681e+03 7.615746e+03 7.620014e+03 7.623180e+03 7.626979e+03 7.636267e+03 7.647483e+03 7.660279e+03 7.674291e+03 7.689027e+03 7.703748e+03 7.717394e+03 7.713569e+03 7.444535e+03 6.898525e+03 6.320859e+03 5.924584e+03 5.750750e+03 5.899345e+03 6.477731e+03 7.382722e+03 8.606505e+03 1.016765e+04 1.208543e+04
7.801355e+03 7.801355e+03 7.801355e+03 7.801359e+03 7.801371e+03 7.801747e+03 7.802909e+03 7.807477e+03 7.810845e+03 7.814885e+03 7.824755e+03 7.836623e+03 7.850072e+03 7.864699e+03 7.879997e+03 7.895224e+03 7.909319e+03 7.906392e+03 7.633884e+03 7.080210e+03 6.495332e+03 6.095667e+03 5.922375e+03 6.079610e+03 6.672362e+03 7.595894e+03 8.842303e+03 1.043010e+04 1.237815e+04
