1.097990e+08 6.522635e+07 5.151951e+07 3.074049e+07 2.670987e+07 2.292540e+07 2.154685e+07 1.995254e+07 1.950819e+07 1.921151e+07 1.891426e+07 1.886861e+07 1.897868e+07 1.919294e+07 1.948170e+07 1.982667e+07 2.021579e+07 2.258477e+07 2.530450e+07 2.809200e+07 3.076542e+07 3.316905e+07 3.517678e+07 3.783680e+07 3.903851e+07 3.940882e+07 3.931512e+07 3.889134e+07 3.819097e+07
2.297803e+07 2.297829e+07 2.297890e+07 2.297830e+07 2.290203e+07 2.210697e+07 2.109712e+07 1.974950e+07 1.936169e+07 1.910460e+07 1.885828e+07 1.884309e+07 1.897287e+07 1.920070e+07 1.949927e+07 1.985161e+07 2.024640e+07 2.262929e+07 2.534962e+07 2.813195e+07 3.079845e+07 3.319495e+07 3.519583e+07 3.784422e+07 3.903839e+07 3.940472e+07 3.930902e+07 3.888408e+07 3.818283e+07
2.173511e+07 2.173516e+07 2.173527e+07 2.173596e+07 2.172725e+07 2.138728e+07 2.051086e+07 1.948150e+07 1.917891e+07 1.897663e+07 1.879504e+07 1.881562e+07 1.896744e+07 1.920994e+07 1.951886e+07 1.987882e+07 2.027939e+07 2.267590e+07 2.539620e+07 2.817283e+07 3.083204e+07 3.322116e+07 3.521501e+07 3.785161e+07 3.903818e+07 3.940053e+07 3.930285e+07 3.887675e+07 3.817462e+07
2.066816e+07 2.066818e+07 2.066824e+07 2.066898e+07 2.066775e+07 2.037734e+07 2.013489e+07 1.917491e+07 1.896707e+07 1.883040e+07 1.872540e+07 1.878664e+07 1.896267e+07 1.922085e+07 1.954060e+07 1.990841e+07 2.031485e+07 2.272462e+07 2.544426e+07 2.821465e+07 3.086619e+07 3.324767e+07 3.523433e+07 3.785895e+07 3.903789e+07 3.939625e+07 3.929659e+07 3.886935e+07 3.816634e+07
1.985187e+07 1.985188e+07 1.985192e+07 1.985263e+07 1.985324e+07 1.969191e+07 1.957683e+07 1.893764e+07 1.875542e+07 1.867607e+07 1.865136e+07 1.875680e+07 1.895884e+07 1.923360e+07 1.956463e+07 1.994048e+07 2.035285e+07 2.277549e+07 2.549379e+07 2.825738e+07 3.090087e+07 3.327447e+07 3.525378e+07 3.786626e+07 3.903750e+07 3.939187e+07 3.929025e+07 3.886187e+07 3.815800e+07
1.924915e+07 1.924916e+07 1.924919e+07 1.924988e+07 1.925110e+07 1.918105e+07 1.904240e+07 1.881721e+07 1.861581e+07 1.853833e+07 1.857749e+07 1.872729e+07 1.895638e+07 1.924838e+07 1.959103e+07 1.997509e+07 2.039344e+07 2.282853e+07 2.554480e+07 2.830104e+07 3.093609e+07 3.330155e+07 3.527334e+07 3.787352e+07 3.903702e+07 3.938740e+07 3.928383e+07 3.885432e+07 3.814958e+07
1.881481e+07 1.881482e+07 1.881484e+07 1.881544e+07 1.881680e+07 1.879383e+07 1.866166e+07 1.870011e+07 1.856218e+07 1.846591e+07 1.851270e+07 1.870046e+07 1.895603e+07 1.926547e+07 1.961994e+07 2.001231e+07 2.043667e+07 2.288374e+07 2.559729e+07 2.834559e+07 3.097182e+07 3.332890e+07 3.529302e+07 3.788073e+07 3.903644e+07 3.938284e+07 3.927732e+07 3.884669e+07 3.814110e+07
1.851010e+07 1.851011e+07 1.851013e+07 1.851067e+07 1.851201e+07 1.851194e+07 1.841421e+07 1.855457e+07 1.852636e+07 1.845852e+07 1.847251e+07 1.868034e+07 1.895910e+07 1.928535e+07 1.965155e+07 2.005224e+07 2.048259e+07 2.294113e+07 2.565124e+07 2.839103e+07 3.100806e+07 3.335651e+07 3.531280e+07 3.788788e+07 3.903576e+07 3.937817e+07 3.927073e+07 3.883899e+07 3.813255e+07
1.830546e+07 1.830547e+07 1.830549e+07 1.830598e+07 1.830724e+07 1.831804e+07 1.825881e+07 1.840440e+07 1.847845e+07 1.847231e+07 1.848153e+07 1.867343e+07 1.896773e+07 1.930881e+07 1.968620e+07 2.009501e+07 2.053126e+07 2.300071e+07 2.570664e+07 2.843735e+07 3.104479e+07 3.338438e+07 3.533267e+07 3.789496e+07 3.903498e+07 3.937341e+07 3.926406e+07 3.883121e+07 3.812392e+07
1.817784e+07 1.817784e+07 1.817786e+07 1.817830e+07 1.817946e+07 1.819528e+07 1.816746e+07 1.828116e+07 1.841914e+07 1.848388e+07 1.853078e+07 1.869001e+07 1.898516e+07 1.933712e+07 1.972439e+07 2.014086e+07 2.058279e+07 2.306247e+07 2.576348e+07 2.848453e+07 3.108200e+07 3.341247e+07 3.535263e+07 3.790198e+07 3.903410e+07 3.936855e+07 3.925730e+07 3.882336e+07 3.811523e+07
1.810971e+07 1.810972e+07 1.810973e+07 1.811011e+07 1.811117e+07 1.812905e+07 1.812365e+07 1.820182e+07 1.836322e+07 1.848659e+07 1.859935e+07 1.874343e+07 1.901615e+07 1.937210e+07 1.976693e+07 2.019015e+07 2.063735e+07 2.312640e+07 2.582175e+07 2.853254e+07 3.111967e+07 3.344079e+07 3.537266e+07 3.790893e+07 3.903311e+07 3.936360e+07 3.925045e+07 3.881543e+07 3.810647e+07
1.829525e+07 1.829526e+07 1.829526e+07 1.829550e+07 1.829618e+07 1.831236e+07 1.834228e+07 1.837900e+07 1.844923e+07 1.858784e+07 1.894373e+07 1.923673e+07 1.948311e+07 1.976064e+07 2.010357e+07 2.051537e+07 2.096924e+07 2.347887e+07 2.613363e+07 2.878437e+07 3.131422e+07 3.358522e+07 3.547353e+07 3.794240e+07 3.902644e+07 3.933725e+07 3.921490e+07 3.877464e+07 3.806159e+07
1.889674e+07 1.889674e+07 1.889675e+07 1.889691e+07 1.889740e+07 1.891017e+07 1.894052e+07 1.900600e+07 1.904144e+07 1.910578e+07 1.936942e+07 1.974202e+07 2.010619e+07 2.043379e+07 2.075532e+07 2.110211e+07 2.148881e+07 2.389000e+07 2.647759e+07 2.905330e+07 3.151713e+07 3.373289e+07 3.557456e+07 3.797320e+07 3.901669e+07 3.930821e+07 3.917709e+07 3.873189e+07 3.801492e+07
1.967572e+07 1.967572e+07 1.967573e+07 1.967586e+07 1.967624e+07 1.968687e+07 1.971460e+07 1.979300e+07 1.983424e+07 1.988173e+07 2.004693e+07 2.034476e+07 2.072875e+07 2.112691e+07 2.150567e+07 2.186902e+07 2.223411e+07 2.437931e+07 2.685207e+07 2.933571e+07 3.172536e+07 3.388157e+07 3.567417e+07 3.800059e+07 3.900350e+07 3.927631e+07 3.913696e+07 3.868714e+07 3.796640e+07
2.056581e+07 2.056581e+07 2.056581e+07 2.056592e+07 2.056624e+07 2.057549e+07 2.060083e+07 2.068173e+07 2.072961e+07 2.078024e+07 2.091001e+07 2.112763e+07 2.145131e+07 2.184513e+07 2.226024e+07 2.266595e+07 2.305458e+07 2.499911e+07 2.726012e+07 2.962864e+07 3.193587e+07 3.402898e+07 3.577073e+07 3.802378e+07 3.898652e+07 3.924139e+07 3.909441e+07 3.864032e+07 3.791602e+07
2.154563e+07 2.154563e+07 2.154563e+07 2.154573e+07 2.154601e+07 2.155425e+07 2.157753e+07 2.165661e+07 2.170701e+07 2.176161e+07 2.188593e+07 2.205923e+07 2.231631e+07 2.265829e+07 2.305615e+07 2.347368e+07 2.388461e+07 2.573934e+07 2.771398e+07 2.993117e+07 3.214621e+07 3.417298e+07 3.586267e+07 3.804203e+07 3.896541e+07 3.920330e+07 3.904937e+07 3.859141e+07 3.786372e+07
2.260360e+07 2.260360e+07 2.260360e+07 2.260368e+07 2.260393e+07 2.261138e+07 2.263277e+07 2.270821e+07 2.275842e+07 2.281445e+07 2.294038e+07 2.309514e+07 2.330558e+07 2.358859e+07 2.393692e+07 2.432625e+07 2.472885e+07 2.652633e+07 2.824016e+07 3.024596e+07 3.235515e+07 3.431198e+07 3.594867e+07 3.805463e+07 3.893986e+07 3.916190e+07 3.900179e+07 3.854035e+07 3.780947e+07
2.372903e+07 2.372903e+07 2.372903e+07 2.372911e+07 2.372933e+07 2.373612e+07 2.375590e+07 2.382731e+07 2.387611e+07 2.393172e+07 2.405864e+07 2.420644e+07 2.438868e+07 2.462225e+07 2.491203e+07 2.524770e+07 2.560981e+07 2.730797e+07 2.881476e+07 3.058206e+07 3.256340e+07 3.444520e+07 3.602779e+07 3.806104e+07 3.890960e+07 3.911708e+07 3.895159e+07 3.848710e+07 3.775323e+07
2.491344e+07 2.491344e+07 2.491345e+07 2.491351e+07 2.491372e+07 2.491998e+07 2.493839e+07 2.500592e+07 2.505285e+07 2.510709e+07 2.523290e+07 2.537661e+07 2.554036e+07 2.573417e+07 2.596632e+07 2.623649e+07 2.653567e+07 2.805215e+07 2.939330e+07 3.095414e+07 3.277451e+07 3.457309e+07 3.609972e+07 3.806085e+07 3.887443e+07 3.906875e+07 3.889872e+07 3.843162e+07 3.769498e+07
2.615038e+07 2.615038e+07 2.615039e+07 2.615045e+07 2.615064e+07 2.615645e+07 2.617366e+07 2.623756e+07 2.628250e+07 2.633489e+07 2.645727e+07 2.659451e+07 2.674032e+07 2.689707e+07 2.707206e+07 2.727085e+07 2.749348e+07 2.874163e+07 2.994087e+07 3.133980e+07 3.299736e+07 3.469767e+07 3.616490e+07 3.805391e+07 3.883425e+07 3.901685e+07 3.884317e+07 3.837390e+07 3.763469e+07
2.743440e+07 2.743440e+07 2.743440e+07 2.743446e+07 2.743464e+07 2.744008e+07 2.745627e+07 2.751696e+07 2.755992e+07 2.760995e+07 2.772495e+07 2.784763e+07 2.796653e+07 2.807934e+07 2.819217e+07 2.831409e+07 2.845197e+07 2.936566e+07 3.043135e+07 3.171361e+07 3.324019e+07 3.482321e+07 3.622474e+07 3.804036e+07 3.878904e+07 3.896137e+07 3.878490e+07 3.831390e+07 3.757231e+07
2.876178e+07 2.876178e+07 2.876178e+07 2.876184e+07 2.876200e+07 2.876714e+07 2.878252e+07 2.884032e+07 2.888058e+07 2.892592e+07 2.902228e+07 2.911184e+07 2.918366e+07 2.923620e+07 2.927640e+07 2.931565e+07 2.936504e+07 2.991375e+07 3.084814e+07 3.205601e+07 3.348630e+07 3.495836e+07 3.628186e+07 3.802070e+07 3.873893e+07 3.890235e+07 3.872393e+07 3.825161e+07 3.750784e+07
3.013103e+07 3.013103e+07 3.013104e+07 3.013109e+07 3.013125e+07 3.013613e+07 3.015078e+07 3.020250e+07 3.023312e+07 3.026235e+07 3.030797e+07 3.032957e+07 3.032516e+07 3.029804e+07 3.025638e+07 3.021176e+07 3.017626e+07 3.037411e+07 3.118349e+07 3.235274e+07 3.372139e+07 3.510670e+07 3.634063e+07 3.799581e+07 3.868419e+07 3.883989e+07 3.866029e+07 3.818703e+07 3.744125e+07
3.154087e+07 3.154087e+07 3.154088e+07 3.154092e+07 3.154108e+07 3.154554e+07 3.155394e+07 3.155264e+07 3.153939e+07 3.151846e+07 3.145748e+07 3.137602e+07 3.127808e+07 3.116732e+07 3.104947e+07 3.093306e+07 3.082820e+07 3.073596e+07 3.143685e+07 3.259529e+07 3.393463e+07 3.525642e+07 3.640884e+07 3.796703e+07 3.862525e+07 3.877415e+07 3.859403e+07 3.812016e+07 3.737252e+07
3.269799e+07 3.269799e+07 3.269798e+07 3.269783e+07 3.269737e+07 3.268267e+07 3.264236e+07 3.252189e+07 3.245202e+07 3.237896e+07 3.222721e+07 3.207070e+07 3.191048e+07 3.174728e+07 3.158362e+07 3.142483e+07 3.127865e+07 3.099354e+07 3.161311e+07 3.278079e+07 3.411821e+07 3.539883e+07 3.648668e+07 3.793626e+07 3.856275e+07 3.870539e+07 3.852526e+07 3.805104e+07 3.730166e+07
3.276402e+07 3.276402e+07 3.276402e+07 3.276399e+07 3.276389e+07 3.276065e+07 3.274893e+07 3.269253e+07 3.264765e+07 3.259371e+07 3.246588e+07 3.232052e+07 3.216439e+07 3.200151e+07 3.183556e+07 3.167171e+07 3.151706e+07 3.114922e+07 3.172101e+07 3.291118e+07 3.426737e+07 3.552732e+07 3.656583e+07 3.790607e+07 3.849749e+07 3.863392e+07 3.845410e+07 3.797971e+07 3.722865e+07
3.244981e+07 3.244981e+07 3.244981e+07 3.244980e+07 3.244977e+07 3.244877e+07 3.244492e+07 3.242539e+07 3.240745e+07 3.238292e+07 3.231374e+07 3.222055e+07 3.210827e+07 3.198172e+07 3.184561e+07 3.170558e+07 3.156877e+07 3.121427e+07 3.177184e+07 3.299202e+07 3.438031e+07 3.563695e+07 3.664061e+07 3.788023e+07 3.843053e+07 3.856017e+07 3.838071e+07 3.790621e+07 3.715351e+07
3.204087e+07 3.204087e+07 3.204087e+07 3.204087e+07 3.204087e+07 3.204062e+07 3.203941e+07 3.203256e+07 3.202588e+07 3.201613e+07 3.198495e+07 3.193604e+07 3.186938e+07 3.178682e+07 3.169152e+07 3.158813e+07 3.148298e+07 3.120694e+07 3.177825e+07 3.303111e+07 3.445779e+07 3.572443e+07 3.670658e+07 3.786382e+07 3.836317e+07 3.848464e+07 3.830532e+07 3.783063e+07 3.707625e+07
3.162290e+07 3.162290e+07 3.162290e+07 3.162290e+07 3.162291e+07 3.162303e+07 3.162323e+07 3.162268e+07 3.162131e+07 3.161872e+07 3.160812e+07 3.158750e+07 3.155464e+07 3.150893e+07 3.145140e+07 3.138494e+07 3.131440e+07 3.114897e+07 3.175310e+07 3.303730e+07 3.450261e+07 3.578806e+07 3.676032e+07 3.785376e+07 3.829702e+07 3.840796e+07 3.822818e+07 3.775308e+07 3.699691e+07
3.123459e+07 3.123459e+07 3.123459e+07 3.123459e+07 3.123461e+07 3.123504e+07 3.123615e+07 3.123944e+07 3.124120e+07 3.124274e+07 3.124402e+07 3.124080e+07 3.123068e+07 3.121204e+07 3.118451e+07 3.114946e+07 3.111023e+07 3.106203e+07 3.170851e+07 3.301946e+07 3.451895e+07 3.582754e+07 3.679934e+07 3.784605e+07 3.823417e+07 3.833085e+07 3.814960e+07 3.767367e+07 3.691553e+07
3.089568e+07 3.089568e+07 3.089568e+07 3.089569e+07 3.089571e+07 3.089633e+07 3.089807e+07 3.090400e+07 3.090788e+07 3.091215e+07 3.092111e+07 3.092917e+07 3.093432e+07 3.093478e+07 3.092956e+07 3.091907e+07 3.090548e+07 3.096514e+07 3.165516e+07 3.298581e+07 3.451172e+07 3.584380e+07 3.682204e+07 3.783786e+07 3.817775e+07 3.825418e+07 3.806993e+07 3.759255e+07 3.683215e+07
3.061609e+07 3.061609e+07 3.061609e+07 3.061610e+07 3.061612e+07 3.061688e+07 3.061909e+07 3.062706e+07 3.063254e+07 3.063884e+07 3.065333e+07 3.066924e+07 3.068497e+07 3.069887e+07 3.070974e+07 3.071749e+07 3.072359e+07 3.087339e+07 3.160175e+07 3.294341e+07 3.448600e+07 3.583868e+07 3.682772e+07 3.782691e+07 3.812965e+07 3.817895e+07 3.798958e+07 3.750989e+07 3.674685e+07
3.040148e+07 3.040148e+07 3.040148e+07 3.040149e+07 3.040152e+07 3.040238e+07 3.040496e+07 3.041451e+07 3.042122e+07 3.042908e+07 3.044772e+07 3.046935e+07 3.049257e+07 3.051583e+07 3.053791e+07 3.055853e+07 3.057878e+07 3.079749e+07 3.155488e+07 3.289801e+07 3.444664e+07 3.581465e+07 3.681638e+07 3.781134e+07 3.808693e+07 3.810640e+07 3.790904e+07 3.742590e+07 3.665970e+07
3.025453e+07 3.025453e+07 3.025453e+07 3.025454e+07 3.025457e+07 3.025554e+07 3.025841e+07 3.026912e+07 3.027675e+07 3.028577e+07 3.030752e+07 3.033328e+07 3.036161e+07 3.039097e+07 3.042020e+07 3.044902e+07 3.047841e+07 3.074408e+07 3.151899e+07 3.285396e+07 3.439796e+07 3.577448e+07 3.678871e+07 3.778963e+07 3.804746e+07 3.803812e+07 3.782884e+07 3.734081e+07 3.657080e+07
3.017558e+07 3.017558e+07 3.017558e+07 3.017559e+07 3.017563e+07 3.017662e+07 3.017964e+07 3.019117e+07 3.019950e+07 3.020942e+07 3.023344e+07 3.026183e+07 3.029297e+07 3.032534e+07 3.035791e+07 3.039062e+07 3.042453e+07 3.071614e+07 3.149657e+07 3.281424e+07 3.434357e+07 3.572101e+07 3.674584e+07 3.776065e+07 3.800963e+07 3.797650e+07 3.774961e+07 3.725487e+07 3.648026e+07
3.016279e+07 3.016279e+07 3.016279e+07 3.016280e+07 3.016284e+07 3.016390e+07 3.016716e+07 3.017963e+07 3.018863e+07 3.019925e+07 3.022447e+07 3.025341e+07 3.028439e+07 3.031619e+07 3.034817e+07 3.038062e+07 3.041484e+07 3.071363e+07 3.148838e+07 3.278064e+07 3.428632e+07 3.565699e+07 3.668927e+07 3.772361e+07 3.797206e+07 3.792117e+07 3.767207e+07 3.716840e+07 3.638822e+07
3.021636e+07 3.021636e+07 3.021636e+07 3.021637e+07 3.021641e+07 3.021756e+07 3.022102e+07 3.023416e+07 3.024332e+07 3.025374e+07 3.027718e+07 3.030269e+07 3.032923e+07 3.035625e+07 3.038368e+07 3.041214e+07 3.044313e+07 3.073412e+07 3.149381e+07 3.275391e+07 3.422829e+07 3.558487e+07 3.662066e+07 3.767802e+07 3.793357e+07 3.787013e+07 3.759714e+07 3.708171e+07 3.629481e+07
3.033591e+07 3.033591e+07 3.033591e+07 3.033592e+07 3.033596e+07 3.033718e+07 3.034072e+07 3.035183e+07 3.035837e+07 3.036531e+07 3.038020e+07 3.039638e+07 3.041383e+07 3.043248e+07 3.045249e+07 3.047456e+07 3.050015e+07 3.077364e+07 3.151122e+07 3.273396e+07 3.417088e+07 3.550679e+07 3.654177e+07 3.762372e+07 3.789317e+07 3.782206e+07 3.752607e+07 3.699519e+07 3.620021e+07
3.051033e+07 3.051033e+07 3.051033e+07 3.051032e+07 3.051029e+07 3.050954e+07 3.050765e+07 3.050418e+07 3.050327e+07 3.050305e+07 3.050481e+07 3.050952e+07 3.051703e+07 3.052710e+07 3.053970e+07 3.055533e+07 3.057532e+07 3.082744e+07 3.153833e+07 3.272005e+07 3.411487e+07 3.542449e+07 3.645430e+07 3.756083e+07 3.785001e+07 3.777585e+07 3.746027e+07 3.690930e+07 3.610461e+07
3.062411e+07 3.062411e+07 3.062411e+07 3.062411e+07 3.062410e+07 3.062398e+07 3.062345e+07 3.062080e+07 3.061903e+07 3.061735e+07 3.061514e+07 3.061532e+07 3.061823e+07 3.062380e+07 3.063203e+07 3.064345e+07 3.065932e+07 3.089085e+07 3.157250e+07 3.271100e+07 3.406053e+07 3.533934e+07 3.635988e+07 3.748966e+07 3.780338e+07 3.773055e+07 3.739843e+07 3.682455e+07 3.600821e+07
3.069554e+07 3.069554e+07 3.069554e+07 3.069555e+07 3.069555e+07 3.069574e+07 3.069624e+07 3.069775e+07 3.069858e+07 3.069945e+07 3.070156e+07 3.070468e+07 3.070917e+07 3.071513e+07 3.072272e+07 3.073264e+07 3.074632e+07 3.095974e+07 3.161099e+07 3.270532e+07 3.400774e+07 3.525234e+07 3.625995e+07 3.741072e+07 3.775275e+07 3.768529e+07 3.733928e+07 3.674163e+07 3.591127e+07
3.075881e+07 3.075881e+07 3.075881e+07 3.075881e+07 3.075882e+07 3.075921e+07 3.076035e+07 3.076454e+07 3.076740e+07 3.077067e+07 3.077806e+07 3.078617e+07 3.079459e+07 3.080310e+07 3.081185e+07 3.082165e+07 3.083414e+07 3.103067e+07 3.165111e+07 3.270139e+07 3.395607e+07 3.516421e+07 3.615579e+07 3.732465e+07 3.769772e+07 3.763929e+07 3.728189e+07 3.666162e+07 3.581406e+07
3.083264e+07 3.083264e+07 3.083264e+07 3.083265e+07 3.083267e+07 3.083319e+07 3.083477e+07 3.084075e+07 3.084498e+07 3.084984e+07 3.086083e+07 3.087237e+07 3.088342e+07 3.089345e+07 3.090254e+07 3.091159e+07 3.092239e+07 3.110070e+07 3.169031e+07 3.269752e+07 3.390493e+07 3.507539e+07 3.604850e+07 3.723220e+07 3.763803e+07 3.759186e+07 3.722545e+07 3.658479e+07 3.571692e+07
3.092853e+07 3.092853e+07 3.092853e+07 3.092854e+07 3.092856e+07 3.092918e+07 3.093108e+07 3.093819e+07 3.094304e+07 3.094844e+07 3.095996e+07 3.097123e+07 3.098125e+07 3.098956e+07 3.099633e+07 3.100255e+07 3.101007e+07 3.116699e+07 3.172618e+07 3.269210e+07 3.385360e+07 3.498610e+07 3.593898e+07 3.713414e+07 3.757353e+07 3.754237e+07 3.716921e+07 3.650993e+07 3.562024e+07
3.105349e+07 3.105349e+07 3.105350e+07 3.105350e+07 3.105352e+07 3.105421e+07 3.105618e+07 3.106217e+07 3.106559e+07 3.106907e+07 3.107577e+07 3.108158e+07 3.108600e+07 3.108880e+07 3.109026e+07 3.109137e+07 3.109395e+07 3.122662e+07 3.175656e+07 3.268364e+07 3.380135e+07 3.489643e+07 3.582797e+07 3.703129e+07 3.750421e+07 3.749027e+07 3.711251e+07 3.643619e+07 3.552460e+07
3.120206e+07 3.120206e+07 3.120206e+07 3.120206e+07 3.120205e+07 3.120171e+07 3.120077e+07 3.119843e+07 3.119726e+07 3.119608e+07 3.119357e+07 3.119056e+07 3.118676e+07 3.118204e+07 3.117667e+07 3.117157e+07 3.116847e+07 3.127664e+07 3.177954e+07 3.267082e+07 3.374747e+07 3.480637e+07 3.571603e+07 3.692443e+07 3.743011e+07 3.743508e+07 3.705470e+07 3.636287e+07 3.543081e+07
3.131071e+07 3.131071e+07 3.131071e+07 3.131071e+07 3.131070e+07 3.131037e+07 3.130927e+07 3.130471e+07 3.130139e+07 3.129755e+07 3.128876e+07 3.127893e+07 3.126836e+07 3.125721e+07 3.124589e+07 3.123536e+07 3.122731e+07 3.131438e+07 3.179360e+07 3.265262e+07 3.369134e+07 3.471584e+07 3.560365e+07 3.681431e+07 3.735138e+07 3.737640e+07 3.699522e+07 3.628937e+07 3.533842e+07
3.137093e+07 3.137093e+07 3.137093e+07 3.137093e+07 3.137092e+07 3.137054e+07 3.136932e+07 3.136437e+07 3.136069e+07 3.135628e+07 3.134566e+07 3.133322e+07 3.131952e+07 3.130502e+07 3.129035e+07 3.127658e+07 3.126544e+07 3.133787e+07 3.179771e+07 3.262826e+07 3.363245e+07 3.462473e+07 3.549115e+07 3.670165e+07 3.726822e+07 3.731390e+07 3.693352e+07 3.621513e+07 3.524659e+07
3.138435e+07 3.138435e+07 3.138435e+07 3.138435e+07 3.138434e+07 3.138403e+07 3.138300e+07 3.137877e+07 3.137559e+07 3.137173e+07 3.136214e+07 3.135038e+07 3.133691e+07 3.132223e+07 3.130707e+07 3.129261e+07 3.128063e+07 3.134624e+07 3.179137e+07 3.259731e+07 3.357045e+07 3.453294e+07 3.537881e+07 3.658707e+07 3.718086e+07 3.724731e+07 3.686911e+07 3.613962e+07 3.515472e+07
3.135978e+07 3.135978e+07 3.135978e+07 3.135977e+07 3.135977e+07 3.135953e+07 3.135885e+07 3.135615e+07 3.135404e+07 3.135136e+07 3.134429e+07 3.133500e+07 3.132379e+07 3.131109e+07 3.129761e+07 3.128455e+07 3.127368e+07 3.133977e+07 3.177464e+07 3.255959e+07 3.350509e+07 3.444039e+07 3.526682e+07 3.647113e+07 3.708957e+07 3.717641e+07 3.680154e+07 3.606236e+07 3.506232e+07
3.131099e+07 3.131099e+07 3.131099e+07 3.131099e+07 3.131098e+07 3.131092e+07 3.131067e+07 3.130932e+07 3.130809e+07 3.130642e+07 3.130171e+07 3.129515e+07 3.128686e+07 3.127713e+07 3.126653e+07 3.125617e+07 3.124772e+07 3.131979e+07 3.174806e+07 3.251523e+07 3.343630e+07 3.434703e+07 3.515532e+07 3.635432e+07 3.699463e+07 3.710106e+07 3.673041e+07 3.598290e+07 3.496894e+07
3.124951e+07 3.124951e+07 3.124951e+07 3.124950e+07 3.124950e+07 3.124943e+07 3.124916e+07 3.124799e+07 3.124708e+07 3.124594e+07 3.124289e+07 3.123870e+07 3.123333e+07 3.122683e+07 3.121959e+07 3.121251e+07 3.120716e+07 3.128837e+07 3.171253e+07 3.246452e+07 3.336410e+07 3.425282e+07 3.504441e+07 3.623702e+07 3.689630e+07 3.702114e+07 3.665536e+07 3.590080e+07 3.487417e+07
3.117635e+07 3.117635e+07 3.117635e+07 3.117635e+07 3.117635e+07 3.117637e+07 3.117634e+07 3.117594e+07 3.117558e+07 3.117512e+07 3.117388e+07 3.117213e+07 3.116969e+07 3.116646e+07 3.116262e+07 3.115892e+07 3.115676e+07 3.124791e+07 3.166916e+07 3.240793e+07 3.328862e+07 3.415779e+07 3.493414e+07 3.611958e+07 3.679485e+07 3.693659e+07 3.657608e+07 3.581568e+07 3.477762e+07
3.109784e+07 3.109784e+07 3.109784e+07 3.109784e+07 3.109784e+07 3.109788e+07 3.109805e+07 3.109870e+07 3.109914e+07 3.109962e+07 3.110063e+07 3.110152e+07 3.110200e+07 3.110184e+07 3.110112e+07 3.110043e+07 3.110109e+07 3.120076e+07 3.161909e+07 3.234599e+07 3.321004e+07 3.406195e+07 3.482455e+07 3.600221e+07 3.669052e+07 3.684739e+07 3.649229e+07 3.572719e+07 3.467895e+07
3.102155e+07 3.102155e+07 3.102155e+07 3.102155e+07 3.102155e+07 3.102171e+07 3.102218e+07 3.102398e+07 3.102522e+07 3.102664e+07 3.102980e+07 3.103305e+07 3.103596e+07 3.103822e+07 3.103982e+07 3.104131e+07 3.104394e+07 3.114891e+07 3.156334e+07 3.227924e+07 3.312859e+07 3.396535e+07 3.471565e+07 3.588511e+07 3.658352e+07 3.675351e+07 3.640377e+07 3.563499e+07 3.457782e+07
3.095549e+07 3.095549e+07 3.095549e+07 3.095549e+07 3.095550e+07 3.095575e+07 3.095647e+07 3.095909e+07 3.096087e+07 3.096289e+07 3.096736e+07 3.097195e+07 3.097613e+07 3.097953e+07 3.098214e+07 3.098451e+07 3.098789e+07 3.109373e+07 3.150275e+07 3.220817e+07 3.304451e+07 3.386805e+07 3.460741e+07 3.576835e+07 3.647402e+07 3.665500e+07 3.631034e+07 3.553879e+07 3.447394e+07
3.090476e+07 3.090476e+07 3.090476e+07 3.090476e+07 3.090477e+07 3.090500e+07 3.090571e+07 3.090837e+07 3.091018e+07 3.091221e+07 3.091659e+07 3.092089e+07 3.092461e+07 3.092743e+07 3.092940e+07 3.093112e+07 3.093384e+07 3.103581e+07 3.143784e+07 3.213322e+07 3.295804e+07 3.377011e+07 3.449979e+07 3.565199e+07 3.636216e+07 3.655187e+07 3.621183e+07 3.543833e+07 3.436701e+07
3.086878e+07 3.086878e+07 3.086878e+07 3.086878e+07 3.086879e+07 3.086902e+07 3.086964e+07 3.087156e+07 3.087275e+07 3.087401e+07 3.087653e+07 3.087868e+07 3.088010e+07 3.088062e+07 3.088038e+07 3.088004e+07 3.088088e+07 3.097501e+07 3.136890e+07 3.205475e+07 3.286942e+07 3.367158e+07 3.439272e+07 3.553598e+07 3.624804e+07 3.644417e+07 3.610815e+07 3.533340e+07 3.425679e+07
3.084237e+07 3.084237e+07 3.084237e+07 3.084237e+07 3.084237e+07 3.084238e+07 3.084239e+07 3.084235e+07 3.084226e+07 3.084208e+07 3.084135e+07 3.083999e+07 3.083788e+07 3.083498e+07 3.083155e+07 3.082829e+07 3.082650e+07 3.091062e+07 3.129599e+07 3.197304e+07 3.277887e+07 3.357249e+07 3.428612e+07 3.542026e+07 3.613174e+07 3.633195e+07 3.599919e+07 3.522378e+07 3.414305e+07
3.081158e+07 3.081158e+07 3.081158e+07 3.081158e+07 3.081157e+07 3.081137e+07 3.081084e+07 3.080890e+07 3.080749e+07 3.080582e+07 3.080173e+07 3.079676e+07 3.079103e+07 3.078467e+07 3.077801e+07 3.077182e+07 3.076739e+07 3.084161e+07 3.121907e+07 3.188834e+07 3.268657e+07 3.347289e+07 3.417988e+07 3.530469e+07 3.601326e+07 3.621527e+07 3.588492e+07 3.510934e+07 3.402557e+07
3.076360e+07 3.076360e+07 3.076360e+07 3.076360e+07 3.076359e+07 3.076337e+07 3.076263e+07 3.075962e+07 3.075741e+07 3.075480e+07 3.074853e+07 3.074114e+07 3.073291e+07 3.072409e+07 3.071511e+07 3.070677e+07 3.070038e+07 3.076701e+07 3.113809e+07 3.180090e+07 3.259272e+07 3.337277e+07 3.407384e+07 3.518910e+07 3.589261e+07 3.609417e+07 3.576529e+07 3.498993e+07 3.390419e+07
3.069244e+07 3.069244e+07 3.069244e+07 3.069243e+07 3.069243e+07 3.069218e+07 3.069140e+07 3.068824e+07 3.068591e+07 3.068314e+07 3.067642e+07 3.066840e+07 3.065940e+07 3.064972e+07 3.063984e+07 3.063061e+07 3.062337e+07 3.068620e+07 3.105311e+07 3.171095e+07 3.249748e+07 3.327214e+07 3.396784e+07 3.507328e+07 3.576974e+07 3.596871e+07 3.564032e+07 3.486546e+07 3.377874e+07
3.059840e+07 3.059840e+07 3.059840e+07 3.059840e+07 3.059839e+07 3.059821e+07 3.059762e+07 3.059512e+07 3.059323e+07 3.059092e+07 3.058518e+07 3.057810e+07 3.056991e+07 3.056091e+07 3.055157e+07 3.054276e+07 3.053585e+07 3.059912e+07 3.096436e+07 3.161879e+07 3.240103e+07 3.317095e+07 3.386170e+07 3.495698e+07 3.564458e+07 3.583891e+07 3.551000e+07 3.473587e+07 3.364911e+07
3.048772e+07 3.048772e+07 3.048772e+07 3.048772e+07 3.048772e+07 3.048759e+07 3.048716e+07 3.048549e+07 3.048423e+07 3.048268e+07 3.047864e+07 3.047338e+07 3.046699e+07 3.045967e+07 3.045188e+07 3.044448e+07 3.043882e+07 3.050628e+07 3.087227e+07 3.152476e+07 3.230350e+07 3.306915e+07 3.375518e+07 3.483992e+07 3.551701e+07 3.570483e+07 3.537439e+07 3.460110e+07 3.351517e+07
3.036674e+07 3.036674e+07 3.036674e+07 3.036674e+07 3.036674e+07 3.036673e+07 3.036667e+07 3.036611e+07 3.036554e+07 3.036476e+07 3.036247e+07 3.035916e+07 3.035480e+07 3.034953e+07 3.034373e+07 3.033823e+07 3.033437e+07 3.040868e+07 3.077746e+07 3.142921e+07 3.220502e+07 3.296664e+07 3.364804e+07 3.472180e+07 3.538693e+07 3.556649e+07 3.523351e+07 3.446115e+07 3.337687e+07
3.024397e+07 3.024397e+07 3.024397e+07 3.024397e+07 3.024397e+07 3.024396e+07 3.024393e+07 3.024375e+07 3.024355e+07 3.024323e+07 3.024214e+07 3.024033e+07 3.023770e+07 3.023431e+07 3.023048e+07 3.022697e+07 3.022507e+07 3.030768e+07 3.068067e+07 3.133252e+07 3.210570e+07 3.286329e+07 3.354000e+07 3.460230e+07 3.525418e+07 3.542391e+07 3.508744e+07 3.431603e+07 3.323414e+07
3.012184e+07 3.012184e+07 3.012184e+07 3.012184e+07 3.012184e+07 3.012186e+07 3.012188e+07 3.012187e+07 3.012182e+07 3.012172e+07 3.012130e+07 3.012048e+07 3.011914e+07 3.011727e+07 3.011514e+07 3.011346e+07 3.011344e+07 3.020475e+07 3.058270e+07 3.123506e+07 3.200557e+07 3.275893e+07 3.343074e+07 3.448107e+07 3.511861e+07 3.527711e+07 3.493624e+07 3.416576e+07 3.308695e+07
3.000141e+07 3.000141e+07 3.000141e+07 3.000141e+07 3.000141e+07 3.000143e+07 3.000149e+07 3.000167e+07 3.000177e+07 3.000185e+07 3.000195e+07 3.000185e+07 3.000148e+07 3.000083e+07 3.000012e+07 3.000001e+07 3.000169e+07 3.010133e+07 3.048434e+07 3.113714e+07 3.190463e+07 3.265334e+07 3.331992e+07 3.435778e+07 3.498004e+07 3.512610e+07 3.478000e+07 3.401040e+07 3.293529e+07
2.988388e+07 2.988388e+07 2.988388e+07 2.988388e+07 2.988388e+07 2.988393e+07 2.988404e+07 2.988442e+07 2.988466e+07 2.988492e+07 2.988545e+07 2.988596e+07 2.988639e+07 2.988674e+07 2.988723e+07 2.988848e+07 2.989162e+07 2.999874e+07 3.038629e+07 3.103899e+07 3.180279e+07 3.254624e+07 3.320718e+07 3.423204e+07 3.483829e+07 3.497089e+07 3.461881e+07 3.385001e+07 3.277918e+07
2.977060e+07 2.977060e+07 2.977060e+07 2.977060e+07 2.977060e+07 2.977065e+07 2.977080e+07 2.977129e+07 2.977162e+07 2.977201e+07 2.977291e+07 2.977396e+07 2.977511e+07 2.977635e+07 2.977788e+07 2.978029e+07 2.978469e+07 2.989808e+07 3.028910e+07 3.094073e+07 3.169989e+07 3.243730e+07 3.309210e+07 3.410351e+07 3.469318e+07 3.481147e+07 3.445276e+07 3.368469e+07 3.261864e+07
2.966207e+07 2.966207e+07 2.966207e+07 2.966207e+07 2.966208e+07 2.966213e+07 2.966228e+07 2.966288e+07 2.966333e+07 2.966388e+07 2.966522e+07 2.966687e+07 2.966874e+07 2.967081e+07 2.967326e+07 2.967665e+07 2.968206e+07 2.980016e+07 3.019312e+07 3.084232e+07 3.159566e+07 3.232614e+07 3.297427e+07 3.397182e+07 3.454453e+07 3.464786e+07 3.428194e+07 3.351452e+07 3.245373e+07
2.955862e+07 2.955862e+07 2.955862e+07 2.955862e+07 2.955863e+07 2.955873e+07 2.955902e+07 2.956003e+07 2.956072e+07 2.956153e+07 2.956346e+07 2.956577e+07 2.956835e+07 2.957116e+07 2.957435e+07 2.957849e+07 2.958462e+07 2.970550e+07 3.009848e+07 3.074358e+07 3.148974e+07 3.221233e+07 3.285325e+07 3.383661e+07 3.439215e+07 3.448005e+07 3.410647e+07 3.333963e+07 3.228452e+07
2.946309e+07 2.946309e+07 2.946309e+07 2.946309e+07 2.946309e+07 2.946320e+07 2.946350e+07 2.946470e+07 2.946556e+07 2.946657e+07 2.946900e+07 2.947185e+07 2.947498e+07 2.947831e+07 2.948196e+07 2.948649e+07 2.949295e+07 2.961428e+07 3.000503e+07 3.064416e+07 3.138166e+07 3.209538e+07 3.272857e+07 3.369754e+07 3.423587e+07 3.430805e+07 3.392646e+07 3.316014e+07 3.211109e+07
2.937626e+07 2.937626e+07 2.937626e+07 2.937626e+07 2.937626e+07 2.937639e+07 2.937676e+07 2.937814e+07 2.937911e+07 2.938025e+07 2.938295e+07 2.938606e+07 2.938939e+07 2.939283e+07 2.939650e+07 2.940093e+07 2.940719e+07 2.952629e+07 2.991237e+07 3.054353e+07 3.127088e+07 3.197476e+07 3.259976e+07 3.355427e+07 3.407552e+07 3.413185e+07 3.374201e+07 3.297619e+07 3.193354e+07
2.929914e+07 2.929914e+07 2.929914e+07 2.929914e+07 2.929915e+07 2.929927e+07 2.929964e+07 2.930101e+07 2.930197e+07 2.930309e+07 2.930569e+07 2.930861e+07 2.931164e+07 2.931464e+07 2.931774e+07 2.932148e+07 2.932694e+07 2.944090e+07 2.981981e+07 3.044100e+07 3.115676e+07 3.184994e+07 3.246637e+07 3.340648e+07 3.391095e+07 3.395148e+07 3.355324e+07 3.278791e+07 3.175198e+07
2.923135e+07 2.923135e+07 2.923135e+07 2.923135e+07 2.923136e+07 2.923145e+07 2.923173e+07 2.923284e+07 2.923363e+07 2.923454e+07 2.923660e+07 2.923878e+07 2.924088e+07 2.924279e+07 2.924466e+07 2.924707e+07 2.925110e+07 2.935704e+07 2.972643e+07 3.033576e+07 3.103861e+07 3.172035e+07 3.232793e+07 3.325390e+07 3.374202e+07 3.376693e+07 3.336028e+07 3.259546e+07 3.156653e+07
2.917066e+07 2.917066e+07 2.917066e+07 2.917066e+07 2.917066e+07 2.917075e+07 2.917101e+07 2.917182e+07 2.917229e+07 2.917278e+07 2.917375e+07 2.917457e+07 2.917511e+07 2.917531e+07 2.917534e+07 2.917581e+07 2.917784e+07 2.927328e+07 2.963107e+07 3.022689e+07 3.091570e+07 3.158542e+07 3.218402e+07 3.309624e+07 3.356860e+07 3.357823e+07 3.316324e+07 3.239899e+07 3.137733e+07
2.911531e+07 2.911531e+07 2.911531e+07 2.911531e+07 2.911530e+07 2.911526e+07 2.911514e+07 2.911482e+07 2.911462e+07 2.911439e+07 2.911374e+07 2.911272e+07 2.911124e+07 2.910927e+07 2.910702e+07 2.910513e+07 2.910476e+07 2.918789e+07 2.953244e+07 3.011341e+07 3.078729e+07 3.144461e+07 3.203422e+07 3.293327e+07 3.339059e+07 3.338540e+07 3.296224e+07 3.219866e+07 3.118452e+07
2.905668e+07 2.905668e+07 2.905668e+07 2.905668e+07 2.905668e+07 2.905663e+07 2.905647e+07 2.905567e+07 2.905500e+07 2.905415e+07 2.905193e+07 2.904901e+07 2.904538e+07 2.904109e+07 2.903640e+07 2.903200e+07 2.902905e+07 2.909893e+07 2.942918e+07 2.999432e+07 3.065268e+07 3.129741e+07 3.187817e+07 3.276479e+07 3.320790e+07 3.318848e+07 3.275742e+07 3.199465e+07 3.098825e+07
2.899248e+07 2.899248e+07 2.899248e+07 2.899247e+07 2.899247e+07 2.899232e+07 2.899187e+07 2.899022e+07 2.898901e+07 2.898756e+07 2.898388e+07 2.897922e+07 2.897360e+07 2.896713e+07 2.896011e+07 2.895328e+07 2.894783e+07 2.900447e+07 2.931992e+07 2.986865e+07 3.051118e+07 3.114336e+07 3.171556e+07 3.259063e+07 3.302047e+07 3.298751e+07 3.254891e+07 3.178712e+07 3.078868e+07
2.891665e+07 2.891665e+07 2.891665e+07 2.891665e+07 2.891665e+07 2.891649e+07 2.891600e+07 2.891397e+07 2.891242e+07 2.891053e+07 2.890576e+07 2.889970e+07 2.889245e+07 2.888412e+07 2.887510e+07 2.886613e+07 2.885844e+07 2.890265e+07 2.920340e+07 2.973555e+07 3.036223e+07 3.098208e+07 3.154612e+07 3.241066e+07 3.282826e+07 3.278255e+07 3.233683e+07 3.157623e+07 3.058597e+07
2.882749e+07 2.882749e+07 2.882749e+07 2.882749e+07 2.882749e+07 2.882729e+07 2.882669e+07 2.882432e+07 2.882253e+07 2.882035e+07 2.881480e+07 2.880774e+07 2.879926e+07 2.878952e+07 2.877891e+07 2.876821e+07 2.875867e+07 2.879191e+07 2.907850e+07 2.959425e+07 3.020532e+07 3.081327e+07 3.136966e+07 3.222479e+07 3.263124e+07 3.257365e+07 3.212133e+07 3.136218e+07 3.038029e+07
2.872315e+07 2.872315e+07 2.872315e+07 2.872315e+07 2.872314e+07 2.872294e+07 2.872231e+07 2.871972e+07 2.871777e+07 2.871539e+07 2.870933e+07 2.870159e+07 2.869227e+07 2.868154e+07 2.866980e+07 2.865784e+07 2.864690e+07 2.867099e+07 2.894436e+07 2.944417e+07 3.004010e+07 3.063670e+07 3.118605e+07 3.203297e+07 3.242943e+07 3.236090e+07 3.190255e+07 3.114512e+07 3.017180e+07
2.860290e+07 2.860290e+07 2.860290e+07 2.860290e+07 2.860289e+07 2.860268e+07 2.860202e+07 2.859933e+07 2.859729e+07 2.859479e+07 2.858843e+07 2.858030e+07 2.857050e+07 2.855918e+07 2.854675e+07 2.853398e+07 2.852210e+07 2.853903e+07 2.880034e+07 2.928492e+07 2.986633e+07 3.045226e+07 3.099524e+07 3.183519e+07 3.222284e+07 3.214437e+07 3.168063e+07 3.092523e+07 2.996068e+07
2.846669e+07 2.846669e+07 2.846669e+07 2.846668e+07 2.846668e+07 2.846646e+07 2.846577e+07 2.846298e+07 2.846088e+07 2.845833e+07 2.845185e+07 2.844360e+07 2.843363e+07 2.842210e+07 2.840937e+07 2.839621e+07 2.838383e+07 2.839554e+07 2.864608e+07 2.911626e+07 2.968392e+07 3.025992e+07 3.079723e+07 3.163147e+07 3.201154e+07 3.192416e+07 3.145571e+07 3.070270e+07 2.974712e+07
2.831439e+07 2.831439e+07 2.831439e+07 2.831439e+07 2.831438e+07 2.831416e+07 2.831347e+07 2.831075e+07 2.830871e+07 2.830622e+07 2.829989e+07 2.829178e+07 2.828194e+07 2.827051e+07 2.825784e+07 2.824465e+07 2.823214e+07 2.824043e+07 2.848148e+07 2.893817e+07 2.949290e+07 3.005977e+07 3.059212e+07 3.142190e+07 3.179558e+07 3.170039e+07 3.122795e+07 3.047771e+07 2.953127e+07
2.814707e+07 2.814707e+07 2.814707e+07 2.814707e+07 2.814707e+07 2.814688e+07 2.814627e+07 2.814379e+07 2.814189e+07 2.813954e+07 2.813352e+07 2.812574e+07 2.811625e+07 2.810515e+07 2.809279e+07 2.807986e+07 2.806752e+07 2.807391e+07 2.830666e+07 2.875079e+07 2.929343e+07 2.985195e+07 3.038004e+07 3.120658e+07 3.157508e+07 3.147316e+07 3.099749e+07 3.025041e+07 2.931333e+07
2.796713e+07 2.796713e+07 2.796713e+07 2.796713e+07 2.796712e+07 2.796693e+07 2.796632e+07 2.796389e+07 2.796207e+07 2.795984e+07 2.795413e+07 2.794674e+07 2.793769e+07 2.792707e+07 2.791519e+07 2.790271e+07 2.789075e+07 2.789643e+07 2.812195e+07 2.855442e+07 2.908579e+07 2.963673e+07 3.016121e+07 3.098564e+07 3.135015e+07 3.124262e+07 3.076451e+07 3.002100e+07 2.909346e+07
2.777512e+07 2.777512e+07 2.777512e+07 2.777512e+07 2.777511e+07 2.777495e+07 2.777442e+07 2.777222e+07 2.777053e+07 2.776845e+07 2.776308e+07 2.775612e+07 2.774756e+07 2.773748e+07 2.772617e+07 2.771425e+07 2.770282e+07 2.770867e+07 2.792785e+07 2.834946e+07 2.887035e+07 2.941442e+07 2.993590e+07 3.075927e+07 3.112093e+07 3.100890e+07 3.052914e+07 2.978966e+07 2.887184e+07
