1.903662e+04 1.037974e+04 7.701099e+03 3.614327e+03 2.710052e+03 3.385213e+03 1.867377e+04 4.813327e+04 5.664096e+04 6.244804e+04 6.916024e+04 7.215353e+04 7.309088e+04 7.277053e+04 7.161328e+04 6.985422e+04 6.763201e+04 5.216704e+04 3.494198e+04 2.170611e+04 1.350657e+04 8.812969e+03 6.127527e+03 3.573934e+03 2.572168e+03 2.175888e+03 2.084866e+03 2.199217e+03 2.490842e+03
1.597675e+03 1.597680e+03 1.597685e+03 1.596408e+03 1.587632e+03 5.446809e+03 2.384938e+04 5.152536e+04 5.910384e+04 6.424316e+04 7.013925e+04 7.269073e+04 7.336692e+04 7.288132e+04 7.161500e+04 6.978256e+04 6.751113e+04 5.198293e+04 3.480508e+04 2.162223e+04 1.345755e+04 8.783820e+03 6.109515e+03 3.566255e+03 2.568647e+03 2.174445e+03 2.084732e+03 2.200120e+03 2.492728e+03
1.410794e+03 1.410797e+03 1.410806e+03 1.430788e+03 1.845310e+03 1.517039e+04 3.298910e+04 5.558881e+04 6.188117e+04 6.619124e+04 7.115010e+04 7.322319e+04 7.362549e+04 7.297032e+04 7.159410e+04 6.968908e+04 6.736998e+04 5.178771e+04 3.466306e+04 2.153610e+04 1.340752e+04 8.754192e+03 6.091258e+03 3.558501e+03 2.565102e+03 2.172999e+03 2.084605e+03 2.201037e+03 2.494635e+03
3.119746e+04 3.119775e+04 3.119861e+04 3.122459e+04 3.130085e+04 3.503629e+04 4.511990e+04 5.993726e+04 6.475663e+04 6.816823e+04 7.214552e+04 7.372928e+04 7.385513e+04 7.303079e+04 7.154634e+04 6.957098e+04 6.720664e+04 5.158107e+04 3.451586e+04 2.144772e+04 1.335649e+04 8.724088e+03 6.072760e+03 3.550675e+03 2.561535e+03 2.171549e+03 2.084485e+03 2.201968e+03 2.496561e+03
5.120379e+04 5.120394e+04 5.120436e+04 5.121672e+04 5.125118e+04 5.199354e+04 5.597062e+04 6.436352e+04 6.755058e+04 7.005848e+04 7.307815e+04 7.418690e+04 7.404411e+04 7.305585e+04 7.146743e+04 6.942544e+04 6.701924e+04 5.136269e+04 3.436344e+04 2.135710e+04 1.330446e+04 8.693510e+03 6.054021e+03 3.542777e+03 2.557946e+03 2.170097e+03 2.084372e+03 2.202913e+03 2.498508e+03
6.250216e+04 6.250223e+04 6.250247e+04 6.250892e+04 6.252613e+04 6.273786e+04 6.394078e+04 6.864033e+04 7.029327e+04 7.181785e+04 7.391334e+04 7.457698e+04 7.418158e+04 7.303898e+04 7.135323e+04 6.924978e+04 6.680596e+04 5.113231e+04 3.420576e+04 2.126423e+04 1.325144e+04 8.662463e+03 6.035044e+03 3.534806e+03 2.554334e+03 2.168642e+03 2.084266e+03 2.203872e+03 2.500475e+03
6.941918e+04 6.941923e+04 6.941937e+04 6.942311e+04 6.943281e+04 6.949574e+04 6.954834e+04 7.214709e+04 7.290875e+04 7.354223e+04 7.464284e+04 7.488748e+04 7.425895e+04 7.297449e+04 7.120001e+04 6.904151e+04 6.656513e+04 5.088967e+04 3.404280e+04 2.116912e+04 1.319743e+04 8.630950e+03 6.015830e+03 3.526766e+03 2.550701e+03 2.167185e+03 2.084168e+03 2.204846e+03 2.502462e+03
7.384421e+04 7.384424e+04 7.384430e+04 7.384605e+04 7.385013e+04 7.382276e+04 7.343343e+04 7.467545e+04 7.507309e+04 7.518700e+04 7.529846e+04 7.511725e+04 7.427140e+04 7.285824e+04 7.100474e+04 6.879852e+04 6.629532e+04 5.063457e+04 3.387454e+04 2.107178e+04 1.314244e+04 8.598975e+03 5.996384e+03 3.518656e+03 2.547047e+03 2.165726e+03 2.084078e+03 2.205835e+03 2.504471e+03
7.660780e+04 7.660781e+04 7.660785e+04 7.660867e+04 7.661012e+04 7.654333e+04 7.603906e+04 7.635589e+04 7.665342e+04 7.656013e+04 7.596357e+04 7.527954e+04 7.421920e+04 7.268819e+04 7.076541e+04 6.851924e+04 6.599538e+04 5.036686e+04 3.370099e+04 2.097222e+04 1.308647e+04 8.566543e+03 5.976707e+03 3.510477e+03 2.543372e+03 2.164265e+03 2.083996e+03 2.206839e+03 2.506500e+03
7.821329e+04 7.821330e+04 7.821331e+04 7.821358e+04 7.821383e+04 7.816178e+04 7.769692e+04 7.743117e+04 7.768419e+04 7.757020e+04 7.659534e+04 7.540748e+04 7.410894e+04 7.246500e+04 7.048127e+04 6.820277e+04 6.566457e+04 5.008645e+04 3.352215e+04 2.087046e+04 1.302955e+04 8.533660e+03 5.956802e+03 3.502230e+03 2.539677e+03 2.162802e+03 2.083923e+03 2.207858e+03 2.508551e+03
7.912954e+04 7.912954e+04 7.912955e+04 7.912947e+04 7.912866e+04 7.906136e+04 7.867628e+04 7.811310e+04 7.828865e+04 7.821173e+04 7.710709e+04 7.555002e+04 7.395484e+04 7.219253e+04 7.015316e+04 6.784906e+04 6.530263e+04 4.979328e+04 3.333806e+04 2.076651e+04 1.297167e+04 8.500330e+03 5.936672e+03 3.493917e+03 2.535963e+03 2.161339e+03 2.083858e+03 2.208892e+03 2.510623e+03
8.035087e+04 8.035087e+04 8.035085e+04 8.035031e+04 8.034839e+04 8.027201e+04 8.004377e+04 7.897206e+04 7.838752e+04 7.792715e+04 7.689927e+04 7.515169e+04 7.287995e+04 7.045685e+04 6.802712e+04 6.559409e+04 6.305920e+04 4.813969e+04 3.234057e+04 2.021497e+04 1.266847e+04 8.327215e+03 5.832766e+03 3.451392e+03 2.517112e+03 2.154011e+03 2.083667e+03 2.214300e+03 2.521308e+03
7.757475e+04 7.757475e+04 7.757474e+04 7.757436e+04 7.757327e+04 7.752853e+04 7.733338e+04 7.632467e+04 7.555707e+04 7.475437e+04 7.329888e+04 7.184777e+04 7.004815e+04 6.787425e+04 6.547554e+04 6.296773e+04 6.039195e+04 4.620635e+04 3.122423e+04 1.961406e+04 1.234376e+04 8.144025e+03 5.723787e+03 3.407382e+03 2.497847e+03 2.146697e+03 2.083720e+03 2.220119e+03 2.532555e+03
7.189582e+04 7.189581e+04 7.189580e+04 7.189540e+04 7.189409e+04 7.184708e+04 7.168405e+04 7.095108e+04 7.037419e+04 6.969450e+04 6.825661e+04 6.690325e+04 6.552148e+04 6.391473e+04 6.201360e+04 5.985696e+04 5.750973e+04 4.408737e+04 3.001107e+04 1.897086e+04 1.200026e+04 7.951930e+03 5.610298e+03 3.362057e+03 2.478238e+03 2.139435e+03 2.084045e+03 2.226374e+03 2.544386e+03
6.504780e+04 6.504780e+04 6.504780e+04 6.504762e+04 6.504702e+04 6.501994e+04 6.492418e+04 6.452162e+04 6.418833e+04 6.376008e+04 6.269909e+04 6.155451e+04 6.041621e+04 5.920250e+04 5.779431e+04 5.612696e+04 5.419899e+04 4.194276e+04 2.873472e+04 1.829519e+04 1.164144e+04 7.752352e+03 5.492956e+03 3.315607e+03 2.458362e+03 2.132267e+03 2.084672e+03 2.233091e+03 2.556826e+03
5.879873e+04 5.879873e+04 5.879872e+04 5.879848e+04 5.879771e+04 5.877596e+04 5.872478e+04 5.850004e+04 5.829693e+04 5.802289e+04 5.727806e+04 5.637134e+04 5.541785e+04 5.443210e+04 5.334547e+04 5.207381e+04 5.056322e+04 3.981534e+04 2.744014e+04 1.759943e+04 1.127148e+04 7.546951e+03 5.372513e+03 3.268243e+03 2.438300e+03 2.125235e+03 2.085629e+03 2.240293e+03 2.569901e+03
5.348169e+04 5.348169e+04 5.348169e+04 5.348158e+04 5.348121e+04 5.346701e+04 5.341588e+04 5.319218e+04 5.301897e+04 5.280288e+04 5.223970e+04 5.153351e+04 5.075163e+04 4.993095e+04 4.904846e+04 4.804357e+04 4.685364e+04 3.765928e+04 2.618220e+04 1.689816e+04 1.089520e+04 7.337598e+03 5.249799e+03 3.220189e+03 2.418139e+03 2.118383e+03 2.086947e+03 2.248008e+03 2.583634e+03
4.842338e+04 4.842338e+04 4.842338e+04 4.842330e+04 4.842303e+04 4.841329e+04 4.837997e+04 4.823286e+04 4.811578e+04 4.796805e+04 4.757658e+04 4.706358e+04 4.645972e+04 4.579508e+04 4.506919e+04 4.424887e+04 4.328552e+04 3.548318e+04 2.496294e+04 1.620836e+04 1.051795e+04 7.126350e+03 5.125719e+03 3.171686e+03 2.397969e+03 2.111759e+03 2.088658e+03 2.256261e+03 2.598052e+03
4.385749e+04 4.385749e+04 4.385749e+04 4.385744e+04 4.385729e+04 4.385152e+04 4.383248e+04 4.375412e+04 4.368910e+04 4.360277e+04 4.335768e+04 4.301053e+04 4.256987e+04 4.205177e+04 4.146087e+04 4.078110e+04 3.998056e+04 3.332745e+04 2.376938e+04 1.554744e+04 1.014553e+04 6.915407e+03 5.001237e+03 3.122991e+03 2.377886e+03 2.105410e+03 2.090794e+03 2.265079e+03 2.613180e+03
3.995535e+04 3.995535e+04 3.995535e+04 3.995537e+04 3.995542e+04 3.995465e+04 3.994930e+04 3.991164e+04 3.987364e+04 3.982015e+04 3.966063e+04 3.942337e+04 3.910487e+04 3.870720e+04 3.823002e+04 3.766301e+04 3.698522e+04 3.124257e+04 2.260026e+04 1.491189e+04 9.784545e+03 6.707085e+03 4.877365e+03 3.074369e+03 2.357989e+03 2.099386e+03 2.093387e+03 2.274491e+03 2.629046e+03
3.672475e+04 3.672475e+04 3.672475e+04 3.672472e+04 3.672464e+04 3.672164e+04 3.671077e+04 3.666348e+04 3.662719e+04 3.658174e+04 3.645904e+04 3.628506e+04 3.604914e+04 3.574258e+04 3.535733e+04 3.488223e+04 3.430119e+04 2.927130e+04 2.146101e+04 1.429724e+04 9.440327e+03 6.503832e+03 4.755154e+03 3.026099e+03 2.338379e+03 2.093738e+03 2.096471e+03 2.284524e+03 2.645676e+03
3.384972e+04 3.384972e+04 3.384972e+04 3.384971e+04 3.384968e+04 3.384825e+04 3.384187e+04 3.380969e+04 3.378343e+04 3.375014e+04 3.366037e+04 3.353332e+04 3.335793e+04 3.312114e+04 3.280975e+04 3.241027e+04 3.190808e+04 2.744064e+04 2.036079e+04 1.370188e+04 9.110331e+03 6.308530e+03 4.635692e+03 2.978468e+03 2.319164e+03 2.088518e+03 2.100081e+03 2.295207e+03 2.663097e+03
3.132404e+04 3.132404e+04 3.132404e+04 3.132403e+04 3.132398e+04 3.132241e+04 3.131758e+04 3.129988e+04 3.128527e+04 3.126542e+04 3.120685e+04 3.111761e+04 3.098810e+04 3.080471e+04 3.055195e+04 3.021440e+04 2.977745e+04 2.576186e+04 1.930954e+04 1.312580e+04 8.792739e+03 6.122697e+03 4.520141e+03 2.931773e+03 2.300454e+03 2.083782e+03 2.104254e+03 2.306570e+03 2.681339e+03
2.914269e+04 2.914269e+04 2.914269e+04 2.914268e+04 2.914264e+04 2.914183e+04 2.914082e+04 2.913332e+04 2.912433e+04 2.911090e+04 2.906877e+04 2.900238e+04 2.890339e+04 2.875828e+04 2.855031e+04 2.826250e+04 2.787949e+04 2.423438e+04 1.831562e+04 1.257020e+04 8.486549e+03 5.944932e+03 4.409917e+03 2.886318e+03 2.282362e+03 2.079587e+03 2.109026e+03 2.318643e+03 2.700429e+03
2.728568e+04 2.728568e+04 2.728568e+04 2.728568e+04 2.728565e+04 2.728470e+04 2.728114e+04 2.726539e+04 2.725342e+04 2.723865e+04 2.719965e+04 2.714435e+04 2.706445e+04 2.694619e+04 2.677205e+04 2.652391e+04 2.618550e+04 2.285028e+04 1.738452e+04 1.203690e+04 8.191257e+03 5.774382e+03 4.305334e+03 2.842417e+03 2.265007e+03 2.075990e+03 2.114436e+03 2.331458e+03 2.720399e+03
2.561176e+04 2.561176e+04 2.561176e+04 2.561176e+04 2.561173e+04 2.561085e+04 2.560777e+04 2.559449e+04 2.558438e+04 2.557204e+04 2.554008e+04 2.549564e+04 2.543125e+04 2.533392e+04 2.518644e+04 2.497043e+04 2.466922e+04 2.159786e+04 1.651865e+04 1.152787e+04 7.906753e+03 5.610486e+03 4.205642e+03 2.800407e+03 2.248511e+03 2.073054e+03 2.120524e+03 2.345048e+03 2.741278e+03
2.409682e+04 2.409682e+04 2.409682e+04 2.409681e+04 2.409679e+04 2.409610e+04 2.409428e+04 2.408851e+04 2.408370e+04 2.407700e+04 2.405664e+04 2.402437e+04 2.397392e+04 2.389371e+04 2.376763e+04 2.357784e+04 2.330771e+04 2.046407e+04 1.571769e+04 1.104481e+04 7.633215e+03 5.452863e+03 4.110394e+03 2.760676e+03 2.233002e+03 2.070843e+03 2.127332e+03 2.359447e+03 2.763099e+03
2.275871e+04 2.275871e+04 2.275871e+04 2.275871e+04 2.275869e+04 2.275860e+04 2.275893e+04 2.275850e+04 2.275637e+04 2.275242e+04 2.273808e+04 2.271310e+04 2.267201e+04 2.260420e+04 2.249448e+04 2.232563e+04 2.208125e+04 1.943593e+04 1.497937e+04 1.058887e+04 7.371001e+03 5.301286e+03 4.019266e+03 2.723671e+03 2.218612e+03 2.069423e+03 2.134904e+03 2.374690e+03 2.785894e+03
2.160069e+04 2.160069e+04 2.160069e+04 2.160069e+04 2.160068e+04 2.160033e+04 2.159884e+04 2.159208e+04 2.158704e+04 2.158090e+04 2.156477e+04 2.154135e+04 2.150501e+04 2.144537e+04 2.134779e+04 2.119552e+04 2.097245e+04 1.850132e+04 1.430011e+04 1.016059e+04 7.120533e+03 5.155655e+03 3.932014e+03 2.689225e+03 2.205488e+03 2.068866e+03 2.143286e+03 2.390813e+03 2.809697e+03
2.053983e+04 2.053983e+04 2.053982e+04 2.053982e+04 2.053981e+04 2.053932e+04 2.053763e+04 2.053066e+04 2.052561e+04 2.051959e+04 2.050436e+04 2.048312e+04 2.045077e+04 2.039757e+04 2.030964e+04 2.017096e+04 1.996586e+04 1.764926e+04 1.367564e+04 9.759885e+03 6.882202e+03 5.015967e+03 3.848458e+03 2.657098e+03 2.193792e+03 2.069248e+03 2.152527e+03 2.407858e+03 2.834545e+03
1.955618e+04 1.955618e+04 1.955618e+04 1.955618e+04 1.955619e+04 1.955622e+04 1.955606e+04 1.955406e+04 1.955169e+04 1.954816e+04 1.953724e+04 1.951989e+04 1.949188e+04 1.944451e+04 1.936486e+04 1.923777e+04 1.904818e+04 1.687014e+04 1.310147e+04 9.386167e+03 6.656296e+03 4.882288e+03 3.768479e+03 2.627133e+03 2.183741e+03 2.070647e+03 2.162679e+03 2.425863e+03 2.860474e+03
1.867417e+04 1.867417e+04 1.867417e+04 1.867418e+04 1.867418e+04 1.867413e+04 1.867383e+04 1.867164e+04 1.866940e+04 1.866620e+04 1.865655e+04 1.864129e+04 1.861647e+04 1.857388e+04 1.850130e+04 1.838427e+04 1.820833e+04 1.615564e+04 1.257318e+04 9.038453e+03 6.442962e+03 4.754715e+03 3.692009e+03 2.599202e+03 2.175477e+03 2.073153e+03 2.173796e+03 2.444873e+03 2.887524e+03
1.787518e+04 1.787518e+04 1.787518e+04 1.787518e+04 1.787516e+04 1.787476e+04 1.787349e+04 1.786864e+04 1.786518e+04 1.786105e+04 1.785066e+04 1.783622e+04 1.781376e+04 1.777525e+04 1.770893e+04 1.760089e+04 1.743717e+04 1.549874e+04 1.208664e+04 8.715500e+03 6.242198e+03 4.633352e+03 3.619021e+03 2.573201e+03 2.168858e+03 2.076864e+03 2.185939e+03 2.464934e+03 2.915735e+03
1.712551e+04 1.712551e+04 1.712551e+04 1.712551e+04 1.712550e+04 1.712523e+04 1.712432e+04 1.712050e+04 1.711763e+04 1.711418e+04 1.710550e+04 1.709338e+04 1.707406e+04 1.703988e+04 1.697959e+04 1.687987e+04 1.672731e+04 1.489350e+04 1.163803e+04 8.415917e+03 6.053852e+03 4.518283e+03 3.549518e+03 2.549041e+03 2.163790e+03 2.081900e+03 2.199171e+03 2.486095e+03 2.945152e+03
1.642550e+04 1.642550e+04 1.642550e+04 1.642550e+04 1.642549e+04 1.642527e+04 1.642475e+04 1.642328e+04 1.642213e+04 1.642053e+04 1.641556e+04 1.640707e+04 1.639157e+04 1.636187e+04 1.630734e+04 1.621532e+04 1.607295e+04 1.433498e+04 1.122398e+04 8.138251e+03 5.877649e+03 4.409557e+03 3.483521e+03 2.526653e+03 2.160204e+03 2.088425e+03 2.213562e+03 2.508408e+03 2.975819e+03
1.578319e+04 1.578319e+04 1.578319e+04 1.578319e+04 1.578321e+04 1.578354e+04 1.578417e+04 1.578519e+04 1.578519e+04 1.578472e+04 1.578202e+04 1.577601e+04 1.576341e+04 1.573743e+04 1.568790e+04 1.560268e+04 1.546944e+04 1.381900e+04 1.084144e+04 7.881045e+03 5.713213e+03 4.307181e+03 3.421059e+03 2.505980e+03 2.158044e+03 2.096452e+03 2.229190e+03 2.531931e+03 3.007786e+03
1.520992e+04 1.520992e+04 1.520992e+04 1.520992e+04 1.520992e+04 1.520984e+04 1.520952e+04 1.520813e+04 1.520713e+04 1.520592e+04 1.520262e+04 1.519710e+04 1.518605e+04 1.516274e+04 1.511729e+04 1.503793e+04 1.491274e+04 1.334196e+04 1.048774e+04 7.642886e+03 5.560092e+03 4.211112e+03 3.362162e+03 2.486983e+03 2.157262e+03 2.105905e+03 2.246147e+03 2.556722e+03 3.041104e+03
1.467674e+04 1.467674e+04 1.467674e+04 1.467674e+04 1.467674e+04 1.467661e+04 1.467620e+04 1.467457e+04 1.467340e+04 1.467204e+04 1.466877e+04 1.466392e+04 1.465427e+04 1.463329e+04 1.459138e+04 1.451716e+04 1.439911e+04 1.290071e+04 1.016049e+04 7.422424e+03 5.417783e+03 4.121267e+03 3.306848e+03 2.469637e+03 2.157818e+03 2.116744e+03 2.264547e+03 2.582850e+03 3.075828e+03
1.417801e+04 1.417801e+04 1.417801e+04 1.417801e+04 1.417800e+04 1.417792e+04 1.417763e+04 1.417686e+04 1.417644e+04 1.417595e+04 1.417451e+04 1.417147e+04 1.416376e+04 1.414515e+04 1.410649e+04 1.403685e+04 1.392513e+04 1.249243e+04 9.857577e+03 7.218390e+03 5.285755e+03 4.037518e+03 3.255125e+03 2.453928e+03 2.159677e+03 2.128940e+03 2.284519e+03 2.610386e+03 3.112017e+03
1.371400e+04 1.371400e+04 1.371400e+04 1.371400e+04 1.371402e+04 1.371435e+04 1.371526e+04 1.371746e+04 1.371840e+04 1.371912e+04 1.371969e+04 1.371831e+04 1.371221e+04 1.369556e+04 1.365961e+04 1.359389e+04 1.348773e+04 1.211456e+04 9.577083e+03 7.029601e+03 5.163463e+03 3.959709e+03 3.206985e+03 2.439852e+03 2.162813e+03 2.142470e+03 2.306030e+03 2.639414e+03 3.149733e+03
1.330403e+04 1.330403e+04 1.330403e+04 1.330403e+04 1.330403e+04 1.330404e+04 1.330408e+04 1.330434e+04 1.330451e+04 1.330465e+04 1.330455e+04 1.330305e+04 1.329736e+04 1.328178e+04 1.324781e+04 1.318532e+04 1.308396e+04 1.176474e+04 9.317289e+03 6.854959e+03 5.050363e+03 3.887652e+03 3.162405e+03 2.427414e+03 2.167205e+03 2.157316e+03 2.329048e+03 2.670031e+03 3.189047e+03
1.292663e+04 1.292663e+04 1.292663e+04 1.292663e+04 1.292663e+04 1.292656e+04 1.292631e+04 1.292542e+04 1.292485e+04 1.292427e+04 1.292300e+04 1.292086e+04 1.291512e+04 1.290018e+04 1.286777e+04 1.280802e+04 1.271088e+04 1.144081e+04 9.076639e+03 6.693452e+03 4.945922e+03 3.821144e+03 3.121344e+03 2.416624e+03 2.172842e+03 2.173465e+03 2.353561e+03 2.702368e+03 3.230031e+03
1.257046e+04 1.257046e+04 1.257046e+04 1.257046e+04 1.257045e+04 1.257040e+04 1.257023e+04 1.256975e+04 1.256946e+04 1.256912e+04 1.256824e+04 1.256643e+04 1.256114e+04 1.254704e+04 1.251617e+04 1.245898e+04 1.236572e+04 1.114078e+04 8.853722e+03 6.544148e+03 4.849623e+03 3.759966e+03 3.083749e+03 2.407498e+03 2.179717e+03 2.190908e+03 2.379563e+03 2.736502e+03 3.272769e+03
1.223610e+04 1.223610e+04 1.223610e+04 1.223610e+04 1.223610e+04 1.223624e+04 1.223660e+04 1.223748e+04 1.223785e+04 1.223811e+04 1.223821e+04 1.223719e+04 1.223269e+04 1.221965e+04 1.219039e+04 1.213569e+04 1.204611e+04 1.086290e+04 8.647262e+03 6.406189e+03 4.760973e+03 3.703895e+03 3.049555e+03 2.400052e+03 2.187830e+03 2.209638e+03 2.407052e+03 2.772403e+03 3.317353e+03
1.193191e+04 1.193191e+04 1.193191e+04 1.193191e+04 1.193191e+04 1.193194e+04 1.193203e+04 1.193230e+04 1.193246e+04 1.193261e+04 1.193275e+04 1.193206e+04 1.192819e+04 1.191616e+04 1.188849e+04 1.183621e+04 1.175011e+04 1.060557e+04 8.456101e+03 6.278789e+03 4.679503e+03 3.652703e+03 3.018686e+03 2.394307e+03 2.197188e+03 2.229653e+03 2.436031e+03 2.810065e+03 3.363898e+03
1.164988e+04 1.164988e+04 1.164988e+04 1.164987e+04 1.164987e+04 1.164984e+04 1.164973e+04 1.164951e+04 1.164947e+04 1.164948e+04 1.164961e+04 1.164922e+04 1.164598e+04 1.163499e+04 1.160892e+04 1.155898e+04 1.147617e+04 1.036742e+04 8.279182e+03 6.161223e+03 4.604773e+03 3.606168e+03 2.991061e+03 2.390280e+03 2.207804e+03 2.250957e+03 2.466504e+03 2.849493e+03 3.412547e+03
1.138366e+04 1.138366e+04 1.138366e+04 1.138366e+04 1.138366e+04 1.138379e+04 1.138413e+04 1.138497e+04 1.138539e+04 1.138580e+04 1.138664e+04 1.138701e+04 1.138470e+04 1.137491e+04 1.135046e+04 1.130278e+04 1.122306e+04 1.014719e+04 8.115534e+03 6.052823e+03 4.536367e+03 3.564070e+03 2.966593e+03 2.387991e+03 2.219696e+03 2.273555e+03 2.498479e+03 2.890698e+03 3.463327e+03
1.114081e+04 1.114081e+04 1.114081e+04 1.114081e+04 1.114081e+04 1.114079e+04 1.114079e+04 1.114113e+04 1.114154e+04 1.114213e+04 1.114368e+04 1.114501e+04 1.114378e+04 1.113524e+04 1.111234e+04 1.106671e+04 1.098977e+04 9.943733e+03 7.964250e+03 5.952971e+03 4.473901e+03 3.526198e+03 2.945194e+03 2.387459e+03 2.232885e+03 2.297458e+03 2.531965e+03 2.933694e+03 3.516226e+03
1.091357e+04 1.091357e+04 1.091357e+04 1.091357e+04 1.091357e+04 1.091372e+04 1.091418e+04 1.091588e+04 1.091704e+04 1.091833e+04 1.092114e+04 1.092353e+04 1.092324e+04 1.091566e+04 1.089396e+04 1.084997e+04 1.077535e+04 9.755911e+03 7.824473e+03 5.861095e+03 4.417016e+03 3.492352e+03 2.926774e+03 2.388698e+03 2.247398e+03 2.322683e+03 2.566977e+03 2.978498e+03 3.571256e+03
1.071126e+04 1.071126e+04 1.071126e+04 1.071126e+04 1.071128e+04 1.071159e+04 1.071239e+04 1.071473e+04 1.071610e+04 1.071755e+04 1.072055e+04 1.072305e+04 1.072290e+04 1.071559e+04 1.069446e+04 1.065152e+04 1.057863e+04 9.582572e+03 7.695385e+03 5.776665e+03 4.365380e+03 3.462344e+03 2.911248e+03 2.391727e+03 2.263266e+03 2.349248e+03 2.603529e+03 3.025129e+03 3.628435e+03
1.053770e+04 1.053770e+04 1.053770e+04 1.053770e+04 1.053770e+04 1.053767e+04 1.053759e+04 1.053775e+04 1.053815e+04 1.053877e+04 1.054047e+04 1.054202e+04 1.054116e+04 1.053342e+04 1.051223e+04 1.046977e+04 1.039807e+04 9.422521e+03 7.576207e+03 5.699194e+03 4.318691e+03 3.435998e+03 2.898531e+03 2.396558e+03 2.280521e+03 2.377178e+03 2.641641e+03 3.073608e+03 3.687788e+03
1.037248e+04 1.037248e+04 1.037248e+04 1.037248e+04 1.037248e+04 1.037260e+04 1.037292e+04 1.037385e+04 1.037437e+04 1.037491e+04 1.037605e+04 1.037675e+04 1.037501e+04 1.036653e+04 1.034494e+04 1.030260e+04 1.023173e+04 9.274540e+03 7.466204e+03 5.628235e+03 4.276673e+03 3.413152e+03 2.888545e+03 2.403208e+03 2.299198e+03 2.406502e+03 2.681335e+03 3.123959e+03 3.749340e+03
1.022297e+04 1.022297e+04 1.022297e+04 1.022297e+04 1.022297e+04 1.022297e+04 1.022302e+04 1.022332e+04 1.022354e+04 1.022376e+04 1.022416e+04 1.022399e+04 1.022133e+04 1.021207e+04 1.019001e+04 1.014771e+04 1.007756e+04 9.137458e+03 7.364708e+03 5.563387e+03 4.239077e+03 3.393660e+03 2.881216e+03 2.411688e+03 2.319336e+03 2.437250e+03 2.722637e+03 3.176207e+03 3.813120e+03
1.008286e+04 1.008286e+04 1.008286e+04 1.008286e+04 1.008286e+04 1.008285e+04 1.008281e+04 1.008258e+04 1.008242e+04 1.008223e+04 1.008176e+04 1.008073e+04 1.007727e+04 1.006739e+04 1.004504e+04 1.000294e+04 9.933619e+03 9.010235e+03 7.271132e+03 5.504298e+03 4.205683e+03 3.377388e+03 2.876477e+03 2.422013e+03 2.340973e+03 2.469460e+03 2.765576e+03 3.230381e+03 3.879160e+03
9.947846e+03 9.947846e+03 9.947846e+03 9.947846e+03 9.947845e+03 9.947816e+03 9.947716e+03 9.947296e+03 9.946987e+03 9.946624e+03 9.945739e+03 9.944255e+03 9.940418e+03 9.930339e+03 9.908107e+03 9.866579e+03 9.798413e+03 8.892052e+03 7.184988e+03 5.450660e+03 4.176297e+03 3.364220e+03 2.874268e+03 2.434198e+03 2.364152e+03 2.503170e+03 2.810183e+03 3.286510e+03 3.947491e+03
9.816259e+03 9.816259e+03 9.816259e+03 9.816258e+03 9.816258e+03 9.816233e+03 9.816147e+03 9.815778e+03 9.815504e+03 9.815176e+03 9.814355e+03 9.812959e+03 9.809306e+03 9.799606e+03 9.778052e+03 9.737611e+03 9.671042e+03 8.782360e+03 7.105894e+03 5.402217e+03 4.150749e+03 3.354051e+03 2.874535e+03 2.448256e+03 2.388913e+03 2.538423e+03 2.856496e+03 3.344629e+03 4.018149e+03
9.688129e+03 9.688129e+03 9.688129e+03 9.688129e+03 9.688129e+03 9.688139e+03 9.688140e+03 9.688047e+03 9.687938e+03 9.687788e+03 9.687385e+03 9.686547e+03 9.683649e+03 9.674941e+03 9.654666e+03 9.615852e+03 9.551330e+03 8.680900e+03 7.033570e+03 5.358751e+03 4.128894e+03 3.346792e+03 2.877233e+03 2.464203e+03 2.415301e+03 2.575266e+03 2.904554e+03 3.404773e+03 4.091170e+03
9.565277e+03 9.565277e+03 9.565277e+03 9.565277e+03 9.565278e+03 9.565292e+03 9.565320e+03 9.565334e+03 9.565332e+03 9.565359e+03 9.565598e+03 9.565793e+03 9.564246e+03 9.557141e+03 9.538693e+03 9.501956e+03 9.439814e+03 8.587657e+03 6.967815e+03 5.320082e+03 4.110606e+03 3.342365e+03 2.882322e+03 2.482056e+03 2.443361e+03 2.613746e+03 2.954399e+03 3.466981e+03 4.166593e+03
9.448023e+03 9.448023e+03 9.448023e+03 9.448023e+03 9.448022e+03 9.448005e+03 9.447950e+03 9.448003e+03 9.448282e+03 9.448790e+03 9.450475e+03 9.452527e+03 9.453025e+03 9.448035e+03 9.431756e+03 9.397287e+03 9.337590e+03 8.502761e+03 6.908477e+03 5.286055e+03 4.095778e+03 3.340706e+03 2.889772e+03 2.501834e+03 2.473137e+03 2.653915e+03 3.006078e+03 3.531294e+03 4.244459e+03
9.334411e+03 9.334412e+03 9.334412e+03 9.334415e+03 9.334425e+03 9.334719e+03 9.335452e+03 9.337877e+03 9.339525e+03 9.341431e+03 9.345857e+03 9.350455e+03 9.353258e+03 9.350367e+03 9.336069e+03 9.303576e+03 9.245970e+03 8.426345e+03 6.855412e+03 5.256531e+03 4.084318e+03 3.341758e+03 2.899558e+03 2.523556e+03 2.504676e+03 2.695826e+03 3.059641e+03 3.597759e+03 4.324812e+03
9.242307e+03 9.242307e+03 9.242307e+03 9.242310e+03 9.242321e+03 9.242649e+03 9.243640e+03 9.247274e+03 9.249731e+03 9.252489e+03 9.258571e+03 9.264623e+03 9.268659e+03 9.266851e+03 9.253592e+03 9.222215e+03 9.165919e+03 8.358401e+03 6.808458e+03 5.231381e+03 4.076144e+03 3.345479e+03 2.911660e+03 2.547245e+03 2.538025e+03 2.739537e+03 3.115141e+03 3.666422e+03 4.407696e+03
9.178988e+03 9.178988e+03 9.178988e+03 9.178991e+03 9.178998e+03 9.179229e+03 9.179947e+03 9.182754e+03 9.184733e+03 9.187004e+03 9.192151e+03 9.197370e+03 9.200707e+03 9.198368e+03 9.184802e+03 9.153406e+03 9.097452e+03 8.298664e+03 6.767408e+03 5.210482e+03 4.071187e+03 3.351831e+03 2.926068e+03 2.572923e+03 2.573233e+03 2.785103e+03 3.172635e+03 3.737335e+03 4.493160e+03
9.136940e+03 9.136940e+03 9.136940e+03 9.136940e+03 9.136940e+03 9.137015e+03 9.137280e+03 9.138363e+03 9.139193e+03 9.140226e+03 9.142855e+03 9.145724e+03 9.147002e+03 9.142950e+03 9.128056e+03 9.095767e+03 9.039398e+03 8.246601e+03 6.732012e+03 5.193713e+03 4.069389e+03 3.360789e+03 2.942775e+03 2.600619e+03 2.610350e+03 2.832587e+03 3.232181e+03 3.810552e+03 4.581254e+03
9.102731e+03 9.102731e+03 9.102731e+03 9.102731e+03 9.102730e+03 9.102690e+03 9.102564e+03 9.102236e+03 9.102162e+03 9.102212e+03 9.102731e+03 9.103431e+03 9.102627e+03 9.096702e+03 9.080249e+03 9.046799e+03 8.989739e+03 8.201491e+03 6.701999e+03 5.180960e+03 4.070700e+03 3.372334e+03 2.961782e+03 2.630359e+03 2.649426e+03 2.882049e+03 3.293844e+03 3.886133e+03 4.672033e+03
9.065560e+03 9.065560e+03 9.065560e+03 9.065561e+03 9.065561e+03 9.065578e+03 9.065610e+03 9.065607e+03 9.065560e+03 9.065499e+03 9.065389e+03 9.065042e+03 9.062972e+03 9.055761e+03 9.038168e+03 9.003856e+03 8.946304e+03 8.162582e+03 6.677105e+03 5.172126e+03 4.075082e+03 3.386455e+03 2.983095e+03 2.662175e+03 2.690512e+03 2.933554e+03 3.357687e+03 3.964137e+03 4.765552e+03
9.029080e+03 9.029080e+03 9.029080e+03 9.029081e+03 9.029081e+03 9.029096e+03 9.029125e+03 9.029134e+03 9.029089e+03 9.029001e+03 9.028696e+03 9.027949e+03 9.025343e+03 9.017574e+03 8.999519e+03 8.964942e+03 8.907405e+03 8.129256e+03 6.657116e+03 5.167129e+03 4.082508e+03 3.403150e+03 3.006724e+03 2.696100e+03 2.733662e+03 2.987168e+03 3.423781e+03 4.044630e+03 4.861871e+03
8.993341e+03 8.993341e+03 8.993341e+03 8.993341e+03 8.993341e+03 8.993318e+03 8.993243e+03 8.992960e+03 8.992764e+03 8.992541e+03 8.992035e+03 8.991192e+03 8.988600e+03 8.980964e+03 8.963185e+03 8.929054e+03 8.872167e+03 8.101157e+03 6.641888e+03 5.165914e+03 4.092963e+03 3.422423e+03 3.032688e+03 2.732170e+03 2.778930e+03 3.042957e+03 3.492195e+03 4.127678e+03 4.961052e+03
8.956034e+03 8.956034e+03 8.956034e+03 8.956033e+03 8.956033e+03 8.956009e+03 8.955932e+03 8.955615e+03 8.955402e+03 8.955194e+03 8.954886e+03 8.954515e+03 8.952645e+03 8.945920e+03 8.929191e+03 8.896227e+03 8.840621e+03 8.078241e+03 6.631364e+03 5.168451e+03 4.106442e+03 3.444286e+03 3.061006e+03 2.770423e+03 2.826372e+03 3.100991e+03 3.563003e+03 4.213354e+03 5.063159e+03
8.917098e+03 8.917098e+03 8.917098e+03 8.917097e+03 8.917097e+03 8.917074e+03 8.917001e+03 8.916865e+03 8.916910e+03 8.917082e+03 8.917868e+03 8.918927e+03 8.918691e+03 8.913698e+03 8.898730e+03 8.867524e+03 8.813670e+03 8.060745e+03 6.625557e+03 5.174733e+03 4.122952e+03 3.468757e+03 3.091706e+03 2.810900e+03 2.876045e+03 3.161342e+03 3.636284e+03 4.301732e+03 5.168263e+03
8.876872e+03 8.876872e+03 8.876873e+03 8.876875e+03 8.876881e+03 8.877060e+03 8.877498e+03 8.878939e+03 8.879947e+03 8.881161e+03 8.884191e+03 8.887598e+03 8.889696e+03 8.886944e+03 8.874085e+03 8.844858e+03 8.792879e+03 8.049077e+03 6.624528e+03 5.184767e+03 4.142508e+03 3.495861e+03 3.124818e+03 2.853644e+03 2.928009e+03 3.224081e+03 3.712115e+03 4.392890e+03 5.276435e+03
8.847291e+03 8.847291e+03 8.847291e+03 8.847293e+03 8.847299e+03 8.847500e+03 8.848126e+03 8.850652e+03 8.852514e+03 8.854724e+03 8.859972e+03 8.865657e+03 8.869917e+03 8.869143e+03 8.858074e+03 8.830478e+03 8.780015e+03 8.043663e+03 6.628345e+03 5.198571e+03 4.165133e+03 3.525627e+03 3.160377e+03 2.898701e+03 2.982324e+03 3.289284e+03 3.790578e+03 4.486907e+03 5.387748e+03
8.834828e+03 8.834828e+03 8.834828e+03 8.834831e+03 8.834841e+03 8.835145e+03 8.836055e+03 8.839461e+03 8.841866e+03 8.844656e+03 8.851090e+03 8.857893e+03 8.863154e+03 8.863262e+03 8.852986e+03 8.826131e+03 8.776401e+03 8.044778e+03 6.637054e+03 5.216167e+03 4.190856e+03 3.558091e+03 3.198423e+03 2.946119e+03 3.039053e+03 3.357028e+03 3.871758e+03 4.583869e+03 5.502282e+03
8.845019e+03 8.845019e+03 8.845019e+03 8.845022e+03 8.845032e+03 8.845339e+03 8.846275e+03 8.849612e+03 8.851846e+03 8.854382e+03 8.860154e+03 8.866224e+03 8.870781e+03 8.870269e+03 8.859488e+03 8.832269e+03 8.782333e+03 8.052430e+03 6.650651e+03 5.237574e+03 4.219709e+03 3.593291e+03 3.238996e+03 2.995950e+03 3.098262e+03 3.427392e+03 3.955742e+03 4.683863e+03 5.620118e+03
8.877262e+03 8.877262e+03 8.877262e+03 8.877263e+03 8.877264e+03 8.877305e+03 8.877488e+03 8.878653e+03 8.879687e+03 8.881010e+03 8.884397e+03 8.888226e+03 8.890754e+03 8.888468e+03 8.876190e+03 8.847759e+03 8.796894e+03 8.066343e+03 6.669085e+03 5.262809e+03 4.251730e+03 3.631271e+03 3.282145e+03 3.048247e+03 3.160016e+03 3.500456e+03 4.042620e+03 4.786978e+03 5.741341e+03
8.914046e+03 8.914046e+03 8.914046e+03 8.914046e+03 8.914048e+03 8.914086e+03 8.914198e+03 8.914583e+03 8.914891e+03 8.915320e+03 8.916615e+03 8.918197e+03 8.918537e+03 8.914248e+03 8.900222e+03 8.870328e+03 8.818298e+03 8.086042e+03 6.692274e+03 5.291891e+03 4.286962e+03 3.672079e+03 3.327917e+03 3.103067e+03 3.224386e+03 3.576303e+03 4.132483e+03 4.893309e+03 5.866038e+03
8.950685e+03 8.950685e+03 8.950685e+03 8.950685e+03 8.950684e+03 8.950662e+03 8.950599e+03 8.950436e+03 8.950368e+03 8.950336e+03 8.950462e+03 8.950648e+03 8.949515e+03 8.943805e+03 8.928494e+03 8.897503e+03 8.844585e+03 8.111020e+03 6.720143e+03 5.324848e+03 4.325454e+03 3.715766e+03 3.376367e+03 3.160468e+03 3.291443e+03 3.655019e+03 4.225427e+03 5.002951e+03 5.994299e+03
8.983393e+03 8.983393e+03 8.983392e+03 8.983392e+03 8.983392e+03 8.983368e+03 8.983293e+03 8.983030e+03 8.982872e+03 8.982723e+03 8.982534e+03 8.982312e+03 8.980724e+03 8.974561e+03 8.958838e+03 8.927501e+03 8.874320e+03 8.140909e+03 6.752656e+03 5.361722e+03 4.367259e+03 3.762390e+03 3.427549e+03 3.220513e+03 3.361261e+03 3.736693e+03 4.321548e+03 5.116003e+03 6.126221e+03
9.011746e+03 9.011746e+03 9.011746e+03 9.011746e+03 9.011746e+03 9.011753e+03 9.011764e+03 9.011753e+03 9.011749e+03 9.011779e+03 9.012030e+03 9.012337e+03 9.011321e+03 9.005731e+03 8.990558e+03 8.959732e+03 8.907021e+03 8.175608e+03 6.789844e+03 5.402571e+03 4.412440e+03 3.812008e+03 3.481524e+03 3.283266e+03 3.433917e+03 3.821414e+03 4.420948e+03 5.232569e+03 6.261898e+03
9.037856e+03 9.037856e+03 9.037856e+03 9.037856e+03 9.037856e+03 9.037862e+03 9.037886e+03 9.038156e+03 9.038478e+03 9.038951e+03 9.040352e+03 9.042030e+03 9.042467e+03 9.038310e+03 9.024481e+03 8.994872e+03 8.943235e+03 8.215313e+03 6.831812e+03 5.447476e+03 4.461066e+03 3.864686e+03 3.538354e+03 3.348795e+03 3.509492e+03 3.909276e+03 4.523728e+03 5.352754e+03 6.401433e+03
9.062970e+03 9.062970e+03 9.062970e+03 9.062972e+03 9.062978e+03 9.063152e+03 9.063640e+03 9.065274e+03 9.066394e+03 9.067717e+03 9.070953e+03 9.074579e+03 9.076980e+03 9.074714e+03 9.062634e+03 9.034592e+03 8.984318e+03 8.260465e+03 6.878728e+03 5.496534e+03 4.513211e+03 3.920490e+03 3.598103e+03 3.417170e+03 3.588067e+03 4.000375e+03 4.629995e+03 5.476665e+03 6.544928e+03
9.097464e+03 9.097464e+03 9.097464e+03 9.097466e+03 9.097472e+03 9.097649e+03 9.098201e+03 9.100424e+03 9.102078e+03 9.104066e+03 9.108903e+03 9.114322e+03 9.118555e+03 9.118054e+03 9.107602e+03 9.081012e+03 9.031994e+03 8.311624e+03 6.930797e+03 5.549852e+03 4.568956e+03 3.979491e+03 3.660840e+03 3.488465e+03 3.669729e+03 4.094810e+03 4.739857e+03 5.604415e+03 6.692489e+03
9.144405e+03 9.144405e+03 9.144405e+03 9.144407e+03 9.144415e+03 9.144664e+03 9.145398e+03 9.148203e+03 9.150248e+03 9.152686e+03 9.158559e+03 9.165116e+03 9.170503e+03 9.171115e+03 9.161696e+03 9.136030e+03 9.087808e+03 8.369325e+03 6.988232e+03 5.607548e+03 4.628385e+03 4.041762e+03 3.726636e+03 3.562758e+03 3.754568e+03 4.192685e+03 4.853426e+03 5.736116e+03 6.844226e+03
9.207523e+03 9.207523e+03 9.207523e+03 9.207525e+03 9.207533e+03 9.207788e+03 9.208580e+03 9.211646e+03 9.213830e+03 9.216390e+03 9.222453e+03 9.229159e+03 9.234693e+03 9.235467e+03 9.226225e+03 9.200736e+03 9.152669e+03 8.433958e+03 7.051224e+03 5.669736e+03 4.691583e+03 4.107378e+03 3.795565e+03 3.640129e+03 3.842675e+03 4.294103e+03 4.970817e+03 5.871887e+03 7.000252e+03
9.288408e+03 9.288408e+03 9.288408e+03 9.288411e+03 9.288419e+03 9.288627e+03 9.289239e+03 9.291608e+03 9.293349e+03 9.295439e+03 9.300532e+03 9.306289e+03 9.310955e+03 9.310981e+03 9.301122e+03 9.275128e+03 9.226633e+03 8.505714e+03 7.119935e+03 5.736529e+03 4.758637e+03 4.176418e+03 3.867704e+03 3.720662e+03 3.934148e+03 4.399175e+03 5.092147e+03 6.011848e+03 7.160681e+03
9.381248e+03 9.381248e+03 9.381248e+03 9.381249e+03 9.381253e+03 9.381374e+03 9.381750e+03 9.383287e+03 9.384466e+03 9.385918e+03 9.389587e+03 9.393866e+03 9.397147e+03 9.395961e+03 9.385082e+03 9.358239e+03 9.309017e+03 8.584618e+03 7.194491e+03 5.808033e+03 4.829637e+03 4.248963e+03 3.943133e+03 3.804444e+03 4.029087e+03 4.508013e+03 5.217537e+03 6.156120e+03 7.325630e+03
9.479613e+03 9.479613e+03 9.479613e+03 9.479615e+03 9.479618e+03 9.479737e+03 9.480067e+03 9.481154e+03 9.481901e+03 9.482807e+03 9.485186e+03 9.488124e+03 9.490182e+03 9.487961e+03 9.476232e+03 9.448677e+03 9.398819e+03 8.670625e+03 7.275006e+03 5.884352e+03 4.904668e+03 4.325093e+03 4.021934e+03 3.891569e+03 4.127596e+03 4.620733e+03 5.347112e+03 6.304831e+03 7.495222e+03
9.580970e+03 9.580970e+03 9.580970e+03 9.580970e+03 9.580970e+03 9.580969e+03 9.580971e+03 9.581119e+03 9.581365e+03 9.581797e+03 9.583371e+03 9.585724e+03 9.587398e+03 9.584940e+03 9.573053e+03 9.545348e+03 9.495282e+03 8.763736e+03 7.361589e+03 5.965586e+03 4.983820e+03 4.404895e+03 4.104193e+03 3.982131e+03 4.229785e+03 4.737456e+03 5.480999e+03 6.458108e+03 7.669577e+03
9.677998e+03 9.677998e+03 9.677998e+03 9.677998e+03 9.677998e+03 9.677996e+03 9.678003e+03 9.678333e+03 9.678807e+03 9.679553e+03 9.681944e+03 9.685252e+03 9.687901e+03 9.686354e+03 9.675239e+03 9.648108e+03 9.598368e+03 8.864088e+03 7.454361e+03 6.051834e+03 5.067180e+03 4.488454e+03 4.190001e+03 4.076232e+03 4.335767e+03 4.858306e+03 5.619329e+03 6.616084e+03 7.848823e+03
9.771503e+03 9.771503e+03 9.771503e+03 9.771506e+03 9.771514e+03 9.771778e+03 9.772514e+03 9.774967e+03 9.776633e+03 9.778589e+03 9.783360e+03 9.788899e+03 9.793564e+03 9.793756e+03 9.784060e+03 9.757982e+03 9.708902e+03 8.971960e+03 7.553454e+03 6.143190e+03 5.154837e+03 4.575861e+03 4.279450e+03 4.173976e+03 4.445659e+03 4.983412e+03 5.762236e+03 6.778892e+03 8.033088e+03
