4.624738e+05 2.448065e+05 1.997391e+05 1.285849e+05 1.044451e+05 6.543622e+04 5.369758e+04 4.325319e+04 4.028213e+04 3.805636e+04 3.497862e+04 3.299571e+04 3.165508e+04 3.072777e+04 3.008609e+04 2.965319e+04 2.938001e+04 2.954708e+04 3.126452e+04 3.387343e+04 3.691408e+04 3.994142e+04 4.254631e+04 4.552018e+04 4.558578e+04 4.401569e+04 4.196757e+04 4.007049e+04 3.860423e+04
6.485257e+04 6.485272e+04 6.485260e+04 6.479133e+04 6.438943e+04 5.800386e+04 5.065710e+04 4.204732e+04 3.939630e+04 3.737547e+04 3.454165e+04 3.269489e+04 3.143852e+04 3.056733e+04 2.996523e+04 2.956155e+04 2.931077e+04 2.954067e+04 3.128874e+04 3.391615e+04 3.696757e+04 3.999921e+04 4.260288e+04 4.556369e+04 4.561240e+04 4.402882e+04 4.197200e+04 4.007013e+04 3.860188e+04
5.359502e+04 5.359502e+04 5.359495e+04 5.358519e+04 5.352735e+04 5.157398e+04 4.707093e+04 4.058041e+04 3.835077e+04 3.659133e+04 3.405568e+04 3.236778e+04 3.120666e+04 3.039754e+04 2.983852e+04 2.946626e+04 2.923931e+04 2.953490e+04 3.131431e+04 3.396039e+04 3.702252e+04 4.005827e+04 4.266050e+04 4.560777e+04 4.563927e+04 4.404201e+04 4.197640e+04 4.006974e+04 3.859949e+04
4.718205e+04 4.718205e+04 4.718204e+04 4.717902e+04 4.716139e+04 4.602714e+04 4.415541e+04 3.897186e+04 3.719064e+04 3.572580e+04 3.352828e+04 3.201780e+04 3.096129e+04 3.021943e+04 2.970661e+04 2.936774e+04 2.916596e+04 2.952989e+04 3.134128e+04 3.400617e+04 3.707894e+04 4.011863e+04 4.271916e+04 4.565242e+04 4.566637e+04 4.405526e+04 4.198079e+04 4.006929e+04 3.859705e+04
4.285027e+04 4.285027e+04 4.285027e+04 4.284903e+04 4.284173e+04 4.221904e+04 4.114701e+04 3.749591e+04 3.600594e+04 3.481738e+04 3.297049e+04 3.164936e+04 3.070454e+04 3.003418e+04 2.957020e+04 2.926647e+04 2.909103e+04 2.952572e+04 3.136971e+04 3.405354e+04 3.713687e+04 4.018029e+04 4.277889e+04 4.569765e+04 4.569371e+04 4.406856e+04 4.198515e+04 4.006880e+04 3.859457e+04
3.967683e+04 3.967684e+04 3.967684e+04 3.967633e+04 3.967284e+04 3.933913e+04 3.848507e+04 3.627441e+04 3.495956e+04 3.393018e+04 3.239835e+04 3.126821e+04 3.043900e+04 2.984314e+04 2.943011e+04 2.916297e+04 2.901488e+04 2.952251e+04 3.139965e+04 3.410253e+04 3.719632e+04 4.024328e+04 4.283969e+04 4.574344e+04 4.572128e+04 4.408191e+04 4.198949e+04 4.006826e+04 3.859205e+04
3.723392e+04 3.723392e+04 3.723392e+04 3.723368e+04 3.723188e+04 3.704467e+04 3.636575e+04 3.510400e+04 3.409073e+04 3.316623e+04 3.183490e+04 3.088204e+04 3.016788e+04 2.964791e+04 2.928722e+04 2.905778e+04 2.893789e+04 2.952036e+04 3.143116e+04 3.415317e+04 3.725732e+04 4.030760e+04 4.290156e+04 4.578982e+04 4.574908e+04 4.409532e+04 4.199380e+04 4.006768e+04 3.858948e+04
3.528788e+04 3.528788e+04 3.528788e+04 3.528779e+04 3.528684e+04 3.517637e+04 3.468256e+04 3.394460e+04 3.328367e+04 3.253159e+04 3.131283e+04 3.050106e+04 2.989529e+04 2.945045e+04 2.914260e+04 2.895154e+04 2.886046e+04 2.951937e+04 3.146428e+04 3.420550e+04 3.731990e+04 4.037327e+04 4.296452e+04 4.583676e+04 4.577711e+04 4.410878e+04 4.199808e+04 4.006704e+04 3.858686e+04
3.369814e+04 3.369814e+04 3.369815e+04 3.369816e+04 3.369769e+04 3.363577e+04 3.332313e+04 3.285444e+04 3.249565e+04 3.195385e+04 3.087731e+04 3.013884e+04 2.962652e+04 2.925316e+04 2.899750e+04 2.884498e+04 2.878305e+04 2.951965e+04 3.149906e+04 3.425955e+04 3.738406e+04 4.044031e+04 4.302856e+04 4.588428e+04 4.580538e+04 4.412228e+04 4.200234e+04 4.006636e+04 3.858420e+04
3.237441e+04 3.237442e+04 3.237442e+04 3.237448e+04 3.237469e+04 3.238462e+04 3.223226e+04 3.189434e+04 3.173585e+04 3.139768e+04 3.051463e+04 2.981407e+04 2.936829e+04 2.905910e+04 2.885348e+04 2.873897e+04 2.870618e+04 2.952129e+04 3.153557e+04 3.431535e+04 3.744983e+04 4.050872e+04 4.309370e+04 4.593238e+04 4.583387e+04 4.413584e+04 4.200657e+04 4.006562e+04 3.858149e+04
3.144504e+04 3.144504e+04 3.144505e+04 3.144527e+04 3.144578e+04 3.146244e+04 3.137935e+04 3.108817e+04 3.103191e+04 3.085538e+04 3.019132e+04 2.954898e+04 2.912929e+04 2.887207e+04 2.871243e+04 2.863454e+04 2.863049e+04 2.952441e+04 3.157384e+04 3.437292e+04 3.751723e+04 4.057851e+04 4.315994e+04 4.598105e+04 4.586258e+04 4.414943e+04 4.201077e+04 4.006483e+04 3.857874e+04
2.897011e+04 2.897012e+04 2.897012e+04 2.897027e+04 2.897065e+04 2.897391e+04 2.895237e+04 2.875084e+04 2.867864e+04 2.868214e+04 2.873404e+04 2.862190e+04 2.840855e+04 2.823331e+04 2.815754e+04 2.819141e+04 2.830125e+04 2.956683e+04 3.179342e+04 3.468852e+04 3.787932e+04 4.094863e+04 4.350785e+04 4.623298e+04 4.600943e+04 4.421802e+04 4.203125e+04 4.006008e+04 3.856423e+04
2.771787e+04 2.771787e+04 2.771788e+04 2.771799e+04 2.771829e+04 2.772392e+04 2.772776e+04 2.767368e+04 2.762080e+04 2.759150e+04 2.767584e+04 2.785520e+04 2.797636e+04 2.801743e+04 2.803654e+04 2.808830e+04 2.820079e+04 2.967125e+04 3.206525e+04 3.505288e+04 3.828467e+04 4.135476e+04 4.388387e+04 4.649906e+04 4.616151e+04 4.428737e+04 4.205073e+04 4.005389e+04 3.854847e+04
2.710432e+04 2.710433e+04 2.710433e+04 2.710443e+04 2.710475e+04 2.711632e+04 2.714457e+04 2.718975e+04 2.719206e+04 2.718804e+04 2.723388e+04 2.740900e+04 2.765696e+04 2.789070e+04 2.807782e+04 2.823611e+04 2.839873e+04 2.987873e+04 3.239915e+04 3.546987e+04 3.873512e+04 4.179772e+04 4.428823e+04 4.677894e+04 4.631841e+04 4.435719e+04 4.206898e+04 4.004613e+04 3.853138e+04
2.710396e+04 2.710396e+04 2.710396e+04 2.710405e+04 2.710432e+04 2.711149e+04 2.712943e+04 2.717690e+04 2.719699e+04 2.721166e+04 2.725095e+04 2.736934e+04 2.759309e+04 2.788087e+04 2.817801e+04 2.845542e+04 2.871352e+04 3.026855e+04 3.281163e+04 3.594479e+04 3.923269e+04 4.227817e+04 4.472090e+04 4.707214e+04 4.647964e+04 4.442711e+04 4.208579e+04 4.003666e+04 3.851289e+04
2.735459e+04 2.735460e+04 2.735460e+04 2.735468e+04 2.735492e+04 2.736155e+04 2.737926e+04 2.743312e+04 2.746262e+04 2.749029e+04 2.754437e+04 2.763493e+04 2.780841e+04 2.807057e+04 2.839177e+04 2.873538e+04 2.907760e+04 3.084245e+04 3.333105e+04 3.648580e+04 3.978007e+04 4.279680e+04 4.518174e+04 4.737804e+04 4.664466e+04 4.449675e+04 4.210092e+04 4.002536e+04 3.849295e+04
2.779158e+04 2.779158e+04 2.779159e+04 2.779166e+04 2.779187e+04 2.779808e+04 2.781512e+04 2.787065e+04 2.790489e+04 2.794072e+04 2.801394e+04 2.810406e+04 2.824746e+04 2.846997e+04 2.876971e+04 2.912503e+04 2.950998e+04 3.152859e+04 3.400393e+04 3.710573e+04 4.038134e+04 4.335468e+04 4.567064e+04 4.769596e+04 4.681288e+04 4.456571e+04 4.211412e+04 4.001207e+04 3.847147e+04
2.836697e+04 2.836697e+04 2.836697e+04 2.836704e+04 2.836724e+04 2.837320e+04 2.838995e+04 2.844746e+04 2.848521e+04 2.852696e+04 2.861767e+04 2.872034e+04 2.885591e+04 2.905135e+04 2.932048e+04 2.965888e+04 3.005012e+04 3.228542e+04 3.481749e+04 3.782554e+04 4.104273e+04 4.395356e+04 4.618768e+04 4.802515e+04 4.698364e+04 4.463356e+04 4.212512e+04 3.999667e+04 3.844840e+04
2.906785e+04 2.906786e+04 2.906786e+04 2.906792e+04 2.906810e+04 2.907368e+04 2.909012e+04 2.915001e+04 2.919086e+04 2.923726e+04 2.934213e+04 2.946026e+04 2.960105e+04 2.978505e+04 3.003079e+04 3.034528e+04 3.072317e+04 3.309839e+04 3.573498e+04 3.867363e+04 4.177375e+04 4.459632e+04 4.673332e+04 4.836491e+04 4.715631e+04 4.469987e+04 4.213369e+04 3.997901e+04 3.842368e+04
2.989505e+04 2.989505e+04 2.989506e+04 2.989512e+04 2.989530e+04 2.990095e+04 2.991769e+04 2.997920e+04 3.002175e+04 3.007081e+04 3.018477e+04 3.031584e+04 3.046671e+04 3.065033e+04 3.088349e+04 3.117811e+04 3.153693e+04 3.397282e+04 3.673082e+04 3.963227e+04 4.259040e+04 4.528742e+04 4.730865e+04 4.871462e+04 4.733023e+04 4.476420e+04 4.213955e+04 3.995895e+04 3.839724e+04
3.084885e+04 3.084885e+04 3.084885e+04 3.084891e+04 3.084909e+04 3.085463e+04 3.087095e+04 3.093103e+04 3.097338e+04 3.102308e+04 3.114190e+04 3.128279e+04 3.144488e+04 3.163480e+04 3.186488e+04 3.214734e+04 3.248912e+04 3.492309e+04 3.778832e+04 4.067808e+04 4.350787e+04 4.603382e+04 4.791562e+04 4.907383e+04 4.750481e+04 4.482614e+04 4.214247e+04 3.993638e+04 3.836903e+04
3.190993e+04 3.190993e+04 3.190993e+04 3.190999e+04 3.191016e+04 3.191538e+04 3.193095e+04 3.199009e+04 3.203278e+04 3.208360e+04 3.220762e+04 3.235804e+04 3.253233e+04 3.273264e+04 3.296666e+04 3.324443e+04 3.357413e+04 3.596386e+04 3.889933e+04 4.179222e+04 4.450803e+04 4.684801e+04 4.855743e+04 4.944233e+04 4.767951e+04 4.488529e+04 4.214221e+04 3.991117e+04 3.833901e+04
3.306757e+04 3.306757e+04 3.306757e+04 3.306762e+04 3.306780e+04 3.307320e+04 3.308954e+04 3.315206e+04 3.319720e+04 3.325102e+04 3.338290e+04 3.354402e+04 3.373120e+04 3.394388e+04 3.418586e+04 3.446423e+04 3.478651e+04 3.710550e+04 4.006215e+04 4.295920e+04 4.557363e+04 4.773553e+04 4.923929e+04 4.982025e+04 4.785387e+04 4.494129e+04 4.213855e+04 3.988320e+04 3.830713e+04
3.434558e+04 3.434558e+04 3.434558e+04 3.434564e+04 3.434582e+04 3.435135e+04 3.436823e+04 3.443361e+04 3.448129e+04 3.453827e+04 3.467811e+04 3.484925e+04 3.504811e+04 3.527246e+04 3.552312e+04 3.580426e+04 3.612179e+04 3.835258e+04 4.127857e+04 4.416714e+04 4.668961e+04 4.868031e+04 4.997098e+04 5.020812e+04 4.802759e+04 4.499383e+04 4.213131e+04 3.985239e+04 3.827336e+04
3.575288e+04 3.575288e+04 3.575288e+04 3.575296e+04 3.575319e+04 3.576028e+04 3.578013e+04 3.585062e+04 3.590043e+04 3.595957e+04 3.610457e+04 3.628253e+04 3.648965e+04 3.672249e+04 3.697959e+04 3.726254e+04 3.757537e+04 3.970413e+04 4.255105e+04 4.540759e+04 4.784246e+04 4.966890e+04 5.075173e+04 5.060708e+04 4.820051e+04 4.504267e+04 4.212032e+04 3.981866e+04 3.823769e+04
3.732499e+04 3.732499e+04 3.732499e+04 3.732505e+04 3.732523e+04 3.733072e+04 3.734729e+04 3.741243e+04 3.746089e+04 3.751955e+04 3.766573e+04 3.784684e+04 3.805804e+04 3.829473e+04 3.855388e+04 3.883515e+04 3.914089e+04 4.115432e+04 4.388067e+04 4.667494e+04 4.902043e+04 5.068917e+04 5.156840e+04 5.101905e+04 4.837267e+04 4.508763e+04 4.210547e+04 3.978195e+04 3.820010e+04
3.900731e+04 3.900731e+04 3.900731e+04 3.900737e+04 3.900755e+04 3.901320e+04 3.903058e+04 3.909873e+04 3.914872e+04 3.920878e+04 3.935718e+04 3.953941e+04 3.975034e+04 3.998510e+04 4.024018e+04 4.051429e+04 4.080862e+04 4.269320e+04 4.526612e+04 4.796545e+04 5.021379e+04 5.172990e+04 5.241047e+04 5.144752e+04 4.854433e+04 4.512866e+04 4.208666e+04 3.974223e+04 3.816061e+04
4.082507e+04 4.082507e+04 4.082508e+04 4.082514e+04 4.082532e+04 4.083120e+04 4.084934e+04 4.091928e+04 4.096996e+04 4.103034e+04 4.117745e+04 4.135521e+04 4.155860e+04 4.178340e+04 4.202655e+04 4.228659e+04 4.256408e+04 4.430759e+04 4.670341e+04 4.927631e+04 5.141474e+04 5.278094e+04 5.326835e+04 5.189781e+04 4.871606e+04 4.516576e+04 4.206389e+04 3.969950e+04 3.811925e+04
4.278707e+04 4.278707e+04 4.278707e+04 4.278713e+04 4.278731e+04 4.279283e+04 4.280985e+04 4.287623e+04 4.292418e+04 4.298076e+04 4.311678e+04 4.327924e+04 4.346449e+04 4.366967e+04 4.389252e+04 4.413174e+04 4.438735e+04 4.598204e+04 4.818622e+04 5.060488e+04 5.261722e+04 5.383335e+04 5.413307e+04 5.236405e+04 4.888880e+04 4.519909e+04 4.203718e+04 3.965379e+04 3.807605e+04
4.486485e+04 4.486485e+04 4.486485e+04 4.486491e+04 4.486509e+04 4.487076e+04 4.488713e+04 4.494429e+04 4.498352e+04 4.502941e+04 4.514038e+04 4.527553e+04 4.543310e+04 4.561129e+04 4.580832e+04 4.602275e+04 4.625391e+04 4.770016e+04 4.970651e+04 5.194816e+04 5.381653e+04 5.487952e+04 5.499638e+04 5.283876e+04 4.906409e+04 4.522893e+04 4.200661e+04 3.960516e+04 3.803109e+04
4.700995e+04 4.700995e+04 4.700995e+04 4.700996e+04 4.701001e+04 4.701174e+04 4.701737e+04 4.704524e+04 4.706919e+04 4.709989e+04 4.718080e+04 4.728653e+04 4.741584e+04 4.756735e+04 4.773936e+04 4.793009e+04 4.813817e+04 4.944600e+04 5.125522e+04 5.330253e+04 5.500892e+04 5.591314e+04 5.585084e+04 5.331585e+04 4.924485e+04 4.525572e+04 4.197235e+04 3.955370e+04 3.798444e+04
4.900364e+04 4.900364e+04 4.900364e+04 4.900369e+04 4.900382e+04 4.900783e+04 4.901871e+04 4.905263e+04 4.907505e+04 4.910160e+04 4.916896e+04 4.925758e+04 4.936869e+04 4.950196e+04 4.965603e+04 4.982894e+04 5.001884e+04 5.120551e+04 5.282291e+04 5.466368e+04 5.619120e+04 5.692907e+04 5.668993e+04 5.378971e+04 4.943248e+04 4.528012e+04 4.193464e+04 3.949956e+04 3.793622e+04
5.094729e+04 5.094729e+04 5.094729e+04 5.094731e+04 5.094738e+04 5.094921e+04 5.095451e+04 5.097738e+04 5.099591e+04 5.101940e+04 5.108181e+04 5.116553e+04 5.127090e+04 5.139718e+04 5.154275e+04 5.170550e+04 5.188331e+04 5.296721e+04 5.440019e+04 5.602666e+04 5.736036e+04 5.792316e+04 5.750803e+04 5.425515e+04 4.962204e+04 4.530304e+04 4.189379e+04 3.944291e+04 3.788656e+04
5.276434e+04 5.276434e+04 5.276434e+04 5.276438e+04 5.276447e+04 5.276745e+04 5.277575e+04 5.280609e+04 5.282847e+04 5.285589e+04 5.292613e+04 5.301683e+04 5.312717e+04 5.325559e+04 5.340008e+04 5.355841e+04 5.372851e+04 5.472218e+04 5.597793e+04 5.738592e+04 5.851338e+04 5.889202e+04 5.830045e+04 5.470736e+04 4.980967e+04 4.532587e+04 4.185023e+04 3.938399e+04 3.783562e+04
5.453736e+04 5.453736e+04 5.453736e+04 5.453740e+04 5.453751e+04 5.454107e+04 5.455183e+04 5.459236e+04 5.462127e+04 5.465554e+04 5.473935e+04 5.484198e+04 5.496119e+04 5.509458e+04 5.523980e+04 5.539472e+04 5.555756e+04 5.646304e+04 5.754719e+04 5.873545e+04 5.964706e+04 5.983279e+04 5.906331e+04 5.514196e+04 4.999205e+04 4.535099e+04 4.180447e+04 3.932307e+04 3.778360e+04
5.635244e+04 5.635244e+04 5.635245e+04 5.635248e+04 5.635259e+04 5.635603e+04 5.636680e+04 5.640929e+04 5.644053e+04 5.647792e+04 5.656909e+04 5.667824e+04 5.680107e+04 5.693423e+04 5.707522e+04 5.722223e+04 5.737389e+04 5.818253e+04 5.909913e+04 6.006886e+04 6.075792e+04 6.074295e+04 5.979345e+04 5.555503e+04 5.016622e+04 4.537752e+04 4.175720e+04 3.926047e+04 3.773071e+04
5.822190e+04 5.822191e+04 5.822191e+04 5.822194e+04 5.822206e+04 5.822571e+04 5.823696e+04 5.828113e+04 5.831335e+04 5.835145e+04 5.844212e+04 5.854712e+04 5.866196e+04 5.878372e+04 5.891055e+04 5.904127e+04 5.917497e+04 5.987224e+04 6.062490e+04 6.137953e+04 6.184220e+04 6.162014e+04 6.048829e+04 5.594316e+04 5.032946e+04 4.540264e+04 4.170930e+04 3.919660e+04 3.767721e+04
6.015923e+04 6.015923e+04 6.015923e+04 6.015927e+04 6.015940e+04 6.016350e+04 6.017574e+04 6.021999e+04 6.024980e+04 6.028340e+04 6.035925e+04 6.044378e+04 6.053506e+04 6.063196e+04 6.073365e+04 6.083944e+04 6.094858e+04 6.152211e+04 6.211570e+04 6.266078e+04 6.289593e+04 6.246206e+04 6.114573e+04 5.630341e+04 5.047930e+04 4.542437e+04 4.166209e+04 3.913190e+04 3.762337e+04
6.217805e+04 6.217805e+04 6.217805e+04 6.217807e+04 6.217814e+04 6.218039e+04 6.218720e+04 6.220990e+04 6.222434e+04 6.224066e+04 6.227927e+04 6.232625e+04 6.238162e+04 6.244490e+04 6.251531e+04 6.259192e+04 6.267365e+04 6.312102e+04 6.356304e+04 6.390598e+04 6.391493e+04 6.326642e+04 6.176397e+04 5.663335e+04 5.061350e+04 4.544102e+04 4.161708e+04 3.906692e+04 3.756951e+04
6.413715e+04 6.413715e+04 6.413715e+04 6.413713e+04 6.413706e+04 6.413466e+04 6.412811e+04 6.411318e+04 6.410771e+04 6.410446e+04 6.410577e+04 6.411822e+04 6.414166e+04 6.417533e+04 6.421815e+04 6.426886e+04 6.432606e+04 6.465818e+04 6.495905e+04 6.510877e+04 6.489494e+04 6.403083e+04 6.234148e+04 5.693103e+04 5.073011e+04 4.545109e+04 4.157278e+04 3.900232e+04 3.751601e+04
6.576466e+04 6.576466e+04 6.576466e+04 6.576466e+04 6.576467e+04 6.576484e+04 6.576498e+04 6.576245e+04 6.575991e+04 6.575732e+04 6.575439e+04 6.575731e+04 6.576788e+04 6.578663e+04 6.581331e+04 6.584715e+04 6.588702e+04 6.612484e+04 6.629690e+04 6.626315e+04 6.583167e+04 6.475286e+04 6.287684e+04 5.719493e+04 5.082744e+04 4.545328e+04 4.152781e+04 3.893894e+04 3.746325e+04
6.720649e+04 6.720649e+04 6.720649e+04 6.720649e+04 6.720651e+04 6.720711e+04 6.720884e+04 6.721493e+04 6.721867e+04 6.722258e+04 6.723084e+04 6.724067e+04 6.725354e+04 6.727056e+04 6.729226e+04 6.731854e+04 6.734881e+04 6.751533e+04 6.757093e+04 6.736359e+04 6.672084e+04 6.542997e+04 6.336876e+04 5.742392e+04 5.090408e+04 4.544640e+04 4.148114e+04 3.887804e+04 3.741170e+04
6.853913e+04 6.853913e+04 6.853913e+04 6.853914e+04 6.853917e+04 6.854014e+04 6.854301e+04 6.855335e+04 6.856026e+04 6.856793e+04 6.858463e+04 6.860239e+04 6.862125e+04 6.864168e+04 6.866405e+04 6.868836e+04 6.871421e+04 6.882718e+04 6.877667e+04 6.840499e+04 6.755827e+04 6.605962e+04 6.381596e+04 5.761723e+04 5.095891e+04 4.542942e+04 4.143195e+04 3.882009e+04 3.736188e+04
6.980385e+04 6.980385e+04 6.980385e+04 6.980386e+04 6.980390e+04 6.980494e+04 6.980803e+04 6.981903e+04 6.982646e+04 6.983488e+04 6.985392e+04 6.987496e+04 6.989731e+04 6.992056e+04 6.994438e+04 6.996833e+04 6.999173e+04 7.006026e+04 6.991056e+04 6.938266e+04 6.833985e+04 6.663919e+04 6.421724e+04 5.777439e+04 5.099108e+04 4.540147e+04 4.137950e+04 3.876397e+04 3.731441e+04
7.101452e+04 7.101452e+04 7.101452e+04 7.101453e+04 7.101455e+04 7.101531e+04 7.101755e+04 7.102581e+04 7.103169e+04 7.103869e+04 7.105579e+04 7.107636e+04 7.109926e+04 7.112327e+04 7.114724e+04 7.117008e+04 7.119072e+04 7.121543e+04 7.096954e+04 7.029215e+04 6.906159e+04 6.716609e+04 6.457139e+04 5.789519e+04 5.100002e+04 4.536183e+04 4.132317e+04 3.870897e+04 3.727008e+04
7.215928e+04 7.215928e+04 7.215928e+04 7.215929e+04 7.215930e+04 7.215973e+04 7.216102e+04 7.216679e+04 7.217157e+04 7.217769e+04 7.219376e+04 7.221399e+04 7.223670e+04 7.226009e+04 7.228248e+04 7.230242e+04 7.231856e+04 7.229331e+04 7.195060e+04 7.112918e+04 6.971960e+04 6.763775e+04 6.487724e+04 5.797964e+04 5.098540e+04 4.530994e+04 4.126244e+04 3.865459e+04 3.722999e+04
7.322602e+04 7.322602e+04 7.322602e+04 7.322603e+04 7.322607e+04 7.322706e+04 7.322984e+04 7.323954e+04 7.324634e+04 7.325434e+04 7.327334e+04 7.329489e+04 7.331709e+04 7.333816e+04 7.335650e+04 7.337072e+04 7.337948e+04 7.329318e+04 7.285034e+04 7.188947e+04 7.031009e+04 6.805170e+04 6.513369e+04 5.802794e+04 5.094715e+04 4.524538e+04 4.119685e+04 3.860041e+04 3.719389e+04
7.425353e+04 7.425353e+04 7.425353e+04 7.425354e+04 7.425358e+04 7.425478e+04 7.425826e+04 7.427092e+04 7.427946e+04 7.428895e+04 7.430921e+04 7.432917e+04 7.434707e+04 7.436161e+04 7.437165e+04 7.437604e+04 7.437362e+04 7.421234e+04 7.366470e+04 7.256873e+04 7.082945e+04 6.840557e+04 6.533975e+04 5.804045e+04 5.088539e+04 4.516789e+04 4.112606e+04 3.854608e+04 3.716115e+04
7.526969e+04 7.526969e+04 7.526969e+04 7.526970e+04 7.526973e+04 7.527073e+04 7.527371e+04 7.528433e+04 7.529089e+04 7.529757e+04 7.530988e+04 7.531948e+04 7.532549e+04 7.532715e+04 7.532355e+04 7.531358e+04 7.529601e+04 7.504591e+04 7.438890e+04 7.316258e+04 7.127422e+04 6.869720e+04 6.549451e+04 5.801768e+04 5.080046e+04 4.507739e+04 4.104979e+04 3.849133e+04 3.713140e+04
7.626677e+04 7.626677e+04 7.626677e+04 7.626678e+04 7.626681e+04 7.626747e+04 7.626834e+04 7.626767e+04 7.626605e+04 7.626367e+04 7.625697e+04 7.624783e+04 7.623589e+04 7.622020e+04 7.619944e+04 7.617209e+04 7.613663e+04 7.578696e+04 7.501744e+04 7.366669e+04 7.164124e+04 6.892468e+04 6.559729e+04 5.796027e+04 5.069287e+04 4.497389e+04 4.096784e+04 3.843592e+04 3.710437e+04
7.717201e+04 7.717201e+04 7.717201e+04 7.717199e+04 7.717194e+04 7.717036e+04 7.716551e+04 7.714890e+04 7.713853e+04 7.712737e+04 7.710360e+04 7.707825e+04 7.705055e+04 7.701896e+04 7.698161e+04 7.693669e+04 7.688257e+04 7.642708e+04 7.554432e+04 7.407687e+04 7.192770e+04 6.908645e+04 6.564759e+04 5.786896e+04 5.056327e+04 4.485759e+04 4.088013e+04 3.837968e+04 3.707988e+04
7.787245e+04 7.787245e+04 7.787245e+04 7.787245e+04 7.787242e+04 7.787151e+04 7.786855e+04 7.785630e+04 7.784738e+04 7.783696e+04 7.781238e+04 7.778303e+04 7.774804e+04 7.770589e+04 7.765494e+04 7.759376e+04 7.752120e+04 7.695698e+04 7.596340e+04 7.438926e+04 7.213128e+04 6.918133e+04 6.564521e+04 5.774463e+04 5.041246e+04 4.472877e+04 4.078662e+04 3.832249e+04 3.705777e+04
7.842283e+04 7.842283e+04 7.842283e+04 7.842283e+04 7.842284e+04 7.842284e+04 7.842235e+04 7.841816e+04 7.841403e+04 7.840823e+04 7.839068e+04 7.836366e+04 7.832550e+04 7.827490e+04 7.821100e+04 7.813332e+04 7.804164e+04 7.736699e+04 7.626871e+04 7.460060e+04 7.225029e+04 6.920866e+04 6.559024e+04 5.758827e+04 5.024134e+04 4.458784e+04 4.068738e+04 3.826426e+04 3.703791e+04
7.889372e+04 7.889372e+04 7.889372e+04 7.889372e+04 7.889372e+04 7.889371e+04 7.889350e+04 7.889159e+04 7.888898e+04 7.888444e+04 7.886723e+04 7.883610e+04 7.878884e+04 7.872462e+04 7.864350e+04 7.854601e+04 7.843287e+04 7.764740e+04 7.645499e+04 7.470849e+04 7.228380e+04 6.916830e+04 6.548313e+04 5.740100e+04 5.005091e+04 4.443534e+04 4.058254e+04 3.820496e+04 3.702024e+04
7.930745e+04 7.930745e+04 7.930745e+04 7.930745e+04 7.930745e+04 7.930728e+04 7.930640e+04 7.929956e+04 7.929249e+04 7.928224e+04 7.925019e+04 7.920039e+04 7.913170e+04 7.904430e+04 7.893914e+04 7.881743e+04 7.868038e+04 7.778894e+04 7.651815e+04 7.471165e+04 7.223176e+04 6.906077e+04 6.532471e+04 5.718403e+04 4.984226e+04 4.427185e+04 4.047231e+04 3.814460e+04 3.700469e+04
7.963895e+04 7.963895e+04 7.963895e+04 7.963893e+04 7.963887e+04 7.963700e+04 7.963120e+04 7.960779e+04 7.958931e+04 7.956590e+04 7.950401e+04 7.942255e+04 7.932263e+04 7.920559e+04 7.907282e+04 7.892566e+04 7.876525e+04 7.778374e+04 7.645590e+04 7.461020e+04 7.209512e+04 6.888721e+04 6.511621e+04 5.693869e+04 4.961650e+04 4.409805e+04 4.035697e+04 3.808324e+04 3.699123e+04
7.978614e+04 7.978613e+04 7.978613e+04 7.978608e+04 7.978593e+04 7.978139e+04 7.976869e+04 7.972141e+04 7.968770e+04 7.964805e+04 7.955309e+04 7.944003e+04 7.931126e+04 7.916851e+04 7.901308e+04 7.884603e+04 7.866820e+04 7.762688e+04 7.626831e+04 7.440585e+04 7.187589e+04 6.864948e+04 6.485926e+04 5.666643e+04 4.937485e+04 4.391471e+04 4.023687e+04 3.802099e+04 3.697989e+04
7.958722e+04 7.958722e+04 7.958722e+04 7.958717e+04 7.958701e+04 7.958197e+04 7.956676e+04 7.951064e+04 7.947150e+04 7.942607e+04 7.931904e+04 7.919393e+04 7.905381e+04 7.890079e+04 7.873637e+04 7.856161e+04 7.837729e+04 7.731822e+04 7.595829e+04 7.410208e+04 7.157717e+04 6.835007e+04 6.455591e+04 5.636879e+04 4.911853e+04 4.372261e+04 4.011239e+04 3.795800e+04 3.697068e+04
7.899844e+04 7.899844e+04 7.899844e+04 7.899841e+04 7.899831e+04 7.899525e+04 7.898555e+04 7.894532e+04 7.891476e+04 7.887762e+04 7.878549e+04 7.867276e+04 7.854282e+04 7.839832e+04 7.824125e+04 7.807308e+04 7.789485e+04 7.686360e+04 7.553185e+04 7.370405e+04 7.120307e+04 6.799216e+04 6.420857e+04 5.604742e+04 4.884879e+04 4.352258e+04 3.998397e+04 3.789443e+04 3.696366e+04
7.816348e+04 7.816348e+04 7.816348e+04 7.816346e+04 7.816341e+04 7.816163e+04 7.815523e+04 7.812744e+04 7.810585e+04 7.807901e+04 7.800968e+04 7.792039e+04 7.781294e+04 7.768937e+04 7.755153e+04 7.740102e+04 7.723906e+04 7.627499e+04 7.499789e+04 7.321857e+04 7.075870e+04 6.757945e+04 6.381997e+04 5.570404e+04 4.856691e+04 4.331551e+04 3.985211e+04 3.783052e+04 3.695891e+04
7.717971e+04 7.717971e+04 7.717971e+04 7.717969e+04 7.717964e+04 7.717797e+04 7.717288e+04 7.715311e+04 7.713808e+04 7.711928e+04 7.706960e+04 7.700316e+04 7.692003e+04 7.682100e+04 7.670716e+04 7.657969e+04 7.643967e+04 7.556937e+04 7.436779e+04 7.265377e+04 7.024992e+04 6.711616e+04 6.339315e+04 5.534044e+04 4.827416e+04 4.310228e+04 3.971733e+04 3.776653e+04 3.695655e+04
7.610702e+04 7.610702e+04 7.610702e+04 7.610701e+04 7.610698e+04 7.610603e+04 7.610294e+04 7.608960e+04 7.607905e+04 7.606573e+04 7.603012e+04 7.598150e+04 7.591900e+04 7.584235e+04 7.575175e+04 7.564773e+04 7.553090e+04 7.476674e+04 7.365464e+04 7.201878e+04 6.968323e+04 6.660690e+04 6.293139e+04 5.495847e+04 4.797181e+04 4.288378e+04 3.958019e+04 3.770274e+04 3.695671e+04
7.499342e+04 7.499342e+04 7.499342e+04 7.499341e+04 7.499339e+04 7.499264e+04 7.499020e+04 7.498008e+04 7.497226e+04 7.496245e+04 7.493628e+04 7.490034e+04 7.485346e+04 7.479481e+04 7.472396e+04 7.464082e+04 7.454550e+04 7.388794e+04 7.287231e+04 7.132328e+04 6.906550e+04 6.605653e+04 6.243813e+04 5.456001e+04 4.766114e+04 4.266092e+04 3.944125e+04 3.763947e+04 3.695954e+04
7.386067e+04 7.386067e+04 7.386067e+04 7.386067e+04 7.386065e+04 7.386005e+04 7.385815e+04 7.385047e+04 7.384456e+04 7.383717e+04 7.381743e+04 7.379026e+04 7.375460e+04 7.370950e+04 7.365421e+04 7.358824e+04 7.351130e+04 7.295284e+04 7.203467e+04 7.057713e+04 6.840380e+04 6.547007e+04 6.191691e+04 5.414696e+04 4.734340e+04 4.243460e+04 3.930112e+04 3.757706e+04 3.696522e+04
7.272529e+04 7.272529e+04 7.272529e+04 7.272529e+04 7.272528e+04 7.272492e+04 7.272370e+04 7.271815e+04 7.271367e+04 7.270795e+04 7.269256e+04 7.267134e+04 7.264352e+04 7.260825e+04 7.256471e+04 7.251221e+04 7.245020e+04 7.197916e+04 7.115486e+04 6.978999e+04 6.770514e+04 6.485254e+04 6.137129e+04 5.372122e+04 4.701980e+04 4.220570e+04 3.916039e+04 3.751588e+04 3.697395e+04
7.160172e+04 7.160172e+04 7.160172e+04 7.160171e+04 7.160170e+04 7.160134e+04 7.160016e+04 7.159520e+04 7.159131e+04 7.158644e+04 7.157361e+04 7.155631e+04 7.153395e+04 7.150577e+04 7.147097e+04 7.142879e+04 7.137855e+04 7.098189e+04 7.024484e+04 6.897096e+04 6.697632e+04 6.420890e+04 6.080483e+04 5.328467e+04 4.669154e+04 4.197510e+04 3.901969e+04 3.745632e+04 3.698594e+04
7.049217e+04 7.049217e+04 7.049217e+04 7.049216e+04 7.049215e+04 7.049178e+04 7.049056e+04 7.048568e+04 7.048211e+04 7.047782e+04 7.046699e+04 7.045279e+04 7.043462e+04 7.041179e+04 7.038358e+04 7.034926e+04 7.030815e+04 6.997318e+04 6.931507e+04 6.812844e+04 6.622379e+04 6.354395e+04 6.022100e+04 5.283915e+04 4.635979e+04 4.174364e+04 3.887962e+04 3.739876e+04 3.700144e+04
6.939452e+04 6.939452e+04 6.939452e+04 6.939451e+04 6.939450e+04 6.939425e+04 6.939352e+04 6.939057e+04 6.938827e+04 6.938535e+04 6.937744e+04 6.936639e+04 6.935177e+04 6.933309e+04 6.930984e+04 6.928144e+04 6.924729e+04 6.896253e+04 6.837444e+04 6.726991e+04 6.545351e+04 6.286220e+04 5.962313e+04 5.238645e+04 4.602565e+04 4.151215e+04 3.874080e+04 3.734364e+04 3.702069e+04
6.832164e+04 6.832164e+04 6.832164e+04 6.832164e+04 6.832164e+04 6.832162e+04 6.832152e+04 6.832055e+04 6.831933e+04 6.831748e+04 6.831161e+04 6.830264e+04 6.829035e+04 6.827449e+04 6.825471e+04 6.823060e+04 6.820163e+04 6.795718e+04 6.743032e+04 6.640196e+04 6.467091e+04 6.216790e+04 5.901439e+04 5.192829e+04 4.569022e+04 4.128143e+04 3.860382e+04 3.729135e+04 3.704395e+04
6.728786e+04 6.728786e+04 6.728786e+04 6.728786e+04 6.728785e+04 6.728759e+04 6.728688e+04 6.728423e+04 6.728225e+04 6.727978e+04 6.727326e+04 6.726438e+04 6.725289e+04 6.723852e+04 6.722095e+04 6.719982e+04 6.717466e+04 6.696244e+04 6.648867e+04 6.553024e+04 6.388083e+04 6.146494e+04 5.839774e+04 5.146631e+04 4.535451e+04 4.105224e+04 3.846930e+04 3.724234e+04 3.707152e+04
6.627668e+04 6.627668e+04 6.627668e+04 6.627668e+04 6.627667e+04 6.627638e+04 6.627545e+04 6.627184e+04 6.626930e+04 6.626631e+04 6.625904e+04 6.624995e+04 6.623883e+04 6.622542e+04 6.620944e+04 6.619052e+04 6.616827e+04 6.598212e+04 6.555422e+04 6.465950e+04 6.308755e+04 6.075683e+04 5.777594e+04 5.100209e+04 4.501951e+04 4.082533e+04 3.833780e+04 3.719704e+04 3.710368e+04
6.527928e+04 6.527928e+04 6.527928e+04 6.527928e+04 6.527928e+04 6.527915e+04 6.527864e+04 6.527620e+04 6.527422e+04 6.527174e+04 6.526537e+04 6.525711e+04 6.524693e+04 6.523470e+04 6.522022e+04 6.520326e+04 6.518345e+04 6.501891e+04 6.463065e+04 6.379370e+04 6.229476e+04 6.004675e+04 5.715151e+04 5.053709e+04 4.468614e+04 4.060139e+04 3.820990e+04 3.715588e+04 3.714073e+04
6.430405e+04 6.430405e+04 6.430405e+04 6.430405e+04 6.430405e+04 6.430392e+04 6.430347e+04 6.430160e+04 6.430012e+04 6.429823e+04 6.429311e+04 6.428613e+04 6.427725e+04 6.426642e+04 6.425354e+04 6.423843e+04 6.422084e+04 6.407471e+04 6.372080e+04 6.293609e+04 6.150565e+04 5.933747e+04 5.652674e+04 5.007268e+04 4.435528e+04 4.038110e+04 3.808615e+04 3.711929e+04 3.718298e+04
6.335313e+04 6.335313e+04 6.335313e+04 6.335313e+04 6.335312e+04 6.335305e+04 6.335276e+04 6.335138e+04 6.335021e+04 6.334868e+04 6.334441e+04 6.333845e+04 6.333073e+04 6.332124e+04 6.330988e+04 6.329654e+04 6.328098e+04 6.315084e+04 6.282681e+04 6.208927e+04 6.072289e+04 5.863146e+04 5.590367e+04 4.961013e+04 4.402776e+04 4.016510e+04 3.796710e+04 3.708770e+04 3.723074e+04
6.242857e+04 6.242857e+04 6.242857e+04 6.242857e+04 6.242857e+04 6.242849e+04 6.242821e+04 6.242685e+04 6.242570e+04 6.242421e+04 6.242020e+04 6.241481e+04 6.240798e+04 6.239966e+04 6.238973e+04 6.237803e+04 6.236434e+04 6.224822e+04 6.195028e+04 6.125532e+04 5.994871e+04 5.793084e+04 5.528415e+04 4.915061e+04 4.370434e+04 3.995400e+04 3.785325e+04 3.706154e+04 3.728434e+04
6.152912e+04 6.152912e+04 6.152912e+04 6.152911e+04 6.152911e+04 6.152896e+04 6.152849e+04 6.152660e+04 6.152524e+04 6.152363e+04 6.151974e+04 6.151492e+04 6.150904e+04 6.150194e+04 6.149341e+04 6.148329e+04 6.147133e+04 6.136749e+04 6.109235e+04 6.043587e+04 5.918498e+04 5.723742e+04 5.466978e+04 4.869520e+04 4.338576e+04 3.974835e+04 3.774510e+04 3.704123e+04 3.734410e+04
6.064912e+04 6.064912e+04 6.064912e+04 6.064911e+04 6.064911e+04 6.064896e+04 6.064849e+04 6.064691e+04 6.064590e+04 6.064477e+04 6.064208e+04 6.063862e+04 6.063414e+04 6.062844e+04 6.062134e+04 6.061268e+04 6.060227e+04 6.050899e+04 6.025380e+04 5.963213e+04 5.843320e+04 5.655276e+04 5.406197e+04 4.824489e+04 4.307267e+04 3.954871e+04 3.764314e+04 3.702718e+04 3.741034e+04
5.978859e+04 5.978859e+04 5.978859e+04 5.978859e+04 5.978859e+04 5.978872e+04 5.978906e+04 5.978977e+04 5.978999e+04 5.979004e+04 5.978941e+04 5.978763e+04 5.978453e+04 5.978004e+04 5.977407e+04 5.976655e+04 5.975736e+04 5.967284e+04 5.943513e+04 5.884504e+04 5.769456e+04 5.587814e+04 5.346196e+04 4.780054e+04 4.276570e+04 3.935559e+04 3.754783e+04 3.701980e+04 3.748339e+04
5.896409e+04 5.896409e+04 5.896409e+04 5.896409e+04 5.896410e+04 5.896423e+04 5.896461e+04 5.896563e+04 5.896603e+04 5.896624e+04 5.896588e+04 5.896432e+04 5.896148e+04 5.895732e+04 5.895180e+04 5.894489e+04 5.893645e+04 5.885891e+04 5.863658e+04 5.807523e+04 5.697002e+04 5.521465e+04 5.287081e+04 4.736298e+04 4.246543e+04 3.916946e+04 3.745961e+04 3.701949e+04 3.756359e+04
5.817655e+04 5.817655e+04 5.817655e+04 5.817655e+04 5.817654e+04 5.817638e+04 5.817595e+04 5.817466e+04 5.817384e+04 5.817290e+04 5.817062e+04 5.816767e+04 5.816393e+04 5.815929e+04 5.815363e+04 5.814686e+04 5.813883e+04 5.806689e+04 5.785820e+04 5.732315e+04 5.626030e+04 5.456317e+04 5.228942e+04 4.693291e+04 4.217240e+04 3.899077e+04 3.737890e+04 3.702663e+04 3.765125e+04
5.740628e+04 5.740628e+04 5.740628e+04 5.740628e+04 5.740628e+04 5.740611e+04 5.740557e+04 5.740349e+04 5.740209e+04 5.740052e+04 5.739701e+04 5.739306e+04 5.738860e+04 5.738354e+04 5.737773e+04 5.737105e+04 5.736333e+04 5.729628e+04 5.709989e+04 5.658905e+04 5.556596e+04 5.392443e+04 5.171855e+04 4.651097e+04 4.188708e+04 3.881996e+04 3.730610e+04 3.704160e+04 3.774669e+04
5.664676e+04 5.664676e+04 5.664676e+04 5.664676e+04 5.664676e+04 5.664672e+04 5.664652e+04 5.664542e+04 5.664450e+04 5.664336e+04 5.664049e+04 5.663693e+04 5.663274e+04 5.662792e+04 5.662238e+04 5.661606e+04 5.660881e+04 5.654655e+04 5.636149e+04 5.587307e+04 5.488740e+04 5.329901e+04 5.115886e+04 4.609775e+04 4.160994e+04 3.865742e+04 3.724160e+04 3.706476e+04 3.785025e+04
5.590516e+04 5.590516e+04 5.590516e+04 5.590516e+04 5.590516e+04 5.590513e+04 5.590504e+04 5.590454e+04 5.590409e+04 5.590348e+04 5.590169e+04 5.589912e+04 5.589578e+04 5.589167e+04 5.588678e+04 5.588108e+04 5.587450e+04 5.581720e+04 5.564273e+04 5.517525e+04 5.422490e+04 5.268735e+04 5.061088e+04 4.569375e+04 4.134140e+04 3.850353e+04 3.718578e+04 3.709648e+04 3.796223e+04
5.518459e+04 5.518459e+04 5.518459e+04 5.518459e+04 5.518459e+04 5.518458e+04 5.518454e+04 5.518433e+04 5.518413e+04 5.518381e+04 5.518276e+04 5.518097e+04 5.517839e+04 5.517499e+04 5.517080e+04 5.516581e+04 5.515996e+04 5.510778e+04 5.494338e+04 5.449553e+04 5.357864e+04 5.208981e+04 5.007505e+04 4.529941e+04 4.108183e+04 3.835864e+04 3.713899e+04 3.713709e+04 3.808296e+04
5.448579e+04 5.448579e+04 5.448579e+04 5.448579e+04 5.448579e+04 5.448581e+04 5.448586e+04 5.448591e+04 5.448583e+04 5.448564e+04 5.448481e+04 5.448328e+04 5.448103e+04 5.447806e+04 5.447441e+04 5.447006e+04 5.446495e+04 5.441794e+04 5.426315e+04 5.383383e+04 5.294871e+04 5.150665e+04 4.955174e+04 4.491514e+04 4.083159e+04 3.822309e+04 3.710156e+04 3.718695e+04 3.821273e+04
5.380982e+04 5.380982e+04 5.380982e+04 5.380982e+04 5.380982e+04 5.380984e+04 5.380984e+04 5.380954e+04 5.380920e+04 5.380873e+04 5.380738e+04 5.380554e+04 5.380324e+04 5.380050e+04 5.379728e+04 5.379353e+04 5.378916e+04 5.374737e+04 5.360180e+04 5.319002e+04 5.233515e+04 5.093805e+04 4.904124e+04 4.454129e+04 4.059102e+04 3.809720e+04 3.707383e+04 3.724636e+04 3.835185e+04
5.315330e+04 5.315330e+04 5.315330e+04 5.315330e+04 5.315329e+04 5.315319e+04 5.315287e+04 5.315165e+04 5.315084e+04 5.314994e+04 5.314801e+04 5.314597e+04 5.314382e+04 5.314149e+04 5.313888e+04 5.313587e+04 5.313233e+04 5.309584e+04 5.295907e+04 5.256393e+04 5.173796e+04 5.038416e+04 4.854379e+04 4.417815e+04 4.036040e+04 3.798126e+04 3.705609e+04 3.731565e+04 3.850062e+04
5.250819e+04 5.250819e+04 5.250819e+04 5.250818e+04 5.250818e+04 5.250808e+04 5.250776e+04 5.250671e+04 5.250611e+04 5.250550e+04 5.250433e+04 5.250320e+04 5.250201e+04 5.250065e+04 5.249900e+04 5.249696e+04 5.249438e+04 5.246314e+04 5.233471e+04 5.195540e+04 5.115707e+04 4.984504e+04 4.805956e+04 4.382602e+04 4.014002e+04 3.787556e+04 3.704866e+04 3.739513e+04 3.865934e+04
5.187444e+04 5.187444e+04 5.187444e+04 5.187444e+04 5.187445e+04 5.187460e+04 5.187497e+04 5.187592e+04 5.187643e+04 5.187693e+04 5.187782e+04 5.187846e+04 5.187878e+04 5.187870e+04 5.187817e+04 5.187712e+04 5.187548e+04 5.184908e+04 5.172846e+04 5.136420e+04 5.059241e+04 4.932074e+04 4.758869e+04 4.348512e+04 3.993014e+04 3.778037e+04 3.705182e+04 3.748510e+04 3.882828e+04
