3.357685e+07 1.671844e+07 1.237764e+07 6.560541e+06 5.473144e+06 4.342461e+06 4.169549e+06 4.234077e+06 4.305356e+06 4.377923e+06 4.514764e+06 4.640374e+06 4.760101e+06 4.878942e+06 5.000466e+06 5.127082e+06 5.260402e+06 6.056642e+06 7.109094e+06 8.482387e+06 1.030947e+07 1.276922e+07 1.591921e+07 2.297992e+07 2.815995e+07 3.078463e+07 3.179829e+07 3.193783e+07 3.159881e+07
4.290387e+06 4.290437e+06 4.290554e+06 4.290509e+06 4.276368e+06 4.156859e+06 4.123709e+06 4.241849e+06 4.318130e+06 4.392346e+06 4.529216e+06 4.653957e+06 4.772999e+06 4.891497e+06 5.012981e+06 5.139788e+06 5.273474e+06 6.072899e+06 7.129387e+06 8.506704e+06 1.033708e+07 1.279866e+07 1.594851e+07 2.300379e+07 2.817602e+07 3.079396e+07 3.180241e+07 3.193804e+07 3.159610e+07
4.063837e+06 4.063856e+06 4.063908e+06 4.065018e+06 4.066424e+06 4.085147e+06 4.094833e+06 4.251536e+06 4.333034e+06 4.408687e+06 4.545071e+06 4.668626e+06 4.786816e+06 4.904885e+06 5.026284e+06 5.153261e+06 5.287301e+06 6.089899e+06 7.150420e+06 8.531749e+06 1.036538e+07 1.282873e+07 1.597836e+07 2.302797e+07 2.819223e+07 3.080332e+07 3.180652e+07 3.193820e+07 3.159334e+07
4.037468e+06 4.037480e+06 4.037513e+06 4.038361e+06 4.040307e+06 4.047364e+06 4.149832e+06 4.266084e+06 4.349798e+06 4.426300e+06 4.561897e+06 4.684147e+06 4.801427e+06 4.919041e+06 5.040343e+06 5.167487e+06 5.301881e+06 6.107657e+06 7.172208e+06 8.557532e+06 1.039438e+07 1.285943e+07 1.600874e+07 2.305246e+07 2.820857e+07 3.081272e+07 3.181061e+07 3.193832e+07 3.159052e+07
4.094468e+06 4.094476e+06 4.094497e+06 4.095076e+06 4.096561e+06 4.105084e+06 4.189733e+06 4.304503e+06 4.371982e+06 4.445596e+06 4.579319e+06 4.700254e+06 4.816678e+06 4.933878e+06 5.055114e+06 5.182445e+06 5.317206e+06 6.126184e+06 7.194763e+06 8.584067e+06 1.042410e+07 1.289077e+07 1.603966e+07 2.307727e+07 2.822506e+07 3.082216e+07 3.181467e+07 3.193839e+07 3.158764e+07
4.181308e+06 4.181313e+06 4.181328e+06 4.181732e+06 4.182800e+06 4.193008e+06 4.233998e+06 4.372628e+06 4.412961e+06 4.470198e+06 4.597467e+06 4.716776e+06 4.832429e+06 4.949308e+06 5.070543e+06 5.198105e+06 5.333264e+06 6.145493e+06 7.218099e+06 8.611364e+06 1.045453e+07 1.292276e+07 1.607114e+07 2.310240e+07 2.824168e+07 3.083162e+07 3.181872e+07 3.193841e+07 3.158470e+07
4.272918e+06 4.272921e+06 4.272932e+06 4.273218e+06 4.273988e+06 4.283580e+06 4.297522e+06 4.439372e+06 4.473299e+06 4.509848e+06 4.617552e+06 4.733812e+06 4.848616e+06 4.965265e+06 5.086587e+06 5.214441e+06 5.350039e+06 6.165591e+06 7.242227e+06 8.639433e+06 1.048570e+07 1.295541e+07 1.610316e+07 2.312785e+07 2.825844e+07 3.084113e+07 3.182275e+07 3.193838e+07 3.158169e+07
4.358964e+06 4.358967e+06 4.358974e+06 4.359185e+06 4.359758e+06 4.368039e+06 4.370868e+06 4.492440e+06 4.534209e+06 4.563013e+06 4.642579e+06 4.751930e+06 4.865330e+06 4.981738e+06 5.103217e+06 5.231433e+06 5.367520e+06 6.186487e+06 7.267158e+06 8.668285e+06 1.051760e+07 1.298872e+07 1.613574e+07 2.315361e+07 2.827533e+07 3.085066e+07 3.182675e+07 3.193830e+07 3.157863e+07
4.436429e+06 4.436431e+06 4.436437e+06 4.436599e+06 4.437040e+06 4.444033e+06 4.443921e+06 4.534347e+06 4.586172e+06 4.617658e+06 4.678091e+06 4.772386e+06 4.882899e+06 4.998809e+06 5.120449e+06 5.249076e+06 5.385702e+06 6.208189e+06 7.292902e+06 8.697930e+06 1.055024e+07 1.302269e+07 1.616888e+07 2.317969e+07 2.829236e+07 3.086022e+07 3.183073e+07 3.193817e+07 3.157550e+07
4.505058e+06 4.505060e+06 4.505064e+06 4.505192e+06 4.505542e+06 4.511495e+06 4.511652e+06 4.571559e+06 4.627860e+06 4.666897e+06 4.721419e+06 4.797515e+06 4.901976e+06 5.016693e+06 5.138354e+06 5.267394e+06 5.404592e+06 6.230704e+06 7.319470e+06 8.728377e+06 1.058364e+07 1.305734e+07 1.620259e+07 2.320608e+07 2.830952e+07 3.086981e+07 3.183468e+07 3.193799e+07 3.157230e+07
4.565712e+06 4.565713e+06 4.565717e+06 4.565820e+06 4.566106e+06 4.571298e+06 4.572682e+06 4.608498e+06 4.662375e+06 4.708384e+06 4.766937e+06 4.830557e+06 4.923651e+06 5.035780e+06 5.157086e+06 5.286452e+06 5.424219e+06 6.254039e+06 7.346872e+06 8.759636e+06 1.061780e+07 1.309266e+07 1.623686e+07 2.323280e+07 2.832681e+07 3.087943e+07 3.183861e+07 3.193775e+07 3.156904e+07
4.795500e+06 4.795501e+06 4.795503e+06 4.795558e+06 4.795716e+06 4.799308e+06 4.805253e+06 4.809017e+06 4.824576e+06 4.858685e+06 4.950056e+06 5.028385e+06 5.097466e+06 5.177448e+06 5.277579e+06 5.399400e+06 5.536719e+06 6.383432e+06 7.496693e+06 8.928401e+06 1.080027e+07 1.327964e+07 1.641682e+07 2.337113e+07 2.841520e+07 3.092787e+07 3.185779e+07 3.193573e+07 3.155174e+07
4.985482e+06 4.985482e+06 4.985484e+06 4.985524e+06 4.985643e+06 4.988708e+06 4.995745e+06 5.009327e+06 5.016252e+06 5.030714e+06 5.095850e+06 5.191720e+06 5.288348e+06 5.378947e+06 5.472089e+06 5.576671e+06 5.697338e+06 6.536361e+06 7.668814e+06 9.118683e+06 1.100277e+07 1.348430e+07 1.661138e+07 2.351735e+07 2.850665e+07 3.097673e+07 3.187607e+07 3.193220e+07 3.153269e+07
5.186434e+06 5.186434e+06 5.186435e+06 5.186468e+06 5.186567e+06 5.189304e+06 5.196405e+06 5.216295e+06 5.226664e+06 5.238695e+06 5.281723e+06 5.361141e+06 5.465695e+06 5.577359e+06 5.688224e+06 5.800290e+06 5.919041e+06 6.720457e+06 7.865192e+06 9.331548e+06 1.122603e+07 1.370712e+07 1.682076e+07 2.367133e+07 2.860090e+07 3.102578e+07 3.189328e+07 3.192703e+07 3.151178e+07
5.414379e+06 5.414379e+06 5.414380e+06 5.414409e+06 5.414496e+06 5.417026e+06 5.424001e+06 5.446527e+06 5.460079e+06 5.474607e+06 5.512102e+06 5.574455e+06 5.667248e+06 5.781999e+06 5.906967e+06 6.035244e+06 6.165943e+06 6.953342e+06 8.089549e+06 9.568435e+06 1.147085e+07 1.394854e+07 1.704513e+07 2.383289e+07 2.869768e+07 3.107476e+07 3.190921e+07 3.192006e+07 3.148890e+07
5.675096e+06 5.675096e+06 5.675097e+06 5.675123e+06 5.675203e+06 5.677574e+06 5.684330e+06 5.707684e+06 5.722888e+06 5.739665e+06 5.778709e+06 5.832972e+06 5.912269e+06 6.017916e+06 6.143569e+06 6.281074e+06 6.424772e+06 7.236476e+06 8.348887e+06 9.831618e+06 1.173823e+07 1.420900e+07 1.728460e+07 2.400177e+07 2.879667e+07 3.112339e+07 3.192364e+07 3.191113e+07 3.146394e+07
5.969487e+06 5.969488e+06 5.969489e+06 5.969513e+06 5.969588e+06 5.971829e+06 5.978349e+06 6.001809e+06 6.017768e+06 6.035906e+06 6.077854e+06 6.130347e+06 6.201141e+06 6.295865e+06 6.414143e+06 6.551148e+06 6.700934e+06 7.554072e+06 8.655381e+06 1.012478e+07 1.202961e+07 1.448909e+07 1.753930e+07 2.417769e+07 2.889750e+07 3.117139e+07 3.193637e+07 3.190009e+07 3.143678e+07
6.297087e+06 6.297087e+06 6.297088e+06 6.297111e+06 6.297183e+06 6.299341e+06 6.305704e+06 6.329135e+06 6.345469e+06 6.364391e+06 6.408820e+06 6.462347e+06 6.529454e+06 6.616077e+06 6.725311e+06 6.856164e+06 7.004887e+06 7.896503e+06 9.006751e+06 1.045408e+07 1.234718e+07 1.478967e+07 1.780946e+07 2.436036e+07 2.899983e+07 3.121844e+07 3.194716e+07 3.188678e+07 3.140732e+07
6.658169e+06 6.658169e+06 6.658170e+06 6.658192e+06 6.658260e+06 6.660352e+06 6.666583e+06 6.689894e+06 6.706396e+06 6.725746e+06 6.771903e+06 6.827208e+06 6.893585e+06 6.975565e+06 7.077345e+06 7.200567e+06 7.344070e+06 8.260082e+06 9.394341e+06 1.082818e+07 1.269425e+07 1.511200e+07 1.809545e+07 2.454949e+07 2.910327e+07 3.126425e+07 3.195579e+07 3.187104e+07 3.137542e+07
7.052904e+06 7.052904e+06 7.052905e+06 7.052926e+06 7.052992e+06 7.055019e+06 7.061111e+06 7.084181e+06 7.100697e+06 7.120233e+06 7.167452e+06 7.224405e+06 7.291451e+06 7.371426e+06 7.468212e+06 7.584695e+06 7.721695e+06 8.645900e+06 9.811993e+06 1.124318e+07 1.307631e+07 1.545796e+07 1.839792e+07 2.474488e+07 2.920748e+07 3.130852e+07 3.196204e+07 3.185270e+07 3.134099e+07
7.480691e+06 7.480691e+06 7.480692e+06 7.480712e+06 7.480776e+06 7.482758e+06 7.488742e+06 7.511582e+06 7.528068e+06 7.547687e+06 7.595564e+06 7.653827e+06 7.722041e+06 7.801660e+06 7.895674e+06 8.007193e+06 8.138186e+06 9.057542e+06 1.025569e+07 1.169345e+07 1.349888e+07 1.583035e+07 1.871787e+07 2.494639e+07 2.931213e+07 3.135094e+07 3.196569e+07 3.183161e+07 3.130392e+07
7.941140e+06 7.941140e+06 7.941141e+06 7.941161e+06 7.941225e+06 7.943181e+06 7.949107e+06 7.971839e+06 7.988311e+06 8.007979e+06 8.056274e+06 8.115513e+06 8.184951e+06 8.265112e+06 8.358011e+06 8.466405e+06 8.592706e+06 9.499072e+06 1.072367e+07 1.217450e+07 1.395735e+07 1.623404e+07 1.905681e+07 2.515402e+07 2.941694e+07 3.139127e+07 3.196653e+07 3.180763e+07 3.126410e+07
8.434848e+06 8.434848e+06 8.434849e+06 8.434869e+06 8.434931e+06 8.436850e+06 8.442679e+06 8.465147e+06 8.481514e+06 8.501130e+06 8.549599e+06 8.609526e+06 8.680083e+06 8.761227e+06 8.854140e+06 8.960979e+06 9.084115e+06 9.973907e+06 1.121611e+07 1.268271e+07 1.444723e+07 1.667160e+07 1.941711e+07 2.536795e+07 2.952170e+07 3.142924e+07 3.196437e+07 3.178061e+07 3.122142e+07
8.960952e+06 8.960952e+06 8.960953e+06 8.960972e+06 8.961033e+06 8.962923e+06 8.968667e+06 8.990905e+06 9.007179e+06 9.026752e+06 9.075369e+06 9.135888e+06 9.207507e+06 9.289873e+06 9.383547e+06 9.490059e+06 9.611463e+06 1.048448e+07 1.173447e+07 1.321547e+07 1.496460e+07 1.713812e+07 1.980296e+07 2.558856e+07 2.962627e+07 3.146467e+07 3.195904e+07 3.175042e+07 3.117580e+07
9.518869e+06 9.518870e+06 9.518870e+06 9.518889e+06 9.518949e+06 9.520822e+06 9.526539e+06 9.548760e+06 9.565064e+06 9.584707e+06 9.633649e+06 9.694840e+06 9.767551e+06 9.851296e+06 9.946223e+06 1.005331e+07 1.017419e+07 1.103233e+07 1.228079e+07 1.377119e+07 1.550589e+07 1.762947e+07 2.021444e+07 2.581656e+07 2.973064e+07 3.149740e+07 3.195039e+07 3.171695e+07 3.112716e+07
1.010951e+07 1.010951e+07 1.010951e+07 1.010953e+07 1.010959e+07 1.011146e+07 1.011718e+07 1.013950e+07 1.015591e+07 1.017570e+07 1.022511e+07 1.028705e+07 1.036089e+07 1.044610e+07 1.054258e+07 1.065088e+07 1.077218e+07 1.161830e+07 1.285714e+07 1.434917e+07 1.606796e+07 1.814181e+07 2.064668e+07 2.605304e+07 2.983492e+07 3.152734e+07 3.193830e+07 3.168009e+07 3.107542e+07
1.073424e+07 1.073424e+07 1.073424e+07 1.073426e+07 1.073432e+07 1.073620e+07 1.074195e+07 1.076441e+07 1.078095e+07 1.080090e+07 1.085079e+07 1.091348e+07 1.098843e+07 1.107514e+07 1.117334e+07 1.128327e+07 1.140567e+07 1.224283e+07 1.346523e+07 1.494930e+07 1.664817e+07 1.867149e+07 2.109574e+07 2.629992e+07 2.993934e+07 3.155446e+07 3.192269e+07 3.163978e+07 3.102051e+07
1.139446e+07 1.139446e+07 1.139446e+07 1.139448e+07 1.139454e+07 1.139643e+07 1.140220e+07 1.142475e+07 1.144136e+07 1.146143e+07 1.151171e+07 1.157512e+07 1.165116e+07 1.173937e+07 1.183941e+07 1.195123e+07 1.207521e+07 1.290604e+07 1.410623e+07 1.557174e+07 1.724433e+07 1.921506e+07 2.155792e+07 2.656004e+07 3.004436e+07 3.157881e+07 3.190352e+07 3.159595e+07 3.096239e+07
1.209100e+07 1.209100e+07 1.209100e+07 1.209102e+07 1.209107e+07 1.209294e+07 1.209866e+07 1.212114e+07 1.213778e+07 1.215795e+07 1.220865e+07 1.227282e+07 1.235002e+07 1.243983e+07 1.254181e+07 1.265572e+07 1.278159e+07 1.360785e+07 1.478067e+07 1.621661e+07 1.785466e+07 1.976933e+07 2.202967e+07 2.683053e+07 3.015064e+07 3.160053e+07 3.188079e+07 3.154856e+07 3.090102e+07
1.282309e+07 1.282309e+07 1.282309e+07 1.282311e+07 1.282317e+07 1.282507e+07 1.283090e+07 1.285370e+07 1.287055e+07 1.289098e+07 1.294239e+07 1.300758e+07 1.308617e+07 1.317773e+07 1.328178e+07 1.339789e+07 1.352577e+07 1.434800e+07 1.548839e+07 1.688373e+07 1.847761e+07 2.033138e+07 2.250757e+07 2.710767e+07 3.025924e+07 3.161984e+07 3.185453e+07 3.149761e+07 3.083638e+07
1.359305e+07 1.359305e+07 1.359305e+07 1.359307e+07 1.359313e+07 1.359505e+07 1.360094e+07 1.362411e+07 1.364127e+07 1.366207e+07 1.371446e+07 1.378093e+07 1.386111e+07 1.395457e+07 1.406075e+07 1.417903e+07 1.430886e+07 1.512593e+07 1.622851e+07 1.757246e+07 1.911172e+07 2.089858e+07 2.298844e+07 2.738843e+07 3.037206e+07 3.163711e+07 3.182486e+07 3.144313e+07 3.076847e+07
1.440315e+07 1.440316e+07 1.440316e+07 1.440318e+07 1.440324e+07 1.440518e+07 1.441118e+07 1.443478e+07 1.445227e+07 1.447350e+07 1.452696e+07 1.459483e+07 1.467672e+07 1.477212e+07 1.488033e+07 1.500054e+07 1.513191e+07 1.594072e+07 1.699936e+07 1.828150e+07 1.975543e+07 2.146852e+07 2.346929e+07 2.767000e+07 3.049007e+07 3.165281e+07 3.179194e+07 3.138517e+07 3.069730e+07
1.525578e+07 1.525578e+07 1.525578e+07 1.525580e+07 1.525586e+07 1.525783e+07 1.526394e+07 1.528801e+07 1.530587e+07 1.532753e+07 1.538212e+07 1.545142e+07 1.553499e+07 1.563216e+07 1.574206e+07 1.586362e+07 1.599576e+07 1.679082e+07 1.779850e+07 1.900889e+07 2.040700e+07 2.203897e+07 2.394742e+07 2.794976e+07 3.061033e+07 3.166765e+07 3.175598e+07 3.132380e+07 3.062292e+07
1.615330e+07 1.615330e+07 1.615330e+07 1.615333e+07 1.615339e+07 1.615541e+07 1.616165e+07 1.618619e+07 1.620438e+07 1.622645e+07 1.628209e+07 1.635273e+07 1.643776e+07 1.653630e+07 1.664717e+07 1.676906e+07 1.690066e+07 1.767382e+07 1.862257e+07 1.975194e+07 2.106438e+07 2.260781e+07 2.442037e+07 2.822526e+07 3.073057e+07 3.168263e+07 3.171728e+07 3.125917e+07 3.054537e+07
1.709809e+07 1.709809e+07 1.709809e+07 1.709811e+07 1.709817e+07 1.710020e+07 1.710646e+07 1.713123e+07 1.714966e+07 1.717208e+07 1.722867e+07 1.730046e+07 1.738655e+07 1.748563e+07 1.759620e+07 1.771675e+07 1.784582e+07 1.858614e+07 1.946730e+07 2.050726e+07 2.172515e+07 2.317294e+07 2.488591e+07 2.849425e+07 3.084886e+07 3.169946e+07 3.167623e+07 3.119142e+07 3.046474e+07
1.809016e+07 1.809016e+07 1.809016e+07 1.809018e+07 1.809025e+07 1.809231e+07 1.809870e+07 1.812401e+07 1.814283e+07 1.816570e+07 1.822333e+07 1.829599e+07 1.838222e+07 1.848028e+07 1.858841e+07 1.870503e+07 1.882872e+07 1.952274e+07 2.032748e+07 2.127079e+07 2.238656e+07 2.373226e+07 2.534204e+07 2.875469e+07 3.096348e+07 3.171756e+07 3.163330e+07 3.112075e+07 3.038112e+07
1.913214e+07 1.913214e+07 1.913214e+07 1.913216e+07 1.913223e+07 1.913434e+07 1.914087e+07 1.916672e+07 1.918596e+07 1.920932e+07 1.926772e+07 1.934013e+07 1.942440e+07 1.951850e+07 1.962071e+07 1.972967e+07 1.984425e+07 2.047686e+07 2.119702e+07 2.203790e+07 2.304549e+07 2.428363e+07 2.578694e+07 2.900479e+07 3.107284e+07 3.173502e+07 3.158914e+07 3.104742e+07 3.029464e+07
2.022607e+07 2.022607e+07 2.022607e+07 2.022609e+07 2.022616e+07 2.022837e+07 2.023516e+07 2.026186e+07 2.028157e+07 2.030519e+07 2.036275e+07 2.043164e+07 2.050948e+07 2.059459e+07 2.068583e+07 2.078236e+07 2.088348e+07 2.144002e+07 2.206911e+07 2.280355e+07 2.369857e+07 2.482483e+07 2.621893e+07 2.924297e+07 3.117553e+07 3.175047e+07 3.154473e+07 3.097173e+07 3.020545e+07
2.137658e+07 2.137658e+07 2.137658e+07 2.137660e+07 2.137667e+07 2.137893e+07 2.138591e+07 2.141295e+07 2.143202e+07 2.145395e+07 2.150459e+07 2.156237e+07 2.162616e+07 2.169542e+07 2.176983e+07 2.184909e+07 2.193281e+07 2.240227e+07 2.293643e+07 2.356240e+07 2.434222e+07 2.535360e+07 2.663646e+07 2.946792e+07 3.127027e+07 3.176277e+07 3.150117e+07 3.089403e+07 3.011373e+07
2.258766e+07 2.258766e+07 2.258766e+07 2.258768e+07 2.258775e+07 2.259004e+07 2.259658e+07 2.261632e+07 2.262826e+07 2.264145e+07 2.267175e+07 2.270762e+07 2.274937e+07 2.279709e+07 2.285072e+07 2.290997e+07 2.297440e+07 2.335294e+07 2.379157e+07 2.430903e+07 2.497275e+07 2.586765e+07 2.703808e+07 2.967855e+07 3.135593e+07 3.177091e+07 3.145730e+07 3.081478e+07 3.001968e+07
2.381858e+07 2.381858e+07 2.381858e+07 2.381857e+07 2.381853e+07 2.381712e+07 2.381333e+07 2.380578e+07 2.380385e+07 2.380356e+07 2.380834e+07 2.382053e+07 2.384025e+07 2.386736e+07 2.390156e+07 2.394231e+07 2.398891e+07 2.428163e+07 2.462733e+07 2.503809e+07 2.558646e+07 2.636467e+07 2.742242e+07 2.987401e+07 3.143155e+07 3.177399e+07 3.141204e+07 3.073456e+07 2.992354e+07
2.486298e+07 2.486298e+07 2.486298e+07 2.486297e+07 2.486297e+07 2.486294e+07 2.486266e+07 2.485990e+07 2.485764e+07 2.485539e+07 2.485278e+07 2.485482e+07 2.486297e+07 2.487782e+07 2.489933e+07 2.492705e+07 2.496027e+07 2.517941e+07 2.543710e+07 2.574447e+07 2.617971e+07 2.684239e+07 2.778821e+07 3.005362e+07 3.149632e+07 3.177121e+07 3.136456e+07 3.065430e+07 2.982559e+07
2.579091e+07 2.579091e+07 2.579091e+07 2.579091e+07 2.579091e+07 2.579089e+07 2.579087e+07 2.579118e+07 2.579147e+07 2.579186e+07 2.579341e+07 2.579722e+07 2.580469e+07 2.581665e+07 2.583333e+07 2.585449e+07 2.587960e+07 2.603948e+07 2.621505e+07 2.642340e+07 2.674903e+07 2.729863e+07 2.813424e+07 3.021693e+07 3.154960e+07 3.176185e+07 3.131418e+07 3.057426e+07 2.972615e+07
2.663231e+07 2.663231e+07 2.663231e+07 2.663231e+07 2.663233e+07 2.663275e+07 2.663400e+07 2.663837e+07 2.664130e+07 2.664465e+07 2.665258e+07 2.666237e+07 2.667440e+07 2.668891e+07 2.670585e+07 2.672494e+07 2.674572e+07 2.685729e+07 2.695618e+07 2.707049e+07 2.729113e+07 2.773130e+07 2.845942e+07 3.036361e+07 3.159092e+07 3.174530e+07 3.126031e+07 3.049349e+07 2.962562e+07
2.742511e+07 2.742511e+07 2.742511e+07 2.742511e+07 2.742513e+07 2.742568e+07 2.742736e+07 2.743380e+07 2.743844e+07 2.744391e+07 2.745706e+07 2.747258e+07 2.748978e+07 2.750796e+07 2.752648e+07 2.754478e+07 2.756242e+07 2.762987e+07 2.765615e+07 2.768178e+07 2.780302e+07 2.813849e+07 2.876276e+07 3.049350e+07 3.161995e+07 3.172105e+07 3.120241e+07 3.041135e+07 2.952453e+07
2.818782e+07 2.818782e+07 2.818782e+07 2.818783e+07 2.818785e+07 2.818854e+07 2.819063e+07 2.819860e+07 2.820438e+07 2.821128e+07 2.822795e+07 2.824727e+07 2.826758e+07 2.828739e+07 2.830556e+07 2.832138e+07 2.833443e+07 2.835483e+07 2.831114e+07 2.825376e+07 2.828198e+07 2.851844e+07 2.904337e+07 3.060656e+07 3.163650e+07 3.168867e+07 3.114002e+07 3.032732e+07 2.942365e+07
2.893461e+07 2.893462e+07 2.893462e+07 2.893462e+07 2.893465e+07 2.893543e+07 2.893778e+07 2.894683e+07 2.895342e+07 2.896125e+07 2.897965e+07 2.899972e+07 2.901912e+07 2.903608e+07 2.904949e+07 2.905880e+07 2.906385e+07 2.902928e+07 2.891759e+07 2.878330e+07 2.872567e+07 2.886966e+07 2.930050e+07 3.070284e+07 3.164052e+07 3.164785e+07 3.107273e+07 3.024099e+07 2.932266e+07
2.967539e+07 2.967539e+07 2.967539e+07 2.967540e+07 2.967543e+07 2.967629e+07 2.967887e+07 2.968876e+07 2.969573e+07 2.970358e+07 2.972019e+07 2.973546e+07 2.974733e+07 2.975473e+07 2.975724e+07 2.975482e+07 2.974762e+07 2.964926e+07 2.947213e+07 2.926772e+07 2.913209e+07 2.919087e+07 2.953357e+07 3.078250e+07 3.163206e+07 3.159835e+07 3.100019e+07 3.015200e+07 2.922095e+07
3.041851e+07 3.041851e+07 3.041851e+07 3.041852e+07 3.041855e+07 3.041941e+07 3.042204e+07 3.043118e+07 3.043625e+07 3.044073e+07 3.044647e+07 3.044700e+07 3.044222e+07 3.043244e+07 3.041803e+07 3.039931e+07 3.037656e+07 3.020970e+07 2.997168e+07 2.970486e+07 2.949969e+07 2.948111e+07 2.974213e+07 3.084577e+07 3.161129e+07 3.154004e+07 3.092212e+07 3.006002e+07 2.911812e+07
3.116772e+07 3.116772e+07 3.116772e+07 3.116773e+07 3.116776e+07 3.116842e+07 3.116861e+07 3.116273e+07 3.115662e+07 3.114873e+07 3.112862e+07 3.110403e+07 3.107599e+07 3.104507e+07 3.101151e+07 3.097541e+07 3.093678e+07 3.070522e+07 3.041363e+07 3.009309e+07 2.982736e+07 2.973967e+07 2.992592e+07 3.089294e+07 3.157846e+07 3.147287e+07 3.083828e+07 2.996478e+07 2.901386e+07
3.182382e+07 3.182382e+07 3.182382e+07 3.182379e+07 3.182369e+07 3.182060e+07 3.181132e+07 3.178068e+07 3.176193e+07 3.174190e+07 3.169939e+07 3.165491e+07 3.160914e+07 3.156228e+07 3.151427e+07 3.146495e+07 3.141410e+07 3.113125e+07 3.079620e+07 3.043146e+07 3.011446e+07 2.996621e+07 3.008486e+07 3.092438e+07 3.153389e+07 3.139687e+07 3.074850e+07 2.986603e+07 2.890789e+07
3.220008e+07 3.220008e+07 3.220008e+07 3.220007e+07 3.220003e+07 3.219882e+07 3.219482e+07 3.217697e+07 3.216324e+07 3.214686e+07 3.210803e+07 3.206354e+07 3.201536e+07 3.196452e+07 3.191155e+07 3.185662e+07 3.179979e+07 3.148528e+07 3.111864e+07 3.071971e+07 3.036087e+07 3.016068e+07 3.021907e+07 3.094050e+07 3.147797e+07 3.131214e+07 3.065265e+07 2.976356e+07 2.879999e+07
3.242664e+07 3.242664e+07 3.242664e+07 3.242664e+07 3.242663e+07 3.242622e+07 3.242456e+07 3.241607e+07 3.240881e+07 3.239932e+07 3.237371e+07 3.234013e+07 3.229996e+07 3.225446e+07 3.220457e+07 3.215094e+07 3.209400e+07 3.176751e+07 3.138148e+07 3.095836e+07 3.056694e+07 3.032336e+07 3.032883e+07 3.094176e+07 3.141114e+07 3.121885e+07 3.055067e+07 2.965721e+07 2.868996e+07
3.257766e+07 3.257766e+07 3.257766e+07 3.257766e+07 3.257764e+07 3.257725e+07 3.257595e+07 3.257036e+07 3.256579e+07 3.255980e+07 3.254297e+07 3.251909e+07 3.248812e+07 3.245053e+07 3.240696e+07 3.235807e+07 3.230448e+07 3.198075e+07 3.158643e+07 3.114862e+07 3.073352e+07 3.045483e+07 3.041461e+07 3.092867e+07 3.133386e+07 3.111721e+07 3.044255e+07 2.954683e+07 2.857762e+07
3.267587e+07 3.267587e+07 3.267587e+07 3.267586e+07 3.267585e+07 3.267540e+07 3.267401e+07 3.266892e+07 3.266521e+07 3.266059e+07 3.264790e+07 3.262958e+07 3.260483e+07 3.257344e+07 3.253560e+07 3.249174e+07 3.244237e+07 3.212971e+07 3.173625e+07 3.129237e+07 3.086190e+07 3.055598e+07 3.047707e+07 3.090177e+07 3.124662e+07 3.100752e+07 3.032831e+07 2.943233e+07 2.846283e+07
3.272579e+07 3.272579e+07 3.272579e+07 3.272579e+07 3.272579e+07 3.272568e+07 3.272525e+07 3.272255e+07 3.271986e+07 3.271611e+07 3.270509e+07 3.268884e+07 3.266678e+07 3.263863e+07 3.260434e+07 3.256412e+07 3.251833e+07 3.222001e+07 3.183449e+07 3.139204e+07 3.095375e+07 3.062794e+07 3.051700e+07 3.086162e+07 3.114995e+07 3.089007e+07 3.020804e+07 2.931364e+07 2.834544e+07
3.275136e+07 3.275136e+07 3.275136e+07 3.275136e+07 3.275134e+07 3.275080e+07 3.274935e+07 3.274391e+07 3.273988e+07 3.273491e+07 3.272196e+07 3.270457e+07 3.268229e+07 3.265480e+07 3.262197e+07 3.258386e+07 3.254064e+07 3.225746e+07 3.188516e+07 3.145050e+07 3.101106e+07 3.067207e+07 3.053534e+07 3.080884e+07 3.104437e+07 3.076521e+07 3.008186e+07 2.919072e+07 2.822536e+07
3.273208e+07 3.273208e+07 3.273208e+07 3.273207e+07 3.273205e+07 3.273143e+07 3.272954e+07 3.272242e+07 3.271734e+07 3.271127e+07 3.269613e+07 3.267689e+07 3.265338e+07 3.262548e+07 3.259313e+07 3.255631e+07 3.251508e+07 3.224767e+07 3.189259e+07 3.147090e+07 3.103609e+07 3.068992e+07 3.053315e+07 3.074405e+07 3.093039e+07 3.063332e+07 2.994991e+07 2.906356e+07 2.810251e+07
3.265862e+07 3.265862e+07 3.265862e+07 3.265861e+07 3.265860e+07 3.265820e+07 3.265688e+07 3.265099e+07 3.264617e+07 3.264008e+07 3.262429e+07 3.260412e+07 3.257998e+07 3.255207e+07 3.252044e+07 3.248509e+07 3.244602e+07 3.219593e+07 3.186119e+07 3.145661e+07 3.103126e+07 3.068318e+07 3.051158e+07 3.066788e+07 3.080856e+07 3.049478e+07 2.981239e+07 2.893220e+07 2.797682e+07
3.254656e+07 3.254656e+07 3.254656e+07 3.254655e+07 3.254653e+07 3.254582e+07 3.254375e+07 3.253585e+07 3.253013e+07 3.252334e+07 3.250678e+07 3.248661e+07 3.246314e+07 3.243651e+07 3.240675e+07 3.237382e+07 3.233767e+07 3.210739e+07 3.179541e+07 3.141108e+07 3.099912e+07 3.065365e+07 3.047186e+07 3.058099e+07 3.067938e+07 3.034999e+07 2.966951e+07 2.879667e+07 2.784825e+07
3.238140e+07 3.238140e+07 3.238140e+07 3.238139e+07 3.238136e+07 3.238062e+07 3.237840e+07 3.237064e+07 3.236535e+07 3.235922e+07 3.234458e+07 3.232691e+07 3.230632e+07 3.228286e+07 3.225652e+07 3.222726e+07 3.219501e+07 3.198718e+07 3.169966e+07 3.133781e+07 3.094229e+07 3.060317e+07 3.041526e+07 3.048405e+07 3.054337e+07 3.019937e+07 2.952150e+07 2.865707e+07 2.771677e+07
3.216565e+07 3.216565e+07 3.216565e+07 3.216564e+07 3.216564e+07 3.216548e+07 3.216491e+07 3.216183e+07 3.215909e+07 3.215550e+07 3.214584e+07 3.213299e+07 3.211711e+07 3.209826e+07 3.207648e+07 3.205178e+07 3.202412e+07 3.184041e+07 3.157822e+07 3.124022e+07 3.086335e+07 3.053363e+07 3.034308e+07 3.037770e+07 3.040102e+07 3.004332e+07 2.936864e+07 2.851349e+07 2.758240e+07
3.193793e+07 3.193793e+07 3.193793e+07 3.193793e+07 3.193792e+07 3.193780e+07 3.193738e+07 3.193554e+07 3.193400e+07 3.193195e+07 3.192606e+07 3.191752e+07 3.190616e+07 3.189191e+07 3.187476e+07 3.185470e+07 3.183171e+07 3.167212e+07 3.143520e+07 3.112160e+07 3.076486e+07 3.044689e+07 3.025664e+07 3.026262e+07 3.025282e+07 2.988225e+07 2.921118e+07 2.836605e+07 2.744514e+07
3.170529e+07 3.170529e+07 3.170529e+07 3.170529e+07 3.170529e+07 3.170519e+07 3.170487e+07 3.170354e+07 3.170248e+07 3.170111e+07 3.169719e+07 3.169133e+07 3.168316e+07 3.167247e+07 3.165913e+07 3.164306e+07 3.162420e+07 3.148700e+07 3.127443e+07 3.098510e+07 3.064927e+07 3.034478e+07 3.015721e+07 3.013944e+07 3.009922e+07 2.971655e+07 2.904940e+07 2.821490e+07 2.730502e+07
3.147105e+07 3.147105e+07 3.147105e+07 3.147105e+07 3.147105e+07 3.147101e+07 3.147087e+07 3.147007e+07 3.146934e+07 3.146834e+07 3.146539e+07 3.146090e+07 3.145459e+07 3.144619e+07 3.143553e+07 3.142247e+07 3.140690e+07 3.128925e+07 3.109941e+07 3.083361e+07 3.051892e+07 3.022906e+07 3.004608e+07 3.000880e+07 2.994068e+07 2.954661e+07 2.888361e+07 2.806019e+07 2.716211e+07
3.123913e+07 3.123913e+07 3.123913e+07 3.123913e+07 3.123913e+07 3.123909e+07 3.123892e+07 3.123804e+07 3.123727e+07 3.123626e+07 3.123342e+07 3.122936e+07 3.122388e+07 3.121675e+07 3.120779e+07 3.119682e+07 3.118370e+07 3.108240e+07 3.091325e+07 3.066979e+07 3.037595e+07 3.010140e+07 2.992444e+07 2.987133e+07 2.977763e+07 2.937281e+07 2.871408e+07 2.790210e+07 2.701645e+07
3.100878e+07 3.100878e+07 3.100878e+07 3.100878e+07 3.100877e+07 3.100866e+07 3.100831e+07 3.100689e+07 3.100587e+07 3.100465e+07 3.100156e+07 3.099752e+07 3.099238e+07 3.098595e+07 3.097805e+07 3.096852e+07 3.095721e+07 3.086933e+07 3.071865e+07 3.049602e+07 3.022237e+07 2.996337e+07 2.979347e+07 2.972760e+07 2.961045e+07 2.919552e+07 2.854111e+07 2.774080e+07 2.686815e+07
3.077559e+07 3.077559e+07 3.077559e+07 3.077559e+07 3.077558e+07 3.077549e+07 3.077521e+07 3.077405e+07 3.077315e+07 3.077203e+07 3.076912e+07 3.076530e+07 3.076048e+07 3.075459e+07 3.074748e+07 3.073904e+07 3.072912e+07 3.065231e+07 3.051789e+07 3.031441e+07 3.005998e+07 2.981641e+07 2.965426e+07 2.957820e+07 2.943956e+07 2.901507e+07 2.836499e+07 2.757649e+07 2.671727e+07
3.054177e+07 3.054177e+07 3.054177e+07 3.054177e+07 3.054177e+07 3.054172e+07 3.054155e+07 3.054073e+07 3.054002e+07 3.053908e+07 3.053651e+07 3.053302e+07 3.052862e+07 3.052326e+07 3.051688e+07 3.050938e+07 3.050062e+07 3.043311e+07 3.031288e+07 3.012677e+07 2.989040e+07 2.966186e+07 2.950782e+07 2.942367e+07 2.926530e+07 2.883181e+07 2.818601e+07 2.740937e+07 2.656394e+07
3.031008e+07 3.031008e+07 3.031008e+07 3.031008e+07 3.031008e+07 3.031000e+07 3.030976e+07 3.030875e+07 3.030798e+07 3.030702e+07 3.030455e+07 3.030134e+07 3.029738e+07 3.029261e+07 3.028697e+07 3.028036e+07 3.027267e+07 3.021316e+07 3.010520e+07 2.993466e+07 2.971504e+07 2.950091e+07 2.935510e+07 2.926453e+07 2.908802e+07 2.864605e+07 2.800445e+07 2.723963e+07 2.640827e+07
3.007869e+07 3.007869e+07 3.007869e+07 3.007869e+07 3.007869e+07 3.007860e+07 3.007833e+07 3.007728e+07 3.007654e+07 3.007566e+07 3.007349e+07 3.007076e+07 3.006741e+07 3.006336e+07 3.005854e+07 3.005284e+07 3.004615e+07 2.999355e+07 2.989613e+07 2.973941e+07 2.953515e+07 2.933465e+07 2.919697e+07 2.910126e+07 2.890805e+07 2.845808e+07 2.782057e+07 2.706750e+07 2.625037e+07
2.984686e+07 2.984686e+07 2.984686e+07 2.984686e+07 2.984686e+07 2.984686e+07 2.984681e+07 2.984641e+07 2.984603e+07 2.984553e+07 2.984413e+07 2.984220e+07 2.983967e+07 2.983646e+07 2.983250e+07 2.982769e+07 2.982193e+07 2.977520e+07 2.968669e+07 2.954210e+07 2.935179e+07 2.916403e+07 2.903421e+07 2.893431e+07 2.872570e+07 2.826818e+07 2.763465e+07 2.689316e+07 2.609039e+07
2.961956e+07 2.961956e+07 2.961956e+07 2.961956e+07 2.961956e+07 2.961956e+07 2.961954e+07 2.961944e+07 2.961932e+07 2.961913e+07 2.961846e+07 2.961729e+07 2.961553e+07 2.961308e+07 2.960987e+07 2.960581e+07 2.960081e+07 2.955879e+07 2.947768e+07 2.934363e+07 2.916588e+07 2.898988e+07 2.886752e+07 2.876412e+07 2.854124e+07 2.807662e+07 2.744693e+07 2.671684e+07 2.592844e+07
2.939835e+07 2.939835e+07 2.939835e+07 2.939835e+07 2.939835e+07 2.939838e+07 2.939844e+07 2.939857e+07 2.939859e+07 2.939857e+07 2.939828e+07 2.939754e+07 2.939622e+07 2.939423e+07 2.939147e+07 2.938788e+07 2.938340e+07 2.934480e+07 2.926967e+07 2.914470e+07 2.897816e+07 2.881294e+07 2.869755e+07 2.859108e+07 2.835496e+07 2.788364e+07 2.725765e+07 2.653872e+07 2.576469e+07
2.918459e+07 2.918459e+07 2.918459e+07 2.918459e+07 2.918459e+07 2.918461e+07 2.918467e+07 2.918478e+07 2.918478e+07 2.918473e+07 2.918438e+07 2.918360e+07 2.918229e+07 2.918034e+07 2.917768e+07 2.917424e+07 2.916995e+07 2.913351e+07 2.906310e+07 2.894586e+07 2.878928e+07 2.863383e+07 2.852485e+07 2.841556e+07 2.816708e+07 2.768948e+07 2.706705e+07 2.635902e+07 2.559926e+07
2.897786e+07 2.897786e+07 2.897786e+07 2.897786e+07 2.897786e+07 2.897784e+07 2.897777e+07 2.897750e+07 2.897730e+07 2.897702e+07 2.897624e+07 2.897506e+07 2.897340e+07 2.897116e+07 2.896828e+07 2.896470e+07 2.896037e+07 2.892497e+07 2.885821e+07 2.874753e+07 2.859973e+07 2.845308e+07 2.834992e+07 2.823789e+07 2.797786e+07 2.749435e+07 2.687535e+07 2.617793e+07 2.543230e+07
2.877501e+07 2.877501e+07 2.877501e+07 2.877501e+07 2.877501e+07 2.877499e+07 2.877490e+07 2.877446e+07 2.877410e+07 2.877363e+07 2.877237e+07 2.877069e+07 2.876853e+07 2.876586e+07 2.876261e+07 2.875875e+07 2.875420e+07 2.871912e+07 2.865514e+07 2.855001e+07 2.840992e+07 2.827115e+07 2.817319e+07 2.805837e+07 2.778749e+07 2.729844e+07 2.668274e+07 2.599564e+07 2.526397e+07
2.857492e+07 2.857492e+07 2.857492e+07 2.857492e+07 2.857492e+07 2.857486e+07 2.857469e+07 2.857398e+07 2.857345e+07 2.857281e+07 2.857116e+07 2.856906e+07 2.856648e+07 2.856341e+07 2.855982e+07 2.855566e+07 2.855088e+07 2.851575e+07 2.845393e+07 2.835350e+07 2.822019e+07 2.808841e+07 2.799504e+07 2.787730e+07 2.759619e+07 2.710195e+07 2.648942e+07 2.581233e+07 2.509441e+07
2.837547e+07 2.837547e+07 2.837547e+07 2.837547e+07 2.837547e+07 2.837541e+07 2.837523e+07 2.837445e+07 2.837387e+07 2.837315e+07 2.837135e+07 2.836904e+07 2.836624e+07 2.836295e+07 2.835914e+07 2.835478e+07 2.834984e+07 2.831465e+07 2.825457e+07 2.815814e+07 2.803077e+07 2.790518e+07 2.781581e+07 2.769493e+07 2.740414e+07 2.690504e+07 2.629558e+07 2.562818e+07 2.492377e+07
2.817614e+07 2.817614e+07 2.817614e+07 2.817614e+07 2.817614e+07 2.817610e+07 2.817595e+07 2.817529e+07 2.817476e+07 2.817409e+07 2.817235e+07 2.817008e+07 2.816727e+07 2.816393e+07 2.816006e+07 2.815564e+07 2.815064e+07 2.811558e+07 2.805699e+07 2.796402e+07 2.784185e+07 2.772173e+07 2.763577e+07 2.751150e+07 2.721151e+07 2.670787e+07 2.610139e+07 2.544337e+07 2.475218e+07
2.797779e+07 2.797779e+07 2.797779e+07 2.797779e+07 2.797779e+07 2.797775e+07 2.797760e+07 2.797698e+07 2.797650e+07 2.797589e+07 2.797427e+07 2.797212e+07 2.796943e+07 2.796618e+07 2.796238e+07 2.795801e+07 2.795306e+07 2.791837e+07 2.786112e+07 2.777117e+07 2.765359e+07 2.753825e+07 2.745517e+07 2.732722e+07 2.701845e+07 2.651059e+07 2.590700e+07 2.525805e+07 2.457980e+07
2.778059e+07 2.778059e+07 2.778059e+07 2.778059e+07 2.778059e+07 2.778056e+07 2.778043e+07 2.777988e+07 2.777944e+07 2.777888e+07 2.777740e+07 2.777539e+07 2.777285e+07 2.776975e+07 2.776609e+07 2.776184e+07 2.775700e+07 2.772289e+07 2.766688e+07 2.757961e+07 2.746609e+07 2.735494e+07 2.727423e+07 2.714228e+07 2.682512e+07 2.631333e+07 2.571257e+07 2.507237e+07 2.440676e+07
2.758497e+07 2.758497e+07 2.758497e+07 2.758497e+07 2.758497e+07 2.758493e+07 2.758481e+07 2.758430e+07 2.758389e+07 2.758337e+07 2.758199e+07 2.758012e+07 2.757772e+07 2.757478e+07 2.757127e+07 2.756717e+07 2.756247e+07 2.752904e+07 2.747422e+07 2.738934e+07 2.727942e+07 2.717193e+07 2.709312e+07 2.695687e+07 2.663165e+07 2.611623e+07 2.551823e+07 2.488650e+07 2.423320e+07
2.739104e+07 2.739104e+07 2.739104e+07 2.739104e+07 2.739104e+07 2.739101e+07 2.739090e+07 2.739041e+07 2.739003e+07 2.738955e+07 2.738825e+07 2.738649e+07 2.738422e+07 2.738141e+07 2.737804e+07 2.737408e+07 2.736951e+07 2.733676e+07 2.728306e+07 2.720034e+07 2.709363e+07 2.698933e+07 2.691199e+07 2.677114e+07 2.643817e+07 2.591939e+07 2.532410e+07 2.470056e+07 2.405925e+07
2.719896e+07 2.719896e+07 2.719896e+07 2.719896e+07 2.719896e+07 2.719893e+07 2.719883e+07 2.719839e+07 2.719803e+07 2.719757e+07 2.719633e+07 2.719464e+07 2.719245e+07 2.718973e+07 2.718645e+07 2.718260e+07 2.717814e+07 2.714600e+07 2.709335e+07 2.701260e+07 2.690877e+07 2.680724e+07 2.673099e+07 2.658523e+07 2.624479e+07 2.572291e+07 2.513032e+07 2.451468e+07 2.388504e+07
2.700892e+07 2.700892e+07 2.700892e+07 2.700892e+07 2.700892e+07 2.700889e+07 2.700879e+07 2.700833e+07 2.700797e+07 2.700751e+07 2.700628e+07 2.700460e+07 2.700244e+07 2.699976e+07 2.699654e+07 2.699274e+07 2.698835e+07 2.695671e+07 2.690502e+07 2.682609e+07 2.672486e+07 2.662573e+07 2.655023e+07 2.639928e+07 2.605161e+07 2.552691e+07 2.493699e+07 2.432900e+07 2.371068e+07
2.682072e+07 2.682072e+07 2.682072e+07 2.682072e+07 2.682072e+07 2.682069e+07 2.682058e+07 2.682011e+07 2.681973e+07 2.681926e+07 2.681801e+07 2.681631e+07 2.681413e+07 2.681145e+07 2.680823e+07 2.680445e+07 2.680009e+07 2.676883e+07 2.671802e+07 2.664078e+07 2.654192e+07 2.644488e+07 2.636981e+07 2.621341e+07 2.585875e+07 2.533146e+07 2.474421e+07 2.414362e+07 2.353630e+07
2.663415e+07 2.663415e+07 2.663415e+07 2.663415e+07 2.663415e+07 2.663411e+07 2.663400e+07 2.663351e+07 2.663312e+07 2.663263e+07 2.663134e+07 2.662959e+07 2.662737e+07 2.662465e+07 2.662141e+07 2.661761e+07 2.661326e+07 2.658226e+07 2.653228e+07 2.645663e+07 2.635994e+07 2.626472e+07 2.618980e+07 2.602773e+07 2.566628e+07 2.513665e+07 2.455207e+07 2.395866e+07 2.336201e+07
2.644902e+07 2.644902e+07 2.644902e+07 2.644902e+07 2.644902e+07 2.644898e+07 2.644885e+07 2.644833e+07 2.644792e+07 2.644741e+07 2.644606e+07 2.644426e+07 2.644198e+07 2.643920e+07 2.643591e+07 2.643209e+07 2.642771e+07 2.639694e+07 2.634776e+07 2.627361e+07 2.617894e+07 2.608531e+07 2.601030e+07 2.584233e+07 2.547430e+07 2.494256e+07 2.436066e+07 2.377421e+07 2.318792e+07
