0.000000e+00 0.000000e+00 0.000000e+00 0.000000e+00 0.000000e+00 7.177945e-155 2.197638e-79 1.106897e-40 8.117913e-33 1.570405e-27 7.565656e-21 8.955683e-17 5.156545e-14 5.337434e-12 2.013635e-10 4.217950e-09 5.948132e-08 3.837955e-04 3.274018e-02 4.030730e-01 1.763201e+00 4.209573e+00 7.098125e+00 1.251539e+01 1.770402e+01 2.382809e+01 3.154407e+01 4.099415e+01 5.203216e+01
0.000000e+00 0.000000e+00 0.000000e+00 0.000000e+00 0.000000e+00 1.674240e-154 2.881055e-79 1.249173e-40 8.959217e-33 1.706231e-27 8.051739e-21 9.408422e-17 5.369519e-14 5.522447e-12 2.073728e-10 4.329463e-09 6.090663e-08 3.900633e-04 3.314045e-02 4.069975e-01 1.777433e+00 4.238513e+00 7.140487e+00 1.257381e+01 1.777088e+01 2.390288e+01 3.162833e+01 4.108920e+01 5.213847e+01
0.000000e+00 0.000000e+00 0.000000e+00 0.000000e+00 0.000000e+00 7.143326e-154 4.650631e-79 1.478884e-40 1.018490e-32 1.891441e-27 8.663605e-21 9.952209e-17 5.617515e-14 5.733186e-12 2.141070e-10 4.452894e-09 6.246906e-08 3.967322e-04 3.355984e-02 4.110713e-01 1.792114e+00 4.268235e+00 7.183844e+00 1.263332e+01 1.783876e+01 2.397862e+01 3.171352e+01 4.118516e+01 5.224568e+01
0.000000e+00 0.000000e+00 0.000000e+00 0.000000e+00 0.000000e+00 4.068870e-153 9.017297e-79 1.840149e-40 1.193962e-32 2.140901e-27 9.428352e-21 1.060231e-16 5.905326e-14 5.972624e-12 2.216386e-10 4.589308e-09 6.417972e-08 4.038244e-04 3.399914e-02 4.152996e-01 1.807257e+00 4.298757e+00 7.228219e+00 1.269394e+01 1.790767e+01 2.405533e+01 3.179963e+01 4.128204e+01 5.235381e+01
0.000000e+00 0.000000e+00 0.000000e+00 0.000000e+00 0.000000e+00 2.731020e-152 1.941447e-78 2.408346e-40 1.443307e-32 2.474307e-27 1.037865e-20 1.137625e-16 6.238297e-14 6.244009e-12 2.300462e-10 4.739845e-09 6.605046e-08 4.113630e-04 3.445918e-02 4.196872e-01 1.822876e+00 4.330097e+00 7.273630e+00 1.275567e+01 1.797762e+01 2.413300e+01 3.188668e+01 4.137984e+01 5.246284e+01
0.000000e+00 0.000000e+00 0.000000e+00 0.000000e+00 0.000000e+00 2.008685e-151 4.498706e-78 3.299776e-40 1.800572e-32 2.919732e-27 1.155529e-20 1.229453e-16 6.622447e-14 6.550912e-12 2.394147e-10 4.905728e-09 6.809390e-08 4.193720e-04 3.494078e-02 4.242395e-01 1.838982e+00 4.362275e+00 7.320100e+00 1.281853e+01 1.804861e+01 2.421166e+01 3.197468e+01 4.147857e+01 5.257279e+01
0.000000e+00 0.000000e+00 0.000000e+00 0.000000e+00 0.000000e+00 1.565491e-150 1.102363e-77 4.670052e-40 2.311614e-32 3.520520e-27 1.301140e-20 1.338175e-16 7.064665e-14 6.897302e-12 2.498365e-10 5.088275e-09 7.032355e-08 4.278768e-04 3.544484e-02 4.289617e-01 1.855590e+00 4.395309e+00 7.367649e+00 1.288255e+01 1.812068e+01 2.429131e+01 3.206362e+01 4.157823e+01 5.268367e+01
0.000000e+00 0.000000e+00 0.000000e+00 0.000000e+00 0.000000e+00 1.270545e-149 2.813199e-77 6.771686e-40 3.031963e-32 4.328786e-27 1.481933e-20 1.466822e-16 7.572976e-14 7.287640e-12 2.614135e-10 5.288914e-09 7.275394e-08 4.369037e-04 3.597223e-02 4.338593e-01 1.872711e+00 4.429220e+00 7.416298e+00 1.294775e+01 1.819382e+01 2.437195e+01 3.215353e+01 4.167883e+01 5.279548e+01
0.000000e+00 0.000000e+00 0.000000e+00 0.000000e+00 0.000000e+00 1.062621e-148 7.394901e-77 1.002154e-39 4.043282e-32 5.404094e-27 1.708164e-20 1.619232e-16 8.156912e-14 7.727016e-12 2.742587e-10 5.509207e-09 7.540072e-08 4.464805e-04 3.652392e-02 4.389379e-01 1.890361e+00 4.464027e+00 7.466070e+00 1.301413e+01 1.826806e+01 2.445361e+01 3.224440e+01 4.178038e+01 5.290822e+01
0.000000e+00 0.000000e+00 0.000000e+00 0.000000e+00 0.000000e+00 9.095345e-148 1.987789e-76 1.510299e-39 5.467269e-32 6.828548e-27 1.990025e-20 1.800451e-16 8.828004e-14 8.221316e-12 2.884989e-10 5.750872e-09 7.828095e-08 4.566362e-04 3.710084e-02 4.442034e-01 1.908553e+00 4.499750e+00 7.516986e+00 1.308172e+01 1.834339e+01 2.453629e+01 3.233625e+01 4.188288e+01 5.302190e+01
0.000000e+00 0.000000e+00 0.000000e+00 0.000000e+00 0.000000e+00 7.929284e-147 5.437707e-76 2.312960e-39 7.484990e-32 8.716047e-27 2.338670e-20 2.017091e-16 9.600501e-14 8.777446e-12 3.042783e-10 6.015819e-09 8.141326e-08 4.674017e-04 3.770403e-02 4.496616e-01 1.927302e+00 4.536411e+00 7.569069e+00 1.315054e+01 1.841985e+01 2.462000e+01 3.242908e+01 4.198635e+01 5.313653e+01
0.000000e+00 0.000000e+00 0.000000e+00 0.000000e+00 0.000000e+00 4.771482e-142 9.721137e-74 2.294853e-38 4.162565e-31 3.326244e-26 5.735030e-20 3.860526e-16 1.565713e-13 1.283531e-11 4.131751e-10 7.775745e-09 1.016627e-07 5.315783e-04 4.115161e-02 4.800644e-01 2.029922e+00 4.734533e+00 7.847808e+00 1.351367e+01 1.881939e+01 2.505435e+01 3.290826e+01 4.251831e+01 5.372407e+01
0.000000e+00 0.000000e+00 0.000000e+00 0.000000e+00 0.000000e+00 3.425731e-137 1.957626e-71 2.565263e-37 2.641119e-30 1.444051e-25 1.556402e-19 8.024832e-16 2.754287e-13 2.013649e-11 5.973275e-10 1.059953e-08 1.326682e-07 6.168407e-04 4.543133e-02 5.162870e-01 2.148819e+00 4.959449e+00 8.159325e+00 1.391036e+01 1.924894e+01 2.551597e+01 3.341320e+01 4.307525e+01 5.433610e+01
0.000000e+00 0.000000e+00 0.000000e+00 0.000000e+00 0.000000e+00 2.712957e-132 4.583772e-69 3.070403e-36 1.774806e-29 6.654937e-25 4.495346e-19 1.758581e-15 5.060825e-13 3.287416e-11 8.986339e-10 1.505046e-08 1.801996e-07 7.302683e-04 5.072905e-02 5.593184e-01 2.286243e+00 5.214277e+00 8.506896e+00 1.434314e+01 1.971028e+01 2.600614e+01 3.394489e+01 4.365799e+01 5.497330e+01
0.000000e+00 0.000000e+00 0.000000e+00 0.000000e+00 0.000000e+00 2.273530e-127 1.082814e-66 3.946495e-35 1.263655e-28 3.211331e-24 1.350141e-18 3.999049e-15 9.600882e-13 5.514461e-11 1.386792e-09 2.194083e-08 2.515714e-07 8.828179e-04 5.728783e-02 6.103533e-01 2.444784e+00 5.502503e+00 8.894114e+00 1.481475e+01 2.020526e+01 2.652618e+01 3.450434e+01 4.426734e+01 5.563636e+01
0.000000e+00 0.000000e+00 0.000000e+00 0.000000e+00 0.000000e+00 1.996737e-122 2.741913e-64 5.208404e-34 9.324568e-28 1.606700e-23 4.176337e-18 9.336646e-15 1.866142e-12 9.453013e-11 2.183475e-09 3.262837e-08 3.583427e-07 1.087702e-03 6.543956e-02 6.708712e-01 2.627484e+00 5.828082e+00 9.324950e+00 1.532809e+01 2.073582e+01 2.707742e+01 3.509255e+01 4.490412e+01 5.632596e+01
0.000000e+00 0.000000e+00 0.000000e+00 0.000000e+00 0.000000e+00 1.804513e-117 7.333671e-62 7.275512e-33 7.176756e-27 8.328968e-23 1.327131e-17 2.227167e-14 3.696600e-12 1.649312e-10 3.497890e-09 4.937518e-08 5.191955e-07 1.360054e-03 7.565561e-02 7.427530e-01 2.837978e+00 6.195548e+00 9.803832e+00 1.588625e+01 2.130394e+01 2.766124e+01 3.571056e+01 4.556913e+01 5.704276e+01
0.000000e+00 0.000000e+00 0.000000e+00 0.000000e+00 0.000000e+00 1.668787e-112 1.884599e-59 1.029531e-31 5.673858e-26 4.446294e-22 4.326265e-17 5.419945e-14 7.443196e-12 2.920673e-10 5.689142e-09 7.591665e-08 7.641203e-07 1.720747e-03 8.841254e-02 8.284772e-01 3.080681e+00 6.610181e+00 1.033576e+01 1.649262e+01 2.191174e+01 2.827903e+01 3.635936e+01 4.626319e+01 5.778745e+01
0.000000e+00 0.000000e+00 0.000000e+00 0.000000e+00 0.000000e+00 1.577016e-107 5.253837e-57 1.471243e-30 4.531406e-25 2.411744e-21 1.440589e-16 1.344557e-13 1.522406e-11 5.242748e-10 9.380374e-09 1.184379e-07 1.141045e-06 2.198818e-03 1.042397e-01 9.313027e-01 3.361072e+00 7.078196e+00 1.092641e+01 1.715081e+01 2.256141e+01 2.893223e+01 3.704002e+01 4.698711e+01 5.856068e+01
0.000000e+00 0.000000e+00 0.000000e+00 0.000000e+00 0.000000e+00 1.512937e-102 1.514102e-54 2.237838e-29 3.782860e-24 1.351914e-20 4.917312e-16 3.405535e-13 3.166189e-11 9.540688e-10 1.566882e-08 1.872756e-07 1.726790e-06 2.834830e-03 1.238144e-01 1.054101e+00 3.686237e+00 7.607021e+00 1.158233e+01 1.786483e+01 2.325527e+01 2.962230e+01 3.775354e+01 4.774168e+01 5.936310e+01
0.000000e+00 0.000000e+00 0.000000e+00 0.000000e+00 0.000000e+00 1.469639e-97 4.420912e-52 3.549463e-28 3.309314e-23 7.909623e-20 1.732027e-15 8.833969e-13 6.706987e-11 1.761538e-09 2.651183e-08 2.998678e-07 2.645209e-06 3.685276e-03 1.480007e-01 1.200120e+00 4.064638e+00 8.205695e+00 1.231112e+01 1.863906e+01 2.399577e+01 3.035075e+01 3.850100e+01 4.852772e+01 6.019538e+01
0.000000e+00 0.000000e+00 0.000000e+00 0.000000e+00 0.000000e+00 1.442194e-92 1.300963e-49 5.695093e-27 2.951884e-22 4.743583e-19 6.258585e-15 2.342070e-12 1.446185e-10 3.299294e-09 4.542243e-08 4.858106e-07 4.096993e-06 4.828518e-03 1.779085e-01 1.373316e+00 4.503135e+00 8.885805e+00 1.312171e+01 1.947834e+01 2.478553e+01 3.111913e+01 3.928345e+01 4.934602e+01 6.105815e+01
0.000000e+00 0.000000e+00 0.000000e+00 0.000000e+00 0.000000e+00 1.397513e-87 3.348146e-47 8.627926e-26 2.540566e-21 2.789021e-18 2.261625e-14 6.262446e-12 3.153093e-10 6.248938e-09 7.867957e-08 7.954135e-07 6.408420e-06 6.373035e-03 2.149652e-01 1.578487e+00 5.009685e+00 9.659590e+00 1.402485e+01 2.038808e+01 2.562733e+01 3.192907e+01 4.010195e+01 5.019738e+01 6.195206e+01
0.000000e+00 0.000000e+00 0.000000e+00 0.000000e+00 0.000000e+00 1.391940e-82 8.062467e-45 1.099427e-24 1.932240e-20 1.504781e-17 7.863336e-14 1.651575e-11 6.865313e-10 1.189233e-08 1.373862e-07 1.314124e-06 1.011117e-05 8.469027e-03 2.610037e-01 1.821473e+00 5.593667e+00 1.053668e+01 1.503417e+01 2.137437e+01 2.652416e+01 3.278222e+01 4.095760e+01 5.108261e+01 6.287772e+01
0.000000e+00 0.000000e+00 0.000000e+00 0.000000e+00 0.000000e+00 1.398454e-77 2.378557e-42 1.393086e-23 1.371977e-19 7.513050e-17 2.589959e-13 4.229663e-11 1.475899e-09 2.258536e-08 2.410338e-07 2.187179e-06 1.607399e-05 1.132473e-02 3.183712e-01 2.109413e+00 6.266052e+00 1.152841e+01 1.616209e+01 2.244408e+01 2.747925e+01 3.368034e+01 4.185152e+01 5.200252e+01 6.383579e+01
0.000000e+00 0.000000e+00 0.000000e+00 0.000000e+00 0.000000e+00 1.413273e-72 7.221478e-40 2.087569e-22 1.071569e-18 3.870219e-16 8.363030e-13 1.058848e-10 3.126708e-09 4.266850e-08 4.240151e-07 3.662733e-06 2.572232e-05 1.522936e-02 3.900680e-01 2.451035e+00 7.039720e+00 1.264780e+01 1.741847e+01 2.360511e+01 2.849612e+01 3.462527e+01 4.278484e+01 5.295790e+01 6.482688e+01
0.000000e+00 0.000000e+00 0.000000e+00 0.000000e+00 8.009788e-304 1.435694e-67 2.205089e-37 3.419572e-21 9.387883e-18 2.193189e-15 2.788550e-12 2.654821e-10 6.586492e-09 8.038021e-08 7.480841e-07 6.168740e-06 4.140750e-05 2.058538e-02 4.799250e-01 2.856997e+00 7.929835e+00 1.390965e+01 1.881495e+01 2.486691e+01 2.957858e+01 3.561894e+01 4.375873e+01 5.394960e+01 6.585163e+01
0.000000e+00 0.000000e+00 0.000000e+00 0.000000e+00 1.226740e-278 1.465248e-62 6.764599e-35 5.733184e-20 8.678615e-17 1.337858e-14 9.860441e-12 6.836676e-10 1.399810e-08 1.519975e-07 1.326652e-06 1.045136e-05 6.703124e-05 2.795396e-02 5.928338e-01 3.340293e+00 8.954280e+00 1.533084e+01 2.036454e+01 2.624081e+01 3.073085e+01 3.666338e+01 4.477440e+01 5.497844e+01 6.691066e+01
0.000000e+00 0.000000e+00 0.000000e+00 0.000000e+00 1.886649e-253 1.501646e-57 2.083841e-32 9.679260e-19 8.169437e-16 8.456243e-14 3.677412e-11 1.832313e-09 3.041372e-08 2.908196e-07 2.372360e-06 1.782503e-05 1.091043e-04 3.811896e-02 7.350438e-01 3.916730e+00 1.013414e+01 1.693063e+01 2.208170e+01 2.773353e+01 3.195762e+01 3.776078e+01 4.583312e+01 5.604527e+01 6.800461e+01
0.000000e+00 0.000000e+00 0.000000e+00 0.000000e+00 2.912463e-228 1.544737e-52 6.443438e-30 1.640842e-17 7.743160e-15 5.423219e-13 1.420241e-10 5.106960e-09 6.804814e-08 5.666687e-07 4.290386e-06 3.062522e-05 1.785455e-04 5.217727e-02 9.145452e-01 4.605514e+00 1.149424e+01 1.873106e+01 2.398244e+01 2.935115e+01 3.326425e+01 3.891346e+01 4.693618e+01 5.715098e+01 6.913414e+01
0.000000e+00 0.000000e+00 0.000000e+00 0.000000e+00 4.511371e-203 1.594485e-47 1.999168e-27 2.791162e-16 7.368596e-14 3.500901e-12 5.592140e-10 1.467251e-08 1.568462e-07 1.128267e-06 7.861701e-06 5.302952e-05 2.937433e-04 7.166630e-02 1.141564e+00 5.429962e+00 1.306374e+01 2.075728e+01 2.608449e+01 3.110058e+01 3.465744e+01 4.012394e+01 4.808498e+01 5.829647e+01 7.029989e+01
0.000000e+00 0.000000e+00 0.000000e+00 0.000000e+00 7.009774e-178 1.650949e-42 6.221971e-25 4.762678e-15 7.034662e-13 2.268849e-11 2.224379e-09 4.301997e-08 3.707837e-07 2.295436e-06 1.460331e-05 9.254806e-05 4.857707e-04 9.874417e-02 1.429200e+00 6.418362e+00 1.487682e+01 2.303803e+01 2.840751e+01 3.298914e+01 3.614326e+01 4.139499e+01 4.928096e+01 5.948268e+01 7.150254e+01
0.000000e+00 0.000000e+00 0.000000e+00 1.560220e-295 1.092275e-152 1.714270e-37 1.941955e-22 8.149843e-14 6.735043e-12 1.474852e-10 8.898301e-09 1.277320e-07 8.934218e-07 4.759715e-06 2.747606e-05 1.627282e-04 8.072714e-04 1.364445e-01 1.794247e+00 7.605033e+00 1.697347e+01 2.560600e+01 3.097323e+01 3.502445e+01 3.772338e+01 4.272970e+01 5.052569e+01 6.071059e+01 7.274278e+01
0.000000e+00 0.000000e+00 0.000000e+00 4.048547e-245 1.706444e-127 1.784666e-32 6.076901e-20 1.398229e-12 6.465009e-11 9.612580e-10 3.572661e-08 3.821433e-07 2.181300e-06 1.002003e-05 5.227224e-05 2.880587e-04 1.347600e-03 1.890372e-01 2.258255e+00 9.031589e+00 1.940036e+01 2.849826e+01 3.380566e+01 3.721438e+01 3.939989e+01 4.413173e+01 5.182083e+01 6.198124e+01 7.402134e+01
0.000000e+00 0.000000e+00 0.000000e+00 1.053066e-194 2.672362e-102 1.862420e-27 1.906199e-17 2.404639e-11 6.220683e-10 6.280139e-09 1.438264e-07 1.148519e-06 5.370578e-06 2.132551e-05 1.003285e-04 5.128524e-04 2.258622e-03 2.625389e-01 2.848889e+00 1.074849e+01 2.221182e+01 3.175670e+01 3.693119e+01 3.956700e+01 4.117500e+01 4.560593e+01 5.316821e+01 6.329573e+01 7.533897e+01
0.000000e+00 0.000000e+00 0.000000e+00 2.745214e-144 4.194333e-77 1.947883e-22 5.992646e-15 4.144571e-10 5.998589e-09 4.111565e-08 5.801232e-07 3.460458e-06 1.328438e-05 4.570285e-05 1.938069e-04 9.173098e-04 3.798660e-03 3.654367e-01 3.601692e+00 1.281686e+01 2.547099e+01 3.542844e+01 4.037864e+01 4.209052e+01 4.305085e+01 4.715402e+01 5.456989e+01 6.465525e+01 7.669646e+01
0.000000e+00 0.000000e+00 0.000000e+00 7.171190e-94 6.596669e-52 2.041466e-17 1.887811e-12 7.156505e-09 5.793440e-08 2.694991e-07 2.340700e-06 1.042606e-05 3.289087e-05 9.824345e-05 3.758725e-04 1.646457e-03 6.407288e-03 5.097139e-01 4.562335e+00 1.531075e+01 2.925103e+01 3.956621e+01 4.417935e+01 4.479324e+01 4.502936e+01 4.877559e+01 5.602825e+01 6.606105e+01 7.809465e+01
0.000000e+00 0.000000e+00 6.582392e-174 1.876885e-43 1.039484e-26 2.143331e-12 5.937319e-10 1.233006e-07 5.578535e-07 1.759520e-06 9.394597e-06 3.123779e-05 8.106528e-05 2.108325e-04 7.299135e-04 2.961902e-03 1.083232e-02 7.123046e-01 5.789517e+00 1.831969e+01 3.363648e+01 4.422871e+01 4.836708e+01 4.768346e+01 4.711219e+01 5.047065e+01 5.754634e+01 6.751455e+01 7.953444e+01
2.832283e-08 2.832283e-08 2.832284e-08 2.902301e-08 3.011326e-08 3.658884e-08 1.273359e-07 2.022793e-06 5.171881e-06 1.112476e-05 3.679024e-05 9.179760e-05 1.968855e-04 4.486594e-04 1.414712e-03 5.333506e-03 1.834487e-02 9.971566e-01 7.358671e+00 2.195184e+01 3.872467e+01 4.948086e+01 5.297788e+01 5.076935e+01 4.930070e+01 5.223923e+01 5.912766e+01 6.901731e+01 8.101678e+01
6.261896e-06 6.263943e-06 6.273940e-06 6.279530e-06 6.300368e-06 6.972744e-06 9.458397e-06 2.459086e-05 3.973765e-05 6.185480e-05 1.340292e-04 2.574385e-04 4.633070e-04 9.379337e-04 2.726515e-03 9.600508e-03 3.110300e-02 1.398158e+00 9.366698e+00 2.633749e+01 4.462716e+01 5.539394e+01 5.804983e+01 5.405878e+01 5.159587e+01 5.408118e+01 6.077148e+01 7.057114e+01 8.254273e+01
9.568546e-05 9.568666e-05 9.568789e-05 9.572739e-05 9.585082e-05 9.981113e-05 1.125439e-04 1.666762e-04 2.100520e-04 2.663628e-04 4.259630e-04 6.648546e-04 1.034650e-03 1.906550e-03 5.206742e-03 1.725477e-02 5.276773e-02 1.963285e+00 1.193796e+01 3.163322e+01 5.147110e+01 6.204553e+01 6.362261e+01 5.755918e+01 5.399830e+01 5.599619e+01 6.247699e+01 7.217822e+01 8.411345e+01
5.214489e-04 5.214731e-04 5.214756e-04 5.215551e-04 5.218036e-04 5.297780e-04 5.554281e-04 6.632466e-04 7.472975e-04 8.533579e-04 1.139471e-03 1.542472e-03 2.158535e-03 3.742265e-03 9.834130e-03 3.094458e-02 8.955148e-02 2.760485e+00 1.523186e+01 3.802640e+01 5.940043e+01 6.951916e+01 6.973695e+01 6.127726e+01 5.650810e+01 5.798369e+01 6.424359e+01 7.384168e+01 8.573020e+01
1.605148e-03 1.605149e-03 1.605153e-03 1.605288e-03 1.605707e-03 1.619158e-03 1.661995e-03 1.839231e-03 1.975527e-03 2.145432e-03 2.593378e-03 3.207184e-03 4.190501e-03 7.093544e-03 1.838755e-02 5.538561e-02 1.520139e-01 3.885988e+00 1.945227e+01 4.574013e+01 6.857670e+01 7.790363e+01 7.643387e+01 6.521878e+01 5.912489e+01 6.004291e+01 6.607072e+01 7.556322e+01 8.739447e+01
3.746929e-03 3.746931e-03 3.746938e-03 3.747142e-03 3.747779e-03 3.768189e-03 3.832551e-03 4.094891e-03 4.294464e-03 4.541118e-03 5.181608e-03 6.052635e-03 7.622731e-03 1.308297e-02 3.416007e-02 9.902820e-02 2.581517e-01 5.476049e+00 2.485913e+01 5.503831e+01 7.917927e+01 8.729177e+01 8.375358e+01 6.938822e+01 6.184777e+01 6.217280e+01 6.795776e+01 7.734147e+01 8.910799e+01
7.421554e-03 7.421557e-03 7.421566e-03 7.421853e-03 7.422752e-03 7.451500e-03 7.541161e-03 7.899723e-03 8.169900e-03 8.501930e-03 9.355531e-03 1.053921e-02 1.317011e-02 2.378524e-02 6.338493e-02 1.771252e-01 4.387288e-01 7.723431e+00 3.178246e+01 6.623034e+01 9.140452e+01 9.777868e+01 9.173428e+01 7.378850e+01 6.467520e+01 6.437210e+01 6.990397e+01 7.917560e+01 9.087298e+01
1.314577e-02 1.314578e-02 1.314579e-02 1.314616e-02 1.314731e-02 1.318413e-02 1.329833e-02 1.375407e-02 1.409793e-02 1.451932e-02 1.559410e-02 1.719517e-02 2.201161e-02 4.330062e-02 1.180914e-01 3.173868e-01 7.464769e-01 1.090039e+01 4.063870e+01 7.967494e+01 1.054637e+02 1.094591e+02 1.004105e+02 7.842059e+01 6.760505e+01 6.663928e+01 7.190852e+01 8.106500e+01 9.269252e+01
2.138999e-02 2.138999e-02 2.139001e-02 2.139048e-02 2.139196e-02 2.143929e-02 2.158423e-02 2.215385e-02 2.257675e-02 2.308672e-02 2.436968e-02 2.667138e-02 3.643857e-02 8.015729e-02 2.218256e-01 5.704061e-01 1.271971e+00 1.539040e+01 5.194895e+01 9.578183e+01 1.215790e+02 1.224241e+02 1.098115e+02 8.328323e+01 7.063448e+01 6.897262e+01 7.397050e+01 8.300906e+01 9.456645e+01
3.272773e-02 3.272774e-02 3.272775e-02 3.272836e-02 3.273025e-02 3.278973e-02 3.296891e-02 3.364040e-02 3.410996e-02 3.465965e-02 3.607542e-02 3.996428e-02 6.155333e-02 1.526769e-01 4.211077e-01 1.028872e+00 2.170980e+00 2.173104e+01 6.635778e+01 1.150099e+02 1.399767e+02 1.367564e+02 1.199587e+02 8.837250e+01 7.375997e+01 7.137016e+01 7.608888e+01 8.500716e+01 9.649349e+01
4.784399e-02 4.784400e-02 4.784401e-02 4.784438e-02 4.784552e-02 4.788212e-02 4.799601e-02 4.845898e-02 4.882036e-02 4.927939e-02 5.083426e-02 5.925458e-02 1.097239e-01 3.009614e-01 8.083665e-01 1.862913e+00 3.711414e+00 3.067063e+01 8.464981e+01 1.378598e+02 1.608779e+02 1.525251e+02 1.308637e+02 9.368159e+01 7.697730e+01 7.382976e+01 7.826256e+01 8.705868e+01 9.847290e+01
6.483912e-02 6.483912e-02 6.483912e-02 6.483924e-02 6.483963e-02 6.485442e-02 6.492428e-02 6.531315e-02 6.565926e-02 6.613300e-02 6.878867e-02 9.106859e-02 2.122184e-01 6.135930e-01 1.567716e+00 3.384838e+00 6.353345e+00 4.323946e+01 1.077593e+02 1.648583e+02 1.844855e+02 1.697797e+02 1.425260e+02 9.920051e+01 8.028151e+01 7.634913e+01 8.049037e+01 8.916292e+01 1.005040e+02
8.290004e-02 8.290005e-02 8.290007e-02 8.290069e-02 8.290264e-02 8.296494e-02 8.315943e-02 8.390889e-02 8.445291e-02 8.519933e-02 9.247794e-02 1.563362e-01 4.488395e-01 1.286656e+00 3.065808e+00 6.166754e+00 1.088363e+01 6.083256e+01 1.367648e+02 1.965321e+02 2.109667e+02 1.885422e+02 1.549299e+02 1.049159e+02 8.366696e+01 7.892581e+01 8.277109e+01 9.131918e+01 1.025863e+02
1.048175e-01 1.048175e-01 1.048175e-01 1.048182e-01 1.048204e-01 1.048904e-01 1.051082e-01 1.059730e-01 1.066557e-01 1.080728e-01 1.330145e-01 3.198856e-01 1.022484e+00 2.753425e+00 6.030563e+00 1.125113e+01 1.863711e+01 8.529198e+01 1.728569e+02 2.333672e+02 2.404333e+02 2.088005e+02 1.680432e+02 1.108110e+02 8.712737e+01 8.155725e+01 8.510348e+01 9.352671e+01 1.047192e+02
1.309501e-01 1.309501e-01 1.309501e-01 1.309509e-01 1.309533e-01 1.310294e-01 1.312645e-01 1.322088e-01 1.333112e-01 1.383195e-01 2.335841e-01 7.805418e-01 2.447492e+00 5.967400e+00 1.189707e+01 2.051704e+01 3.184432e+01 1.189588e+02 2.172658e+02 2.757548e+02 2.729186e+02 2.305008e+02 1.818147e+02 1.168655e+02 9.065584e+01 8.424085e+01 8.748626e+01 9.578474e+01 1.069020e+02
1.614844e-01 1.614844e-01 1.614845e-01 1.614852e-01 1.614876e-01 1.615657e-01 1.618129e-01 1.630256e-01 1.676745e-01 1.951186e-01 5.699901e-01 2.149545e+00 6.022346e+00 1.300771e+01 2.345271e+01 3.728098e+01 5.413153e+01 1.646373e+02 2.711324e+02 3.239230e+02 3.083542e+02 2.535421e+02 1.961735e+02 1.230559e+02 9.424500e+01 8.697393e+01 8.991820e+01 9.809249e+01 1.091343e+02
1.965839e-01 1.965839e-01 1.965839e-01 1.965848e-01 1.965874e-01 1.966716e-01 1.969359e-01 2.018438e-01 2.394695e-01 4.051880e-01 1.865462e+00 6.297252e+00 1.498241e+01 2.830942e+01 4.594498e+01 6.716403e+01 9.110940e+01 2.253806e+02 3.353161e+02 3.778600e+02 3.465486e+02 2.777717e+02 2.110285e+02 1.293558e+02 9.788707e+01 8.975386e+01 9.239806e+01 1.004492e+02 1.114152e+02
2.364782e-01 2.364782e-01 2.364783e-01 2.364792e-01 2.364821e-01 2.365752e-01 2.368846e-01 3.058399e-01 6.402759e-01 1.614585e+00 7.069229e+00 1.882335e+01 3.710347e+01 6.086716e+01 8.863725e+01 1.189844e+02 1.507137e+02 3.039904e+02 4.101485e+02 4.372420e+02 3.871731e+02 3.029842e+02 2.262699e+02 1.357363e+02 1.015740e+02 9.257803e+01 9.492467e+01 1.028540e+02 1.137442e+02
2.814859e-01 2.814859e-01 2.814860e-01 2.814870e-01 2.814904e-01 2.815955e-01 2.881219e-01 1.475897e+00 4.212322e+00 9.360280e+00 2.768620e+01 5.537301e+01 8.942943e+01 1.269800e+02 1.658706e+02 2.046572e+02 2.424289e+02 4.021774e+02 4.951718e+02 5.013781e+02 4.297568e+02 3.289248e+02 2.417708e+02 1.421665e+02 1.052977e+02 9.544395e+01 9.749694e+01 1.053062e+02 1.161207e+02
3.321026e-01 3.321026e-01 3.321026e-01 3.321037e-01 3.321071e-01 4.011621e-01 2.269590e+00 1.980743e+01 3.575238e+01 5.538926e+01 1.016378e+02 1.518027e+02 2.018282e+02 2.496739e+02 2.944651e+02 3.359336e+02 3.740977e+02 5.195039e+02 5.889343e+02 5.691932e+02 4.736960e+02 3.552958e+02 2.573913e+02 1.486146e+02 1.090500e+02 9.834926e+01 1.001138e+02 1.078051e+02 1.185440e+02
1.033836e+02 1.033842e+02 1.033860e+02 1.034423e+02 1.036183e+02 1.092502e+02 1.263880e+02 1.817158e+02 2.130567e+02 2.442919e+02 3.035230e+02 3.568339e+02 4.041359e+02 4.460278e+02 4.832311e+02 5.164077e+02 5.461026e+02 6.525124e+02 6.889351e+02 6.392635e+02 5.182785e+02 3.817681e+02 2.729826e+02 1.550481e+02 1.128230e+02 1.012918e+02 1.027745e+02 1.103499e+02 1.210133e+02
6.319436e+02 6.319433e+02 6.319424e+02 6.319124e+02 6.318187e+02 6.296388e+02 6.272976e+02 6.293254e+02 6.335237e+02 6.393029e+02 6.538569e+02 6.702481e+02 6.869235e+02 7.031224e+02 7.185069e+02 7.329380e+02 7.463492e+02 7.946210e+02 7.917888e+02 7.099093e+02 5.627225e+02 4.079959e+02 2.883931e+02 1.614355e+02 1.166094e+02 1.042695e+02 1.054780e+02 1.129400e+02 1.235280e+02
1.131194e+03 1.131193e+03 1.131192e+03 1.131162e+03 1.131067e+03 1.128050e+03 1.119114e+03 1.089648e+03 1.072640e+03 1.055996e+03 1.026456e+03 1.003163e+03 9.856378e+02 9.727562e+02 9.634287e+02 9.567498e+02 9.519836e+02 9.371565e+02 8.936160e+02 7.793363e+02 6.062268e+02 4.336337e+02 3.034741e+02 1.677464e+02 1.204022e+02 1.072808e+02 1.082239e+02 1.155748e+02 1.260875e+02
1.381706e+03 1.381706e+03 1.381705e+03 1.381694e+03 1.381659e+03 1.380526e+03 1.376867e+03 1.360434e+03 1.347679e+03 1.332646e+03 1.298849e+03 1.264303e+03 1.232061e+03 1.203378e+03 1.178481e+03 1.157098e+03 1.138736e+03 1.071264e+03 9.905753e+02 8.458037e+02 6.480243e+02 4.583544e+02 3.180857e+02 1.739530e+02 1.241952e+02 1.103242e+02 1.110115e+02 1.182538e+02 1.286910e+02
1.512889e+03 1.512889e+03 1.512889e+03 1.512885e+03 1.512867e+03 1.512149e+03 1.509801e+03 1.500164e+03 1.492685e+03 1.483354e+03 1.459720e+03 1.431441e+03 1.401154e+03 1.370936e+03 1.342084e+03 1.315241e+03 1.290584e+03 1.189863e+03 1.079389e+03 9.077845e+02 6.874336e+02 4.818654e+02 3.321028e+02 1.800304e+02 1.279832e+02 1.133987e+02 1.138404e+02 1.209765e+02 1.313380e+02
1.573605e+03 1.573605e+03 1.573605e+03 1.573600e+03 1.573587e+03 1.573171e+03 1.571885e+03 1.566792e+03 1.562805e+03 1.557688e+03 1.543771e+03 1.525165e+03 1.502925e+03 1.478456e+03 1.453046e+03 1.427650e+03 1.402853e+03 1.288811e+03 1.157719e+03 9.640907e+02 7.238995e+02 5.039222e+02 3.454193e+02 1.859575e+02 1.317619e+02 1.165035e+02 1.167105e+02 1.237424e+02 1.340278e+02
1.598037e+03 1.598037e+03 1.598037e+03 1.598036e+03 1.598033e+03 1.597920e+03 1.597493e+03 1.595237e+03 1.593286e+03 1.590692e+03 1.583219e+03 1.572299e+03 1.557959e+03 1.540734e+03 1.521397e+03 1.500709e+03 1.479270e+03 1.366998e+03 1.224319e+03 1.013942e+03 7.570200e+02 5.243380e+02 3.579516e+02 1.917176e+02 1.355280e+02 1.196382e+02 1.196217e+02 1.265513e+02 1.367598e+02
1.606826e+03 1.606826e+03 1.606826e+03 1.606825e+03 1.606821e+03 1.606711e+03 1.606386e+03 1.605151e+03 1.604168e+03 1.602860e+03 1.598970e+03 1.592903e+03 1.584291e+03 1.573108e+03 1.559619e+03 1.544223e+03 1.527318e+03 1.425658e+03 1.278963e+03 1.056973e+03 7.865550e+02 5.429881e+02 3.696409e+02 1.972985e+02 1.392795e+02 1.228028e+02 1.225740e+02 1.294029e+02 1.395334e+02
1.606888e+03 1.606888e+03 1.606888e+03 1.606887e+03 1.606886e+03 1.606838e+03 1.606684e+03 1.606007e+03 1.605452e+03 1.604722e+03 1.602583e+03 1.599192e+03 1.594143e+03 1.587175e+03 1.578228e+03 1.567389e+03 1.554807e+03 1.467397e+03 1.322233e+03 1.093196e+03 8.124210e+02 5.598099e+02 3.804528e+02 2.026927e+02 1.430154e+02 1.259977e+02 1.255677e+02 1.322970e+02 1.423481e+02
1.602415e+03 1.602415e+03 1.602415e+03 1.602414e+03 1.602413e+03 1.602374e+03 1.602258e+03 1.601798e+03 1.601445e+03 1.600994e+03 1.599719e+03 1.597742e+03 1.594753e+03 1.590464e+03 1.584675e+03 1.577280e+03 1.568236e+03 1.495333e+03 1.355246e+03 1.122921e+03 8.346722e+02 5.747985e+02 3.903772e+02 2.078974e+02 1.467361e+02 1.292235e+02 1.286031e+02 1.352334e+02 1.452034e+02
1.594883e+03 1.594883e+03 1.594883e+03 1.594883e+03 1.594882e+03 1.594860e+03 1.594791e+03 1.594504e+03 1.594278e+03 1.593990e+03 1.593187e+03 1.591972e+03 1.590151e+03 1.587488e+03 1.583764e+03 1.578791e+03 1.572407e+03 1.512510e+03 1.379394e+03 1.146673e+03 8.534754e+02 5.879999e+02 3.994259e+02 2.129144e+02 1.504430e+02 1.324813e+02 1.316808e+02 1.382122e+02 1.480987e+02
1.585637e+03 1.585637e+03 1.585637e+03 1.585637e+03 1.585636e+03 1.585625e+03 1.585582e+03 1.585390e+03 1.585237e+03 1.585042e+03 1.584507e+03 1.583716e+03 1.582557e+03 1.580866e+03 1.578453e+03 1.575113e+03 1.570631e+03 1.521589e+03 1.396144e+03 1.165105e+03 8.690800e+02 5.995016e+02 4.076297e+02 2.177496e+02 1.541384e+02 1.357724e+02 1.348013e+02 1.412332e+02 1.510337e+02
1.575364e+03 1.575364e+03 1.575364e+03 1.575364e+03 1.575364e+03 1.575353e+03 1.575319e+03 1.575179e+03 1.575068e+03 1.574927e+03 1.574543e+03 1.573995e+03 1.573220e+03 1.572112e+03 1.570523e+03 1.568265e+03 1.565108e+03 1.524747e+03 1.406898e+03 1.178927e+03 8.817906e+02 6.094228e+02 4.150355e+02 2.224126e+02 1.578259e+02 1.390986e+02 1.379654e+02 1.442967e+02 1.540079e+02
1.564449e+03 1.564449e+03 1.564449e+03 1.564449e+03 1.564449e+03 1.564440e+03 1.564412e+03 1.564291e+03 1.564199e+03 1.564085e+03 1.563790e+03 1.563392e+03 1.562854e+03 1.562111e+03 1.561052e+03 1.559513e+03 1.557273e+03 1.523687e+03 1.412915e+03 1.188850e+03 8.919408e+02 6.179049e+02 4.217023e+02 2.269165e+02 1.615099e+02 1.424618e+02 1.411739e+02 1.474026e+02 1.570209e+02
1.553041e+03 1.553041e+03 1.553041e+03 1.553041e+03 1.553041e+03 1.553032e+03 1.553005e+03 1.552904e+03 1.552834e+03 1.552749e+03 1.552538e+03 1.552263e+03 1.551902e+03 1.551413e+03 1.550713e+03 1.549667e+03 1.548067e+03 1.519705e+03 1.415283e+03 1.195550e+03 8.998734e+02 6.251024e+02 4.276982e+02 2.312769e+02 1.651955e+02 1.458642e+02 1.444278e+02 1.505511e+02 1.600723e+02
1.541257e+03 1.541257e+03 1.541257e+03 1.541257e+03 1.541258e+03 1.541258e+03 1.541255e+03 1.541227e+03 1.541199e+03 1.541161e+03 1.541052e+03 1.540898e+03 1.540689e+03 1.540395e+03 1.539958e+03 1.539262e+03 1.538121e+03 1.513770e+03 1.414908e+03 1.199643e+03 9.059243e+02 6.311760e+02 4.330971e+02 2.355116e+02 1.688885e+02 1.493082e+02 1.477279e+02 1.537425e+02 1.631619e+02
1.529660e+03 1.529660e+03 1.529660e+03 1.529660e+03 1.529660e+03 1.529660e+03 1.529660e+03 1.529659e+03 1.529656e+03 1.529649e+03 1.529624e+03 1.529574e+03 1.529491e+03 1.529354e+03 1.529116e+03 1.528679e+03 1.527871e+03 1.506600e+03 1.412532e+03 1.201678e+03 9.104117e+02 6.362859e+02 4.379757e+02 2.396400e+02 1.725954e+02 1.527962e+02 1.510755e+02 1.569769e+02 1.662893e+02
1.518390e+03 1.518390e+03 1.518390e+03 1.518390e+03 1.518390e+03 1.518392e+03 1.518400e+03 1.518422e+03 1.518436e+03 1.518451e+03 1.518485e+03 1.518517e+03 1.518535e+03 1.518521e+03 1.518434e+03 1.518188e+03 1.517626e+03 1.498725e+03 1.408752e+03 1.202128e+03 9.136298e+02 6.405879e+02 4.424119e+02 2.436829e+02 1.763229e+02 1.563311e+02 1.544714e+02 1.602545e+02 1.694541e+02
1.507593e+03 1.507593e+03 1.507593e+03 1.507593e+03 1.507593e+03 1.507596e+03 1.507604e+03 1.507641e+03 1.507671e+03 1.507708e+03 1.507796e+03 1.507894e+03 1.507990e+03 1.508068e+03 1.508094e+03 1.507988e+03 1.507606e+03 1.490534e+03 1.404042e+03 1.201400e+03 9.158448e+02 6.442298e+02 4.464820e+02 2.476614e+02 1.800782e+02 1.599157e+02 1.579169e+02 1.635757e+02 1.726563e+02
1.497323e+03 1.497323e+03 1.497323e+03 1.497323e+03 1.497324e+03 1.497332e+03 1.497356e+03 1.497439e+03 1.497494e+03 1.497555e+03 1.497689e+03 1.497832e+03 1.497978e+03 1.498116e+03 1.498219e+03 1.498213e+03 1.497963e+03 1.482309e+03 1.398778e+03 1.199836e+03 9.172943e+02 6.473498e+02 4.502604e+02 2.515973e+02 1.838686e+02 1.635526e+02 1.614131e+02 1.669407e+02 1.758954e+02
1.487908e+03 1.487908e+03 1.487908e+03 1.487908e+03 1.487908e+03 1.487916e+03 1.487941e+03 1.488025e+03 1.488078e+03 1.488136e+03 1.488263e+03 1.488405e+03 1.488563e+03 1.488731e+03 1.488880e+03 1.488945e+03 1.488791e+03 1.474257e+03 1.393253e+03 1.197723e+03 9.181879e+02 6.500748e+02 4.538175e+02 2.555121e+02 1.877016e+02 1.672449e+02 1.649610e+02 1.703498e+02 1.791712e+02
1.479347e+03 1.479347e+03 1.479347e+03 1.479347e+03 1.479347e+03 1.479345e+03 1.479344e+03 1.479353e+03 1.479367e+03 1.479389e+03 1.479463e+03 1.479577e+03 1.479732e+03 1.479917e+03 1.480104e+03 1.480225e+03 1.480149e+03 1.466530e+03 1.387698e+03 1.195299e+03 9.187089e+02 6.525210e+02 4.572203e+02 2.594271e+02 1.915847e+02 1.709955e+02 1.685617e+02 1.738031e+02 1.824836e+02
1.471024e+03 1.471024e+03 1.471024e+03 1.471024e+03 1.471024e+03 1.471022e+03 1.471018e+03 1.471011e+03 1.471019e+03 1.471039e+03 1.471120e+03 1.471256e+03 1.471442e+03 1.471666e+03 1.471901e+03 1.472081e+03 1.472079e+03 1.459239e+03 1.382295e+03 1.192764e+03 9.190168e+02 6.547931e+02 4.605308e+02 2.633631e+02 1.955252e+02 1.748071e+02 1.722163e+02 1.773010e+02 1.858323e+02
1.462762e+03 1.462762e+03 1.462762e+03 1.462762e+03 1.462762e+03 1.462775e+03 1.462807e+03 1.462910e+03 1.462979e+03 1.463058e+03 1.463245e+03 1.463468e+03 1.463725e+03 1.464012e+03 1.464308e+03 1.464552e+03 1.464624e+03 1.452473e+03 1.377190e+03 1.190280e+03 9.192501e+02 6.569858e+02 4.638072e+02 2.673401e+02 1.995305e+02 1.786825e+02 1.759259e+02 1.808437e+02 1.892171e+02
1.455406e+03 1.455406e+03 1.455406e+03 1.455406e+03 1.455407e+03 1.455421e+03 1.455464e+03 1.455625e+03 1.455732e+03 1.455849e+03 1.456105e+03 1.456387e+03 1.456697e+03 1.457036e+03 1.457385e+03 1.457688e+03 1.457828e+03 1.446303e+03 1.372499e+03 1.187988e+03 9.195288e+02 6.591839e+02 4.671027e+02 2.713775e+02 2.036077e+02 1.826245e+02 1.796914e+02 1.844313e+02 1.926377e+02
1.449359e+03 1.449359e+03 1.449359e+03 1.449359e+03 1.449359e+03 1.449369e+03 1.449396e+03 1.449494e+03 1.449565e+03 1.449650e+03 1.449859e+03 1.450119e+03 1.450431e+03 1.450790e+03 1.451176e+03 1.451530e+03 1.451733e+03 1.440789e+03 1.368319e+03 1.186001e+03 9.199576e+02 6.614636e+02 4.704669e+02 2.754937e+02 2.077637e+02 1.866357e+02 1.835137e+02 1.880642e+02 1.960939e+02
1.444085e+03 1.444085e+03 1.444085e+03 1.444085e+03 1.444085e+03 1.444086e+03 1.444091e+03 1.444117e+03 1.444147e+03 1.444194e+03 1.444346e+03 1.444579e+03 1.444890e+03 1.445270e+03 1.445694e+03 1.446101e+03 1.446369e+03 1.435984e+03 1.364729e+03 1.184419e+03 9.206277e+02 6.638935e+02 4.739451e+02 2.797064e+02 2.120053e+02 1.907186e+02 1.873938e+02 1.917423e+02 1.995856e+02
1.438992e+03 1.438992e+03 1.438992e+03 1.438992e+03 1.438992e+03 1.438994e+03 1.439003e+03 1.439063e+03 1.439116e+03 1.439188e+03 1.439388e+03 1.439670e+03 1.440032e+03 1.440467e+03 1.440952e+03 1.441426e+03 1.441769e+03 1.431936e+03 1.361801e+03 1.183328e+03 9.216196e+02 6.665353e+02 4.775791e+02 2.840322e+02 2.163388e+02 1.948756e+02 1.913324e+02 1.954660e+02 2.031126e+02
1.434327e+03 1.434327e+03 1.434327e+03 1.434328e+03 1.434328e+03 1.434343e+03 1.434388e+03 1.434550e+03 1.434661e+03 1.434790e+03 1.435099e+03 1.435477e+03 1.435926e+03 1.436442e+03 1.437005e+03 1.437557e+03 1.437981e+03 1.428695e+03 1.359595e+03 1.182800e+03 9.230047e+02 6.694451e+02 4.814079e+02 2.884870e+02 2.207703e+02 1.991091e+02 1.953302e+02 1.992352e+02 2.066745e+02
1.430864e+03 1.430864e+03 1.430864e+03 1.430864e+03 1.430865e+03 1.430879e+03 1.430925e+03 1.431102e+03 1.431230e+03 1.431382e+03 1.431750e+03 1.432195e+03 1.432714e+03 1.433300e+03 1.433934e+03 1.434561e+03 1.435065e+03 1.426306e+03 1.358167e+03 1.182902e+03 9.248471e+02 6.726740e+02 4.854672e+02 2.930859e+02 2.253058e+02 2.034211e+02 1.993881e+02 2.030500e+02 2.102713e+02
1.428610e+03 1.428610e+03 1.428610e+03 1.428610e+03 1.428611e+03 1.428624e+03 1.428665e+03 1.428832e+03 1.428956e+03 1.429107e+03 1.429481e+03 1.429946e+03 1.430495e+03 1.431125e+03 1.431812e+03 1.432500e+03 1.433074e+03 1.424813e+03 1.357567e+03 1.183694e+03 9.272053e+02 6.762694e+02 4.897905e+02 2.978430e+02 2.299507e+02 2.078138e+02 2.035065e+02 2.069105e+02 2.139026e+02
