4.951873e+05 2.853952e+05 2.845199e+05 3.980919e+05 4.516823e+05 5.251240e+05 5.474330e+05 5.702790e+05 5.789730e+05 5.869835e+05 6.017580e+05 6.154542e+05 6.284271e+05 6.408124e+05 6.525718e+05 6.635326e+05 6.734411e+05 7.000379e+05 6.974289e+05 7.003627e+05 7.207983e+05 7.537488e+05 7.934113e+05 8.801947e+05 9.678927e+05 1.052467e+06 1.132592e+06 1.207802e+06 1.277948e+06
5.243597e+05 5.243699e+05 5.243974e+05 5.247769e+05 5.241831e+05 5.341025e+05 5.508695e+05 5.723002e+05 5.807818e+05 5.886693e+05 6.032980e+05 6.169025e+05 6.298114e+05 6.421513e+05 6.538785e+05 6.648164e+05 6.747081e+05 7.012531e+05 6.985945e+05 7.014919e+05 7.219082e+05 7.548466e+05 7.944974e+05 8.812499e+05 9.689078e+05 1.053437e+06 1.133516e+06 1.208680e+06 1.278781e+06
5.436734e+05 5.436776e+05 5.436893e+05 5.439362e+05 5.443314e+05 5.504806e+05 5.553506e+05 5.740556e+05 5.825371e+05 5.903920e+05 6.049272e+05 6.184438e+05 6.312830e+05 6.435705e+05 6.552591e+05 6.661684e+05 6.760386e+05 7.025150e+05 6.997959e+05 7.026499e+05 7.230420e+05 7.559648e+05 7.956011e+05 8.823186e+05 9.699336e+05 1.054416e+06 1.134447e+06 1.209564e+06 1.279618e+06
5.581151e+05 5.581166e+05 5.581206e+05 5.582093e+05 5.583382e+05 5.565592e+05 5.667851e+05 5.756650e+05 5.841165e+05 5.920408e+05 6.065903e+05 6.200504e+05 6.328268e+05 6.450613e+05 6.567082e+05 6.675854e+05 6.774305e+05 7.038234e+05 7.010334e+05 7.038368e+05 7.241999e+05 7.571036e+05 7.967226e+05 8.834010e+05 9.709702e+05 1.055404e+06 1.135386e+06 1.210454e+06 1.280460e+06
5.649387e+05 5.649395e+05 5.649419e+05 5.650035e+05 5.651505e+05 5.643815e+05 5.716514e+05 5.796620e+05 5.860068e+05 5.936880e+05 6.082502e+05 6.216933e+05 6.344249e+05 6.466126e+05 6.582190e+05 6.690630e+05 6.788810e+05 7.051780e+05 7.023069e+05 7.050527e+05 7.253820e+05 7.582629e+05 7.978619e+05 8.844971e+05 9.720175e+05 1.056400e+06 1.136331e+06 1.211350e+06 1.281307e+06
5.713990e+05 5.713996e+05 5.714012e+05 5.714449e+05 5.715548e+05 5.718225e+05 5.744578e+05 5.870150e+05 5.900943e+05 5.958725e+05 6.099455e+05 6.233587e+05 6.360617e+05 6.482131e+05 6.597837e+05 6.705959e+05 6.803864e+05 7.065782e+05 7.036165e+05 7.062978e+05 7.265883e+05 7.594430e+05 7.990191e+05 8.856069e+05 9.730757e+05 1.057406e+06 1.137284e+06 1.212251e+06 1.282160e+06
5.779524e+05 5.779528e+05 5.779540e+05 5.779872e+05 5.780749e+05 5.788070e+05 5.790174e+05 5.938372e+05 5.965868e+05 5.999670e+05 6.118637e+05 6.250693e+05 6.377323e+05 6.498544e+05 6.613952e+05 6.721788e+05 6.819428e+05 7.080234e+05 7.049621e+05 7.075721e+05 7.278190e+05 7.606438e+05 8.001943e+05 8.867305e+05 9.741448e+05 1.058419e+06 1.138244e+06 1.213159e+06 1.283017e+06
5.845354e+05 5.845357e+05 5.845366e+05 5.845620e+05 5.846304e+05 5.854775e+05 5.850452e+05 5.987872e+05 6.031191e+05 6.058401e+05 6.144294e+05 6.269101e+05 6.394515e+05 6.515352e+05 6.630490e+05 6.738072e+05 6.835468e+05 7.095128e+05 7.063436e+05 7.088756e+05 7.290742e+05 7.618654e+05 8.013874e+05 8.878678e+05 9.752247e+05 1.059442e+06 1.139211e+06 1.214073e+06 1.283879e+06
5.909640e+05 5.909642e+05 5.909650e+05 5.909858e+05 5.910423e+05 5.919009e+05 5.916123e+05 6.024299e+05 6.085516e+05 6.119580e+05 6.183979e+05 6.290550e+05 6.412648e+05 6.532658e+05 6.647453e+05 6.754786e+05 6.851953e+05 7.110453e+05 7.077608e+05 7.102083e+05 7.303537e+05 7.631078e+05 8.025985e+05 8.890190e+05 9.763154e+05 1.060473e+06 1.140185e+06 1.214992e+06 1.284746e+06
5.972399e+05 5.972401e+05 5.972407e+05 5.972580e+05 5.973054e+05 5.981255e+05 5.981814e+05 6.057495e+05 6.127952e+05 6.174587e+05 6.234307e+05 6.318174e+05 6.432592e+05 6.550737e+05 6.664916e+05 6.771940e+05 6.868871e+05 7.126200e+05 7.092135e+05 7.115702e+05 7.316578e+05 7.643712e+05 8.038276e+05 8.901839e+05 9.774170e+05 1.061513e+06 1.141166e+06 1.215918e+06 1.285619e+06
6.033627e+05 6.033628e+05 6.033633e+05 6.033779e+05 6.034185e+05 6.041857e+05 6.045518e+05 6.093673e+05 6.163004e+05 6.220612e+05 6.287937e+05 6.356256e+05 6.455774e+05 6.570079e+05 6.683058e+05 6.789592e+05 6.886235e+05 7.142360e+05 7.107013e+05 7.129612e+05 7.329863e+05 7.656554e+05 8.050748e+05 8.913626e+05 9.785294e+05 1.062562e+06 1.142155e+06 1.216849e+06 1.286496e+06
6.312139e+05 6.312140e+05 6.312143e+05 6.312221e+05 6.312449e+05 6.317391e+05 6.324971e+05 6.329438e+05 6.348980e+05 6.391802e+05 6.503038e+05 6.589083e+05 6.653600e+05 6.721275e+05 6.801504e+05 6.892719e+05 6.982985e+05 7.229186e+05 7.186564e+05 7.203491e+05 7.399946e+05 7.723896e+05 8.115814e+05 8.974636e+05 9.842545e+05 1.067937e+06 1.147204e+06 1.221595e+06 1.290957e+06
6.554991e+05 6.554991e+05 6.554993e+05 6.555042e+05 6.555185e+05 6.558797e+05 6.566876e+05 6.579852e+05 6.584763e+05 6.598123e+05 6.667248e+05 6.768636e+05 6.861637e+05 6.935726e+05 6.999633e+05 7.061601e+05 7.123792e+05 7.327071e+05 7.274550e+05 7.284456e+05 7.476060e+05 7.796420e+05 8.185371e+05 9.039087e+05 9.902502e+05 1.073529e+06 1.152432e+06 1.226490e+06 1.295542e+06
6.794693e+05 6.794693e+05 6.794694e+05 6.794730e+05 6.794835e+05 6.797547e+05 6.804103e+05 6.819460e+05 6.825215e+05 6.831509e+05 6.863706e+05 6.935607e+05 7.031025e+05 7.124627e+05 7.203692e+05 7.267653e+05 7.319937e+05 7.442339e+05 7.371428e+05 7.372410e+05 7.558089e+05 7.874043e+05 8.259357e+05 9.106944e+05 9.965140e+05 1.079338e+06 1.157836e+06 1.231531e+06 1.300251e+06
7.023852e+05 7.023852e+05 7.023853e+05 7.023881e+05 7.023965e+05 7.026279e+05 7.032265e+05 7.049101e+05 7.057461e+05 7.065140e+05 7.085569e+05 7.129821e+05 7.203826e+05 7.294723e+05 7.384859e+05 7.462257e+05 7.522299e+05 7.592015e+05 7.479346e+05 7.467596e+05 7.645972e+05 7.956662e+05 8.337682e+05 9.178148e+05 1.003042e+06 1.085359e+06 1.163416e+06 1.236717e+06 1.305082e+06
7.254167e+05 7.254168e+05 7.254168e+05 7.254192e+05 7.254262e+05 7.256264e+05 7.261693e+05 7.278879e+05 7.288848e+05 7.298672e+05 7.318656e+05 7.348814e+05 7.400811e+05 7.474639e+05 7.559669e+05 7.642330e+05 7.711928e+05 7.774793e+05 7.603400e+05 7.570933e+05 7.739823e+05 8.044218e+05 8.420255e+05 9.252623e+05 1.009829e+06 1.091589e+06 1.169167e+06 1.242048e+06 1.310033e+06
7.491848e+05 7.491848e+05 7.491849e+05 7.491874e+05 7.491951e+05 7.494048e+05 7.499550e+05 7.516813e+05 7.527117e+05 7.537673e+05 7.558495e+05 7.582764e+05 7.619814e+05 7.675255e+05 7.746027e+05 7.822664e+05 7.893968e+05 7.971182e+05 7.753049e+05 7.684399e+05 7.840081e+05 8.136752e+05 8.507009e+05 9.330286e+05 1.016869e+06 1.098025e+06 1.175088e+06 1.247519e+06 1.315103e+06
7.745305e+05 7.745306e+05 7.745306e+05 7.745322e+05 7.745370e+05 7.746758e+05 7.750629e+05 7.763795e+05 7.772388e+05 7.781800e+05 7.801744e+05 7.823611e+05 7.852483e+05 7.894198e+05 7.949874e+05 8.014650e+05 8.079864e+05 8.169524e+05 7.924368e+05 7.811740e+05 7.947665e+05 8.234481e+05 8.597945e+05 9.411058e+05 1.024155e+06 1.104661e+06 1.181174e+06 1.253129e+06 1.320290e+06
7.989068e+05 7.989068e+05 7.989069e+05 7.989084e+05 7.989131e+05 7.990439e+05 7.993941e+05 8.006144e+05 8.014350e+05 8.023581e+05 8.043989e+05 8.066176e+05 8.092121e+05 8.125890e+05 8.169854e+05 8.222251e+05 8.277429e+05 8.365315e+05 8.108121e+05 7.958293e+05 8.064189e+05 8.337872e+05 8.693167e+05 9.494875e+05 1.031680e+06 1.111491e+06 1.187422e+06 1.258874e+06 1.325592e+06
8.228429e+05 8.228429e+05 8.228430e+05 8.228443e+05 8.228482e+05 8.229688e+05 8.233269e+05 8.246149e+05 8.254796e+05 8.264553e+05 8.286447e+05 8.310345e+05 8.336404e+05 8.366651e+05 8.403026e+05 8.445168e+05 8.489697e+05 8.559403e+05 8.297837e+05 8.119939e+05 8.192573e+05 8.447745e+05 8.792928e+05 9.581704e+05 1.039438e+06 1.118511e+06 1.193827e+06 1.264751e+06 1.331005e+06
8.475784e+05 8.475784e+05 8.475785e+05 8.475797e+05 8.475836e+05 8.476986e+05 8.480329e+05 8.492548e+05 8.501054e+05 8.510878e+05 8.533585e+05 8.558981e+05 8.586111e+05 8.615258e+05 8.647204e+05 8.681741e+05 8.716737e+05 8.755131e+05 8.489325e+05 8.291563e+05 8.335609e+05 8.565425e+05 8.897678e+05 9.671560e+05 1.047423e+06 1.125714e+06 1.200385e+06 1.270758e+06 1.336528e+06
8.729402e+05 8.729402e+05 8.729403e+05 8.729416e+05 8.729457e+05 8.730684e+05 8.734161e+05 8.746606e+05 8.755202e+05 8.765138e+05 8.788298e+05 8.814598e+05 8.842669e+05 8.871632e+05 8.901036e+05 8.930149e+05 8.957236e+05 8.955997e+05 8.680582e+05 8.469184e+05 8.489758e+05 8.693310e+05 9.008132e+05 9.764518e+05 1.055632e+06 1.133097e+06 1.207091e+06 1.276889e+06 1.342157e+06
8.995366e+05 8.995366e+05 8.995367e+05 8.995379e+05 8.995415e+05 8.996509e+05 8.999718e+05 9.011511e+05 9.019775e+05 9.029412e+05 9.052194e+05 9.078542e+05 9.106930e+05 9.135750e+05 9.163502e+05 9.188661e+05 9.209344e+05 9.164441e+05 8.871309e+05 8.649719e+05 8.651788e+05 8.832539e+05 9.125416e+05 9.860736e+05 1.064063e+06 1.140653e+06 1.213942e+06 1.283143e+06 1.347889e+06
9.271372e+05 9.271372e+05 9.271372e+05 9.271382e+05 9.271414e+05 9.272379e+05 9.275255e+05 9.286076e+05 9.293805e+05 9.302930e+05 9.324852e+05 9.350655e+05 9.378765e+05 9.407147e+05 9.433527e+05 9.455595e+05 9.471032e+05 9.381552e+05 9.062210e+05 8.831029e+05 8.819021e+05 8.980299e+05 9.251532e+05 9.960474e+05 1.072720e+06 1.148382e+06 1.220933e+06 1.289514e+06 1.353723e+06
9.553124e+05 9.553124e+05 9.553124e+05 9.553135e+05 9.553165e+05 9.554109e+05 9.556908e+05 9.567393e+05 9.574867e+05 9.583687e+05 9.604901e+05 9.629965e+05 9.657372e+05 9.684929e+05 9.709875e+05 9.729255e+05 9.740239e+05 9.607245e+05 9.254346e+05 9.011871e+05 8.989212e+05 9.134352e+05 9.386562e+05 1.006412e+06 1.081607e+06 1.156280e+06 1.228061e+06 1.296001e+06 1.359654e+06
9.841651e+05 9.841652e+05 9.841652e+05 9.841661e+05 9.841691e+05 9.842597e+05 9.845309e+05 9.855503e+05 9.862734e+05 9.871226e+05 9.891541e+05 9.915478e+05 9.941660e+05 9.967880e+05 9.991102e+05 1.000789e+06 1.001490e+06 9.840598e+05 9.448684e+05 9.191741e+05 9.160583e+05 9.292781e+05 9.528335e+05 1.017225e+06 1.090737e+06 1.164348e+06 1.235324e+06 1.302599e+06 1.365679e+06
1.013781e+06 1.013781e+06 1.013781e+06 1.013782e+06 1.013784e+06 1.013868e+06 1.014117e+06 1.015051e+06 1.015712e+06 1.016489e+06 1.018354e+06 1.020565e+06 1.022998e+06 1.025431e+06 1.027546e+06 1.028959e+06 1.029293e+06 1.008018e+06 9.645858e+05 9.370648e+05 9.331838e+05 9.453910e+05 9.675213e+05 1.028576e+06 1.100126e+06 1.172590e+06 1.242720e+06 1.309307e+06 1.371797e+06
1.043842e+06 1.043842e+06 1.043842e+06 1.043842e+06 1.043844e+06 1.043909e+06 1.044109e+06 1.044884e+06 1.045450e+06 1.046127e+06 1.047781e+06 1.049774e+06 1.051987e+06 1.054201e+06 1.056087e+06 1.057235e+06 1.057229e+06 1.032433e+06 9.846105e+05 9.548887e+05 9.502144e+05 9.616325e+05 9.825762e+05 1.040596e+06 1.109799e+06 1.181009e+06 1.250249e+06 1.316123e+06 1.378005e+06
1.073439e+06 1.073439e+06 1.073439e+06 1.073440e+06 1.073442e+06 1.073506e+06 1.073701e+06 1.074431e+06 1.074950e+06 1.075565e+06 1.077058e+06 1.078858e+06 1.080862e+06 1.082863e+06 1.084525e+06 1.085422e+06 1.085106e+06 1.057136e+06 1.004929e+06 9.726853e+05 9.671060e+05 9.778891e+05 9.978703e+05 1.053191e+06 1.119790e+06 1.189616e+06 1.257912e+06 1.323044e+06 1.384300e+06
1.102693e+06 1.102693e+06 1.102693e+06 1.102693e+06 1.102695e+06 1.102751e+06 1.102923e+06 1.103581e+06 1.104051e+06 1.104605e+06 1.105954e+06 1.107586e+06 1.109410e+06 1.111223e+06 1.112686e+06 1.113357e+06 1.112767e+06 1.081967e+06 1.025501e+06 9.904906e+05 9.838440e+05 9.940760e+05 1.013291e+06 1.066237e+06 1.130148e+06 1.198421e+06 1.265712e+06 1.330070e+06 1.390681e+06
1.131466e+06 1.131466e+06 1.131466e+06 1.131466e+06 1.131468e+06 1.131512e+06 1.131649e+06 1.132190e+06 1.132594e+06 1.133083e+06 1.134302e+06 1.135802e+06 1.137487e+06 1.139150e+06 1.140448e+06 1.140927e+06 1.140099e+06 1.106785e+06 1.046264e+06 1.008330e+06 1.000434e+06 1.010135e+06 1.028745e+06 1.079638e+06 1.140956e+06 1.207443e+06 1.273653e+06 1.337202e+06 1.397147e+06
1.159126e+06 1.159126e+06 1.159126e+06 1.159126e+06 1.159128e+06 1.159185e+06 1.159348e+06 1.159929e+06 1.160338e+06 1.160821e+06 1.162003e+06 1.163438e+06 1.165035e+06 1.166589e+06 1.167753e+06 1.168067e+06 1.167029e+06 1.131467e+06 1.067144e+06 1.026214e+06 1.016894e+06 1.026032e+06 1.044155e+06 1.093308e+06 1.152262e+06 1.216703e+06 1.281741e+06 1.344441e+06 1.403697e+06
1.186374e+06 1.186374e+06 1.186374e+06 1.186374e+06 1.186376e+06 1.186425e+06 1.186573e+06 1.187135e+06 1.187537e+06 1.188013e+06 1.189170e+06 1.190561e+06 1.192091e+06 1.193552e+06 1.194595e+06 1.194754e+06 1.193517e+06 1.155910e+06 1.088062e+06 1.044141e+06 1.033245e+06 1.041752e+06 1.059463e+06 1.107166e+06 1.163971e+06 1.226232e+06 1.289988e+06 1.351790e+06 1.410331e+06
1.213294e+06 1.213294e+06 1.213294e+06 1.213294e+06 1.213295e+06 1.213341e+06 1.213478e+06 1.214000e+06 1.214378e+06 1.214830e+06 1.215935e+06 1.217264e+06 1.218714e+06 1.220072e+06 1.220982e+06 1.220976e+06 1.219536e+06 1.180021e+06 1.108936e+06 1.062095e+06 1.049506e+06 1.057293e+06 1.074629e+06 1.121142e+06 1.176008e+06 1.236075e+06 1.298404e+06 1.359252e+06 1.417049e+06
1.239803e+06 1.239803e+06 1.239803e+06 1.239804e+06 1.239805e+06 1.239849e+06 1.239982e+06 1.240488e+06 1.240853e+06 1.241287e+06 1.242338e+06 1.243585e+06 1.244927e+06 1.246149e+06 1.246897e+06 1.246702e+06 1.245040e+06 1.203716e+06 1.129687e+06 1.080051e+06 1.065694e+06 1.072665e+06 1.089627e+06 1.135171e+06 1.188309e+06 1.246305e+06 1.307005e+06 1.366833e+06 1.423852e+06
1.266005e+06 1.266005e+06 1.266005e+06 1.266006e+06 1.266007e+06 1.266051e+06 1.266182e+06 1.266673e+06 1.267019e+06 1.267423e+06 1.268382e+06 1.269501e+06 1.270685e+06 1.271726e+06 1.272275e+06 1.271861e+06 1.269958e+06 1.226913e+06 1.150239e+06 1.097979e+06 1.081820e+06 1.087881e+06 1.104446e+06 1.149198e+06 1.200819e+06 1.256905e+06 1.315813e+06 1.374541e+06 1.430744e+06
1.292027e+06 1.292027e+06 1.292027e+06 1.292027e+06 1.292028e+06 1.292062e+06 1.292167e+06 1.292564e+06 1.292844e+06 1.293171e+06 1.293954e+06 1.294875e+06 1.295847e+06 1.296668e+06 1.296990e+06 1.296338e+06 1.294186e+06 1.249539e+06 1.170525e+06 1.115843e+06 1.097888e+06 1.102959e+06 1.119083e+06 1.163178e+06 1.213486e+06 1.267806e+06 1.324855e+06 1.382383e+06 1.437727e+06
1.317380e+06 1.317380e+06 1.317380e+06 1.317381e+06 1.317381e+06 1.317401e+06 1.317464e+06 1.317718e+06 1.317909e+06 1.318140e+06 1.318716e+06 1.319420e+06 1.320172e+06 1.320772e+06 1.320869e+06 1.319990e+06 1.317604e+06 1.271527e+06 1.190483e+06 1.133607e+06 1.113900e+06 1.117916e+06 1.133545e+06 1.177073e+06 1.226261e+06 1.278958e+06 1.334173e+06 1.390373e+06 1.444805e+06
1.341222e+06 1.341222e+06 1.341222e+06 1.341222e+06 1.341223e+06 1.341243e+06 1.341302e+06 1.341513e+06 1.341660e+06 1.341837e+06 1.342280e+06 1.342829e+06 1.343413e+06 1.343838e+06 1.343754e+06 1.342687e+06 1.340105e+06 1.292826e+06 1.210066e+06 1.151237e+06 1.129849e+06 1.132766e+06 1.147842e+06 1.190854e+06 1.239102e+06 1.290318e+06 1.343817e+06 1.398523e+06 1.451985e+06
1.363566e+06 1.363566e+06 1.363566e+06 1.363566e+06 1.363566e+06 1.363582e+06 1.363628e+06 1.363802e+06 1.363929e+06 1.364083e+06 1.364468e+06 1.364943e+06 1.365436e+06 1.365755e+06 1.365553e+06 1.364355e+06 1.361628e+06 1.313402e+06 1.229234e+06 1.168700e+06 1.145730e+06 1.147524e+06 1.161991e+06 1.204503e+06 1.251968e+06 1.301847e+06 1.353740e+06 1.406855e+06 1.459272e+06
1.384386e+06 1.384386e+06 1.384386e+06 1.384387e+06 1.384387e+06 1.384403e+06 1.384452e+06 1.384638e+06 1.384774e+06 1.384935e+06 1.385326e+06 1.385792e+06 1.386258e+06 1.386531e+06 1.386266e+06 1.384989e+06 1.382169e+06 1.333246e+06 1.247959e+06 1.185968e+06 1.161532e+06 1.162200e+06 1.176005e+06 1.218005e+06 1.264826e+06 1.313510e+06 1.363897e+06 1.415392e+06 1.466677e+06
1.403989e+06 1.403989e+06 1.403989e+06 1.403989e+06 1.403990e+06 1.404012e+06 1.404078e+06 1.404309e+06 1.404464e+06 1.404643e+06 1.405060e+06 1.405537e+06 1.406002e+06 1.406261e+06 1.405969e+06 1.404650e+06 1.401773e+06 1.352366e+06 1.266227e+06 1.203018e+06 1.177245e+06 1.176802e+06 1.189903e+06 1.231356e+06 1.277645e+06 1.325272e+06 1.374251e+06 1.424177e+06 1.474208e+06
1.422903e+06 1.422903e+06 1.422903e+06 1.422903e+06 1.422904e+06 1.422922e+06 1.422977e+06 1.423179e+06 1.423321e+06 1.423488e+06 1.423890e+06 1.424361e+06 1.424821e+06 1.425073e+06 1.424767e+06 1.423424e+06 1.420514e+06 1.370783e+06 1.284029e+06 1.219830e+06 1.192859e+06 1.191337e+06 1.203699e+06 1.244555e+06 1.290400e+06 1.337101e+06 1.384773e+06 1.433223e+06 1.481880e+06
1.441024e+06 1.441024e+06 1.441024e+06 1.441024e+06 1.441025e+06 1.441039e+06 1.441081e+06 1.441250e+06 1.441377e+06 1.441531e+06 1.441916e+06 1.442379e+06 1.442836e+06 1.443083e+06 1.442766e+06 1.441407e+06 1.438472e+06 1.388531e+06 1.301366e+06 1.236392e+06 1.208364e+06 1.205808e+06 1.217408e+06 1.257607e+06 1.303073e+06 1.348970e+06 1.395434e+06 1.442484e+06 1.489709e+06
1.458230e+06 1.458230e+06 1.458230e+06 1.458230e+06 1.458230e+06 1.458249e+06 1.458302e+06 1.458501e+06 1.458642e+06 1.458810e+06 1.459216e+06 1.459692e+06 1.460152e+06 1.460393e+06 1.460063e+06 1.458683e+06 1.455724e+06 1.405642e+06 1.318245e+06 1.252693e+06 1.223751e+06 1.220218e+06 1.231044e+06 1.270518e+06 1.315647e+06 1.360850e+06 1.406206e+06 1.451930e+06 1.497721e+06
1.474886e+06 1.474886e+06 1.474886e+06 1.474886e+06 1.474886e+06 1.474906e+06 1.474964e+06 1.475184e+06 1.475340e+06 1.475522e+06 1.475949e+06 1.476428e+06 1.476876e+06 1.477094e+06 1.476732e+06 1.475319e+06 1.472327e+06 1.422148e+06 1.334676e+06 1.268729e+06 1.239012e+06 1.234568e+06 1.244617e+06 1.283300e+06 1.328111e+06 1.372720e+06 1.417065e+06 1.461532e+06 1.505952e+06
1.491223e+06 1.491223e+06 1.491223e+06 1.491224e+06 1.491224e+06 1.491247e+06 1.491312e+06 1.491543e+06 1.491696e+06 1.491868e+06 1.492258e+06 1.492687e+06 1.493077e+06 1.493235e+06 1.492816e+06 1.491351e+06 1.488314e+06 1.438079e+06 1.350673e+06 1.284500e+06 1.254143e+06 1.248859e+06 1.258137e+06 1.295964e+06 1.340459e+06 1.384558e+06 1.427987e+06 1.471269e+06 1.514385e+06
1.507476e+06 1.507476e+06 1.507476e+06 1.507476e+06 1.507477e+06 1.507483e+06 1.507510e+06 1.507631e+06 1.507723e+06 1.507834e+06 1.508106e+06 1.508427e+06 1.508720e+06 1.508792e+06 1.508300e+06 1.506774e+06 1.503690e+06 1.453457e+06 1.366252e+06 1.300007e+06 1.269140e+06 1.263090e+06 1.271612e+06 1.308523e+06 1.352688e+06 1.396346e+06 1.438950e+06 1.481118e+06 1.522986e+06
1.522851e+06 1.522851e+06 1.522851e+06 1.522851e+06 1.522851e+06 1.522857e+06 1.522876e+06 1.522945e+06 1.522999e+06 1.523067e+06 1.523249e+06 1.523481e+06 1.523692e+06 1.523692e+06 1.523139e+06 1.521564e+06 1.518448e+06 1.468308e+06 1.381433e+06 1.315255e+06 1.284000e+06 1.277260e+06 1.285049e+06 1.320989e+06 1.364796e+06 1.408069e+06 1.449932e+06 1.491058e+06 1.531732e+06
1.537114e+06 1.537114e+06 1.537114e+06 1.537114e+06 1.537114e+06 1.537122e+06 1.537145e+06 1.537227e+06 1.537284e+06 1.537352e+06 1.537522e+06 1.537731e+06 1.537914e+06 1.537884e+06 1.537304e+06 1.535712e+06 1.532588e+06 1.482657e+06 1.396236e+06 1.330253e+06 1.298723e+06 1.291370e+06 1.298453e+06 1.333377e+06 1.376787e+06 1.419715e+06 1.460916e+06 1.501070e+06 1.540602e+06
1.550507e+06 1.550507e+06 1.550507e+06 1.550507e+06 1.550507e+06 1.550516e+06 1.550540e+06 1.550634e+06 1.550702e+06 1.550784e+06 1.550981e+06 1.551212e+06 1.551411e+06 1.551392e+06 1.550822e+06 1.549244e+06 1.546142e+06 1.496539e+06 1.410685e+06 1.345010e+06 1.313310e+06 1.305419e+06 1.311827e+06 1.345697e+06 1.388664e+06 1.431274e+06 1.471883e+06 1.511136e+06 1.549577e+06
1.563192e+06 1.563192e+06 1.563192e+06 1.563192e+06 1.563193e+06 1.563205e+06 1.563240e+06 1.563367e+06 1.563453e+06 1.563553e+06 1.563789e+06 1.564058e+06 1.564291e+06 1.564306e+06 1.563769e+06 1.562226e+06 1.559167e+06 1.509990e+06 1.424803e+06 1.359538e+06 1.327763e+06 1.319407e+06 1.325176e+06 1.357962e+06 1.400434e+06 1.442739e+06 1.482818e+06 1.521236e+06 1.558642e+06
1.575495e+06 1.575495e+06 1.575495e+06 1.575495e+06 1.575495e+06 1.575506e+06 1.575540e+06 1.575666e+06 1.575757e+06 1.575864e+06 1.576122e+06 1.576421e+06 1.576690e+06 1.576742e+06 1.576245e+06 1.574747e+06 1.571740e+06 1.523056e+06 1.438618e+06 1.373850e+06 1.342085e+06 1.333334e+06 1.338500e+06 1.370181e+06 1.412104e+06 1.454105e+06 1.493707e+06 1.531356e+06 1.567778e+06
1.587448e+06 1.587448e+06 1.587448e+06 1.587448e+06 1.587449e+06 1.587460e+06 1.587494e+06 1.587622e+06 1.587716e+06 1.587828e+06 1.588103e+06 1.588427e+06 1.588726e+06 1.588811e+06 1.588351e+06 1.586895e+06 1.583941e+06 1.535777e+06 1.452154e+06 1.387959e+06 1.356282e+06 1.347200e+06 1.351802e+06 1.382365e+06 1.423680e+06 1.465369e+06 1.504539e+06 1.541478e+06 1.576970e+06
1.599118e+06 1.599118e+06 1.599118e+06 1.599119e+06 1.599119e+06 1.599131e+06 1.599167e+06 1.599308e+06 1.599411e+06 1.599533e+06 1.599831e+06 1.600178e+06 1.600499e+06 1.600606e+06 1.600171e+06 1.598748e+06 1.595839e+06 1.548196e+06 1.465437e+06 1.401879e+06 1.370357e+06 1.361005e+06 1.365082e+06 1.394520e+06 1.435172e+06 1.476530e+06 1.515302e+06 1.551590e+06 1.586204e+06
1.610635e+06 1.610635e+06 1.610635e+06 1.610635e+06 1.610636e+06 1.610650e+06 1.610693e+06 1.610851e+06 1.610963e+06 1.611095e+06 1.611406e+06 1.611762e+06 1.612086e+06 1.612197e+06 1.611768e+06 1.610361e+06 1.607484e+06 1.560347e+06 1.478492e+06 1.415625e+06 1.384317e+06 1.374750e+06 1.378340e+06 1.406654e+06 1.446588e+06 1.487588e+06 1.525988e+06 1.561676e+06 1.595464e+06
1.622167e+06 1.622167e+06 1.622167e+06 1.622167e+06 1.622168e+06 1.622181e+06 1.622221e+06 1.622373e+06 1.622481e+06 1.622605e+06 1.622898e+06 1.623229e+06 1.623527e+06 1.623614e+06 1.623171e+06 1.621762e+06 1.618903e+06 1.572258e+06 1.491340e+06 1.429209e+06 1.398166e+06 1.388436e+06 1.391577e+06 1.418773e+06 1.457935e+06 1.498545e+06 1.536589e+06 1.571725e+06 1.604737e+06
1.633692e+06 1.633692e+06 1.633692e+06 1.633692e+06 1.633692e+06 1.633705e+06 1.633741e+06 1.633863e+06 1.633947e+06 1.634044e+06 1.634278e+06 1.634551e+06 1.634797e+06 1.634841e+06 1.634368e+06 1.632948e+06 1.630100e+06 1.583951e+06 1.504003e+06 1.442646e+06 1.411912e+06 1.402063e+06 1.404791e+06 1.430880e+06 1.469222e+06 1.509402e+06 1.547101e+06 1.581726e+06 1.614011e+06
1.645043e+06 1.645043e+06 1.645043e+06 1.645044e+06 1.645044e+06 1.645049e+06 1.645063e+06 1.645124e+06 1.645174e+06 1.645238e+06 1.645406e+06 1.645620e+06 1.645816e+06 1.645821e+06 1.645325e+06 1.643899e+06 1.641069e+06 1.595445e+06 1.516501e+06 1.455949e+06 1.425560e+06 1.415633e+06 1.417982e+06 1.442979e+06 1.480455e+06 1.520165e+06 1.557519e+06 1.591669e+06 1.623272e+06
1.655786e+06 1.655786e+06 1.655786e+06 1.655786e+06 1.655786e+06 1.655793e+06 1.655811e+06 1.655877e+06 1.655925e+06 1.655984e+06 1.656139e+06 1.656336e+06 1.656516e+06 1.656511e+06 1.656014e+06 1.654602e+06 1.651805e+06 1.606762e+06 1.528852e+06 1.469131e+06 1.439115e+06 1.429147e+06 1.431149e+06 1.455072e+06 1.491641e+06 1.530836e+06 1.567839e+06 1.601544e+06 1.632510e+06
1.666044e+06 1.666044e+06 1.666044e+06 1.666044e+06 1.666044e+06 1.666051e+06 1.666072e+06 1.666154e+06 1.666216e+06 1.666289e+06 1.666473e+06 1.666695e+06 1.666899e+06 1.666917e+06 1.666446e+06 1.665072e+06 1.662328e+06 1.617922e+06 1.541074e+06 1.482202e+06 1.452585e+06 1.442605e+06 1.444290e+06 1.467161e+06 1.502786e+06 1.541419e+06 1.578060e+06 1.611344e+06 1.641713e+06
1.675976e+06 1.675976e+06 1.675976e+06 1.675976e+06 1.675976e+06 1.675987e+06 1.676017e+06 1.676130e+06 1.676209e+06 1.676302e+06 1.676527e+06 1.676793e+06 1.677039e+06 1.677099e+06 1.676675e+06 1.675354e+06 1.672678e+06 1.628953e+06 1.553186e+06 1.495176e+06 1.465974e+06 1.456009e+06 1.457404e+06 1.479246e+06 1.513895e+06 1.551920e+06 1.588181e+06 1.621061e+06 1.650871e+06
1.685836e+06 1.685836e+06 1.685836e+06 1.685837e+06 1.685837e+06 1.685847e+06 1.685879e+06 1.686000e+06 1.686088e+06 1.686193e+06 1.686449e+06 1.686754e+06 1.687044e+06 1.687152e+06 1.686778e+06 1.685517e+06 1.682912e+06 1.639884e+06 1.565204e+06 1.508061e+06 1.479287e+06 1.469358e+06 1.470489e+06 1.491327e+06 1.524971e+06 1.562343e+06 1.598201e+06 1.630692e+06 1.659975e+06
1.695692e+06 1.695692e+06 1.695692e+06 1.695692e+06 1.695693e+06 1.695703e+06 1.695736e+06 1.695864e+06 1.695958e+06 1.696072e+06 1.696354e+06 1.696691e+06 1.697018e+06 1.697166e+06 1.696837e+06 1.695628e+06 1.693091e+06 1.650742e+06 1.577144e+06 1.520867e+06 1.492529e+06 1.482654e+06 1.483544e+06 1.503402e+06 1.536019e+06 1.572692e+06 1.608122e+06 1.640229e+06 1.669017e+06
1.705594e+06 1.705594e+06 1.705594e+06 1.705594e+06 1.705595e+06 1.705608e+06 1.705647e+06 1.705792e+06 1.705897e+06 1.706023e+06 1.706329e+06 1.706692e+06 1.707044e+06 1.707217e+06 1.706917e+06 1.705747e+06 1.703262e+06 1.661550e+06 1.589019e+06 1.533604e+06 1.505704e+06 1.495898e+06 1.496565e+06 1.515470e+06 1.547041e+06 1.582971e+06 1.617944e+06 1.649671e+06 1.677989e+06
1.715691e+06 1.715691e+06 1.715691e+06 1.715691e+06 1.715691e+06 1.715704e+06 1.715743e+06 1.715896e+06 1.716007e+06 1.716138e+06 1.716456e+06 1.716825e+06 1.717178e+06 1.717352e+06 1.717059e+06 1.715906e+06 1.713456e+06 1.672324e+06 1.600841e+06 1.546277e+06 1.518816e+06 1.509088e+06 1.509551e+06 1.527528e+06 1.558038e+06 1.593185e+06 1.627668e+06 1.659013e+06 1.686885e+06
1.726029e+06 1.726029e+06 1.726029e+06 1.726030e+06 1.726030e+06 1.726044e+06 1.726085e+06 1.726239e+06 1.726347e+06 1.726472e+06 1.726768e+06 1.727108e+06 1.727431e+06 1.727577e+06 1.727265e+06 1.726107e+06 1.723675e+06 1.683074e+06 1.612618e+06 1.558894e+06 1.531868e+06 1.522226e+06 1.522500e+06 1.539575e+06 1.569012e+06 1.603336e+06 1.637297e+06 1.668254e+06 1.695697e+06
1.736657e+06 1.736657e+06 1.736657e+06 1.736657e+06 1.736658e+06 1.736668e+06 1.736697e+06 1.736806e+06 1.736884e+06 1.736977e+06 1.737206e+06 1.737482e+06 1.737746e+06 1.737844e+06 1.737496e+06 1.736323e+06 1.733898e+06 1.693801e+06 1.624356e+06 1.571459e+06 1.544861e+06 1.535310e+06 1.535408e+06 1.551606e+06 1.579963e+06 1.613428e+06 1.646833e+06 1.677391e+06 1.704421e+06
1.747241e+06 1.747241e+06 1.747241e+06 1.747241e+06 1.747241e+06 1.747245e+06 1.747259e+06 1.747317e+06 1.747364e+06 1.747425e+06 1.747590e+06 1.747805e+06 1.748015e+06 1.748069e+06 1.747691e+06 1.746505e+06 1.744092e+06 1.704505e+06 1.636061e+06 1.583977e+06 1.557800e+06 1.548341e+06 1.548273e+06 1.563617e+06 1.590891e+06 1.623463e+06 1.656278e+06 1.686424e+06 1.713052e+06
1.757411e+06 1.757411e+06 1.757411e+06 1.757411e+06 1.757411e+06 1.757418e+06 1.757435e+06 1.757500e+06 1.757547e+06 1.757605e+06 1.757757e+06 1.757953e+06 1.758144e+06 1.758182e+06 1.757797e+06 1.756617e+06 1.754229e+06 1.715185e+06 1.647738e+06 1.596451e+06 1.570683e+06 1.561316e+06 1.561091e+06 1.575606e+06 1.601793e+06 1.633444e+06 1.665634e+06 1.695352e+06 1.721587e+06
1.767290e+06 1.767290e+06 1.767290e+06 1.767290e+06 1.767291e+06 1.767297e+06 1.767316e+06 1.767391e+06 1.767447e+06 1.767515e+06 1.767688e+06 1.767904e+06 1.768111e+06 1.768165e+06 1.767799e+06 1.766648e+06 1.764304e+06 1.725846e+06 1.659390e+06 1.608884e+06 1.583514e+06 1.574236e+06 1.573861e+06 1.587567e+06 1.612670e+06 1.643372e+06 1.674903e+06 1.704175e+06 1.730020e+06
1.776961e+06 1.776961e+06 1.776961e+06 1.776961e+06 1.776961e+06 1.776971e+06 1.776998e+06 1.777100e+06 1.777171e+06 1.777257e+06 1.777467e+06 1.777720e+06 1.777965e+06 1.778055e+06 1.777728e+06 1.776622e+06 1.774337e+06 1.736496e+06 1.671022e+06 1.621278e+06 1.596291e+06 1.587098e+06 1.586577e+06 1.599496e+06 1.623518e+06 1.653248e+06 1.684088e+06 1.712894e+06 1.738351e+06
1.786640e+06 1.786640e+06 1.786640e+06 1.786640e+06 1.786640e+06 1.786650e+06 1.786679e+06 1.786791e+06 1.786874e+06 1.786972e+06 1.787215e+06 1.787507e+06 1.787791e+06 1.787923e+06 1.787640e+06 1.786586e+06 1.784363e+06 1.747146e+06 1.682637e+06 1.633634e+06 1.609014e+06 1.599900e+06 1.599237e+06 1.611388e+06 1.634335e+06 1.663073e+06 1.693190e+06 1.721509e+06 1.746577e+06
1.796407e+06 1.796407e+06 1.796407e+06 1.796408e+06 1.796408e+06 1.796419e+06 1.796451e+06 1.796574e+06 1.796664e+06 1.796772e+06 1.797039e+06 1.797360e+06 1.797678e+06 1.797845e+06 1.797600e+06 1.796592e+06 1.794427e+06 1.757809e+06 1.694239e+06 1.645953e+06 1.621683e+06 1.612639e+06 1.611838e+06 1.623239e+06 1.645118e+06 1.672846e+06 1.702212e+06 1.730021e+06 1.754695e+06
1.806347e+06 1.806347e+06 1.806347e+06 1.806347e+06 1.806347e+06 1.806358e+06 1.806390e+06 1.806519e+06 1.806614e+06 1.806730e+06 1.807015e+06 1.807356e+06 1.807693e+06 1.807880e+06 1.807659e+06 1.806683e+06 1.804563e+06 1.768494e+06 1.705828e+06 1.658233e+06 1.634295e+06 1.625314e+06 1.624373e+06 1.635042e+06 1.655864e+06 1.682569e+06 1.711154e+06 1.738430e+06 1.762705e+06
1.816487e+06 1.816487e+06 1.816487e+06 1.816488e+06 1.816488e+06 1.816500e+06 1.816538e+06 1.816681e+06 1.816784e+06 1.816905e+06 1.817198e+06 1.817541e+06 1.817877e+06 1.818062e+06 1.817844e+06 1.816880e+06 1.814787e+06 1.779205e+06 1.717407e+06 1.670474e+06 1.646849e+06 1.637921e+06 1.636841e+06 1.646793e+06 1.666568e+06 1.692239e+06 1.720019e+06 1.746738e+06 1.770606e+06
1.826947e+06 1.826947e+06 1.826947e+06 1.826947e+06 1.826947e+06 1.826959e+06 1.826997e+06 1.827133e+06 1.827229e+06 1.827341e+06 1.827609e+06 1.827923e+06 1.828228e+06 1.828386e+06 1.828148e+06 1.827176e+06 1.825094e+06 1.789940e+06 1.728971e+06 1.682673e+06 1.659342e+06 1.650457e+06 1.649236e+06 1.658486e+06 1.677227e+06 1.701857e+06 1.728807e+06 1.754947e+06 1.778397e+06
1.837694e+06 1.837694e+06 1.837694e+06 1.837694e+06 1.837694e+06 1.837701e+06 1.837721e+06 1.837810e+06 1.837878e+06 1.837962e+06 1.838175e+06 1.838434e+06 1.838689e+06 1.838803e+06 1.838530e+06 1.837539e+06 1.835456e+06 1.800692e+06 1.740518e+06 1.694828e+06 1.671772e+06 1.662918e+06 1.661554e+06 1.670115e+06 1.687837e+06 1.711419e+06 1.737519e+06 1.763056e+06 1.786078e+06
1.848362e+06 1.848362e+06 1.848362e+06 1.848363e+06 1.848363e+06 1.848369e+06 1.848388e+06 1.848459e+06 1.848512e+06 1.848577e+06 1.848744e+06 1.848955e+06 1.849162e+06 1.849234e+06 1.848928e+06 1.847918e+06 1.845836e+06 1.811447e+06 1.752043e+06 1.706935e+06 1.684133e+06 1.675299e+06 1.673790e+06 1.681675e+06 1.698392e+06 1.720925e+06 1.746155e+06 1.771069e+06 1.793649e+06
1.858868e+06 1.858868e+06 1.858868e+06 1.858868e+06 1.858869e+06 1.858874e+06 1.858889e+06 1.858950e+06 1.858995e+06 1.859051e+06 1.859196e+06 1.859380e+06 1.859561e+06 1.859608e+06 1.859285e+06 1.858268e+06 1.856195e+06 1.822196e+06 1.763541e+06 1.718989e+06 1.696422e+06 1.687597e+06 1.685939e+06 1.693161e+06 1.708888e+06 1.730372e+06 1.754716e+06 1.778985e+06 1.801111e+06
1.869154e+06 1.869154e+06 1.869154e+06 1.869154e+06 1.869154e+06 1.869159e+06 1.869174e+06 1.869232e+06 1.869277e+06 1.869333e+06 1.869479e+06 1.869664e+06 1.869843e+06 1.869890e+06 1.869570e+06 1.868563e+06 1.866513e+06 1.832930e+06 1.775006e+06 1.730986e+06 1.708635e+06 1.699807e+06 1.697997e+06 1.704567e+06 1.719320e+06 1.739758e+06 1.763202e+06 1.786805e+06 1.808463e+06
1.879209e+06 1.879209e+06 1.879209e+06 1.879209e+06 1.879209e+06 1.879217e+06 1.879239e+06 1.879318e+06 1.879375e+06 1.879443e+06 1.879612e+06 1.879820e+06 1.880020e+06 1.880086e+06 1.879786e+06 1.878805e+06 1.876791e+06 1.843644e+06 1.786434e+06 1.742921e+06 1.720767e+06 1.711925e+06 1.709958e+06 1.715886e+06 1.729684e+06 1.749080e+06 1.771613e+06 1.794531e+06 1.815707e+06
1.889212e+06 1.889212e+06 1.889212e+06 1.889213e+06 1.889213e+06 1.889221e+06 1.889244e+06 1.889335e+06 1.889402e+06 1.889481e+06 1.889678e+06 1.889915e+06 1.890143e+06 1.890237e+06 1.889965e+06 1.889017e+06 1.887043e+06 1.854338e+06 1.797819e+06 1.754788e+06 1.732813e+06 1.723945e+06 1.721818e+06 1.727115e+06 1.739974e+06 1.758336e+06 1.779947e+06 1.802164e+06 1.822843e+06
1.899252e+06 1.899252e+06 1.899252e+06 1.899252e+06 1.899253e+06 1.899261e+06 1.899286e+06 1.899386e+06 1.899459e+06 1.899546e+06 1.899764e+06 1.900024e+06 1.900277e+06 1.900395e+06 1.900149e+06 1.899231e+06 1.897296e+06 1.865013e+06 1.809157e+06 1.766583e+06 1.744767e+06 1.735861e+06 1.733571e+06 1.738246e+06 1.750185e+06 1.767521e+06 1.788205e+06 1.809704e+06 1.829872e+06
1.909389e+06 1.909389e+06 1.909389e+06 1.909389e+06 1.909389e+06 1.909398e+06 1.909426e+06 1.909534e+06 1.909612e+06 1.909705e+06 1.909935e+06 1.910209e+06 1.910475e+06 1.910606e+06 1.910375e+06 1.909476e+06 1.907570e+06 1.875669e+06 1.820443e+06 1.778298e+06 1.756624e+06 1.747671e+06 1.745211e+06 1.749274e+06 1.760313e+06 1.776633e+06 1.796386e+06 1.817152e+06 1.836795e+06
1.919689e+06 1.919689e+06 1.919689e+06 1.919689e+06 1.919690e+06 1.919699e+06 1.919726e+06 1.919832e+06 1.919910e+06 1.920004e+06 1.920233e+06 1.920504e+06 1.920767e+06 1.920893e+06 1.920659e+06 1.919765e+06 1.917873e+06 1.886302e+06 1.831669e+06 1.789929e+06 1.768378e+06 1.759366e+06 1.756735e+06 1.760195e+06 1.770352e+06 1.785669e+06 1.804487e+06 1.824509e+06 1.843613e+06
1.930142e+06 1.930142e+06 1.930142e+06 1.930142e+06 1.930142e+06 1.930151e+06 1.930177e+06 1.930280e+06 1.930355e+06 1.930444e+06 1.930658e+06 1.930909e+06 1.931148e+06 1.931249e+06 1.930995e+06 1.930088e+06 1.928196e+06 1.896903e+06 1.842830e+06 1.801468e+06 1.780025e+06 1.770944e+06 1.768137e+06 1.771002e+06 1.780297e+06 1.794625e+06 1.812509e+06 1.831775e+06 1.850326e+06
1.940725e+06 1.940725e+06 1.940725e+06 1.940725e+06 1.940725e+06 1.940734e+06 1.940760e+06 1.940853e+06 1.940918e+06 1.940993e+06 1.941172e+06 1.941381e+06 1.941575e+06 1.941636e+06 1.941346e+06 1.940414e+06 1.938513e+06 1.907460e+06 1.853916e+06 1.812910e+06 1.791557e+06 1.782398e+06 1.779411e+06 1.781691e+06 1.790144e+06 1.803497e+06 1.820448e+06 1.838949e+06 1.856936e+06
1.951406e+06 1.951406e+06 1.951406e+06 1.951406e+06 1.951406e+06 1.951409e+06 1.951419e+06 1.951465e+06 1.951503e+06 1.951549e+06 1.951672e+06 1.951825e+06 1.951968e+06 1.951982e+06 1.951655e+06 1.950696e+06 1.948782e+06 1.917958e+06 1.864920e+06 1.824247e+06 1.802970e+06 1.793723e+06 1.790553e+06 1.792257e+06 1.799888e+06 1.812283e+06 1.828305e+06 1.846033e+06 1.863443e+06
