1.843127e+08 1.790629e+08 1.762364e+08 1.688233e+08 1.704533e+08 2.059055e+08 2.364677e+08 2.498691e+08 2.458933e+08 2.402248e+08 2.282789e+08 2.172369e+08 2.072401e+08 1.981020e+08 1.896643e+08 1.818139e+08 1.744675e+08 1.435051e+08 1.198257e+08 1.019084e+08 8.856429e+07 7.860952e+07 7.104397e+07 6.035769e+07 5.301512e+07 4.747507e+07 4.303853e+07 3.935659e+07 3.623319e+07
1.988852e+08 1.988918e+08 1.989106e+08 1.993359e+08 1.999854e+08 2.200780e+08 2.436985e+08 2.518531e+08 2.467591e+08 2.404549e+08 2.279351e+08 2.167050e+08 2.066581e+08 1.975232e+08 1.891100e+08 1.812922e+08 1.739806e+08 1.431683e+08 1.195845e+08 1.017273e+08 8.842274e+07 7.849501e+07 7.094842e+07 6.028559e+07 5.295622e+07 4.742458e+07 4.299412e+07 3.931698e+07 3.619759e+07
2.340097e+08 2.340116e+08 2.340171e+08 2.341597e+08 2.344861e+08 2.425814e+08 2.530272e+08 2.535857e+08 2.473331e+08 2.404155e+08 2.273939e+08 2.160319e+08 2.059724e+08 1.968659e+08 1.884948e+08 1.807222e+08 1.734547e+08 1.428153e+08 1.193350e+08 1.015412e+08 8.827796e+07 7.837829e+07 7.085126e+07 6.021252e+07 5.289665e+07 4.737362e+07 4.294935e+07 3.927709e+07 3.616176e+07
2.564903e+08 2.564912e+08 2.564936e+08 2.565568e+08 2.567103e+08 2.581889e+08 2.651824e+08 2.547766e+08 2.473999e+08 2.399777e+08 2.266082e+08 2.151976e+08 2.051734e+08 1.961252e+08 1.878158e+08 1.801022e+08 1.728887e+08 1.424459e+08 1.190770e+08 1.013501e+08 8.812995e+07 7.825933e+07 7.075247e+07 6.013848e+07 5.283644e+07 4.732218e+07 4.290422e+07 3.923691e+07 3.612572e+07
2.709324e+08 2.709328e+08 2.709340e+08 2.709659e+08 2.710437e+08 2.708747e+08 2.723563e+08 2.562292e+08 2.470247e+08 2.391048e+08 2.255467e+08 2.141864e+08 2.042530e+08 1.952965e+08 1.870705e+08 1.794305e+08 1.722816e+08 1.420599e+08 1.188106e+08 1.011540e+08 8.797868e+07 7.813812e+07 7.065205e+07 6.006346e+07 5.277556e+07 4.727027e+07 4.285872e+07 3.919646e+07 3.608944e+07
2.800136e+08 2.800137e+08 2.800140e+08 2.800193e+08 2.800298e+08 2.790561e+08 2.757084e+08 2.581572e+08 2.469108e+08 2.379772e+08 2.242184e+08 2.129934e+08 2.032071e+08 1.943770e+08 1.862569e+08 1.787060e+08 1.716325e+08 1.416573e+08 1.185355e+08 1.009528e+08 8.782414e+07 7.801467e+07 7.055000e+07 5.998746e+07 5.271402e+07 4.721787e+07 4.281287e+07 3.915572e+07 3.605295e+07
2.834745e+08 2.834746e+08 2.834747e+08 2.834757e+08 2.834710e+08 2.823907e+08 2.769285e+08 2.587801e+08 2.471076e+08 2.371340e+08 2.226984e+08 2.116318e+08 2.020372e+08 1.933663e+08 1.853745e+08 1.779281e+08 1.709412e+08 1.412378e+08 1.182519e+08 1.007466e+08 8.766632e+07 7.788895e+07 7.044630e+07 5.991049e+07 5.265182e+07 4.716500e+07 4.276665e+07 3.911470e+07 3.601623e+07
2.828026e+08 2.828026e+08 2.828026e+08 2.828030e+08 2.827989e+08 2.820087e+08 2.764067e+08 2.576138e+08 2.466637e+08 2.365340e+08 2.211563e+08 2.101404e+08 2.007543e+08 1.922677e+08 1.844242e+08 1.770971e+08 1.702075e+08 1.408015e+08 1.179597e+08 1.005353e+08 8.750521e+07 7.776097e+07 7.034097e+07 5.983253e+07 5.258896e+07 4.711164e+07 4.272006e+07 3.907340e+07 3.597929e+07
2.800842e+08 2.800842e+08 2.800843e+08 2.800849e+08 2.800825e+08 2.795305e+08 2.745022e+08 2.551184e+08 2.452166e+08 2.356191e+08 2.198807e+08 2.085903e+08 1.993804e+08 1.910890e+08 1.834091e+08 1.762142e+08 1.694322e+08 1.403484e+08 1.176588e+08 1.003188e+08 8.734080e+07 7.763072e+07 7.023398e+07 5.975358e+07 5.252544e+07 4.705781e+07 4.267311e+07 3.903182e+07 3.594213e+07
2.764267e+08 2.764267e+08 2.764267e+08 2.764273e+08 2.764259e+08 2.760305e+08 2.716707e+08 2.519543e+08 2.428749e+08 2.341322e+08 2.187678e+08 2.070989e+08 1.979518e+08 1.898441e+08 1.823350e+08 1.752823e+08 1.686165e+08 1.398786e+08 1.173494e+08 1.000972e+08 8.717308e+07 7.749819e+07 7.012535e+07 5.967366e+07 5.246125e+07 4.700349e+07 4.262580e+07 3.898995e+07 3.590475e+07
2.723735e+08 2.723735e+08 2.723735e+08 2.723741e+08 2.723736e+08 2.720954e+08 2.683141e+08 2.485911e+08 2.399651e+08 2.320586e+08 2.175845e+08 2.058173e+08 1.965217e+08 1.885536e+08 1.812111e+08 1.743056e+08 1.677627e+08 1.393922e+08 1.170313e+08 9.987057e+07 8.700205e+07 7.736339e+07 7.001506e+07 5.959274e+07 5.239639e+07 4.694869e+07 4.257813e+07 3.894780e+07 3.586714e+07
2.533604e+08 2.533604e+08 2.533605e+08 2.533611e+08 2.533622e+08 2.532937e+08 2.508413e+08 2.334306e+08 2.249351e+08 2.183165e+08 2.083199e+08 1.993141e+08 1.906115e+08 1.826220e+08 1.754672e+08 1.690519e+08 1.630827e+08 1.367263e+08 1.153142e+08 9.866083e+07 8.609728e+07 7.665513e+07 6.943881e+07 5.917334e+07 5.206213e+07 4.666746e+07 4.233429e+07 3.873284e+07 3.567577e+07
2.393323e+08 2.393323e+08 2.393323e+08 2.393327e+08 2.393337e+08 2.393010e+08 2.371379e+08 2.214016e+08 2.132994e+08 2.066246e+08 1.971065e+08 1.902433e+08 1.838211e+08 1.772427e+08 1.707025e+08 1.644440e+08 1.585684e+08 1.337476e+08 1.133990e+08 9.732678e+07 8.511059e+07 7.589011e+07 6.882126e+07 5.872921e+07 5.171119e+07 4.637416e+07 4.208135e+07 3.851084e+07 3.547887e+07
2.290557e+08 2.290557e+08 2.290557e+08 2.290561e+08 2.290570e+08 2.290389e+08 2.269144e+08 2.116020e+08 2.038660e+08 1.973937e+08 1.877644e+08 1.811283e+08 1.758295e+08 1.707545e+08 1.654946e+08 1.600844e+08 1.546866e+08 1.306598e+08 1.113215e+08 9.587727e+07 8.404482e+07 7.506942e+07 6.816292e+07 5.826047e+07 5.134361e+07 4.606880e+07 4.181934e+07 3.828182e+07 3.527645e+07
2.215577e+08 2.215577e+08 2.215577e+08 2.215581e+08 2.215590e+08 2.215472e+08 2.193589e+08 2.037607e+08 1.960709e+08 1.897227e+08 1.801924e+08 1.734505e+08 1.683236e+08 1.639211e+08 1.596386e+08 1.552023e+08 1.505852e+08 1.278315e+08 1.091467e+08 9.432916e+07 8.290561e+07 7.419538e+07 6.746487e+07 5.776744e+07 5.095951e+07 4.575147e+07 4.154829e+07 3.804584e+07 3.506856e+07
2.160792e+08 2.160792e+08 2.160792e+08 2.160794e+08 2.160798e+08 2.160533e+08 2.137172e+08 1.974715e+08 1.896244e+08 1.832573e+08 1.738462e+08 1.671225e+08 1.619561e+08 1.576941e+08 1.538398e+08 1.500427e+08 1.461220e+08 1.252745e+08 1.069779e+08 9.270945e+07 8.170224e+07 7.327183e+07 6.672895e+07 5.725066e+07 5.055909e+07 4.542225e+07 4.126829e+07 3.780295e+07 3.485526e+07
2.114817e+08 2.114817e+08 2.114818e+08 2.114819e+08 2.114825e+08 2.114586e+08 2.090329e+08 1.922519e+08 1.842352e+08 1.778051e+08 1.684670e+08 1.618391e+08 1.566652e+08 1.523773e+08 1.486135e+08 1.450854e+08 1.415819e+08 1.227061e+08 1.049641e+08 9.105727e+07 8.044832e+07 7.230445e+07 6.595784e+07 5.671092e+07 5.014267e+07 4.508132e+07 4.097944e+07 3.755324e+07 3.463660e+07
2.078616e+08 2.078616e+08 2.078616e+08 2.078618e+08 2.078624e+08 2.078398e+08 2.053324e+08 1.880600e+08 1.798624e+08 1.733309e+08 1.639642e+08 1.573944e+08 1.522306e+08 1.478890e+08 1.440798e+08 1.405936e+08 1.372559e+08 1.199940e+08 1.030560e+08 8.942879e+07 7.916248e+07 7.130105e+07 6.515526e+07 5.614931e+07 4.971069e+07 4.472889e+07 4.068188e+07 3.729679e+07 3.441267e+07
2.052421e+08 2.052421e+08 2.052421e+08 2.052423e+08 2.052428e+08 2.052190e+08 2.026258e+08 1.848337e+08 1.764173e+08 1.697314e+08 1.602096e+08 1.536031e+08 1.484190e+08 1.440201e+08 1.401301e+08 1.365889e+08 1.332679e+08 1.171189e+08 1.011416e+08 8.789096e+07 7.786924e+07 7.027183e+07 6.432606e+07 5.556727e+07 4.926368e+07 4.436525e+07 4.037578e+07 3.703373e+07 3.418354e+07
2.034794e+08 2.034794e+08 2.034794e+08 2.034796e+08 2.034800e+08 2.034531e+08 2.007606e+08 1.823512e+08 1.736551e+08 1.667556e+08 1.569681e+08 1.502388e+08 1.449952e+08 1.405401e+08 1.365769e+08 1.329623e+08 1.295993e+08 1.141290e+08 9.915735e+07 8.640050e+07 7.660333e+07 6.922963e+07 6.347636e+07 5.496659e+07 4.880235e+07 4.399072e+07 4.006133e+07 3.676421e+07 3.394934e+07
2.021814e+08 2.021814e+08 2.021813e+08 2.021813e+08 2.021812e+08 2.021363e+08 1.993046e+08 1.801826e+08 1.711728e+08 1.640338e+08 1.539386e+08 1.470533e+08 1.417374e+08 1.372402e+08 1.332332e+08 1.295681e+08 1.261624e+08 1.110912e+08 9.707609e+07 8.490957e+07 7.539449e+07 6.819063e+07 6.261358e+07 5.434946e+07 4.832755e+07 4.360572e+07 3.973878e+07 3.648837e+07 3.371017e+07
2.004094e+08 2.004094e+08 2.004094e+08 2.004093e+08 2.004091e+08 2.003579e+08 1.974330e+08 1.777666e+08 1.685091e+08 1.611788e+08 1.508363e+08 1.438276e+08 1.384649e+08 1.339586e+08 1.299501e+08 1.262769e+08 1.228588e+08 1.080613e+08 9.490042e+07 8.338882e+07 7.421339e+07 6.717794e+07 6.174671e+07 5.371850e+07 4.784028e+07 4.321074e+07 3.940842e+07 3.620640e+07 3.346616e+07
1.977380e+08 1.977380e+08 1.977380e+08 1.977379e+08 1.977374e+08 1.976773e+08 1.946879e+08 1.747193e+08 1.653346e+08 1.579100e+08 1.474561e+08 1.404091e+08 1.350582e+08 1.305920e+08 1.266309e+08 1.229984e+08 1.196103e+08 1.050751e+08 9.265272e+07 8.182267e+07 7.303718e+07 6.620281e+07 6.088685e+07 5.307677e+07 4.734172e+07 4.280634e+07 3.907055e+07 3.591851e+07 3.321746e+07
1.937849e+08 1.937849e+08 1.937849e+08 1.937847e+08 1.937842e+08 1.937235e+08 1.907357e+08 1.708224e+08 1.614761e+08 1.540885e+08 1.437051e+08 1.367332e+08 1.314687e+08 1.270980e+08 1.232326e+08 1.196864e+08 1.163705e+08 1.021516e+08 9.036447e+07 8.020783e+07 7.185097e+07 6.524650e+07 6.004986e+07 5.242777e+07 4.683322e+07 4.239316e+07 3.872555e+07 3.562493e+07 3.296423e+07
1.887417e+08 1.887417e+08 1.887416e+08 1.887415e+08 1.887411e+08 1.886840e+08 1.857475e+08 1.661857e+08 1.570187e+08 1.497808e+08 1.396260e+08 1.328292e+08 1.277168e+08 1.234884e+08 1.197571e+08 1.163329e+08 1.131236e+08 9.929892e+07 8.806785e+07 7.855077e+07 7.064573e+07 6.429659e+07 5.923785e+07 5.177555e+07 4.631632e+07 4.197193e+07 3.837381e+07 3.532591e+07 3.270665e+07
1.830324e+08 1.830324e+08 1.830324e+08 1.830323e+08 1.830320e+08 1.829791e+08 1.801204e+08 1.610931e+08 1.521931e+08 1.451746e+08 1.353460e+08 1.287858e+08 1.238664e+08 1.198093e+08 1.162355e+08 1.129558e+08 1.098761e+08 9.652078e+07 8.579099e+07 7.686456e+07 6.941784e+07 6.334451e+07 5.843886e+07 5.112479e+07 4.579274e+07 4.154347e+07 3.801579e+07 3.502174e+07 3.244489e+07
1.770121e+08 1.770121e+08 1.770121e+08 1.770121e+08 1.770118e+08 1.769625e+08 1.741945e+08 1.558005e+08 1.472134e+08 1.404497e+08 1.309938e+08 1.246982e+08 1.199895e+08 1.161157e+08 1.127093e+08 1.095845e+08 1.066469e+08 9.381927e+07 8.355600e+07 7.516546e+07 6.816825e+07 6.238450e+07 5.764541e+07 5.048146e+07 4.526437e+07 4.110866e+07 3.765198e+07 3.471272e+07 3.217918e+07
1.709020e+08 1.709020e+08 1.709020e+08 1.709019e+08 1.709017e+08 1.708555e+08 1.681847e+08 1.504717e+08 1.422184e+08 1.357248e+08 1.266607e+08 1.206389e+08 1.161450e+08 1.124558e+08 1.092176e+08 1.062496e+08 1.034583e+08 9.119670e+07 8.137899e+07 7.347027e+07 6.690150e+07 6.141339e+07 5.685207e+07 4.985288e+07 4.473336e+07 4.066851e+07 3.728293e+07 3.439919e+07 3.190973e+07
1.648424e+08 1.648424e+08 1.648424e+08 1.648424e+08 1.648422e+08 1.647982e+08 1.622269e+08 1.452104e+08 1.372965e+08 1.310767e+08 1.224066e+08 1.166573e+08 1.123750e+08 1.088663e+08 1.057920e+08 1.029778e+08 1.003318e+08 8.865600e+07 7.927098e+07 7.179436e+07 6.562449e+07 6.043025e+07 5.605488e+07 4.923530e+07 4.420208e+07 4.022408e+07 3.690922e+07 3.408149e+07 3.163677e+07
1.589155e+08 1.589155e+08 1.589155e+08 1.589155e+08 1.589153e+08 1.588737e+08 1.564018e+08 1.400804e+08 1.325032e+08 1.265535e+08 1.182699e+08 1.127859e+08 1.087081e+08 1.053732e+08 1.024566e+08 9.979059e+07 9.728606e+07 8.620072e+07 7.723899e+07 7.015063e+07 6.434530e+07 5.943613e+07 5.525129e+07 4.862381e+07 4.367334e+07 3.977655e+07 3.653149e+07 3.376003e+07 3.136056e+07
1.531662e+08 1.531662e+08 1.531662e+08 1.531662e+08 1.531661e+08 1.531268e+08 1.507533e+08 1.351149e+08 1.278666e+08 1.221802e+08 1.142718e+08 1.090440e+08 1.051631e+08 1.019949e+08 9.922906e+07 9.670507e+07 9.433657e+07 8.383471e+07 7.528712e+07 6.854909e+07 6.307218e+07 5.843352e+07 5.443992e+07 4.801517e+07 4.315099e+07 3.932718e+07 3.615041e+07 3.343520e+07 3.108137e+07
1.476269e+08 1.476269e+08 1.476269e+08 1.476269e+08 1.476268e+08 1.475897e+08 1.453126e+08 1.303360e+08 1.234054e+08 1.179729e+08 1.104264e+08 1.054457e+08 1.017542e+08 9.874574e+07 9.612393e+07 9.373526e+07 9.149653e+07 8.156187e+07 7.341735e+07 6.699691e+07 6.181277e+07 5.742591e+07 5.362054e+07 4.740687e+07 4.263735e+07 3.887735e+07 3.576672e+07 3.310744e+07 3.079948e+07
1.423304e+08 1.423304e+08 1.423304e+08 1.423303e+08 1.423303e+08 1.422949e+08 1.401096e+08 1.257664e+08 1.191393e+08 1.139495e+08 1.067491e+08 1.020050e+08 9.849469e+07 9.563862e+07 9.315363e+07 9.089307e+07 8.877708e+07 7.938564e+07 7.163005e+07 6.549870e+07 6.057359e+07 5.641730e+07 5.279382e+07 4.679697e+07 4.212919e+07 3.842864e+07 3.538118e+07 3.277722e+07 3.051518e+07
1.372856e+08 1.372856e+08 1.372856e+08 1.372856e+08 1.372855e+08 1.372522e+08 1.351555e+08 1.214198e+08 1.150832e+08 1.101251e+08 1.032547e+08 9.873546e+07 9.539699e+07 9.268487e+07 9.032861e+07 8.818818e+07 8.618711e+07 7.730863e+07 6.992442e+07 6.405685e+07 5.935985e+07 5.541175e+07 5.196114e+07 4.618401e+07 4.162437e+07 3.798292e+07 3.499461e+07 3.244501e+07 3.022880e+07
1.325009e+08 1.325009e+08 1.325009e+08 1.325009e+08 1.325008e+08 1.324690e+08 1.304570e+08 1.173038e+08 1.112453e+08 1.065088e+08 9.995268e+07 9.564652e+07 9.246977e+07 8.989237e+07 8.765603e+07 8.562711e+07 8.373250e+07 7.533219e+07 6.829861e+07 6.267198e+07 5.817533e+07 5.441314e+07 5.112438e+07 4.556700e+07 4.112134e+07 3.754278e+07 3.460791e+07 3.211134e+07 2.994066e+07
1.279760e+08 1.279760e+08 1.279760e+08 1.279760e+08 1.279759e+08 1.279455e+08 1.260143e+08 1.134190e+08 1.076269e+08 1.031024e+08 9.684587e+07 9.274119e+07 8.971605e+07 8.726396e+07 8.513851e+07 8.321231e+07 8.141553e+07 7.345609e+07 6.674993e+07 6.134326e+07 5.702245e+07 5.342485e+07 5.028572e+07 4.494536e+07 4.061887e+07 3.710801e+07 3.422203e+07 3.177673e+07 2.965110e+07
1.237008e+08 1.237008e+08 1.237008e+08 1.237008e+08 1.237007e+08 1.236719e+08 1.218182e+08 1.097589e+08 1.042224e+08 9.990109e+07 9.393019e+07 9.001589e+07 8.713263e+07 8.479686e+07 8.277370e+07 8.094181e+07 7.923458e+07 7.167843e+07 6.527490e+07 6.006879e+07 5.590244e+07 5.244969e+07 4.944740e+07 4.431893e+07 4.011602e+07 3.667686e+07 3.383807e+07 3.144175e+07 2.936048e+07
1.196719e+08 1.196719e+08 1.196719e+08 1.196719e+08 1.196718e+08 1.196438e+08 1.178629e+08 1.063140e+08 1.010217e+08 9.689400e+07 9.119470e+07 8.746033e+07 8.471022e+07 8.248291e+07 8.055456e+07 7.880960e+07 7.718451e+07 6.999570e+07 6.386940e+07 5.884580e+07 5.481553e+07 5.148984e+07 4.861166e+07 4.368790e+07 3.961206e+07 3.624825e+07 3.345741e+07 3.110700e+07 2.906916e+07
1.158549e+08 1.158549e+08 1.158549e+08 1.158549e+08 1.158548e+08 1.158274e+08 1.141157e+08 1.030571e+08 9.799951e+07 9.405813e+07 8.861964e+07 8.505747e+07 8.243424e+07 8.030968e+07 7.847052e+07 7.680667e+07 7.525755e+07 6.840303e+07 6.252872e+07 5.767097e+07 5.376110e+07 5.054684e+07 4.778055e+07 4.305276e+07 3.910645e+07 3.582142e+07 3.308152e+07 3.077310e+07 2.877753e+07
1.121951e+08 1.121951e+08 1.121951e+08 1.121951e+08 1.121950e+08 1.121683e+08 1.105247e+08 9.994723e+07 9.512023e+07 9.136184e+07 8.617970e+07 8.278671e+07 8.028770e+07 7.826298e+07 7.650953e+07 7.492262e+07 7.344462e+07 6.689450e+07 6.124777e+07 5.654055e+07 5.273793e+07 4.962167e+07 4.695589e+07 4.241422e+07 3.859888e+07 3.539577e+07 3.270944e+07 3.044075e+07 2.848598e+07
1.086475e+08 1.086475e+08 1.086475e+08 1.086475e+08 1.086474e+08 1.086208e+08 1.070431e+08 9.694478e+07 9.234912e+07 8.877499e+07 8.385179e+07 8.062977e+07 7.825557e+07 7.633005e+07 7.466043e+07 7.314746e+07 7.173656e+07 6.546349e+07 6.002111e+07 5.545060e+07 5.174431e+07 4.871478e+07 4.613924e+07 4.177322e+07 3.808920e+07 3.497081e+07 3.234032e+07 3.011075e+07 2.819493e+07
1.051575e+08 1.051575e+08 1.051575e+08 1.051575e+08 1.051575e+08 1.051330e+08 1.036276e+08 9.402512e+07 8.966721e+07 8.628215e+07 8.162423e+07 7.857662e+07 7.632868e+07 7.450210e+07 7.291462e+07 7.147265e+07 7.012498e+07 6.410285e+07 5.884313e+07 5.439705e+07 5.077828e+07 4.782625e+07 4.533188e+07 4.113079e+07 3.757746e+07 3.454618e+07 3.197359e+07 2.978421e+07 2.790481e+07
1.017863e+08 1.017863e+08 1.017863e+08 1.017863e+08 1.017862e+08 1.017630e+08 1.003265e+08 9.121213e+07 8.709008e+07 8.389321e+07 7.950012e+07 7.662663e+07 7.450390e+07 7.277420e+07 7.126581e+07 6.989097e+07 6.860199e+07 6.280500e+07 5.770812e+07 5.337588e+07 4.983770e+07 4.695583e+07 4.453481e+07 4.048807e+07 3.706383e+07 3.412163e+07 3.160884e+07 2.946155e+07 2.761609e+07
9.855095e+07 9.855095e+07 9.855095e+07 9.855094e+07 9.855091e+07 9.852882e+07 9.715946e+07 8.852270e+07 8.463184e+07 8.161948e+07 7.748579e+07 7.478199e+07 7.278003e+07 7.114248e+07 6.970809e+07 6.839506e+07 6.715933e+07 6.156192e+07 5.661037e+07 5.238319e+07 4.892040e+07 4.610302e+07 4.374880e+07 3.984621e+07 3.654866e+07 3.369699e+07 3.124576e+07 2.914198e+07 2.732928e+07
9.545863e+07 9.545863e+07 9.545863e+07 9.545863e+07 9.545862e+07 9.543793e+07 9.413461e+07 8.596446e+07 8.229908e+07 7.946625e+07 7.558341e+07 7.304159e+07 7.115302e+07 6.960047e+07 6.823327e+07 6.697561e+07 6.578711e+07 6.036516e+07 5.554431e+07 5.141533e+07 4.802426e+07 4.526722e+07 4.297440e+07 3.920635e+07 3.603238e+07 3.327219e+07 3.088410e+07 2.882506e+07 2.704500e+07
9.252712e+07 9.252712e+07 9.252712e+07 9.252712e+07 9.252710e+07 9.250702e+07 9.126525e+07 8.354187e+07 8.009295e+07 7.743203e+07 7.378748e+07 7.139703e+07 6.961244e+07 6.813649e+07 6.682902e+07 6.562016e+07 6.447310e+07 5.920608e+07 5.450464e+07 5.046894e+07 4.714730e+07 4.444772e+07 4.221200e+07 3.856961e+07 3.551554e+07 3.284725e+07 3.052365e+07 2.851048e+07 2.676406e+07
8.973229e+07 8.973229e+07 8.973229e+07 8.973229e+07 8.973227e+07 8.971312e+07 8.853154e+07 8.123922e+07 7.799764e+07 7.550039e+07 7.208025e+07 6.982993e+07 6.814003e+07 6.673293e+07 6.547873e+07 6.431325e+07 6.320307e+07 5.807614e+07 5.348653e+07 4.954107e+07 4.628774e+07 4.364383e+07 4.146186e+07 3.793705e+07 3.499876e+07 3.242226e+07 3.016429e+07 2.819799e+07 2.648626e+07
8.706596e+07 8.706596e+07 8.706596e+07 8.706596e+07 8.706594e+07 8.704764e+07 8.592304e+07 7.903705e+07 7.599025e+07 7.364634e+07 7.043560e+07 6.831525e+07 6.671271e+07 6.536897e+07 6.416378e+07 6.303834e+07 6.196238e+07 5.696759e+07 5.248581e+07 4.862923e+07 4.544406e+07 4.285487e+07 4.072411e+07 3.730965e+07 3.448270e+07 3.199739e+07 2.980593e+07 2.788742e+07 2.621114e+07
8.452363e+07 8.452363e+07 8.452363e+07 8.452363e+07 8.452362e+07 8.450608e+07 8.343419e+07 7.692039e+07 7.405151e+07 7.184789e+07 6.882968e+07 6.682995e+07 6.530939e+07 6.402575e+07 6.286757e+07 6.178089e+07 6.073831e+07 5.587399e+07 5.149914e+07 4.773145e+07 4.461500e+07 4.208026e+07 3.999886e+07 3.668831e+07 3.396805e+07 3.157286e+07 2.944853e+07 2.757861e+07 2.593843e+07
8.210005e+07 8.210005e+07 8.210005e+07 8.210005e+07 8.210004e+07 8.208321e+07 8.105946e+07 7.488043e+07 7.217084e+07 7.009303e+07 6.724883e+07 6.536011e+07 6.391670e+07 6.269092e+07 6.157890e+07 6.053091e+07 5.952204e+07 5.479076e+07 5.052415e+07 4.684630e+07 4.379960e+07 4.131949e+07 3.928613e+07 3.607383e+07 3.345552e+07 3.114896e+07 2.909208e+07 2.727146e+07 2.566796e+07
7.979200e+07 7.979200e+07 7.979200e+07 7.979200e+07 7.979200e+07 7.977593e+07 7.879597e+07 7.291501e+07 7.034616e+07 6.837951e+07 6.569005e+07 6.390194e+07 6.253031e+07 6.135992e+07 6.029323e+07 5.928401e+07 5.830943e+07 5.371538e+07 4.955942e+07 4.597287e+07 4.299717e+07 4.057216e+07 3.858596e+07 3.546693e+07 3.294583e+07 3.072603e+07 2.873664e+07 2.696588e+07 2.539956e+07
7.759721e+07 7.759721e+07 7.759721e+07 7.759721e+07 7.759720e+07 7.758163e+07 7.664069e+07 7.102345e+07 6.857829e+07 6.670924e+07 6.415625e+07 6.245825e+07 6.115249e+07 6.003434e+07 5.901152e+07 5.804065e+07 5.710055e+07 5.264725e+07 4.860449e+07 4.511077e+07 4.220732e+07 3.983800e+07 3.789835e+07 3.486825e+07 3.243966e+07 3.030441e+07 2.838229e+07 2.666182e+07 2.513313e+07
7.550217e+07 7.550217e+07 7.550217e+07 7.550217e+07 7.550216e+07 7.548717e+07 7.458212e+07 6.920179e+07 6.686662e+07 6.508408e+07 6.265207e+07 6.103463e+07 5.978881e+07 5.871925e+07 5.773816e+07 5.680451e+07 5.589844e+07 5.158737e+07 4.765968e+07 4.426000e+07 4.142985e+07 3.911683e+07 3.722331e+07 3.427834e+07 3.193767e+07 2.988449e+07 2.802914e+07 2.635925e+07 2.486857e+07
7.350103e+07 7.350103e+07 7.350103e+07 7.350103e+07 7.350102e+07 7.348653e+07 7.261440e+07 6.744836e+07 6.521184e+07 6.350663e+07 6.118257e+07 5.963730e+07 5.844578e+07 5.742096e+07 5.647899e+07 5.558083e+07 5.470768e+07 5.053784e+07 4.672592e+07 4.342091e+07 4.066481e+07 3.840857e+07 3.656086e+07 3.369766e+07 3.144048e+07 2.946669e+07 2.767733e+07 2.605816e+07 2.460580e+07
7.159028e+07 7.159028e+07 7.159028e+07 7.159028e+07 7.159028e+07 7.157631e+07 7.073455e+07 6.576321e+07 6.361556e+07 6.197979e+07 5.975242e+07 5.827191e+07 5.712946e+07 5.614555e+07 5.523985e+07 5.437504e+07 5.353323e+07 4.950129e+07 4.580452e+07 4.259412e+07 3.991238e+07 3.771320e+07 3.591102e+07 3.312661e+07 3.094866e+07 2.905142e+07 2.732703e+07 2.575856e+07 2.434478e+07
6.976677e+07 6.976677e+07 6.976677e+07 6.976677e+07 6.976677e+07 6.975322e+07 6.893935e+07 6.414546e+07 6.207828e+07 6.050519e+07 5.836490e+07 5.694270e+07 5.584466e+07 5.489805e+07 5.402576e+07 5.319200e+07 5.237967e+07 4.848054e+07 4.489700e+07 4.178038e+07 3.917283e+07 3.703077e+07 3.527382e+07 3.256552e+07 3.046276e+07 2.863908e+07 2.697844e+07 2.546048e+07 2.408545e+07
6.802329e+07 6.802329e+07 6.802329e+07 6.802329e+07 6.802329e+07 6.801020e+07 6.722245e+07 6.259232e+07 6.059882e+07 5.908290e+07 5.702173e+07 5.565240e+07 5.459469e+07 5.368213e+07 5.284053e+07 5.203553e+07 5.125073e+07 4.747818e+07 4.400489e+07 4.098051e+07 3.844654e+07 3.636139e+07 3.464929e+07 3.201466e+07 2.998323e+07 2.823008e+07 2.663176e+07 2.516399e+07 2.382780e+07
6.635716e+07 6.635716e+07 6.635716e+07 6.635716e+07 6.635716e+07 6.634446e+07 6.558101e+07 6.110209e+07 5.917622e+07 5.771261e+07 5.572365e+07 5.440248e+07 5.338154e+07 5.250014e+07 5.168677e+07 5.090838e+07 5.014919e+07 4.649646e+07 4.312963e+07 4.019534e+07 3.773387e+07 3.570517e+07 3.403746e+07 3.147422e+07 2.951051e+07 2.782481e+07 2.628721e+07 2.486916e+07 2.357180e+07
6.476424e+07 6.476424e+07 6.476424e+07 6.476423e+07 6.476423e+07 6.475185e+07 6.401100e+07 5.967208e+07 5.780854e+07 5.639304e+07 5.447031e+07 5.319326e+07 5.220604e+07 5.135329e+07 5.056598e+07 4.981224e+07 4.907690e+07 4.553715e+07 4.227247e+07 3.942563e+07 3.703522e+07 3.506223e+07 3.343833e+07 3.094438e+07 2.904496e+07 2.742364e+07 2.594502e+07 2.457605e+07 2.331746e+07
6.323722e+07 6.323722e+07 6.323722e+07 6.323722e+07 6.323721e+07 6.322520e+07 6.250578e+07 5.829809e+07 5.649261e+07 5.512181e+07 5.326042e+07 5.202416e+07 5.106811e+07 5.024189e+07 4.947876e+07 4.874796e+07 4.803487e+07 4.460154e+07 4.143444e+07 3.867204e+07 3.635091e+07 3.443269e+07 3.285193e+07 3.042523e+07 2.858691e+07 2.702693e+07 2.560543e+07 2.428478e+07 2.306478e+07
6.177273e+07 6.177273e+07 6.177273e+07 6.177272e+07 6.177272e+07 6.176103e+07 6.106180e+07 5.697714e+07 5.522589e+07 5.389675e+07 5.209246e+07 5.089412e+07 4.996710e+07 4.916563e+07 4.842508e+07 4.771575e+07 4.702352e+07 4.369046e+07 4.061631e+07 3.793512e+07 3.568126e+07 3.381664e+07 3.227824e+07 2.991686e+07 2.813661e+07 2.663500e+07 2.526866e+07 2.399545e+07 2.281379e+07
6.036644e+07 6.036644e+07 6.036644e+07 6.036643e+07 6.036643e+07 6.035500e+07 5.967476e+07 5.570583e+07 5.400546e+07 5.271536e+07 5.096455e+07 4.980178e+07 4.890201e+07 4.812379e+07 4.740450e+07 4.671536e+07 4.604278e+07 4.280439e+07 3.981861e+07 3.721529e+07 3.502650e+07 3.321415e+07 3.171724e+07 2.941927e+07 2.769430e+07 2.624814e+07 2.493494e+07 2.370817e+07 2.256451e+07
5.901149e+07 5.901149e+07 5.901149e+07 5.901149e+07 5.901149e+07 5.900037e+07 5.833845e+07 5.447991e+07 5.282791e+07 5.157487e+07 4.987475e+07 4.874565e+07 4.787169e+07 4.711549e+07 4.641632e+07 4.574630e+07 4.509229e+07 4.194346e+07 3.904165e+07 3.651282e+07 3.438679e+07 3.262526e+07 3.116887e+07 2.893248e+07 2.726014e+07 2.586663e+07 2.460450e+07 2.342308e+07 2.231698e+07
5.770564e+07 5.770564e+07 5.770564e+07 5.770564e+07 5.770563e+07 5.769481e+07 5.705040e+07 5.329717e+07 5.169124e+07 5.047348e+07 4.882160e+07 4.772453e+07 4.687511e+07 4.613984e+07 4.545978e+07 4.480791e+07 4.417151e+07 4.110758e+07 3.828556e+07 3.582789e+07 3.376223e+07 3.204997e+07 3.063307e+07 2.845645e+07 2.683427e+07 2.549070e+07 2.427755e+07 2.314029e+07 2.207126e+07
5.644731e+07 5.644731e+07 5.644731e+07 5.644731e+07 5.644731e+07 5.643681e+07 5.580925e+07 5.215654e+07 5.059444e+07 4.941023e+07 4.780416e+07 4.673750e+07 4.591136e+07 4.519598e+07 4.453407e+07 4.389944e+07 4.327978e+07 4.029644e+07 3.755028e+07 3.516053e+07 3.315284e+07 3.148825e+07 3.010976e+07 2.799110e+07 2.641679e+07 2.512057e+07 2.395429e+07 2.285993e+07 2.182739e+07
5.523673e+07 5.523673e+07 5.523673e+07 5.523673e+07 5.523672e+07 5.522648e+07 5.461485e+07 5.105743e+07 4.953684e+07 4.838434e+07 4.682156e+07 4.578363e+07 4.497954e+07 4.428300e+07 4.363832e+07 4.302007e+07 4.241631e+07 3.950961e+07 3.683564e+07 3.451069e+07 3.255860e+07 3.094001e+07 2.959880e+07 2.753636e+07 2.600775e+07 2.475640e+07 2.363493e+07 2.258214e+07 2.158543e+07
5.407138e+07 5.407138e+07 5.407138e+07 5.407138e+07 5.407137e+07 5.406136e+07 5.346490e+07 4.999805e+07 4.851681e+07 4.739436e+07 4.587253e+07 4.486177e+07 4.407854e+07 4.339986e+07 4.277154e+07 4.216886e+07 4.158023e+07 3.874653e+07 3.614134e+07 3.387823e+07 3.197940e+07 3.040516e+07 2.910008e+07 2.709212e+07 2.560717e+07 2.439835e+07 2.331962e+07 2.230704e+07 2.134545e+07
5.294755e+07 5.294755e+07 5.294755e+07 5.294755e+07 5.294755e+07 5.293777e+07 5.235589e+07 4.897572e+07 4.753206e+07 4.643824e+07 4.495540e+07 4.397047e+07 4.320706e+07 4.254537e+07 4.193263e+07 4.134478e+07 4.077060e+07 3.800659e+07 3.546702e+07 3.326294e+07 3.141511e+07 2.988356e+07 2.861344e+07 2.665823e+07 2.521507e+07 2.404655e+07 2.300854e+07 2.203477e+07 2.110751e+07
5.186278e+07 5.186278e+07 5.186278e+07 5.186278e+07 5.186278e+07 5.185323e+07 5.128534e+07 4.798821e+07 4.658050e+07 4.551408e+07 4.406850e+07 4.310823e+07 4.236375e+07 4.171829e+07 4.112044e+07 4.054679e+07 3.998643e+07 3.728910e+07 3.481224e+07 3.266454e+07 3.086554e+07 2.937503e+07 2.813870e+07 2.623458e+07 2.483140e+07 2.370108e+07 2.270183e+07 2.176544e+07 2.087168e+07
5.081487e+07 5.081487e+07 5.081487e+07 5.081487e+07 5.081487e+07 5.080556e+07 5.025114e+07 4.703367e+07 4.566040e+07 4.462021e+07 4.321030e+07 4.227365e+07 4.154732e+07 4.091743e+07 4.033386e+07 3.977384e+07 3.922674e+07 3.659336e+07 3.417652e+07 3.208273e+07 3.033045e+07 2.887938e+07 2.767567e+07 2.582098e+07 2.445613e+07 2.336202e+07 2.239961e+07 2.149917e+07 2.063805e+07
4.980231e+07 4.980231e+07 4.980231e+07 4.980231e+07 4.980230e+07 4.979320e+07 4.925170e+07 4.611058e+07 4.477031e+07 4.375524e+07 4.237950e+07 4.146552e+07 4.075662e+07 4.014169e+07 3.957187e+07 3.902496e+07 3.849061e+07 3.591869e+07 3.355938e+07 3.151714e+07 2.980959e+07 2.839640e+07 2.722416e+07 2.541728e+07 2.408917e+07 2.302941e+07 2.210201e+07 2.123607e+07 2.040667e+07
4.882347e+07 4.882347e+07 4.882347e+07 4.882347e+07 4.882347e+07 4.881459e+07 4.828555e+07 4.521773e+07 4.390908e+07 4.291809e+07 4.157509e+07 4.068283e+07 3.999067e+07 3.939012e+07 3.883353e+07 3.829924e+07 3.777718e+07 3.526440e+07 3.296028e+07 3.096741e+07 2.930268e+07 2.792585e+07 2.678394e+07 2.502329e+07 2.373045e+07 2.270329e+07 2.180912e+07 2.097624e+07 2.017762e+07
4.787804e+07 4.787804e+07 4.787804e+07 4.787804e+07 4.787804e+07 4.786936e+07 4.735222e+07 4.435445e+07 4.307600e+07 4.210798e+07 4.079624e+07 3.992475e+07 3.924862e+07 3.866189e+07 3.811801e+07 3.759588e+07 3.708566e+07 3.462981e+07 3.237870e+07 3.043313e+07 2.880942e+07 2.746748e+07 2.635480e+07 2.463883e+07 2.337986e+07 2.238366e+07 2.152102e+07 2.071979e+07 1.995097e+07
4.696461e+07 4.696461e+07 4.696461e+07 4.696461e+07 4.696461e+07 4.695611e+07 4.645035e+07 4.351959e+07 4.226999e+07 4.132392e+07 4.004204e+07 3.919042e+07 3.852965e+07 3.795619e+07 3.742455e+07 3.691411e+07 3.641529e+07 3.401429e+07 3.181413e+07 2.991390e+07 2.832948e+07 2.702103e+07 2.593649e+07 2.426370e+07 2.303728e+07 2.207050e+07 2.123777e+07 2.046680e+07 1.972680e+07
4.608074e+07 4.608074e+07 4.608074e+07 4.608074e+07 4.608073e+07 4.607242e+07 4.557765e+07 4.271144e+07 4.148962e+07 4.056466e+07 3.931149e+07 3.847896e+07 3.783296e+07 3.727225e+07 3.675239e+07 3.625322e+07 3.576538e+07 3.341721e+07 3.126604e+07 2.940931e+07 2.786254e+07 2.658624e+07 2.552878e+07 2.389770e+07 2.270259e+07 2.176380e+07 2.095943e+07 2.021734e+07 1.950517e+07
4.522485e+07 4.522485e+07 4.522485e+07 4.522485e+07 4.522485e+07 4.521674e+07 4.473266e+07 4.192885e+07 4.073383e+07 3.982923e+07 3.860373e+07 3.778958e+07 3.715780e+07 3.660937e+07 3.610084e+07 3.561251e+07 3.513525e+07 3.283797e+07 3.073392e+07 2.891894e+07 2.740827e+07 2.616281e+07 2.513143e+07 2.354064e+07 2.237566e+07 2.146351e+07 2.068603e+07 1.997150e+07 1.928614e+07
4.439734e+07 4.439734e+07 4.439734e+07 4.439734e+07 4.439734e+07 4.438940e+07 4.391553e+07 4.117153e+07 4.000220e+07 3.911712e+07 3.791813e+07 3.712161e+07 3.650347e+07 3.596684e+07 3.546920e+07 3.499131e+07 3.452424e+07 3.227596e+07 3.021724e+07 2.844237e+07 2.696633e+07 2.575048e+07 2.474419e+07 2.319230e+07 2.205634e+07 2.116957e+07 2.041759e+07 1.972932e+07 1.906978e+07
4.359707e+07 4.359707e+07 4.359707e+07 4.359707e+07 4.359706e+07 4.358928e+07 4.312522e+07 4.043862e+07 3.929392e+07 3.842753e+07 3.725395e+07 3.647433e+07 3.586928e+07 3.534397e+07 3.485682e+07 3.438897e+07 3.393171e+07 3.173062e+07 2.971552e+07 2.797917e+07 2.653636e+07 2.534894e+07 2.436680e+07 2.285248e+07 2.174448e+07 2.088192e+07 2.015413e+07 1.949086e+07 1.885614e+07
4.282230e+07 4.282230e+07 4.282230e+07 4.282230e+07 4.282230e+07 4.281467e+07 4.236008e+07 3.972883e+07 3.860784e+07 3.775946e+07 3.661032e+07 3.584695e+07 3.525448e+07 3.474008e+07 3.426301e+07 3.380483e+07 3.335700e+07 3.120137e+07 2.922826e+07 2.752893e+07 2.611804e+07 2.495793e+07 2.399902e+07 2.252098e+07 2.143994e+07 2.060049e+07 1.989564e+07 1.925617e+07 1.864528e+07
4.207171e+07 4.207171e+07 4.207171e+07 4.207171e+07 4.207171e+07 4.206425e+07 4.161885e+07 3.904108e+07 3.794300e+07 3.711199e+07 3.598642e+07 3.523870e+07 3.465836e+07 3.415445e+07 3.368710e+07 3.323823e+07 3.279950e+07 3.068764e+07 2.875495e+07 2.709125e+07 2.571102e+07 2.457714e+07 2.364059e+07 2.219759e+07 2.114256e+07 2.032519e+07 1.964212e+07 1.902528e+07 1.843724e+07
4.134492e+07 4.134492e+07 4.134492e+07 4.134492e+07 4.134492e+07 4.133760e+07 4.090103e+07 3.837475e+07 3.729871e+07 3.648442e+07 3.538153e+07 3.464888e+07 3.408022e+07 3.358642e+07 3.312843e+07 3.268854e+07 3.225856e+07 3.018889e+07 2.829514e+07 2.666571e+07 2.531495e+07 2.420630e+07 2.329128e+07 2.188210e+07 2.085217e+07 2.005592e+07 1.939353e+07 1.879822e+07 1.823207e+07
4.064099e+07 4.064099e+07 4.064099e+07 4.064099e+07 4.064099e+07 4.063381e+07 4.020575e+07 3.772907e+07 3.667424e+07 3.587603e+07 3.479496e+07 3.407681e+07 3.351939e+07 3.303533e+07 3.258635e+07 3.215511e+07 3.173359e+07 2.970457e+07 2.784834e+07 2.625191e+07 2.492951e+07 2.384512e+07 2.295083e+07 2.157432e+07 2.056863e+07 1.979261e+07 1.914985e+07 1.857499e+07 1.802980e+07
3.995871e+07 3.995871e+07 3.995871e+07 3.995871e+07 3.995871e+07 3.995167e+07 3.953184e+07 3.710304e+07 3.606868e+07 3.528598e+07 3.422595e+07 3.352178e+07 3.297519e+07 3.250053e+07 3.206025e+07 3.163735e+07 3.122396e+07 2.923415e+07 2.741409e+07 2.584947e+07 2.455437e+07 2.349333e+07 2.261900e+07 2.127404e+07 2.029176e+07 1.953513e+07 1.891105e+07 1.835562e+07 1.783047e+07
3.929698e+07 3.929698e+07 3.929698e+07 3.929698e+07 3.929698e+07 3.929007e+07 3.887822e+07 3.649575e+07 3.548118e+07 3.471348e+07 3.367378e+07 3.298310e+07 3.244698e+07 3.198138e+07 3.154948e+07 3.113462e+07 3.072909e+07 2.877709e+07 2.699194e+07 2.545800e+07 2.418921e+07 2.315064e+07 2.229555e+07 2.098106e+07 2.002142e+07 1.928339e+07 1.867707e+07 1.814011e+07 1.763410e+07
3.865508e+07 3.865508e+07 3.865508e+07 3.865508e+07 3.865508e+07 3.864831e+07 3.824417e+07 3.590651e+07 3.491107e+07 3.415786e+07 3.313778e+07 3.246014e+07 3.193410e+07 3.147725e+07 3.105344e+07 3.064635e+07 3.024839e+07 2.833289e+07 2.658145e+07 2.507713e+07 2.383370e+07 2.281680e+07 2.198024e+07 2.069520e+07 1.975745e+07 1.903728e+07 1.844786e+07 1.792845e+07 1.744072e+07
3.803241e+07 3.803241e+07 3.803241e+07 3.803241e+07 3.803241e+07 3.802576e+07 3.762907e+07 3.533468e+07 3.435770e+07 3.361846e+07 3.261732e+07 3.195224e+07 3.143594e+07 3.098752e+07 3.057153e+07 3.017192e+07 2.978129e+07 2.790104e+07 2.618219e+07 2.470650e+07 2.348755e+07 2.249153e+07 2.167286e+07 2.041627e+07 1.949968e+07 1.879669e+07 1.822337e+07 1.772063e+07 1.725035e+07
3.742789e+07 3.742789e+07 3.742789e+07 3.742789e+07 3.742789e+07 3.742135e+07 3.703187e+07 3.477934e+07 3.382021e+07 3.309450e+07 3.211167e+07 3.145875e+07 3.095186e+07 3.051159e+07 3.010314e+07 2.971077e+07 2.932721e+07 2.748107e+07 2.579376e+07 2.434575e+07 2.315046e+07 2.217458e+07 2.137316e+07 2.014407e+07 1.924797e+07 1.856150e+07 1.800354e+07 1.751664e+07 1.706300e+07
3.684019e+07 3.684019e+07 3.684019e+07 3.684019e+07 3.684019e+07 3.683376e+07 3.645130e+07 3.423949e+07 3.329773e+07 3.258516e+07 3.162013e+07 3.097899e+07 3.048122e+07 3.004884e+07 2.964769e+07 2.926232e+07 2.888560e+07 2.707250e+07 2.541576e+07 2.399456e+07 2.282213e+07 2.186571e+07 2.108094e+07 1.987842e+07 1.900216e+07 1.833160e+07 1.778829e+07 1.731645e+07 1.687867e+07
3.626855e+07 3.626855e+07 3.626855e+07 3.626855e+07 3.626855e+07 3.626225e+07 3.588665e+07 3.371448e+07 3.278962e+07 3.208982e+07 3.114206e+07 3.051236e+07 3.002342e+07 2.959868e+07 2.920461e+07 2.882603e+07 2.845594e+07 2.667489e+07 2.504781e+07 2.365259e+07 2.250229e+07 2.156466e+07 2.079597e+07 1.961915e+07 1.876209e+07 1.810687e+07 1.757757e+07 1.712004e+07 1.669738e+07
