0.000000e+00 0.000000e+00 0.000000e+00 0.000000e+00 0.000000e+00 1.069550e-144 4.413466e-74 2.549165e-38 5.116198e-31 4.271756e-26 7.456210e-20 4.929375e-16 1.950219e-13 1.519283e-11 4.243072e-10 5.938843e-09 5.100238e-08 4.473561e-05 2.210793e-03 4.918994e-02 5.944449e-01 3.926351e+00 1.655036e+01 1.244785e+02 4.689657e+02 1.165084e+03 2.183992e+03 3.344560e+03 4.428476e+03
0.000000e+00 0.000000e+00 0.000000e+00 0.000000e+00 0.000000e+00 2.497976e-144 6.151327e-74 2.941346e-38 5.716076e-31 4.675927e-26 7.964544e-20 5.191872e-16 2.035397e-13 1.575518e-11 4.379334e-10 6.107256e-09 5.229721e-08 4.547957e-05 2.237769e-03 4.966128e-02 5.991678e-01 3.953028e+00 1.664844e+01 1.250620e+02 4.707622e+02 1.168796e+03 2.189832e+03 3.352103e+03 4.436926e+03
0.000000e+00 0.000000e+00 0.000000e+00 0.000000e+00 0.000000e+00 1.066063e-143 1.030782e-73 3.552932e-38 6.575197e-31 5.222365e-26 8.603325e-20 5.507348e-16 2.134739e-13 1.639704e-11 4.532348e-10 6.293986e-09 5.371831e-08 4.627132e-05 2.266035e-03 5.015060e-02 6.040404e-01 3.980427e+00 1.674884e+01 1.256565e+02 4.725867e+02 1.172558e+03 2.195740e+03 3.359722e+03 4.445450e+03
0.000000e+00 0.000000e+00 0.000000e+00 0.000000e+00 0.000000e+00 6.072518e-143 2.030901e-73 4.493363e-38 7.790292e-31 5.953816e-26 9.401001e-20 5.884905e-16 2.250255e-13 1.712802e-11 4.703880e-10 6.500744e-09 5.527625e-08 4.711354e-05 2.295647e-03 5.065848e-02 6.090668e-01 4.008566e+00 1.685160e+01 1.262622e+02 4.744396e+02 1.176369e+03 2.201715e+03 3.367418e+03 4.454051e+03
0.000000e+00 0.000000e+00 0.000000e+00 0.000000e+00 0.000000e+00 4.075879e-142 4.399078e-73 5.953673e-38 9.503897e-31 6.927634e-26 1.039219e-19 6.335097e-16 2.384209e-13 1.795874e-11 4.895856e-10 6.729377e-09 5.698238e-08 4.800898e-05 2.326660e-03 5.118554e-02 6.142512e-01 4.037463e+00 1.695678e+01 1.268793e+02 4.763214e+02 1.180230e+03 2.207758e+03 3.375190e+03 4.462727e+03
0.000000e+00 0.000000e+00 0.000000e+00 0.000000e+00 0.000000e+00 2.997839e-141 1.021681e-72 8.232081e-38 1.194908e-30 8.226165e-26 1.162049e-19 6.870383e-16 2.539180e-13 1.890102e-11 5.110384e-10 6.981883e-09 5.884886e-08 4.896057e-05 2.359130e-03 5.173241e-02 6.195980e-01 4.067135e+00 1.706443e+01 1.275079e+02 4.782324e+02 1.184143e+03 2.213871e+03 3.383041e+03 4.471481e+03
0.000000e+00 0.000000e+00 0.000000e+00 0.000000e+00 0.000000e+00 2.336400e-140 2.505806e-72 1.173024e-37 1.544267e-30 9.976851e-26 1.314292e-19 7.505822e-16 2.718144e-13 1.996816e-11 5.349786e-10 7.260433e-09 6.088878e-08 4.997134e-05 2.393117e-03 5.229973e-02 6.251114e-01 4.097600e+00 1.717460e+01 1.281483e+02 4.801729e+02 1.188107e+03 2.220053e+03 3.390970e+03 4.480312e+03
0.000000e+00 0.000000e+00 0.000000e+00 0.000000e+00 0.000000e+00 1.896211e-139 6.397216e-72 1.709822e-37 2.037170e-30 1.233468e-25 1.503734e-19 8.260074e-16 2.924601e-13 2.117521e-11 5.616640e-10 7.567404e-09 6.311627e-08 5.104449e-05 2.428682e-03 5.288816e-02 6.307960e-01 4.128876e+00 1.728734e+01 1.288005e+02 4.821434e+02 1.192123e+03 2.226305e+03 3.398978e+03 4.489221e+03
0.000000e+00 0.000000e+00 0.000000e+00 0.000000e+00 0.000000e+00 1.585896e-138 1.681899e-71 2.540854e-37 2.730490e-30 1.547887e-25 1.741427e-19 9.156852e-16 3.162729e-13 2.253952e-11 5.913839e-10 7.905406e-09 6.554669e-08 5.218335e-05 2.465889e-03 5.349839e-02 6.366565e-01 4.160983e+00 1.740269e+01 1.294649e+02 4.841444e+02 1.196191e+03 2.232629e+03 3.407065e+03 4.498208e+03
0.000000e+00 0.000000e+00 0.000000e+00 0.000000e+00 0.000000e+00 1.357425e-137 4.521513e-71 3.842122e-37 3.709070e-30 1.965692e-25 2.038619e-19 1.022739e-15 3.437614e-13 2.408130e-11 6.244652e-10 8.277337e-09 6.819681e-08 5.339147e-05 2.504804e-03 5.413110e-02 6.426975e-01 4.193939e+00 1.752072e+01 1.301416e+02 4.861761e+02 1.200314e+03 2.239024e+03 3.415233e+03 4.507275e+03
0.000000e+00 0.000000e+00 0.000000e+00 0.000000e+00 0.000000e+00 1.183398e-136 1.237049e-70 5.901106e-37 5.099519e-30 2.521334e-25 2.407853e-19 1.151275e-15 3.755558e-13 2.582439e-11 6.612818e-10 8.686434e-09 7.108503e-08 5.467254e-05 2.545495e-03 5.478703e-02 6.489238e-01 4.227763e+00 1.764147e+01 1.308308e+02 4.882390e+02 1.204489e+03 2.245491e+03 3.423483e+03 4.516421e+03
0.000000e+00 0.000000e+00 0.000000e+00 0.000000e+00 0.000000e+00 7.137670e-132 2.255498e-68 5.972296e-36 2.904792e-29 9.888763e-25 6.082657e-19 2.268302e-15 6.297893e-13 3.878046e-11 9.194925e-10 1.143648e-08 8.990048e-08 6.231824e-05 2.778171e-03 5.844156e-02 6.830123e-01 4.410626e+00 1.828807e+01 1.344715e+02 4.990359e+02 1.226198e+03 2.278939e+03 3.465967e+03 4.563365e+03
0.000000e+00 0.000000e+00 0.000000e+00 0.000000e+00 0.000000e+00 5.132869e-127 4.883257e-66 7.145046e-35 1.949699e-28 4.513624e-24 1.726051e-18 4.913305e-15 1.151085e-12 6.302354e-11 1.370226e-09 1.594820e-08 1.191173e-07 7.249711e-05 3.067241e-03 6.279771e-02 7.225278e-01 4.618361e+00 1.901141e+01 1.384560e+02 5.106762e+02 1.249347e+03 2.314301e+03 3.510578e+03 4.612384e+03
0.000000e+00 0.000000e+00 0.000000e+00 0.000000e+00 0.000000e+00 4.065584e-122 1.163353e-63 9.367897e-34 1.434018e-27 2.258556e-23 5.333678e-18 1.141110e-14 2.227031e-12 1.077149e-10 2.141190e-09 2.327567e-08 1.647020e-07 8.606986e-05 3.425399e-03 6.797560e-02 7.682265e-01 4.853900e+00 1.981934e+01 1.428120e+02 5.232159e+02 1.274014e+03 2.351669e+03 3.557401e+03 4.663550e+03
0.000000e+00 0.000000e+00 0.000000e+00 0.000000e+00 0.000000e+00 3.423338e-117 2.945338e-61 1.302748e-32 1.117618e-26 1.197329e-22 1.746874e-17 2.798720e-14 4.514598e-12 1.914110e-10 3.461430e-09 3.505300e-08 2.346906e-07 1.043686e-04 3.869270e-03 7.412049e-02 8.209817e-01 5.120536e+00 2.072052e+01 1.475694e+02 5.367144e+02 1.300285e+03 2.391135e+03 3.606525e+03 4.716935e+03
0.000000e+00 0.000000e+00 0.000000e+00 0.000000e+00 0.000000e+00 3.006878e-112 7.777470e-59 1.887927e-31 9.070535e-26 6.606202e-22 5.954835e-17 7.145015e-14 9.504978e-12 3.517015e-10 5.758224e-09 5.412206e-08 3.420891e-07 1.290132e-04 4.421555e-03 8.141252e-02 8.818202e-01 5.422010e+00 2.172455e+01 1.527606e+02 5.512346e+02 1.328246e+03 2.432798e+03 3.658041e+03 4.772615e+03
0.000000e+00 0.000000e+00 0.000000e+00 0.000000e+00 0.000000e+00 2.724005e-107 2.118062e-56 2.820510e-30 7.586143e-25 3.754437e-21 2.089899e-16 1.878504e-13 2.060642e-11 6.644424e-10 9.822362e-09 8.542207e-08 5.083557e-07 1.618762e-04 5.114487e-03 9.008077e-02 9.519695e-01 5.762623e+00 2.284219e+01 1.584203e+02 5.668434e+02 1.357992e+03 2.476759e+03 3.712041e+03 4.830666e+03
0.000000e+00 0.000000e+00 0.000000e+00 0.000000e+00 0.000000e+00 2.526713e-102 5.905809e-54 4.313354e-29 6.493248e-24 2.183077e-20 7.500370e-16 5.050053e-13 4.569061e-11 1.283612e-09 1.711543e-08 1.374791e-07 7.687034e-07 2.055439e-04 5.980791e-03 1.004272e-01 1.032923e+00 6.147391e+00 2.408562e+01 1.645870e+02 5.836122e+02 1.389618e+03 2.523122e+03 3.768623e+03 4.891165e+03
0.000000e+00 0.000000e+00 0.000000e+00 0.000000e+00 0.000000e+00 2.387781e-97 1.677651e-51 6.719385e-28 5.660791e-23 1.292689e-19 2.740075e-15 1.381653e-12 1.031117e-10 2.524222e-09 3.035212e-08 2.250125e-07 1.180649e-06 2.636161e-04 7.056919e-03 1.128485e-01 1.126535e+00 6.582231e+00 2.546875e+01 1.713023e+02 6.016177e+02 1.423227e+03 2.571998e+03 3.827885e+03 4.954192e+03
0.000000e+00 0.000000e+00 0.000000e+00 0.000000e+00 0.000000e+00 2.290757e-92 4.837980e-49 1.062554e-26 5.009189e-22 7.768719e-19 1.015659e-14 3.834367e-12 2.360226e-10 5.035414e-09 5.460529e-08 3.735393e-07 1.838224e-06 3.411264e-04 8.389508e-03 1.276953e-01 1.235200e+00 7.074219e+00 2.700767e+01 1.786128e+02 6.209423e+02 1.458928e+03 2.623501e+03 3.889929e+03 5.019828e+03
0.000000e+00 0.000000e+00 0.000000e+00 0.000000e+00 0.000000e+00 2.225200e-87 1.412630e-46 1.701191e-25 4.487638e-21 4.726462e-18 3.810490e-14 1.076807e-11 5.466265e-10 1.016350e-08 9.940853e-08 6.275082e-07 2.895687e-06 4.450917e-04 1.003805e-02 1.453642e-01 1.361783e+00 7.631978e+00 2.872109e+01 1.865698e+02 6.416753e+02 1.496835e+03 2.677749e+03 3.954862e+03 5.088155e+03
0.000000e+00 0.000000e+00 0.000000e+00 0.000000e+00 0.000000e+00 2.184229e-82 4.168016e-44 2.752186e-24 4.062348e-20 2.905446e-17 1.444265e-13 3.054495e-11 1.278559e-09 2.071683e-08 1.827707e-07 1.064703e-06 4.607106e-06 5.852570e-04 1.207891e-02 1.663389e-01 1.508618e+00 8.266558e+00 3.063111e+01 1.952312e+02 6.639138e+02 1.537071e+03 2.734870e+03 4.022793e+03 5.159258e+03
0.000000e+00 0.000000e+00 0.000000e+00 0.000000e+00 0.000000e+00 2.163181e-77 1.240779e-41 4.492173e-23 3.710063e-19 1.801862e-16 5.522116e-13 8.739316e-11 3.015983e-09 4.258392e-08 3.388686e-07 1.821810e-06 7.392507e-06 7.751290e-04 1.461024e-02 1.912052e-01 1.678418e+00 8.989685e+00 3.276431e+01 2.046618e+02 6.877637e+02 1.579767e+03 2.794994e+03 4.093834e+03 5.233226e+03
0.000000e+00 0.000000e+00 0.000000e+00 0.000000e+00 0.000000e+00 2.158836e-72 3.722118e-39 7.388544e-22 3.414308e-18 1.125999e-15 2.127378e-12 2.519153e-10 7.166839e-09 8.816962e-08 6.328357e-07 3.139941e-06 1.194868e-05 1.033428e-03 1.775796e-02 2.206765e-01 1.874385e+00 9.810753e+00 3.515446e+01 2.149355e+02 7.133410e+02 1.625063e+03 2.858260e+03 4.168105e+03 5.310146e+03
0.000000e+00 0.000000e+00 0.000000e+00 0.000000e+00 2.719918e-309 2.168942e-67 1.124052e-36 1.223367e-20 3.163114e-17 7.083351e-15 8.249885e-12 7.309127e-10 1.714043e-08 1.837174e-07 1.189281e-06 5.445900e-06 1.943522e-05 1.386127e-03 2.168314e-02 2.556236e-01 2.100268e+00 1.074086e+01 3.783289e+01 2.261363e+02 7.407737e+02 1.673110e+03 2.924817e+03 4.245729e+03 5.390111e+03
0.000000e+00 0.000000e+00 0.000000e+00 0.000000e+00 4.124927e-284 2.191926e-62 3.414537e-34 2.037511e-19 2.947600e-16 4.482045e-14 3.217904e-11 2.132926e-09 4.122732e-08 3.849619e-07 2.247437e-06 9.497601e-06 3.178751e-05 1.869310e-03 2.659131e-02 2.971105e-01 2.360475e+00 1.179279e+01 4.082556e+01 2.383617e+02 7.702033e+02 1.724072e+03 2.994818e+03 4.326833e+03 5.473215e+03
0.000000e+00 0.000000e+00 0.000000e+00 0.000000e+00 6.288312e-259 2.226700e-57 1.042640e-31 3.411124e-18 2.761048e-15 2.850767e-13 1.261640e-10 6.256138e-09 9.966551e-08 8.106881e-07 4.268076e-06 1.664487e-05 5.224421e-05 2.533177e-03 3.274432e-02 3.464347e-01 2.660203e+00 1.298120e+01 4.416325e+01 2.517283e+02 8.017870e+02 1.778125e+03 3.068431e+03 4.411553e+03 5.559557e+03
0.000000e+00 0.000000e+00 0.000000e+00 0.000000e+00 9.630872e-234 2.272537e-52 3.198531e-29 5.737280e-17 2.598295e-14 1.821602e-12 4.969300e-10 1.843407e-08 2.420306e-07 1.714869e-06 8.141264e-06 2.929810e-05 8.623773e-05 3.447637e-03 4.047551e-02 4.051756e-01 3.005593e+00 1.432287e+01 4.788083e+01 2.663762e+02 8.357007e+02 1.835460e+03 3.145831e+03 4.500029e+03 5.649238e+03
0.000000e+00 0.000000e+00 0.000000e+00 0.000000e+00 1.481168e-208 2.328989e-47 9.853105e-27 9.689907e-16 2.455310e-13 1.168816e-11 1.965394e-09 5.454057e-08 5.901504e-07 3.642110e-06 1.559086e-05 5.177158e-05 1.428988e-04 4.710120e-03 5.020893e-02 4.752509e-01 3.403895e+00 1.583712e+01 5.201756e+01 2.824035e+02 8.721429e+02 1.896288e+03 3.227208e+03 4.592410e+03 5.742362e+03
0.000000e+00 0.000000e+00 0.000000e+00 0.000000e+00 2.286512e-183 2.395821e-42 3.046675e-24 1.642715e-14 2.328906e-12 7.527745e-11 7.802327e-09 1.619676e-07 1.444270e-06 7.763270e-06 2.996329e-05 9.180258e-05 2.375994e-04 6.456439e-03 6.248372e-02 5.589858e-01 3.863666e+00 1.754620e+01 5.661762e+01 2.999079e+02 9.113414e+02 1.960836e+03 3.312762e+03 4.688853e+03 5.839040e+03
0.000000e+00 0.000000e+00 0.000000e+00 4.389112e-308 3.541780e-158 2.472978e-37 9.452739e-22 2.794359e-13 2.216531e-11 4.864728e-10 3.107903e-08 4.826052e-07 3.546232e-06 1.660120e-05 5.776674e-05 1.632873e-04 3.962460e-04 8.875810e-03 7.798477e-02 6.591949e-01 4.394987e+00 1.947576e+01 6.173087e+01 3.190017e+02 9.535735e+02 2.029357e+03 3.402712e+03 4.789521e+03 5.939383e+03
0.000000e+00 0.000000e+00 0.000000e+00 1.132727e-257 5.503222e-133 2.560550e-32 2.941958e-19 4.768133e-12 2.116124e-10 3.153517e-09 1.241772e-07 1.442321e-06 8.732825e-06 3.560081e-05 1.116728e-04 2.911992e-04 6.625055e-04 1.223149e-02 9.758088e-02 7.792822e-01 5.009718e+00 2.165540e+01 6.741370e+01 3.398094e+02 9.991145e+02 2.102130e+03 3.497290e+03 4.894589e+03 6.043511e+03
0.000000e+00 0.000000e+00 0.000000e+00 2.931612e-207 8.575217e-108 2.658760e-27 9.182218e-17 8.159169e-11 2.025986e-09 2.049993e-08 4.975106e-07 4.321747e-06 2.155771e-05 7.652019e-05 2.163504e-04 5.203850e-04 1.109886e-03 1.688878e-02 1.223721e-01 9.233605e-01 5.721791e+00 2.411925e+01 7.372992e+01 3.624675e+02 1.048134e+03 2.179466e+03 3.596749e+03 5.004243e+03 6.151547e+03
0.000000e+00 0.000000e+00 0.000000e+00 7.607111e-157 1.339693e-82 2.767940e-22 2.873364e-14 1.399802e-09 1.944615e-08 1.335899e-07 1.997620e-06 1.297411e-05 5.330407e-05 1.647107e-04 4.197072e-04 9.311288e-04 1.861686e-03 2.335250e-02 1.537475e-01 1.096395e+00 6.547555e+00 2.690657e+01 8.075183e+01 3.871256e+02 1.100832e+03 2.261726e+03 3.701361e+03 5.118680e+03 6.263621e+03
0.000000e+00 0.000000e+00 0.000000e+00 1.978683e-106 2.098014e-57 2.888534e-17 9.013123e-12 2.406496e-08 1.869732e-07 8.717310e-07 8.026300e-06 3.895680e-05 1.317956e-04 3.545045e-04 8.141555e-04 1.666131e-03 3.123216e-03 3.231599e-02 1.934552e-01 1.304374e+00 7.506177e+00 3.006253e+01 8.856131e+01 4.139483e+02 1.157428e+03 2.349351e+03 3.811426e+03 5.238107e+03 6.379867e+03
0.000000e+00 0.000000e+00 5.661185e-243 5.158185e-56 3.292880e-32 3.021065e-12 2.830510e-09 4.121801e-07 1.789808e-06 5.661810e-06 3.209671e-05 1.164650e-04 3.246465e-04 7.606381e-04 1.575419e-03 2.975615e-03 5.232047e-03 4.472347e-02 2.436854e-01 1.554515e+00 8.620122e+00 3.363903e+01 9.725105e+01 4.431163e+02 1.218163e+03 2.442647e+03 3.927272e+03 5.362750e+03 6.500429e+03
4.607052e-08 4.607053e-08 4.608660e-08 5.407274e-08 6.184226e-08 2.147626e-07 6.979407e-07 6.546277e-06 1.631891e-05 3.549284e-05 1.254913e-04 3.427281e-04 7.905603e-04 1.618206e-03 3.029001e-03 5.288442e-03 8.732227e-03 6.184671e-02 3.071686e-01 1.855503e+00 9.915700e+00 3.769560e+01 1.069259e+02 4.748285e+02 1.283296e+03 2.541829e+03 4.049268e+03 5.492848e+03 6.625457e+03
1.554695e-05 1.554695e-05 1.554696e-05 1.575353e-05 1.606784e-05 1.931133e-05 2.852825e-05 7.528560e-05 1.231245e-04 1.965836e-04 4.602727e-04 9.708525e-04 1.878064e-03 3.384565e-03 5.753324e-03 9.315100e-03 1.447611e-02 8.537545e-02 3.872891e-01 2.217783e+00 1.142373e+01 4.230057e+01 1.177043e+02 5.093040e+02 1.353104e+03 2.647159e+03 4.177849e+03 5.628658e+03 6.755108e+03
2.790553e-04 2.793978e-04 2.798247e-04 2.800465e-04 2.804546e-04 2.934449e-04 3.334530e-04 5.079120e-04 6.575398e-04 8.630044e-04 1.501089e-03 2.572311e-03 4.280015e-03 6.886629e-03 1.072022e-02 1.618162e-02 2.375192e-02 1.175191e-01 4.882148e-01 2.653897e+00 1.318028e+01 4.753224e+01 1.297200e+02 5.467841e+02 1.427886e+03 2.758923e+03 4.313501e+03 5.770463e+03 6.889551e+03
1.579852e-03 1.579862e-03 1.579872e-03 1.580178e-03 1.581135e-03 1.611777e-03 1.709351e-03 2.129921e-03 2.473213e-03 2.924294e-03 4.229679e-03 6.243602e-03 9.225255e-03 1.349918e-02 1.946107e-02 2.758455e-02 3.842849e-02 1.611157e-01 6.150449e-01 3.178891e+00 1.522761e+01 5.348038e+01 1.431240e+02 5.875347e+02 1.507964e+03 2.877426e+03 4.456423e+03 5.918572e+03 7.028963e+03
5.396703e-03 5.396732e-03 5.396751e-03 5.397363e-03 5.399278e-03 5.460668e-03 5.657514e-03 6.492056e-03 7.153946e-03 8.002945e-03 1.036302e-02 1.381693e-02 1.867790e-02 2.533121e-02 3.424000e-02 4.595163e-02 6.110442e-02 2.197431e-01 7.739770e-01 3.810801e+00 1.761519e+01 6.024783e+01 1.580862e+02 6.318489e+02 1.593681e+03 3.002988e+03 4.606823e+03 6.073338e+03 7.173535e+03
1.419491e-02 1.419493e-02 1.419496e-02 1.419604e-02 1.419942e-02 1.430762e-02 1.465409e-02 1.610388e-02 1.723642e-02 1.867029e-02 2.256083e-02 2.805891e-02 3.552467e-02 4.540049e-02 5.821582e-02 7.459202e-02 9.524790e-02 2.978270e-01 9.724973e-01 4.571224e+00 2.040092e+01 6.795247e+01 1.747983e+02 6.800487e+02 1.685410e+03 3.135948e+03 4.764939e+03 6.235200e+03 7.323471e+03
3.155927e-02 3.155929e-02 3.155934e-02 3.156105e-02 3.156640e-02 3.173783e-02 3.228698e-02 3.459338e-02 3.638466e-02 3.863065e-02 4.461113e-02 5.284366e-02 6.373272e-02 7.777808e-02 9.557595e-02 1.178219e-01 1.453154e-01 4.007426e-01 1.219598e+00 5.486014e+00 2.365264e+01 7.672933e+01 1.934762e+02 7.324885e+02 1.783549e+03 3.276663e+03 4.931032e+03 6.404490e+03 7.478995e+03
6.233821e-02 6.233824e-02 6.233833e-02 6.234107e-02 6.234965e-02 6.262436e-02 6.348842e-02 6.698682e-02 6.964524e-02 7.294081e-02 8.158459e-02 9.326880e-02 1.084485e-01 1.276811e-01 1.516278e-01 1.810556e-01 2.168424e-01 5.349079e-01 1.526035e+00 6.586109e+00 2.744980e+01 8.673319e+01 2.143628e+02 7.895573e+02 1.888526e+03 3.425506e+03 5.105369e+03 6.581288e+03 7.640356e+03
1.134077e-01 1.134077e-01 1.134078e-01 1.134116e-01 1.134234e-01 1.138013e-01 1.149840e-01 1.197753e-01 1.234268e-01 1.279526e-01 1.397795e-01 1.556341e-01 1.760084e-01 2.015074e-01 2.328489e-01 2.708657e-01 3.165102e-01 7.078703e-01 1.904625e+00 7.908540e+00 3.188550e+01 9.814141e+01 2.377316e+02 8.516821e+02 2.000803e+03 3.582869e+03 5.288230e+03 6.765726e+03 7.807849e+03
1.915246e-01 1.915247e-01 1.915248e-01 1.915300e-01 1.915462e-01 1.920638e-01 1.936662e-01 2.000620e-01 2.049157e-01 2.109208e-01 2.265579e-01 2.473871e-01 2.739383e-01 3.068615e-01 3.469279e-01 3.950326e-01 4.521992e-01 9.283884e-01 2.370624e+00 9.497649e+00 3.706882e+01 1.111573e+02 2.638902e+02 9.193303e+02 2.120874e+03 3.749163e+03 5.479899e+03 6.957958e+03 7.981845e+03
3.050675e-01 3.050676e-01 3.050678e-01 3.050748e-01 3.050968e-01 3.057952e-01 3.079268e-01 3.163024e-01 3.226146e-01 3.303973e-01 3.505641e-01 3.772544e-01 4.110412e-01 4.526218e-01 5.028213e-01 5.625959e-01 6.330397e-01 1.206514e+00 2.942174e+00 1.140657e+01 4.312771e+01 1.260140e+02 2.931847e+02 9.930138e+02 2.249269e+03 3.924819e+03 5.680671e+03 7.158144e+03 8.162438e+03
4.644629e-01 4.644630e-01 4.644633e-01 4.644724e-01 4.645009e-01 4.653972e-01 4.680973e-01 4.787068e-01 4.866915e-01 4.965206e-01 5.219143e-01 5.553668e-01 5.974843e-01 6.490057e-01 7.108060e-01 7.839007e-01 8.694541e-01 1.553680e+00 3.640880e+00 1.369905e+01 5.021219e+01 1.429787e+02 3.260045e+02 1.073292e+03 2.386557e+03 4.110289e+03 5.890842e+03 7.366448e+03 8.349628e+03
6.813325e-01 6.813326e-01 6.813329e-01 6.813434e-01 6.813759e-01 6.824175e-01 6.856741e-01 6.987449e-01 7.086153e-01 7.207632e-01 7.520967e-01 7.932357e-01 8.448089e-01 9.075908e-01 9.825047e-01 1.070624e+00 1.173185e+00 1.982799e+00 4.492535e+00 1.645166e+01 5.849837e+01 1.623577e+02 3.627873e+02 1.160775e+03 2.533342e+03 4.306043e+03 6.110718e+03 7.583033e+03 8.543458e+03
9.681439e-01 9.681440e-01 9.681444e-01 9.681561e-01 9.681928e-01 9.693801e-01 9.732332e-01 9.890997e-01 1.001127e+00 1.015916e+00 1.053969e+00 1.103754e+00 1.165930e+00 1.241319e+00 1.330893e+00 1.435788e+00 1.557312e+00 2.508385e+00 5.528050e+00 1.975649e+01 6.819298e+01 1.845026e+02 4.040251e+02 1.256128e+03 2.690272e+03 4.512575e+03 6.340607e+03 7.808061e+03 8.743982e+03
1.338861e+00 1.338861e+00 1.338861e+00 1.338876e+00 1.338923e+00 1.340416e+00 1.345123e+00 1.364241e+00 1.378674e+00 1.396389e+00 1.441868e+00 1.501213e+00 1.575129e+00 1.664480e+00 1.770291e+00 1.893755e+00 2.036258e+00 3.146707e+00 6.784650e+00 2.372452e+01 7.953891e+01 2.098162e+02 4.502707e+02 1.360076e+03 2.858032e+03 4.730394e+03 6.580821e+03 8.041690e+03 8.951254e+03
1.809885e+00 1.809885e+00 1.809886e+00 1.809904e+00 1.809961e+00 1.811779e+00 1.817439e+00 1.839999e+00 1.856978e+00 1.877822e+00 1.931351e+00 2.001158e+00 2.087969e+00 2.192679e+00 2.316353e+00 2.460238e+00 2.625804e+00 3.916006e+00 8.307424e+00 2.848969e+01 9.282160e+01 2.387606e+02 5.021453e+02 1.473405e+03 3.037353e+03 4.960034e+03 6.831678e+03 8.284075e+03 9.165326e+03
2.396955e+00 2.396955e+00 2.396956e+00 2.396978e+00 2.397048e+00 2.399255e+00 2.405985e+00 2.432419e+00 2.452244e+00 2.476570e+00 2.539006e+00 2.620336e+00 2.721313e+00 2.842862e+00 2.986096e+00 3.152324e+00 3.343117e+00 4.836789e+00 1.015133e+01 3.421394e+01 1.083767e+02 2.718656e+02 5.603457e+02 1.596971e+03 3.229005e+03 5.202044e+03 7.093494e+03 8.535365e+03 9.386246e+03
3.119002e+00 3.119002e+00 3.119003e+00 3.119025e+00 3.119095e+00 3.121423e+00 3.128938e+00 3.159450e+00 3.182464e+00 3.210693e+00 3.283023e+00 3.377030e+00 3.493504e+00 3.633426e+00 3.797972e+00 3.988528e+00 4.206794e+00 5.932237e+00 1.238382e+01 4.109338e+01 1.265990e+02 3.097387e+02 6.256540e+02 1.731699e+03 3.433802e+03 5.456991e+03 7.366589e+03 8.795703e+03 9.614055e+03
3.995029e+00 3.995030e+00 3.995030e+00 3.995058e+00 3.995144e+00 3.997887e+00 4.006527e+00 4.041610e+00 4.068076e+00 4.100513e+00 4.183511e+00 4.291211e+00 4.424448e+00 4.584264e+00 4.771901e+00 4.988824e+00 5.236903e+00 7.228783e+00 1.508820e+01 4.936594e+01 1.479530e+02 3.530758e+02 6.989465e+02 1.878588e+03 3.652599e+03 5.725457e+03 7.651282e+03 9.065223e+03 9.848786e+03
5.047140e+00 5.047141e+00 5.047142e+00 5.047174e+00 5.047276e+00 5.050518e+00 5.060606e+00 5.100672e+00 5.130733e+00 5.167568e+00 5.261848e+00 5.384179e+00 5.535429e+00 5.716684e+00 5.929243e+00 6.174654e+00 6.455012e+00 8.756936e+00 1.836811e+01 5.932070e+01 1.729856e+02 4.026744e+02 7.812043e+02 2.038718e+03 3.886291e+03 6.008037e+03 7.947887e+03 9.344052e+03 1.009046e+04
6.297496e+00 6.297496e+00 6.297497e+00 6.297536e+00 6.297656e+00 6.301426e+00 6.312897e+00 6.358219e+00 6.392188e+00 6.433797e+00 6.540264e+00 6.678364e+00 6.849026e+00 7.053396e+00 7.292835e+00 7.568983e+00 7.884269e+00 1.055243e+01 2.235320e+01 7.130938e+01 2.023406e+02 4.594474e+02 8.735247e+02 2.213249e+03 4.135814e+03 6.305337e+03 8.256718e+03 9.632309e+03 1.033911e+04
7.771167e+00 7.771167e+00 7.771169e+00 7.771207e+00 7.771329e+00 7.775217e+00 7.787558e+00 7.837995e+00 7.876132e+00 7.922902e+00 8.042586e+00 8.197752e+00 8.389384e+00 8.618700e+00 8.887124e+00 9.196418e+00 9.549522e+00 1.265788e+01 2.720674e+01 8.576051e+01 2.367756e+02 5.244390e+02 9.771328e+02 2.403427e+03 4.402137e+03 6.617967e+03 8.578078e+03 9.930100e+03 1.059472e+04
9.489405e+00 9.489406e+00 9.489407e+00 9.489453e+00 9.489596e+00 9.494179e+00 9.508473e+00 9.565469e+00 9.608253e+00 9.660653e+00 9.794635e+00 9.968223e+00 1.018248e+01 1.043870e+01 1.073836e+01 1.108337e+01 1.147749e+01 1.512511e+01 3.313532e+01 1.031968e+02 2.771824e+02 5.988427e+02 1.093394e+03 2.610584e+03 4.686264e+03 6.946543e+03 8.912262e+03 1.023752e+04 1.085731e+04
1.148303e+01 1.148303e+01 1.148303e+01 1.148309e+01 1.148326e+01 1.148858e+01 1.150478e+01 1.156864e+01 1.161641e+01 1.167486e+01 1.182421e+01 1.201762e+01 1.225626e+01 1.254146e+01 1.287473e+01 1.325820e+01 1.369694e+01 1.801847e+01 4.040166e+01 1.242562e+02 3.246105e+02 6.840203e+02 1.223827e+03 2.836138e+03 4.989228e+03 7.291674e+03 9.259555e+03 1.055465e+04 1.112685e+04
1.378493e+01 1.378493e+01 1.378493e+01 1.378498e+01 1.378515e+01 1.379058e+01 1.380774e+01 1.387768e+01 1.393053e+01 1.399533e+01 1.416106e+01 1.437577e+01 1.464069e+01 1.495714e+01 1.532653e+01 1.575138e+01 1.623894e+01 2.141955e+01 4.934129e+01 1.497183e+02 3.802934e+02 7.815238e+02 1.370117e+03 3.081596e+03 5.312082e+03 7.653965e+03 9.620222e+03 1.088156e+04 1.140331e+04
1.641864e+01 1.641864e+01 1.641864e+01 1.641870e+01 1.641890e+01 1.642521e+01 1.644486e+01 1.652296e+01 1.658153e+01 1.665326e+01 1.683677e+01 1.707464e+01 1.736809e+01 1.771826e+01 1.812637e+01 1.859567e+01 1.913707e+01 2.543397e+01 6.038425e+01 1.805359e+02 4.456806e+02 8.931177e+02 1.534127e+03 3.348548e+03 5.655898e+03 8.034007e+03 9.994514e+03 1.121830e+04 1.168667e+04
1.942277e+01 1.942277e+01 1.942277e+01 1.942285e+01 1.942307e+01 1.943005e+01 1.945169e+01 1.953809e+01 1.960296e+01 1.968243e+01 1.988571e+01 2.014909e+01 2.047364e+01 2.086007e+01 2.130936e+01 2.182623e+01 2.242778e+01 3.020100e+01 7.408352e+01 2.178735e+02 5.224724e+02 1.020804e+03 1.717911e+03 3.638661e+03 6.021754e+03 8.432370e+03 1.038266e+04 1.156491e+04 1.197687e+04
2.283548e+01 2.283548e+01 2.283549e+01 2.283556e+01 2.283579e+01 2.284327e+01 2.286671e+01 2.296166e+01 2.303343e+01 2.312145e+01 2.334662e+01 2.363801e+01 2.399611e+01 2.442086e+01 2.491310e+01 2.548048e+01 2.615054e+01 3.590751e+01 9.115203e+01 2.631546e+02 6.126600e+02 1.166846e+03 1.923724e+03 3.953678e+03 6.410723e+03 8.849597e+03 1.078485e+04 1.192139e+04 1.227385e+04
2.669250e+01 2.669250e+01 2.669250e+01 2.669259e+01 2.669287e+01 2.670171e+01 2.672903e+01 2.683619e+01 2.691610e+01 2.701378e+01 2.726304e+01 2.758453e+01 2.797775e+01 2.844144e+01 2.897680e+01 2.959735e+01 3.034795e+01 4.280816e+01 1.125110e+02 3.181178e+02 7.185708e+02 1.333796e+03 2.154028e+03 4.295403e+03 6.823867e+03 9.286197e+03 1.120126e+04 1.228774e+04 1.257754e+04
3.105883e+01 3.105883e+01 3.105883e+01 3.105892e+01 3.105920e+01 3.106812e+01 3.109653e+01 3.121271e+01 3.130057e+01 3.140823e+01 3.168276e+01 3.203513e+01 3.246282e+01 3.296310e+01 3.353913e+01 3.421565e+01 3.506578e+01 5.125480e+01 1.393528e+02 3.848847e+02 8.429162e+02 1.524515e+03 2.411498e+03 4.665687e+03 7.262220e+03 9.742635e+03 1.163203e+04 1.266395e+04 1.288784e+04
3.596731e+01 3.596731e+01 3.596731e+01 3.596741e+01 3.596774e+01 3.597820e+01 3.601081e+01 3.614042e+01 3.623740e+01 3.635579e+01 3.665583e+01 3.703695e+01 3.749398e+01 3.802340e+01 3.863406e+01 3.937135e+01 4.035360e+01 6.173947e+01 1.732225e+02 4.660394e+02 9.888443e+02 1.742197e+03 2.699015e+03 5.066410e+03 7.726772e+03 1.021932e+04 1.207724e+04 1.304994e+04 1.320466e+04
4.148707e+01 4.148707e+01 4.148707e+01 4.148718e+01 4.148751e+01 4.149865e+01 4.153396e+01 4.167567e+01 4.178149e+01 4.190985e+01 4.223093e+01 4.263157e+01 4.310449e+01 4.364803e+01 4.428408e+01 4.509434e+01 4.626767e+01 7.495755e+01 2.161231e+02 5.647220e+02 1.159993e+03 1.990383e+03 3.019665e+03 5.499463e+03 8.218456e+03 1.071662e+04 1.253697e+04 1.344566e+04 1.352789e+04
4.767191e+01 4.767192e+01 4.767192e+01 4.767204e+01 4.767243e+01 4.768482e+01 4.772344e+01 4.787474e+01 4.798511e+01 4.811714e+01 4.844168e+01 4.883923e+01 4.930276e+01 4.983757e+01 5.049136e+01 5.140691e+01 5.288018e+01 9.190016e+01 2.706504e+02 6.847351e+02 1.360544e+03 2.272969e+03 3.376714e+03 5.966712e+03 8.738127e+03 1.123480e+04 1.301120e+04 1.385099e+04 1.385738e+04
5.457654e+01 5.457654e+01 5.457654e+01 5.457664e+01 5.457695e+01 5.458708e+01 5.462003e+01 5.475443e+01 5.485444e+01 5.497457e+01 5.526941e+01 5.562898e+01 5.604952e+01 5.655206e+01 5.723159e+01 5.833039e+01 6.030289e+01 1.139888e+02 3.401636e+02 8.306620e+02 1.595264e+03 2.594198e+03 3.773582e+03 6.469974e+03 9.286544e+03 1.177407e+04 1.349991e+04 1.426581e+04 1.419301e+04
6.203927e+01 6.203927e+01 6.203927e+01 6.203937e+01 6.203968e+01 6.204960e+01 6.208022e+01 6.219498e+01 6.227599e+01 6.237168e+01 6.260520e+01 6.289289e+01 6.324178e+01 6.370502e+01 6.446159e+01 6.591190e+01 6.873911e+01 1.432696e+02 4.289975e+02 1.007994e+03 1.869547e+03 2.958645e+03 4.213797e+03 7.010973e+03 9.864349e+03 1.233454e+04 1.400299e+04 1.468996e+04 1.453461e+04
6.993739e+01 6.993739e+01 6.993740e+01 6.993742e+01 6.993749e+01 6.993994e+01 6.995016e+01 7.000412e+01 7.004871e+01 7.010494e+01 7.025245e+01 7.044982e+01 7.072162e+01 7.118200e+01 7.215560e+01 7.428837e+01 7.858391e+01 1.826895e+02 5.427218e+02 1.223256e+03 2.189422e+03 3.371167e+03 4.700939e+03 7.591298e+03 1.047205e+04 1.291625e+04 1.452030e+04 1.512325e+04 1.488201e+04
7.780301e+01 7.780301e+01 7.780301e+01 7.780303e+01 7.780310e+01 7.780537e+01 7.781222e+01 7.783765e+01 7.785738e+01 7.788348e+01 7.796063e+01 7.808507e+01 7.831872e+01 7.889460e+01 8.038609e+01 8.380982e+01 9.060109e+01 2.364835e+02 6.884467e+02 1.484126e+03 2.561538e+03 3.836836e+03 5.238560e+03 8.212360e+03 1.110998e+04 1.351910e+04 1.505163e+04 1.556548e+04 1.523503e+04
8.546832e+01 8.546832e+01 8.546832e+01 8.546832e+01 8.546831e+01 8.546798e+01 8.546746e+01 8.547040e+01 8.547615e+01 8.548678e+01 8.553013e+01 8.563008e+01 8.592543e+01 8.687629e+01 8.946840e+01 9.525519e+01 1.062211e+02 3.107082e+02 8.751676e+02 1.799512e+03 2.993103e+03 4.360832e+03 5.830090e+03 8.875333e+03 1.177833e+04 1.414290e+04 1.559670e+04 1.601639e+04 1.559348e+04
9.278462e+01 9.278462e+01 9.278462e+01 9.278462e+01 9.278460e+01 9.278421e+01 9.278351e+01 9.278962e+01 9.279990e+01 9.281665e+01 9.287650e+01 9.302891e+01 9.358482e+01 9.543089e+01 1.002085e+02 1.102028e+02 1.280365e+02 4.139598e+02 1.114126e+03 2.179578e+03 3.491759e+03 4.948303e+03 6.478715e+03 9.581108e+03 1.247704e+04 1.478734e+04 1.615519e+04 1.647570e+04 1.595714e+04
9.977831e+01 9.977831e+01 9.977831e+01 9.977837e+01 9.977854e+01 9.978404e+01 9.980015e+01 9.985493e+01 9.989246e+01 9.993728e+01 1.000619e+02 1.003858e+02 1.016099e+02 1.053917e+02 1.143514e+02 1.316810e+02 1.606324e+02 5.583102e+02 1.419141e+03 2.635665e+03 4.065383e+03 5.604177e+03 7.187253e+03 1.033024e+04 1.320588e+04 1.545198e+04 1.672669e+04 1.694313e+04 1.632579e+04
1.068367e+02 1.068367e+02 1.068367e+02 1.068368e+02 1.068369e+02 1.068425e+02 1.068600e+02 1.069340e+02 1.069905e+02 1.070594e+02 1.072745e+02 1.080164e+02 1.108242e+02 1.186555e+02 1.354501e+02 1.653429e+02 2.119863e+02 7.604651e+02 1.806826e+03 3.180061e+03 4.721795e+03 6.332941e+03 7.957995e+03 1.112288e+04 1.396436e+04 1.613627e+04 1.731076e+04 1.741834e+04 1.669921e+04
1.140647e+02 1.140647e+02 1.140647e+02 1.140648e+02 1.140650e+02 1.140742e+02 1.141021e+02 1.142060e+02 1.142785e+02 1.143671e+02 1.147644e+02 1.166314e+02 1.231943e+02 1.393801e+02 1.706010e+02 2.215999e+02 2.958098e+02 1.043067e+03 2.296558e+03 3.825573e+03 5.468372e+03 7.138374e+03 8.792556e+03 1.195876e+04 1.475176e+04 1.683952e+04 1.790688e+04 1.790096e+04 1.707714e+04
1.216870e+02 1.216870e+02 1.216870e+02 1.216871e+02 1.216874e+02 1.216966e+02 1.217246e+02 1.218190e+02 1.218815e+02 1.219854e+02 1.229878e+02 1.281057e+02 1.435621e+02 1.766993e+02 2.338898e+02 3.194226e+02 4.353315e+02 1.435899e+03 2.910023e+03 4.584847e+03 6.311558e+03 8.023263e+03 9.691716e+03 1.283712e+04 1.556711e+04 1.756094e+04 1.851447e+04 1.839062e+04 1.745934e+04
1.296795e+02 1.296795e+02 1.296795e+02 1.296794e+02 1.296792e+02 1.296740e+02 1.296621e+02 1.296435e+02 1.296802e+02 1.299462e+02 1.334704e+02 1.480728e+02 1.841703e+02 2.506854e+02 3.529744e+02 4.927578e+02 6.689745e+02 1.976453e+03 3.670112e+03 5.469420e+03 7.256301e+03 8.989107e+03 1.065527e+04 1.375670e+04 1.640920e+04 1.829960e+04 1.913292e+04 1.888692e+04 1.784555e+04
1.371470e+02 1.371470e+02 1.371470e+02 1.371469e+02 1.371467e+02 1.371412e+02 1.371238e+02 1.371103e+02 1.374803e+02 1.391150e+02 1.528958e+02 1.941314e+02 2.759292e+02 4.046883e+02 5.806808e+02 8.002162e+02 1.057646e+03 2.708923e+03 4.598975e+03 6.488519e+03 8.305458e+03 1.003584e+04 1.168192e+04 1.471573e+04 1.727656e+04 1.905446e+04 1.976153e+04 1.938942e+04 1.823549e+04
1.438318e+02 1.438318e+02 1.438318e+02 1.438318e+02 1.438317e+02 1.438286e+02 1.438183e+02 1.446766e+02 1.483448e+02 1.581603e+02 2.098850e+02 3.198447e+02 4.939614e+02 7.277995e+02 1.012074e+03 1.336353e+03 1.690931e+03 3.680376e+03 5.715184e+03 7.647711e+03 9.459213e+03 1.116159e+04 1.276917e+04 1.571188e+04 1.816749e+04 1.982437e+04 2.039959e+04 1.989768e+04 1.862890e+04
1.499157e+02 1.499157e+02 1.499157e+02 1.499156e+02 1.499156e+02 1.499128e+02 1.501009e+02 1.658912e+02 1.950550e+02 2.453740e+02 4.160498e+02 6.746139e+02 1.003864e+03 1.384391e+03 1.799419e+03 2.235964e+03 2.684518e+03 4.933059e+03 7.030226e+03 8.947581e+03 1.071461e+04 1.236255e+04 1.391331e+04 1.674236e+04 1.908007e+04 2.060810e+04 2.104632e+04 2.041125e+04 1.902550e+04
1.554989e+02 1.554989e+02 1.554989e+02 1.555008e+02 1.555762e+02 1.666413e+02 2.102661e+02 3.982296e+02 5.408227e+02 7.120828e+02 1.122939e+03 1.595244e+03 2.100281e+03 2.618653e+03 3.138330e+03 3.652248e+03 4.156471e+03 6.493160e+03 8.544955e+03 1.038268e+04 1.206529e+04 1.363292e+04 1.510943e+04 1.780389e+04 2.001220e+04 2.140433e+04 2.170093e+04 2.092965e+04 1.942501e+04
1.402382e+03 1.402385e+03 1.402395e+03 1.402716e+03 1.403718e+03 1.435795e+03 1.535683e+03 1.907890e+03 2.152753e+03 2.419298e+03 2.983446e+03 3.556411e+03 4.118971e+03 4.663547e+03 5.187826e+03 5.691820e+03 6.176524e+03 8.358885e+03 1.024697e+04 1.194103e+04 1.350143e+04 1.496498e+04 1.635151e+04 1.889277e+04 2.096159e+04 2.221167e+04 2.236260e+04 2.145239e+04 1.982715e+04
5.285686e+03 5.285690e+03 5.285700e+03 5.286022e+03 5.287031e+03 5.318614e+03 5.403011e+03 5.656810e+03 5.813692e+03 5.985004e+03 6.356649e+03 6.749131e+03 7.148701e+03 7.547718e+03 7.942112e+03 8.329813e+03 8.709864e+03 1.049316e+04 1.210996e+04 1.360436e+04 1.501011e+04 1.634934e+04 1.763257e+04 2.000498e+04 2.192583e+04 2.302867e+04 2.303047e+04 2.197900e+04 2.023163e+04
1.085053e+04 1.085053e+04 1.085053e+04 1.085041e+04 1.085002e+04 1.083775e+04 1.080148e+04 1.070574e+04 1.066825e+04 1.064514e+04 1.064802e+04 1.071333e+04 1.083024e+04 1.098675e+04 1.117260e+04 1.137981e+04 1.160237e+04 1.282593e+04 1.409557e+04 1.534918e+04 1.657584e+04 1.777526e+04 1.894489e+04 2.113621e+04 2.290241e+04 2.385385e+04 2.370369e+04 2.250899e+04 2.063819e+04
1.536301e+04 1.536301e+04 1.536300e+04 1.536288e+04 1.536249e+04 1.535011e+04 1.531188e+04 1.517268e+04 1.508329e+04 1.498972e+04 1.481248e+04 1.467150e+04 1.457820e+04 1.453288e+04 1.453091e+04 1.456611e+04 1.463238e+04 1.526677e+04 1.615768e+04 1.714856e+04 1.818144e+04 1.923111e+04 2.028025e+04 2.228200e+04 2.388876e+04 2.468572e+04 2.438140e+04 2.304187e+04 2.104655e+04
1.870800e+04 1.870800e+04 1.870799e+04 1.870796e+04 1.870786e+04 1.870445e+04 1.869090e+04 1.862050e+04 1.856299e+04 1.849270e+04 1.832621e+04 1.814794e+04 1.798016e+04 1.783657e+04 1.772364e+04 1.764308e+04 1.759383e+04 1.772298e+04 1.824800e+04 1.897428e+04 1.980903e+04 2.070486e+04 2.163021e+04 2.343783e+04 2.488230e+04 2.552278e+04 2.506274e+04 2.357716e+04 2.145643e+04
