8.739827e+03 5.103254e+03 3.805384e+03 1.769152e+03 1.265802e+03 5.753362e+02 4.165115e+02 3.113524e+02 2.868316e+02 2.697511e+02 2.479648e+02 2.354573e+02 2.283071e+02 2.246885e+02 2.236300e+02 2.245689e+02 2.271617e+02 2.597067e+02 3.231855e+02 4.400618e+02 7.308299e+02 1.512369e+03 3.216439e+03 1.009057e+04 1.976510e+04 2.931842e+04 3.758222e+04 4.464422e+04 5.090533e+04
5.508489e+02 5.508466e+02 5.508344e+02 5.499535e+02 5.453957e+02 4.637795e+02 3.793686e+02 3.000037e+02 2.791673e+02 2.642234e+02 2.447332e+02 2.334024e+02 2.269566e+02 2.238059e+02 2.230829e+02 2.242773e+02 2.270744e+02 2.602963e+02 3.242737e+02 4.417598e+02 7.340553e+02 1.519744e+03 3.232182e+03 1.013399e+04 1.983694e+04 2.940814e+04 3.767924e+04 4.474182e+04 5.100011e+04
3.983269e+02 3.983267e+02 3.983255e+02 3.982313e+02 3.977359e+02 3.803089e+02 3.402468e+02 2.870857e+02 2.705525e+02 2.580888e+02 2.412237e+02 2.312099e+02 2.255381e+02 2.228938e+02 2.225294e+02 2.239939e+02 2.270049e+02 2.609245e+02 3.254085e+02 4.435146e+02 7.373733e+02 1.527308e+03 3.248286e+03 1.017823e+04 1.990988e+04 2.949903e+04 3.777735e+04 4.484035e+04 5.109568e+04
3.326717e+02 3.326717e+02 3.326717e+02 3.326500e+02 3.325246e+02 3.246016e+02 3.111138e+02 2.738495e+02 2.614670e+02 2.515715e+02 2.375076e+02 2.289106e+02 2.240680e+02 2.219622e+02 2.219760e+02 2.237233e+02 2.269569e+02 2.615931e+02 3.265911e+02 4.453273e+02 7.407858e+02 1.535065e+03 3.264758e+03 1.022327e+04 1.998395e+04 2.959109e+04 3.787653e+04 4.493983e+04 5.119204e+04
2.948262e+02 2.948268e+02 2.948293e+02 2.948845e+02 2.949540e+02 2.918804e+02 2.859882e+02 2.623786e+02 2.526206e+02 2.449792e+02 2.336727e+02 2.265403e+02 2.225642e+02 2.210215e+02 2.214298e+02 2.234707e+02 2.269344e+02 2.623039e+02 3.278230e+02 4.471993e+02 7.442947e+02 1.543018e+03 3.281603e+03 1.026915e+04 2.005914e+04 2.968434e+04 3.797682e+04 4.504025e+04 5.128921e+04
2.727759e+02 2.727759e+02 2.727761e+02 2.727761e+02 2.727631e+02 2.709179e+02 2.663650e+02 2.534416e+02 2.451394e+02 2.387601e+02 2.298342e+02 2.241417e+02 2.210472e+02 2.200833e+02 2.208979e+02 2.232410e+02 2.269410e+02 2.630587e+02 3.291054e+02 4.491319e+02 7.479023e+02 1.551173e+03 3.298830e+03 1.031588e+04 2.013548e+04 2.977879e+04 3.807821e+04 4.514163e+04 5.138718e+04
2.567971e+02 2.567972e+02 2.567973e+02 2.567987e+02 2.567960e+02 2.558180e+02 2.520708e+02 2.454174e+02 2.392198e+02 2.336000e+02 2.261497e+02 2.217697e+02 2.195411e+02 2.191604e+02 2.203882e+02 2.230396e+02 2.269807e+02 2.638592e+02 3.304396e+02 4.511263e+02 7.516103e+02 1.559532e+03 3.316446e+03 1.036346e+04 2.021299e+04 2.987446e+04 3.818071e+04 4.524398e+04 5.148595e+04
2.447392e+02 2.447392e+02 2.447393e+02 2.447414e+02 2.447432e+02 2.442399e+02 2.414487e+02 2.378006e+02 2.339490e+02 2.294966e+02 2.228418e+02 2.194959e+02 2.180761e+02 2.182679e+02 2.199095e+02 2.228721e+02 2.270575e+02 2.647071e+02 3.318269e+02 4.531838e+02 7.554209e+02 1.568100e+03 3.334458e+03 1.041191e+04 2.029167e+04 2.997136e+04 3.828434e+04 4.534729e+04 5.158555e+04
2.354040e+02 2.354040e+02 2.354041e+02 2.354066e+02 2.354108e+02 2.351636e+02 2.332335e+02 2.308027e+02 2.289308e+02 2.258953e+02 2.202227e+02 2.174157e+02 2.166905e+02 2.174242e+02 2.194718e+02 2.227449e+02 2.271757e+02 2.656040e+02 3.332685e+02 4.553056e+02 7.593362e+02 1.576881e+03 3.352873e+03 1.046124e+04 2.037154e+04 3.006949e+04 3.838910e+04 4.545157e+04 5.168596e+04
2.280535e+02 2.280535e+02 2.280536e+02 2.280561e+02 2.280613e+02 2.279588e+02 2.266919e+02 2.247190e+02 2.241579e+02 2.225105e+02 2.181881e+02 2.156625e+02 2.154334e+02 2.166522e+02 2.190873e+02 2.226651e+02 2.273401e+02 2.665517e+02 3.347657e+02 4.574929e+02 7.633582e+02 1.585879e+03 3.371699e+03 1.051147e+04 2.045262e+04 3.016888e+04 3.849501e+04 4.555685e+04 5.178719e+04
2.222031e+02 2.222031e+02 2.222032e+02 2.222055e+02 2.222110e+02 2.221937e+02 2.214032e+02 2.196620e+02 2.197882e+02 2.192659e+02 2.164950e+02 2.143974e+02 2.143685e+02 2.159802e+02 2.187709e+02 2.226413e+02 2.275562e+02 2.675518e+02 3.363196e+02 4.597471e+02 7.674890e+02 1.595099e+03 3.390944e+03 1.056261e+04 2.053492e+04 3.026953e+04 3.860207e+04 4.566311e+04 5.188926e+04
2.066156e+02 2.066156e+02 2.066157e+02 2.066177e+02 2.066232e+02 2.067380e+02 2.068645e+02 2.064601e+02 2.066680e+02 2.075526e+02 2.100409e+02 2.118336e+02 2.133428e+02 2.155830e+02 2.190324e+02 2.238054e+02 2.296780e+02 2.734014e+02 3.449821e+02 4.720623e+02 7.898489e+02 1.644676e+03 3.493718e+03 1.083246e+04 2.096529e+04 3.079225e+04 3.915502e+04 4.620949e+04 5.241215e+04
2.033897e+02 2.033897e+02 2.033897e+02 2.033914e+02 2.033964e+02 2.035249e+02 2.038229e+02 2.044137e+02 2.047127e+02 2.053107e+02 2.079518e+02 2.118328e+02 2.158039e+02 2.196748e+02 2.238731e+02 2.288261e+02 2.347774e+02 2.808772e+02 3.552460e+02 4.862302e+02 8.152527e+02 1.700473e+03 3.608161e+03 1.112725e+04 2.142860e+04 3.134864e+04 3.973832e+04 4.678166e+04 5.295644e+04
2.066995e+02 2.066995e+02 2.066995e+02 2.067010e+02 2.067055e+02 2.068322e+02 2.071706e+02 2.081832e+02 2.087583e+02 2.094316e+02 2.116245e+02 2.153925e+02 2.203079e+02 2.256845e+02 2.312459e+02 2.371164e+02 2.435624e+02 2.904372e+02 3.672950e+02 5.024117e+02 8.439906e+02 1.763105e+03 3.735365e+03 1.144889e+04 2.192692e+04 3.194045e+04 4.035324e+04 4.738048e+04 5.352270e+04
2.143828e+02 2.143828e+02 2.143828e+02 2.143842e+02 2.143884e+02 2.145114e+02 2.148593e+02 2.160405e+02 2.167952e+02 2.176371e+02 2.198001e+02 2.231451e+02 2.279090e+02 2.337778e+02 2.403103e+02 2.472591e+02 2.546202e+02 3.029564e+02 3.813931e+02 5.207954e+02 8.763859e+02 1.833253e+03 3.876519e+03 1.179946e+04 2.246246e+04 3.256950e+04 4.100109e+04 4.800684e+04 5.411150e+04
2.254637e+02 2.254637e+02 2.254637e+02 2.254650e+02 2.254690e+02 2.255891e+02 2.259393e+02 2.271976e+02 2.280511e+02 2.290240e+02 2.313601e+02 2.345364e+02 2.389586e+02 2.447026e+02 2.515418e+02 2.591763e+02 2.674052e+02 3.186112e+02 3.979627e+02 5.416252e+02 9.128143e+02 1.911681e+03 4.032938e+03 1.218117e+04 2.303752e+04 3.323765e+04 4.168322e+04 4.866161e+04 5.472339e+04
2.394719e+02 2.394719e+02 2.394719e+02 2.394732e+02 2.394771e+02 2.395958e+02 2.399474e+02 2.412503e+02 2.421631e+02 2.432253e+02 2.457661e+02 2.489891e+02 2.532211e+02 2.587119e+02 2.654755e+02 2.733473e+02 2.821149e+02 3.368125e+02 4.176891e+02 5.652377e+02 9.537312e+02 1.999266e+03 4.206089e+03 1.259642e+04 2.365457e+04 3.394686e+04 4.240098e+04 4.934570e+04 5.535895e+04
2.561911e+02 2.561912e+02 2.561912e+02 2.561925e+02 2.561963e+02 2.563147e+02 2.566692e+02 2.580072e+02 2.589620e+02 2.600884e+02 2.628122e+02 2.661851e+02 2.704043e+02 2.757339e+02 2.823299e+02 2.901845e+02 2.991763e+02 3.572167e+02 4.405842e+02 5.921328e+02 9.997052e+02 2.097036e+03 4.397630e+03 1.304782e+04 2.431621e+04 3.469919e+04 4.315578e+04 5.005999e+04 5.601871e+04
2.755503e+02 2.755503e+02 2.755503e+02 2.755516e+02 2.755554e+02 2.756736e+02 2.760316e+02 2.774013e+02 2.783907e+02 2.795686e+02 2.824496e+02 2.860069e+02 2.903342e+02 2.956401e+02 3.021266e+02 3.098954e+02 3.189325e+02 3.797293e+02 4.663441e+02 6.229901e+02 1.051469e+03 2.206213e+03 4.609465e+03 1.353823e+04 2.502522e+04 3.549675e+04 4.394906e+04 5.080540e+04 5.670321e+04
2.975437e+02 2.975437e+02 2.975437e+02 2.975450e+02 2.975488e+02 2.976688e+02 2.980334e+02 2.994384e+02 3.004609e+02 3.016855e+02 3.047072e+02 3.084547e+02 3.129579e+02 3.183559e+02 3.248388e+02 3.325605e+02 3.415903e+02 4.044698e+02 4.947700e+02 6.578090e+02 1.110034e+03 2.328278e+03 4.843797e+03 1.407080e+04 2.578459e+04 3.634180e+04 4.478230e+04 5.158283e+04 5.741300e+04
3.222354e+02 3.222354e+02 3.222355e+02 3.222367e+02 3.222406e+02 3.223630e+02 3.227362e+02 3.241801e+02 3.252363e+02 3.265062e+02 3.296606e+02 3.335963e+02 3.383093e+02 3.438809e+02 3.504637e+02 3.582212e+02 3.672706e+02 4.316838e+02 5.257559e+02 6.964976e+02 1.176548e+03 2.465064e+03 5.103209e+03 1.464907e+04 2.659752e+04 3.723667e+04 4.565703e+04 5.239320e+04 5.814860e+04
3.497262e+02 3.497263e+02 3.497263e+02 3.497276e+02 3.497316e+02 3.498568e+02 3.502386e+02 3.517243e+02 3.528158e+02 3.541322e+02 3.574176e+02 3.615396e+02 3.664796e+02 3.722779e+02 3.790450e+02 3.869284e+02 3.960628e+02 4.616562e+02 5.593001e+02 7.390380e+02 1.251408e+03 2.618998e+03 5.390767e+03 1.527696e+04 2.746751e+04 3.818386e+04 4.657481e+04 5.323744e+04 5.891052e+04
3.801461e+02 3.801461e+02 3.801462e+02 3.801475e+02 3.801515e+02 3.802789e+02 3.806698e+02 3.821996e+02 3.833281e+02 3.846927e+02 3.881117e+02 3.924213e+02 3.975984e+02 4.036579e+02 4.106731e+02 4.187637e+02 4.280595e+02 4.946592e+02 5.954956e+02 7.854771e+02 1.335108e+03 2.792495e+03 5.710195e+03 1.595892e+04 2.839834e+04 3.918600e+04 4.753729e+04 5.411648e+04 5.969928e+04
4.136243e+02 4.136243e+02 4.136243e+02 4.136257e+02 4.136299e+02 4.137616e+02 4.141659e+02 4.157509e+02 4.169217e+02 4.183391e+02 4.218986e+02 4.264009e+02 4.318236e+02 4.381680e+02 4.454781e+02 4.538428e+02 4.633729e+02 5.309299e+02 6.345023e+02 8.359435e+02 1.428290e+03 2.987034e+03 6.066307e+03 1.669998e+04 2.939417e+04 4.024591e+04 4.854616e+04 5.503128e+04 6.051537e+04
4.503643e+02 4.503643e+02 4.503644e+02 4.503658e+02 4.503701e+02 4.505069e+02 4.509260e+02 4.525670e+02 4.537810e+02 4.552528e+02 4.589579e+02 4.636588e+02 4.693361e+02 4.759834e+02 4.836232e+02 4.923140e+02 5.021401e+02 5.706666e+02 6.765134e+02 8.906611e+02 1.531750e+03 3.204455e+03 6.463311e+03 1.750593e+04 3.045955e+04 4.136657e+04 4.960317e+04 5.598280e+04 6.135929e+04
4.905564e+02 4.905564e+02 4.905564e+02 4.905578e+02 4.905623e+02 4.907020e+02 4.911327e+02 4.928311e+02 4.940918e+02 4.956225e+02 4.994828e+02 5.043926e+02 5.103359e+02 5.173026e+02 5.252986e+02 5.343542e+02 5.445228e+02 6.140308e+02 7.217258e+02 9.499539e+02 1.646471e+03 3.446931e+03 6.904348e+03 1.838346e+04 3.159951e+04 4.255120e+04 5.071019e+04 5.697202e+04 6.223152e+04
5.343791e+02 5.343791e+02 5.343791e+02 5.343806e+02 5.343853e+02 5.345321e+02 5.349834e+02 5.367547e+02 5.380677e+02 5.396623e+02 5.436888e+02 5.488201e+02 5.550434e+02 5.623458e+02 5.707181e+02 5.801637e+02 5.907031e+02 6.611479e+02 7.703182e+02 1.014247e+03 1.773664e+03 3.716986e+03 7.393255e+03 1.934061e+04 3.281963e+04 4.380325e+04 5.186913e+04 5.799995e+04 6.313253e+04
5.821231e+02 5.821231e+02 5.821232e+02 5.821247e+02 5.821296e+02 5.822809e+02 5.827455e+02 5.845802e+02 5.859460e+02 5.876079e+02 5.918124e+02 5.971811e+02 6.037014e+02 6.113548e+02 6.201162e+02 6.299612e+02 6.408764e+02 7.121042e+02 8.224364e+02 1.084063e+03 1.914816e+03 4.017556e+03 7.934420e+03 2.038709e+04 3.412614e+04 4.512645e+04 5.308203e+04 5.906761e+04 6.406282e+04
6.339689e+02 6.339689e+02 6.339689e+02 6.339705e+02 6.339754e+02 6.341320e+02 6.346180e+02 6.365415e+02 6.379725e+02 6.397128e+02 6.441159e+02 6.497417e+02 6.565768e+02 6.645926e+02 6.737431e+02 6.839744e+02 6.952395e+02 7.669364e+02 8.781855e+02 1.160031e+03 2.071727e+03 4.352066e+03 8.532816e+03 2.152925e+04 3.552605e+04 4.652484e+04 5.435103e+04 6.017605e+04 6.502284e+04
6.902766e+02 6.902767e+02 6.902767e+02 6.902784e+02 6.902837e+02 6.904506e+02 6.909633e+02 6.929747e+02 6.944694e+02 6.962890e+02 7.009000e+02 7.067990e+02 7.139618e+02 7.223387e+02 7.318552e+02 7.424254e+02 7.539710e+02 8.256152e+02 9.376266e+02 1.242890e+03 2.246563e+03 4.724512e+03 9.194072e+03 2.277328e+04 3.702744e+04 4.800280e+04 5.567840e+04 6.132636e+04 6.601306e+04
7.513656e+02 7.513656e+02 7.513657e+02 7.513675e+02 7.513729e+02 7.515436e+02 7.520706e+02 7.541642e+02 7.557289e+02 7.576375e+02 7.624806e+02 7.686731e+02 7.761665e+02 7.848768e+02 7.946942e+02 8.055021e+02 8.171979e+02 8.880228e+02 1.000778e+03 1.333519e+03 2.441908e+03 5.139559e+03 9.924575e+03 2.412634e+04 3.864017e+04 4.956514e+04 5.706655e+04 6.251966e+04 6.703394e+04
8.174754e+02 8.174754e+02 8.174755e+02 8.174773e+02 8.174830e+02 8.176634e+02 8.182235e+02 8.204461e+02 8.221027e+02 8.241199e+02 8.292255e+02 8.357186e+02 8.435089e+02 8.524664e+02 8.624454e+02 8.733078e+02 8.849416e+02 9.539254e+02 1.067625e+03 1.432963e+03 2.660834e+03 5.602632e+03 1.073158e+04 2.559636e+04 4.037386e+04 5.121715e+04 5.851802e+04 6.375710e+04 6.808596e+04
8.891953e+02 8.891953e+02 8.891953e+02 8.891972e+02 8.892031e+02 8.893934e+02 8.899865e+02 8.923340e+02 8.940804e+02 8.962048e+02 9.015596e+02 9.082983e+02 9.162616e+02 9.252692e+02 9.351525e+02 9.457737e+02 9.570347e+02 1.022949e+03 1.138136e+03 1.542488e+03 2.906973e+03 6.120035e+03 1.162334e+04 2.719202e+04 4.223361e+04 5.296475e+04 6.003555e+04 6.503989e+04 6.916957e+04
9.670373e+02 9.670373e+02 9.670374e+02 9.670393e+02 9.670455e+02 9.672398e+02 9.678458e+02 9.702799e+02 9.721049e+02 9.743228e+02 9.798549e+02 9.866624e+02 9.945102e+02 1.003195e+03 1.012567e+03 1.022523e+03 1.033007e+03 1.094565e+03 1.212292e+03 1.663644e+03 3.184617e+03 6.699061e+03 1.260923e+04 2.892279e+04 4.422548e+04 5.481479e+04 6.162207e+04 6.636928e+04 7.028526e+04
1.051135e+03 1.051135e+03 1.051135e+03 1.051137e+03 1.051144e+03 1.051357e+03 1.052020e+03 1.054631e+03 1.056544e+03 1.058817e+03 1.064279e+03 1.070708e+03 1.077874e+03 1.085638e+03 1.093923e+03 1.102699e+03 1.111965e+03 1.168104e+03 1.290137e+03 1.798344e+03 3.498836e+03 7.348135e+03 1.369988e+04 3.079899e+04 4.635619e+04 5.677583e+04 6.328076e+04 6.774658e+04 7.143348e+04
1.142394e+03 1.142395e+03 1.142395e+03 1.142397e+03 1.142404e+03 1.142628e+03 1.143331e+03 1.145955e+03 1.147726e+03 1.149726e+03 1.154263e+03 1.159379e+03 1.164994e+03 1.171092e+03 1.177689e+03 1.184820e+03 1.192523e+03 1.242813e+03 1.371841e+03 1.948969e+03 3.855611e+03 8.076963e+03 1.490735e+04 3.283191e+04 4.863291e+04 5.885287e+04 6.501512e+04 6.917318e+04 7.261475e+04
1.241622e+03 1.241622e+03 1.241622e+03 1.241622e+03 1.241621e+03 1.241660e+03 1.241888e+03 1.242922e+03 1.243691e+03 1.244607e+03 1.246851e+03 1.249630e+03 1.252966e+03 1.256910e+03 1.261517e+03 1.266839e+03 1.272919e+03 1.317959e+03 1.457785e+03 2.118482e+03 4.262000e+03 8.896707e+03 1.624523e+04 3.503387e+04 5.106325e+04 6.104843e+04 6.682907e+04 7.065054e+04 7.382954e+04
1.336882e+03 1.336882e+03 1.336882e+03 1.336882e+03 1.336880e+03 1.336833e+03 1.336691e+03 1.336239e+03 1.336022e+03 1.335871e+03 1.335883e+03 1.336455e+03 1.337720e+03 1.339783e+03 1.342718e+03 1.346574e+03 1.351381e+03 1.392974e+03 1.548648e+03 2.310573e+03 4.726331e+03 9.820184e+03 1.772890e+04 3.741830e+04 5.365517e+04 6.336588e+04 6.872745e+04 7.218024e+04 7.507838e+04
1.418493e+03 1.418493e+03 1.418493e+03 1.418492e+03 1.418490e+03 1.418433e+03 1.418253e+03 1.417599e+03 1.417170e+03 1.416722e+03 1.415939e+03 1.415579e+03 1.415906e+03 1.417097e+03 1.419259e+03 1.422447e+03 1.426686e+03 1.467598e+03 1.645513e+03 2.529821e+03 5.258420e+03 1.086209e+04 1.937563e+04 3.999984e+04 5.641703e+04 6.580880e+04 7.071560e+04 7.376399e+04 7.636181e+04
1.487175e+03 1.487175e+03 1.487175e+03 1.487175e+03 1.487174e+03 1.487150e+03 1.487069e+03 1.486720e+03 1.486477e+03 1.486226e+03 1.485849e+03 1.485889e+03 1.486595e+03 1.488137e+03 1.490619e+03 1.494096e+03 1.498596e+03 1.541978e+03 1.749956e+03 2.781881e+03 5.869838e+03 1.203928e+04 2.120484e+04 4.279444e+04 5.935758e+04 6.838084e+04 7.279392e+04 7.540371e+04 7.768041e+04
1.546541e+03 1.546541e+03 1.546541e+03 1.546541e+03 1.546541e+03 1.546537e+03 1.546534e+03 1.546636e+03 1.546787e+03 1.547032e+03 1.547880e+03 1.549306e+03 1.551412e+03 1.554278e+03 1.557964e+03 1.562509e+03 1.567949e+03 1.616681e+03 1.864144e+03 3.073712e+03 6.574209e+03 1.337102e+04 2.323829e+04 4.581937e+04 6.248593e+04 7.108565e+04 7.496264e+04 7.710170e+04 7.903479e+04
1.600307e+03 1.600307e+03 1.600307e+03 1.600308e+03 1.600310e+03 1.600388e+03 1.600646e+03 1.601777e+03 1.602650e+03 1.603718e+03 1.606397e+03 1.609748e+03 1.613742e+03 1.618378e+03 1.623673e+03 1.629656e+03 1.636375e+03 1.692625e+03 1.990935e+03 3.413844e+03 7.387567e+03 1.487935e+04 2.550033e+04 4.909333e+04 6.581156e+04 7.392680e+04 7.722231e+04 7.886119e+04 8.042565e+04
1.656064e+03 1.656064e+03 1.656064e+03 1.656066e+03 1.656073e+03 1.656278e+03 1.656907e+03 1.659222e+03 1.660817e+03 1.662652e+03 1.666945e+03 1.671949e+03 1.677571e+03 1.683762e+03 1.690507e+03 1.697823e+03 1.705766e+03 1.770960e+03 2.134000e+03 3.812701e+03 8.328770e+03 1.658946e+04 2.801813e+04 5.263647e+04 6.934429e+04 7.690778e+04 7.957342e+04 8.068378e+04 8.185379e+04
1.722268e+03 1.722268e+03 1.722268e+03 1.722270e+03 1.722277e+03 1.722487e+03 1.723126e+03 1.725499e+03 1.727176e+03 1.729152e+03 1.733909e+03 1.739582e+03 1.746007e+03 1.753067e+03 1.760702e+03 1.768903e+03 1.777732e+03 1.852961e+03 2.298003e+03 4.283004e+03 9.419984e+03 1.853010e+04 3.082201e+04 5.647043e+04 7.309423e+04 8.003192e+04 8.201636e+04 8.256776e+04 8.332018e+04
1.798371e+03 1.798371e+03 1.798371e+03 1.798372e+03 1.798376e+03 1.798492e+03 1.798871e+03 1.800614e+03 1.802026e+03 1.803789e+03 1.808270e+03 1.813842e+03 1.820307e+03 1.827522e+03 1.835411e+03 1.843959e+03 1.853245e+03 1.939978e+03 2.488846e+03 4.840264e+03 1.068725e+04 2.073403e+04 3.394565e+04 6.061831e+04 7.707178e+04 8.330237e+04 8.455129e+04 8.451189e+04 8.482619e+04
1.878633e+03 1.878633e+03 1.878633e+03 1.878635e+03 1.878641e+03 1.878834e+03 1.879416e+03 1.881523e+03 1.882991e+03 1.884722e+03 1.888948e+03 1.894129e+03 1.900186e+03 1.907056e+03 1.914713e+03 1.923180e+03 1.932587e+03 2.033496e+03 2.714024e+03 5.503397e+03 1.216113e+04 2.323856e+04 3.742643e+04 6.510470e+04 8.128747e+04 8.672203e+04 8.717814e+04 8.651501e+04 8.637389e+04
1.966421e+03 1.966421e+03 1.966421e+03 1.966422e+03 1.966425e+03 1.966542e+03 1.966927e+03 1.968545e+03 1.969751e+03 1.971197e+03 1.974770e+03 1.979222e+03 1.984553e+03 1.990783e+03 1.997949e+03 2.006129e+03 2.015530e+03 2.135305e+03 2.983112e+03 6.295470e+03 1.387750e+04 2.608610e+04 4.130571e+04 6.995559e+04 8.575197e+04 9.029353e+04 8.989658e+04 8.857588e+04 8.796222e+04
2.057651e+03 2.057651e+03 2.057651e+03 2.057652e+03 2.057654e+03 2.057736e+03 2.058006e+03 2.059118e+03 2.059961e+03 2.061001e+03 2.063700e+03 2.067279e+03 2.071818e+03 2.077399e+03 2.084111e+03 2.092083e+03 2.101632e+03 2.247782e+03 3.308402e+03 7.244626e+03 1.587838e+04 2.932476e+04 4.562911e+04 7.519829e+04 9.047591e+04 9.401916e+04 9.270595e+04 9.069312e+04 8.958904e+04
2.148820e+03 2.148820e+03 2.148820e+03 2.148821e+03 2.148823e+03 2.148882e+03 2.149066e+03 2.149806e+03 2.150392e+03 2.151147e+03 2.153248e+03 2.156269e+03 2.160363e+03 2.165662e+03 2.172292e+03 2.180445e+03 2.190599e+03 2.374276e+03 3.705740e+03 8.385193e+03 1.821299e+04 3.300900e+04 5.044676e+04 8.086129e+04 9.546975e+04 9.790080e+04 9.560527e+04 9.286513e+04 9.125259e+04
2.237522e+03 2.237522e+03 2.237522e+03 2.237522e+03 2.237523e+03 2.237565e+03 2.237716e+03 2.238405e+03 2.238978e+03 2.239730e+03 2.241864e+03 2.245000e+03 2.249326e+03 2.255005e+03 2.262189e+03 2.271152e+03 2.282630e+03 2.519586e+03 4.195582e+03 9.759037e+03 2.093885e+04 3.720028e+04 5.581354e+04 8.697407e+04 1.007436e+05 1.019398e+05 9.859321e+04 9.509013e+04 9.295114e+04
2.323637e+03 2.323637e+03 2.323637e+03 2.323637e+03 2.323640e+03 2.323724e+03 2.323990e+03 2.325096e+03 2.325946e+03 2.327011e+03 2.329870e+03 2.333868e+03 2.339193e+03 2.346002e+03 2.354460e+03 2.364968e+03 2.378670e+03 2.690566e+03 4.804361e+03 1.141718e+04 2.412304e+04 4.196774e+04 6.178919e+04 9.356684e+04 1.063072e+05 1.061372e+05 1.016680e+05 9.736610e+04 9.468291e+04
2.410494e+03 2.410494e+03 2.410494e+03 2.410495e+03 2.410500e+03 2.410634e+03 2.411046e+03 2.412677e+03 2.413911e+03 2.415443e+03 2.419472e+03 2.424905e+03 2.431862e+03 2.440435e+03 2.450793e+03 2.463549e+03 2.480496e+03 2.896893e+03 5.566215e+03 1.342173e+04 2.784363e+04 4.738881e+04 6.843839e+04 1.006702e+05 1.121694e+05 1.104930e+05 1.048276e+05 9.969078e+04 9.644601e+04
2.501529e+03 2.501529e+03 2.501529e+03 2.501531e+03 2.501537e+03 2.501735e+03 2.502324e+03 2.504602e+03 2.506325e+03 2.508461e+03 2.514015e+03 2.521301e+03 2.530309e+03 2.541036e+03 2.553695e+03 2.569288e+03 2.590654e+03 3.152113e+03 6.525215e+03 1.584816e+04 3.219116e+04 5.354983e+04 7.583067e+04 1.083148e+05 1.183382e+05 1.150067e+05 1.080694e+05 1.020617e+05 9.823847e+04
2.600831e+03 2.600831e+03 2.600831e+03 2.600833e+03 2.600839e+03 2.601064e+03 2.601825e+03 2.604976e+03 2.607361e+03 2.610277e+03 2.617658e+03 2.626994e+03 2.638141e+03 2.651044e+03 2.666091e+03 2.685011e+03 2.712303e+03 3.475116e+03 7.738224e+03 1.878805e+04 3.727020e+04 6.054640e+04 8.404011e+04 1.165306e+05 1.248202e+05 1.196772e+05 1.113903e+05 1.044761e+05 1.000582e+05
2.713851e+03 2.713851e+03 2.713851e+03 2.713854e+03 2.713865e+03 2.714192e+03 2.715223e+03 2.719369e+03 2.722431e+03 2.726103e+03 2.735122e+03 2.746147e+03 2.758965e+03 2.773570e+03 2.790779e+03 2.813594e+03 2.849094e+03 3.892299e+03 9.278565e+03 2.235214e+04 4.320096e+04 6.848369e+04 9.314490e+04 1.253467e+05 1.316208e+05 1.245020e+05 1.147870e+05 1.069310e+05 1.019029e+05
2.846886e+03 2.846887e+03 2.846887e+03 2.846891e+03 2.846903e+03 2.847303e+03 2.848542e+03 2.853272e+03 2.856646e+03 2.860627e+03 2.870256e+03 2.881881e+03 2.895310e+03 2.910736e+03 2.929809e+03 2.957661e+03 3.005285e+03 4.440741e+03 1.124071e+04 2.667392e+04 5.012078e+04 7.747628e+04 1.032265e+05 1.347902e+05 1.387431e+05 1.294781e+05 1.182554e+05 1.094231e+05 1.037703e+05
3.003370e+03 3.003370e+03 3.003370e+03 3.003373e+03 3.003381e+03 3.003661e+03 3.004608e+03 3.008513e+03 3.011439e+03 3.014979e+03 3.023780e+03 3.034673e+03 3.047523e+03 3.062946e+03 3.084124e+03 3.119679e+03 3.186425e+03 5.172859e+03 1.374622e+04 3.191354e+04 5.818529e+04 8.764771e+04 1.143684e+05 1.448854e+05 1.461886e+05 1.346010e+05 1.217910e+05 1.119492e+05 1.056579e+05
3.175585e+03 3.175585e+03 3.175585e+03 3.175588e+03 3.175596e+03 3.175855e+03 3.176650e+03 3.179791e+03 3.182163e+03 3.185082e+03 3.192528e+03 3.202015e+03 3.213630e+03 3.228936e+03 3.253930e+03 3.302877e+03 3.401082e+03 6.163150e+03 1.695111e+04 3.826194e+04 6.756925e+04 9.912929e+04 1.266549e+05 1.556532e+05 1.539559e+05 1.398654e+05 1.253890e+05 1.145053e+05 1.075632e+05
3.357561e+03 3.357561e+03 3.357561e+03 3.357564e+03 3.357571e+03 3.357790e+03 3.358473e+03 3.361198e+03 3.363232e+03 3.365711e+03 3.371990e+03 3.380045e+03 3.390471e+03 3.406797e+03 3.440047e+03 3.513383e+03 3.664143e+03 7.517791e+03 2.105491e+04 4.594498e+04 7.846648e+04 1.120583e+05 1.401683e+05 1.671098e+05 1.620410e+05 1.452643e+05 1.290438e+05 1.170877e+05 1.094834e+05
3.546448e+03 3.546448e+03 3.546448e+03 3.546450e+03 3.546455e+03 3.546627e+03 3.547187e+03 3.549468e+03 3.551165e+03 3.553216e+03 3.558371e+03 3.565087e+03 3.574998e+03 3.595493e+03 3.646253e+03 3.764009e+03 4.002497e+03 9.388139e+03 2.631131e+04 5.522707e+04 9.108866e+04 1.265751e+05 1.549873e+05 1.792656e+05 1.704369e+05 1.507899e+05 1.327494e+05 1.196923e+05 1.114159e+05
3.739062e+03 3.739062e+03 3.739062e+03 3.739064e+03 3.739069e+03 3.739234e+03 3.739723e+03 3.741500e+03 3.742775e+03 3.744315e+03 3.748247e+03 3.753855e+03 3.765095e+03 3.796806e+03 3.883155e+03 4.080756e+03 4.464554e+03 1.198939e+04 3.304025e+04 6.641353e+04 1.056625e+05 1.428193e+05 1.711827e+05 1.921241e+05 1.791328e+05 1.564326e+05 1.364994e+05 1.223148e+05 1.133577e+05
3.932210e+03 3.932210e+03 3.932210e+03 3.932211e+03 3.932213e+03 3.932279e+03 3.932488e+03 3.933437e+03 3.934226e+03 3.935249e+03 3.938132e+03 3.943603e+03 3.960882e+03 4.018954e+03 4.175363e+03 4.514398e+03 5.136402e+03 1.562589e+04 4.164073e+04 7.985077e+04 1.224248e+05 1.609244e+05 1.888146e+05 2.056807e+05 1.881147e+05 1.621817e+05 1.402866e+05 1.249507e+05 1.153061e+05
4.119930e+03 4.119930e+03 4.119930e+03 4.119930e+03 4.119933e+03 4.120000e+03 4.120208e+03 4.121044e+03 4.121707e+03 4.122573e+03 4.125286e+03 4.133435e+03 4.168152e+03 4.284413e+03 4.575577e+03 5.161550e+03 6.169343e+03 2.072450e+04 5.260259e+04 9.592270e+04 1.416145e+05 1.810110e+05 2.079276e+05 2.199215e+05 1.973645e+05 1.680248e+05 1.441038e+05 1.275953e+05 1.172580e+05
4.302256e+03 4.302256e+03 4.302256e+03 4.302256e+03 4.302258e+03 4.302327e+03 4.302547e+03 4.303551e+03 4.304385e+03 4.305473e+03 4.309472e+03 4.327435e+03 4.406494e+03 4.646829e+03 5.192360e+03 6.203046e+03 7.826684e+03 2.787653e+04 6.651455e+04 1.150417e+05 1.634617e+05 2.031793e+05 2.285461e+05 2.348224e+05 2.068602e+05 1.739485e+05 1.479428e+05 1.302441e+05 1.192104e+05
4.480431e+03 4.480431e+03 4.480431e+03 4.480433e+03 4.480438e+03 4.480613e+03 4.481131e+03 4.483002e+03 4.484329e+03 4.486003e+03 4.494393e+03 4.541565e+03 4.728544e+03 5.227695e+03 6.244940e+03 7.973458e+03 1.056223e+04 3.788655e+04 8.406373e+04 1.376322e+05 1.881726e+05 2.274994e+05 2.506701e+05 2.503479e+05 2.165757e+05 1.799377e+05 1.517955e+05 1.328920e+05 1.211604e+05
4.661365e+03 4.661365e+03 4.661365e+03 4.661367e+03 4.661373e+03 4.661548e+03 4.662093e+03 4.664246e+03 4.665873e+03 4.668411e+03 4.691413e+03 4.823681e+03 5.268321e+03 6.296996e+03 8.170960e+03 1.108521e+04 1.514859e+04 5.182056e+04 1.060198e+05 1.641046e+05 2.159121e+05 2.540017e+05 2.742698e+05 2.664506e+05 2.264809e+05 1.859764e+05 1.556533e+05 1.355343e+05 1.231050e+05
4.846774e+03 4.846774e+03 4.846774e+03 4.846776e+03 4.846782e+03 4.846959e+03 4.847508e+03 4.849695e+03 4.851815e+03 4.858023e+03 4.937507e+03 5.317095e+03 6.364881e+03 8.449734e+03 1.183431e+04 1.664256e+04 2.287603e+04 7.103657e+04 1.331955e+05 1.948189e+05 2.467817e+05 2.826666e+05 2.992818e+05 2.830712e+05 2.365418e+05 1.920471e+05 1.595070e+05 1.381659e+05 1.250412e+05
5.036685e+03 5.036685e+03 5.036685e+03 5.036686e+03 5.036692e+03 5.036855e+03 5.037351e+03 5.039717e+03 5.046278e+03 5.075324e+03 5.378159e+03 6.460612e+03 8.873409e+03 1.298062e+04 1.890635e+04 2.658388e+04 3.582912e+04 9.716482e+04 1.663747e+05 2.300383e+05 2.807979e+05 3.134154e+05 3.256058e+05 3.001378e+05 2.467208e+05 1.981314e+05 1.633476e+05 1.407819e+05 1.269660e+05
5.229509e+03 5.229509e+03 5.229509e+03 5.229510e+03 5.229514e+03 5.229652e+03 5.230077e+03 5.239140e+03 5.288030e+03 5.456101e+03 6.612502e+03 9.593340e+03 1.490923e+04 2.262041e+04 3.248963e+04 4.414443e+04 5.718439e+04 1.319889e+05 2.062035e+05 2.698763e+05 3.178706e+05 3.461028e+05 3.531026e+05 3.175668e+05 2.569769e+05 2.042103e+05 1.671656e+05 1.433772e+05 1.288765e+05
5.423392e+03 5.423392e+03 5.423392e+03 5.423393e+03 5.423394e+03 5.423448e+03 5.423898e+03 5.556581e+03 5.971926e+03 6.913554e+03 1.105955e+04 1.864330e+04 2.941728e+04 4.273386e+04 5.788303e+04 7.424029e+04 9.130749e+04 1.771754e+05 2.530510e+05 3.142434e+05 3.577857e+05 3.805126e+05 3.815940e+05 3.352636e+05 2.672664e+05 2.102638e+05 1.709517e+05 1.459471e+05 1.307699e+05
5.613498e+03 5.613498e+03 5.613498e+03 5.613498e+03 5.613499e+03 5.613873e+03 5.690454e+03 7.894453e+03 1.083379e+04 1.516172e+04 2.758013e+04 4.382808e+04 6.246845e+04 8.237533e+04 1.027687e+05 1.231400e+05 1.431709e+05 2.338365e+05 3.068584e+05 3.628041e+05 4.001952e+05 4.163576e+05 4.108648e+05 3.531245e+05 2.775433e+05 2.162715e+05 1.746963e+05 1.484867e+05 1.326435e+05
1.243855e+04 1.243872e+04 1.243927e+04 1.245665e+04 1.251099e+04 1.421656e+04 1.895362e+04 3.459003e+04 4.472577e+04 5.588302e+04 7.991626e+04 1.046871e+05 1.291108e+05 1.526642e+05 1.751247e+05 1.964246e+05 2.165732e+05 3.020026e+05 3.670177e+05 4.149546e+05 4.446190e+05 4.532844e+05 4.406668e+05 3.710374e+05 2.877598e+05 2.222130e+05 1.783902e+05 1.509913e+05 1.344945e+05
1.290613e+05 1.290615e+05 1.290620e+05 1.290795e+05 1.291343e+05 1.308845e+05 1.361657e+05 1.536097e+05 1.641134e+05 1.750949e+05 1.973719e+05 2.191160e+05 2.398438e+05 2.594170e+05 2.778369e+05 2.951603e+05 3.114624e+05 3.802106e+05 4.323240e+05 4.698322e+05 4.904573e+05 4.908836e+05 4.707254e+05 3.888854e+05 2.978676e+05 2.280678e+05 1.820240e+05 1.534563e+05 1.363205e+05
3.699087e+05 3.699086e+05 3.699084e+05 3.699015e+05 3.698801e+05 3.692078e+05 3.676302e+05 3.655518e+05 3.657290e+05 3.667732e+05 3.711155e+05 3.776931e+05 3.856760e+05 3.944586e+05 4.036360e+05 4.129461e+05 4.222214e+05 4.654596e+05 5.010378e+05 5.263600e+05 5.370181e+05 5.287041e+05 5.007477e+05 4.065481e+05 3.078181e+05 2.338156e+05 1.855889e+05 1.558773e+05 1.381191e+05
5.786434e+05 5.786434e+05 5.786432e+05 5.786362e+05 5.786146e+05 5.779215e+05 5.757941e+05 5.682447e+05 5.636042e+05 5.589231e+05 5.504880e+05 5.440920e+05 5.398902e+05 5.376268e+05 5.369392e+05 5.374804e+05 5.389567e+05 5.536624e+05 5.710600e+05 5.833235e+05 5.835531e+05 5.662723e+05 5.304321e+05 4.239052e+05 3.175633e+05 2.394368e+05 1.890762e+05 1.582503e+05 1.398879e+05
7.232978e+05 7.232978e+05 7.232977e+05 7.232946e+05 7.232849e+05 7.229731e+05 7.219307e+05 7.171549e+05 7.134219e+05 7.089717e+05 6.987678e+05 6.881387e+05 6.781761e+05 6.694247e+05 6.620590e+05 6.560496e+05 6.512722e+05 6.404509e+05 6.401821e+05 6.394680e+05 6.293014e+05 6.031128e+05 5.594792e+05 4.408386e+05 3.270569e+05 2.449125e+05 1.924778e+05 1.605713e+05 1.416249e+05
8.305874e+05 8.305874e+05 8.305873e+05 8.305842e+05 8.305744e+05 8.302612e+05 8.292952e+05 8.255950e+05 8.228555e+05 8.195072e+05 8.111509e+05 8.011891e+05 7.904891e+05 7.797882e+05 7.695864e+05 7.601676e+05 7.516579e+05 7.219996e+05 7.063464e+05 6.935988e+05 6.735331e+05 6.387687e+05 5.876015e+05 4.572360e+05 3.362549e+05 2.502249e+05 1.957859e+05 1.628367e+05 1.433281e+05
9.081254e+05 9.081254e+05 9.081254e+05 9.081238e+05 9.081188e+05 9.079591e+05 9.074293e+05 9.050465e+05 9.031483e+05 9.007662e+05 8.945582e+05 8.866017e+05 8.773197e+05 8.672381e+05 8.568465e+05 8.465311e+05 8.365624e+05 7.955595e+05 7.678536e+05 7.446680e+05 7.155892e+05 6.728215e+05 6.145333e+05 4.729924e+05 3.451162e+05 2.553574e+05 1.989935e+05 1.650433e+05 1.449958e+05
9.667859e+05 9.667859e+05 9.667858e+05 9.667842e+05 9.667792e+05 9.666187e+05 9.661208e+05 9.641992e+05 9.627782e+05 9.610288e+05 9.564689e+05 9.504420e+05 9.430456e+05 9.345346e+05 9.252401e+05 9.154942e+05 9.055858e+05 8.596009e+05 8.234790e+05 7.918355e+05 7.549123e+05 7.049061e+05 6.400391e+05 4.880132e+05 3.536034e+05 2.602948e+05 2.020941e+05 1.671879e+05 1.466264e+05
1.009805e+06 1.009805e+06 1.009805e+06 1.009804e+06 1.009802e+06 1.009723e+06 1.009448e+06 1.008199e+06 1.007205e+06 1.005954e+06 1.002628e+06 9.981236e+05 9.924046e+05 9.855488e+05 9.777298e+05 9.691728e+05 9.601133e+05 9.136526e+05 8.724935e+05 8.344992e+05 7.910662e+05 7.347229e+05 6.639192e+05 5.022155e+05 3.616834e+05 2.650237e+05 2.050819e+05 1.692679e+05 1.482186e+05
1.042794e+06 1.042794e+06 1.042794e+06 1.042793e+06 1.042791e+06 1.042712e+06 1.042465e+06 1.041476e+06 1.040718e+06 1.039768e+06 1.037237e+06 1.033779e+06 1.029317e+06 1.023837e+06 1.017404e+06 1.010140e+06 1.002207e+06 9.580024e+05 9.146132e+05 8.722952e+05 8.237439e+05 7.620433e+05 6.860144e+05 5.155298e+05 3.693276e+05 2.695322e+05 2.079519e+05 1.712811e+05 1.497710e+05
1.067740e+06 1.067740e+06 1.067740e+06 1.067739e+06 1.067737e+06 1.067675e+06 1.067470e+06 1.066622e+06 1.065974e+06 1.065172e+06 1.063074e+06 1.060256e+06 1.056640e+06 1.052178e+06 1.046869e+06 1.040762e+06 1.033949e+06 9.933920e+05 9.499092e+05 9.050778e+05 8.527647e+05 7.867119e+05 7.062073e+05 5.279005e+05 3.765122e+05 2.738105e+05 2.106998e+05 1.732255e+05 1.512828e+05
1.085932e+06 1.085932e+06 1.085932e+06 1.085931e+06 1.085929e+06 1.085868e+06 1.085675e+06 1.084902e+06 1.084320e+06 1.083606e+06 1.081768e+06 1.079349e+06 1.076298e+06 1.072565e+06 1.068121e+06 1.062972e+06 1.057157e+06 1.020777e+06 9.787067e+05 9.328837e+05 8.780640e+05 8.086436e+05 7.244225e+05 5.392867e+05 3.832188e+05 2.778505e+05 2.133223e+05 1.750995e+05 1.527531e+05
1.098117e+06 1.098117e+06 1.098117e+06 1.098117e+06 1.098115e+06 1.098057e+06 1.097880e+06 1.097175e+06 1.096647e+06 1.096002e+06 1.094359e+06 1.092233e+06 1.089597e+06 1.086411e+06 1.082644e+06 1.078278e+06 1.073320e+06 1.041169e+06 1.001493e+06 9.558921e+05 8.996772e+05 8.278178e+05 7.406245e+05 5.496616e+05 3.894338e+05 2.816461e+05 2.158165e+05 1.769020e+05 1.541813e+05
1.104994e+06 1.104994e+06 1.104994e+06 1.104993e+06 1.104992e+06 1.104942e+06 1.104786e+06 1.104157e+06 1.103686e+06 1.103112e+06 1.101659e+06 1.099799e+06 1.097517e+06 1.094787e+06 1.091580e+06 1.087871e+06 1.083649e+06 1.055546e+06 1.018844e+06 9.743853e+05 9.177213e+05 8.442701e+05 7.548141e+05 5.590124e+05 3.951489e+05 2.851933e+05 2.181806e+05 1.786321e+05 1.555671e+05
1.107311e+06 1.107311e+06 1.107311e+06 1.107310e+06 1.107309e+06 1.107259e+06 1.107109e+06 1.106552e+06 1.106148e+06 1.105659e+06 1.104424e+06 1.102843e+06 1.100903e+06 1.098586e+06 1.095870e+06 1.092731e+06 1.089153e+06 1.064813e+06 1.031368e+06 9.887123e+05 9.323754e+05 8.580836e+05 7.670244e+05 5.673391e+05 4.003606e+05 2.884897e+05 2.204137e+05 1.802894e+05 1.569102e+05
1.105648e+06 1.105648e+06 1.105648e+06 1.105647e+06 1.105647e+06 1.105618e+06 1.105528e+06 1.105143e+06 1.104839e+06 1.104458e+06 1.103467e+06 1.102167e+06 1.100554e+06 1.098617e+06 1.096339e+06 1.093703e+06 1.090689e+06 1.069785e+06 1.039674e+06 9.992601e+05 9.438637e+05 8.693784e+05 7.773156e+05 5.746536e+05 4.050701e+05 2.915350e+05 2.225153e+05 1.818738e+05 1.582106e+05
1.101463e+06 1.101463e+06 1.101463e+06 1.101463e+06 1.101462e+06 1.101434e+06 1.101344e+06 1.100996e+06 1.100738e+06 1.100422e+06 1.099609e+06 1.098542e+06 1.097213e+06 1.095610e+06 1.093718e+06 1.091521e+06 1.089001e+06 1.071186e+06 1.044340e+06 1.006430e+06 9.524384e+05 8.783029e+05 7.857701e+05 5.809783e+05 4.092827e+05 2.943305e+05 2.244858e+05 1.833855e+05 1.594686e+05
1.094971e+06 1.094971e+06 1.094971e+06 1.094970e+06 1.094970e+06 1.094951e+06 1.094888e+06 1.094618e+06 1.094409e+06 1.094150e+06 1.093481e+06 1.092607e+06 1.091516e+06 1.090198e+06 1.088639e+06 1.086821e+06 1.084728e+06 1.069651e+06 1.045905e+06 1.010620e+06 9.583673e+05 8.850248e+05 7.924876e+05 5.863444e+05 4.130078e+05 2.968791e+05 2.263266e+05 1.848251e+05 1.606843e+05
