1.284100e+08 8.455044e+07 6.919898e+07 4.233740e+07 3.555142e+07 2.639187e+07 2.351932e+07 2.074271e+07 1.993083e+07 1.932363e+07 1.850088e+07 1.800117e+07 1.769331e+07 1.750460e+07 1.739205e+07 1.732962e+07 1.730151e+07 1.744774e+07 1.789933e+07 1.859678e+07 1.951333e+07 2.062690e+07 2.191549e+07 2.494995e+07 2.860077e+07 3.303752e+07 3.849961e+07 4.519389e+07 5.325206e+07
2.627174e+07 2.627195e+07 2.627237e+07 2.626265e+07 2.614662e+07 2.457451e+07 2.271954e+07 2.040830e+07 1.968296e+07 1.913258e+07 1.837939e+07 1.791994e+07 1.763775e+07 1.746647e+07 1.736625e+07 1.731283e+07 1.729151e+07 1.745548e+07 1.791459e+07 1.861562e+07 1.953320e+07 2.064617e+07 2.193346e+07 2.496609e+07 2.861829e+07 3.305978e+07 3.852926e+07 4.523284e+07 5.330164e+07
2.358617e+07 2.358620e+07 2.358628e+07 2.358553e+07 2.357134e+07 2.304820e+07 2.174881e+07 1.998588e+07 1.938197e+07 1.890755e+07 1.824214e+07 1.783063e+07 1.757785e+07 1.742596e+07 1.733919e+07 1.729547e+07 1.728133e+07 1.746370e+07 1.793042e+07 1.863499e+07 1.955352e+07 2.066581e+07 2.195171e+07 2.498243e+07 2.863600e+07 3.308228e+07 3.855920e+07 4.527214e+07 5.335162e+07
2.187559e+07 2.187561e+07 2.187565e+07 2.187575e+07 2.187227e+07 2.149551e+07 2.103697e+07 1.951128e+07 1.903905e+07 1.865324e+07 1.809060e+07 1.773392e+07 1.751397e+07 1.738332e+07 1.731104e+07 1.727761e+07 1.727103e+07 1.747242e+07 1.794683e+07 1.865491e+07 1.957430e+07 2.068580e+07 2.197025e+07 2.499897e+07 2.865391e+07 3.310501e+07 3.858943e+07 4.531179e+07 5.340201e+07
2.065023e+07 2.065024e+07 2.065027e+07 2.065055e+07 2.064975e+07 2.043646e+07 2.017935e+07 1.910120e+07 1.868769e+07 1.838211e+07 1.792761e+07 1.763081e+07 1.744657e+07 1.733878e+07 1.728194e+07 1.725936e+07 1.726069e+07 1.748166e+07 1.796384e+07 1.867537e+07 1.959553e+07 2.070615e+07 2.198906e+07 2.501570e+07 2.867202e+07 3.312798e+07 3.861995e+07 4.535180e+07 5.345281e+07
1.973588e+07 1.973589e+07 1.973591e+07 1.973625e+07 1.973638e+07 1.962971e+07 1.938314e+07 1.880614e+07 1.840243e+07 1.812081e+07 1.775867e+07 1.752299e+07 1.737634e+07 1.729268e+07 1.725205e+07 1.724082e+07 1.725037e+07 1.749143e+07 1.798145e+07 1.869639e+07 1.961723e+07 2.072686e+07 2.200815e+07 2.503263e+07 2.869032e+07 3.315119e+07 3.865077e+07 4.539216e+07 5.350403e+07
1.903761e+07 1.903761e+07 1.903763e+07 1.903795e+07 1.903842e+07 1.898699e+07 1.876889e+07 1.851363e+07 1.819809e+07 1.791849e+07 1.759343e+07 1.741324e+07 1.730428e+07 1.724545e+07 1.722161e+07 1.722211e+07 1.724013e+07 1.750174e+07 1.799966e+07 1.871796e+07 1.963939e+07 2.074794e+07 2.202752e+07 2.504976e+07 2.870882e+07 3.317463e+07 3.868188e+07 4.543287e+07 5.355566e+07
1.849601e+07 1.849602e+07 1.849603e+07 1.849633e+07 1.849693e+07 1.847344e+07 1.830565e+07 1.819458e+07 1.800865e+07 1.777548e+07 1.744760e+07 1.730600e+07 1.723198e+07 1.719774e+07 1.719091e+07 1.720338e+07 1.723005e+07 1.751261e+07 1.801850e+07 1.874010e+07 1.966201e+07 2.076937e+07 2.204717e+07 2.506709e+07 2.872752e+07 3.319832e+07 3.871329e+07 4.547395e+07 5.360771e+07
1.807152e+07 1.807152e+07 1.807153e+07 1.807182e+07 1.807246e+07 1.806363e+07 1.794615e+07 1.787460e+07 1.780676e+07 1.765018e+07 1.734501e+07 1.720785e+07 1.716177e+07 1.715052e+07 1.716037e+07 1.718483e+07 1.722023e+07 1.752404e+07 1.803795e+07 1.876281e+07 1.968509e+07 2.079117e+07 2.206710e+07 2.508461e+07 2.874641e+07 3.322224e+07 3.874500e+07 4.551538e+07 5.366017e+07
1.773679e+07 1.773679e+07 1.773680e+07 1.773706e+07 1.773769e+07 1.773675e+07 1.765964e+07 1.758551e+07 1.759499e+07 1.752145e+07 1.727752e+07 1.712875e+07 1.709696e+07 1.710511e+07 1.713061e+07 1.716675e+07 1.721083e+07 1.753605e+07 1.805803e+07 1.878608e+07 1.970865e+07 2.081333e+07 2.208731e+07 2.510233e+07 2.876551e+07 3.324641e+07 3.877702e+07 4.555719e+07 5.371307e+07
1.747195e+07 1.747195e+07 1.747196e+07 1.747219e+07 1.747277e+07 1.747615e+07 1.742831e+07 1.734385e+07 1.738897e+07 1.738440e+07 1.722600e+07 1.708119e+07 1.704214e+07 1.706339e+07 1.710244e+07 1.714954e+07 1.720205e+07 1.754863e+07 1.807873e+07 1.880993e+07 1.973267e+07 2.083585e+07 2.210780e+07 2.512025e+07 2.878480e+07 3.327083e+07 3.880933e+07 4.559935e+07 5.376638e+07
1.678790e+07 1.678790e+07 1.678790e+07 1.678805e+07 1.678846e+07 1.679640e+07 1.680239e+07 1.675271e+07 1.675681e+07 1.681214e+07 1.696474e+07 1.702767e+07 1.702061e+07 1.701458e+07 1.704044e+07 1.710247e+07 1.718060e+07 1.762109e+07 1.819185e+07 1.893778e+07 1.985977e+07 2.095385e+07 2.221436e+07 2.521277e+07 2.888430e+07 3.339661e+07 3.897554e+07 4.581575e+07 5.403943e+07
1.665580e+07 1.665580e+07 1.665581e+07 1.665591e+07 1.665622e+07 1.666353e+07 1.667790e+07 1.668632e+07 1.668077e+07 1.669236e+07 1.680755e+07 1.698107e+07 1.711075e+07 1.717530e+07 1.720533e+07 1.723219e+07 1.727283e+07 1.771490e+07 1.832173e+07 1.908014e+07 1.999847e+07 2.108067e+07 2.232765e+07 2.531011e+07 2.898887e+07 3.352869e+07 3.914961e+07 4.604163e+07 5.432345e+07
1.679132e+07 1.679132e+07 1.679132e+07 1.679141e+07 1.679165e+07 1.679805e+07 1.681338e+07 1.684623e+07 1.685433e+07 1.685998e+07 1.690559e+07 1.702794e+07 1.718685e+07 1.732360e+07 1.741476e+07 1.746967e+07 1.750843e+07 1.784881e+07 1.847122e+07 1.923741e+07 2.014861e+07 2.121602e+07 2.244738e+07 2.541217e+07 2.909855e+07 3.366722e+07 3.933177e+07 4.627725e+07 5.461875e+07
1.708945e+07 1.708945e+07 1.708945e+07 1.708952e+07 1.708972e+07 1.709544e+07 1.710976e+07 1.714123e+07 1.715052e+07 1.715400e+07 1.716186e+07 1.721313e+07 1.732250e+07 1.746079e+07 1.759093e+07 1.769304e+07 1.776679e+07 1.806589e+07 1.864738e+07 1.941093e+07 2.031018e+07 2.135958e+07 2.257323e+07 2.551879e+07 2.921336e+07 3.381234e+07 3.952223e+07 4.652287e+07 5.492562e+07
1.745579e+07 1.745579e+07 1.745579e+07 1.745581e+07 1.745585e+07 1.745668e+07 1.745759e+07 1.746152e+07 1.746286e+07 1.746207e+07 1.745708e+07 1.747089e+07 1.753013e+07 1.763493e+07 1.776362e+07 1.789129e+07 1.800224e+07 1.836439e+07 1.886434e+07 1.960370e+07 2.048361e+07 2.151114e+07 2.270488e+07 2.562981e+07 2.933333e+07 3.396419e+07 3.972122e+07 4.677876e+07 5.524435e+07
1.767907e+07 1.767907e+07 1.767907e+07 1.767911e+07 1.767921e+07 1.768192e+07 1.768889e+07 1.770807e+07 1.771747e+07 1.772541e+07 1.773604e+07 1.774945e+07 1.778700e+07 1.786227e+07 1.797155e+07 1.809955e+07 1.822926e+07 1.870006e+07 1.914661e+07 1.982130e+07 2.067016e+07 2.167076e+07 2.284210e+07 2.574506e+07 2.945845e+07 3.412290e+07 3.992894e+07 4.704519e+07 5.557524e+07
1.791997e+07 1.791997e+07 1.791997e+07 1.792000e+07 1.792011e+07 1.792302e+07 1.793102e+07 1.795701e+07 1.797276e+07 1.798890e+07 1.801914e+07 1.804719e+07 1.808411e+07 1.814424e+07 1.823408e+07 1.834944e+07 1.847945e+07 1.904817e+07 1.948517e+07 2.007363e+07 2.087220e+07 2.183891e+07 2.298483e+07 2.586445e+07 2.958877e+07 3.428862e+07 4.014562e+07 4.732243e+07 5.591857e+07
1.821613e+07 1.821613e+07 1.821613e+07 1.821617e+07 1.821627e+07 1.821919e+07 1.822749e+07 1.825625e+07 1.827506e+07 1.829570e+07 1.833899e+07 1.838129e+07 1.842533e+07 1.848078e+07 1.855689e+07 1.865664e+07 1.877614e+07 1.940089e+07 1.985788e+07 2.037430e+07 2.109382e+07 2.201670e+07 2.313332e+07 2.598793e+07 2.972434e+07 3.446149e+07 4.037147e+07 4.761072e+07 5.627464e+07
1.857670e+07 1.857670e+07 1.857670e+07 1.857673e+07 1.857683e+07 1.857973e+07 1.858813e+07 1.861807e+07 1.863831e+07 1.866112e+07 1.871150e+07 1.876345e+07 1.881505e+07 1.887084e+07 1.893872e+07 1.902463e+07 1.912967e+07 1.976220e+07 2.024932e+07 2.071238e+07 2.134230e+07 2.220611e+07 2.328819e+07 2.611557e+07 2.986523e+07 3.464169e+07 4.060673e+07 4.791036e+07 5.664376e+07
1.900237e+07 1.900237e+07 1.900237e+07 1.900240e+07 1.900250e+07 1.900531e+07 1.901358e+07 1.904334e+07 1.906363e+07 1.908682e+07 1.913960e+07 1.919654e+07 1.925364e+07 1.931147e+07 1.937503e+07 1.945033e+07 1.954100e+07 2.014079e+07 2.064936e+07 2.107426e+07 2.162434e+07 2.241032e+07 2.345054e+07 2.624759e+07 3.001160e+07 3.482940e+07 4.085163e+07 4.822162e+07 5.702620e+07
1.948882e+07 1.948882e+07 1.948882e+07 1.948884e+07 1.948891e+07 1.949113e+07 1.949799e+07 1.952443e+07 1.954332e+07 1.956551e+07 1.961795e+07 1.967712e+07 1.973801e+07 1.979840e+07 1.986027e+07 1.992814e+07 2.000630e+07 2.054465e+07 2.105273e+07 2.144913e+07 2.192999e+07 2.263522e+07 2.362217e+07 2.638439e+07 3.016367e+07 3.502485e+07 4.110644e+07 4.854477e+07 5.742228e+07
2.000819e+07 2.000819e+07 2.000819e+07 2.000822e+07 2.000830e+07 2.001071e+07 2.001787e+07 2.004442e+07 2.006326e+07 2.008548e+07 2.013869e+07 2.020008e+07 2.026442e+07 2.032776e+07 2.038955e+07 2.045238e+07 2.052006e+07 2.097842e+07 2.145775e+07 2.182829e+07 2.225016e+07 2.288324e+07 2.380588e+07 2.652662e+07 3.032175e+07 3.522831e+07 4.137142e+07 4.888012e+07 5.783231e+07
2.056532e+07 2.056532e+07 2.056532e+07 2.056534e+07 2.056542e+07 2.056785e+07 2.057507e+07 2.060226e+07 2.062165e+07 2.064455e+07 2.069961e+07 2.076369e+07 2.083133e+07 2.089746e+07 2.095956e+07 2.101834e+07 2.107670e+07 2.144280e+07 2.186457e+07 2.220523e+07 2.257715e+07 2.314653e+07 2.400670e+07 2.667520e+07 3.048627e+07 3.544008e+07 4.164689e+07 4.922798e+07 5.825660e+07
2.116599e+07 2.116599e+07 2.116599e+07 2.116601e+07 2.116609e+07 2.116851e+07 2.117575e+07 2.120312e+07 2.122281e+07 2.124621e+07 2.130288e+07 2.136920e+07 2.143922e+07 2.150681e+07 2.156800e+07 2.162198e+07 2.167064e+07 2.193496e+07 2.227365e+07 2.257551e+07 2.290443e+07 2.341881e+07 2.422456e+07 2.683139e+07 3.065777e+07 3.566055e+07 4.193317e+07 4.958867e+07 5.869547e+07
2.181154e+07 2.181154e+07 2.181154e+07 2.181157e+07 2.181164e+07 2.181403e+07 2.182122e+07 2.184881e+07 2.186882e+07 2.189269e+07 2.195063e+07 2.201818e+07 2.208857e+07 2.215485e+07 2.221212e+07 2.225861e+07 2.229549e+07 2.244912e+07 2.268464e+07 2.293642e+07 2.322669e+07 2.369475e+07 2.445363e+07 2.699695e+07 3.083696e+07 3.589017e+07 4.223065e+07 4.996254e+07 5.914928e+07
2.250311e+07 2.250311e+07 2.250311e+07 2.250313e+07 2.250321e+07 2.250567e+07 2.251308e+07 2.254135e+07 2.256179e+07 2.258607e+07 2.264441e+07 2.271087e+07 2.277789e+07 2.283813e+07 2.288651e+07 2.292102e+07 2.294255e+07 2.297715e+07 2.309602e+07 2.328644e+07 2.353992e+07 2.396974e+07 2.468955e+07 2.717449e+07 3.102473e+07 3.612948e+07 4.253974e+07 5.034998e+07 5.961836e+07
2.324592e+07 2.324592e+07 2.324592e+07 2.324595e+07 2.324603e+07 2.324844e+07 2.325575e+07 2.328384e+07 2.330409e+07 2.332790e+07 2.338344e+07 2.344362e+07 2.350063e+07 2.354773e+07 2.358052e+07 2.359739e+07 2.359934e+07 2.350920e+07 2.350508e+07 2.362478e+07 2.384139e+07 2.423994e+07 2.492861e+07 2.736762e+07 3.122217e+07 3.637911e+07 4.286092e+07 5.075138e+07 6.010309e+07
2.403799e+07 2.403799e+07 2.403799e+07 2.403801e+07 2.403809e+07 2.404042e+07 2.404753e+07 2.407455e+07 2.409313e+07 2.411392e+07 2.415876e+07 2.420275e+07 2.423992e+07 2.426526e+07 2.427554e+07 2.426973e+07 2.424883e+07 2.403457e+07 2.390832e+07 2.395104e+07 2.412948e+07 2.450236e+07 2.516758e+07 2.757410e+07 3.143066e+07 3.663980e+07 4.319472e+07 5.116719e+07 6.060387e+07
2.487528e+07 2.487528e+07 2.487529e+07 2.487531e+07 2.487539e+07 2.487773e+07 2.488414e+07 2.490263e+07 2.491248e+07 2.492208e+07 2.493993e+07 2.495453e+07 2.496254e+07 2.496013e+07 2.494449e+07 2.491446e+07 2.487062e+07 2.454285e+07 2.430193e+07 2.426494e+07 2.440345e+07 2.475485e+07 2.540377e+07 2.779092e+07 3.165201e+07 3.691243e+07 4.354174e+07 5.159789e+07 6.112111e+07
2.572102e+07 2.572102e+07 2.572102e+07 2.572098e+07 2.572089e+07 2.571868e+07 2.571248e+07 2.569372e+07 2.568361e+07 2.567387e+07 2.565625e+07 2.563985e+07 2.562071e+07 2.559427e+07 2.555707e+07 2.550735e+07 2.544511e+07 2.502535e+07 2.468238e+07 2.456633e+07 2.466329e+07 2.499606e+07 2.563498e+07 2.801583e+07 3.188893e+07 3.719800e+07 4.390264e+07 5.204399e+07 6.165525e+07
2.629706e+07 2.629706e+07 2.629706e+07 2.629705e+07 2.629702e+07 2.629610e+07 2.629259e+07 2.627640e+07 2.626527e+07 2.625331e+07 2.622890e+07 2.620397e+07 2.617548e+07 2.613927e+07 2.609207e+07 2.603221e+07 2.595959e+07 2.547620e+07 2.504683e+07 2.485506e+07 2.490939e+07 2.522533e+07 2.585960e+07 2.824693e+07 3.214324e+07 3.749774e+07 4.427820e+07 5.250608e+07 6.220677e+07
2.667094e+07 2.667094e+07 2.667094e+07 2.667094e+07 2.667094e+07 2.667104e+07 2.667134e+07 2.667106e+07 2.666968e+07 2.666724e+07 2.665919e+07 2.664614e+07 2.662535e+07 2.659341e+07 2.654777e+07 2.648732e+07 2.641234e+07 2.589296e+07 2.539336e+07 2.513109e+07 2.514246e+07 2.544259e+07 2.607653e+07 2.848253e+07 3.241267e+07 3.781310e+07 4.466928e+07 5.298479e+07 6.277617e+07
2.698678e+07 2.698678e+07 2.698678e+07 2.698679e+07 2.698681e+07 2.698748e+07 2.698930e+07 2.699540e+07 2.699910e+07 2.700279e+07 2.700860e+07 2.700931e+07 2.700052e+07 2.697814e+07 2.693955e+07 2.688379e+07 2.681136e+07 2.627625e+07 2.572099e+07 2.539445e+07 2.536330e+07 2.564818e+07 2.628517e+07 2.872121e+07 3.269558e+07 3.814598e+07 4.507683e+07 5.348081e+07 6.336401e+07
2.729260e+07 2.729260e+07 2.729260e+07 2.729261e+07 2.729264e+07 2.729341e+07 2.729568e+07 2.730375e+07 2.730910e+07 2.731498e+07 2.732685e+07 2.733522e+07 2.733461e+07 2.731999e+07 2.728810e+07 2.723767e+07 2.716905e+07 2.662867e+07 2.602949e+07 2.564522e+07 2.557278e+07 2.584276e+07 2.648535e+07 2.896176e+07 3.299072e+07 3.849918e+07 4.550199e+07 5.399489e+07 6.397086e+07
2.760370e+07 2.760370e+07 2.760370e+07 2.760371e+07 2.760373e+07 2.760440e+07 2.760629e+07 2.761323e+07 2.761809e+07 2.762369e+07 2.763601e+07 2.764633e+07 2.764887e+07 2.763800e+07 2.760989e+07 2.756281e+07 2.749685e+07 2.695357e+07 2.631909e+07 2.588353e+07 2.577168e+07 2.602714e+07 2.667723e+07 2.920322e+07 3.329703e+07 3.887279e+07 4.594605e+07 5.452790e+07 6.459739e+07
2.791255e+07 2.791255e+07 2.791255e+07 2.791256e+07 2.791258e+07 2.791311e+07 2.791465e+07 2.792035e+07 2.792439e+07 2.792916e+07 2.794004e+07 2.794956e+07 2.795201e+07 2.794160e+07 2.791423e+07 2.786794e+07 2.780258e+07 2.725398e+07 2.659023e+07 2.610949e+07 2.596072e+07 2.620222e+07 2.686126e+07 2.944489e+07 3.361355e+07 3.926520e+07 4.641057e+07 5.508076e+07 6.524426e+07
2.821288e+07 2.821288e+07 2.821288e+07 2.821289e+07 2.821290e+07 2.821332e+07 2.821458e+07 2.821949e+07 2.822306e+07 2.822730e+07 2.823690e+07 2.824490e+07 2.824571e+07 2.823364e+07 2.820469e+07 2.815691e+07 2.809013e+07 2.753205e+07 2.684332e+07 2.632319e+07 2.614049e+07 2.636892e+07 2.703806e+07 2.968630e+07 3.393949e+07 3.967549e+07 4.689766e+07 5.565452e+07 6.591224e+07
2.850175e+07 2.850175e+07 2.850175e+07 2.850176e+07 2.850177e+07 2.850226e+07 2.850367e+07 2.850888e+07 2.851248e+07 2.851655e+07 2.852506e+07 2.853093e+07 2.852883e+07 2.851345e+07 2.848110e+07 2.843003e+07 2.836021e+07 2.778893e+07 2.707869e+07 2.652471e+07 2.631148e+07 2.652809e+07 2.720838e+07 2.992722e+07 3.427413e+07 4.010290e+07 4.740969e+07 5.625038e+07 6.660214e+07
2.878447e+07 2.878447e+07 2.878447e+07 2.878448e+07 2.878450e+07 2.878508e+07 2.878673e+07 2.879179e+07 2.879475e+07 2.879780e+07 2.880321e+07 2.880494e+07 2.879810e+07 2.877781e+07 2.874066e+07 2.868513e+07 2.861126e+07 2.802490e+07 2.729653e+07 2.671408e+07 2.647409e+07 2.668053e+07 2.737301e+07 3.016760e+07 3.461692e+07 4.054681e+07 4.794569e+07 5.686970e+07 6.731485e+07
2.906465e+07 2.906465e+07 2.906465e+07 2.906465e+07 2.906465e+07 2.906468e+07 2.906472e+07 2.906498e+07 2.906514e+07 2.906520e+07 2.906438e+07 2.905982e+07 2.904691e+07 2.902094e+07 2.897859e+07 2.891839e+07 2.884041e+07 2.823983e+07 2.749700e+07 2.689134e+07 2.662861e+07 2.682693e+07 2.753278e+07 3.040762e+07 3.496740e+07 4.100669e+07 4.850471e+07 5.751419e+07 6.805138e+07
2.930900e+07 2.930900e+07 2.930900e+07 2.930900e+07 2.930900e+07 2.930884e+07 2.930825e+07 2.930532e+07 2.930308e+07 2.930047e+07 2.929406e+07 2.928414e+07 2.926633e+07 2.923592e+07 2.918959e+07 2.912585e+07 2.904474e+07 2.843353e+07 2.768029e+07 2.705655e+07 2.677531e+07 2.696790e+07 2.768848e+07 3.064757e+07 3.532528e+07 4.148206e+07 4.908616e+07 5.818622e+07 6.881280e+07
2.950136e+07 2.950136e+07 2.950136e+07 2.950136e+07 2.950134e+07 2.950085e+07 2.949935e+07 2.949450e+07 2.949147e+07 2.948817e+07 2.948050e+07 2.946931e+07 2.945015e+07 2.941831e+07 2.937049e+07 2.930526e+07 2.922271e+07 2.860615e+07 2.784673e+07 2.720987e+07 2.691439e+07 2.710396e+07 2.784086e+07 3.088788e+07 3.569038e+07 4.197252e+07 4.968960e+07 5.888704e+07 6.960038e+07
2.963160e+07 2.963160e+07 2.963160e+07 2.963161e+07 2.963161e+07 2.963163e+07 2.963161e+07 2.963089e+07 2.963004e+07 2.962881e+07 2.962482e+07 2.961652e+07 2.959947e+07 2.956904e+07 2.952209e+07 2.945733e+07 2.937498e+07 2.875840e+07 2.799685e+07 2.735149e+07 2.704603e+07 2.723555e+07 2.799060e+07 3.112910e+07 3.606263e+07 4.247774e+07 5.031465e+07 5.961551e+07 7.041556e+07
2.973724e+07 2.973724e+07 2.973724e+07 2.973724e+07 2.973725e+07 2.973746e+07 2.973802e+07 2.973964e+07 2.974043e+07 2.974103e+07 2.974079e+07 2.973596e+07 2.972184e+07 2.969377e+07 2.964867e+07 2.958535e+07 2.950415e+07 2.889149e+07 2.813136e+07 2.748172e+07 2.717044e+07 2.736305e+07 2.813833e+07 3.137182e+07 3.644210e+07 4.299748e+07 5.096099e+07 6.037103e+07 7.126018e+07
2.983639e+07 2.983639e+07 2.983639e+07 2.983639e+07 2.983640e+07 2.983659e+07 2.983712e+07 2.983884e+07 2.983983e+07 2.984076e+07 2.984157e+07 2.983814e+07 2.982555e+07 2.979900e+07 2.975536e+07 2.969342e+07 2.961355e+07 2.900696e+07 2.825109e+07 2.760090e+07 2.728777e+07 2.748675e+07 2.828461e+07 3.161667e+07 3.682899e+07 4.353155e+07 5.162837e+07 6.115322e+07 7.213671e+07
2.993042e+07 2.993042e+07 2.993042e+07 2.993042e+07 2.993042e+07 2.993047e+07 2.993062e+07 2.993123e+07 2.993163e+07 2.993200e+07 2.993190e+07 2.992792e+07 2.991520e+07 2.988892e+07 2.984589e+07 2.978484e+07 2.970605e+07 2.910646e+07 2.835701e+07 2.770946e+07 2.739821e+07 2.760692e+07 2.842990e+07 3.186434e+07 3.722355e+07 4.407984e+07 5.231654e+07 6.196178e+07 7.304507e+07
3.001187e+07 3.001187e+07 3.001187e+07 3.001187e+07 3.001187e+07 3.001194e+07 3.001209e+07 3.001232e+07 3.001227e+07 3.001204e+07 3.001053e+07 3.000523e+07 2.999159e+07 2.996491e+07 2.992199e+07 2.986151e+07 2.978366e+07 2.919158e+07 2.845007e+07 2.780784e+07 2.750193e+07 2.772376e+07 2.857464e+07 3.211548e+07 3.762617e+07 4.464234e+07 5.302533e+07 6.279649e+07 7.398438e+07
3.008088e+07 3.008088e+07 3.008088e+07 3.008088e+07 3.008087e+07 3.008081e+07 3.008058e+07 3.007948e+07 3.007863e+07 3.007759e+07 3.007458e+07 3.006812e+07 3.005377e+07 3.002690e+07 2.998429e+07 2.992453e+07 2.984775e+07 2.926381e+07 2.853123e+07 2.789646e+07 2.759910e+07 2.783745e+07 2.871917e+07 3.237078e+07 3.803729e+07 4.521911e+07 5.375458e+07 6.365713e+07 7.495422e+07
3.012896e+07 3.012896e+07 3.012896e+07 3.012896e+07 3.012895e+07 3.012877e+07 3.012827e+07 3.012662e+07 3.012557e+07 3.012441e+07 3.012137e+07 3.011514e+07 3.010128e+07 3.007516e+07 3.003355e+07 2.997503e+07 2.989968e+07 2.932450e+07 2.860135e+07 2.797575e+07 2.768985e+07 2.794810e+07 2.886381e+07 3.263087e+07 3.845742e+07 4.581026e+07 5.450420e+07 6.454356e+07 7.595431e+07
3.015332e+07 3.015332e+07 3.015332e+07 3.015332e+07 3.015332e+07 3.015335e+07 3.015342e+07 3.015356e+07 3.015355e+07 3.015344e+07 3.015243e+07 3.014809e+07 3.013600e+07 3.011158e+07 3.007164e+07 3.001480e+07 2.994117e+07 2.937488e+07 2.866120e+07 2.804606e+07 2.777431e+07 2.805583e+07 2.900879e+07 3.289638e+07 3.888711e+07 4.641603e+07 5.527414e+07 6.545561e+07 7.698441e+07
3.016975e+07 3.016975e+07 3.016975e+07 3.016975e+07 3.016975e+07 3.016991e+07 3.017035e+07 3.017177e+07 3.017263e+07 3.017349e+07 3.017457e+07 3.017231e+07 3.016218e+07 3.013959e+07 3.010140e+07 3.004624e+07 2.997424e+07 2.941605e+07 2.871140e+07 2.810769e+07 2.785257e+07 2.816070e+07 2.915435e+07 3.316790e+07 3.932696e+07 4.703667e+07 5.606440e+07 6.639318e+07 7.804437e+07
3.018745e+07 3.018745e+07 3.018745e+07 3.018745e+07 3.018746e+07 3.018765e+07 3.018818e+07 3.019002e+07 3.019121e+07 3.019246e+07 3.019445e+07 3.019321e+07 3.018415e+07 3.016266e+07 3.012558e+07 3.007156e+07 3.000071e+07 2.944880e+07 2.875240e+07 2.816086e+07 2.792470e+07 2.826277e+07 2.930065e+07 3.344601e+07 3.977761e+07 4.767254e+07 5.687503e+07 6.735617e+07 7.913403e+07
3.020954e+07 3.020954e+07 3.020954e+07 3.020954e+07 3.020954e+07 3.020971e+07 3.021013e+07 3.021155e+07 3.021247e+07 3.021346e+07 3.021498e+07 3.021341e+07 3.020418e+07 3.018270e+07 3.014578e+07 3.009206e+07 3.002165e+07 2.947358e+07 2.878447e+07 2.820570e+07 2.799073e+07 2.836207e+07 2.944785e+07 3.373123e+07 4.023970e+07 4.832402e+07 5.770612e+07 6.834452e+07 8.025326e+07
3.023302e+07 3.023302e+07 3.023302e+07 3.023302e+07 3.023302e+07 3.023310e+07 3.023329e+07 3.023389e+07 3.023428e+07 3.023469e+07 3.023500e+07 3.023225e+07 3.022196e+07 3.019958e+07 3.016198e+07 3.010777e+07 3.003709e+07 2.949044e+07 2.880769e+07 2.824228e+07 2.805066e+07 2.845861e+07 2.959608e+07 3.402407e+07 4.071388e+07 4.899159e+07 5.855784e+07 6.935818e+07 8.140194e+07
3.025216e+07 3.025216e+07 3.025216e+07 3.025216e+07 3.025216e+07 3.025219e+07 3.025223e+07 3.025231e+07 3.025232e+07 3.025225e+07 3.025138e+07 3.024723e+07 3.023548e+07 3.021171e+07 3.017287e+07 3.011764e+07 3.004617e+07 2.949907e+07 2.882199e+07 2.827057e+07 2.810448e+07 2.855241e+07 2.974546e+07 3.432500e+07 4.120081e+07 4.967572e+07 5.943037e+07 7.039714e+07 8.257997e+07
3.026428e+07 3.026428e+07 3.026428e+07 3.026428e+07 3.026428e+07 3.026427e+07 3.026423e+07 3.026393e+07 3.026361e+07 3.026312e+07 3.026110e+07 3.025550e+07 3.024215e+07 3.021678e+07 3.017647e+07 3.011997e+07 3.004745e+07 2.949888e+07 2.882715e+07 2.829053e+07 2.815217e+07 2.864349e+07 2.989609e+07 3.463447e+07 4.170116e+07 5.037697e+07 6.032398e+07 7.146144e+07 8.378726e+07
3.026765e+07 3.026765e+07 3.026765e+07 3.026765e+07 3.026765e+07 3.026763e+07 3.026750e+07 3.026663e+07 3.026585e+07 3.026479e+07 3.026143e+07 3.025427e+07 3.023929e+07 3.021234e+07 3.017058e+07 3.011281e+07 3.003926e+07 2.948915e+07 2.882291e+07 2.830206e+07 2.819370e+07 2.873185e+07 3.004809e+07 3.495289e+07 4.221557e+07 5.109589e+07 6.123895e+07 7.255112e+07 8.502374e+07
3.025943e+07 3.025943e+07 3.025943e+07 3.025943e+07 3.025943e+07 3.025928e+07 3.025881e+07 3.025694e+07 3.025556e+07 3.025389e+07 3.024919e+07 3.024066e+07 3.022431e+07 3.019607e+07 3.015315e+07 3.009440e+07 3.002006e+07 2.946917e+07 2.880899e+07 2.830507e+07 2.822905e+07 2.881752e+07 3.020156e+07 3.528068e+07 4.274469e+07 5.183309e+07 6.217564e+07 7.366628e+07 8.628933e+07
3.023304e+07 3.023304e+07 3.023304e+07 3.023304e+07 3.023303e+07 3.023289e+07 3.023240e+07 3.023036e+07 3.022880e+07 3.022688e+07 3.022157e+07 3.021232e+07 3.019522e+07 3.016625e+07 3.012269e+07 3.006342e+07 2.998868e+07 2.943838e+07 2.878515e+07 2.829950e+07 2.825821e+07 2.890054e+07 3.035661e+07 3.561822e+07 4.328915e+07 5.258917e+07 6.313441e+07 7.480704e+07 8.758402e+07
3.018896e+07 3.018896e+07 3.018896e+07 3.018896e+07 3.018895e+07 3.018880e+07 3.018831e+07 3.018635e+07 3.018486e+07 3.018300e+07 3.017776e+07 3.016848e+07 3.015128e+07 3.012220e+07 3.007854e+07 3.001924e+07 2.994455e+07 2.939642e+07 2.875121e+07 2.828530e+07 2.828121e+07 2.898098e+07 3.051338e+07 3.596588e+07 4.384956e+07 5.336477e+07 6.411569e+07 7.597355e+07 8.890775e+07
3.012884e+07 3.012884e+07 3.012884e+07 3.012884e+07 3.012883e+07 3.012872e+07 3.012836e+07 3.012675e+07 3.012545e+07 3.012379e+07 3.011892e+07 3.010996e+07 3.009304e+07 3.006424e+07 3.002089e+07 2.996193e+07 2.988767e+07 2.934315e+07 2.870712e+07 2.826248e+07 2.829810e+07 2.905893e+07 3.067201e+07 3.632403e+07 4.442651e+07 5.416053e+07 6.511993e+07 7.716601e+07 9.026054e+07
3.005632e+07 3.005632e+07 3.005632e+07 3.005632e+07 3.005632e+07 3.005621e+07 3.005585e+07 3.005432e+07 3.005310e+07 3.005154e+07 3.004694e+07 3.003828e+07 3.002172e+07 2.999333e+07 2.995046e+07 2.989207e+07 2.981844e+07 2.927863e+07 2.865290e+07 2.823110e+07 2.830898e+07 2.913450e+07 3.083266e+07 3.669300e+07 4.502059e+07 5.497707e+07 6.614760e+07 7.838463e+07 9.164239e+07
2.997258e+07 2.997258e+07 2.997258e+07 2.997258e+07 2.997257e+07 2.997247e+07 2.997211e+07 2.997058e+07 2.996938e+07 2.996784e+07 2.996332e+07 2.995483e+07 2.993853e+07 2.991052e+07 2.986815e+07 2.981038e+07 2.973749e+07 2.920311e+07 2.858865e+07 2.819126e+07 2.831396e+07 2.920782e+07 3.099549e+07 3.707316e+07 4.563237e+07 5.581505e+07 6.719920e+07 7.962968e+07 9.305335e+07
2.987836e+07 2.987836e+07 2.987836e+07 2.987836e+07 2.987836e+07 2.987824e+07 2.987787e+07 2.987629e+07 2.987506e+07 2.987350e+07 2.986897e+07 2.986053e+07 2.984440e+07 2.981670e+07 2.977478e+07 2.971761e+07 2.964546e+07 2.911688e+07 2.851456e+07 2.814313e+07 2.831321e+07 2.927907e+07 3.116072e+07 3.746484e+07 4.626239e+07 5.667510e+07 6.827526e+07 8.090144e+07 9.449347e+07
2.977391e+07 2.977391e+07 2.977391e+07 2.977391e+07 2.977390e+07 2.977379e+07 2.977340e+07 2.977179e+07 2.977055e+07 2.976897e+07 2.976442e+07 2.975601e+07 2.973999e+07 2.971253e+07 2.967102e+07 2.961440e+07 2.954295e+07 2.902029e+07 2.843084e+07 2.808690e+07 2.830691e+07 2.934845e+07 3.132854e+07 3.786837e+07 4.691118e+07 5.755786e+07 6.937632e+07 8.220022e+07 9.596282e+07
2.965961e+07 2.965961e+07 2.965961e+07 2.965961e+07 2.965961e+07 2.965949e+07 2.965912e+07 2.965752e+07 2.965628e+07 2.965470e+07 2.965014e+07 2.964175e+07 2.962582e+07 2.959856e+07 2.955739e+07 2.950126e+07 2.943045e+07 2.891370e+07 2.833778e+07 2.802281e+07 2.829531e+07 2.941617e+07 3.149918e+07 3.828409e+07 4.757926e+07 5.846394e+07 7.050292e+07 8.352635e+07 9.746153e+07
2.953617e+07 2.953617e+07 2.953617e+07 2.953617e+07 2.953617e+07 2.953605e+07 2.953566e+07 2.953404e+07 2.953278e+07 2.953119e+07 2.952660e+07 2.951821e+07 2.950234e+07 2.947523e+07 2.943433e+07 2.937862e+07 2.930840e+07 2.879745e+07 2.823564e+07 2.795111e+07 2.827864e+07 2.948249e+07 3.167291e+07 3.871233e+07 4.826712e+07 5.939397e+07 7.165563e+07 8.488020e+07 9.898971e+07
2.940385e+07 2.940385e+07 2.940385e+07 2.940385e+07 2.940385e+07 2.940373e+07 2.940333e+07 2.940168e+07 2.940040e+07 2.939880e+07 2.939418e+07 2.938577e+07 2.936991e+07 2.934289e+07 2.930220e+07 2.924683e+07 2.917710e+07 2.867184e+07 2.812471e+07 2.787209e+07 2.825719e+07 2.954766e+07 3.184998e+07 3.915343e+07 4.897525e+07 6.034853e+07 7.283500e+07 8.626215e+07 1.005475e+08
2.926291e+07 2.926291e+07 2.926291e+07 2.926291e+07 2.926291e+07 2.926279e+07 2.926240e+07 2.926075e+07 2.925947e+07 2.925786e+07 2.925320e+07 2.924473e+07 2.922883e+07 2.920181e+07 2.916123e+07 2.910611e+07 2.903680e+07 2.853713e+07 2.800531e+07 2.778607e+07 2.823126e+07 2.961197e+07 3.203068e+07 3.960771e+07 4.970411e+07 6.132821e+07 7.404161e+07 8.767260e+07 1.021351e+08
2.911388e+07 2.911388e+07 2.911388e+07 2.911388e+07 2.911387e+07 2.911375e+07 2.911335e+07 2.911168e+07 2.911038e+07 2.910873e+07 2.910395e+07 2.909530e+07 2.907923e+07 2.905211e+07 2.901152e+07 2.895656e+07 2.888761e+07 2.839356e+07 2.787772e+07 2.769335e+07 2.820116e+07 2.967574e+07 3.221529e+07 4.007550e+07 5.045417e+07 6.233358e+07 7.527601e+07 8.911195e+07 1.037527e+08
2.895703e+07 2.895703e+07 2.895703e+07 2.895703e+07 2.895703e+07 2.895689e+07 2.895645e+07 2.895465e+07 2.895325e+07 2.895148e+07 2.894640e+07 2.893742e+07 2.892102e+07 2.889367e+07 2.885300e+07 2.879816e+07 2.872954e+07 2.824137e+07 2.774229e+07 2.759430e+07 2.816724e+07 2.973928e+07 3.240412e+07 4.055714e+07 5.122585e+07 6.336520e+07 7.653877e+07 9.058064e+07 1.054004e+08
2.879180e+07 2.879180e+07 2.879180e+07 2.879180e+07 2.879180e+07 2.879166e+07 2.879120e+07 2.878921e+07 2.878764e+07 2.878566e+07 2.878008e+07 2.877059e+07 2.875377e+07 2.872616e+07 2.868544e+07 2.863076e+07 2.856256e+07 2.808081e+07 2.759936e+07 2.748927e+07 2.812984e+07 2.980291e+07 3.259749e+07 4.105296e+07 5.201959e+07 6.442360e+07 7.783044e+07 9.207909e+07 1.070786e+08
2.861763e+07 2.861763e+07 2.861763e+07 2.861763e+07 2.861762e+07 2.861741e+07 2.861675e+07 2.861419e+07 2.861230e+07 2.861001e+07 2.860388e+07 2.859396e+07 2.857687e+07 2.854918e+07 2.850859e+07 2.845428e+07 2.838667e+07 2.791218e+07 2.744930e+07 2.737865e+07 2.808934e+07 2.986699e+07 3.279572e+07 4.156328e+07 5.283580e+07 6.550930e+07 7.915156e+07 9.360775e+07 1.087874e+08
2.843051e+07 2.843051e+07 2.843051e+07 2.843051e+07 2.843050e+07 2.843029e+07 2.842961e+07 2.842699e+07 2.842509e+07 2.842279e+07 2.841670e+07 2.840687e+07 2.838998e+07 2.836261e+07 2.832249e+07 2.826884e+07 2.820209e+07 2.773586e+07 2.729253e+07 2.726285e+07 2.804610e+07 2.993186e+07 3.299913e+07 4.208843e+07 5.367489e+07 6.662280e+07 8.050267e+07 9.516706e+07 1.105272e+08
2.823047e+07 2.823047e+07 2.823047e+07 2.823047e+07 2.823047e+07 2.823034e+07 2.822990e+07 2.822797e+07 2.822644e+07 2.822450e+07 2.821909e+07 2.820990e+07 2.819366e+07 2.816699e+07 2.812769e+07 2.807498e+07 2.800935e+07 2.755235e+07 2.712950e+07 2.714227e+07 2.800053e+07 2.999788e+07 3.320806e+07 4.262873e+07 5.453723e+07 6.776459e+07 8.188429e+07 9.675746e+07 1.122981e+08
2.802337e+07 2.802337e+07 2.802337e+07 2.802336e+07 2.802336e+07 2.802323e+07 2.802281e+07 2.802108e+07 2.801976e+07 2.801808e+07 2.801329e+07 2.800482e+07 2.798935e+07 2.796355e+07 2.792522e+07 2.787363e+07 2.780928e+07 2.736223e+07 2.696071e+07 2.701734e+07 2.795299e+07 3.006541e+07 3.342283e+07 4.318450e+07 5.542321e+07 6.893514e+07 8.329694e+07 9.837939e+07 1.141004e+08
2.781059e+07 2.781059e+07 2.781059e+07 2.781059e+07 2.781059e+07 2.781047e+07 2.781011e+07 2.780855e+07 2.780734e+07 2.780581e+07 2.780141e+07 2.779346e+07 2.777865e+07 2.775366e+07 2.771631e+07 2.766586e+07 2.760284e+07 2.716614e+07 2.678665e+07 2.688851e+07 2.790388e+07 3.013479e+07 3.364378e+07 4.375607e+07 5.633320e+07 7.013489e+07 8.474109e+07 1.000333e+08 1.159345e+08
2.759355e+07 2.759355e+07 2.759355e+07 2.759355e+07 2.759355e+07 2.759344e+07 2.759307e+07 2.759155e+07 2.759039e+07 2.758893e+07 2.758475e+07 2.757715e+07 2.756284e+07 2.753854e+07 2.750206e+07 2.745270e+07 2.739096e+07 2.696474e+07 2.660783e+07 2.675619e+07 2.785359e+07 3.020639e+07 3.387125e+07 4.434375e+07 5.726756e+07 7.136428e+07 8.621724e+07 1.017196e+08 1.178007e+08
2.737259e+07 2.737259e+07 2.737258e+07 2.737258e+07 2.737258e+07 2.737247e+07 2.737212e+07 2.737067e+07 2.736954e+07 2.736813e+07 2.736409e+07 2.735673e+07 2.734282e+07 2.731908e+07 2.728338e+07 2.723501e+07 2.717450e+07 2.675865e+07 2.642475e+07 2.662082e+07 2.780250e+07 3.028054e+07 3.410555e+07 4.494785e+07 5.822662e+07 7.262372e+07 8.772585e+07 1.034388e+08 1.196991e+08
2.714823e+07 2.714823e+07 2.714823e+07 2.714823e+07 2.714823e+07 2.714812e+07 2.714777e+07 2.714633e+07 2.714523e+07 2.714386e+07 2.713994e+07 2.713278e+07 2.711919e+07 2.709595e+07 2.706095e+07 2.701349e+07 2.695413e+07 2.654847e+07 2.623790e+07 2.648281e+07 2.775096e+07 3.035760e+07 3.434702e+07 4.556868e+07 5.921073e+07 7.391362e+07 8.926736e+07 1.051912e+08 1.216302e+08
2.692066e+07 2.692066e+07 2.692066e+07 2.692066e+07 2.692065e+07 2.692055e+07 2.692023e+07 2.691887e+07 2.691782e+07 2.691650e+07 2.691271e+07 2.690575e+07 2.689247e+07 2.686968e+07 2.683531e+07 2.678870e+07 2.673042e+07 2.633471e+07 2.604770e+07 2.634253e+07 2.769934e+07 3.043790e+07 3.459595e+07 4.620653e+07 6.022020e+07 7.523435e+07 9.084220e+07 1.069773e+08 1.235942e+08
2.669054e+07 2.669054e+07 2.669054e+07 2.669053e+07 2.669053e+07 2.669043e+07 2.669011e+07 2.668879e+07 2.668778e+07 2.668650e+07 2.668285e+07 2.667607e+07 2.666306e+07 2.664070e+07 2.660692e+07 2.656110e+07 2.650383e+07 2.611781e+07 2.585457e+07 2.620035e+07 2.764797e+07 3.052174e+07 3.485268e+07 4.686172e+07 6.125536e+07 7.658628e+07 9.245078e+07 1.087974e+08 1.255914e+08
2.645818e+07 2.645818e+07 2.645818e+07 2.645818e+07 2.645817e+07 2.645807e+07 2.645776e+07 2.645648e+07 2.645550e+07 2.645427e+07 2.645073e+07 2.644412e+07 2.643138e+07 2.640939e+07 2.637617e+07 2.633108e+07 2.627477e+07 2.589816e+07 2.565886e+07 2.605661e+07 2.759717e+07 3.060945e+07 3.511749e+07 4.753451e+07 6.231652e+07 7.796976e+07 9.409349e+07 1.106520e+08 1.276221e+08
2.622390e+07 2.622390e+07 2.622390e+07 2.622390e+07 2.622390e+07 2.622380e+07 2.622351e+07 2.622227e+07 2.622132e+07 2.622013e+07 2.621670e+07 2.621025e+07 2.619774e+07 2.617611e+07 2.614338e+07 2.609897e+07 2.604355e+07 2.567609e+07 2.546090e+07 2.591162e+07 2.754723e+07 3.070132e+07 3.539067e+07 4.822522e+07 6.340396e+07 7.938513e+07 9.577071e+07 1.125414e+08 1.296865e+08
2.598808e+07 2.598808e+07 2.598808e+07 2.598808e+07 2.598808e+07 2.598798e+07 2.598768e+07 2.598648e+07 2.598556e+07 2.598441e+07 2.598107e+07 2.597476e+07 2.596244e+07 2.594111e+07 2.590881e+07 2.586501e+07 2.581041e+07 2.545185e+07 2.526094e+07 2.576565e+07 2.749845e+07 3.079764e+07 3.567253e+07 4.893411e+07 6.451797e+07 8.083271e+07 9.748279e+07 1.144659e+08 1.317851e+08
2.575087e+07 2.575087e+07 2.575087e+07 2.575087e+07 2.575087e+07 2.575078e+07 2.575051e+07 2.574939e+07 2.574851e+07 2.574740e+07 2.574413e+07 2.573789e+07 2.572570e+07 2.570458e+07 2.567264e+07 2.562938e+07 2.557552e+07 2.522564e+07 2.505924e+07 2.561897e+07 2.745110e+07 3.089867e+07 3.596332e+07 4.966146e+07 6.565885e+07 8.231279e+07 9.923006e+07 1.164259e+08 1.339179e+08
2.551291e+07 2.551291e+07 2.551291e+07 2.551291e+07 2.551291e+07 2.551282e+07 2.551255e+07 2.551140e+07 2.551050e+07 2.550936e+07 2.550603e+07 2.549974e+07 2.548757e+07 2.546659e+07 2.543493e+07 2.539214e+07 2.533898e+07 2.499763e+07 2.485601e+07 2.547180e+07 2.740541e+07 3.100469e+07 3.626334e+07 5.040755e+07 6.682685e+07 8.382567e+07 1.010128e+08 1.184218e+08 1.360853e+08
2.527406e+07 2.527406e+07 2.527406e+07 2.527406e+07 2.527406e+07 2.527395e+07 2.527362e+07 2.527230e+07 2.527130e+07 2.527007e+07 2.526655e+07 2.526014e+07 2.524793e+07 2.522703e+07 2.519562e+07 2.515328e+07 2.510078e+07 2.476794e+07 2.465142e+07 2.532437e+07 2.736164e+07 3.111594e+07 3.657283e+07 5.117264e+07 6.802224e+07 8.537163e+07 1.028314e+08 1.204537e+08 1.382876e+08
