2.400543e+08 2.161813e+08 2.031336e+08 1.661355e+08 1.520596e+08 1.334076e+08 1.339156e+08 1.356714e+08 1.359342e+08 1.359886e+08 1.358570e+08 1.357262e+08 1.357606e+08 1.360136e+08 1.364944e+08 1.371931e+08 1.380923e+08 1.448738e+08 1.538303e+08 1.635548e+08 1.736085e+08 1.842155e+08 1.958576e+08 2.235485e+08 2.567838e+08 2.930158e+08 3.293330e+08 3.635245e+08 3.942140e+08
1.304223e+08 1.304248e+08 1.304314e+08 1.305252e+08 1.303817e+08 1.315349e+08 1.337809e+08 1.357121e+08 1.359321e+08 1.359557e+08 1.357986e+08 1.356705e+08 1.357203e+08 1.359940e+08 1.364968e+08 1.372173e+08 1.381373e+08 1.449988e+08 1.539969e+08 1.637359e+08 1.737890e+08 1.843902e+08 1.960267e+08 2.237130e+08 2.569487e+08 2.931797e+08 3.294913e+08 3.636722e+08 3.943469e+08
1.322967e+08 1.322974e+08 1.322993e+08 1.323422e+08 1.324094e+08 1.335964e+08 1.339936e+08 1.355712e+08 1.358054e+08 1.358336e+08 1.356900e+08 1.355851e+08 1.356624e+08 1.359643e+08 1.364942e+08 1.372400e+08 1.381832e+08 1.451292e+08 1.541692e+08 1.639216e+08 1.739733e+08 1.845680e+08 1.961983e+08 2.238794e+08 2.571153e+08 2.933449e+08 3.296507e+08 3.638207e+08 3.944804e+08
1.345774e+08 1.345777e+08 1.345785e+08 1.345986e+08 1.346380e+08 1.341874e+08 1.359879e+08 1.352663e+08 1.355177e+08 1.355914e+08 1.355171e+08 1.354634e+08 1.355837e+08 1.359230e+08 1.364858e+08 1.372608e+08 1.382298e+08 1.452653e+08 1.543472e+08 1.641121e+08 1.741613e+08 1.847487e+08 1.963724e+08 2.240477e+08 2.572834e+08 2.935115e+08 3.298112e+08 3.639701e+08 3.946146e+08
1.358931e+08 1.358933e+08 1.358937e+08 1.359047e+08 1.359282e+08 1.354328e+08 1.363298e+08 1.353774e+08 1.351780e+08 1.352454e+08 1.352724e+08 1.353003e+08 1.354813e+08 1.358685e+08 1.364709e+08 1.372793e+08 1.382770e+08 1.454071e+08 1.545309e+08 1.643074e+08 1.743531e+08 1.849324e+08 1.965490e+08 2.242179e+08 2.574531e+08 2.936794e+08 3.299728e+08 3.641204e+08 3.947493e+08
1.364872e+08 1.364873e+08 1.364875e+08 1.364945e+08 1.365098e+08 1.362363e+08 1.359518e+08 1.361128e+08 1.352208e+08 1.349223e+08 1.349686e+08 1.350952e+08 1.353535e+08 1.357997e+08 1.364487e+08 1.372952e+08 1.383245e+08 1.455546e+08 1.547205e+08 1.645074e+08 1.745486e+08 1.851191e+08 1.967280e+08 2.243900e+08 2.576244e+08 2.938487e+08 3.301354e+08 3.642714e+08 3.948847e+08
1.366307e+08 1.366307e+08 1.366309e+08 1.366356e+08 1.366465e+08 1.365194e+08 1.357286e+08 1.365691e+08 1.356937e+08 1.349386e+08 1.346530e+08 1.348570e+08 1.352019e+08 1.357165e+08 1.364190e+08 1.373081e+08 1.383723e+08 1.457079e+08 1.549158e+08 1.647123e+08 1.747479e+08 1.853087e+08 1.969095e+08 2.245641e+08 2.577973e+08 2.940193e+08 3.302991e+08 3.644233e+08 3.950206e+08
1.365079e+08 1.365079e+08 1.365081e+08 1.365115e+08 1.365198e+08 1.364714e+08 1.356468e+08 1.364664e+08 1.360684e+08 1.352702e+08 1.344263e+08 1.346090e+08 1.350327e+08 1.356208e+08 1.363821e+08 1.373182e+08 1.384203e+08 1.458671e+08 1.551170e+08 1.649219e+08 1.749509e+08 1.855014e+08 1.970934e+08 2.247400e+08 2.579718e+08 2.941912e+08 3.304640e+08 3.645761e+08 3.951572e+08
1.362369e+08 1.362369e+08 1.362370e+08 1.362398e+08 1.362464e+08 1.362406e+08 1.355646e+08 1.359768e+08 1.361125e+08 1.355853e+08 1.344602e+08 1.343939e+08 1.348593e+08 1.355170e+08 1.363399e+08 1.373261e+08 1.384688e+08 1.460321e+08 1.553241e+08 1.651364e+08 1.751577e+08 1.856970e+08 1.972798e+08 2.249178e+08 2.581479e+08 2.943645e+08 3.306298e+08 3.647296e+08 3.952943e+08
1.358936e+08 1.358936e+08 1.358937e+08 1.358959e+08 1.359015e+08 1.359193e+08 1.354218e+08 1.353638e+08 1.358376e+08 1.357117e+08 1.346865e+08 1.342838e+08 1.347035e+08 1.354134e+08 1.362957e+08 1.373334e+08 1.385185e+08 1.462031e+08 1.555371e+08 1.653556e+08 1.753682e+08 1.858955e+08 1.974686e+08 2.250976e+08 2.583256e+08 2.945391e+08 3.307968e+08 3.648840e+08 3.954321e+08
1.355246e+08 1.355247e+08 1.355247e+08 1.355266e+08 1.355312e+08 1.355628e+08 1.352197e+08 1.347989e+08 1.353744e+08 1.356095e+08 1.349538e+08 1.343739e+08 1.345991e+08 1.353230e+08 1.362550e+08 1.373426e+08 1.385707e+08 1.463801e+08 1.557560e+08 1.655796e+08 1.755824e+08 1.860969e+08 1.976598e+08 2.252792e+08 2.585049e+08 2.947150e+08 3.309648e+08 3.650392e+08 3.955704e+08
1.340425e+08 1.340425e+08 1.340426e+08 1.340436e+08 1.340465e+08 1.340977e+08 1.341085e+08 1.335848e+08 1.335457e+08 1.339219e+08 1.350538e+08 1.355643e+08 1.356432e+08 1.358787e+08 1.365259e+08 1.376152e+08 1.389710e+08 1.473615e+08 1.569385e+08 1.667699e+08 1.767077e+08 1.871472e+08 1.986516e+08 2.262151e+08 2.594249e+08 2.956144e+08 3.318209e+08 3.658273e+08 3.962707e+08
1.337500e+08 1.337500e+08 1.337500e+08 1.337508e+08 1.337529e+08 1.338022e+08 1.338887e+08 1.338440e+08 1.337222e+08 1.337326e+08 1.345112e+08 1.358424e+08 1.369630e+08 1.377313e+08 1.383956e+08 1.391936e+08 1.402390e+08 1.485508e+08 1.582703e+08 1.680743e+08 1.779201e+08 1.882661e+08 1.997007e+08 2.271967e+08 2.603837e+08 2.965463e+08 3.327030e+08 3.666351e+08 3.969849e+08
1.346306e+08 1.346306e+08 1.346306e+08 1.346312e+08 1.346330e+08 1.346775e+08 1.347794e+08 1.349653e+08 1.349863e+08 1.349951e+08 1.353358e+08 1.363891e+08 1.378650e+08 1.393122e+08 1.405444e+08 1.416225e+08 1.426862e+08 1.501085e+08 1.597688e+08 1.694898e+08 1.792142e+08 1.894493e+08 2.008037e+08 2.282222e+08 2.613804e+08 2.975100e+08 3.336104e+08 3.674620e+08 3.977123e+08
1.364678e+08 1.364678e+08 1.364679e+08 1.364684e+08 1.364698e+08 1.365100e+08 1.366120e+08 1.368846e+08 1.370052e+08 1.371018e+08 1.373616e+08 1.380482e+08 1.392936e+08 1.408805e+08 1.425170e+08 1.440350e+08 1.454145e+08 1.523988e+08 1.614844e+08 1.710199e+08 1.805855e+08 1.906919e+08 2.019570e+08 2.292898e+08 2.624138e+08 2.985046e+08 3.345424e+08 3.683071e+08 3.984521e+08
1.390751e+08 1.390751e+08 1.390752e+08 1.390756e+08 1.390769e+08 1.391133e+08 1.392110e+08 1.395120e+08 1.396812e+08 1.398440e+08 1.401695e+08 1.406867e+08 1.416276e+08 1.430132e+08 1.446791e+08 1.464214e+08 1.481004e+08 1.554019e+08 1.635259e+08 1.726824e+08 1.820338e+08 1.919903e+08 2.031570e+08 2.303971e+08 2.634826e+08 2.995290e+08 3.354980e+08 3.691696e+08 3.992036e+08
1.423135e+08 1.423135e+08 1.423136e+08 1.423139e+08 1.423151e+08 1.423484e+08 1.424407e+08 1.427463e+08 1.429359e+08 1.431350e+08 1.435407e+08 1.440266e+08 1.447707e+08 1.458937e+08 1.473713e+08 1.490756e+08 1.508574e+08 1.587239e+08 1.660890e+08 1.745170e+08 1.835658e+08 1.933436e+08 2.044013e+08 2.315423e+08 2.645852e+08 3.005820e+08 3.364760e+08 3.700484e+08 3.999657e+08
1.460786e+08 1.460786e+08 1.460787e+08 1.460790e+08 1.460800e+08 1.461107e+08 1.461977e+08 1.464985e+08 1.466951e+08 1.469113e+08 1.473742e+08 1.478828e+08 1.485331e+08 1.494484e+08 1.506827e+08 1.521964e+08 1.538900e+08 1.621188e+08 1.690750e+08 1.766012e+08 1.851994e+08 1.947551e+08 2.056891e+08 2.327234e+08 2.657201e+08 3.016622e+08 3.374754e+08 3.709425e+08 4.007376e+08
1.502941e+08 1.502941e+08 1.502941e+08 1.502945e+08 1.502954e+08 1.503240e+08 1.504064e+08 1.506993e+08 1.508967e+08 1.511194e+08 1.516141e+08 1.521510e+08 1.527622e+08 1.535346e+08 1.545458e+08 1.558164e+08 1.573066e+08 1.654726e+08 1.722694e+08 1.790454e+08 1.869678e+08 1.962343e+08 2.070227e+08 2.339396e+08 2.668861e+08 3.027685e+08 3.384949e+08 3.718507e+08 4.015181e+08
1.549089e+08 1.549089e+08 1.549089e+08 1.549092e+08 1.549101e+08 1.549369e+08 1.550151e+08 1.552980e+08 1.554922e+08 1.557144e+08 1.562181e+08 1.567649e+08 1.573476e+08 1.580137e+08 1.588347e+08 1.598611e+08 1.610996e+08 1.687667e+08 1.755161e+08 1.817449e+08 1.889339e+08 1.977990e+08 2.084080e+08 2.351907e+08 2.680820e+08 3.038995e+08 3.395331e+08 3.727719e+08 4.023061e+08
1.598795e+08 1.598795e+08 1.598795e+08 1.598798e+08 1.598806e+08 1.599055e+08 1.599790e+08 1.602489e+08 1.604363e+08 1.606513e+08 1.611380e+08 1.616594e+08 1.621910e+08 1.627539e+08 1.634046e+08 1.642027e+08 1.651826e+08 1.720253e+08 1.787079e+08 1.845745e+08 1.911560e+08 1.994786e+08 2.098559e+08 2.364781e+08 2.693072e+08 3.050540e+08 3.405889e+08 3.737047e+08 4.031005e+08
1.651523e+08 1.651523e+08 1.651523e+08 1.651526e+08 1.651533e+08 1.651770e+08 1.652471e+08 1.655035e+08 1.656768e+08 1.658705e+08 1.662942e+08 1.667340e+08 1.671691e+08 1.676099e+08 1.680979e+08 1.686885e+08 1.694272e+08 1.752737e+08 1.817863e+08 1.874372e+08 1.935473e+08 2.013273e+08 2.113837e+08 2.378047e+08 2.705615e+08 3.062311e+08 3.416610e+08 3.746479e+08 4.039001e+08
1.707041e+08 1.707041e+08 1.707041e+08 1.707043e+08 1.707051e+08 1.707277e+08 1.707906e+08 1.709848e+08 1.711034e+08 1.712318e+08 1.715098e+08 1.718031e+08 1.721007e+08 1.724060e+08 1.727448e+08 1.731594e+08 1.736932e+08 1.785217e+08 1.847326e+08 1.902592e+08 1.960302e+08 2.033691e+08 2.130179e+08 2.391757e+08 2.718454e+08 3.074298e+08 3.427482e+08 3.756004e+08 4.047038e+08
1.762318e+08 1.762318e+08 1.762318e+08 1.762319e+08 1.762319e+08 1.762331e+08 1.762343e+08 1.762560e+08 1.762834e+08 1.763228e+08 1.764355e+08 1.765852e+08 1.767611e+08 1.769583e+08 1.771875e+08 1.774757e+08 1.778577e+08 1.817641e+08 1.875537e+08 1.929907e+08 1.985421e+08 2.055376e+08 2.148056e+08 2.405988e+08 2.731607e+08 3.086499e+08 3.438494e+08 3.765608e+08 4.055103e+08
1.805916e+08 1.805916e+08 1.805916e+08 1.805917e+08 1.805918e+08 1.805957e+08 1.806047e+08 1.806323e+08 1.806521e+08 1.806778e+08 1.807519e+08 1.808579e+08 1.809917e+08 1.811479e+08 1.813295e+08 1.815523e+08 1.818424e+08 1.849885e+08 1.902696e+08 1.956047e+08 2.010325e+08 2.077812e+08 2.167483e+08 2.420848e+08 2.745096e+08 3.098914e+08 3.449638e+08 3.775280e+08 4.063185e+08
1.841586e+08 1.841586e+08 1.841586e+08 1.841587e+08 1.841590e+08 1.841669e+08 1.841888e+08 1.842629e+08 1.843113e+08 1.843657e+08 1.844917e+08 1.846388e+08 1.848034e+08 1.849803e+08 1.851688e+08 1.853781e+08 1.856271e+08 1.881826e+08 1.929027e+08 1.980932e+08 2.034636e+08 2.100574e+08 2.187964e+08 2.436488e+08 2.758962e+08 3.111546e+08 3.460906e+08 3.785009e+08 4.071271e+08
1.874327e+08 1.874327e+08 1.874327e+08 1.874328e+08 1.874331e+08 1.874431e+08 1.874717e+08 1.875747e+08 1.876453e+08 1.877259e+08 1.879110e+08 1.881180e+08 1.883366e+08 1.885580e+08 1.887779e+08 1.890000e+08 1.892374e+08 1.913364e+08 1.954724e+08 2.004609e+08 2.058102e+08 2.123306e+08 2.209136e+08 2.453137e+08 2.773256e+08 3.124408e+08 3.472295e+08 3.794786e+08 4.079353e+08
1.906823e+08 1.906823e+08 1.906823e+08 1.906824e+08 1.906828e+08 1.906937e+08 1.907255e+08 1.908437e+08 1.909266e+08 1.910225e+08 1.912447e+08 1.914922e+08 1.917495e+08 1.920045e+08 1.922497e+08 1.924844e+08 1.927164e+08 1.944414e+08 1.979914e+08 2.027201e+08 2.080587e+08 2.145726e+08 2.230693e+08 2.471114e+08 2.788049e+08 3.137516e+08 3.483804e+08 3.804603e+08 4.087418e+08
1.940411e+08 1.940411e+08 1.940411e+08 1.940412e+08 1.940416e+08 1.940527e+08 1.940863e+08 1.942118e+08 1.942994e+08 1.944000e+08 1.946301e+08 1.948836e+08 1.951457e+08 1.954041e+08 1.956503e+08 1.958805e+08 1.960979e+08 1.974871e+08 2.004653e+08 2.048852e+08 2.102052e+08 2.167623e+08 2.252376e+08 2.490208e+08 2.803434e+08 3.150898e+08 3.495436e+08 3.814454e+08 4.095458e+08
1.975776e+08 1.975776e+08 1.975776e+08 1.975777e+08 1.975781e+08 1.975896e+08 1.976231e+08 1.977402e+08 1.978176e+08 1.979047e+08 1.981016e+08 1.983200e+08 1.985491e+08 1.987783e+08 1.989981e+08 1.992025e+08 1.993908e+08 2.004589e+08 2.028931e+08 2.069706e+08 2.122530e+08 2.188863e+08 2.273969e+08 2.510137e+08 2.819542e+08 3.164587e+08 3.507196e+08 3.824335e+08 4.103465e+08
2.012747e+08 2.012747e+08 2.012747e+08 2.012748e+08 2.012749e+08 2.012795e+08 2.012936e+08 2.013502e+08 2.013931e+08 2.014455e+08 2.015760e+08 2.017342e+08 2.019096e+08 2.020909e+08 2.022674e+08 2.024313e+08 2.025793e+08 2.033376e+08 2.052684e+08 2.089879e+08 2.142103e+08 2.209378e+08 2.295300e+08 2.530688e+08 2.836581e+08 3.178630e+08 3.519097e+08 3.834243e+08 4.111431e+08
2.046974e+08 2.046974e+08 2.046974e+08 2.046974e+08 2.046975e+08 2.047009e+08 2.047102e+08 2.047455e+08 2.047729e+08 2.048078e+08 2.048993e+08 2.050148e+08 2.051452e+08 2.052803e+08 2.054109e+08 2.055296e+08 2.056329e+08 2.061017e+08 2.075817e+08 2.109460e+08 2.160879e+08 2.229154e+08 2.316247e+08 2.551674e+08 2.854676e+08 3.193086e+08 3.531157e+08 3.844181e+08 4.119352e+08
2.077674e+08 2.077674e+08 2.077674e+08 2.077675e+08 2.077676e+08 2.077725e+08 2.077868e+08 2.078381e+08 2.078731e+08 2.079128e+08 2.080030e+08 2.081016e+08 2.082021e+08 2.082986e+08 2.083861e+08 2.084602e+08 2.085188e+08 2.087297e+08 2.098222e+08 2.128515e+08 2.178978e+08 2.248228e+08 2.336733e+08 2.572931e+08 2.873587e+08 3.208035e+08 3.543397e+08 3.854151e+08 4.127224e+08
2.106790e+08 2.106790e+08 2.106790e+08 2.106791e+08 2.106793e+08 2.106854e+08 2.107029e+08 2.107629e+08 2.108007e+08 2.108408e+08 2.109212e+08 2.109961e+08 2.110621e+08 2.111175e+08 2.111609e+08 2.111911e+08 2.112073e+08 2.112030e+08 2.119802e+08 2.147088e+08 2.196524e+08 2.266665e+08 2.356720e+08 2.594312e+08 2.893130e+08 3.223589e+08 3.555848e+08 3.864162e+08 4.135044e+08
2.135427e+08 2.135427e+08 2.135427e+08 2.135428e+08 2.135430e+08 2.135481e+08 2.135606e+08 2.135936e+08 2.136112e+08 2.136283e+08 2.136589e+08 2.136823e+08 2.136976e+08 2.137046e+08 2.137031e+08 2.136923e+08 2.136718e+08 2.135085e+08 2.140486e+08 2.165216e+08 2.213630e+08 2.284555e+08 2.376208e+08 2.615691e+08 2.913153e+08 3.239932e+08 3.568550e+08 3.874226e+08 4.142814e+08
2.162069e+08 2.162069e+08 2.162069e+08 2.162069e+08 2.162068e+08 2.162046e+08 2.161975e+08 2.161735e+08 2.161591e+08 2.161440e+08 2.161128e+08 2.160808e+08 2.160478e+08 2.160134e+08 2.159767e+08 2.159367e+08 2.158919e+08 2.156407e+08 2.160242e+08 2.182938e+08 2.230406e+08 2.302000e+08 2.395222e+08 2.636963e+08 2.933521e+08 3.257017e+08 3.581554e+08 3.884357e+08 4.150536e+08
2.182899e+08 2.182899e+08 2.182899e+08 2.182899e+08 2.182899e+08 2.182880e+08 2.182812e+08 2.182531e+08 2.182331e+08 2.182104e+08 2.181606e+08 2.181089e+08 2.180580e+08 2.180086e+08 2.179602e+08 2.179118e+08 2.178619e+08 2.176035e+08 2.179085e+08 2.200293e+08 2.246950e+08 2.319105e+08 2.413812e+08 2.658041e+08 2.954108e+08 3.274653e+08 3.594928e+08 3.894577e+08 4.158216e+08
2.198574e+08 2.198574e+08 2.198574e+08 2.198574e+08 2.198574e+08 2.198577e+08 2.198566e+08 2.198470e+08 2.198384e+08 2.198275e+08 2.198002e+08 2.197683e+08 2.197346e+08 2.197008e+08 2.196673e+08 2.196336e+08 2.195987e+08 2.194108e+08 2.197079e+08 2.217335e+08 2.263351e+08 2.335973e+08 2.432039e+08 2.678861e+08 2.974799e+08 3.292706e+08 3.608779e+08 3.904913e+08 4.165860e+08
2.211024e+08 2.211024e+08 2.211024e+08 2.211024e+08 2.211025e+08 2.211041e+08 2.211083e+08 2.211198e+08 2.211258e+08 2.211313e+08 2.211399e+08 2.211455e+08 2.211485e+08 2.211498e+08 2.211494e+08 2.211471e+08 2.211422e+08 2.210850e+08 2.214326e+08 2.234123e+08 2.279691e+08 2.352703e+08 2.449976e+08 2.699376e+08 2.995489e+08 3.311058e+08 3.623232e+08 3.915399e+08 4.173482e+08
2.222098e+08 2.222098e+08 2.222098e+08 2.222098e+08 2.222099e+08 2.222121e+08 2.222185e+08 2.222415e+08 2.222572e+08 2.222748e+08 2.223143e+08 2.223564e+08 2.223988e+08 2.224400e+08 2.224790e+08 2.225149e+08 2.225470e+08 2.226547e+08 2.230961e+08 2.250727e+08 2.296043e+08 2.369383e+08 2.467695e+08 2.719556e+08 3.016082e+08 3.329601e+08 3.638147e+08 3.926081e+08 4.181096e+08
2.232712e+08 2.232712e+08 2.232712e+08 2.232713e+08 2.232714e+08 2.232744e+08 2.232835e+08 2.233168e+08 2.233402e+08 2.233674e+08 2.234309e+08 2.235024e+08 2.235779e+08 2.236542e+08 2.237293e+08 2.238015e+08 2.238696e+08 2.241505e+08 2.247136e+08 2.267222e+08 2.312473e+08 2.386092e+08 2.485268e+08 2.739385e+08 3.036495e+08 3.348235e+08 3.653393e+08 3.937022e+08 4.188721e+08
2.243670e+08 2.243670e+08 2.243670e+08 2.243670e+08 2.243672e+08 2.243709e+08 2.243820e+08 2.244237e+08 2.244531e+08 2.244873e+08 2.245672e+08 2.246584e+08 2.247565e+08 2.248580e+08 2.249603e+08 2.250613e+08 2.251596e+08 2.256015e+08 2.263006e+08 2.283684e+08 2.329038e+08 2.402899e+08 2.502762e+08 2.758862e+08 3.056653e+08 3.366866e+08 3.668864e+08 3.948330e+08 4.196383e+08
2.255574e+08 2.255574e+08 2.255574e+08 2.255574e+08 2.255576e+08 2.255618e+08 2.255742e+08 2.256195e+08 2.256508e+08 2.256871e+08 2.257722e+08 2.258707e+08 2.259790e+08 2.260939e+08 2.262127e+08 2.263331e+08 2.264534e+08 2.270331e+08 2.278717e+08 2.300187e+08 2.345789e+08 2.419859e+08 2.520238e+08 2.777992e+08 3.076495e+08 3.385404e+08 3.684468e+08 3.960031e+08 4.204111e+08
2.268677e+08 2.268677e+08 2.268677e+08 2.268678e+08 2.268679e+08 2.268713e+08 2.268816e+08 2.269199e+08 2.269473e+08 2.269797e+08 2.270585e+08 2.271536e+08 2.272622e+08 2.273811e+08 2.275076e+08 2.276392e+08 2.277738e+08 2.284652e+08 2.294401e+08 2.316798e+08 2.362768e+08 2.437018e+08 2.537746e+08 2.796788e+08 3.095967e+08 3.403769e+08 3.700118e+08 3.971987e+08 4.211950e+08
2.282439e+08 2.282439e+08 2.282439e+08 2.282439e+08 2.282440e+08 2.282465e+08 2.282541e+08 2.282845e+08 2.283076e+08 2.283358e+08 2.284074e+08 2.284973e+08 2.286031e+08 2.287219e+08 2.288513e+08 2.289889e+08 2.291326e+08 2.299127e+08 2.310167e+08 2.333578e+08 2.380008e+08 2.454411e+08 2.555328e+08 2.815267e+08 3.115027e+08 3.421886e+08 3.715735e+08 3.984101e+08 4.219960e+08
2.296282e+08 2.296282e+08 2.296282e+08 2.296283e+08 2.296284e+08 2.296314e+08 2.296403e+08 2.296738e+08 2.296981e+08 2.297272e+08 2.297993e+08 2.298887e+08 2.299938e+08 2.301128e+08 2.302437e+08 2.303849e+08 2.305346e+08 2.313862e+08 2.326107e+08 2.350579e+08 2.397537e+08 2.472061e+08 2.573018e+08 2.833447e+08 3.133643e+08 3.439686e+08 3.731241e+08 3.996292e+08 4.228237e+08
2.310511e+08 2.310511e+08 2.310511e+08 2.310512e+08 2.310513e+08 2.310548e+08 2.310653e+08 2.311036e+08 2.311301e+08 2.311612e+08 2.312359e+08 2.313265e+08 2.314321e+08 2.315517e+08 2.316840e+08 2.318279e+08 2.319821e+08 2.328928e+08 2.342293e+08 2.367844e+08 2.415373e+08 2.489985e+08 2.590837e+08 2.851346e+08 3.151787e+08 3.457108e+08 3.746565e+08 4.008487e+08 4.236724e+08
2.325538e+08 2.325538e+08 2.325538e+08 2.325538e+08 2.325539e+08 2.325565e+08 2.325649e+08 2.325982e+08 2.326226e+08 2.326519e+08 2.327243e+08 2.328138e+08 2.329189e+08 2.330387e+08 2.331720e+08 2.333180e+08 2.334759e+08 2.344375e+08 2.358781e+08 2.385407e+08 2.433529e+08 2.508187e+08 2.608798e+08 2.868982e+08 3.169443e+08 3.474098e+08 3.761641e+08 4.020618e+08 4.245319e+08
2.340944e+08 2.340944e+08 2.340944e+08 2.340944e+08 2.340945e+08 2.340973e+08 2.341056e+08 2.341374e+08 2.341608e+08 2.341890e+08 2.342597e+08 2.343480e+08 2.344527e+08 2.345728e+08 2.347072e+08 2.348554e+08 2.350167e+08 2.360239e+08 2.375616e+08 2.403296e+08 2.452012e+08 2.526667e+08 2.626906e+08 2.886370e+08 3.186597e+08 3.490609e+08 3.776406e+08 4.032620e+08 4.253947e+08
2.356664e+08 2.356664e+08 2.356664e+08 2.356664e+08 2.356665e+08 2.356695e+08 2.356784e+08 2.357124e+08 2.357369e+08 2.357661e+08 2.358379e+08 2.359270e+08 2.360325e+08 2.361536e+08 2.362898e+08 2.364404e+08 2.366053e+08 2.376550e+08 2.392834e+08 2.421531e+08 2.470821e+08 2.545417e+08 2.645157e+08 2.903519e+08 3.203241e+08 3.506601e+08 3.790801e+08 4.044434e+08 4.262546e+08
2.372909e+08 2.372909e+08 2.372909e+08 2.372909e+08 2.372910e+08 2.372940e+08 2.373029e+08 2.373369e+08 2.373613e+08 2.373905e+08 2.374626e+08 2.375525e+08 2.376593e+08 2.377822e+08 2.379207e+08 2.380743e+08 2.382430e+08 2.393331e+08 2.410462e+08 2.440125e+08 2.489950e+08 2.564420e+08 2.663538e+08 2.920436e+08 3.219371e+08 3.522039e+08 3.804775e+08 4.056001e+08 4.271058e+08
2.389682e+08 2.389682e+08 2.389682e+08 2.389682e+08 2.389683e+08 2.389710e+08 2.389790e+08 2.390108e+08 2.390345e+08 2.390633e+08 2.391355e+08 2.392266e+08 2.393354e+08 2.394608e+08 2.396021e+08 2.397591e+08 2.399319e+08 2.410604e+08 2.428521e+08 2.459087e+08 2.509390e+08 2.583655e+08 2.682032e+08 2.937123e+08 3.234985e+08 3.536897e+08 3.818280e+08 4.067269e+08 4.279429e+08
2.406805e+08 2.406805e+08 2.406805e+08 2.406806e+08 2.406807e+08 2.406837e+08 2.406929e+08 2.407275e+08 2.407526e+08 2.407829e+08 2.408582e+08 2.409523e+08 2.410641e+08 2.411925e+08 2.413371e+08 2.414975e+08 2.416743e+08 2.428388e+08 2.447030e+08 2.478420e+08 2.529124e+08 2.603096e+08 2.700613e+08 2.953578e+08 3.250083e+08 3.551152e+08 3.831274e+08 4.078188e+08 4.287608e+08
2.424518e+08 2.424518e+08 2.424518e+08 2.424518e+08 2.424519e+08 2.424550e+08 2.424645e+08 2.425015e+08 2.425284e+08 2.425605e+08 2.426393e+08 2.427364e+08 2.428508e+08 2.429818e+08 2.431290e+08 2.432924e+08 2.434727e+08 2.446701e+08 2.465999e+08 2.498121e+08 2.549129e+08 2.622710e+08 2.719250e+08 2.969792e+08 3.264666e+08 3.564788e+08 3.843719e+08 4.088711e+08 4.295549e+08
2.442993e+08 2.442993e+08 2.442993e+08 2.442994e+08 2.442995e+08 2.443027e+08 2.443126e+08 2.443501e+08 2.443771e+08 2.444092e+08 2.444880e+08 2.445853e+08 2.447001e+08 2.448319e+08 2.449804e+08 2.451459e+08 2.453288e+08 2.465555e+08 2.485436e+08 2.518180e+08 2.569381e+08 2.642459e+08 2.737908e+08 2.985755e+08 3.278735e+08 3.577791e+08 3.855583e+08 4.098794e+08 4.303207e+08
2.462275e+08 2.462275e+08 2.462275e+08 2.462276e+08 2.462277e+08 2.462305e+08 2.462392e+08 2.462732e+08 2.462982e+08 2.463284e+08 2.464038e+08 2.464984e+08 2.466116e+08 2.467427e+08 2.468916e+08 2.470583e+08 2.472436e+08 2.484960e+08 2.505340e+08 2.538584e+08 2.589845e+08 2.662302e+08 2.756546e+08 3.001451e+08 3.292292e+08 3.590154e+08 3.866840e+08 4.108400e+08 4.310539e+08
2.482091e+08 2.482091e+08 2.482091e+08 2.482092e+08 2.482092e+08 2.482119e+08 2.482201e+08 2.482519e+08 2.482754e+08 2.483040e+08 2.483764e+08 2.484688e+08 2.485807e+08 2.487116e+08 2.488611e+08 2.490293e+08 2.492168e+08 2.504920e+08 2.525706e+08 2.559308e+08 2.610483e+08 2.682190e+08 2.775118e+08 3.016860e+08 3.305337e+08 3.601873e+08 3.877466e+08 4.117493e+08 4.317506e+08
2.502302e+08 2.502302e+08 2.502302e+08 2.502303e+08 2.502303e+08 2.502329e+08 2.502409e+08 2.502725e+08 2.502961e+08 2.503248e+08 2.503976e+08 2.504908e+08 2.506040e+08 2.507366e+08 2.508882e+08 2.510588e+08 2.512490e+08 2.525437e+08 2.546521e+08 2.580323e+08 2.631251e+08 2.702073e+08 2.793576e+08 3.031960e+08 3.317869e+08 3.612944e+08 3.887444e+08 4.126042e+08 4.324071e+08
2.522905e+08 2.522905e+08 2.522905e+08 2.522905e+08 2.522906e+08 2.522935e+08 2.523024e+08 2.523367e+08 2.523619e+08 2.523924e+08 2.524691e+08 2.525663e+08 2.526833e+08 2.528196e+08 2.529746e+08 2.531483e+08 2.533414e+08 2.546508e+08 2.567761e+08 2.601589e+08 2.652095e+08 2.721893e+08 2.811868e+08 3.046726e+08 3.329888e+08 3.623367e+08 3.896760e+08 4.134018e+08 4.330201e+08
2.544105e+08 2.544105e+08 2.544105e+08 2.544105e+08 2.544106e+08 2.544138e+08 2.544234e+08 2.544605e+08 2.544876e+08 2.545203e+08 2.546019e+08 2.547042e+08 2.548259e+08 2.549662e+08 2.551246e+08 2.553011e+08 2.554964e+08 2.568122e+08 2.589394e+08 2.623056e+08 2.672958e+08 2.741589e+08 2.829939e+08 3.061130e+08 3.341390e+08 3.633147e+08 3.905404e+08 4.141399e+08 4.335864e+08
2.566091e+08 2.566091e+08 2.566091e+08 2.566091e+08 2.566092e+08 2.566124e+08 2.566223e+08 2.566612e+08 2.566899e+08 2.567243e+08 2.568097e+08 2.569155e+08 2.570403e+08 2.571828e+08 2.573428e+08 2.575201e+08 2.577156e+08 2.590255e+08 2.611373e+08 2.644664e+08 2.693771e+08 2.761097e+08 2.847732e+08 3.075143e+08 3.352374e+08 3.642284e+08 3.913370e+08 4.148165e+08 4.341032e+08
2.588977e+08 2.588977e+08 2.588977e+08 2.588978e+08 2.588979e+08 2.589013e+08 2.589118e+08 2.589522e+08 2.589814e+08 2.590163e+08 2.591020e+08 2.592075e+08 2.593313e+08 2.594725e+08 2.596306e+08 2.598056e+08 2.599983e+08 2.612867e+08 2.633636e+08 2.666340e+08 2.714462e+08 2.780346e+08 2.865187e+08 3.088735e+08 3.362835e+08 3.650786e+08 3.920654e+08 4.154298e+08 4.345679e+08
2.612880e+08 2.612880e+08 2.612880e+08 2.612880e+08 2.612881e+08 2.612912e+08 2.613006e+08 2.613376e+08 2.613648e+08 2.613973e+08 2.614779e+08 2.615779e+08 2.616962e+08 2.618320e+08 2.619845e+08 2.621538e+08 2.623405e+08 2.635898e+08 2.656105e+08 2.687999e+08 2.734947e+08 2.799265e+08 2.882244e+08 3.101873e+08 3.372767e+08 3.658657e+08 3.927255e+08 4.159787e+08 4.349783e+08
2.637524e+08 2.637524e+08 2.637524e+08 2.637524e+08 2.637525e+08 2.637553e+08 2.637638e+08 2.637964e+08 2.638203e+08 2.638491e+08 2.639214e+08 2.640130e+08 2.641231e+08 2.642509e+08 2.643955e+08 2.645565e+08 2.647343e+08 2.659262e+08 2.678680e+08 2.709542e+08 2.755138e+08 2.817776e+08 2.898840e+08 3.114527e+08 3.382165e+08 3.665903e+08 3.933176e+08 4.164620e+08 4.353325e+08
2.662617e+08 2.662617e+08 2.662617e+08 2.662617e+08 2.662618e+08 2.662639e+08 2.662706e+08 2.662977e+08 2.663183e+08 2.663436e+08 2.664086e+08 2.664929e+08 2.665955e+08 2.667155e+08 2.668515e+08 2.670028e+08 2.671695e+08 2.682850e+08 2.701243e+08 2.730856e+08 2.774937e+08 2.835801e+08 2.914914e+08 3.126664e+08 3.391023e+08 3.672531e+08 3.938421e+08 4.168793e+08 4.356288e+08
2.687768e+08 2.687768e+08 2.687768e+08 2.687769e+08 2.687769e+08 2.687790e+08 2.687856e+08 2.688122e+08 2.688322e+08 2.688568e+08 2.689200e+08 2.690014e+08 2.690998e+08 2.692136e+08 2.693411e+08 2.694814e+08 2.696346e+08 2.706527e+08 2.723655e+08 2.751817e+08 2.794242e+08 2.853258e+08 2.930404e+08 3.138255e+08 3.399333e+08 3.678548e+08 3.942996e+08 4.172300e+08 4.358658e+08
2.712974e+08 2.712974e+08 2.712974e+08 2.712974e+08 2.712975e+08 2.713000e+08 2.713077e+08 2.713375e+08 2.713594e+08 2.713859e+08 2.714519e+08 2.715339e+08 2.716298e+08 2.717374e+08 2.718548e+08 2.719813e+08 2.721172e+08 2.730129e+08 2.745754e+08 2.772286e+08 2.812945e+08 2.870067e+08 2.945250e+08 3.149268e+08 3.407090e+08 3.683960e+08 3.946907e+08 4.175140e+08 4.360423e+08
2.738503e+08 2.738503e+08 2.738503e+08 2.738503e+08 2.738504e+08 2.738530e+08 2.738613e+08 2.738938e+08 2.739175e+08 2.739457e+08 2.740136e+08 2.740941e+08 2.741840e+08 2.742808e+08 2.743828e+08 2.744896e+08 2.746020e+08 2.753457e+08 2.767357e+08 2.792118e+08 2.830933e+08 2.886144e+08 2.959391e+08 3.159676e+08 3.414286e+08 3.688775e+08 3.950163e+08 4.177315e+08 4.361575e+08
2.764550e+08 2.764550e+08 2.764550e+08 2.764550e+08 2.764551e+08 2.764581e+08 2.764671e+08 2.765007e+08 2.765238e+08 2.765503e+08 2.766116e+08 2.766809e+08 2.767549e+08 2.768311e+08 2.769084e+08 2.769867e+08 2.770676e+08 2.776274e+08 2.788264e+08 2.811155e+08 2.848095e+08 2.901411e+08 2.972772e+08 3.169451e+08 3.420915e+08 3.692998e+08 3.952775e+08 4.178827e+08 4.362108e+08
2.791296e+08 2.791296e+08 2.791296e+08 2.791297e+08 2.791297e+08 2.791309e+08 2.791354e+08 2.791552e+08 2.791698e+08 2.791870e+08 2.792269e+08 2.792709e+08 2.793159e+08 2.793598e+08 2.794017e+08 2.794420e+08 2.794829e+08 2.798308e+08 2.808258e+08 2.829240e+08 2.864317e+08 2.915789e+08 2.985339e+08 3.178570e+08 3.426971e+08 3.696637e+08 3.954751e+08 4.179682e+08 4.362017e+08
2.817691e+08 2.817691e+08 2.817691e+08 2.817691e+08 2.817691e+08 2.817700e+08 2.817728e+08 2.817810e+08 2.817858e+08 2.817908e+08 2.818010e+08 2.818101e+08 2.818165e+08 2.818191e+08 2.818175e+08 2.818128e+08 2.818076e+08 2.819251e+08 2.827115e+08 2.846212e+08 2.879490e+08 2.929205e+08 2.997042e+08 3.187009e+08 3.432448e+08 3.699698e+08 3.956103e+08 4.179886e+08 4.361302e+08
2.843094e+08 2.843094e+08 2.843094e+08 2.843094e+08 2.843093e+08 2.843079e+08 2.843042e+08 2.842926e+08 2.842849e+08 2.842758e+08 2.842533e+08 2.842246e+08 2.841894e+08 2.841477e+08 2.840998e+08 2.840477e+08 2.839945e+08 2.838783e+08 2.844610e+08 2.861918e+08 2.893512e+08 2.941591e+08 3.007837e+08 3.194748e+08 3.437341e+08 3.702188e+08 3.956842e+08 4.179446e+08 4.359962e+08
2.866136e+08 2.866136e+08 2.866136e+08 2.866136e+08 2.866136e+08 2.866120e+08 2.866071e+08 2.865856e+08 2.865691e+08 2.865490e+08 2.864991e+08 2.864372e+08 2.863645e+08 2.862819e+08 2.861910e+08 2.860944e+08 2.859958e+08 2.856591e+08 2.860532e+08 2.876215e+08 2.906288e+08 2.952887e+08 3.017685e+08 3.201772e+08 3.441645e+08 3.704113e+08 3.956980e+08 4.178373e+08 4.357999e+08
2.886352e+08 2.886352e+08 2.886352e+08 2.886352e+08 2.886351e+08 2.886324e+08 2.886242e+08 2.885925e+08 2.885693e+08 2.885412e+08 2.884714e+08 2.883846e+08 2.882825e+08 2.881671e+08 2.880406e+08 2.879063e+08 2.877688e+08 2.872392e+08 2.874690e+08 2.888975e+08 2.917736e+08 2.963040e+08 3.026552e+08 3.208065e+08 3.445359e+08 3.705478e+08 3.956527e+08 4.176677e+08 4.355418e+08
2.903164e+08 2.903164e+08 2.903164e+08 2.903163e+08 2.903162e+08 2.903135e+08 2.903048e+08 2.902692e+08 2.902424e+08 2.902098e+08 2.901277e+08 2.900247e+08 2.899027e+08 2.897639e+08 2.896111e+08 2.894482e+08 2.892805e+08 2.885954e+08 2.886923e+08 2.900090e+08 2.927786e+08 2.972007e+08 3.034413e+08 3.213618e+08 3.448479e+08 3.706291e+08 3.955496e+08 4.174367e+08 4.352223e+08
2.916513e+08 2.916513e+08 2.916513e+08 2.916512e+08 2.916512e+08 2.916481e+08 2.916387e+08 2.916005e+08 2.915719e+08 2.915369e+08 2.914486e+08 2.913369e+08 2.912034e+08 2.910503e+08 2.908805e+08 2.906984e+08 2.905095e+08 2.897108e+08 2.897108e+08 2.909477e+08 2.936384e+08 2.979755e+08 3.041246e+08 3.218421e+08 3.451004e+08 3.706557e+08 3.953898e+08 4.171457e+08 4.348423e+08
2.926389e+08 2.926389e+08 2.926389e+08 2.926389e+08 2.926388e+08 2.926357e+08 2.926260e+08 2.925872e+08 2.925581e+08 2.925226e+08 2.924325e+08 2.923178e+08 2.921795e+08 2.920195e+08 2.918408e+08 2.916476e+08 2.914461e+08 2.905749e+08 2.905162e+08 2.917075e+08 2.943491e+08 2.986262e+08 3.047039e+08 3.222470e+08 3.452934e+08 3.706282e+08 3.951745e+08 4.167958e+08 4.344024e+08
2.932907e+08 2.932907e+08 2.932907e+08 2.932907e+08 2.932906e+08 2.932877e+08 2.932787e+08 2.932417e+08 2.932135e+08 2.931788e+08 2.930902e+08 2.929764e+08 2.928380e+08 2.926767e+08 2.924951e+08 2.922975e+08 2.920903e+08 2.911841e+08 2.911042e+08 2.922853e+08 2.949088e+08 2.991515e+08 3.051786e+08 3.225765e+08 3.454271e+08 3.705472e+08 3.949047e+08 4.163883e+08 4.339035e+08
2.936362e+08 2.936362e+08 2.936362e+08 2.936361e+08 2.936360e+08 2.936332e+08 2.936241e+08 2.935876e+08 2.935602e+08 2.935265e+08 2.934406e+08 2.933297e+08 2.931940e+08 2.930348e+08 2.928544e+08 2.926572e+08 2.924494e+08 2.915398e+08 2.914743e+08 2.926800e+08 2.953167e+08 2.995512e+08 3.055488e+08 3.228305e+08 3.455015e+08 3.704134e+08 3.945816e+08 4.159244e+08 4.333468e+08
2.936910e+08 2.936910e+08 2.936910e+08 2.936910e+08 2.936909e+08 2.936883e+08 2.936801e+08 2.936460e+08 2.936199e+08 2.935878e+08 2.935052e+08 2.933981e+08 2.932664e+08 2.931110e+08 2.929343e+08 2.927404e+08 2.925358e+08 2.916481e+08 2.916293e+08 2.928931e+08 2.955738e+08 2.998263e+08 3.058152e+08 3.230095e+08 3.455170e+08 3.702273e+08 3.942063e+08 4.154054e+08 4.327331e+08
2.934862e+08 2.934862e+08 2.934862e+08 2.934862e+08 2.934861e+08 2.934835e+08 2.934752e+08 2.934419e+08 2.934167e+08 2.933857e+08 2.933060e+08 2.932025e+08 2.930750e+08 2.929242e+08 2.927523e+08 2.925635e+08 2.923645e+08 2.915182e+08 2.915748e+08 2.929282e+08 2.956826e+08 2.999784e+08 3.059791e+08 3.231142e+08 3.454741e+08 3.699897e+08 3.937798e+08 4.148327e+08 4.320638e+08
2.930369e+08 2.930369e+08 2.930369e+08 2.930369e+08 2.930368e+08 2.930344e+08 2.930266e+08 2.929945e+08 2.929701e+08 2.929400e+08 2.928628e+08 2.927624e+08 2.926389e+08 2.924927e+08 2.923261e+08 2.921435e+08 2.919514e+08 2.911620e+08 2.913185e+08 2.927904e+08 2.956467e+08 3.000102e+08 3.060424e+08 3.231455e+08 3.453731e+08 3.697010e+08 3.933031e+08 4.142075e+08 4.313399e+08
2.923629e+08 2.923629e+08 2.923629e+08 2.923628e+08 2.923628e+08 2.923603e+08 2.923526e+08 2.923211e+08 2.922972e+08 2.922679e+08 2.921926e+08 2.920951e+08 2.919752e+08 2.918337e+08 2.916729e+08 2.914970e+08 2.913131e+08 2.905923e+08 2.908702e+08 2.924865e+08 2.954706e+08 2.999249e+08 3.060075e+08 3.231046e+08 3.452148e+08 3.693620e+08 3.927773e+08 4.135311e+08 4.305628e+08
2.914769e+08 2.914769e+08 2.914769e+08 2.914769e+08 2.914768e+08 2.914744e+08 2.914668e+08 2.914359e+08 2.914125e+08 2.913839e+08 2.913105e+08 2.912158e+08 2.910999e+08 2.909634e+08 2.908088e+08 2.906405e+08 2.904657e+08 2.898234e+08 2.902405e+08 2.920241e+08 2.951600e+08 2.997266e+08 3.058771e+08 3.229927e+08 3.449998e+08 3.689734e+08 3.922033e+08 4.128048e+08 4.297336e+08
2.903918e+08 2.903918e+08 2.903918e+08 2.903918e+08 2.903917e+08 2.903894e+08 2.903820e+08 2.903519e+08 2.903292e+08 2.903013e+08 2.902305e+08 2.901393e+08 2.900280e+08 2.898975e+08 2.897499e+08 2.895901e+08 2.894255e+08 2.888700e+08 2.894411e+08 2.914121e+08 2.947211e+08 2.994195e+08 3.056544e+08 3.228115e+08 3.447288e+08 3.685357e+08 3.915821e+08 4.120298e+08 4.288537e+08
2.891208e+08 2.891208e+08 2.891208e+08 2.891208e+08 2.891207e+08 2.891184e+08 2.891110e+08 2.890822e+08 2.890606e+08 2.890343e+08 2.889673e+08 2.888811e+08 2.887758e+08 2.886521e+08 2.885127e+08 2.883624e+08 2.882089e+08 2.877469e+08 2.884843e+08 2.906597e+08 2.941606e+08 2.990086e+08 3.053428e+08 3.225624e+08 3.444026e+08 3.680497e+08 3.909147e+08 4.112074e+08 4.279244e+08
2.876782e+08 2.876782e+08 2.876782e+08 2.876782e+08 2.876782e+08 2.876762e+08 2.876701e+08 2.876448e+08 2.876253e+08 2.876012e+08 2.875393e+08 2.874590e+08 2.873606e+08 2.872448e+08 2.871144e+08 2.869744e+08 2.868328e+08 2.864695e+08 2.873826e+08 2.897765e+08 2.934856e+08 2.984988e+08 3.049459e+08 3.222474e+08 3.440223e+08 3.675161e+08 3.902019e+08 4.103388e+08 4.269469e+08
2.860973e+08 2.860973e+08 2.860973e+08 2.860972e+08 2.860972e+08 2.860952e+08 2.860891e+08 2.860646e+08 2.860463e+08 2.860239e+08 2.859666e+08 2.858924e+08 2.858012e+08 2.856938e+08 2.855727e+08 2.854434e+08 2.853142e+08 2.850527e+08 2.861484e+08 2.887722e+08 2.927033e+08 2.978957e+08 3.044674e+08 3.218682e+08 3.435886e+08 3.669356e+08 3.894446e+08 4.094252e+08 4.259227e+08
2.843851e+08 2.843851e+08 2.843851e+08 2.843851e+08 2.843851e+08 2.843835e+08 2.843785e+08 2.843573e+08 2.843409e+08 2.843206e+08 2.842683e+08 2.842002e+08 2.841161e+08 2.840169e+08 2.839051e+08 2.837865e+08 2.836698e+08 2.835112e+08 2.847943e+08 2.876567e+08 2.918213e+08 2.972044e+08 3.039114e+08 3.214268e+08 3.431025e+08 3.663088e+08 3.886438e+08 4.084677e+08 4.248530e+08
