1.996171e+04 1.679851e+04 1.457653e+04 8.933995e+03 7.583741e+03 5.942519e+03 5.599407e+03 5.664262e+03 5.760278e+03 5.873661e+03 6.149944e+03 6.492874e+03 6.901108e+03 7.372040e+03 7.903433e+03 8.494255e+03 9.144632e+03 1.306330e+04 1.460696e+04 1.177259e+04 9.203403e+03 7.782174e+03 7.040786e+03 6.498092e+03 6.529049e+03 6.890550e+03 7.562974e+03 8.607283e+03 1.011472e+04
5.939787e+03 5.939813e+03 5.939838e+03 5.935225e+03 5.901565e+03 5.586096e+03 5.519996e+03 5.672690e+03 5.776389e+03 5.894175e+03 6.177092e+03 6.526067e+03 6.940097e+03 7.416582e+03 7.953285e+03 8.549180e+03 9.204360e+03 1.313648e+04 1.465402e+04 1.178684e+04 9.205568e+03 7.781626e+03 7.040216e+03 6.498949e+03 6.531359e+03 6.894259e+03 7.568284e+03 8.614615e+03 1.012464e+04
5.335155e+03 5.335185e+03 5.335271e+03 5.337216e+03 5.341358e+03 5.427627e+03 5.478464e+03 5.683464e+03 5.795271e+03 5.917985e+03 6.208287e+03 6.563675e+03 6.983652e+03 7.465727e+03 8.007722e+03 8.608642e+03 9.268560e+03 1.321340e+04 1.470299e+04 1.180162e+04 9.207852e+03 7.781108e+03 7.039664e+03 6.499834e+03 6.533707e+03 6.898015e+03 7.573650e+03 8.622016e+03 1.013465e+04
5.399247e+03 5.399263e+03 5.399310e+03 5.400511e+03 5.403322e+03 5.419889e+03 5.563743e+03 5.699666e+03 5.816563e+03 5.944605e+03 6.243470e+03 6.605825e+03 7.031954e+03 7.519668e+03 8.066932e+03 8.672818e+03 9.337395e+03 1.329417e+04 1.475390e+04 1.181693e+04 9.210260e+03 7.780622e+03 7.039131e+03 6.500748e+03 6.536093e+03 6.901817e+03 7.579073e+03 8.629487e+03 1.014474e+04
5.524371e+03 5.524380e+03 5.524405e+03 5.525088e+03 5.526772e+03 5.529055e+03 5.623041e+03 5.745783e+03 5.845323e+03 5.975221e+03 6.282748e+03 6.652625e+03 7.085149e+03 7.578566e+03 8.131074e+03 8.741860e+03 9.411010e+03 1.337889e+04 1.480680e+04 1.183281e+04 9.212795e+03 7.780170e+03 7.038618e+03 6.501690e+03 6.538518e+03 6.905666e+03 7.584552e+03 8.637027e+03 1.015492e+04
5.638760e+03 5.638766e+03 5.638782e+03 5.639217e+03 5.640296e+03 5.642619e+03 5.671270e+03 5.829729e+03 5.900348e+03 6.015670e+03 6.327010e+03 6.704327e+03 7.143397e+03 7.642566e+03 8.200289e+03 8.815904e+03 9.489535e+03 1.346765e+04 1.486173e+04 1.184925e+04 9.215461e+03 7.779753e+03 7.038126e+03 6.502661e+03 6.540981e+03 6.909562e+03 7.590089e+03 8.644638e+03 1.016519e+04
5.729390e+03 5.729393e+03 5.729403e+03 5.729686e+03 5.730405e+03 5.733660e+03 5.730590e+03 5.911952e+03 5.984096e+03 6.080413e+03 6.378693e+03 6.761565e+03 7.206953e+03 7.711830e+03 8.274713e+03 8.895076e+03 9.573086e+03 1.356053e+04 1.491873e+04 1.186628e+04 9.218262e+03 7.779374e+03 7.037656e+03 6.503663e+03 6.543483e+03 6.913506e+03 7.595683e+03 8.652319e+03 1.017554e+04
5.798335e+03 5.798338e+03 5.798345e+03 5.798553e+03 5.799094e+03 5.803381e+03 5.796296e+03 5.979638e+03 6.073795e+03 6.169045e+03 6.442761e+03 6.825629e+03 7.276280e+03 7.786588e+03 8.354498e+03 8.979498e+03 9.661776e+03 1.365761e+04 1.497783e+04 1.188390e+04 9.221201e+03 7.779034e+03 7.037209e+03 6.504696e+03 6.546026e+03 6.917498e+03 7.601335e+03 8.660072e+03 1.018598e+04
5.851988e+03 5.851990e+03 5.851996e+03 5.852164e+03 5.852598e+03 5.859095e+03 5.865421e+03 6.040371e+03 6.159216e+03 6.266993e+03 6.527772e+03 6.898786e+03 7.352174e+03 7.867191e+03 8.439840e+03 9.069307e+03 9.755714e+03 1.375898e+04 1.503909e+04 1.190212e+04 9.224284e+03 7.778734e+03 7.036786e+03 6.505759e+03 6.548608e+03 6.921538e+03 7.607046e+03 8.667896e+03 1.019651e+04
5.895486e+03 5.895488e+03 5.895493e+03 5.895630e+03 5.896097e+03 5.915781e+03 5.944143e+03 6.106431e+03 6.240631e+03 6.366272e+03 6.630879e+03 6.984872e+03 7.435900e+03 7.954180e+03 8.531015e+03 9.164672e+03 9.855023e+03 1.386469e+04 1.510252e+04 1.192095e+04 9.227511e+03 7.778477e+03 7.036389e+03 6.506855e+03 6.551231e+03 6.925627e+03 7.612815e+03 8.675792e+03 1.020713e+04
5.982966e+03 5.982968e+03 5.982975e+03 5.983183e+03 5.983801e+03 6.004664e+03 6.040952e+03 6.185814e+03 6.323386e+03 6.464486e+03 6.744879e+03 7.089104e+03 7.529383e+03 8.048352e+03 8.628416e+03 9.265816e+03 9.959851e+03 1.397481e+04 1.516816e+04 1.194040e+04 9.230888e+03 7.778263e+03 7.036017e+03 6.507982e+03 6.553896e+03 6.929765e+03 7.618644e+03 8.683761e+03 1.021783e+04
6.644367e+03 6.644368e+03 6.644373e+03 6.644517e+03 6.644946e+03 6.656666e+03 6.686337e+03 6.785808e+03 6.881215e+03 7.019529e+03 7.375955e+03 7.768297e+03 8.193851e+03 8.678911e+03 9.237351e+03 9.872906e+03 1.057544e+04 1.459405e+04 1.553055e+04 1.204733e+04 9.250101e+03 7.777895e+03 7.034582e+03 6.514126e+03 6.567847e+03 6.951208e+03 7.648693e+03 8.724710e+03 1.027272e+04
7.439212e+03 7.439213e+03 7.439218e+03 7.439359e+03 7.439787e+03 7.454071e+03 7.495973e+03 7.627959e+03 7.716152e+03 7.829770e+03 8.153716e+03 8.578436e+03 9.052588e+03 9.559909e+03 1.011117e+04 1.072039e+04 1.139520e+04 1.533558e+04 1.595240e+04 1.217100e+04 9.273417e+03 7.778808e+03 7.033927e+03 6.521159e+03 6.582886e+03 6.973936e+03 7.680284e+03 8.767546e+03 1.032992e+04
8.540909e+03 8.540910e+03 8.540914e+03 8.541039e+03 8.541423e+03 8.553052e+03 8.587154e+03 8.710061e+03 8.794471e+03 8.895737e+03 9.170275e+03 9.558170e+03 1.003900e+04 1.057880e+04 1.115989e+04 1.178239e+04 1.245289e+04 1.621909e+04 1.643754e+04 1.231219e+04 9.301069e+03 7.781131e+03 7.034145e+03 6.529143e+03 6.599059e+03 6.997995e+03 7.713469e+03 8.812326e+03 1.038950e+04
9.803369e+03 9.803370e+03 9.803374e+03 9.803488e+03 9.803842e+03 9.814692e+03 9.847070e+03 9.967079e+03 1.005085e+04 1.014920e+04 1.039872e+04 1.074283e+04 1.119201e+04 1.173030e+04 1.233366e+04 1.298504e+04 1.367684e+04 1.728851e+04 1.699215e+04 1.247173e+04 9.333261e+03 7.784978e+03 7.035325e+03 6.538136e+03 6.616412e+03 7.023428e+03 7.748296e+03 8.859110e+03 1.045154e+04
1.121977e+04 1.121977e+04 1.121978e+04 1.121989e+04 1.122022e+04 1.123056e+04 1.126161e+04 1.137880e+04 1.146207e+04 1.156013e+04 1.180165e+04 1.211908e+04 1.253274e+04 1.304644e+04 1.364709e+04 1.431480e+04 1.503080e+04 1.854946e+04 1.762776e+04 1.265098e+04 9.370264e+03 7.790482e+03 7.037561e+03 6.548196e+03 6.634987e+03 7.050276e+03 7.784814e+03 8.907957e+03 1.051610e+04
1.278496e+04 1.278496e+04 1.278497e+04 1.278507e+04 1.278540e+04 1.279542e+04 1.282564e+04 1.294064e+04 1.302336e+04 1.312152e+04 1.336223e+04 1.366861e+04 1.405830e+04 1.454480e+04 1.512733e+04 1.579218e+04 1.651827e+04 1.996044e+04 1.836518e+04 1.285229e+04 9.412535e+03 7.797836e+03 7.040973e+03 6.559383e+03 6.654825e+03 7.078580e+03 7.823070e+03 8.958926e+03 1.058325e+04
1.449867e+04 1.449867e+04 1.449868e+04 1.449878e+04 1.449910e+04 1.450890e+04 1.453858e+04 1.465247e+04 1.473507e+04 1.483374e+04 1.507684e+04 1.538230e+04 1.576153e+04 1.622902e+04 1.679099e+04 1.744073e+04 1.815994e+04 2.148920e+04 1.919256e+04 1.308013e+04 9.460855e+03 7.807343e+03 7.045726e+03 6.571768e+03 6.675971e+03 7.108380e+03 7.863112e+03 9.012078e+03 1.065308e+04
1.636621e+04 1.636621e+04 1.636621e+04 1.636631e+04 1.636661e+04 1.637614e+04 1.640534e+04 1.651898e+04 1.660210e+04 1.670193e+04 1.694963e+04 1.726054e+04 1.764036e+04 1.809973e+04 1.864582e+04 1.927588e+04 1.997510e+04 2.311355e+04 2.008155e+04 1.334080e+04 9.516555e+03 7.819475e+03 7.052059e+03 6.585438e+03 6.698471e+03 7.139719e+03 7.904990e+03 9.067472e+03 1.072566e+04
1.839459e+04 1.839459e+04 1.839459e+04 1.839469e+04 1.839500e+04 1.840468e+04 1.843427e+04 1.854930e+04 1.863375e+04 1.873563e+04 1.899035e+04 1.931151e+04 1.970011e+04 2.016064e+04 2.069674e+04 2.130578e+04 2.197511e+04 2.481930e+04 2.100575e+04 1.362386e+04 9.582189e+03 7.834946e+03 7.060311e+03 6.600503e+03 6.722379e+03 7.172639e+03 7.948753e+03 9.125173e+03 1.080105e+04
2.059844e+04 2.059844e+04 2.059844e+04 2.059854e+04 2.059885e+04 2.060869e+04 2.063883e+04 2.075631e+04 2.084318e+04 2.094863e+04 2.121431e+04 2.155044e+04 2.195335e+04 2.242027e+04 2.294870e+04 2.353337e+04 2.416223e+04 2.659354e+04 2.193996e+04 1.391627e+04 9.659834e+03 7.854848e+03 7.070952e+03 6.617106e+03 6.747757e+03 7.207187e+03 7.994453e+03 9.185242e+03 1.087935e+04
2.299433e+04 2.299433e+04 2.299433e+04 2.299443e+04 2.299474e+04 2.300448e+04 2.303487e+04 2.315806e+04 2.325056e+04 2.336303e+04 2.364574e+04 2.400057e+04 2.441877e+04 2.489006e+04 2.540516e+04 2.595516e+04 2.652790e+04 2.841730e+04 2.286054e+04 1.420614e+04 9.744012e+03 7.881145e+03 7.084636e+03 6.635430e+03 6.774681e+03 7.243416e+03 8.042144e+03 9.247746e+03 1.096062e+04
2.561112e+04 2.561112e+04 2.561112e+04 2.561126e+04 2.561167e+04 2.562403e+04 2.566102e+04 2.580005e+04 2.590056e+04 2.602123e+04 2.632092e+04 2.669077e+04 2.711555e+04 2.757745e+04 2.806117e+04 2.855510e+04 2.904763e+04 3.025983e+04 2.374511e+04 1.448257e+04 9.829642e+03 7.914545e+03 7.102296e+03 6.655710e+03 6.803245e+03 7.281385e+03 8.091886e+03 9.312754e+03 1.104495e+04
2.855596e+04 2.855596e+04 2.855597e+04 2.855608e+04 2.855643e+04 2.856749e+04 2.860168e+04 2.873778e+04 2.883951e+04 2.896301e+04 2.926984e+04 2.964030e+04 3.004916e+04 3.047192e+04 3.089050e+04 3.129366e+04 3.167236e+04 3.207566e+04 2.457189e+04 1.473606e+04 9.912394e+03 7.952204e+03 7.125503e+03 6.678243e+03 6.833562e+03 7.321163e+03 8.143742e+03 9.380339e+03 1.113243e+04
3.176939e+04 3.176939e+04 3.176939e+04 3.176951e+04 3.176988e+04 3.178158e+04 3.181781e+04 3.196083e+04 3.206653e+04 3.219324e+04 3.249725e+04 3.284093e+04 3.319158e+04 3.352499e+04 3.382744e+04 3.409308e+04 3.431786e+04 3.380490e+04 2.531952e+04 1.495892e+04 9.988622e+03 7.991911e+03 7.154294e+03 6.703405e+03 6.865772e+03 7.362828e+03 8.197781e+03 9.450578e+03 1.122315e+04
3.529134e+04 3.529134e+04 3.529135e+04 3.529147e+04 3.529186e+04 3.530404e+04 3.534177e+04 3.549014e+04 3.559670e+04 3.571834e+04 3.598097e+04 3.623370e+04 3.645056e+04 3.662105e+04 3.674394e+04 3.682200e+04 3.685617e+04 3.537736e+04 2.596771e+04 1.514537e+04 1.005548e+04 8.031865e+03 7.187014e+03 6.731683e+03 6.900042e+03 7.406475e+03 8.254083e+03 9.523552e+03 1.131719e+04
3.914198e+04 3.914198e+04 3.914199e+04 3.914212e+04 3.914252e+04 3.915532e+04 3.919477e+04 3.933697e+04 3.941843e+04 3.949211e+04 3.959511e+04 3.963172e+04 3.960923e+04 3.953873e+04 3.942990e+04 3.928945e+04 3.911830e+04 3.672106e+04 2.649880e+04 1.529171e+04 1.011101e+04 8.070609e+03 7.222484e+03 6.763766e+03 6.936578e+03 7.452213e+03 8.312733e+03 9.599350e+03 1.141467e+04
4.334973e+04 4.334973e+04 4.334974e+04 4.334987e+04 4.335031e+04 4.336371e+04 4.338957e+04 4.334213e+04 4.326131e+04 4.315418e+04 4.289042e+04 4.258999e+04 4.227134e+04 4.194318e+04 4.160949e+04 4.127076e+04 4.092188e+04 3.777432e+04 2.689987e+04 1.539619e+04 1.015413e+04 8.107044e+03 7.259738e+03 6.800585e+03 6.975627e+03 7.500168e+03 8.373829e+03 9.678067e+03 1.151567e+04
4.674866e+04 4.674865e+04 4.674862e+04 4.674763e+04 4.674457e+04 4.666794e+04 4.648551e+04 4.600107e+04 4.574230e+04 4.548231e+04 4.496725e+04 4.446417e+04 4.397504e+04 4.349968e+04 4.303658e+04 4.258213e+04 4.212762e+04 3.849826e+04 2.716454e+04 1.545897e+04 1.018463e+04 8.140440e+03 7.297979e+03 6.841605e+03 7.017495e+03 7.550490e+03 8.437481e+03 9.759808e+03 1.162031e+04
4.607889e+04 4.607889e+04 4.607889e+04 4.607888e+04 4.607882e+04 4.607693e+04 4.606765e+04 4.597656e+04 4.587665e+04 4.574265e+04 4.539816e+04 4.498990e+04 4.454906e+04 4.409348e+04 4.363240e+04 4.316846e+04 4.269631e+04 3.888503e+04 2.729400e+04 1.548191e+04 1.020297e+04 8.170427e+03 7.336577e+03 6.886100e+03 7.062577e+03 7.603353e+03 8.503812e+03 9.844686e+03 1.172870e+04
4.516258e+04 4.516258e+04 4.516258e+04 4.516254e+04 4.516239e+04 4.515740e+04 4.514179e+04 4.508290e+04 4.503667e+04 4.497481e+04 4.479695e+04 4.454916e+04 4.424450e+04 4.389811e+04 4.352209e+04 4.312318e+04 4.269964e+04 3.895791e+04 2.729677e+04 1.546829e+04 1.021020e+04 8.196956e+03 7.375066e+03 6.933533e+03 7.111476e+03 7.658962e+03 8.572962e+03 9.932824e+03 1.184098e+04
4.394361e+04 4.394361e+04 4.394361e+04 4.394359e+04 4.394354e+04 4.394181e+04 4.393586e+04 4.390818e+04 4.388507e+04 4.385427e+04 4.376319e+04 4.362494e+04 4.343712e+04 4.320356e+04 4.293042e+04 4.262208e+04 4.227646e+04 3.876353e+04 2.718727e+04 1.542245e+04 1.020772e+04 8.220243e+03 7.413144e+03 6.983446e+03 7.164579e+03 7.717558e+03 8.645088e+03 1.002436e+04 1.195727e+04
4.267316e+04 4.267316e+04 4.267316e+04 4.267316e+04 4.267315e+04 4.267273e+04 4.267095e+04 4.266073e+04 4.265072e+04 4.263631e+04 4.259036e+04 4.251472e+04 4.240333e+04 4.225384e+04 4.206665e+04 4.184193e+04 4.157498e+04 3.835994e+04 2.698360e+04 1.534938e+04 1.019717e+04 8.240706e+03 7.450658e+03 7.035435e+03 7.221366e+03 7.779439e+03 8.720369e+03 1.011944e+04 1.207771e+04
4.146765e+04 4.146765e+04 4.146765e+04 4.146765e+04 4.146764e+04 4.146718e+04 4.146539e+04 4.145713e+04 4.145031e+04 4.144119e+04 4.141367e+04 4.136883e+04 4.130075e+04 4.120491e+04 4.107843e+04 4.091820e+04 4.071680e+04 3.780553e+04 2.670525e+04 1.525431e+04 1.018028e+04 8.258895e+03 7.487583e+03 7.089151e+03 7.281460e+03 7.844989e+03 8.799007e+03 1.021822e+04 1.220247e+04
4.031976e+04 4.031976e+04 4.031976e+04 4.031976e+04 4.031975e+04 4.031949e+04 4.031838e+04 4.031237e+04 4.030717e+04 4.030034e+04 4.028076e+04 4.025058e+04 4.020557e+04 4.014144e+04 4.005426e+04 3.993922e+04 3.978710e+04 3.715164e+04 2.637108e+04 1.514234e+04 1.015873e+04 8.275426e+03 7.524002e+03 7.144295e+03 7.344565e+03 7.914778e+03 8.881235e+03 1.032090e+04 1.233170e+04
3.923651e+04 3.923651e+04 3.923651e+04 3.923651e+04 3.923649e+04 3.923602e+04 3.923466e+04 3.922920e+04 3.922497e+04 3.921958e+04 3.920456e+04 3.918221e+04 3.914980e+04 3.910408e+04 3.904137e+04 3.895643e+04 3.883931e+04 3.643927e+04 2.599795e+04 1.501818e+04 1.013406e+04 8.290931e+03 7.560074e+03 7.200627e+03 7.410428e+03 7.988818e+03 8.967323e+03 1.042766e+04 1.246558e+04
3.820966e+04 3.820966e+04 3.820966e+04 3.820966e+04 3.820965e+04 3.820957e+04 3.820916e+04 3.820642e+04 3.820366e+04 3.819976e+04 3.818810e+04 3.817039e+04 3.814511e+04 3.811012e+04 3.806243e+04 3.799710e+04 3.790410e+04 3.569884e+04 2.560005e+04 1.488599e+04 1.010767e+04 8.306016e+03 7.596013e+03 7.257960e+03 7.478823e+03 8.066783e+03 9.057596e+03 1.053873e+04 1.260431e+04
3.725291e+04 3.725291e+04 3.725291e+04 3.725291e+04 3.725291e+04 3.725269e+04 3.725196e+04 3.724852e+04 3.724560e+04 3.724175e+04 3.723092e+04 3.721531e+04 3.719386e+04 3.716510e+04 3.712666e+04 3.707403e+04 3.699750e+04 3.495157e+04 2.518868e+04 1.474922e+04 1.008073e+04 8.321228e+03 7.632060e+03 7.316163e+03 7.549553e+03 8.148478e+03 9.152487e+03 1.065435e+04 1.274809e+04
3.635072e+04 3.635072e+04 3.635072e+04 3.635072e+04 3.635071e+04 3.635037e+04 3.634927e+04 3.634488e+04 3.634160e+04 3.633756e+04 3.632699e+04 3.631257e+04 3.629350e+04 3.626865e+04 3.623614e+04 3.619192e+04 3.612676e+04 3.421149e+04 2.477247e+04 1.461069e+04 1.005418e+04 8.337045e+03 7.668467e+03 7.375157e+03 7.622451e+03 8.233755e+03 9.252490e+03 1.077481e+04 1.289715e+04
3.548832e+04 3.548832e+04 3.548832e+04 3.548832e+04 3.548832e+04 3.548818e+04 3.548761e+04 3.548468e+04 3.548216e+04 3.547887e+04 3.546978e+04 3.545699e+04 3.543999e+04 3.541804e+04 3.538966e+04 3.535128e+04 3.529418e+04 3.348734e+04 2.435770e+04 1.447256e+04 1.002877e+04 8.353861e+03 7.705479e+03 7.434913e+03 7.697377e+03 8.322495e+03 9.357444e+03 1.090041e+04 1.305173e+04
3.467177e+04 3.467177e+04 3.467177e+04 3.467177e+04 3.467177e+04 3.467169e+04 3.467131e+04 3.466920e+04 3.466723e+04 3.466454e+04 3.465672e+04 3.464533e+04 3.463001e+04 3.461024e+04 3.458488e+04 3.455070e+04 3.449950e+04 3.278417e+04 2.394878e+04 1.433645e+04 1.000506e+04 8.371992e+03 7.743326e+03 7.495443e+03 7.774225e+03 8.414597e+03 9.467198e+03 1.103153e+04 1.321211e+04
3.390126e+04 3.390126e+04 3.390126e+04 3.390126e+04 3.390126e+04 3.390112e+04 3.390060e+04 3.389807e+04 3.389594e+04 3.389317e+04 3.388547e+04 3.387463e+04 3.386031e+04 3.384209e+04 3.381894e+04 3.378790e+04 3.374116e+04 3.210452e+04 2.354863e+04 1.420350e+04 9.983440e+03 8.391678e+03 7.782218e+03 7.556801e+03 7.852918e+03 8.509981e+03 9.581681e+03 1.116872e+04 1.337857e+04
3.316842e+04 3.316842e+04 3.316842e+04 3.316842e+04 3.316841e+04 3.316820e+04 3.316748e+04 3.316439e+04 3.316199e+04 3.315900e+04 3.315118e+04 3.314065e+04 3.312711e+04 3.311012e+04 3.308874e+04 3.306018e+04 3.301698e+04 3.144936e+04 2.315907e+04 1.407446e+04 9.964157e+03 8.413094e+03 7.822337e+03 7.619071e+03 7.933416e+03 8.608587e+03 9.700848e+03 1.131226e+04 1.355145e+04
3.246476e+04 3.246476e+04 3.246476e+04 3.246476e+04 3.246476e+04 3.246455e+04 3.246387e+04 3.246107e+04 3.245891e+04 3.245622e+04 3.244907e+04 3.243936e+04 3.242683e+04 3.241109e+04 3.239131e+04 3.236487e+04 3.232461e+04 3.081864e+04 2.278111e+04 1.394980e+04 9.947360e+03 8.436362e+03 7.863846e+03 7.682362e+03 8.015709e+03 8.710372e+03 9.824679e+03 1.146202e+04 1.373113e+04
3.178886e+04 3.178886e+04 3.178886e+04 3.178885e+04 3.178885e+04 3.178880e+04 3.178853e+04 3.178686e+04 3.178528e+04 3.178314e+04 3.177707e+04 3.176842e+04 3.175698e+04 3.174248e+04 3.172416e+04 3.169956e+04 3.166181e+04 3.021172e+04 2.241519e+04 1.382978e+04 9.933114e+03 8.461558e+03 7.906882e+03 7.746808e+03 8.099820e+03 8.815316e+03 9.953169e+03 1.161796e+04 1.391807e+04
3.114637e+04 3.114637e+04 3.114637e+04 3.114637e+04 3.114636e+04 3.114622e+04 3.114574e+04 3.114375e+04 3.114218e+04 3.114014e+04 3.113448e+04 3.112644e+04 3.111578e+04 3.110224e+04 3.108512e+04 3.106206e+04 3.102647e+04 2.962761e+04 2.206137e+04 1.371446e+04 9.921427e+03 8.488729e+03 7.951566e+03 7.812559e+03 8.185803e+03 8.923421e+03 1.008633e+04 1.178011e+04 1.411285e+04
3.053065e+04 3.053065e+04 3.053065e+04 3.053065e+04 3.053065e+04 3.053057e+04 3.053025e+04 3.052849e+04 3.052694e+04 3.052490e+04 3.051926e+04 3.051140e+04 3.050115e+04 3.048827e+04 3.047208e+04 3.045032e+04 3.041657e+04 2.906517e+04 2.171945e+04 1.360384e+04 9.912270e+03 8.517901e+03 7.998003e+03 7.879776e+03 8.273741e+03 9.034710e+03 1.022418e+04 1.194849e+04 1.431558e+04
2.994163e+04 2.994163e+04 2.994163e+04 2.994162e+04 2.994162e+04 2.994141e+04 2.994080e+04 2.993836e+04 2.993652e+04 2.993425e+04 2.992837e+04 2.992055e+04 2.991061e+04 2.989829e+04 2.988292e+04 2.986229e+04 2.983019e+04 2.852317e+04 2.138908e+04 1.349783e+04 9.905595e+03 8.549090e+03 8.046291e+03 7.948634e+03 8.363745e+03 9.149229e+03 1.036676e+04 1.212316e+04 1.452621e+04
2.937087e+04 2.937087e+04 2.937087e+04 2.937087e+04 2.937086e+04 2.937071e+04 2.937021e+04 2.936801e+04 2.936631e+04 2.936419e+04 2.935865e+04 2.935126e+04 2.934185e+04 2.933019e+04 2.931566e+04 2.929612e+04 2.926556e+04 2.800041e+04 2.106983e+04 1.339631e+04 9.901353e+03 8.582308e+03 8.096521e+03 8.019313e+03 8.455949e+03 9.267049e+03 1.051414e+04 1.230419e+04 1.474478e+04
2.881853e+04 2.881853e+04 2.881853e+04 2.881853e+04 2.881852e+04 2.881844e+04 2.881813e+04 2.881662e+04 2.881531e+04 2.881358e+04 2.880877e+04 2.880207e+04 2.879334e+04 2.878242e+04 2.876874e+04 2.875025e+04 2.872113e+04 2.749572e+04 2.076123e+04 1.329914e+04 9.899496e+03 8.617574e+03 8.148784e+03 8.091999e+03 8.550511e+03 9.388263e+03 1.066636e+04 1.249166e+04 1.497138e+04
2.828805e+04 2.828805e+04 2.828805e+04 2.828805e+04 2.828804e+04 2.828795e+04 2.828761e+04 2.828604e+04 2.828475e+04 2.828310e+04 2.827858e+04 2.827229e+04 2.826410e+04 2.825381e+04 2.824089e+04 2.822336e+04 2.819557e+04 2.700803e+04 2.046279e+04 1.320620e+04 9.899996e+03 8.654916e+03 8.203174e+03 8.166884e+03 8.647606e+03 9.512986e+03 1.082353e+04 1.268566e+04 1.520610e+04
2.777665e+04 2.777665e+04 2.777665e+04 2.777665e+04 2.777664e+04 2.777652e+04 2.777611e+04 2.777438e+04 2.777305e+04 2.777138e+04 2.776694e+04 2.776087e+04 2.775302e+04 2.774322e+04 2.773092e+04 2.771424e+04 2.768766e+04 2.653635e+04 2.017409e+04 1.311738e+04 9.902844e+03 8.694376e+03 8.259791e+03 8.244165e+03 8.747429e+03 9.641358e+03 1.098575e+04 1.288630e+04 1.544905e+04
2.728119e+04 2.728119e+04 2.728119e+04 2.728119e+04 2.728119e+04 2.728112e+04 2.728083e+04 2.727940e+04 2.727819e+04 2.727662e+04 2.727232e+04 2.726641e+04 2.725881e+04 2.724938e+04 2.723763e+04 2.722171e+04 2.719628e+04 2.607976e+04 1.989471e+04 1.303260e+04 9.908056e+03 8.736013e+03 8.318743e+03 8.324042e+03 8.850189e+03 9.773536e+03 1.115314e+04 1.309370e+04 1.570036e+04
2.680288e+04 2.680288e+04 2.680288e+04 2.680288e+04 2.680288e+04 2.680279e+04 2.680243e+04 2.680079e+04 2.679947e+04 2.679779e+04 2.679338e+04 2.678750e+04 2.678010e+04 2.677104e+04 2.675983e+04 2.674467e+04 2.672035e+04 2.563747e+04 1.962429e+04 1.295182e+04 9.915675e+03 8.779907e+03 8.380148e+03 8.406718e+03 8.956110e+03 9.909702e+03 1.132584e+04 1.330797e+04 1.596016e+04
2.633861e+04 2.633861e+04 2.633861e+04 2.633861e+04 2.633861e+04 2.633845e+04 2.633793e+04 2.633594e+04 2.633449e+04 2.633275e+04 2.632835e+04 2.632268e+04 2.631564e+04 2.630707e+04 2.629650e+04 2.628216e+04 2.625898e+04 2.520877e+04 1.936253e+04 1.287503e+04 9.925774e+03 8.826158e+03 8.444139e+03 8.492401e+03 9.065424e+03 1.005005e+04 1.150400e+04 1.352927e+04 1.622860e+04
2.588410e+04 2.588410e+04 2.588410e+04 2.588410e+04 2.588410e+04 2.588401e+04 2.588372e+04 2.588234e+04 2.588122e+04 2.587980e+04 2.587604e+04 2.587101e+04 2.586462e+04 2.585675e+04 2.584695e+04 2.583350e+04 2.581149e+04 2.479306e+04 1.910916e+04 1.280223e+04 9.938453e+03 8.874885e+03 8.510856e+03 8.581303e+03 9.178377e+03 1.019481e+04 1.168781e+04 1.375775e+04 1.650584e+04
2.544319e+04 2.544319e+04 2.544319e+04 2.544319e+04 2.544319e+04 2.544314e+04 2.544295e+04 2.544198e+04 2.544115e+04 2.544005e+04 2.543699e+04 2.543265e+04 2.542697e+04 2.541982e+04 2.541078e+04 2.539822e+04 2.537737e+04 2.438983e+04 1.886399e+04 1.273350e+04 9.953837e+03 8.926230e+03 8.580458e+03 8.673639e+03 9.295221e+03 1.034420e+04 1.187746e+04 1.399358e+04 1.679204e+04
2.501758e+04 2.501758e+04 2.501758e+04 2.501758e+04 2.501757e+04 2.501753e+04 2.501736e+04 2.501648e+04 2.501572e+04 2.501472e+04 2.501192e+04 2.500795e+04 2.500273e+04 2.499614e+04 2.498776e+04 2.497600e+04 2.495622e+04 2.399867e+04 1.862686e+04 1.266892e+04 9.972079e+03 8.980353e+03 8.653114e+03 8.769631e+03 9.416216e+03 1.049847e+04 1.207315e+04 1.423694e+04 1.708738e+04
2.460674e+04 2.460674e+04 2.460674e+04 2.460674e+04 2.460673e+04 2.460665e+04 2.460638e+04 2.460524e+04 2.460437e+04 2.460329e+04 2.460042e+04 2.459654e+04 2.459156e+04 2.458534e+04 2.457747e+04 2.456641e+04 2.454762e+04 2.361918e+04 1.839768e+04 1.260859e+04 9.993352e+03 9.037432e+03 8.729006e+03 8.869504e+03 9.541631e+03 1.065790e+04 1.227512e+04 1.448804e+04 1.739204e+04
2.420742e+04 2.420742e+04 2.420742e+04 2.420742e+04 2.420742e+04 2.420735e+04 2.420711e+04 2.420602e+04 2.420516e+04 2.420409e+04 2.420125e+04 2.419747e+04 2.419269e+04 2.418679e+04 2.417938e+04 2.416896e+04 2.415111e+04 2.325106e+04 1.817637e+04 1.255267e+04 1.001785e+04 9.097662e+03 8.808328e+03 8.973488e+03 9.671737e+03 1.082275e+04 1.248361e+04 1.474708e+04 1.770623e+04
2.381931e+04 2.381931e+04 2.381931e+04 2.381931e+04 2.381930e+04 2.381923e+04 2.381900e+04 2.381798e+04 2.381718e+04 2.381616e+04 2.381348e+04 2.380989e+04 2.380537e+04 2.379984e+04 2.379292e+04 2.378316e+04 2.376627e+04 2.289403e+04 1.796291e+04 1.250133e+04 1.004579e+04 9.161254e+03 8.891289e+03 9.081818e+03 9.806816e+03 1.099331e+04 1.269888e+04 1.501430e+04 1.803014e+04
2.344201e+04 2.344201e+04 2.344201e+04 2.344201e+04 2.344201e+04 2.344194e+04 2.344172e+04 2.344077e+04 2.344002e+04 2.343907e+04 2.343658e+04 2.343327e+04 2.342910e+04 2.342402e+04 2.341767e+04 2.340862e+04 2.339273e+04 2.254789e+04 1.775732e+04 1.245473e+04 1.007740e+04 9.228431e+03 8.978103e+03 9.194736e+03 9.947151e+03 1.116988e+04 1.292122e+04 1.528994e+04 1.836401e+04
2.307508e+04 2.307508e+04 2.307508e+04 2.307508e+04 2.307508e+04 2.307502e+04 2.307483e+04 2.307400e+04 2.307334e+04 2.307250e+04 2.307027e+04 2.306731e+04 2.306359e+04 2.305905e+04 2.305335e+04 2.304511e+04 2.303028e+04 2.221252e+04 1.755963e+04 1.241309e+04 1.011292e+04 9.299429e+03 9.069000e+03 9.312486e+03 1.009303e+04 1.135277e+04 1.315091e+04 1.557427e+04 1.870806e+04
2.271863e+04 2.271863e+04 2.271863e+04 2.271863e+04 2.271862e+04 2.271858e+04 2.271842e+04 2.271770e+04 2.271713e+04 2.271641e+04 2.271449e+04 2.271195e+04 2.270877e+04 2.270487e+04 2.269992e+04 2.269257e+04 2.267886e+04 2.188786e+04 1.736994e+04 1.237663e+04 1.015259e+04 9.374493e+03 9.164215e+03 9.435321e+03 1.024476e+04 1.154231e+04 1.338827e+04 1.586755e+04 1.906254e+04
2.237273e+04 2.237273e+04 2.237273e+04 2.237273e+04 2.237273e+04 2.237269e+04 2.237256e+04 2.237194e+04 2.237146e+04 2.237086e+04 2.236933e+04 2.236732e+04 2.236477e+04 2.236161e+04 2.235748e+04 2.235108e+04 2.233854e+04 2.157391e+04 1.718834e+04 1.234556e+04 1.019669e+04 9.453876e+03 9.263991e+03 9.563498e+03 1.040262e+04 1.173881e+04 1.363361e+04 1.617009e+04 1.942772e+04
2.203722e+04 2.203722e+04 2.203722e+04 2.203722e+04 2.203722e+04 2.203718e+04 2.203707e+04 2.203671e+04 2.203644e+04 2.203609e+04 2.203515e+04 2.203380e+04 2.203197e+04 2.202959e+04 2.202632e+04 2.202086e+04 2.200948e+04 2.127073e+04 1.701496e+04 1.232014e+04 1.024548e+04 9.537840e+03 9.368580e+03 9.697280e+03 1.056694e+04 1.194263e+04 1.388727e+04 1.648218e+04 1.980385e+04
2.171298e+04 2.171298e+04 2.171298e+04 2.171298e+04 2.171298e+04 2.171301e+04 2.171309e+04 2.171325e+04 2.171327e+04 2.171321e+04 2.171284e+04 2.171209e+04 2.171092e+04 2.170924e+04 2.170675e+04 2.170219e+04 2.169190e+04 2.097836e+04 1.684993e+04 1.230059e+04 1.029922e+04 9.626649e+03 9.478239e+03 9.836935e+03 1.073802e+04 1.215411e+04 1.414960e+04 1.680415e+04 2.019123e+04
2.140346e+04 2.140346e+04 2.140346e+04 2.140347e+04 2.140347e+04 2.140348e+04 2.140350e+04 2.140351e+04 2.140349e+04 2.140343e+04 2.140319e+04 2.140274e+04 2.140200e+04 2.140088e+04 2.139903e+04 2.139524e+04 2.138595e+04 2.069689e+04 1.669340e+04 1.228716e+04 1.035819e+04 9.720574e+03 9.593231e+03 9.982739e+03 1.091617e+04 1.237359e+04 1.442096e+04 1.713633e+04 2.059016e+04
2.110638e+04 2.110638e+04 2.110638e+04 2.110638e+04 2.110638e+04 2.110637e+04 2.110631e+04 2.110613e+04 2.110604e+04 2.110597e+04 2.110583e+04 2.110562e+04 2.110523e+04 2.110454e+04 2.110322e+04 2.110007e+04 2.109166e+04 2.042632e+04 1.654551e+04 1.228009e+04 1.042267e+04 9.819886e+03 9.713822e+03 1.013497e+04 1.110173e+04 1.260146e+04 1.470172e+04 1.747907e+04 2.100094e+04
2.081912e+04 2.081912e+04 2.081912e+04 2.081912e+04 2.081912e+04 2.081918e+04 2.081931e+04 2.081967e+04 2.081987e+04 2.082006e+04 2.082038e+04 2.082053e+04 2.082046e+04 2.082011e+04 2.081920e+04 2.081659e+04 2.080895e+04 2.016669e+04 1.640639e+04 1.227963e+04 1.049292e+04 9.924859e+03 9.840283e+03 1.029392e+04 1.129502e+04 1.283807e+04 1.499228e+04 1.783274e+04 2.142391e+04
2.054542e+04 2.054542e+04 2.054542e+04 2.054542e+04 2.054542e+04 2.054548e+04 2.054568e+04 2.054627e+04 2.054658e+04 2.054687e+04 2.054730e+04 2.054752e+04 2.054755e+04 2.054737e+04 2.054674e+04 2.054458e+04 2.053764e+04 1.991796e+04 1.627619e+04 1.228602e+04 1.056922e+04 1.003577e+04 9.972889e+03 1.045987e+04 1.149639e+04 1.308381e+04 1.529302e+04 1.819772e+04 2.185939e+04
2.028656e+04 2.028656e+04 2.028656e+04 2.028656e+04 2.028656e+04 2.028653e+04 2.028647e+04 2.028636e+04 2.028630e+04 2.028625e+04 2.028615e+04 2.028604e+04 2.028593e+04 2.028580e+04 2.028541e+04 2.028368e+04 2.027746e+04 1.968015e+04 1.615505e+04 1.229948e+04 1.065184e+04 1.015289e+04 1.011192e+04 1.063313e+04 1.170617e+04 1.333908e+04 1.560435e+04 1.857439e+04 2.230775e+04
2.003616e+04 2.003616e+04 2.003616e+04 2.003616e+04 2.003616e+04 2.003613e+04 2.003604e+04 2.003568e+04 2.003545e+04 2.003523e+04 2.003484e+04 2.003461e+04 2.003456e+04 2.003468e+04 2.003470e+04 2.003357e+04 2.002820e+04 1.945330e+04 1.604313e+04 1.232027e+04 1.074103e+04 1.027650e+04 1.025765e+04 1.081401e+04 1.192473e+04 1.360428e+04 1.592670e+04 1.896316e+04 2.276935e+04
1.979206e+04 1.979206e+04 1.979206e+04 1.979207e+04 1.979207e+04 1.979208e+04 1.979209e+04 1.979205e+04 1.979201e+04 1.979198e+04 1.979204e+04 1.979233e+04 1.979289e+04 1.979368e+04 1.979446e+04 1.979419e+04 1.978986e+04 1.923751e+04 1.594058e+04 1.234859e+04 1.083707e+04 1.040686e+04 1.041037e+04 1.100282e+04 1.215243e+04 1.387980e+04 1.626049e+04 1.936446e+04 2.324456e+04
1.955637e+04 1.955637e+04 1.955637e+04 1.955637e+04 1.955637e+04 1.955638e+04 1.955641e+04 1.955671e+04 1.955701e+04 1.955742e+04 1.955849e+04 1.955985e+04 1.956147e+04 1.956330e+04 1.956510e+04 1.956589e+04 1.956276e+04 1.903297e+04 1.584759e+04 1.238469e+04 1.094020e+04 1.054426e+04 1.057036e+04 1.119989e+04 1.238963e+04 1.416608e+04 1.660617e+04 1.977870e+04 2.373378e+04
1.933034e+04 1.933034e+04 1.933034e+04 1.933034e+04 1.933035e+04 1.933050e+04 1.933093e+04 1.933238e+04 1.933331e+04 1.933435e+04 1.933662e+04 1.933911e+04 1.934180e+04 1.934467e+04 1.934751e+04 1.934937e+04 1.934744e+04 1.883990e+04 1.576431e+04 1.242877e+04 1.105069e+04 1.068897e+04 1.073792e+04 1.140554e+04 1.263674e+04 1.446355e+04 1.696418e+04 2.020633e+04 2.423741e+04
1.912226e+04 1.912226e+04 1.912226e+04 1.912226e+04 1.912226e+04 1.912241e+04 1.912286e+04 1.912443e+04 1.912545e+04 1.912658e+04 1.912914e+04 1.913206e+04 1.913532e+04 1.913890e+04 1.914255e+04 1.914533e+04 1.914449e+04 1.865853e+04 1.569092e+04 1.248105e+04 1.116877e+04 1.084126e+04 1.091334e+04 1.162012e+04 1.289414e+04 1.477264e+04 1.733501e+04 2.064781e+04 2.475586e+04
1.893219e+04 1.893219e+04 1.893219e+04 1.893219e+04 1.893219e+04 1.893222e+04 1.893231e+04 1.893287e+04 1.893339e+04 1.893411e+04 1.893613e+04 1.893892e+04 1.894239e+04 1.894641e+04 1.895067e+04 1.895420e+04 1.895430e+04 1.848906e+04 1.562756e+04 1.254171e+04 1.129469e+04 1.100139e+04 1.109691e+04 1.184399e+04 1.316224e+04 1.509382e+04 1.771912e+04 2.110361e+04 2.528956e+04
1.875146e+04 1.875146e+04 1.875146e+04 1.875146e+04 1.875146e+04 1.875148e+04 1.875156e+04 1.875205e+04 1.875258e+04 1.875334e+04 1.875558e+04 1.875874e+04 1.876266e+04 1.876719e+04 1.877201e+04 1.877617e+04 1.877707e+04 1.833158e+04 1.557433e+04 1.261095e+04 1.142868e+04 1.116966e+04 1.128895e+04 1.207750e+04 1.344146e+04 1.542755e+04 1.811699e+04 2.157418e+04 2.583895e+04
1.857865e+04 1.857865e+04 1.857865e+04 1.857865e+04 1.857866e+04 1.857886e+04 1.857944e+04 1.858137e+04 1.858267e+04 1.858415e+04 1.858763e+04 1.859172e+04 1.859633e+04 1.860141e+04 1.860671e+04 1.861136e+04 1.861288e+04 1.818612e+04 1.553133e+04 1.268895e+04 1.157098e+04 1.134632e+04 1.148977e+04 1.232104e+04 1.373224e+04 1.577431e+04 1.852914e+04 2.206004e+04 2.640448e+04
1.842454e+04 1.842454e+04 1.842454e+04 1.842455e+04 1.842455e+04 1.842476e+04 1.842540e+04 1.842776e+04 1.842932e+04 1.843108e+04 1.843500e+04 1.843938e+04 1.844419e+04 1.844940e+04 1.845485e+04 1.845972e+04 1.846162e+04 1.805260e+04 1.549861e+04 1.277586e+04 1.172183e+04 1.153167e+04 1.169968e+04 1.257500e+04 1.403504e+04 1.613459e+04 1.895606e+04 2.256167e+04 2.698660e+04
1.829172e+04 1.829172e+04 1.829172e+04 1.829172e+04 1.829172e+04 1.829177e+04 1.829202e+04 1.829321e+04 1.829414e+04 1.829530e+04 1.829818e+04 1.830176e+04 1.830598e+04 1.831079e+04 1.831600e+04 1.832082e+04 1.832290e+04 1.793085e+04 1.547619e+04 1.287184e+04 1.188144e+04 1.172598e+04 1.191903e+04 1.283978e+04 1.435032e+04 1.650890e+04 1.939829e+04 2.307959e+04 2.758579e+04
1.817016e+04 1.817016e+04 1.817016e+04 1.817016e+04 1.817016e+04 1.817020e+04 1.817032e+04 1.817083e+04 1.817128e+04 1.817191e+04 1.817374e+04 1.817639e+04 1.817989e+04 1.818419e+04 1.818910e+04 1.819382e+04 1.819606e+04 1.782065e+04 1.546407e+04 1.297705e+04 1.205006e+04 1.192955e+04 1.214814e+04 1.311582e+04 1.467856e+04 1.689776e+04 1.985635e+04 2.361432e+04 2.820253e+04
1.805470e+04 1.805470e+04 1.805470e+04 1.805470e+04 1.805470e+04 1.805475e+04 1.805490e+04 1.805550e+04 1.805595e+04 1.805653e+04 1.805817e+04 1.806060e+04 1.806391e+04 1.806810e+04 1.807301e+04 1.807785e+04 1.808041e+04 1.772180e+04 1.546228e+04 1.309162e+04 1.222792e+04 1.214268e+04 1.238738e+04 1.340356e+04 1.502027e+04 1.730171e+04 2.033080e+04 2.416638e+04 2.883730e+04
1.794604e+04 1.794604e+04 1.794604e+04 1.794604e+04 1.794605e+04 1.794611e+04 1.794631e+04 1.794708e+04 1.794767e+04 1.794843e+04 1.795051e+04 1.795340e+04 1.795717e+04 1.796181e+04 1.796714e+04 1.797244e+04 1.797558e+04 1.763416e+04 1.547082e+04 1.321572e+04 1.241527e+04 1.236568e+04 1.263713e+04 1.370346e+04 1.537597e+04 1.772131e+04 2.082220e+04 2.473632e+04 2.949060e+04
1.784506e+04 1.784506e+04 1.784506e+04 1.784506e+04 1.784506e+04 1.784513e+04 1.784537e+04 1.784654e+04 1.784748e+04 1.784866e+04 1.785168e+04 1.785553e+04 1.786020e+04 1.786564e+04 1.787171e+04 1.787771e+04 1.788160e+04 1.755767e+04 1.548972e+04 1.334951e+04 1.261235e+04 1.259889e+04 1.289777e+04 1.401601e+04 1.574621e+04 1.815713e+04 2.133111e+04 2.532468e+04 3.016293e+04
1.775386e+04 1.775386e+04 1.775387e+04 1.775387e+04 1.775387e+04 1.775406e+04 1.775464e+04 1.775679e+04 1.775828e+04 1.776000e+04 1.776405e+04 1.776886e+04 1.777438e+04 1.778061e+04 1.778741e+04 1.779413e+04 1.779882e+04 1.749235e+04 1.551903e+04 1.349313e+04 1.281943e+04 1.284264e+04 1.316971e+04 1.434172e+04 1.613154e+04 1.860974e+04 2.185812e+04 2.593203e+04 3.085481e+04
1.767959e+04 1.767959e+04 1.767959e+04 1.767959e+04 1.767960e+04 1.767979e+04 1.768037e+04 1.768255e+04 1.768407e+04 1.768584e+04 1.769005e+04 1.769510e+04 1.770096e+04 1.770761e+04 1.771490e+04 1.772218e+04 1.772756e+04 1.743825e+04 1.555881e+04 1.364678e+04 1.303680e+04 1.309731e+04 1.345340e+04 1.468113e+04 1.653257e+04 1.907976e+04 2.240382e+04 2.655894e+04 3.156676e+04
1.762173e+04 1.762173e+04 1.762173e+04 1.762174e+04 1.762174e+04 1.762183e+04 1.762213e+04 1.762352e+04 1.762462e+04 1.762600e+04 1.762960e+04 1.763430e+04 1.764007e+04 1.764683e+04 1.765438e+04 1.766206e+04 1.766801e+04 1.739541e+04 1.560911e+04 1.381062e+04 1.326474e+04 1.336329e+04 1.374930e+04 1.503479e+04 1.694990e+04 1.956781e+04 2.296883e+04 2.720597e+04 3.229930e+04
