2.900982e+08 2.415640e+08 2.193325e+08 1.625582e+08 1.402028e+08 9.772190e+07 8.833327e+07 8.613907e+07 8.719852e+07 8.879448e+07 9.270104e+07 9.670907e+07 1.002622e+08 1.031730e+08 1.054627e+08 1.072347e+08 1.086056e+08 1.123638e+08 1.147139e+08 1.173982e+08 1.207741e+08 1.249932e+08 1.301956e+08 1.437712e+08 1.608359e+08 1.793971e+08 1.972596e+08 2.128058e+08 2.251799e+08
9.551361e+07 9.551442e+07 9.551611e+07 9.548499e+07 9.507256e+07 8.979933e+07 8.609344e+07 8.594254e+07 8.727036e+07 8.900468e+07 9.301047e+07 9.701425e+07 1.005292e+08 1.033966e+08 1.056478e+08 1.073882e+08 1.087336e+08 1.124176e+08 1.147383e+08 1.174160e+08 1.207965e+08 1.250255e+08 1.302405e+08 1.438447e+08 1.609362e+08 1.795159e+08 1.973861e+08 2.129295e+08 2.252928e+08
8.546462e+07 8.546495e+07 8.546588e+07 8.548357e+07 8.549549e+07 8.530593e+07 8.415122e+07 8.576959e+07 8.739479e+07 8.927406e+07 9.336866e+07 9.735227e+07 1.008166e+08 1.036324e+08 1.058400e+08 1.075457e+08 1.088637e+08 1.124703e+08 1.147615e+08 1.174331e+08 1.208186e+08 1.250578e+08 1.302857e+08 1.439190e+08 1.610375e+08 1.796358e+08 1.975136e+08 2.130541e+08 2.254065e+08
8.282102e+07 8.282123e+07 8.282181e+07 8.283575e+07 8.286495e+07 8.270587e+07 8.411779e+07 8.573216e+07 8.759549e+07 8.960674e+07 9.377263e+07 9.771957e+07 1.011211e+08 1.038778e+08 1.060374e+08 1.077057e+08 1.089947e+08 1.125216e+08 1.147833e+08 1.174493e+08 1.208403e+08 1.250902e+08 1.303314e+08 1.439942e+08 1.611399e+08 1.797569e+08 1.976421e+08 2.131795e+08 2.255207e+08
8.251817e+07 8.251830e+07 8.251869e+07 8.252897e+07 8.255441e+07 8.259072e+07 8.401887e+07 8.625976e+07 8.797281e+07 9.002774e+07 9.421964e+07 9.811119e+07 1.014387e+08 1.041296e+08 1.062375e+08 1.078665e+08 1.091254e+08 1.125710e+08 1.148035e+08 1.174645e+08 1.208616e+08 1.251226e+08 1.303774e+08 1.440703e+08 1.612433e+08 1.798791e+08 1.977717e+08 2.133058e+08 2.256356e+08
8.323227e+07 8.323237e+07 8.323266e+07 8.324060e+07 8.326152e+07 8.345424e+07 8.428192e+07 8.750477e+07 8.881938e+07 9.062402e+07 9.471561e+07 9.852303e+07 1.017648e+08 1.043843e+08 1.064377e+08 1.080261e+08 1.092543e+08 1.126181e+08 1.148219e+08 1.174786e+08 1.208825e+08 1.251551e+08 1.304238e+08 1.441472e+08 1.613479e+08 1.800025e+08 1.979023e+08 2.134329e+08 2.257511e+08
8.446870e+07 8.446877e+07 8.446899e+07 8.447531e+07 8.449264e+07 8.474765e+07 8.522160e+07 8.887058e+07 9.016344e+07 9.160235e+07 9.528625e+07 9.895531e+07 1.020957e+08 1.046383e+08 1.066353e+08 1.081824e+08 1.093798e+08 1.126624e+08 1.148383e+08 1.174916e+08 1.209029e+08 1.251875e+08 1.304705e+08 1.442249e+08 1.614536e+08 1.801269e+08 1.980339e+08 2.135609e+08 2.258672e+08
8.600308e+07 8.600314e+07 8.600332e+07 8.600852e+07 8.602312e+07 8.629016e+07 8.664910e+07 9.012372e+07 9.163539e+07 9.293607e+07 9.599142e+07 9.941652e+07 1.024302e+08 1.048889e+08 1.068277e+08 1.083335e+08 1.095003e+08 1.127034e+08 1.148526e+08 1.175033e+08 1.209227e+08 1.252199e+08 1.305176e+08 1.443035e+08 1.615604e+08 1.802526e+08 1.981666e+08 2.136897e+08 2.259840e+08
8.771913e+07 8.771918e+07 8.771933e+07 8.772375e+07 8.773628e+07 8.799458e+07 8.834451e+07 9.131108e+07 9.304079e+07 9.437811e+07 9.694097e+07 9.992800e+07 1.027715e+08 1.051350e+08 1.070131e+08 1.084775e+08 1.096145e+08 1.127406e+08 1.148644e+08 1.175137e+08 1.209420e+08 1.252522e+08 1.305651e+08 1.443830e+08 1.616683e+08 1.803793e+08 1.983003e+08 2.138194e+08 2.261013e+08
8.955009e+07 8.955013e+07 8.955026e+07 8.955405e+07 8.956493e+07 8.980685e+07 9.017480e+07 9.254629e+07 9.433923e+07 9.577726e+07 9.807203e+07 1.005323e+08 1.031288e+08 1.053779e+08 1.071908e+08 1.086133e+08 1.097210e+08 1.127735e+08 1.148736e+08 1.175227e+08 1.209606e+08 1.252845e+08 1.306128e+08 1.444633e+08 1.617773e+08 1.805073e+08 1.984350e+08 2.139499e+08 2.262193e+08
9.145373e+07 9.145377e+07 9.145388e+07 9.145716e+07 9.146666e+07 9.168998e+07 9.207183e+07 9.389370e+07 9.557139e+07 9.706705e+07 9.925667e+07 1.012896e+08 1.035197e+08 1.056225e+08 1.073615e+08 1.087404e+08 1.098192e+08 1.128015e+08 1.148799e+08 1.175300e+08 1.209785e+08 1.253167e+08 1.306609e+08 1.445445e+08 1.618874e+08 1.806363e+08 1.985708e+08 2.140812e+08 2.263379e+08
1.012906e+08 1.012906e+08 1.012907e+08 1.012925e+08 1.012981e+08 1.013992e+08 1.014960e+08 1.014019e+08 1.015881e+08 1.021526e+08 1.038125e+08 1.052372e+08 1.063293e+08 1.073272e+08 1.083220e+08 1.093179e+08 1.102038e+08 1.128557e+08 1.148617e+08 1.175401e+08 1.210559e+08 1.254751e+08 1.309057e+08 1.449632e+08 1.624548e+08 1.812991e+08 1.992654e+08 2.147506e+08 2.269403e+08
1.065520e+08 1.065520e+08 1.065521e+08 1.065526e+08 1.065542e+08 1.065594e+08 1.064681e+08 1.058367e+08 1.054053e+08 1.051384e+08 1.055424e+08 1.068307e+08 1.081629e+08 1.091552e+08 1.098378e+08 1.103430e+08 1.107710e+08 1.127572e+08 1.147452e+08 1.174970e+08 1.211087e+08 1.256270e+08 1.311563e+08 1.454031e+08 1.630505e+08 1.819911e+08 1.999861e+08 2.154409e+08 2.275578e+08
1.064698e+08 1.064698e+08 1.064698e+08 1.064699e+08 1.064701e+08 1.064680e+08 1.064258e+08 1.060742e+08 1.057806e+08 1.055203e+08 1.055673e+08 1.066016e+08 1.081569e+08 1.096102e+08 1.106523e+08 1.112800e+08 1.116212e+08 1.125766e+08 1.145251e+08 1.173929e+08 1.211317e+08 1.257695e+08 1.314114e+08 1.458640e+08 1.636746e+08 1.827126e+08 2.007330e+08 2.161521e+08 2.281902e+08
1.047114e+08 1.047114e+08 1.047114e+08 1.047115e+08 1.047119e+08 1.047177e+08 1.047173e+08 1.046176e+08 1.045258e+08 1.044686e+08 1.047318e+08 1.057333e+08 1.072993e+08 1.089834e+08 1.104060e+08 1.114001e+08 1.119831e+08 1.125480e+08 1.142274e+08 1.172288e+08 1.211227e+08 1.259006e+08 1.316695e+08 1.463457e+08 1.643273e+08 1.834635e+08 2.015059e+08 2.168838e+08 2.288370e+08
1.030800e+08 1.030800e+08 1.030800e+08 1.030801e+08 1.030804e+08 1.030886e+08 1.031019e+08 1.030852e+08 1.030731e+08 1.031227e+08 1.036014e+08 1.046879e+08 1.062308e+08 1.079301e+08 1.094983e+08 1.107491e+08 1.116195e+08 1.126275e+08 1.139260e+08 1.170191e+08 1.210842e+08 1.260202e+08 1.319303e+08 1.468482e+08 1.650087e+08 1.842441e+08 2.023049e+08 2.176357e+08 2.294979e+08
1.018455e+08 1.018455e+08 1.018455e+08 1.018455e+08 1.018454e+08 1.018415e+08 1.018191e+08 1.017060e+08 1.016645e+08 1.017151e+08 1.022837e+08 1.034780e+08 1.050503e+08 1.067228e+08 1.082915e+08 1.096284e+08 1.106715e+08 1.125216e+08 1.137578e+08 1.167968e+08 1.210254e+08 1.261309e+08 1.321943e+08 1.473714e+08 1.657190e+08 1.850542e+08 2.031296e+08 2.184074e+08 2.301722e+08
1.000896e+08 1.000896e+08 1.000896e+08 1.000895e+08 1.000893e+08 1.000822e+08 1.000532e+08 9.991700e+07 9.987122e+07 9.993659e+07 1.006120e+08 1.019679e+08 1.036567e+08 1.053604e+08 1.069126e+08 1.082500e+08 1.093550e+08 1.120801e+08 1.136600e+08 1.166219e+08 1.209645e+08 1.262392e+08 1.324641e+08 1.479160e+08 1.664584e+08 1.858939e+08 2.039798e+08 2.191985e+08 2.308595e+08
9.774194e+07 9.774194e+07 9.774194e+07 9.774187e+07 9.774163e+07 9.773323e+07 9.770672e+07 9.760948e+07 9.760177e+07 9.772124e+07 9.856002e+07 1.001232e+08 1.019903e+08 1.037922e+08 1.053681e+08 1.066987e+08 1.078154e+08 1.112748e+08 1.135043e+08 1.165762e+08 1.209304e+08 1.263559e+08 1.327443e+08 1.484832e+08 1.672272e+08 1.867631e+08 2.048552e+08 2.200084e+08 2.315590e+08
9.515211e+07 9.515211e+07 9.515211e+07 9.515211e+07 9.515210e+07 9.515100e+07 9.514375e+07 9.510803e+07 9.514385e+07 9.531836e+07 9.630530e+07 9.805109e+07 1.000917e+08 1.020167e+08 1.036534e+08 1.050017e+08 1.061275e+08 1.101623e+08 1.132164e+08 1.166013e+08 1.209713e+08 1.264980e+08 1.330425e+08 1.490748e+08 1.680260e+08 1.876619e+08 2.057554e+08 2.208366e+08 2.322701e+08
9.273053e+07 9.273053e+07 9.273053e+07 9.273053e+07 9.273053e+07 9.273022e+07 9.272782e+07 9.271937e+07 9.277694e+07 9.297886e+07 9.404116e+07 9.589015e+07 9.804734e+07 1.000768e+08 1.017876e+08 1.031792e+08 1.043326e+08 1.088357e+08 1.127650e+08 1.166308e+08 1.211318e+08 1.266897e+08 1.333693e+08 1.496937e+08 1.688556e+08 1.885902e+08 2.066800e+08 2.216824e+08 2.329920e+08
9.058195e+07 9.058195e+07 9.058195e+07 9.058193e+07 9.058185e+07 9.057903e+07 9.057032e+07 9.054370e+07 9.059222e+07 9.078675e+07 9.184523e+07 9.371612e+07 9.592523e+07 9.802534e+07 9.980762e+07 1.012601e+08 1.024637e+08 1.073889e+08 1.121555e+08 1.166213e+08 1.213638e+08 1.269707e+08 1.337397e+08 1.503442e+08 1.697174e+08 1.895483e+08 2.076287e+08 2.225452e+08 2.337240e+08
8.849607e+07 8.849607e+07 8.849607e+07 8.849602e+07 8.849586e+07 8.849051e+07 8.847319e+07 8.842108e+07 8.845608e+07 8.863674e+07 8.966914e+07 9.152915e+07 9.375700e+07 9.590613e+07 9.775617e+07 9.928153e+07 1.005554e+08 1.058992e+08 1.114186e+08 1.165466e+08 1.216274e+08 1.273609e+08 1.341745e+08 1.510316e+08 1.706132e+08 1.905364e+08 2.086010e+08 2.234242e+08 2.344651e+08
8.626010e+07 8.626010e+07 8.626009e+07 8.626006e+07 8.625996e+07 8.625626e+07 8.624409e+07 8.620637e+07 8.624768e+07 8.643203e+07 8.746336e+07 8.932242e+07 9.156763e+07 9.376143e+07 9.567966e+07 9.728638e+07 9.864512e+07 1.044235e+08 1.105972e+08 1.163970e+08 1.218935e+08 1.278234e+08 1.347069e+08 1.517632e+08 1.715451e+08 1.915551e+08 2.095967e+08 2.243188e+08 2.352147e+08
8.399051e+07 8.399051e+07 8.399050e+07 8.399050e+07 8.399047e+07 8.398902e+07 8.398256e+07 8.396402e+07 8.401725e+07 8.421272e+07 8.526000e+07 8.713196e+07 8.940133e+07 9.164119e+07 9.362831e+07 9.532024e+07 9.677177e+07 1.030011e+08 1.097352e+08 1.161757e+08 1.221416e+08 1.283316e+08 1.353413e+08 1.525482e+08 1.725165e+08 1.926052e+08 2.106155e+08 2.252282e+08 2.359717e+08
8.180452e+07 8.180452e+07 8.180452e+07 8.180452e+07 8.180451e+07 8.180367e+07 8.179990e+07 8.179545e+07 8.185900e+07 8.206500e+07 8.313020e+07 8.501875e+07 8.731401e+07 8.959844e+07 9.165149e+07 9.342681e+07 9.497201e+07 1.016572e+08 1.088709e+08 1.158959e+08 1.223589e+08 1.288651e+08 1.360501e+08 1.533985e+08 1.735309e+08 1.936877e+08 2.116572e+08 2.261518e+08 2.367354e+08
7.976375e+07 7.976375e+07 7.976375e+07 7.976376e+07 7.976377e+07 7.976392e+07 7.976340e+07 7.977180e+07 7.984378e+07 8.005807e+07 8.113698e+07 8.303869e+07 8.535582e+07 8.767909e+07 8.979102e+07 9.164297e+07 9.327678e+07 1.004067e+08 1.080341e+08 1.155757e+08 1.225403e+08 1.294078e+08 1.368145e+08 1.543308e+08 1.745933e+08 1.948040e+08 2.127219e+08 2.270889e+08 2.375047e+08
7.792084e+07 7.792084e+07 7.792084e+07 7.792085e+07 7.792089e+07 7.792160e+07 7.792298e+07 7.793944e+07 7.801675e+07 7.823598e+07 7.932179e+07 8.123006e+07 8.356208e+07 8.591592e+07 8.807715e+07 8.999571e+07 9.170896e+07 9.925720e+07 1.072453e+08 1.152349e+08 1.226869e+08 1.299486e+08 1.376196e+08 1.553674e+08 1.757095e+08 1.959561e+08 2.138096e+08 2.280388e+08 2.382788e+08
7.629080e+07 7.629080e+07 7.629080e+07 7.629081e+07 7.629085e+07 7.629178e+07 7.629405e+07 7.631474e+07 7.639482e+07 7.661619e+07 7.770301e+07 7.961168e+07 8.195161e+07 8.432751e+07 8.652779e+07 8.850157e+07 9.028278e+07 9.821074e+07 1.065170e+08 1.148921e+08 1.228047e+08 1.304803e+08 1.384530e+08 1.564975e+08 1.768870e+08 1.971460e+08 2.149207e+08 2.290012e+08 2.390569e+08
7.486373e+07 7.486373e+07 7.486374e+07 7.486375e+07 7.486379e+07 7.486502e+07 7.486825e+07 7.489266e+07 7.497470e+07 7.519705e+07 7.628190e+07 7.818710e+07 8.052969e+07 8.292036e+07 8.515011e+07 8.716768e+07 8.900455e+07 9.726542e+07 1.058551e+08 1.145629e+08 1.229026e+08 1.310000e+08 1.393053e+08 1.577055e+08 1.781352e+08 1.983769e+08 2.160558e+08 2.299754e+08 2.398381e+08
7.363437e+07 7.363437e+07 7.363437e+07 7.363439e+07 7.363443e+07 7.363568e+07 7.363915e+07 7.366514e+07 7.374801e+07 7.397032e+07 7.505137e+07 7.695100e+07 7.929274e+07 8.169238e+07 8.394316e+07 8.599373e+07 8.787401e+07 9.641646e+07 1.052609e+08 1.142596e+08 1.229912e+08 1.315084e+08 1.401695e+08 1.589804e+08 1.794690e+08 1.996520e+08 2.172155e+08 2.309611e+08 2.406216e+08
7.258415e+07 7.258415e+07 7.258415e+07 7.258417e+07 7.258422e+07 7.258560e+07 7.258952e+07 7.261726e+07 7.270089e+07 7.292306e+07 7.400018e+07 7.589356e+07 7.823221e+07 8.063614e+07 8.290045e+07 8.497399e+07 8.688586e+07 9.565699e+07 1.047322e+08 1.139911e+08 1.230813e+08 1.320089e+08 1.410415e+08 1.603128e+08 1.808976e+08 2.009758e+08 2.184009e+08 2.319581e+08 2.414066e+08
7.170103e+07 7.170103e+07 7.170104e+07 7.170105e+07 7.170110e+07 7.170266e+07 7.170713e+07 7.173705e+07 7.182164e+07 7.204388e+07 7.311734e+07 7.500406e+07 7.733755e+07 7.974130e+07 8.201198e+07 8.409889e+07 8.603101e+07 9.497860e+07 1.042647e+08 1.137631e+08 1.231832e+08 1.325069e+08 1.419197e+08 1.616943e+08 1.824075e+08 2.023539e+08 2.196136e+08 2.329663e+08 2.421925e+08
7.097991e+07 7.097991e+07 7.097991e+07 7.097993e+07 7.097998e+07 7.098162e+07 7.098636e+07 7.101756e+07 7.110270e+07 7.132465e+07 7.239368e+07 7.427225e+07 7.659748e+07 7.899578e+07 8.126528e+07 8.335602e+07 8.529744e+07 9.437178e+07 1.038526e+08 1.135786e+08 1.233057e+08 1.330092e+08 1.428044e+08 1.631178e+08 1.839882e+08 2.037939e+08 2.208551e+08 2.339858e+08 2.429786e+08
7.041042e+07 7.041042e+07 7.041042e+07 7.041044e+07 7.041050e+07 7.041230e+07 7.041757e+07 7.045027e+07 7.053572e+07 7.075691e+07 7.181986e+07 7.368720e+07 7.599937e+07 7.838558e+07 8.064562e+07 8.273054e+07 8.467074e+07 9.382627e+07 1.034898e+08 1.134389e+08 1.234565e+08 1.335230e+08 1.436978e+08 1.645774e+08 1.856315e+08 2.053080e+08 2.221279e+08 2.350167e+08 2.437645e+08
6.998815e+07 6.998815e+07 6.998815e+07 6.998817e+07 6.998822e+07 6.998987e+07 6.999476e+07 7.002675e+07 7.011147e+07 7.033077e+07 7.138451e+07 7.323576e+07 7.552823e+07 7.789437e+07 8.013599e+07 8.220552e+07 8.413463e+07 9.333143e+07 1.031696e+08 1.133437e+08 1.236417e+08 1.340558e+08 1.446036e+08 1.660680e+08 1.873298e+08 2.068937e+08 2.234351e+08 2.360597e+08 2.445497e+08
6.969240e+07 6.969240e+07 6.969240e+07 6.969242e+07 6.969248e+07 6.969423e+07 6.969940e+07 6.973181e+07 6.981574e+07 7.003246e+07 7.107332e+07 7.290205e+07 7.516662e+07 7.750365e+07 7.971757e+07 8.176250e+07 8.367158e+07 9.287662e+07 1.028857e+08 1.132918e+08 1.238661e+08 1.346146e+08 1.455262e+08 1.675859e+08 1.890761e+08 2.085395e+08 2.247806e+08 2.371154e+08 2.453339e+08
6.951758e+07 6.951758e+07 6.951758e+07 6.951760e+07 6.951765e+07 6.951918e+07 6.952383e+07 6.955421e+07 6.963568e+07 6.984769e+07 7.086960e+07 7.266754e+07 7.489483e+07 7.719326e+07 7.937045e+07 8.138237e+07 8.326373e+07 9.245161e+07 1.026324e+08 1.132815e+08 1.241330e+08 1.352057e+08 1.464707e+08 1.691284e+08 1.908639e+08 2.102371e+08 2.261709e+08 2.381848e+08 2.461170e+08
6.944156e+07 6.944156e+07 6.944157e+07 6.944158e+07 6.944161e+07 6.944270e+07 6.944597e+07 6.947130e+07 6.954839e+07 6.975341e+07 7.075028e+07 7.250948e+07 7.469066e+07 7.694182e+07 7.907431e+07 8.104617e+07 8.289365e+07 9.204690e+07 1.024041e+08 1.133107e+08 1.244450e+08 1.358348e+08 1.474423e+08 1.706937e+08 1.926871e+08 2.119790e+08 2.276136e+08 2.392696e+08 2.468990e+08
6.942274e+07 6.942274e+07 6.942274e+07 6.942275e+07 6.942277e+07 6.942359e+07 6.942594e+07 6.944710e+07 6.951989e+07 6.971749e+07 7.068656e+07 7.240187e+07 7.453049e+07 7.672776e+07 7.880944e+07 8.073596e+07 8.254517e+07 9.165408e+07 1.021965e+08 1.133775e+08 1.248038e+08 1.365067e+08 1.484462e+08 1.722811e+08 1.945403e+08 2.137585e+08 2.290996e+08 2.403718e+08 2.476800e+08
6.943196e+07 6.943196e+07 6.943196e+07 6.943196e+07 6.943198e+07 6.943254e+07 6.943409e+07 6.945177e+07 6.952067e+07 6.971106e+07 7.065147e+07 7.232013e+07 7.439216e+07 7.653114e+07 7.855794e+07 8.043569e+07 8.220399e+07 9.126602e+07 1.020058e+08 1.134800e+08 1.252104e+08 1.372255e+08 1.494873e+08 1.738904e+08 1.964183e+08 2.155689e+08 2.306202e+08 2.414946e+08 2.484604e+08
6.944744e+07 6.944744e+07 6.944744e+07 6.944744e+07 6.944746e+07 6.944779e+07 6.944864e+07 6.946329e+07 6.952857e+07 6.971193e+07 7.062336e+07 7.224385e+07 7.425695e+07 7.633508e+07 7.830469e+07 8.013191e+07 8.185821e+07 9.087698e+07 1.018290e+08 1.136167e+08 1.256656e+08 1.379945e+08 1.505700e+08 1.755222e+08 1.983166e+08 2.174040e+08 2.321682e+08 2.426439e+08 2.492410e+08
6.945218e+07 6.945218e+07 6.945218e+07 6.945218e+07 6.945219e+07 6.945233e+07 6.945261e+07 6.946469e+07 6.952660e+07 6.970314e+07 7.058555e+07 7.215715e+07 7.411015e+07 7.612622e+07 7.803774e+07 7.981404e+07 8.149852e+07 9.048262e+07 1.016642e+08 1.137864e+08 1.261698e+08 1.388162e+08 1.516983e+08 1.771775e+08 2.002311e+08 2.192575e+08 2.337370e+08 2.438206e+08 2.500229e+08
6.943370e+07 6.943370e+07 6.943370e+07 6.943370e+07 6.943371e+07 6.943368e+07 6.943344e+07 6.944318e+07 6.950191e+07 6.967179e+07 7.052536e+07 7.204798e+07 7.394067e+07 7.589458e+07 7.774822e+07 7.947427e+07 8.111810e+07 9.008001e+07 1.015100e+08 1.139882e+08 1.267230e+08 1.396928e+08 1.528755e+08 1.788574e+08 2.021583e+08 2.211235e+08 2.353205e+08 2.450154e+08 2.508077e+08
6.938197e+07 6.938197e+07 6.938197e+07 6.938197e+07 6.938196e+07 6.938177e+07 6.938106e+07 6.938871e+07 6.944446e+07 6.960792e+07 7.043321e+07 7.190747e+07 7.374054e+07 7.563315e+07 7.743005e+07 7.910734e+07 8.071247e+07 8.966739e+07 1.013659e+08 1.142216e+08 1.273253e+08 1.406257e+08 1.541043e+08 1.805632e+08 2.040950e+08 2.229965e+08 2.369124e+08 2.462214e+08 2.515983e+08
6.928895e+07 6.928895e+07 6.928895e+07 6.928895e+07 6.928894e+07 6.928864e+07 6.928760e+07 6.929364e+07 6.934674e+07 6.950420e+07 7.030228e+07 7.172952e+07 7.350449e+07 7.533747e+07 7.707950e+07 7.871018e+07 8.027908e+07 8.924412e+07 1.012318e+08 1.144864e+08 1.279768e+08 1.416159e+08 1.553870e+08 1.822965e+08 2.060386e+08 2.248709e+08 2.385070e+08 2.474327e+08 2.523995e+08
6.915044e+07 6.915044e+07 6.915044e+07 6.915044e+07 6.915043e+07 6.915005e+07 6.914875e+07 6.915357e+07 6.920436e+07 6.935629e+07 7.012854e+07 7.151066e+07 7.322968e+07 7.500532e+07 7.669487e+07 7.828154e+07 7.981706e+07 8.881041e+07 1.011081e+08 1.147826e+08 1.286775e+08 1.426642e+08 1.567252e+08 1.840582e+08 2.079866e+08 2.267418e+08 2.400985e+08 2.486435e+08 2.532070e+08
6.896442e+07 6.896442e+07 6.896442e+07 6.896442e+07 6.896441e+07 6.896401e+07 6.896266e+07 6.896685e+07 6.901574e+07 6.916269e+07 6.991070e+07 7.124985e+07 7.291544e+07 7.463637e+07 7.627616e+07 7.782165e+07 7.932683e+07 8.836715e+07 1.009959e+08 1.151106e+08 1.294272e+08 1.437708e+08 1.581199e+08 1.858495e+08 2.099369e+08 2.286043e+08 2.416812e+08 2.498487e+08 2.540139e+08
6.873310e+07 6.873310e+07 6.873310e+07 6.873309e+07 6.873308e+07 6.873267e+07 6.873129e+07 6.873509e+07 6.878234e+07 6.892469e+07 6.964982e+07 7.094811e+07 7.256282e+07 7.423177e+07 7.582462e+07 7.733185e+07 7.880978e+07 8.791574e+07 1.008961e+08 1.154709e+08 1.302261e+08 1.449358e+08 1.595719e+08 1.876710e+08 2.118877e+08 2.304539e+08 2.432498e+08 2.510429e+08 2.548148e+08
6.845987e+07 6.845987e+07 6.845987e+07 6.845987e+07 6.845985e+07 6.845943e+07 6.845800e+07 6.846137e+07 6.850704e+07 6.864499e+07 6.934833e+07 7.060771e+07 7.217402e+07 7.379370e+07 7.534239e+07 7.681423e+07 7.826796e+07 8.745791e+07 1.008101e+08 1.158641e+08 1.310740e+08 1.461591e+08 1.610811e+08 1.895230e+08 2.138371e+08 2.322863e+08 2.447990e+08 2.522212e+08 2.556048e+08
6.814713e+07 6.814713e+07 6.814713e+07 6.814712e+07 6.814711e+07 6.814665e+07 6.814516e+07 6.814815e+07 6.819238e+07 6.832624e+07 6.900898e+07 7.023143e+07 7.175179e+07 7.332483e+07 7.483207e+07 7.627133e+07 7.770380e+07 8.699559e+07 1.007395e+08 1.162910e+08 1.319710e+08 1.474402e+08 1.626473e+08 1.914056e+08 2.157836e+08 2.340975e+08 2.463239e+08 2.533786e+08 2.563795e+08
6.779691e+07 6.779691e+07 6.779691e+07 6.779691e+07 6.779690e+07 6.779650e+07 6.779517e+07 6.779836e+07 6.784146e+07 6.797163e+07 6.863504e+07 6.982248e+07 7.129923e+07 7.282814e+07 7.429652e+07 7.570588e+07 7.711990e+07 8.653077e+07 1.006855e+08 1.167523e+08 1.329170e+08 1.487785e+08 1.642698e+08 1.933182e+08 2.177252e+08 2.358838e+08 2.478195e+08 2.545105e+08 2.571346e+08
6.741544e+07 6.741544e+07 6.741544e+07 6.741543e+07 6.741542e+07 6.741504e+07 6.741376e+07 6.741693e+07 6.745888e+07 6.758547e+07 6.823037e+07 6.938438e+07 7.081960e+07 7.230672e+07 7.373867e+07 7.512064e+07 7.651892e+07 8.606545e+07 1.006498e+08 1.172489e+08 1.339119e+08 1.501732e+08 1.659475e+08 1.952599e+08 2.196604e+08 2.376417e+08 2.492814e+08 2.556122e+08 2.578660e+08
6.700644e+07 6.700644e+07 6.700644e+07 6.700644e+07 6.700642e+07 6.700603e+07 6.700471e+07 6.700764e+07 6.704836e+07 6.717140e+07 6.779838e+07 6.892035e+07 7.031599e+07 7.176349e+07 7.316131e+07 7.451832e+07 7.590341e+07 8.560157e+07 1.006337e+08 1.177815e+08 1.349555e+08 1.516233e+08 1.676790e+08 1.972293e+08 2.215872e+08 2.393678e+08 2.507051e+08 2.566793e+08 2.585698e+08
6.657171e+07 6.657171e+07 6.657171e+07 6.657170e+07 6.657169e+07 6.657128e+07 6.656994e+07 6.657260e+07 6.661212e+07 6.673174e+07 6.734159e+07 6.843304e+07 6.979105e+07 7.120112e+07 7.256707e+07 7.390143e+07 7.527579e+07 8.514096e+07 1.006387e+08 1.183507e+08 1.360477e+08 1.531276e+08 1.694625e+08 1.992246e+08 2.235037e+08 2.410591e+08 2.520866e+08 2.577076e+08 2.592421e+08
6.611254e+07 6.611254e+07 6.611254e+07 6.611254e+07 6.611253e+07 6.611214e+07 6.611085e+07 6.611346e+07 6.615195e+07 6.626843e+07 6.686220e+07 6.792480e+07 6.924727e+07 7.062210e+07 7.195839e+07 7.327237e+07 7.463836e+07 8.468532e+07 1.006658e+08 1.189574e+08 1.371880e+08 1.546848e+08 1.712959e+08 2.012436e+08 2.254075e+08 2.427125e+08 2.534220e+08 2.586930e+08 2.598793e+08
6.563154e+07 6.563154e+07 6.563154e+07 6.563154e+07 6.563153e+07 6.563118e+07 6.562999e+07 6.563274e+07 6.567037e+07 6.578401e+07 6.636277e+07 6.739821e+07 6.868717e+07 7.002890e+07 7.133764e+07 7.263337e+07 7.399323e+07 8.423621e+07 1.007163e+08 1.196019e+08 1.383762e+08 1.562933e+08 1.731767e+08 2.032834e+08 2.272962e+08 2.443251e+08 2.547077e+08 2.596318e+08 2.604780e+08
6.513251e+07 6.513251e+07 6.513251e+07 6.513250e+07 6.513249e+07 6.513214e+07 6.513098e+07 6.513386e+07 6.517072e+07 6.528170e+07 6.584631e+07 6.685609e+07 6.811338e+07 6.942393e+07 7.070710e+07 7.198655e+07 7.334237e+07 8.379502e+07 1.007912e+08 1.202849e+08 1.396115e+08 1.579512e+08 1.751022e+08 2.053410e+08 2.291673e+08 2.458941e+08 2.559403e+08 2.605204e+08 2.610347e+08
6.461855e+07 6.461855e+07 6.461855e+07 6.461855e+07 6.461854e+07 6.461822e+07 6.461719e+07 6.462025e+07 6.465637e+07 6.476481e+07 6.531593e+07 6.630127e+07 6.752846e+07 6.880955e+07 7.006886e+07 7.133387e+07 7.268759e+07 8.336300e+07 1.008914e+08 1.210066e+08 1.408935e+08 1.596567e+08 1.770694e+08 2.074128e+08 2.310178e+08 2.474167e+08 2.571166e+08 2.613553e+08 2.615463e+08
6.409303e+07 6.409303e+07 6.409303e+07 6.409303e+07 6.409302e+07 6.409274e+07 6.409177e+07 6.409490e+07 6.413026e+07 6.423622e+07 6.477434e+07 6.573625e+07 6.693469e+07 6.818781e+07 6.942484e+07 7.067702e+07 7.203045e+07 8.294122e+07 1.010176e+08 1.217674e+08 1.422212e+08 1.614075e+08 1.790749e+08 2.094947e+08 2.328444e+08 2.488900e+08 2.582337e+08 2.621334e+08 2.620098e+08
6.355823e+07 6.355823e+07 6.355823e+07 6.355823e+07 6.355822e+07 6.355792e+07 6.355697e+07 6.356008e+07 6.359467e+07 6.369820e+07 6.422376e+07 6.516313e+07 6.633401e+07 6.756047e+07 6.877661e+07 7.001749e+07 7.137229e+07 8.253064e+07 1.011706e+08 1.225672e+08 1.435935e+08 1.632011e+08 1.811148e+08 2.115824e+08 2.346438e+08 2.503115e+08 2.592888e+08 2.628519e+08 2.624225e+08
6.301551e+07 6.301551e+07 6.301551e+07 6.301551e+07 6.301550e+07 6.301522e+07 6.301432e+07 6.301744e+07 6.305127e+07 6.315244e+07 6.366587e+07 6.458353e+07 6.572794e+07 6.692896e+07 6.812550e+07 6.935648e+07 7.071426e+07 8.213206e+07 1.013509e+08 1.234061e+08 1.450093e+08 1.650346e+08 1.831852e+08 2.136712e+08 2.364122e+08 2.516783e+08 2.602794e+08 2.635080e+08 2.627817e+08
6.246637e+07 6.246637e+07 6.246637e+07 6.246637e+07 6.246636e+07 6.246609e+07 6.246521e+07 6.246827e+07 6.250135e+07 6.260023e+07 6.310195e+07 6.399870e+07 6.511767e+07 6.629440e+07 6.747256e+07 6.869498e+07 7.005727e+07 8.174618e+07 1.015589e+08 1.242840e+08 1.464671e+08 1.669051e+08 1.852816e+08 2.157557e+08 2.381457e+08 2.529877e+08 2.612030e+08 2.640994e+08 2.630852e+08
6.191173e+07 6.191173e+07 6.191173e+07 6.191172e+07 6.191171e+07 6.191145e+07 6.191058e+07 6.191359e+07 6.194593e+07 6.204260e+07 6.253303e+07 6.340964e+07 6.450415e+07 6.565767e+07 6.681864e+07 6.803381e+07 6.940211e+07 8.137360e+07 1.017951e+08 1.252005e+08 1.479651e+08 1.688091e+08 1.873992e+08 2.178307e+08 2.398402e+08 2.542369e+08 2.620574e+08 2.646239e+08 2.633307e+08
6.135235e+07 6.135235e+07 6.135235e+07 6.135235e+07 6.135234e+07 6.135209e+07 6.135127e+07 6.135427e+07 6.138592e+07 6.148045e+07 6.195996e+07 6.281714e+07 6.388814e+07 6.501953e+07 6.616446e+07 6.737366e+07 6.874945e+07 8.101488e+07 1.020597e+08 1.261551e+08 1.495013e+08 1.707426e+08 1.895327e+08 2.198901e+08 2.414911e+08 2.554230e+08 2.628406e+08 2.650795e+08 2.635163e+08
6.078938e+07 6.078938e+07 6.078938e+07 6.078938e+07 6.078937e+07 6.078912e+07 6.078828e+07 6.079115e+07 6.082207e+07 6.091451e+07 6.138344e+07 6.222188e+07 6.327032e+07 6.438063e+07 6.551066e+07 6.671517e+07 6.809989e+07 8.067049e+07 1.023531e+08 1.271471e+08 1.510732e+08 1.727016e+08 1.916766e+08 2.219278e+08 2.430939e+08 2.565433e+08 2.635506e+08 2.654644e+08 2.636402e+08
6.022290e+07 6.022290e+07 6.022290e+07 6.022290e+07 6.022289e+07 6.022263e+07 6.022180e+07 6.022454e+07 6.025476e+07 6.034517e+07 6.080394e+07 6.162443e+07 6.265127e+07 6.374159e+07 6.485788e+07 6.605894e+07 6.745404e+07 8.034089e+07 1.026752e+08 1.281756e+08 1.526782e+08 1.746814e+08 1.938247e+08 2.239373e+08 2.446439e+08 2.575949e+08 2.641857e+08 2.657773e+08 2.637010e+08
5.965290e+07 5.965290e+07 5.965290e+07 5.965290e+07 5.965289e+07 5.965264e+07 5.965185e+07 5.965462e+07 5.968426e+07 5.977282e+07 6.022200e+07 6.102538e+07 6.203167e+07 6.310308e+07 6.420676e+07 6.540561e+07 6.681248e+07 8.002651e+07 1.030262e+08 1.292393e+08 1.543131e+08 1.766767e+08 1.959706e+08 2.259118e+08 2.461360e+08 2.585749e+08 2.647442e+08 2.660168e+08 2.636975e+08
5.908058e+07 5.908058e+07 5.908058e+07 5.908057e+07 5.908057e+07 5.908034e+07 5.907960e+07 5.908246e+07 5.911159e+07 5.919842e+07 5.963852e+07 6.042561e+07 6.141231e+07 6.246586e+07 6.355801e+07 6.475582e+07 6.617581e+07 7.972775e+07 1.034060e+08 1.303366e+08 1.559741e+08 1.786819e+08 1.981072e+08 2.278443e+08 2.475653e+08 2.594805e+08 2.652246e+08 2.661818e+08 2.636284e+08
5.850733e+07 5.850733e+07 5.850733e+07 5.850733e+07 5.850733e+07 5.850713e+07 5.850646e+07 5.850944e+07 5.853810e+07 5.862329e+07 5.905470e+07 5.982617e+07 6.079415e+07 6.183075e+07 6.291235e+07 6.411021e+07 6.554459e+07 7.944496e+07 1.038143e+08 1.314658e+08 1.576570e+08 1.806908e+08 2.002272e+08 2.297275e+08 2.489267e+08 2.603089e+08 2.656254e+08 2.662714e+08 2.634930e+08
5.793480e+07 5.793480e+07 5.793480e+07 5.793480e+07 5.793480e+07 5.793460e+07 5.793395e+07 5.793697e+07 5.796514e+07 5.804873e+07 5.847173e+07 5.922813e+07 6.017809e+07 6.119855e+07 6.227048e+07 6.346939e+07 6.491938e+07 7.917846e+07 1.042507e+08 1.326245e+08 1.593572e+08 1.826967e+08 2.023227e+08 2.315540e+08 2.502149e+08 2.610573e+08 2.659455e+08 2.662850e+08 2.632907e+08
5.736372e+07 5.736372e+07 5.736372e+07 5.736372e+07 5.736372e+07 5.736355e+07 5.736297e+07 5.736608e+07 5.739378e+07 5.747580e+07 5.789061e+07 5.863240e+07 5.956495e+07 6.056995e+07 6.163299e+07 6.283388e+07 6.430063e+07 7.892853e+07 1.047147e+08 1.338099e+08 1.610692e+08 1.846920e+08 2.043853e+08 2.333160e+08 2.514247e+08 2.617230e+08 2.661838e+08 2.662221e+08 2.630210e+08
5.679540e+07 5.679540e+07 5.679540e+07 5.679540e+07 5.679539e+07 5.679522e+07 5.679464e+07 5.679771e+07 5.682489e+07 5.690534e+07 5.731211e+07 5.803965e+07 5.895531e+07 5.994548e+07 6.100034e+07 6.220409e+07 6.368871e+07 7.869535e+07 1.052054e+08 1.350186e+08 1.627869e+08 1.866688e+08 2.064062e+08 2.350060e+08 2.525512e+08 2.623033e+08 2.663392e+08 2.660824e+08 2.626836e+08
5.622994e+07 5.622994e+07 5.622994e+07 5.622993e+07 5.622993e+07 5.622976e+07 5.622919e+07 5.623219e+07 5.625884e+07 5.633772e+07 5.673661e+07 5.745028e+07 5.834955e+07 5.932549e+07 6.037288e+07 6.158034e+07 6.308391e+07 7.847906e+07 1.057215e+08 1.362468e+08 1.645036e+08 1.886186e+08 2.083764e+08 2.366161e+08 2.535891e+08 2.627957e+08 2.664108e+08 2.658657e+08 2.622786e+08
5.566732e+07 5.566732e+07 5.566732e+07 5.566732e+07 5.566732e+07 5.566714e+07 5.566657e+07 5.566948e+07 5.569562e+07 5.577299e+07 5.616425e+07 5.686447e+07 5.774790e+07 5.871022e+07 5.975081e+07 6.096284e+07 6.248646e+07 7.827969e+07 1.062617e+08 1.374899e+08 1.662116e+08 1.905321e+08 2.102862e+08 2.381386e+08 2.545335e+08 2.631978e+08 2.663981e+08 2.655721e+08 2.618060e+08
5.510733e+07 5.510733e+07 5.510733e+07 5.510733e+07 5.510732e+07 5.510716e+07 5.510664e+07 5.510960e+07 5.513528e+07 5.521123e+07 5.559516e+07 5.628238e+07 5.715052e+07 5.809982e+07 5.913432e+07 6.035177e+07 6.189652e+07 7.809717e+07 1.068238e+08 1.387423e+08 1.679027e+08 1.923995e+08 2.121257e+08 2.395656e+08 2.553797e+08 2.635075e+08 2.663004e+08 2.652018e+08 2.612663e+08
5.455079e+07 5.455079e+07 5.455079e+07 5.455079e+07 5.455078e+07 5.455062e+07 5.455010e+07 5.455300e+07 5.457823e+07 5.465279e+07 5.502961e+07 5.570424e+07 5.655761e+07 5.749446e+07 5.852356e+07 5.974726e+07 6.131423e+07 7.793129e+07 1.074055e+08 1.399980e+08 1.695677e+08 1.942104e+08 2.138849e+08 2.408896e+08 2.561232e+08 2.637228e+08 2.661174e+08 2.647552e+08 2.606599e+08
5.399763e+07 5.399763e+07 5.399763e+07 5.399762e+07 5.399762e+07 5.399748e+07 5.399700e+07 5.399997e+07 5.402479e+07 5.409801e+07 5.446792e+07 5.513030e+07 5.596936e+07 5.689432e+07 5.791866e+07 5.914945e+07 6.073971e+07 7.778168e+07 1.080035e+08 1.412498e+08 1.711967e+08 1.959540e+08 2.155534e+08 2.421033e+08 2.567597e+08 2.638417e+08 2.658489e+08 2.642329e+08 2.599874e+08
5.344873e+07 5.344873e+07 5.344873e+07 5.344873e+07 5.344872e+07 5.344858e+07 5.344810e+07 5.345099e+07 5.347535e+07 5.354723e+07 5.391034e+07 5.456078e+07 5.538594e+07 5.629954e+07 5.731976e+07 5.855845e+07 6.017308e+07 7.764779e+07 1.086141e+08 1.424895e+08 1.727789e+08 1.976189e+08 2.171208e+08 2.431994e+08 2.572852e+08 2.638627e+08 2.654948e+08 2.636355e+08 2.592497e+08
5.290389e+07 5.290389e+07 5.290389e+07 5.290389e+07 5.290389e+07 5.290374e+07 5.290326e+07 5.290605e+07 5.292993e+07 5.300047e+07 5.335692e+07 5.399573e+07 5.480745e+07 5.571021e+07 5.672696e+07 5.797438e+07 5.961444e+07 7.752879e+07 1.092326e+08 1.437082e+08 1.743027e+08 1.991936e+08 2.185766e+08 2.441712e+08 2.576961e+08 2.637845e+08 2.650553e+08 2.629639e+08 2.584477e+08
5.236270e+07 5.236270e+07 5.236270e+07 5.236270e+07 5.236270e+07 5.236255e+07 5.236206e+07 5.236476e+07 5.238821e+07 5.245748e+07 5.280754e+07 5.343514e+07 5.423392e+07 5.512642e+07 5.614036e+07 5.739733e+07 5.906386e+07 7.742356e+07 1.098536e+08 1.448956e+08 1.757560e+08 2.006661e+08 2.199106e+08 2.450125e+08 2.579892e+08 2.636062e+08 2.645307e+08 2.622190e+08 2.575826e+08
5.182476e+07 5.182476e+07 5.182476e+07 5.182476e+07 5.182476e+07 5.182463e+07 5.182422e+07 5.182705e+07 5.185018e+07 5.191830e+07 5.226232e+07 5.287915e+07 5.366551e+07 5.454830e+07 5.556009e+07 5.682742e+07 5.852143e+07 7.733051e+07 1.104703e+08 1.460405e+08 1.771259e+08 2.020245e+08 2.211129e+08 2.457172e+08 2.581618e+08 2.633270e+08 2.639216e+08 2.614021e+08 2.566555e+08
5.129144e+07 5.129144e+07 5.129144e+07 5.129144e+07 5.129144e+07 5.129132e+07 5.129092e+07 5.129379e+07 5.131657e+07 5.138358e+07 5.172171e+07 5.232812e+07 5.310248e+07 5.397608e+07 5.498631e+07 5.626478e+07 5.798722e+07 7.724752e+07 1.110749e+08 1.471306e+08 1.783990e+08 2.032567e+08 2.221737e+08 2.462804e+08 2.582117e+08 2.629465e+08 2.632286e+08 2.605143e+08 2.556678e+08
5.076321e+07 5.076321e+07 5.076321e+07 5.076321e+07 5.076321e+07 5.076308e+07 5.076270e+07 5.076555e+07 5.078797e+07 5.085384e+07 5.118618e+07 5.178239e+07 5.254512e+07 5.340996e+07 5.441921e+07 5.570952e+07 5.746123e+07 7.717173e+07 1.116582e+08 1.481523e+08 1.795617e+08 2.043512e+08 2.230840e+08 2.466974e+08 2.581372e+08 2.624646e+08 2.624529e+08 2.595572e+08 2.546211e+08
5.024012e+07 5.024012e+07 5.024012e+07 5.024012e+07 5.024012e+07 5.024000e+07 5.023963e+07 5.024247e+07 5.026452e+07 5.032928e+07 5.065594e+07 5.124219e+07 5.199361e+07 5.285012e+07 5.385891e+07 5.516170e+07 5.694337e+07 7.709935e+07 1.122095e+08 1.490915e+08 1.806003e+08 2.052966e+08 2.238356e+08 2.469645e+08 2.579370e+08 2.618818e+08 2.615955e+08 2.585323e+08 2.535168e+08
4.972233e+07 4.972233e+07 4.972233e+07 4.972233e+07 4.972232e+07 4.972221e+07 4.972184e+07 4.972463e+07 4.974631e+07 4.980997e+07 5.013109e+07 5.070763e+07 5.144808e+07 5.229666e+07 5.330548e+07 5.462130e+07 5.643344e+07 7.702553e+07 1.127167e+08 1.499332e+08 1.815010e+08 2.060825e+08 2.244210e+08 2.470788e+08 2.576107e+08 2.611986e+08 2.606577e+08 2.574412e+08 2.523567e+08
4.920965e+07 4.920965e+07 4.920965e+07 4.920965e+07 4.920965e+07 4.920954e+07 4.920920e+07 4.921201e+07 4.923336e+07 4.929596e+07 4.961168e+07 5.017877e+07 5.090858e+07 5.174963e+07 5.275893e+07 5.408823e+07 5.593102e+07 7.694419e+07 1.131664e+08 1.506621e+08 1.822510e+08 2.066994e+08 2.248340e+08 2.470382e+08 2.571582e+08 2.604161e+08 2.596412e+08 2.562858e+08 2.511424e+08
4.870248e+07 4.870248e+07 4.870248e+07 4.870248e+07 4.870248e+07 4.870237e+07 4.870203e+07 4.870478e+07 4.872577e+07 4.878734e+07 4.909778e+07 4.965567e+07 5.037517e+07 5.120908e+07 5.221924e+07 5.356224e+07 5.543546e+07 7.684803e+07 1.135443e+08 1.512632e+08 1.828382e+08 2.071390e+08 2.250695e+08 2.468417e+08 2.565802e+08 2.595357e+08 2.585478e+08 2.550681e+08 2.498760e+08
4.820051e+07 4.820051e+07 4.820051e+07 4.820051e+07 4.820050e+07 4.820041e+07 4.820009e+07 4.820286e+07 4.822353e+07 4.828409e+07 4.858943e+07 4.913837e+07 4.984789e+07 5.067501e+07 5.168632e+07 5.304296e+07 5.494580e+07 7.672861e+07 1.138358e+08 1.517221e+08 1.832519e+08 2.073947e+08 2.251239e+08 2.464892e+08 2.558780e+08 2.585592e+08 2.573793e+08 2.537899e+08 2.485592e+08
