9.695364e+07 8.948416e+07 8.515274e+07 7.097538e+07 6.418106e+07 4.763706e+07 4.218046e+07 3.901287e+07 3.871848e+07 3.881647e+07 3.968776e+07 4.105825e+07 4.272719e+07 4.466623e+07 4.693845e+07 4.964464e+07 5.288511e+07 7.826692e+07 1.130930e+08 1.465760e+08 1.742617e+08 1.959566e+08 2.125299e+08 2.338507e+08 2.438427e+08 2.459652e+08 2.422682e+08 2.341709e+08 2.229049e+08
4.725233e+07 4.725263e+07 4.725313e+07 4.722724e+07 4.699164e+07 4.375614e+07 4.077202e+07 3.866520e+07 3.854507e+07 3.874988e+07 3.974076e+07 4.117209e+07 4.287439e+07 4.483213e+07 4.711469e+07 4.982631e+07 5.306934e+07 7.844919e+07 1.132690e+08 1.467437e+08 1.744177e+08 1.960980e+08 2.126547e+08 2.339406e+08 2.439005e+08 2.459960e+08 2.422775e+08 2.341639e+08 2.228859e+08
4.144655e+07 4.144665e+07 4.144692e+07 4.144947e+07 4.143653e+07 4.082958e+07 3.927220e+07 3.826345e+07 3.835676e+07 3.868702e+07 3.981074e+07 4.130524e+07 4.304011e+07 4.501487e+07 4.730595e+07 5.002130e+07 5.326535e+07 7.863816e+07 1.134492e+08 1.469143e+08 1.745760e+08 1.962409e+08 2.127805e+08 2.340310e+08 2.439584e+08 2.460267e+08 2.422866e+08 2.341565e+08 2.228665e+08
3.889972e+07 3.889978e+07 3.889996e+07 3.890350e+07 3.890781e+07 3.855028e+07 3.852302e+07 3.787760e+07 3.817523e+07 3.863686e+07 3.990043e+07 4.145893e+07 4.322498e+07 4.521481e+07 4.751242e+07 5.022969e+07 5.347316e+07 7.883371e+07 1.136336e+08 1.470878e+08 1.747363e+08 1.963855e+08 2.129075e+08 2.341219e+08 2.440164e+08 2.460573e+08 2.422953e+08 2.341487e+08 2.228469e+08
3.763344e+07 3.763349e+07 3.763361e+07 3.763671e+07 3.764333e+07 3.750451e+07 3.772828e+07 3.772255e+07 3.805910e+07 3.861958e+07 4.001349e+07 4.163412e+07 4.342933e+07 4.543203e+07 4.773411e+07 5.045142e+07 5.369269e+07 7.903570e+07 1.138220e+08 1.472643e+08 1.748988e+08 1.965315e+08 2.130356e+08 2.342133e+08 2.440745e+08 2.460876e+08 2.423039e+08 2.341407e+08 2.228268e+08
3.704535e+07 3.704539e+07 3.704549e+07 3.704815e+07 3.705469e+07 3.705292e+07 3.716567e+07 3.788463e+07 3.814894e+07 3.868236e+07 4.015775e+07 4.183242e+07 4.365342e+07 4.566647e+07 4.797083e+07 5.068630e+07 5.392372e+07 7.924393e+07 1.140144e+08 1.474435e+08 1.750633e+08 1.966791e+08 2.131647e+08 2.343051e+08 2.441326e+08 2.461178e+08 2.423121e+08 2.341323e+08 2.228064e+08
3.687241e+07 3.687243e+07 3.687251e+07 3.687477e+07 3.688077e+07 3.694213e+07 3.699792e+07 3.812068e+07 3.846715e+07 3.892207e+07 4.034957e+07 4.205734e+07 4.389790e+07 4.591806e+07 4.822233e+07 5.093401e+07 5.416595e+07 7.945817e+07 1.142105e+08 1.476253e+08 1.752297e+08 1.968281e+08 2.132949e+08 2.343972e+08 2.441908e+08 2.461479e+08 2.423200e+08 2.341235e+08 2.227857e+08
3.697595e+07 3.697597e+07 3.697604e+07 3.697799e+07 3.698338e+07 3.706982e+07 3.713674e+07 3.834463e+07 3.886458e+07 3.933432e+07 4.061963e+07 4.231597e+07 4.416449e+07 4.618701e+07 4.848840e+07 5.119423e+07 5.441902e+07 7.967816e+07 1.144102e+08 1.478097e+08 1.753981e+08 1.969785e+08 2.134260e+08 2.344898e+08 2.442489e+08 2.461777e+08 2.423276e+08 2.341145e+08 2.227646e+08
3.727310e+07 3.727312e+07 3.727318e+07 3.727491e+07 3.727975e+07 3.737420e+07 3.747537e+07 3.858550e+07 3.926704e+07 3.982099e+07 4.101955e+07 4.262082e+07 4.445667e+07 4.647417e+07 4.876903e+07 5.146668e+07 5.468256e+07 7.990358e+07 1.146133e+08 1.479965e+08 1.755682e+08 1.971302e+08 2.135580e+08 2.345828e+08 2.443071e+08 2.462074e+08 2.423349e+08 2.341050e+08 2.227431e+08
3.771092e+07 3.771094e+07 3.771099e+07 3.771252e+07 3.771689e+07 3.781185e+07 3.794518e+07 3.889525e+07 3.966425e+07 4.032479e+07 4.152781e+07 4.299347e+07 4.478046e+07 4.678138e+07 4.906461e+07 5.175121e+07 5.495626e+07 8.013413e+07 1.148196e+08 1.481857e+08 1.757401e+08 1.972831e+08 2.136910e+08 2.346760e+08 2.443653e+08 2.462368e+08 2.423420e+08 2.340952e+08 2.227213e+08
3.825400e+07 3.825402e+07 3.825406e+07 3.825542e+07 3.825936e+07 3.835138e+07 3.850699e+07 3.930208e+07 4.007852e+07 4.082382e+07 4.209532e+07 4.346318e+07 4.514559e+07 4.711185e+07 4.937614e+07 5.204799e+07 5.523993e+07 8.036947e+07 1.150289e+08 1.483770e+08 1.759137e+08 1.974373e+08 2.138248e+08 2.347696e+08 2.444235e+08 2.462660e+08 2.423486e+08 2.340850e+08 2.226991e+08
4.185437e+07 4.185438e+07 4.185441e+07 4.185525e+07 4.185776e+07 4.192523e+07 4.208768e+07 4.252986e+07 4.294343e+07 4.355488e+07 4.504703e+07 4.645617e+07 4.780833e+07 4.935191e+07 5.128631e+07 5.375646e+07 5.681941e+07 8.160666e+07 1.161118e+08 1.493610e+08 1.768027e+08 1.982243e+08 2.145051e+08 2.352415e+08 2.447134e+08 2.464085e+08 2.423770e+08 2.340285e+08 2.225823e+08
4.601371e+07 4.601372e+07 4.601373e+07 4.601430e+07 4.601600e+07 4.606357e+07 4.618846e+07 4.654508e+07 4.677185e+07 4.709242e+07 4.811862e+07 4.946674e+07 5.086005e+07 5.229933e+07 5.397726e+07 5.610541e+07 5.884227e+07 8.292780e+07 1.172361e+08 1.503772e+08 1.777182e+08 1.990315e+08 2.151995e+08 2.357171e+08 2.450001e+08 2.465438e+08 2.423961e+08 2.339620e+08 2.224555e+08
5.015618e+07 5.015618e+07 5.015620e+07 5.015660e+07 5.015781e+07 5.019250e+07 5.028677e+07 5.057815e+07 5.074867e+07 5.094564e+07 5.154058e+07 5.249752e+07 5.372944e+07 5.514055e+07 5.677439e+07 5.878057e+07 6.132501e+07 8.436164e+07 1.183855e+08 1.514090e+08 1.786476e+08 1.998501e+08 2.159014e+08 2.361927e+08 2.452815e+08 2.466704e+08 2.424050e+08 2.338848e+08 2.223183e+08
5.408642e+07 5.408642e+07 5.408643e+07 5.408673e+07 5.408763e+07 5.411371e+07 5.418587e+07 5.441941e+07 5.455893e+07 5.470557e+07 5.506537e+07 5.564534e+07 5.653812e+07 5.775415e+07 5.931067e+07 6.127941e+07 6.376902e+07 8.605790e+07 1.195718e+08 1.524482e+08 1.795810e+08 2.006715e+08 2.166045e+08 2.366646e+08 2.455550e+08 2.467868e+08 2.424025e+08 2.337962e+08 2.221701e+08
5.774144e+07 5.774144e+07 5.774145e+07 5.774167e+07 5.774236e+07 5.776227e+07 5.781789e+07 5.800075e+07 5.810962e+07 5.821867e+07 5.843883e+07 5.875000e+07 5.930475e+07 6.022440e+07 6.158893e+07 6.346532e+07 6.592169e+07 8.796171e+07 1.208560e+08 1.535020e+08 1.805139e+08 2.014895e+08 2.173028e+08 2.371289e+08 2.458183e+08 2.468913e+08 2.423876e+08 2.336953e+08 2.220104e+08
6.109520e+07 6.109520e+07 6.109521e+07 6.109538e+07 6.109591e+07 6.111130e+07 6.115323e+07 6.127092e+07 6.133162e+07 6.138755e+07 6.148165e+07 6.160414e+07 6.189805e+07 6.253547e+07 6.366056e+07 6.537700e+07 6.775441e+07 8.981929e+07 1.223695e+08 1.546011e+08 1.814510e+08 2.023016e+08 2.179922e+08 2.375820e+08 2.460690e+08 2.469824e+08 2.423592e+08 2.335814e+08 2.218386e+08
6.402838e+07 6.402838e+07 6.402838e+07 6.402842e+07 6.402850e+07 6.402592e+07 6.401832e+07 6.401585e+07 6.402007e+07 6.402420e+07 6.402377e+07 6.403531e+07 6.416961e+07 6.460440e+07 6.552097e+07 6.706300e+07 6.932439e+07 9.147763e+07 1.240338e+08 1.558126e+08 1.824095e+08 2.031107e+08 2.186713e+08 2.380212e+08 2.463048e+08 2.470584e+08 2.423162e+08 2.334537e+08 2.216542e+08
6.594587e+07 6.594587e+07 6.594587e+07 6.594594e+07 6.594613e+07 6.595141e+07 6.596484e+07 6.599459e+07 6.600408e+07 6.600800e+07 6.599700e+07 6.598039e+07 6.604964e+07 6.637355e+07 6.714826e+07 6.854606e+07 7.068836e+07 9.287808e+07 1.256937e+08 1.572353e+08 1.834236e+08 2.039273e+08 2.193421e+08 2.384445e+08 2.465238e+08 2.471180e+08 2.422575e+08 2.333116e+08 2.214567e+08
6.746519e+07 6.746519e+07 6.746519e+07 6.746521e+07 6.746526e+07 6.746731e+07 6.747387e+07 6.749608e+07 6.750726e+07 6.751539e+07 6.751650e+07 6.750881e+07 6.756739e+07 6.784640e+07 6.854184e+07 6.984038e+07 7.188416e+07 9.403350e+07 1.272462e+08 1.587809e+08 1.845574e+08 2.047710e+08 2.200110e+08 2.388513e+08 2.467245e+08 2.471598e+08 2.421822e+08 2.331543e+08 2.212455e+08
6.864263e+07 6.864263e+07 6.864263e+07 6.864267e+07 6.864281e+07 6.864657e+07 6.865638e+07 6.868428e+07 6.869842e+07 6.871040e+07 6.872298e+07 6.872981e+07 6.879666e+07 6.906479e+07 6.972321e+07 7.096227e+07 7.293572e+07 9.499196e+07 1.286320e+08 1.603474e+08 1.858709e+08 2.056742e+08 2.206903e+08 2.392426e+08 2.469059e+08 2.471827e+08 2.420894e+08 2.329810e+08 2.210202e+08
6.963504e+07 6.963504e+07 6.963504e+07 6.963508e+07 6.963520e+07 6.963836e+07 6.964667e+07 6.967175e+07 6.968557e+07 6.969821e+07 6.971534e+07 6.973079e+07 6.980669e+07 7.007619e+07 7.072076e+07 7.192867e+07 7.385810e+07 9.580698e+07 1.298314e+08 1.618611e+08 1.872832e+08 2.066944e+08 2.213989e+08 2.396213e+08 2.470678e+08 2.471859e+08 2.419782e+08 2.327913e+08 2.207802e+08
7.048109e+07 7.048109e+07 7.048109e+07 7.048113e+07 7.048123e+07 7.048405e+07 7.049147e+07 7.051376e+07 7.052586e+07 7.053666e+07 7.055071e+07 7.056573e+07 7.064442e+07 7.091663e+07 7.155818e+07 7.275337e+07 7.466020e+07 9.652203e+07 1.308552e+08 1.632709e+08 1.887246e+08 2.078582e+08 2.221659e+08 2.399927e+08 2.472107e+08 2.471688e+08 2.418480e+08 2.325845e+08 2.205252e+08
7.121318e+07 7.121318e+07 7.121318e+07 7.121321e+07 7.121330e+07 7.121576e+07 7.122215e+07 7.123873e+07 7.124572e+07 7.125046e+07 7.125211e+07 7.125795e+07 7.133312e+07 7.160669e+07 7.225088e+07 7.344585e+07 7.534721e+07 9.716678e+07 1.317315e+08 1.645483e+08 1.901416e+08 2.090996e+08 2.230407e+08 2.403647e+08 2.473361e+08 2.471313e+08 2.416984e+08 2.323601e+08 2.202547e+08
7.184637e+07 7.184637e+07 7.184637e+07 7.184636e+07 7.184632e+07 7.184496e+07 7.184217e+07 7.183584e+07 7.183179e+07 7.182653e+07 7.181199e+07 7.180760e+07 7.187941e+07 7.215642e+07 7.280887e+07 7.401377e+07 7.592380e+07 9.775932e+07 1.324947e+08 1.656848e+08 1.914937e+08 2.103692e+08 2.240257e+08 2.407484e+08 2.474466e+08 2.470738e+08 2.415291e+08 2.321178e+08 2.199685e+08
7.223818e+07 7.223818e+07 7.223818e+07 7.223819e+07 7.223822e+07 7.223902e+07 7.224022e+07 7.223918e+07 7.223608e+07 7.223108e+07 7.221641e+07 7.221308e+07 7.228946e+07 7.257617e+07 7.324359e+07 7.446720e+07 7.639743e+07 9.831009e+07 1.331778e+08 1.666873e+08 1.927531e+08 2.116276e+08 2.250702e+08 2.411590e+08 2.475460e+08 2.469971e+08 2.413400e+08 2.318574e+08 2.196662e+08
7.248724e+07 7.248724e+07 7.248724e+07 7.248726e+07 7.248729e+07 7.248826e+07 7.249048e+07 7.249530e+07 7.249641e+07 7.249587e+07 7.249013e+07 7.249603e+07 7.258349e+07 7.288517e+07 7.357266e+07 7.482125e+07 7.677996e+07 9.882545e+07 1.338085e+08 1.675730e+08 1.939046e+08 2.128434e+08 2.261380e+08 2.416193e+08 2.476394e+08 2.469026e+08 2.411314e+08 2.315786e+08 2.193476e+08
7.266231e+07 7.266231e+07 7.266231e+07 7.266232e+07 7.266236e+07 7.266336e+07 7.266575e+07 7.267190e+07 7.267456e+07 7.267629e+07 7.267707e+07 7.269187e+07 7.279114e+07 7.310894e+07 7.381819e+07 7.509463e+07 7.708652e+07 9.930993e+07 1.344079e+08 1.683640e+08 1.949439e+08 2.139927e+08 2.271999e+08 2.421604e+08 2.477337e+08 2.467924e+08 2.409038e+08 2.312816e+08 2.190127e+08
7.278746e+07 7.278746e+07 7.278746e+07 7.278748e+07 7.278751e+07 7.278841e+07 7.279074e+07 7.279735e+07 7.280075e+07 7.280369e+07 7.280856e+07 7.282998e+07 7.293919e+07 7.327162e+07 7.400175e+07 7.530617e+07 7.733293e+07 9.976735e+07 1.349910e+08 1.690832e+08 1.958753e+08 2.150595e+08 2.282313e+08 2.427611e+08 2.478376e+08 2.466691e+08 2.406580e+08 2.309665e+08 2.186613e+08
7.287741e+07 7.287741e+07 7.287741e+07 7.287743e+07 7.287746e+07 7.287841e+07 7.288088e+07 7.288828e+07 7.289240e+07 7.289634e+07 7.290418e+07 7.293040e+07 7.304732e+07 7.339210e+07 7.414105e+07 7.547206e+07 7.753347e+07 1.002013e+08 1.355677e+08 1.697519e+08 1.967093e+08 2.160347e+08 2.292126e+08 2.433939e+08 2.479628e+08 2.465363e+08 2.403952e+08 2.306336e+08 2.182936e+08
7.294716e+07 7.294716e+07 7.294716e+07 7.294717e+07 7.294721e+07 7.294819e+07 7.295077e+07 7.295877e+07 7.296335e+07 7.296785e+07 7.297733e+07 7.300647e+07 7.312892e+07 7.348372e+07 7.424921e+07 7.560492e+07 7.769983e+07 1.006152e+08 1.361440e+08 1.703879e+08 1.974597e+08 2.169159e+08 2.301291e+08 2.440383e+08 2.481283e+08 2.463981e+08 2.401171e+08 2.302835e+08 2.179097e+08
7.300780e+07 7.300780e+07 7.300780e+07 7.300781e+07 7.300784e+07 7.300884e+07 7.301139e+07 7.301866e+07 7.302271e+07 7.302672e+07 7.303579e+07 7.306595e+07 7.319208e+07 7.355501e+07 7.433517e+07 7.571384e+07 7.784094e+07 1.010122e+08 1.367229e+08 1.710052e+08 1.981416e+08 2.177057e+08 2.309709e+08 2.446770e+08 2.483447e+08 2.462601e+08 2.398254e+08 2.299170e+08 2.175098e+08
7.305986e+07 7.305986e+07 7.305986e+07 7.305987e+07 7.305989e+07 7.306045e+07 7.306192e+07 7.306666e+07 7.306963e+07 7.307279e+07 7.308097e+07 7.311171e+07 7.324087e+07 7.361105e+07 7.440478e+07 7.580522e+07 7.796341e+07 1.013950e+08 1.373057e+08 1.716143e+08 1.987701e+08 2.184104e+08 2.317322e+08 2.452951e+08 2.485913e+08 2.461291e+08 2.395227e+08 2.295350e+08 2.170943e+08
7.308801e+07 7.308801e+07 7.308801e+07 7.308802e+07 7.308805e+07 7.308881e+07 7.309076e+07 7.309671e+07 7.310023e+07 7.310390e+07 7.311315e+07 7.314554e+07 7.327815e+07 7.365548e+07 7.446230e+07 7.588377e+07 7.807223e+07 1.017659e+08 1.378922e+08 1.722220e+08 1.993584e+08 2.190386e+08 2.324115e+08 2.458796e+08 2.488525e+08 2.460143e+08 2.392117e+08 2.291387e+08 2.166638e+08
7.310870e+07 7.310870e+07 7.310870e+07 7.310871e+07 7.310874e+07 7.310948e+07 7.311150e+07 7.311811e+07 7.312218e+07 7.312649e+07 7.313718e+07 7.317149e+07 7.330758e+07 7.369186e+07 7.451136e+07 7.595327e+07 7.817129e+07 1.021270e+08 1.384814e+08 1.728327e+08 1.999178e+08 2.196004e+08 2.330102e+08 2.464199e+08 2.491161e+08 2.459304e+08 2.388961e+08 2.287295e+08 2.162189e+08
7.312951e+07 7.312951e+07 7.312951e+07 7.312951e+07 7.312954e+07 7.313027e+07 7.313231e+07 7.313898e+07 7.314310e+07 7.314749e+07 7.315856e+07 7.319391e+07 7.333278e+07 7.372340e+07 7.455497e+07 7.601670e+07 7.826361e+07 1.024797e+08 1.390719e+08 1.734481e+08 2.004576e+08 2.201057e+08 2.335322e+08 2.469075e+08 2.493713e+08 2.458741e+08 2.385799e+08 2.283092e+08 2.157603e+08
7.315390e+07 7.315390e+07 7.315390e+07 7.315391e+07 7.315393e+07 7.315451e+07 7.315615e+07 7.316162e+07 7.316513e+07 7.316898e+07 7.317932e+07 7.321482e+07 7.335573e+07 7.375207e+07 7.459517e+07 7.607614e+07 7.835130e+07 1.028252e+08 1.396619e+08 1.740688e+08 2.009844e+08 2.205642e+08 2.339830e+08 2.473360e+08 2.496086e+08 2.458316e+08 2.382687e+08 2.278797e+08 2.152890e+08
7.317467e+07 7.317467e+07 7.317467e+07 7.317467e+07 7.317469e+07 7.317529e+07 7.317685e+07 7.318186e+07 7.318504e+07 7.318856e+07 7.319842e+07 7.323410e+07 7.337694e+07 7.377877e+07 7.463308e+07 7.613289e+07 7.843581e+07 1.031642e+08 1.402495e+08 1.746935e+08 2.015030e+08 2.209845e+08 2.343691e+08 2.477009e+08 2.498196e+08 2.457937e+08 2.379702e+08 2.274434e+08 2.148061e+08
7.319137e+07 7.319137e+07 7.319137e+07 7.319138e+07 7.319140e+07 7.319195e+07 7.319345e+07 7.319849e+07 7.320175e+07 7.320535e+07 7.321543e+07 7.325175e+07 7.339673e+07 7.380408e+07 7.466946e+07 7.618784e+07 7.851806e+07 1.034972e+08 1.408329e+08 1.753206e+08 2.020162e+08 2.213738e+08 2.346974e+08 2.479999e+08 2.499970e+08 2.457525e+08 2.376931e+08 2.270031e+08 2.143128e+08
7.320670e+07 7.320670e+07 7.320671e+07 7.320671e+07 7.320673e+07 7.320731e+07 7.320889e+07 7.321418e+07 7.321759e+07 7.322135e+07 7.323181e+07 7.326886e+07 7.341600e+07 7.382876e+07 7.470500e+07 7.624162e+07 7.859871e+07 1.038244e+08 1.414101e+08 1.759476e+08 2.025253e+08 2.217379e+08 2.349747e+08 2.482319e+08 2.501346e+08 2.457012e+08 2.374290e+08 2.265621e+08 2.138105e+08
7.322450e+07 7.322450e+07 7.322450e+07 7.322451e+07 7.322453e+07 7.322508e+07 7.322662e+07 7.323179e+07 7.323514e+07 7.323886e+07 7.324929e+07 7.328671e+07 7.343565e+07 7.385349e+07 7.474024e+07 7.629468e+07 7.867810e+07 1.041457e+08 1.419791e+08 1.765716e+08 2.030305e+08 2.220815e+08 2.352071e+08 2.483976e+08 2.502274e+08 2.456335e+08 2.371699e+08 2.261248e+08 2.133009e+08
7.324544e+07 7.324544e+07 7.324544e+07 7.324545e+07 7.324546e+07 7.324595e+07 7.324731e+07 7.325195e+07 7.325500e+07 7.325842e+07 7.326833e+07 7.330566e+07 7.345596e+07 7.387844e+07 7.477526e+07 7.634704e+07 7.875622e+07 1.044606e+08 1.425382e+08 1.771898e+08 2.035307e+08 2.224075e+08 2.354005e+08 2.484985e+08 2.502711e+08 2.455440e+08 2.369100e+08 2.256980e+08 2.127859e+08
7.326699e+07 7.326699e+07 7.326699e+07 7.326700e+07 7.326701e+07 7.326746e+07 7.326871e+07 7.327296e+07 7.327572e+07 7.327882e+07 7.328804e+07 7.332501e+07 7.347636e+07 7.390315e+07 7.480964e+07 7.639830e+07 7.883269e+07 1.047686e+08 1.430854e+08 1.777989e+08 2.040243e+08 2.227181e+08 2.355595e+08 2.485370e+08 2.502630e+08 2.454278e+08 2.366441e+08 2.252837e+08 2.122676e+08
7.328797e+07 7.328797e+07 7.328797e+07 7.328797e+07 7.328799e+07 7.328840e+07 7.328955e+07 7.329337e+07 7.329582e+07 7.329856e+07 7.330703e+07 7.334353e+07 7.349580e+07 7.392669e+07 7.484259e+07 7.644777e+07 7.890685e+07 1.050689e+08 1.436189e+08 1.783958e+08 2.045090e+08 2.230140e+08 2.356882e+08 2.485164e+08 2.502009e+08 2.452806e+08 2.363678e+08 2.248748e+08 2.117489e+08
7.330705e+07 7.330705e+07 7.330705e+07 7.330706e+07 7.330707e+07 7.330741e+07 7.330835e+07 7.331155e+07 7.331366e+07 7.331604e+07 7.332379e+07 7.335990e+07 7.351310e+07 7.394804e+07 7.487319e+07 7.649459e+07 7.897790e+07 1.053605e+08 1.441368e+08 1.789775e+08 2.049823e+08 2.232953e+08 2.357895e+08 2.484399e+08 2.500837e+08 2.450987e+08 2.360771e+08 2.244663e+08 2.112333e+08
7.332117e+07 7.332117e+07 7.332117e+07 7.332118e+07 7.332119e+07 7.332153e+07 7.332247e+07 7.332557e+07 7.332755e+07 7.332977e+07 7.333712e+07 7.337304e+07 7.352730e+07 7.396631e+07 7.490060e+07 7.653793e+07 7.904501e+07 1.056423e+08 1.446373e+08 1.795409e+08 2.054412e+08 2.235615e+08 2.358657e+08 2.483111e+08 2.499112e+08 2.448791e+08 2.357683e+08 2.240545e+08 2.107262e+08
7.333143e+07 7.333143e+07 7.333143e+07 7.333144e+07 7.333145e+07 7.333177e+07 7.333267e+07 7.333563e+07 7.333751e+07 7.333959e+07 7.334662e+07 7.338243e+07 7.353778e+07 7.398082e+07 7.492410e+07 7.657706e+07 7.910738e+07 1.059133e+08 1.451185e+08 1.800832e+08 2.058828e+08 2.238112e+08 2.359183e+08 2.481337e+08 2.496836e+08 2.446192e+08 2.354381e+08 2.236361e+08 2.102252e+08
7.333835e+07 7.333835e+07 7.333835e+07 7.333835e+07 7.333836e+07 7.333865e+07 7.333945e+07 7.334208e+07 7.334375e+07 7.334561e+07 7.335216e+07 7.338776e+07 7.354411e+07 7.399106e+07 7.494309e+07 7.661130e+07 7.916427e+07 1.061723e+08 1.455788e+08 1.806015e+08 2.063041e+08 2.240428e+08 2.359481e+08 2.479110e+08 2.494020e+08 2.443172e+08 2.350837e+08 2.232081e+08 2.097258e+08
7.334094e+07 7.334094e+07 7.334094e+07 7.334095e+07 7.334096e+07 7.334121e+07 7.334190e+07 7.334415e+07 7.334558e+07 7.334716e+07 7.335316e+07 7.338847e+07 7.354575e+07 7.399647e+07 7.495699e+07 7.664000e+07 7.921496e+07 1.064180e+08 1.460162e+08 1.810932e+08 2.067020e+08 2.242544e+08 2.359553e+08 2.476464e+08 2.490678e+08 2.439717e+08 2.347024e+08 2.227678e+08 2.092247e+08
7.333785e+07 7.333785e+07 7.333785e+07 7.333786e+07 7.333786e+07 7.333809e+07 7.333869e+07 7.334066e+07 7.334191e+07 7.334328e+07 7.334883e+07 7.338393e+07 7.354212e+07 7.399648e+07 7.496520e+07 7.666251e+07 7.925870e+07 1.066492e+08 1.464290e+08 1.815558e+08 2.070736e+08 2.244439e+08 2.359397e+08 2.473426e+08 2.486828e+08 2.435819e+08 2.342922e+08 2.223128e+08 2.087196e+08
7.332847e+07 7.332847e+07 7.332847e+07 7.332847e+07 7.332848e+07 7.332870e+07 7.332927e+07 7.333110e+07 7.333223e+07 7.333347e+07 7.333870e+07 7.337364e+07 7.353273e+07 7.399055e+07 7.496713e+07 7.667815e+07 7.929472e+07 1.068646e+08 1.468156e+08 1.819869e+08 2.074161e+08 2.246089e+08 2.359007e+08 2.470024e+08 2.482490e+08 2.431475e+08 2.338511e+08 2.218409e+08 2.082081e+08
7.331320e+07 7.331320e+07 7.331320e+07 7.331321e+07 7.331321e+07 7.331341e+07 7.331392e+07 7.331558e+07 7.331660e+07 7.331771e+07 7.332260e+07 7.335733e+07 7.351715e+07 7.397817e+07 7.496213e+07 7.668617e+07 7.932219e+07 1.070629e+08 1.471742e+08 1.823843e+08 2.077268e+08 2.247473e+08 2.358373e+08 2.466280e+08 2.477688e+08 2.426685e+08 2.333778e+08 2.213502e+08 2.076885e+08
7.329189e+07 7.329189e+07 7.329189e+07 7.329190e+07 7.329190e+07 7.329210e+07 7.329261e+07 7.329417e+07 7.329507e+07 7.329600e+07 7.330036e+07 7.333460e+07 7.349482e+07 7.395860e+07 7.494937e+07 7.668565e+07 7.934008e+07 1.072427e+08 1.475033e+08 1.827461e+08 2.080033e+08 2.248568e+08 2.357486e+08 2.462214e+08 2.472444e+08 2.421454e+08 2.328710e+08 2.208390e+08 2.071588e+08
7.326536e+07 7.326536e+07 7.326536e+07 7.326536e+07 7.326537e+07 7.326552e+07 7.326589e+07 7.326689e+07 7.326740e+07 7.326786e+07 7.327117e+07 7.330444e+07 7.346461e+07 7.393067e+07 7.492766e+07 7.667540e+07 7.934720e+07 1.074027e+08 1.478013e+08 1.830703e+08 2.082432e+08 2.249351e+08 2.356331e+08 2.457842e+08 2.466782e+08 2.415791e+08 2.323300e+08 2.203057e+08 2.066174e+08
7.323076e+07 7.323076e+07 7.323076e+07 7.323076e+07 7.323076e+07 7.323083e+07 7.323096e+07 7.323110e+07 7.323103e+07 7.323086e+07 7.323279e+07 7.326483e+07 7.342471e+07 7.389274e+07 7.489548e+07 7.665400e+07 7.934221e+07 1.075417e+08 1.480669e+08 1.833552e+08 2.084446e+08 2.249803e+08 2.354896e+08 2.453176e+08 2.460726e+08 2.409706e+08 2.317542e+08 2.197491e+08 2.060629e+08
7.318312e+07 7.318312e+07 7.318312e+07 7.318312e+07 7.318312e+07 7.318313e+07 7.318307e+07 7.318257e+07 7.318207e+07 7.318142e+07 7.318224e+07 7.321327e+07 7.337297e+07 7.384296e+07 7.485122e+07 7.661999e+07 7.932378e+07 1.076584e+08 1.482988e+08 1.835995e+08 2.086056e+08 2.249904e+08 2.353168e+08 2.448228e+08 2.454298e+08 2.403212e+08 2.311436e+08 2.191680e+08 2.054941e+08
7.311950e+07 7.311950e+07 7.311950e+07 7.311950e+07 7.311950e+07 7.311950e+07 7.311942e+07 7.311874e+07 7.311808e+07 7.311720e+07 7.311744e+07 7.314790e+07 7.330776e+07 7.377985e+07 7.479354e+07 7.657216e+07 7.929076e+07 1.077518e+08 1.484957e+08 1.838017e+08 2.087245e+08 2.249637e+08 2.351134e+08 2.443006e+08 2.447521e+08 2.396324e+08 2.304981e+08 2.185617e+08 2.049096e+08
7.304042e+07 7.304042e+07 7.304042e+07 7.304042e+07 7.304042e+07 7.304040e+07 7.304028e+07 7.303952e+07 7.303879e+07 7.303781e+07 7.303777e+07 7.306797e+07 7.322827e+07 7.370260e+07 7.472162e+07 7.650970e+07 7.924236e+07 1.078209e+08 1.486569e+08 1.839609e+08 2.088000e+08 2.248986e+08 2.348780e+08 2.437515e+08 2.440414e+08 2.389059e+08 2.298181e+08 2.179294e+08 2.043085e+08
7.294671e+07 7.294671e+07 7.294671e+07 7.294671e+07 7.294671e+07 7.294668e+07 7.294655e+07 7.294570e+07 7.294488e+07 7.294380e+07 7.294348e+07 7.297351e+07 7.313433e+07 7.361091e+07 7.463511e+07 7.643219e+07 7.917812e+07 1.078652e+08 1.487814e+08 1.840760e+08 2.088310e+08 2.247938e+08 2.346096e+08 2.431761e+08 2.432997e+08 2.381433e+08 2.291041e+08 2.172709e+08 2.036899e+08
7.283916e+07 7.283916e+07 7.283916e+07 7.283916e+07 7.283916e+07 7.283910e+07 7.283888e+07 7.283774e+07 7.283676e+07 7.283549e+07 7.283483e+07 7.286468e+07 7.302603e+07 7.350481e+07 7.453395e+07 7.633954e+07 7.909787e+07 1.078842e+08 1.488686e+08 1.841465e+08 2.088166e+08 2.246481e+08 2.343070e+08 2.425747e+08 2.425287e+08 2.373464e+08 2.283568e+08 2.165857e+08 2.030531e+08
7.271686e+07 7.271686e+07 7.271686e+07 7.271686e+07 7.271686e+07 7.271679e+07 7.271651e+07 7.271520e+07 7.271410e+07 7.271272e+07 7.271182e+07 7.274161e+07 7.290356e+07 7.338450e+07 7.441831e+07 7.623184e+07 7.900167e+07 1.078775e+08 1.489182e+08 1.841718e+08 2.087560e+08 2.244607e+08 2.339694e+08 2.419474e+08 2.417302e+08 2.365170e+08 2.275773e+08 2.158738e+08 2.023975e+08
7.257974e+07 7.257974e+07 7.257974e+07 7.257973e+07 7.257973e+07 7.257967e+07 7.257942e+07 7.257816e+07 7.257707e+07 7.257569e+07 7.257478e+07 7.260467e+07 7.276732e+07 7.325035e+07 7.428854e+07 7.610940e+07 7.888973e+07 1.078450e+08 1.489298e+08 1.841518e+08 2.086489e+08 2.242309e+08 2.335961e+08 2.412944e+08 2.409055e+08 2.356569e+08 2.267664e+08 2.151354e+08 2.017225e+08
7.242940e+07 7.242940e+07 7.242940e+07 7.242940e+07 7.242939e+07 7.242933e+07 7.242907e+07 7.242781e+07 7.242673e+07 7.242537e+07 7.242451e+07 7.245459e+07 7.261795e+07 7.310295e+07 7.414516e+07 7.597266e+07 7.876242e+07 1.077867e+08 1.489034e+08 1.840862e+08 2.084950e+08 2.239581e+08 2.331863e+08 2.406159e+08 2.400560e+08 2.347678e+08 2.259253e+08 2.143708e+08 2.010278e+08
7.226680e+07 7.226680e+07 7.226680e+07 7.226680e+07 7.226680e+07 7.226673e+07 7.226646e+07 7.226520e+07 7.226414e+07 7.226280e+07 7.226201e+07 7.229225e+07 7.245624e+07 7.294298e+07 7.398873e+07 7.582207e+07 7.862011e+07 1.077028e+08 1.488390e+08 1.839752e+08 2.082943e+08 2.236421e+08 2.327397e+08 2.399119e+08 2.391829e+08 2.338515e+08 2.250553e+08 2.135802e+08 2.003132e+08
7.209281e+07 7.209281e+07 7.209281e+07 7.209281e+07 7.209281e+07 7.209276e+07 7.209253e+07 7.209136e+07 7.209033e+07 7.208901e+07 7.208820e+07 7.211847e+07 7.228289e+07 7.277102e+07 7.381975e+07 7.565807e+07 7.846315e+07 1.075934e+08 1.487369e+08 1.838191e+08 2.080469e+08 2.232828e+08 2.322559e+08 2.391824e+08 2.382874e+08 2.329096e+08 2.241577e+08 2.127643e+08 1.995787e+08
7.190906e+07 7.190906e+07 7.190906e+07 7.190906e+07 7.190906e+07 7.190899e+07 7.190873e+07 7.190739e+07 7.190624e+07 7.190478e+07 7.190368e+07 7.193373e+07 7.209828e+07 7.258741e+07 7.363853e+07 7.548093e+07 7.829181e+07 1.074588e+08 1.485974e+08 1.836184e+08 2.077533e+08 2.228803e+08 2.317349e+08 2.384276e+08 2.373704e+08 2.319437e+08 2.232338e+08 2.119237e+08 1.988242e+08
7.171514e+07 7.171514e+07 7.171514e+07 7.171514e+07 7.171513e+07 7.171502e+07 7.171463e+07 7.171290e+07 7.171153e+07 7.170983e+07 7.170823e+07 7.173787e+07 7.190235e+07 7.239216e+07 7.344511e+07 7.529075e+07 7.810622e+07 1.072992e+08 1.484211e+08 1.833737e+08 2.074140e+08 2.224349e+08 2.311767e+08 2.376475e+08 2.364329e+08 2.309553e+08 2.222850e+08 2.110591e+08 1.980498e+08
7.150890e+07 7.150890e+07 7.150890e+07 7.150890e+07 7.150890e+07 7.150877e+07 7.150835e+07 7.150646e+07 7.150495e+07 7.150308e+07 7.150111e+07 7.153039e+07 7.169477e+07 7.218506e+07 7.323941e+07 7.508753e+07 7.790648e+07 1.071152e+08 1.482086e+08 1.830857e+08 2.070297e+08 2.219470e+08 2.305813e+08 2.368423e+08 2.354756e+08 2.299459e+08 2.213127e+08 2.101714e+08 1.972558e+08
7.129016e+07 7.129016e+07 7.129016e+07 7.129016e+07 7.129016e+07 7.129002e+07 7.128956e+07 7.128756e+07 7.128598e+07 7.128403e+07 7.128185e+07 7.131093e+07 7.147528e+07 7.196597e+07 7.302138e+07 7.487133e+07 7.769272e+07 1.069073e+08 1.479608e+08 1.827554e+08 2.066012e+08 2.214173e+08 2.299492e+08 2.360121e+08 2.344994e+08 2.289167e+08 2.203182e+08 2.092614e+08 1.964425e+08
7.105888e+07 7.105888e+07 7.105888e+07 7.105888e+07 7.105888e+07 7.105875e+07 7.105829e+07 7.105629e+07 7.105470e+07 7.105273e+07 7.105049e+07 7.107952e+07 7.124392e+07 7.173496e+07 7.279115e+07 7.464232e+07 7.746518e+07 1.066760e+08 1.476785e+08 1.823838e+08 2.061294e+08 2.208464e+08 2.292808e+08 2.351572e+08 2.335048e+08 2.278692e+08 2.193030e+08 2.083302e+08 1.956104e+08
7.081590e+07 7.081590e+07 7.081590e+07 7.081590e+07 7.081590e+07 7.081576e+07 7.081529e+07 7.081328e+07 7.081168e+07 7.080971e+07 7.080748e+07 7.083652e+07 7.100103e+07 7.149234e+07 7.254903e+07 7.440084e+07 7.722426e+07 1.064221e+08 1.473627e+08 1.819720e+08 2.056155e+08 2.202353e+08 2.285766e+08 2.342778e+08 2.324927e+08 2.268044e+08 2.182682e+08 2.073787e+08 1.947598e+08
7.056173e+07 7.056173e+07 7.056173e+07 7.056173e+07 7.056173e+07 7.056159e+07 7.056114e+07 7.055914e+07 7.055756e+07 7.055560e+07 7.055339e+07 7.058250e+07 7.074712e+07 7.123861e+07 7.229550e+07 7.414738e+07 7.697045e+07 1.061464e+08 1.470145e+08 1.815213e+08 2.050607e+08 2.195848e+08 2.278374e+08 2.333743e+08 2.314636e+08 2.257236e+08 2.172153e+08 2.064079e+08 1.938913e+08
7.029719e+07 7.029719e+07 7.029719e+07 7.029719e+07 7.029719e+07 7.029705e+07 7.029657e+07 7.029456e+07 7.029298e+07 7.029103e+07 7.028888e+07 7.031807e+07 7.048279e+07 7.097435e+07 7.203115e+07 7.388254e+07 7.670439e+07 1.058497e+08 1.466350e+08 1.810328e+08 2.044662e+08 2.188961e+08 2.270638e+08 2.324470e+08 2.304180e+08 2.246276e+08 2.161455e+08 2.054189e+08 1.930056e+08
7.002265e+07 7.002265e+07 7.002265e+07 7.002264e+07 7.002264e+07 7.002251e+07 7.002206e+07 7.002009e+07 7.001854e+07 7.001663e+07 7.001457e+07 7.004388e+07 7.020870e+07 7.070023e+07 7.175664e+07 7.360699e+07 7.642677e+07 1.055330e+08 1.462254e+08 1.805081e+08 2.038333e+08 2.181703e+08 2.262567e+08 2.314963e+08 2.293565e+08 2.235176e+08 2.150600e+08 2.044127e+08 1.921033e+08
6.973904e+07 6.973904e+07 6.973904e+07 6.973904e+07 6.973904e+07 6.973890e+07 6.973844e+07 6.973648e+07 6.973496e+07 6.973310e+07 6.973118e+07 6.976066e+07 6.992559e+07 7.041696e+07 7.147270e+07 7.332146e+07 7.613831e+07 1.051972e+08 1.457870e+08 1.799483e+08 2.031634e+08 2.174085e+08 2.254171e+08 2.305228e+08 2.282796e+08 2.223944e+08 2.139600e+08 2.033904e+08 1.911851e+08
6.944680e+07 6.944680e+07 6.944680e+07 6.944680e+07 6.944679e+07 6.944667e+07 6.944627e+07 6.944447e+07 6.944303e+07 6.944126e+07 6.943955e+07 6.946923e+07 6.963424e+07 7.012533e+07 7.118008e+07 7.302670e+07 7.583978e+07 1.048432e+08 1.453209e+08 1.793550e+08 2.024579e+08 2.166122e+08 2.245460e+08 2.295270e+08 2.271879e+08 2.212589e+08 2.128465e+08 2.023530e+08 1.902517e+08
6.914754e+07 6.914754e+07 6.914754e+07 6.914754e+07 6.914754e+07 6.914741e+07 6.914700e+07 6.914522e+07 6.914383e+07 6.914213e+07 6.914059e+07 6.917045e+07 6.933547e+07 6.982612e+07 7.087953e+07 7.272344e+07 7.553191e+07 1.044720e+08 1.448284e+08 1.787296e+08 2.017183e+08 2.157825e+08 2.236444e+08 2.285093e+08 2.260818e+08 2.201119e+08 2.117207e+08 2.013016e+08 1.893038e+08
6.884168e+07 6.884168e+07 6.884168e+07 6.884168e+07 6.884168e+07 6.884157e+07 6.884119e+07 6.883952e+07 6.883819e+07 6.883655e+07 6.883515e+07 6.886511e+07 6.903003e+07 6.952003e+07 7.057175e+07 7.241237e+07 7.521538e+07 1.040845e+08 1.443107e+08 1.780735e+08 2.009460e+08 2.149209e+08 2.227134e+08 2.274705e+08 2.249619e+08 2.189541e+08 2.105835e+08 2.002371e+08 1.883423e+08
6.853038e+07 6.853038e+07 6.853038e+07 6.853038e+07 6.853038e+07 6.853026e+07 6.852987e+07 6.852819e+07 6.852687e+07 6.852524e+07 6.852387e+07 6.855384e+07 6.871852e+07 6.920764e+07 7.025730e+07 7.209405e+07 7.489079e+07 1.036815e+08 1.437691e+08 1.773882e+08 2.001426e+08 2.140286e+08 2.217542e+08 2.264112e+08 2.238286e+08 2.177862e+08 2.094359e+08 1.991606e+08 1.873680e+08
6.821378e+07 6.821378e+07 6.821378e+07 6.821378e+07 6.821378e+07 6.821366e+07 6.821325e+07 6.821152e+07 6.821016e+07 6.820850e+07 6.820709e+07 6.823698e+07 6.840131e+07 6.888937e+07 6.993662e+07 7.176896e+07 7.455864e+07 1.032638e+08 1.432047e+08 1.766750e+08 1.993095e+08 2.131071e+08 2.207679e+08 2.253320e+08 2.226824e+08 2.166089e+08 2.082787e+08 1.980730e+08 1.863815e+08
6.789175e+07 6.789175e+07 6.789175e+07 6.789174e+07 6.789174e+07 6.789161e+07 6.789119e+07 6.788942e+07 6.788804e+07 6.788636e+07 6.788492e+07 6.791472e+07 6.807866e+07 6.856550e+07 6.961006e+07 7.143748e+07 7.421937e+07 1.028323e+08 1.426187e+08 1.759354e+08 1.984481e+08 2.121578e+08 2.197558e+08 2.242337e+08 2.215239e+08 2.154228e+08 2.071129e+08 1.969752e+08 1.853838e+08
6.756415e+07 6.756415e+07 6.756415e+07 6.756415e+07 6.756415e+07 6.756403e+07 6.756363e+07 6.756190e+07 6.756055e+07 6.755889e+07 6.755749e+07 6.758725e+07 6.775078e+07 6.823630e+07 6.927790e+07 7.109996e+07 7.387339e+07 1.023877e+08 1.420124e+08 1.751709e+08 1.975601e+08 2.111820e+08 2.187189e+08 2.231169e+08 2.203535e+08 2.142284e+08 2.059392e+08 1.958681e+08 1.843756e+08
6.723167e+07 6.723167e+07 6.723167e+07 6.723167e+07 6.723167e+07 6.723154e+07 6.723114e+07 6.722943e+07 6.722809e+07 6.722646e+07 6.722511e+07 6.725485e+07 6.741796e+07 6.790208e+07 6.894049e+07 7.075677e+07 7.352110e+07 1.019308e+08 1.413867e+08 1.743827e+08 1.966467e+08 2.101811e+08 2.176586e+08 2.219826e+08 2.191717e+08 2.130264e+08 2.047583e+08 1.947526e+08 1.833576e+08
6.689457e+07 6.689457e+07 6.689457e+07 6.689457e+07 6.689456e+07 6.689444e+07 6.689404e+07 6.689234e+07 6.689102e+07 6.688941e+07 6.688812e+07 6.691785e+07 6.708053e+07 6.756316e+07 6.859819e+07 7.040830e+07 7.316293e+07 1.014623e+08 1.407429e+08 1.735722e+08 1.957094e+08 2.091564e+08 2.165759e+08 2.208313e+08 2.179791e+08 2.118173e+08 2.035710e+08 1.936296e+08 1.823307e+08
6.655313e+07 6.655313e+07 6.655313e+07 6.655313e+07 6.655313e+07 6.655301e+07 6.655262e+07 6.655095e+07 6.654965e+07 6.654807e+07 6.654687e+07 6.657661e+07 6.673888e+07 6.721995e+07 6.825139e+07 7.005497e+07 7.279934e+07 1.009830e+08 1.400821e+08 1.727408e+08 1.947497e+08 2.081094e+08 2.154722e+08 2.196639e+08 2.167760e+08 2.106015e+08 2.023780e+08 1.924997e+08 1.812956e+08
6.620773e+07 6.620773e+07 6.620773e+07 6.620773e+07 6.620773e+07 6.620760e+07 6.620721e+07 6.620558e+07 6.620433e+07 6.620282e+07 6.620178e+07 6.623159e+07 6.639344e+07 6.687288e+07 6.790054e+07 6.969724e+07 7.243080e+07 1.004936e+08 1.394052e+08 1.718897e+08 1.937688e+08 2.070414e+08 2.143486e+08 2.184811e+08 2.155630e+08 2.093796e+08 2.011798e+08 1.913637e+08 1.802531e+08
6.585874e+07 6.585874e+07 6.585874e+07 6.585874e+07 6.585874e+07 6.585864e+07 6.585830e+07 6.585685e+07 6.585569e+07 6.585428e+07 6.585343e+07 6.588332e+07 6.604474e+07 6.652245e+07 6.754612e+07 6.933557e+07 7.205779e+07 9.999480e+07 1.387135e+08 1.710202e+08 1.927681e+08 2.059535e+08 2.132062e+08 2.172838e+08 2.143407e+08 2.081519e+08 1.999771e+08 1.902224e+08 1.792038e+08
6.550762e+07 6.550762e+07 6.550762e+07 6.550761e+07 6.550761e+07 6.550751e+07 6.550716e+07 6.550571e+07 6.550459e+07 6.550322e+07 6.550248e+07 6.553239e+07 6.569328e+07 6.616913e+07 6.718856e+07 6.897038e+07 7.168073e+07 9.948726e+07 1.380077e+08 1.701335e+08 1.917489e+08 2.048472e+08 2.120462e+08 2.160728e+08 2.131095e+08 2.069190e+08 1.987703e+08 1.890764e+08 1.781485e+08
6.515432e+07 6.515432e+07 6.515432e+07 6.515432e+07 6.515432e+07 6.515422e+07 6.515389e+07 6.515248e+07 6.515138e+07 6.515003e+07 6.514935e+07 6.517919e+07 6.533945e+07 6.581328e+07 6.682823e+07 6.860204e+07 7.129999e+07 9.897159e+07 1.372889e+08 1.692307e+08 1.907123e+08 2.037235e+08 2.108698e+08 2.148488e+08 2.118699e+08 2.056813e+08 1.975601e+08 1.879264e+08 1.770878e+08
