5.934596e+04 3.633444e+04 2.901083e+04 1.542401e+04 1.157309e+04 5.760446e+03 4.316653e+03 4.889559e+03 7.073823e+03 1.008634e+04 1.662374e+04 2.204242e+04 2.578610e+04 2.807111e+04 2.926633e+04 2.969383e+04 2.959207e+04 2.536215e+04 1.906649e+04 1.321860e+04 9.225059e+03 7.063088e+03 6.116642e+03 6.052953e+03 7.029922e+03 8.392541e+03 9.900686e+03 1.145876e+04 1.303382e+04
5.562519e+03 5.562499e+03 5.562385e+03 5.553819e+03 5.509638e+03 4.752004e+03 3.975253e+03 5.020879e+03 7.450798e+03 1.065780e+04 1.736023e+04 2.272938e+04 2.633938e+04 2.848063e+04 2.955067e+04 2.987840e+04 2.970067e+04 2.531266e+04 1.900829e+04 1.318188e+04 9.207498e+03 7.057606e+03 6.118383e+03 6.062248e+03 7.042924e+03 8.407568e+03 9.916804e+03 1.147541e+04 1.305070e+04
4.158680e+03 4.158679e+03 4.158669e+03 4.157794e+03 4.152962e+03 3.984422e+03 3.614516e+03 5.267769e+03 8.003235e+03 1.142256e+04 1.825100e+04 2.351103e+04 2.694279e+04 2.891281e+04 2.984215e+04 3.006185e+04 2.980407e+04 2.525717e+04 1.894727e+04 1.314407e+04 9.189595e+03 7.052085e+03 6.120213e+03 6.071710e+03 7.056103e+03 8.422763e+03 9.933074e+03 1.149220e+04 1.306769e+04
3.537023e+03 3.537024e+03 3.537024e+03 3.536823e+03 3.535582e+03 3.451921e+03 3.358152e+03 5.704052e+03 8.793464e+03 1.242445e+04 1.930831e+04 2.438566e+04 2.759090e+04 2.936231e+04 3.013650e+04 3.024101e+04 2.989999e+04 2.519530e+04 1.888336e+04 1.310517e+04 9.171354e+03 7.046530e+03 6.122134e+03 6.081341e+03 7.069461e+03 8.438126e+03 9.949496e+03 1.150912e+04 1.308481e+04
3.167355e+03 3.167356e+03 3.167356e+03 3.167304e+03 3.166884e+03 3.124485e+03 3.161434e+03 6.453831e+03 9.903625e+03 1.371038e+04 2.053788e+04 2.534635e+04 2.827533e+04 2.982226e+04 3.042867e+04 3.041233e+04 2.998599e+04 2.512668e+04 1.881654e+04 1.306517e+04 9.152783e+03 7.040946e+03 6.124150e+03 6.091143e+03 7.082999e+03 8.453659e+03 9.966071e+03 1.152618e+04 1.310205e+04
2.918993e+03 2.918994e+03 2.918995e+03 2.918992e+03 2.918843e+03 2.898504e+03 3.096825e+03 7.668009e+03 1.145275e+04 1.533255e+04 2.193762e+04 2.638064e+04 2.898479e+04 3.028438e+04 3.071298e+04 3.057200e+04 3.005950e+04 2.505095e+04 1.874675e+04 1.302410e+04 9.133887e+03 7.035338e+03 6.126264e+03 6.101120e+03 7.096719e+03 8.469361e+03 9.982800e+03 1.154338e+04 1.311941e+04
2.740108e+03 2.740109e+03 2.740110e+03 2.740122e+03 2.740082e+03 2.735871e+03 3.304100e+03 9.471965e+03 1.354093e+04 1.735621e+04 2.349803e+04 2.747113e+04 2.970559e+04 3.073933e+04 3.098329e+04 3.071600e+04 3.011790e+04 2.496780e+04 1.867397e+04 1.298194e+04 9.114674e+03 7.029710e+03 6.128481e+03 6.111273e+03 7.110621e+03 8.485235e+03 9.999683e+03 1.156071e+04 1.313689e+04
2.605436e+03 2.605437e+03 2.605438e+03 2.605456e+03 2.605465e+03 2.653690e+03 4.110139e+03 1.200811e+04 1.618230e+04 1.978771e+04 2.520538e+04 2.859701e+04 3.042252e+04 3.117718e+04 3.123329e+04 3.084034e+04 3.015864e+04 2.487692e+04 1.859818e+04 1.293872e+04 9.095152e+03 7.024069e+03 6.130805e+03 6.121605e+03 7.124708e+03 8.501282e+03 1.001672e+04 1.157819e+04 1.315449e+04
2.500987e+03 2.500988e+03 2.500989e+03 2.501012e+03 2.501046e+03 2.941021e+03 6.270135e+03 1.537264e+04 1.932729e+04 2.253859e+04 2.704883e+04 2.973680e+04 3.112017e+04 3.158808e+04 3.145681e+04 3.094113e+04 3.017927e+04 2.477805e+04 1.851936e+04 1.289443e+04 9.075330e+03 7.018420e+03 6.133239e+03 6.132118e+03 7.138981e+03 8.517502e+03 1.003391e+04 1.159580e+04 1.317222e+04
2.418327e+03 2.418328e+03 2.418329e+03 2.418758e+03 2.446385e+03 5.647378e+03 1.095691e+04 1.950143e+04 2.283683e+04 2.546971e+04 2.896106e+04 3.087325e+04 3.178447e+04 3.196296e+04 3.164820e+04 3.101487e+04 3.017759e+04 2.467099e+04 1.843752e+04 1.284911e+04 9.055216e+03 7.012768e+03 6.135787e+03 6.142814e+03 7.153442e+03 8.533896e+03 1.005127e+04 1.161354e+04 1.319007e+04
1.435050e+04 1.435032e+04 1.434975e+04 1.433151e+04 1.428043e+04 1.534970e+04 1.841632e+04 2.408554e+04 2.648208e+04 2.840597e+04 3.084254e+04 3.199543e+04 3.240469e+04 3.229435e+04 3.180268e+04 3.105857e+04 3.015173e+04 2.455558e+04 1.835266e+04 1.280275e+04 9.034823e+03 7.007121e+03 6.138453e+03 6.153695e+03 7.168092e+03 8.550466e+03 1.006877e+04 1.163143e+04 1.320804e+04
4.254795e+04 4.254793e+04 4.254787e+04 4.254598e+04 4.253993e+04 4.234603e+04 4.178007e+04 3.985027e+04 3.894762e+04 3.824041e+04 3.709778e+04 3.587384e+04 3.453823e+04 3.321615e+04 3.196241e+04 3.078054e+04 2.962945e+04 2.385200e+04 1.788439e+04 1.255635e+04 8.929051e+03 6.979171e+03 6.153704e+03 6.210964e+03 7.244230e+03 8.635980e+03 1.015869e+04 1.172297e+04 1.329975e+04
4.149135e+04 4.149134e+04 4.149132e+04 4.149052e+04 4.148793e+04 4.139923e+04 4.111991e+04 4.000412e+04 3.921984e+04 3.839523e+04 3.685549e+04 3.544584e+04 3.402122e+04 3.256812e+04 3.114867e+04 2.980688e+04 2.855155e+04 2.295479e+04 1.734972e+04 1.228846e+04 8.818214e+03 6.952349e+03 6.172552e+03 6.273210e+03 7.325309e+03 8.726017e+03 1.025262e+04 1.181803e+04 1.339457e+04
3.581523e+04 3.581523e+04 3.581522e+04 3.581491e+04 3.581393e+04 3.578176e+04 3.568686e+04 3.525220e+04 3.488519e+04 3.443450e+04 3.342431e+04 3.242236e+04 3.143251e+04 3.039839e+04 2.930967e+04 2.819604e+04 2.709075e+04 2.192617e+04 1.676493e+04 1.200449e+04 8.704406e+03 6.927644e+03 6.195564e+03 6.340713e+03 7.411499e+03 8.820686e+03 1.035064e+04 1.191668e+04 1.349253e+04
3.063550e+04 3.063550e+04 3.063550e+04 3.063540e+04 3.063506e+04 3.062287e+04 3.058112e+04 3.039152e+04 3.022863e+04 3.001446e+04 2.946482e+04 2.884749e+04 2.822399e+04 2.758036e+04 2.688365e+04 2.612128e+04 2.530324e+04 2.087260e+04 1.615426e+04 1.171157e+04 8.590160e+03 6.906167e+03 6.223344e+03 6.413747e+03 7.502958e+03 8.920083e+03 1.045281e+04 1.201893e+04 1.359366e+04
2.650651e+04 2.650651e+04 2.650651e+04 2.650646e+04 2.650630e+04 2.650121e+04 2.648709e+04 2.641524e+04 2.634595e+04 2.624859e+04 2.596906e+04 2.561176e+04 2.522720e+04 2.483092e+04 2.440594e+04 2.392841e+04 2.338489e+04 1.984363e+04 1.554855e+04 1.141839e+04 8.478425e+03 6.889151e+03 6.256532e+03 6.492580e+03 7.599832e+03 9.024293e+03 1.055917e+04 1.212483e+04 1.369796e+04
2.341973e+04 2.341973e+04 2.341973e+04 2.341972e+04 2.341966e+04 2.341717e+04 2.340846e+04 2.337007e+04 2.333602e+04 2.328830e+04 2.314398e+04 2.294011e+04 2.270253e+04 2.245132e+04 2.218524e+04 2.188791e+04 2.154035e+04 1.883806e+04 1.498360e+04 1.113487e+04 8.372531e+03 6.877963e+03 6.295810e+03 6.577479e+03 7.702259e+03 9.133391e+03 1.066976e+04 1.223439e+04 1.380546e+04
2.104934e+04 2.104934e+04 2.104934e+04 2.104933e+04 2.104931e+04 2.104899e+04 2.104819e+04 2.103649e+04 2.102150e+04 2.099841e+04 2.092270e+04 2.080551e+04 2.065712e+04 2.049225e+04 2.031638e+04 2.012234e+04 1.989535e+04 1.787138e+04 1.446375e+04 1.087238e+04 8.276171e+03 6.874105e+03 6.341918e+03 6.668712e+03 7.810367e+03 9.247445e+03 1.078463e+04 1.234764e+04 1.391615e+04
1.926225e+04 1.926225e+04 1.926225e+04 1.926224e+04 1.926223e+04 1.926144e+04 1.925874e+04 1.924818e+04 1.923898e+04 1.922580e+04 1.918308e+04 1.911378e+04 1.901952e+04 1.890814e+04 1.878552e+04 1.865006e+04 1.849270e+04 1.696479e+04 1.398232e+04 1.064267e+04 8.193448e+03 6.879238e+03 6.395662e+03 6.766555e+03 7.924278e+03 9.366510e+03 1.090379e+04 1.246456e+04 1.403005e+04
1.784103e+04 1.784103e+04 1.784103e+04 1.784105e+04 1.784108e+04 1.784176e+04 1.784309e+04 1.784271e+04 1.783931e+04 1.783303e+04 1.780957e+04 1.776820e+04 1.770768e+04 1.763103e+04 1.754220e+04 1.744164e+04 1.732451e+04 1.613753e+04 1.353709e+04 1.044328e+04 8.129339e+03 6.895221e+03 6.457932e+03 6.871297e+03 8.044108e+03 9.490633e+03 1.102726e+04 1.258518e+04 1.414713e+04
1.673579e+04 1.673579e+04 1.673579e+04 1.673579e+04 1.673579e+04 1.673577e+04 1.673560e+04 1.673420e+04 1.673215e+04 1.672858e+04 1.671503e+04 1.669001e+04 1.665098e+04 1.659782e+04 1.653205e+04 1.645416e+04 1.636155e+04 1.540175e+04 1.312814e+04 1.027049e+04 8.088155e+03 6.924205e+03 6.529736e+03 6.983253e+03 8.169973e+03 9.619858e+03 1.115505e+04 1.270948e+04 1.426740e+04
1.584222e+04 1.584222e+04 1.584222e+04 1.584221e+04 1.584221e+04 1.584202e+04 1.584209e+04 1.584215e+04 1.584137e+04 1.583972e+04 1.583271e+04 1.581836e+04 1.579377e+04 1.575716e+04 1.570809e+04 1.564631e+04 1.557006e+04 1.476139e+04 1.275708e+04 1.012197e+04 8.067719e+03 6.969074e+03 6.612236e+03 7.102767e+03 8.301996e+03 9.754221e+03 1.128716e+04 1.283745e+04 1.439085e+04
1.511213e+04 1.511213e+04 1.511213e+04 1.511213e+04 1.511213e+04 1.511210e+04 1.511221e+04 1.511415e+04 1.511539e+04 1.511625e+04 1.511538e+04 1.510894e+04 1.509441e+04 1.506956e+04 1.503289e+04 1.498328e+04 1.491907e+04 1.421386e+04 1.242611e+04 9.996330e+03 8.066200e+03 7.031563e+03 6.706857e+03 7.230234e+03 8.440304e+03 9.893757e+03 1.142360e+04 1.296909e+04 1.451744e+04
1.451743e+04 1.451743e+04 1.451743e+04 1.451743e+04 1.451743e+04 1.451772e+04 1.451956e+04 1.452566e+04 1.452857e+04 1.453090e+04 1.453298e+04 1.453051e+04 1.452181e+04 1.450476e+04 1.447717e+04 1.443712e+04 1.438255e+04 1.375266e+04 1.213716e+04 9.892986e+03 8.082285e+03 7.110195e+03 6.815641e+03 7.366106e+03 8.585042e+03 1.003850e+04 1.156435e+04 1.310436e+04 1.464716e+04
1.405745e+04 1.405745e+04 1.405745e+04 1.405745e+04 1.405745e+04 1.405736e+04 1.405740e+04 1.405811e+04 1.405846e+04 1.405867e+04 1.405825e+04 1.405589e+04 1.405000e+04 1.403817e+04 1.401763e+04 1.398566e+04 1.393961e+04 1.336961e+04 1.189143e+04 9.812016e+03 8.115000e+03 7.203927e+03 6.939190e+03 7.510927e+03 8.736377e+03 1.018850e+04 1.170940e+04 1.324324e+04 1.477999e+04
1.366453e+04 1.366453e+04 1.366453e+04 1.366453e+04 1.366452e+04 1.366426e+04 1.366373e+04 1.366235e+04 1.366163e+04 1.366103e+04 1.366024e+04 1.365936e+04 1.365681e+04 1.365013e+04 1.363624e+04 1.361197e+04 1.357417e+04 1.305654e+04 1.168924e+04 9.753943e+03 8.163694e+03 7.311918e+03 7.076414e+03 7.665368e+03 8.894502e+03 1.034379e+04 1.185876e+04 1.338572e+04 1.491589e+04
1.331067e+04 1.331067e+04 1.331067e+04 1.331066e+04 1.331066e+04 1.331046e+04 1.331037e+04 1.331254e+04 1.331444e+04 1.331661e+04 1.332123e+04 1.332553e+04 1.332835e+04 1.332770e+04 1.332076e+04 1.330424e+04 1.327475e+04 1.280613e+04 1.153016e+04 9.719503e+03 8.228023e+03 7.433453e+03 7.226558e+03 7.830352e+03 9.059654e+03 1.050443e+04 1.201242e+04 1.353176e+04 1.505484e+04
1.301308e+04 1.301308e+04 1.301308e+04 1.301308e+04 1.301309e+04 1.301363e+04 1.301591e+04 1.302372e+04 1.302833e+04 1.303308e+04 1.304255e+04 1.305152e+04 1.305928e+04 1.306429e+04 1.306395e+04 1.305496e+04 1.303371e+04 1.261235e+04 1.141323e+04 9.709434e+03 8.307904e+03 7.567931e+03 7.388954e+03 8.007117e+03 9.232122e+03 1.067051e+04 1.217037e+04 1.368134e+04 1.519680e+04
1.280171e+04 1.280171e+04 1.280171e+04 1.280172e+04 1.280172e+04 1.280209e+04 1.280351e+04 1.280869e+04 1.281218e+04 1.281612e+04 1.282516e+04 1.283536e+04 1.284603e+04 1.285552e+04 1.286109e+04 1.285921e+04 1.284595e+04 1.247049e+04 1.133717e+04 9.724337e+03 8.403444e+03 7.714879e+03 7.562977e+03 8.195202e+03 9.412272e+03 1.084211e+04 1.233263e+04 1.383443e+04 1.534174e+04
1.264260e+04 1.264260e+04 1.264260e+04 1.264260e+04 1.264260e+04 1.264256e+04 1.264280e+04 1.264521e+04 1.264735e+04 1.265016e+04 1.265811e+04 1.266925e+04 1.268282e+04 1.269688e+04 1.270841e+04 1.271359e+04 1.270822e+04 1.237695e+04 1.130053e+04 9.764594e+03 8.514858e+03 7.873945e+03 7.748044e+03 8.393850e+03 9.600595e+03 1.101936e+04 1.249921e+04 1.399102e+04 1.548963e+04
1.251042e+04 1.251042e+04 1.251042e+04 1.251042e+04 1.251042e+04 1.251050e+04 1.251076e+04 1.251317e+04 1.251586e+04 1.251971e+04 1.253098e+04 1.254669e+04 1.256569e+04 1.258584e+04 1.260407e+04 1.261650e+04 1.261884e+04 1.232905e+04 1.130180e+04 9.830334e+03 8.642394e+03 8.044888e+03 7.943624e+03 8.602459e+03 9.797877e+03 1.120242e+04 1.267014e+04 1.415108e+04 1.564045e+04
1.239586e+04 1.239586e+04 1.239586e+04 1.239587e+04 1.239592e+04 1.239745e+04 1.240132e+04 1.241224e+04 1.241933e+04 1.242761e+04 1.244745e+04 1.247101e+04 1.249718e+04 1.252410e+04 1.254898e+04 1.256818e+04 1.257750e+04 1.232468e+04 1.133939e+04 9.921428e+03 8.786268e+03 8.227558e+03 8.149244e+03 8.820452e+03 1.000463e+04 1.139151e+04 1.284547e+04 1.431462e+04 1.579416e+04
1.235702e+04 1.235702e+04 1.235702e+04 1.235702e+04 1.235703e+04 1.235806e+04 1.236191e+04 1.237702e+04 1.238724e+04 1.239868e+04 1.242433e+04 1.245299e+04 1.248387e+04 1.251545e+04 1.254514e+04 1.256942e+04 1.258417e+04 1.236194e+04 1.141170e+04 1.003752e+04 8.946622e+03 8.421862e+03 8.364495e+03 9.047255e+03 1.022011e+04 1.158691e+04 1.302527e+04 1.448163e+04 1.595075e+04
1.241794e+04 1.241794e+04 1.241795e+04 1.241795e+04 1.241796e+04 1.241827e+04 1.242019e+04 1.243034e+04 1.243801e+04 1.244715e+04 1.246943e+04 1.249654e+04 1.252747e+04 1.256032e+04 1.259222e+04 1.261946e+04 1.263776e+04 1.243887e+04 1.151705e+04 1.017803e+04 9.123491e+03 8.627746e+03 8.589034e+03 9.282302e+03 1.044368e+04 1.178903e+04 1.320963e+04 1.465213e+04 1.611020e+04
1.253284e+04 1.253284e+04 1.253284e+04 1.253284e+04 1.253285e+04 1.253300e+04 1.253377e+04 1.253851e+04 1.254299e+04 1.254914e+04 1.256678e+04 1.259117e+04 1.262096e+04 1.265382e+04 1.268657e+04 1.271533e+04 1.273570e+04 1.255331e+04 1.165369e+04 1.034223e+04 9.316800e+03 8.845163e+03 8.822573e+03 9.525035e+03 1.067482e+04 1.199859e+04 1.339868e+04 1.482614e+04 1.627250e+04
1.265505e+04 1.265505e+04 1.265505e+04 1.265506e+04 1.265509e+04 1.265591e+04 1.265793e+04 1.266542e+04 1.267140e+04 1.267906e+04 1.269930e+04 1.272554e+04 1.275652e+04 1.279019e+04 1.282363e+04 1.285318e+04 1.287461e+04 1.270283e+04 1.181981e+04 1.052926e+04 9.526364e+03 9.074054e+03 9.064873e+03 9.774916e+03 1.091299e+04 1.221543e+04 1.359261e+04 1.500370e+04 1.643766e+04
1.280117e+04 1.280117e+04 1.280117e+04 1.280119e+04 1.280127e+04 1.280315e+04 1.280789e+04 1.282359e+04 1.283374e+04 1.284508e+04 1.287077e+04 1.290010e+04 1.293248e+04 1.296658e+04 1.300000e+04 1.302946e+04 1.305098e+04 1.288485e+04 1.201361e+04 1.073816e+04 9.751899e+03 9.314339e+03 9.315732e+03 1.003143e+04 1.115767e+04 1.243887e+04 1.379167e+04 1.518488e+04 1.660567e+04
1.303607e+04 1.303607e+04 1.303607e+04 1.303608e+04 1.303609e+04 1.303658e+04 1.303898e+04 1.305049e+04 1.305886e+04 1.306855e+04 1.309131e+04 1.311808e+04 1.314821e+04 1.318034e+04 1.321212e+04 1.324031e+04 1.326097e+04 1.309671e+04 1.223331e+04 1.096795e+04 9.993043e+03 9.565901e+03 9.574974e+03 1.029411e+04 1.140835e+04 1.266841e+04 1.399626e+04 1.536977e+04 1.677657e+04
1.331952e+04 1.331952e+04 1.331952e+04 1.331952e+04 1.331953e+04 1.331973e+04 1.332042e+04 1.332447e+04 1.332843e+04 1.333387e+04 1.334926e+04 1.337031e+04 1.339613e+04 1.342502e+04 1.345437e+04 1.348077e+04 1.350018e+04 1.333583e+04 1.247721e+04 1.121764e+04 1.024937e+04 9.828587e+03 9.842435e+03 1.056251e+04 1.166450e+04 1.290356e+04 1.420690e+04 1.555850e+04 1.695038e+04
1.359125e+04 1.359125e+04 1.359125e+04 1.359126e+04 1.359128e+04 1.359195e+04 1.359387e+04 1.359991e+04 1.360400e+04 1.360904e+04 1.362270e+04 1.364162e+04 1.366542e+04 1.369256e+04 1.372048e+04 1.374576e+04 1.376436e+04 1.359994e+04 1.274380e+04 1.148628e+04 1.052042e+04 1.010221e+04 1.011796e+04 1.083623e+04 1.192563e+04 1.314388e+04 1.442306e+04 1.575123e+04 1.712717e+04
1.387357e+04 1.387357e+04 1.387357e+04 1.387357e+04 1.387358e+04 1.387373e+04 1.387440e+04 1.387930e+04 1.388386e+04 1.388978e+04 1.390549e+04 1.392607e+04 1.395087e+04 1.397850e+04 1.400660e+04 1.403191e+04 1.405052e+04 1.388717e+04 1.303176e+04 1.177298e+04 1.080572e+04 1.038654e+04 1.040139e+04 1.111491e+04 1.219125e+04 1.338890e+04 1.464423e+04 1.594823e+04 1.730699e+04
1.415260e+04 1.415260e+04 1.415260e+04 1.415261e+04 1.415265e+04 1.415376e+04 1.415707e+04 1.416830e+04 1.417569e+04 1.418411e+04 1.420381e+04 1.422721e+04 1.425397e+04 1.428296e+04 1.431202e+04 1.433808e+04 1.435730e+04 1.419621e+04 1.334002e+04 1.207694e+04 1.110477e+04 1.068134e+04 1.069255e+04 1.139822e+04 1.246088e+04 1.363818e+04 1.486997e+04 1.614993e+04 1.748996e+04
1.447988e+04 1.447988e+04 1.447989e+04 1.447989e+04 1.447992e+04 1.448075e+04 1.448327e+04 1.449295e+04 1.449983e+04 1.450788e+04 1.452722e+04 1.455070e+04 1.457789e+04 1.460754e+04 1.463740e+04 1.466431e+04 1.468440e+04 1.452625e+04 1.366777e+04 1.239746e+04 1.141710e+04 1.098631e+04 1.099127e+04 1.168588e+04 1.273410e+04 1.389128e+04 1.509989e+04 1.635647e+04 1.767620e+04
1.483856e+04 1.483856e+04 1.483856e+04 1.483856e+04 1.483858e+04 1.483912e+04 1.484074e+04 1.484679e+04 1.485145e+04 1.485743e+04 1.487368e+04 1.489558e+04 1.492233e+04 1.495228e+04 1.498288e+04 1.501074e+04 1.503185e+04 1.487690e+04 1.401439e+04 1.273395e+04 1.174224e+04 1.130118e+04 1.129736e+04 1.197763e+04 1.301049e+04 1.414778e+04 1.533362e+04 1.656730e+04 1.786589e+04
1.520176e+04 1.520176e+04 1.520176e+04 1.520176e+04 1.520176e+04 1.520180e+04 1.520209e+04 1.520622e+04 1.521078e+04 1.521704e+04 1.523431e+04 1.525736e+04 1.528531e+04 1.531651e+04 1.534841e+04 1.537759e+04 1.539996e+04 1.524807e+04 1.437949e+04 1.308589e+04 1.207976e+04 1.162562e+04 1.161060e+04 1.227323e+04 1.328966e+04 1.440724e+04 1.557077e+04 1.678203e+04 1.805930e+04
1.555001e+04 1.555001e+04 1.555001e+04 1.555003e+04 1.555008e+04 1.555177e+04 1.555666e+04 1.557157e+04 1.558044e+04 1.559010e+04 1.561208e+04 1.563817e+04 1.566833e+04 1.570140e+04 1.573498e+04 1.576570e+04 1.578945e+04 1.563991e+04 1.476279e+04 1.345285e+04 1.242923e+04 1.195932e+04 1.193078e+04 1.257247e+04 1.357128e+04 1.466928e+04 1.581098e+04 1.700030e+04 1.825688e+04
1.597598e+04 1.597598e+04 1.597598e+04 1.597599e+04 1.597599e+04 1.597611e+04 1.597698e+04 1.598354e+04 1.598953e+04 1.599726e+04 1.601754e+04 1.604369e+04 1.607481e+04 1.610921e+04 1.614424e+04 1.617637e+04 1.620135e+04 1.605265e+04 1.516411e+04 1.383447e+04 1.279026e+04 1.230196e+04 1.225765e+04 1.287516e+04 1.385501e+04 1.493350e+04 1.605390e+04 1.722181e+04 1.845840e+04
1.640200e+04 1.640200e+04 1.640200e+04 1.640200e+04 1.640203e+04 1.640282e+04 1.640487e+04 1.641243e+04 1.641839e+04 1.642605e+04 1.644650e+04 1.647336e+04 1.650553e+04 1.654115e+04 1.657742e+04 1.661068e+04 1.663660e+04 1.648654e+04 1.558334e+04 1.423041e+04 1.316246e+04 1.265318e+04 1.259097e+04 1.318111e+04 1.414058e+04 1.519954e+04 1.629917e+04 1.744624e+04 1.866344e+04
1.683907e+04 1.683907e+04 1.683907e+04 1.683908e+04 1.683912e+04 1.684017e+04 1.684343e+04 1.685591e+04 1.686461e+04 1.687468e+04 1.689869e+04 1.692778e+04 1.696147e+04 1.699825e+04 1.703546e+04 1.706946e+04 1.709585e+04 1.694171e+04 1.602033e+04 1.464038e+04 1.354547e+04 1.301267e+04 1.293048e+04 1.349014e+04 1.442772e+04 1.546706e+04 1.654645e+04 1.767330e+04 1.887170e+04
1.732524e+04 1.732524e+04 1.732524e+04 1.732525e+04 1.732529e+04 1.732651e+04 1.732986e+04 1.734142e+04 1.734942e+04 1.735885e+04 1.738200e+04 1.741076e+04 1.744447e+04 1.748147e+04 1.751892e+04 1.755304e+04 1.757933e+04 1.741808e+04 1.647492e+04 1.506412e+04 1.393895e+04 1.338007e+04 1.327590e+04 1.380209e+04 1.471622e+04 1.573574e+04 1.679541e+04 1.790269e+04 1.908291e+04
1.785176e+04 1.785176e+04 1.785176e+04 1.785176e+04 1.785177e+04 1.785211e+04 1.785326e+04 1.785939e+04 1.786498e+04 1.787243e+04 1.789295e+04 1.792038e+04 1.795348e+04 1.799016e+04 1.802733e+04 1.806105e+04 1.808670e+04 1.791540e+04 1.694689e+04 1.550133e+04 1.434255e+04 1.375506e+04 1.362695e+04 1.411677e+04 1.500585e+04 1.600530e+04 1.704574e+04 1.813414e+04 1.929681e+04
1.837194e+04 1.837194e+04 1.837194e+04 1.837195e+04 1.837198e+04 1.837281e+04 1.837534e+04 1.838516e+04 1.839251e+04 1.840150e+04 1.842425e+04 1.845287e+04 1.848639e+04 1.852295e+04 1.855963e+04 1.859256e+04 1.861711e+04 1.843318e+04 1.743597e+04 1.595175e+04 1.475594e+04 1.413730e+04 1.398335e+04 1.443402e+04 1.529644e+04 1.627547e+04 1.729714e+04 1.836736e+04 1.951317e+04
1.891666e+04 1.891666e+04 1.891666e+04 1.891667e+04 1.891671e+04 1.891803e+04 1.892190e+04 1.893588e+04 1.894534e+04 1.895608e+04 1.898099e+04 1.901024e+04 1.904341e+04 1.907913e+04 1.911471e+04 1.914634e+04 1.916936e+04 1.897079e+04 1.794184e+04 1.641510e+04 1.517879e+04 1.452645e+04 1.434481e+04 1.475367e+04 1.558781e+04 1.654600e+04 1.754933e+04 1.860210e+04 1.973175e+04
1.951818e+04 1.951818e+04 1.951818e+04 1.951819e+04 1.951824e+04 1.951934e+04 1.952216e+04 1.953201e+04 1.953892e+04 1.954711e+04 1.956739e+04 1.959293e+04 1.962327e+04 1.965679e+04 1.969057e+04 1.972054e+04 1.974181e+04 1.952754e+04 1.846419e+04 1.689111e+04 1.561078e+04 1.492217e+04 1.471103e+04 1.507554e+04 1.587983e+04 1.681669e+04 1.780205e+04 1.883809e+04 1.995233e+04
2.014379e+04 2.014379e+04 2.014379e+04 2.014379e+04 2.014379e+04 2.014388e+04 2.014424e+04 2.014706e+04 2.015029e+04 2.015509e+04 2.016991e+04 2.019172e+04 2.021964e+04 2.025153e+04 2.028405e+04 2.031281e+04 2.033270e+04 2.010279e+04 1.900272e+04 1.737951e+04 1.605159e+04 1.532414e+04 1.508172e+04 1.539946e+04 1.617234e+04 1.708734e+04 1.805506e+04 1.907509e+04 2.017470e+04
2.073736e+04 2.073736e+04 2.073736e+04 2.073737e+04 2.073738e+04 2.073787e+04 2.073934e+04 2.074532e+04 2.075022e+04 2.075661e+04 2.077419e+04 2.079809e+04 2.082744e+04 2.086022e+04 2.089312e+04 2.092176e+04 2.094095e+04 2.069609e+04 1.955714e+04 1.788003e+04 1.650092e+04 1.573202e+04 1.545657e+04 1.572525e+04 1.646522e+04 1.735779e+04 1.830813e+04 1.931287e+04 2.039865e+04
2.132609e+04 2.132609e+04 2.132609e+04 2.132610e+04 2.132615e+04 2.132749e+04 2.133114e+04 2.134432e+04 2.135340e+04 2.136384e+04 2.138829e+04 2.141713e+04 2.144980e+04 2.148469e+04 2.151879e+04 2.154786e+04 2.156675e+04 2.130720e+04 2.012724e+04 1.839243e+04 1.695845e+04 1.614549e+04 1.583529e+04 1.605271e+04 1.675835e+04 1.762787e+04 1.856107e+04 1.955121e+04 2.062397e+04
2.196521e+04 2.196521e+04 2.196521e+04 2.196523e+04 2.196528e+04 2.196675e+04 2.197101e+04 2.198541e+04 2.199490e+04 2.200565e+04 2.203065e+04 2.206010e+04 2.209342e+04 2.212890e+04 2.216340e+04 2.219249e+04 2.221088e+04 2.193604e+04 2.071282e+04 1.891645e+04 1.742388e+04 1.656423e+04 1.621757e+04 1.638166e+04 1.705161e+04 1.789747e+04 1.881369e+04 1.978991e+04 2.085049e+04
2.266330e+04 2.266330e+04 2.266330e+04 2.266330e+04 2.266331e+04 2.266364e+04 2.266470e+04 2.267036e+04 2.267557e+04 2.268252e+04 2.270174e+04 2.272765e+04 2.275908e+04 2.279365e+04 2.282764e+04 2.285623e+04 2.287379e+04 2.258261e+04 2.131373e+04 1.945185e+04 1.789691e+04 1.698791e+04 1.660313e+04 1.671191e+04 1.734490e+04 1.816646e+04 1.906583e+04 2.002878e+04 2.107800e+04
2.334795e+04 2.334795e+04 2.334795e+04 2.334796e+04 2.334797e+04 2.334853e+04 2.335010e+04 2.335622e+04 2.336115e+04 2.336764e+04 2.338590e+04 2.341119e+04 2.344233e+04 2.347678e+04 2.351059e+04 2.353875e+04 2.355540e+04 2.324685e+04 2.192981e+04 1.999837e+04 1.837723e+04 1.741622e+04 1.699165e+04 1.704325e+04 1.763810e+04 1.843474e+04 1.931735e+04 2.026765e+04 2.130635e+04
2.402852e+04 2.402852e+04 2.402852e+04 2.402853e+04 2.402855e+04 2.402912e+04 2.403113e+04 2.404058e+04 2.404806e+04 2.405725e+04 2.408032e+04 2.410905e+04 2.414233e+04 2.417790e+04 2.421209e+04 2.423997e+04 2.425569e+04 2.392870e+04 2.256090e+04 2.055577e+04 1.886453e+04 1.784884e+04 1.738284e+04 1.737550e+04 1.793111e+04 1.870224e+04 1.956814e+04 2.050636e+04 2.153538e+04
2.472750e+04 2.472750e+04 2.472750e+04 2.472751e+04 2.472756e+04 2.472902e+04 2.473348e+04 2.474944e+04 2.475992e+04 2.477165e+04 2.479838e+04 2.482917e+04 2.486343e+04 2.489925e+04 2.493317e+04 2.496028e+04 2.497471e+04 2.462801e+04 2.320683e+04 2.112379e+04 1.935852e+04 1.828544e+04 1.777640e+04 1.770844e+04 1.822381e+04 1.896886e+04 1.981808e+04 2.074479e+04 2.176493e+04
2.549856e+04 2.549856e+04 2.549856e+04 2.549856e+04 2.549858e+04 2.549928e+04 2.550165e+04 2.551120e+04 2.551832e+04 2.552694e+04 2.554855e+04 2.557567e+04 2.560735e+04 2.564130e+04 2.567369e+04 2.569933e+04 2.571205e+04 2.534461e+04 2.386743e+04 2.170217e+04 1.985886e+04 1.872571e+04 1.817203e+04 1.804188e+04 1.851611e+04 1.923455e+04 2.006709e+04 2.098280e+04 2.199487e+04
2.628719e+04 2.628719e+04 2.628719e+04 2.628719e+04 2.628720e+04 2.628735e+04 2.628786e+04 2.629126e+04 2.629498e+04 2.630036e+04 2.631650e+04 2.633959e+04 2.636844e+04 2.640040e+04 2.643127e+04 2.645551e+04 2.646663e+04 2.607832e+04 2.454254e+04 2.229063e+04 2.036526e+04 1.916933e+04 1.856943e+04 1.837559e+04 1.880790e+04 1.949924e+04 2.031509e+04 2.122029e+04 2.222508e+04
2.704526e+04 2.704526e+04 2.704527e+04 2.704527e+04 2.704530e+04 2.704610e+04 2.704842e+04 2.705655e+04 2.706230e+04 2.706931e+04 2.708751e+04 2.711158e+04 2.714082e+04 2.717287e+04 2.720359e+04 2.722737e+04 2.723754e+04 2.682909e+04 2.523200e+04 2.288889e+04 2.087736e+04 1.961597e+04 1.896830e+04 1.870938e+04 1.909907e+04 1.976289e+04 2.056204e+04 2.145717e+04 2.245545e+04
2.781506e+04 2.781506e+04 2.781506e+04 2.781507e+04 2.781510e+04 2.781590e+04 2.781844e+04 2.782866e+04 2.783615e+04 2.784507e+04 2.786693e+04 2.789396e+04 2.792540e+04 2.795904e+04 2.799080e+04 2.801504e+04 2.802495e+04 2.759704e+04 2.593568e+04 2.349664e+04 2.139483e+04 2.006529e+04 1.936834e+04 1.904302e+04 1.938951e+04 2.002545e+04 2.080789e+04 2.169339e+04 2.268588e+04
2.860972e+04 2.860972e+04 2.860972e+04 2.860973e+04 2.860976e+04 2.861070e+04 2.861360e+04 2.862478e+04 2.863277e+04 2.864221e+04 2.866528e+04 2.869375e+04 2.872679e+04 2.876199e+04 2.879506e+04 2.882009e+04 2.883006e+04 2.838248e+04 2.665341e+04 2.411354e+04 2.191729e+04 2.051694e+04 1.976923e+04 1.937632e+04 1.967912e+04 2.028688e+04 2.105260e+04 2.192887e+04 2.291629e+04
2.943674e+04 2.943674e+04 2.943674e+04 2.943675e+04 2.943678e+04 2.943756e+04 2.943986e+04 2.944881e+04 2.945555e+04 2.946388e+04 2.948562e+04 2.951402e+04 2.954792e+04 2.958439e+04 2.961869e+04 2.964453e+04 2.965453e+04 2.918580e+04 2.738499e+04 2.473917e+04 2.244434e+04 2.097058e+04 2.017067e+04 1.970905e+04 1.996779e+04 2.054714e+04 2.129617e+04 2.216357e+04 2.314663e+04
3.027832e+04 3.027832e+04 3.027832e+04 3.027832e+04 3.027834e+04 3.027882e+04 3.028035e+04 3.028741e+04 3.029359e+04 3.030179e+04 3.032426e+04 3.035423e+04 3.038998e+04 3.042818e+04 3.046380e+04 3.049028e+04 3.050001e+04 3.000729e+04 2.813009e+04 2.537310e+04 2.297555e+04 2.142583e+04 2.057235e+04 2.004100e+04 2.025541e+04 2.080621e+04 2.153858e+04 2.239749e+04 2.337682e+04
3.111534e+04 3.111534e+04 3.111535e+04 3.111536e+04 3.111541e+04 3.111680e+04 3.112061e+04 3.113437e+04 3.114415e+04 3.115572e+04 3.118383e+04 3.121786e+04 3.125635e+04 3.129627e+04 3.133273e+04 3.135917e+04 3.136786e+04 3.084694e+04 2.888824e+04 2.601476e+04 2.351047e+04 2.188231e+04 2.097394e+04 2.037197e+04 2.054188e+04 2.106406e+04 2.177983e+04 2.263059e+04 2.360684e+04
3.200181e+04 3.200182e+04 3.200182e+04 3.200183e+04 3.200188e+04 3.200336e+04 3.200795e+04 3.202477e+04 3.203611e+04 3.204901e+04 3.207890e+04 3.211369e+04 3.215223e+04 3.219171e+04 3.222725e+04 3.225219e+04 3.225858e+04 3.170429e+04 2.965873e+04 2.666354e+04 2.404858e+04 2.233964e+04 2.137513e+04 2.070174e+04 2.082709e+04 2.132067e+04 2.201994e+04 2.286289e+04 2.383666e+04
3.296149e+04 3.296149e+04 3.296149e+04 3.296149e+04 3.296151e+04 3.296198e+04 3.296382e+04 3.297288e+04 3.298021e+04 3.298936e+04 3.301282e+04 3.304258e+04 3.307720e+04 3.311350e+04 3.314618e+04 3.316814e+04 3.317103e+04 3.257837e+04 3.044067e+04 2.731869e+04 2.458937e+04 2.279740e+04 2.177560e+04 2.103013e+04 2.111095e+04 2.157602e+04 2.225893e+04 2.309440e+04 2.406627e+04
3.393047e+04 3.393047e+04 3.393047e+04 3.393048e+04 3.393049e+04 3.393094e+04 3.393235e+04 3.393829e+04 3.394315e+04 3.394955e+04 3.396742e+04 3.399226e+04 3.402282e+04 3.405569e+04 3.408517e+04 3.410373e+04 3.410259e+04 3.346771e+04 3.123293e+04 2.797943e+04 2.513226e+04 2.325519e+04 2.217504e+04 2.135692e+04 2.139336e+04 2.183009e+04 2.249682e+04 2.332513e+04 2.429567e+04
3.488854e+04 3.488854e+04 3.488854e+04 3.488854e+04 3.488856e+04 3.488911e+04 3.489080e+04 3.489741e+04 3.490249e+04 3.490897e+04 3.492668e+04 3.495099e+04 3.498068e+04 3.501220e+04 3.503969e+04 3.505542e+04 3.505035e+04 3.437051e+04 3.203420e+04 2.864487e+04 2.567667e+04 2.371260e+04 2.257313e+04 2.168194e+04 2.167423e+04 2.208289e+04 2.273365e+04 2.355514e+04 2.452487e+04
3.584300e+04 3.584300e+04 3.584300e+04 3.584300e+04 3.584302e+04 3.584357e+04 3.584535e+04 3.585352e+04 3.586020e+04 3.586861e+04 3.589034e+04 3.591789e+04 3.594945e+04 3.598140e+04 3.600788e+04 3.602116e+04 3.601214e+04 3.528470e+04 3.284302e+04 2.931408e+04 2.622200e+04 2.416922e+04 2.296957e+04 2.200500e+04 2.195349e+04 2.233440e+04 2.296947e+04 2.378447e+04 2.475390e+04
3.680238e+04 3.680238e+04 3.680238e+04 3.680239e+04 3.680244e+04 3.680378e+04 3.680781e+04 3.682240e+04 3.683241e+04 3.684390e+04 3.687053e+04 3.690107e+04 3.693381e+04 3.696534e+04 3.698996e+04 3.699999e+04 3.698629e+04 3.620806e+04 3.365785e+04 2.998611e+04 2.676767e+04 2.462464e+04 2.336407e+04 2.232593e+04 2.223104e+04 2.258463e+04 2.320431e+04 2.401318e+04 2.498280e+04
3.781664e+04 3.781664e+04 3.781664e+04 3.781665e+04 3.781670e+04 3.781804e+04 3.782211e+04 3.783631e+04 3.784563e+04 3.785610e+04 3.788007e+04 3.790746e+04 3.793678e+04 3.796454e+04 3.798491e+04 3.798996e+04 3.797032e+04 3.713810e+04 3.447707e+04 3.066001e+04 2.731307e+04 2.507846e+04 2.375634e+04 2.264457e+04 2.250684e+04 2.283358e+04 2.343825e+04 2.424132e+04 2.521161e+04
3.888434e+04 3.888434e+04 3.888434e+04 3.888434e+04 3.888434e+04 3.888435e+04 3.888461e+04 3.888793e+04 3.889145e+04 3.889637e+04 3.891039e+04 3.892950e+04 3.895178e+04 3.897326e+04 3.898759e+04 3.898644e+04 3.896002e+04 3.807218e+04 3.529913e+04 3.133484e+04 2.785764e+04 2.553032e+04 2.414611e+04 2.296079e+04 2.278080e+04 2.308128e+04 2.367133e+04 2.446898e+04 2.544040e+04
3.992015e+04 3.992015e+04 3.992015e+04 3.992015e+04 3.992015e+04 3.992014e+04 3.992014e+04 3.992110e+04 3.992271e+04 3.992543e+04 3.993454e+04 3.994837e+04 3.996526e+04 3.998127e+04 3.999001e+04 3.998295e+04 3.994998e+04 3.900767e+04 3.612255e+04 3.200975e+04 2.840085e+04 2.597986e+04 2.453314e+04 2.327444e+04 2.305290e+04 2.332775e+04 2.390363e+04 2.469624e+04 2.566924e+04
4.090995e+04 4.090995e+04 4.090995e+04 4.090996e+04 4.090998e+04 4.091069e+04 4.091267e+04 4.091915e+04 4.092340e+04 4.092821e+04 4.093946e+04 4.095288e+04 4.096760e+04 4.098040e+04 4.098524e+04 4.097362e+04 4.093528e+04 3.994230e+04 3.694605e+04 3.268395e+04 2.894221e+04 2.642676e+04 2.491721e+04 2.358541e+04 2.332309e+04 2.357300e+04 2.413522e+04 2.492319e+04 2.589819e+04
4.190016e+04 4.190016e+04 4.190016e+04 4.190017e+04 4.190019e+04 4.190091e+04 4.190312e+04 4.191082e+04 4.191556e+04 4.192057e+04 4.193127e+04 4.194326e+04 4.195611e+04 4.196682e+04 4.196929e+04 4.195478e+04 4.191267e+04 4.087444e+04 3.776862e+04 3.335677e+04 2.948127e+04 2.687072e+04 2.529810e+04 2.389362e+04 2.359135e+04 2.381709e+04 2.436619e+04 2.514993e+04 2.612736e+04
4.290366e+04 4.290366e+04 4.290366e+04 4.290365e+04 4.290364e+04 4.290333e+04 4.290291e+04 4.290281e+04 4.290331e+04 4.290439e+04 4.290893e+04 4.291724e+04 4.292835e+04 4.293838e+04 4.294042e+04 4.292502e+04 4.288102e+04 4.180334e+04 3.858954e+04 3.402765e+04 3.001763e+04 2.731147e+04 2.567564e+04 2.419898e+04 2.385767e+04 2.406005e+04 2.459662e+04 2.537656e+04 2.635684e+04
4.385971e+04 4.385971e+04 4.385971e+04 4.385971e+04 4.385970e+04 4.385929e+04 4.385803e+04 4.385428e+04 4.385305e+04 4.385299e+04 4.385730e+04 4.386758e+04 4.388177e+04 4.389502e+04 4.389969e+04 4.388580e+04 4.384174e+04 4.272910e+04 3.940834e+04 3.469611e+04 3.055097e+04 2.774879e+04 2.604968e+04 2.450142e+04 2.412205e+04 2.430195e+04 2.482661e+04 2.560319e+04 2.658673e+04
4.473904e+04 4.473904e+04 4.473904e+04 4.473904e+04 4.473903e+04 4.473936e+04 4.474098e+04 4.474834e+04 4.475406e+04 4.476110e+04 4.477881e+04 4.480044e+04 4.482369e+04 4.484383e+04 4.485333e+04 4.484223e+04 4.479888e+04 4.365241e+04 4.022476e+04 3.536180e+04 3.108100e+04 2.818249e+04 2.642010e+04 2.480093e+04 2.438451e+04 2.454284e+04 2.505625e+04 2.582994e+04 2.681714e+04
4.562764e+04 4.562764e+04 4.562764e+04 4.562766e+04 4.562771e+04 4.562944e+04 4.563481e+04 4.565464e+04 4.566760e+04 4.568171e+04 4.571188e+04 4.574320e+04 4.577357e+04 4.579869e+04 4.581129e+04 4.580151e+04 4.575763e+04 4.457407e+04 4.103863e+04 3.602439e+04 3.160747e+04 2.861240e+04 2.678679e+04 2.509747e+04 2.464508e+04 2.478280e+04 2.528565e+04 2.605694e+04 2.704819e+04
4.662165e+04 4.662165e+04 4.662165e+04 4.662166e+04 4.662172e+04 4.662342e+04 4.662815e+04 4.664350e+04 4.665353e+04 4.666481e+04 4.669025e+04 4.671823e+04 4.674629e+04 4.676960e+04 4.678039e+04 4.676834e+04 4.672128e+04 4.549449e+04 4.184973e+04 3.668363e+04 3.213018e+04 2.903840e+04 2.714970e+04 2.539105e+04 2.490380e+04 2.502191e+04 2.551493e+04 2.628430e+04 2.728000e+04
4.768198e+04 4.768198e+04 4.768198e+04 4.768197e+04 4.768197e+04 4.768186e+04 4.768160e+04 4.768255e+04 4.768470e+04 4.768831e+04 4.770009e+04 4.771719e+04 4.773686e+04 4.775358e+04 4.775883e+04 4.774157e+04 4.768902e+04 4.641333e+04 4.265779e+04 3.733928e+04 3.264897e+04 2.946040e+04 2.750878e+04 2.568170e+04 2.516075e+04 2.526026e+04 2.574420e+04 2.651217e+04 2.751271e+04
4.869614e+04 4.869614e+04 4.869614e+04 4.869614e+04 4.869613e+04 4.869602e+04 4.869568e+04 4.869526e+04 4.869582e+04 4.869728e+04 4.870365e+04 4.871466e+04 4.872823e+04 4.873906e+04 4.873859e+04 4.871555e+04 4.865681e+04 4.732957e+04 4.346240e+04 3.799112e+04 3.316372e+04 2.987833e+04 2.786403e+04 2.596948e+04 2.541600e+04 2.549797e+04 2.597360e+04 2.674069e+04 2.774644e+04
4.966123e+04 4.966123e+04 4.966123e+04 4.966124e+04 4.966126e+04 4.966188e+04 4.966356e+04 4.966889e+04 4.967234e+04 4.967629e+04 4.968569e+04 4.969707e+04 4.970892e+04 4.971664e+04 4.971213e+04 4.968428e+04 4.961991e+04 4.824184e+04 4.426315e+04 3.863898e+04 3.367434e+04 3.029218e+04 2.821546e+04 2.625444e+04 2.566965e+04 2.573514e+04 2.620324e+04 2.696998e+04 2.798135e+04
