0.000000e+00 0.000000e+00 0.000000e+00 0.000000e+00 0.000000e+00 1.502411e-75 1.756120e-39 9.308965e-21 6.868445e-17 2.879577e-14 6.543592e-11 7.914820e-09 2.165540e-07 2.508491e-06 1.685923e-05 7.832770e-05 2.795010e-04 1.792265e-02 2.030425e-01 1.071520e+00 3.507086e+00 7.964916e+00 1.370777e+01 2.457695e+01 3.212619e+01 3.705255e+01 4.044326e+01 4.301743e+01 4.522149e+01
0.000000e+00 0.000000e+00 0.000000e+00 0.000000e+00 0.000000e+00 3.508939e-75 2.447616e-39 1.074112e-20 7.673774e-17 3.152026e-14 6.989603e-11 8.335198e-09 2.259012e-07 2.598363e-06 1.736547e-05 8.030761e-05 2.854634e-04 1.809454e-02 2.040865e-01 1.075286e+00 3.516986e+00 7.984142e+00 1.373655e+01 2.461623e+01 3.216545e+01 3.708759e+01 4.047358e+01 4.304391e+01 4.524544e+01
0.000000e+00 0.000000e+00 0.000000e+00 0.000000e+00 0.000000e+00 1.497513e-74 4.101487e-39 1.297449e-20 8.827135e-17 3.520378e-14 7.550070e-11 8.840433e-09 2.368036e-07 2.700955e-06 1.793405e-05 8.250337e-05 2.920089e-04 1.827754e-02 2.051806e-01 1.079190e+00 3.527174e+00 8.003823e+00 1.376589e+01 2.465609e+01 3.220514e+01 3.712294e+01 4.050412e+01 4.307056e+01 4.526952e+01
0.000000e+00 0.000000e+00 0.000000e+00 0.000000e+00 0.000000e+00 8.530144e-74 8.080965e-39 1.640873e-20 1.045839e-16 4.013445e-14 8.249953e-11 9.445106e-09 2.494821e-07 2.817807e-06 1.857157e-05 8.493518e-05 2.991864e-04 1.847227e-02 2.063266e-01 1.083238e+00 3.537657e+00 8.023967e+00 1.379581e+01 2.469652e+01 3.224527e+01 3.715860e+01 4.053487e+01 4.309738e+01 4.529374e+01
0.000000e+00 0.000000e+00 0.000000e+00 0.000000e+00 0.000000e+00 5.725440e-73 1.750395e-38 2.174145e-20 1.275889e-16 4.669890e-14 9.119631e-11 1.016612e-08 2.641852e-07 2.950622e-06 1.928520e-05 8.762481e-05 3.070483e-04 1.867938e-02 2.075269e-01 1.087433e+00 3.548440e+00 8.044580e+00 1.382632e+01 2.473753e+01 3.228584e+01 3.719458e+01 4.056585e+01 4.312436e+01 4.531810e+01
0.000000e+00 0.000000e+00 0.000000e+00 0.000000e+00 0.000000e+00 4.211104e-72 4.065274e-38 3.006168e-20 1.604152e-16 5.545223e-14 1.019735e-10 1.102345e-08 2.811964e-07 3.101293e-06 2.008279e-05 9.059584e-05 3.156508e-04 1.889955e-02 2.087835e-01 1.091779e+00 3.559531e+00 8.065671e+00 1.385741e+01 2.477912e+01 3.232685e+01 3.723086e+01 4.059705e+01 4.315151e+01 4.534259e+01
0.000000e+00 0.000000e+00 0.000000e+00 0.000000e+00 0.000000e+00 3.281971e-71 9.970613e-38 4.283615e-20 2.073163e-16 6.725352e-14 1.153314e-10 1.204120e-08 3.008426e-07 3.271944e-06 2.097298e-05 9.387384e-05 3.250542e-04 1.913349e-02 2.100988e-01 1.096281e+00 3.570935e+00 8.087246e+00 1.388909e+01 2.482129e+01 3.236830e+01 3.726745e+01 4.062846e+01 4.317882e+01 4.536721e+01
0.000000e+00 0.000000e+00 0.000000e+00 0.000000e+00 0.000000e+00 2.663632e-70 2.545455e-37 6.243879e-20 2.734879e-16 8.314750e-14 1.319534e-10 1.324927e-08 3.235081e-07 3.464991e-06 2.196539e-05 9.748682e-05 3.353239e-04 1.938194e-02 2.114751e-01 1.100944e+00 3.582659e+00 8.109313e+00 1.392138e+01 2.486405e+01 3.241020e+01 3.730436e+01 4.066010e+01 4.320629e+01 4.539197e+01
0.000000e+00 0.000000e+00 0.000000e+00 0.000000e+00 0.000000e+00 2.227729e-69 6.692284e-37 9.278617e-20 3.665656e-16 1.043424e-13 1.528090e-10 1.468566e-08 3.496523e-07 3.683212e-06 2.307079e-05 1.014656e-04 3.465308e-04 1.964569e-02 2.129147e-01 1.105772e+00 3.594711e+00 8.131879e+00 1.395428e+01 2.490741e+01 3.245254e+01 3.734157e+01 4.069195e+01 4.323393e+01 4.541687e+01
0.000000e+00 0.000000e+00 0.000000e+00 0.000000e+00 0.000000e+00 1.906792e-68 1.799112e-36 1.403055e-19 4.979388e-16 1.325063e-13 1.788851e-10 1.640040e-08 3.798338e-07 3.929844e-06 2.430137e-05 1.058443e-04 3.587523e-04 1.992557e-02 2.144203e-01 1.110770e+00 3.607095e+00 8.154952e+00 1.398780e+01 2.495135e+01 3.249533e+01 3.737910e+01 4.072402e+01 4.326173e+01 4.544190e+01
0.000000e+00 0.000000e+00 0.000000e+00 0.000000e+00 1.857648e-311 1.662335e-67 4.922225e-36 2.154949e-19 6.846052e-16 1.699619e-13 2.112824e-10 1.845927e-08 4.147454e-07 4.208707e-06 2.567107e-05 1.106612e-04 3.720738e-04 2.022244e-02 2.159942e-01 1.115943e+00 3.619820e+00 8.178538e+00 1.402193e+01 2.499589e+01 3.253856e+01 3.741693e+01 4.075631e+01 4.328970e+01 4.546707e+01
0.000000e+00 0.000000e+00 0.000000e+00 0.000000e+00 1.679731e-286 1.002638e-62 8.974637e-34 2.180946e-18 3.899653e-15 6.665965e-13 5.337167e-10 3.635191e-08 6.939452e-07 6.282269e-06 3.528270e-05 1.430611e-04 4.589113e-04 2.199625e-02 2.249891e-01 1.144598e+00 3.688777e+00 8.304417e+00 1.420213e+01 2.522765e+01 3.276141e+01 3.761074e+01 4.092101e+01 4.343196e+01 4.559492e+01
0.000000e+00 0.000000e+00 0.000000e+00 0.000000e+00 1.812122e-261 7.210207e-58 1.943050e-31 2.609207e-17 2.617451e-14 3.042611e-12 1.514483e-09 7.871932e-08 1.266408e-06 1.016251e-05 5.207060e-05 1.962878e-04 5.940131e-04 2.436446e-02 2.361514e-01 1.178402e+00 3.767257e+00 8.444186e+00 1.439874e+01 2.547469e+01 3.299544e+01 3.781221e+01 4.109107e+01 4.357825e+01 4.572611e+01
0.000000e+00 0.000000e+00 0.000000e+00 0.000000e+00 2.153658e-236 5.710978e-53 4.628986e-29 3.420942e-16 1.925154e-13 1.522481e-11 4.679881e-09 1.827997e-07 2.447888e-06 1.731398e-05 8.077504e-05 2.827292e-04 8.050394e-04 2.753796e-02 2.499715e-01 1.218113e+00 3.856171e+00 8.598712e+00 1.461242e+01 2.573721e+01 3.324061e+01 3.802126e+01 4.126639e+01 4.372849e+01 4.586062e+01
0.000000e+00 0.000000e+00 0.000000e+00 0.000000e+00 2.721189e-211 4.808807e-48 1.171951e-26 4.757339e-15 1.500391e-12 8.071134e-11 1.532741e-08 4.483114e-07 4.959778e-06 3.070580e-05 1.299179e-04 4.216049e-04 1.128913e-03 3.184809e-02 2.671029e-01 1.264650e+00 3.956531e+00 8.768888e+00 1.484380e+01 2.601535e+01 3.349684e+01 3.823773e+01 4.144686e+01 4.388261e+01 4.599841e+01
0.000000e+00 0.000000e+00 0.000000e+00 0.000000e+00 3.586675e-186 4.223800e-43 3.094659e-24 6.894279e-14 1.217710e-11 4.453206e-10 5.224878e-08 1.144483e-06 1.043937e-05 5.635187e-05 2.154041e-04 6.464257e-04 1.625735e-03 3.767261e-02 2.884506e-01 1.319166e+00 4.069517e+00 8.955678e+00 1.509351e+01 2.630917e+01 3.376398e+01 3.846146e+01 4.163233e+01 4.404052e+01 4.613944e+01
0.000000e+00 0.000000e+00 0.000000e+00 2.038844e-313 4.875930e-161 3.826446e-38 8.427781e-22 1.029986e-12 1.018432e-10 2.530846e-09 1.833706e-07 3.008874e-06 2.262796e-05 1.063811e-04 3.666350e-04 1.015340e-03 2.394560e-03 4.542460e-02 3.153031e-01 1.383146e+00 4.196564e+00 9.160192e+00 1.536221e+01 2.661871e+01 3.404183e+01 3.869223e+01 4.182265e+01 4.420213e+01 4.628367e+01
0.000000e+00 0.000000e+00 0.000000e+00 4.713651e-263 6.787064e-136 3.549307e-33 2.349924e-19 1.575138e-11 8.717117e-10 1.471598e-08 6.580808e-07 8.088251e-06 5.016143e-05 2.053816e-04 6.378207e-04 1.628325e-03 3.597020e-03 5.567707e-02 3.486842e-01 1.458600e+00 4.339467e+00 9.383769e+00 1.565069e+01 2.694398e+01 3.433018e+01 3.892983e+01 4.201765e+01 4.436733e+01 4.643104e+01
0.000000e+00 0.000000e+00 0.000000e+00 1.110267e-212 9.624961e-111 3.354147e-28 6.675380e-17 2.453765e-10 7.599533e-09 8.713834e-08 2.403948e-06 2.212360e-05 1.131455e-04 4.035149e-04 1.129191e-03 2.656821e-03 5.494660e-03 6.921701e-02 3.895775e-01 1.548130e+00 4.500536e+00 9.628085e+00 1.595992e+01 2.728502e+01 3.462879e+01 3.917399e+01 4.221716e+01 4.453602e+01 4.658153e+01
0.000000e+00 0.000000e+00 0.000000e+00 2.654880e-162 1.385681e-85 3.217856e-23 1.925034e-14 3.880186e-09 6.724595e-08 5.236361e-07 8.907720e-06 6.135180e-05 2.586695e-04 8.035042e-04 2.026370e-03 4.394503e-03 8.508629e-03 8.711431e-02 4.392477e-01 1.652819e+00 4.683017e+00 9.895281e+00 1.629113e+01 2.764195e+01 3.493742e+01 3.942449e+01 4.242098e+01 4.470807e+01 4.673506e+01
0.000000e+00 0.000000e+00 0.000000e+00 6.427891e-112 2.019917e-60 3.125767e-18 5.620857e-12 6.211800e-08 6.022865e-07 3.184009e-06 3.337244e-05 1.718897e-04 5.971663e-04 1.615478e-03 3.672092e-03 7.342065e-03 1.331262e-02 1.107980e-01 4.992583e-01 1.773637e+00 4.890367e+00 1.018820e+01 1.664598e+01 2.801498e+01 3.525589e+01 3.968106e+01 4.262893e+01 4.488339e+01 4.689161e+01
0.000000e+00 0.000000e+00 2.482507e-268 1.572649e-61 2.975388e-35 3.068209e-13 1.658149e-09 1.003392e-06 5.437746e-06 1.949847e-05 1.257483e-04 4.840428e-04 1.385490e-03 3.264896e-03 6.692012e-03 1.234292e-02 2.097079e-02 1.421379e-01 5.715117e-01 1.911831e+00 5.122564e+00 1.051113e+01 1.702662e+01 2.840452e+01 3.558403e+01 3.994350e+01 4.284085e+01 4.506188e+01 4.705112e+01
1.817285e-59 2.987591e-21 3.549292e-16 3.768313e-11 4.084627e-10 2.648860e-08 4.704003e-07 1.597213e-05 4.846849e-05 1.180539e-04 4.698622e-04 1.355573e-03 3.204566e-03 6.590781e-03 1.220049e-02 2.078553e-02 3.312814e-02 1.835245e-01 6.582682e-01 2.068871e+00 5.379695e+00 1.086708e+01 1.743608e+01 2.881120e+01 3.592179e+01 4.021159e+01 4.305656e+01 4.524343e+01 4.721357e+01
2.067367e-05 2.073391e-05 2.073993e-05 2.082401e-05 2.108687e-05 2.861291e-05 5.372311e-05 2.100390e-04 3.829193e-04 6.576909e-04 1.677950e-03 3.695586e-03 7.289636e-03 1.316628e-02 2.209988e-02 3.487318e-02 5.224568e-02 2.379347e-01 7.621336e-01 2.246457e+00 5.662097e+00 1.125429e+01 1.787921e+01 2.923595e+01 3.626920e+01 4.048519e+01 4.327593e+01 4.542796e+01 4.737892e+01
7.787166e-04 7.787214e-04 7.787364e-04 7.792148e-04 7.807100e-04 8.277036e-04 9.741812e-04 1.623040e-03 2.185039e-03 2.962668e-03 5.399612e-03 9.508918e-03 1.601424e-02 2.572370e-02 3.944603e-02 5.792957e-02 8.184719e-02 3.089591e-01 8.860115e-01 2.446508e+00 5.970265e+00 1.167158e+01 1.835729e+01 2.968009e+01 3.662646e+01 4.076422e+01 4.349886e+01 4.561542e+01 4.754717e+01
5.150631e-03 5.150642e-03 5.150679e-03 5.151849e-03 5.155504e-03 5.271826e-03 5.638770e-03 7.206637e-03 8.485416e-03 1.016679e-02 1.503168e-02 2.250366e-02 3.340963e-02 4.859012e-02 6.880132e-02 9.467145e-02 1.267167e-01 4.007636e-01 1.033019e+00 2.671122e+00 6.304876e+00 1.211803e+01 1.886725e+01 3.014553e+01 3.699392e+01 4.104867e+01 4.372528e+01 4.580576e+01 4.771832e+01
1.821542e-02 1.821545e-02 1.821552e-02 1.821794e-02 1.822549e-02 1.846337e-02 1.919725e-02 2.223784e-02 2.463822e-02 2.771162e-02 3.622193e-02 4.855957e-02 6.557203e-02 8.801570e-02 1.164747e-01 1.513603e-01 1.929691e-01 5.179569e-01 1.206369e+00 2.922508e+00 6.666808e+00 1.259289e+01 1.940690e+01 3.063519e+01 3.737215e+01 4.133863e+01 4.395516e+01 4.599897e+01 4.789237e+01
4.791686e-02 4.791690e-02 4.791704e-02 4.792135e-02 4.793482e-02 4.834529e-02 4.959664e-02 5.470874e-02 5.867642e-02 6.368202e-02 7.718248e-02 9.600856e-02 1.208808e-01 1.523039e-01 1.905535e-01 2.357408e-01 2.879107e-01 6.653432e-01 1.409220e+00 3.202914e+00 7.057145e+00 1.309563e+01 1.997436e+01 3.115328e+01 3.776201e+01 4.163428e+01 4.418856e+01 4.619507e+01 4.806938e+01
1.050957e-01 1.050957e-01 1.050959e-01 1.051016e-01 1.051192e-01 1.057126e-01 1.076209e-01 1.154183e-01 1.214183e-01 1.289234e-01 1.488075e-01 1.757021e-01 2.099637e-01 2.516497e-01 3.006203e-01 3.566624e-01 4.195997e-01 8.475570e-01 1.644509e+00 3.514548e+00 7.477164e+00 1.362598e+01 2.056797e+01 3.169739e+01 3.816470e+01 4.193596e+01 4.442557e+01 4.639412e+01 4.824941e+01
2.030173e-01 2.030174e-01 2.030177e-01 2.030266e-01 2.030545e-01 2.039455e-01 2.067205e-01 2.179018e-01 2.264340e-01 2.370285e-01 2.646197e-01 3.008023e-01 3.452753e-01 3.975202e-01 4.569954e-01 5.232542e-01 5.960178e-01 1.068608e+00 1.914800e+00 3.859517e+00 7.928309e+00 1.418396e+01 2.118630e+01 3.226419e+01 3.858195e+01 4.224414e+01 4.466637e+01 4.659621e+01 4.843254e+01
3.582987e-01 3.582988e-01 3.582992e-01 3.583123e-01 3.583518e-01 3.595656e-01 3.633324e-01 3.785570e-01 3.901174e-01 4.043269e-01 4.404349e-01 4.859979e-01 5.399223e-01 6.012491e-01 6.692660e-01 7.435178e-01 8.238020e-01 1.331411e+00 2.222163e+00 4.239805e+00 8.412169e+00 1.476992e+01 2.182822e+01 3.285109e+01 3.901669e+01 4.255949e+01 4.491124e+01 4.680151e+01 4.861890e+01
5.901448e-01 5.901450e-01 5.901455e-01 5.901614e-01 5.902111e-01 5.918014e-01 5.967856e-01 6.167514e-01 6.315840e-01 6.493853e-01 6.928292e-01 7.451433e-01 8.049428e-01 8.713641e-01 9.439091e-01 1.022343e+00 1.106661e+00 1.637423e+00 2.568133e+00 4.657272e+00 8.930461e+00 1.538453e+01 2.249293e+01 3.345581e+01 3.947076e+01 4.288290e+01 4.516053e+01 4.701022e+01 4.880865e+01
9.211426e-01 9.211428e-01 9.211434e-01 9.211620e-01 9.212210e-01 9.232123e-01 9.295017e-01 9.533611e-01 9.699043e-01 9.889376e-01 1.033389e+00 1.085349e+00 1.144198e+00 1.209602e+00 1.281375e+00 1.359467e+00 1.443987e+00 1.986541e+00 2.953773e+00 5.113712e+00 9.485025e+00 1.602878e+01 2.318001e+01 3.407632e+01 3.994101e+01 4.321556e+01 4.541472e+01 4.722259e+01 4.900196e+01
1.372941e+00 1.372941e+00 1.372941e+00 1.372954e+00 1.372994e+00 1.374315e+00 1.378674e+00 1.395258e+00 1.406909e+00 1.420707e+00 1.454797e+00 1.497515e+00 1.548592e+00 1.607660e+00 1.674419e+00 1.748723e+00 1.830629e+00 2.377372e+00 3.379847e+00 5.610929e+00 1.007784e+01 1.670395e+01 2.388941e+01 3.471078e+01 4.042510e+01 4.355917e+01 4.567440e+01 4.743896e+01 4.919908e+01
1.884409e+00 1.884409e+00 1.884409e+00 1.884408e+00 1.884404e+00 1.884288e+00 1.884197e+00 1.887339e+00 1.892003e+00 1.899235e+00 1.921723e+00 1.954658e+00 1.997426e+00 2.049458e+00 2.110382e+00 2.180058e+00 2.258573e+00 2.807866e+00 3.847085e+00 6.150852e+00 1.071104e+01 1.741158e+01 2.462148e+01 3.535764e+01 4.092110e+01 4.391649e+01 4.594032e+01 4.765973e+01 4.940027e+01
2.347506e+00 2.347506e+00 2.347506e+00 2.347507e+00 2.347509e+00 2.347966e+00 2.350434e+00 2.361130e+00 2.368760e+00 2.377887e+00 2.401253e+00 2.432347e+00 2.471815e+00 2.520000e+00 2.577183e+00 2.643687e+00 2.719921e+00 3.276142e+00 4.356493e+00 6.735655e+00 1.138695e+01 1.815346e+01 2.537691e+01 3.601562e+01 4.142735e+01 4.428715e+01 4.621343e+01 4.788539e+01 4.960587e+01
2.835239e+00 2.835239e+00 2.835239e+00 2.835241e+00 2.835246e+00 2.835873e+00 2.838682e+00 2.850366e+00 2.858798e+00 2.868883e+00 2.893989e+00 2.925806e+00 2.964830e+00 3.011838e+00 3.067693e+00 3.133229e+00 3.209233e+00 3.781279e+00 4.909657e+00 7.367870e+00 1.210811e+01 1.893160e+01 2.615672e+01 3.668375e+01 4.194237e+01 4.466894e+01 4.649494e+01 4.811650e+01 4.981623e+01
3.352238e+00 3.352238e+00 3.352238e+00 3.352241e+00 3.352251e+00 3.352548e+00 3.353614e+00 3.361793e+00 3.369739e+00 3.379869e+00 3.405382e+00 3.437226e+00 3.475996e+00 3.522903e+00 3.579191e+00 3.645960e+00 3.724164e+00 4.323899e+00 5.508982e+00 8.050470e+00 1.287732e+01 1.974821e+01 2.696221e+01 3.736138e+01 4.246485e+01 4.506040e+01 4.678659e+01 4.835373e+01 5.003179e+01
3.855696e+00 3.855696e+00 3.855697e+00 3.855734e+00 3.855850e+00 3.859499e+00 3.869243e+00 3.892063e+00 3.902751e+00 3.913409e+00 3.937021e+00 3.966652e+00 4.004620e+00 4.052444e+00 4.111244e+00 4.181920e+00 4.265264e+00 4.906516e+00 6.157842e+00 8.786925e+00 1.369761e+01 2.060568e+01 2.779494e+01 3.804819e+01 4.299367e+01 4.546033e+01 4.709040e+01 4.859790e+01 5.025303e+01
4.489426e+00 4.489426e+00 4.489425e+00 4.489388e+00 4.489276e+00 4.485702e+00 4.476701e+00 4.463032e+00 4.461922e+00 4.464567e+00 4.479977e+00 4.507898e+00 4.548036e+00 4.600552e+00 4.665793e+00 4.744204e+00 4.836313e+00 5.533660e+00 6.860610e+00 9.581203e+00 1.457229e+01 2.150656e+01 2.865669e+01 3.874419e+01 4.352791e+01 4.586773e+01 4.740506e+01 4.884997e+01 5.048050e+01
4.932632e+00 4.932632e+00 4.932633e+00 4.932668e+00 4.932777e+00 4.936250e+00 4.945594e+00 4.967361e+00 4.978158e+00 4.989870e+00 5.018965e+00 5.058388e+00 5.109664e+00 5.173484e+00 5.250340e+00 5.340729e+00 5.445216e+00 6.211755e+00 7.622581e+00 1.043773e+01 1.550488e+01 2.245356e+01 2.954941e+01 3.944967e+01 4.406687e+01 4.628172e+01 4.772932e+01 4.911117e+01 5.071484e+01
5.503229e+00 5.503229e+00 5.503229e+00 5.503225e+00 5.503214e+00 5.502883e+00 5.503025e+00 5.515091e+00 5.528048e+00 5.544860e+00 5.588173e+00 5.643183e+00 5.709798e+00 5.788501e+00 5.879945e+00 5.984842e+00 6.103942e+00 6.948720e+00 8.449792e+00 1.136133e+01 1.649915e+01 2.344951e+01 3.047519e+01 4.016524e+01 4.461006e+01 4.670155e+01 4.806235e+01 4.938334e+01 5.095676e+01
6.081156e+00 6.081157e+00 6.081158e+00 6.081196e+00 6.081317e+00 6.085149e+00 6.096166e+00 6.129532e+00 6.150102e+00 6.173385e+00 6.228717e+00 6.296083e+00 6.375661e+00 6.467821e+00 6.573162e+00 6.692414e+00 6.826361e+00 7.753323e+00 9.348779e+00 1.235709e+01 1.755898e+01 2.449736e+01 3.143627e+01 4.089173e+01 4.515720e+01 4.712660e+01 4.840347e+01 4.966728e+01 5.120708e+01
6.848640e+00 6.848640e+00 6.848640e+00 6.848646e+00 6.848662e+00 6.849185e+00 6.851558e+00 6.869941e+00 6.887249e+00 6.909499e+00 6.966993e+00 7.039921e+00 7.127326e+00 7.229130e+00 7.345685e+00 7.477525e+00 7.625263e+00 8.634494e+00 1.032632e+01 1.343028e+01 1.868843e+01 2.560014e+01 3.243495e+01 4.163021e+01 4.570825e+01 4.755639e+01 4.875215e+01 4.996185e+01 5.146679e+01
7.652334e+00 7.652335e+00 7.652336e+00 7.652372e+00 7.652483e+00 7.656046e+00 7.666526e+00 7.699926e+00 7.721227e+00 7.745778e+00 7.805755e+00 7.881365e+00 7.973273e+00 8.081851e+00 8.207407e+00 8.350246e+00 8.510697e+00 9.600835e+00 1.138919e+01 1.458622e+01 1.989159e+01 2.676098e+01 3.347368e+01 4.238197e+01 4.626339e+01 4.799057e+01 4.910796e+01 5.026639e+01 5.173714e+01
8.628017e+00 8.628017e+00 8.628017e+00 8.628022e+00 8.628039e+00 8.628560e+00 8.630842e+00 8.647753e+00 8.663954e+00 8.685280e+00 8.742634e+00 8.819117e+00 8.914734e+00 9.029629e+00 9.163868e+00 9.317454e+00 9.490398e+00 1.066042e+01 1.254400e+01 1.583018e+01 2.117261e+01 2.798307e+01 3.455493e+01 4.314844e+01 4.682300e+01 4.842893e+01 4.947055e+01 5.058046e+01 5.201985e+01
9.616547e+00 9.616547e+00 9.616548e+00 9.616581e+00 9.616685e+00 9.619970e+00 9.629295e+00 9.660154e+00 9.680898e+00 9.705483e+00 9.767728e+00 9.849402e+00 9.951805e+00 1.007534e+01 1.021995e+01 1.038542e+01 1.057151e+01 1.182084e+01 1.379703e+01 1.716729e+01 2.253562e+01 2.926964e+01 3.568127e+01 4.393121e+01 4.738765e+01 4.887140e+01 4.983965e+01 5.090375e+01 5.231477e+01
1.074414e+01 1.074414e+01 1.074414e+01 1.074415e+01 1.074418e+01 1.074541e+01 1.075040e+01 1.077451e+01 1.079433e+01 1.081964e+01 1.088717e+01 1.097758e+01 1.109071e+01 1.122616e+01 1.138346e+01 1.156223e+01 1.176220e+01 1.308917e+01 1.515411e+01 1.860247e+01 2.398473e+01 3.062399e+01 3.685534e+01 4.473199e+01 4.795810e+01 4.931807e+01 5.021510e+01 5.123604e+01 5.262121e+01
1.193307e+01 1.193307e+01 1.193307e+01 1.193310e+01 1.193317e+01 1.193564e+01 1.194338e+01 1.197529e+01 1.200031e+01 1.203168e+01 1.211310e+01 1.221821e+01 1.234582e+01 1.249526e+01 1.266618e+01 1.285841e+01 1.307191e+01 1.447189e+01 1.662056e+01 2.014040e+01 2.552399e+01 3.204945e+01 3.807981e+01 4.555258e+01 4.853528e+01 4.976915e+01 5.059680e+01 5.157716e+01 5.293887e+01
1.323652e+01 1.323653e+01 1.323653e+01 1.323657e+01 1.323669e+01 1.324063e+01 1.325327e+01 1.330322e+01 1.333874e+01 1.338018e+01 1.347916e+01 1.359863e+01 1.373860e+01 1.389944e+01 1.408144e+01 1.428481e+01 1.450971e+01 1.597446e+01 1.820105e+01 2.178548e+01 2.715740e+01 3.354941e+01 3.935746e+01 4.639487e+01 4.912025e+01 5.022500e+01 5.098478e+01 5.192701e+01 5.326756e+01
1.478480e+01 1.478480e+01 1.478480e+01 1.478485e+01 1.478499e+01 1.478969e+01 1.480376e+01 1.485344e+01 1.488742e+01 1.492713e+01 1.502355e+01 1.514278e+01 1.528496e+01 1.545008e+01 1.563798e+01 1.584854e+01 1.608170e+01 1.760105e+01 1.989960e+01 2.354185e+01 2.888895e+01 3.512730e+01 4.069111e+01 4.726083e+01 4.971420e+01 5.068611e+01 5.137912e+01 5.228558e+01 5.360718e+01
1.656570e+01 1.656570e+01 1.656570e+01 1.656572e+01 1.656576e+01 1.656704e+01 1.657143e+01 1.659563e+01 1.661779e+01 1.664737e+01 1.672921e+01 1.684054e+01 1.697972e+01 1.714518e+01 1.733574e+01 1.755066e+01 1.778954e+01 1.935439e+01 2.171962e+01 2.541343e+01 3.072260e+01 3.678667e+01 4.208366e+01 4.815247e+01 5.031846e+01 5.115310e+01 5.178003e+01 5.265289e+01 5.395771e+01
1.836064e+01 1.836064e+01 1.836064e+01 1.836068e+01 1.836078e+01 1.836389e+01 1.837278e+01 1.840631e+01 1.843215e+01 1.846482e+01 1.855153e+01 1.866643e+01 1.880842e+01 1.897650e+01 1.917000e+01 1.938852e+01 1.963191e+01 2.123590e+01 2.366398e+01 2.740402e+01 3.266238e+01 3.853111e+01 4.353809e+01 4.907186e+01 5.093441e+01 5.162670e+01 5.218779e+01 5.302903e+01 5.431916e+01
2.024988e+01 2.024989e+01 2.024989e+01 2.024992e+01 2.025002e+01 2.025361e+01 2.026592e+01 2.031613e+01 2.035246e+01 2.039513e+01 2.049768e+01 2.062246e+01 2.077012e+01 2.094170e+01 2.113800e+01 2.135953e+01 2.160663e+01 2.324619e+01 2.573529e+01 2.951740e+01 3.471241e+01 4.036436e+01 4.505749e+01 5.002113e+01 5.156354e+01 5.210776e+01 5.260277e+01 5.341415e+01 5.469159e+01
2.234935e+01 2.234935e+01 2.234935e+01 2.234941e+01 2.234958e+01 2.235496e+01 2.237100e+01 2.242598e+01 2.246238e+01 2.250410e+01 2.260340e+01 2.272489e+01 2.287026e+01 2.304086e+01 2.323758e+01 2.346088e+01 2.371106e+01 2.538552e+01 2.793605e+01 3.175748e+01 3.687696e+01 4.229030e+01 4.664502e+01 5.100241e+01 5.220741e+01 5.259723e+01 5.302545e+01 5.380846e+01 5.507513e+01
2.469990e+01 2.469990e+01 2.469990e+01 2.469991e+01 2.469994e+01 2.470082e+01 2.470406e+01 2.472486e+01 2.474515e+01 2.477281e+01 2.485080e+01 2.495915e+01 2.509755e+01 2.526548e+01 2.546243e+01 2.568797e+01 2.594189e+01 2.765431e+01 3.026902e+01 3.412841e+01 3.916056e+01 4.431296e+01 4.830394e+01 5.201791e+01 5.286761e+01 5.309613e+01 5.345638e+01 5.421224e+01 5.546992e+01
2.701121e+01 2.701121e+01 2.701121e+01 2.701124e+01 2.701134e+01 2.701412e+01 2.702163e+01 2.705000e+01 2.707216e+01 2.710080e+01 2.717998e+01 2.729026e+01 2.743190e+01 2.760413e+01 2.780607e+01 2.803712e+01 2.829707e+01 3.005362e+01 3.273740e+01 3.663478e+01 4.156800e+01 4.643655e+01 5.003762e+01 5.306982e+01 5.354580e+01 5.360559e+01 5.389619e+01 5.462583e+01 5.587615e+01
2.936212e+01 2.936212e+01 2.936212e+01 2.936215e+01 2.936225e+01 2.936538e+01 2.937559e+01 2.941850e+01 2.945088e+01 2.949034e+01 2.959040e+01 2.971870e+01 2.987505e+01 3.005918e+01 3.027092e+01 3.051049e+01 3.077845e+01 3.258542e+01 3.534511e+01 3.928173e+01 4.410447e+01 4.866548e+01 5.184953e+01 5.416041e+01 5.424366e+01 5.412679e+01 5.434561e+01 5.504962e+01 5.629407e+01
3.185284e+01 3.185284e+01 3.185284e+01 3.185289e+01 3.185303e+01 3.185772e+01 3.187226e+01 3.192867e+01 3.196960e+01 3.201836e+01 3.213734e+01 3.228256e+01 3.245270e+01 3.264769e+01 3.286825e+01 3.311554e+01 3.339104e+01 3.525260e+01 3.809697e+01 4.207509e+01 4.677553e+01 5.100435e+01 5.374322e+01 5.529192e+01 5.496291e+01 5.466097e+01 5.480542e+01 5.548408e+01 5.672396e+01
3.457256e+01 3.457256e+01 3.457257e+01 3.457262e+01 3.457277e+01 3.457771e+01 3.459296e+01 3.465267e+01 3.469575e+01 3.474652e+01 3.486866e+01 3.501600e+01 3.518775e+01 3.538444e+01 3.560732e+01 3.585811e+01 3.613876e+01 3.805882e+01 4.099897e+01 4.502150e+01 4.958714e+01 5.345793e+01 5.572232e+01 5.646667e+01 5.570528e+01 5.520945e+01 5.527649e+01 5.592973e+01 5.716614e+01
3.753297e+01 3.753297e+01 3.753297e+01 3.753302e+01 3.753318e+01 3.753812e+01 3.755259e+01 3.760329e+01 3.763854e+01 3.768042e+01 3.778463e+01 3.791670e+01 3.807703e+01 3.826625e+01 3.848549e+01 3.873639e+01 3.902080e+01 4.100868e+01 4.405849e+01 4.812851e+01 5.254570e+01 5.603115e+01 5.779053e+01 5.768694e+01 5.647254e+01 5.577358e+01 5.575975e+01 5.638715e+01 5.762099e+01
4.066933e+01 4.066933e+01 4.066933e+01 4.066935e+01 4.066938e+01 4.067050e+01 4.067424e+01 4.069565e+01 4.071646e+01 4.074516e+01 4.082728e+01 4.094260e+01 4.109099e+01 4.127286e+01 4.148936e+01 4.174212e+01 4.203292e+01 4.410865e+01 4.728468e+01 5.140455e+01 5.565794e+01 5.872906e+01 5.995157e+01 5.895506e+01 5.726646e+01 5.635475e+01 5.625617e+01 5.685699e+01 5.808891e+01
4.373972e+01 4.373972e+01 4.373972e+01 4.373976e+01 4.373988e+01 4.374292e+01 4.375191e+01 4.378740e+01 4.381427e+01 4.384760e+01 4.393492e+01 4.405187e+01 4.420100e+01 4.438508e+01 4.460688e+01 4.486890e+01 4.517322e+01 4.736840e+01 5.068869e+01 5.485895e+01 5.893088e+01 6.155674e+01 6.220919e+01 6.027337e+01 5.808885e+01 5.695438e+01 5.676681e+01 5.733995e+01 5.857038e+01
4.687220e+01 4.687220e+01 4.687220e+01 4.687225e+01 4.687239e+01 4.687683e+01 4.689055e+01 4.694153e+01 4.697676e+01 4.701786e+01 4.711821e+01 4.724571e+01 4.740515e+01 4.760146e+01 4.783886e+01 4.812047e+01 4.844836e+01 5.080234e+01 5.428382e+01 5.850173e+01 6.237163e+01 6.451924e+01 6.456708e+01 6.164421e+01 5.894150e+01 5.757396e+01 5.729277e+01 5.783676e+01 5.906587e+01
5.018818e+01 5.018818e+01 5.018818e+01 5.018821e+01 5.018829e+01 5.019104e+01 5.019999e+01 5.023903e+01 5.026990e+01 5.030859e+01 5.040996e+01 5.054556e+01 5.071967e+01 5.093689e+01 5.120086e+01 5.151383e+01 5.187685e+01 5.443048e+01 5.808527e+01 6.234329e+01 6.598724e+01 6.762152e+01 6.702892e+01 6.306994e+01 5.982625e+01 5.821495e+01 5.783517e+01 5.834825e+01 5.957596e+01
5.357568e+01 5.357568e+01 5.357568e+01 5.357571e+01 5.357579e+01 5.357855e+01 5.358788e+01 5.362917e+01 5.366195e+01 5.370332e+01 5.381401e+01 5.396660e+01 5.416665e+01 5.441803e+01 5.472254e+01 5.508036e+01 5.549068e+01 5.827833e+01 6.210951e+01 6.639396e+01 6.978445e+01 7.086830e+01 6.959824e+01 6.455293e+01 6.074494e+01 5.887890e+01 5.839522e+01 5.887525e+01 6.010121e+01
5.704889e+01 5.704889e+01 5.704889e+01 5.704894e+01 5.704909e+01 5.705388e+01 5.706874e+01 5.712590e+01 5.716759e+01 5.721867e+01 5.735392e+01 5.754134e+01 5.778665e+01 5.809092e+01 5.845250e+01 5.886868e+01 5.933666e+01 6.237535e+01 6.637304e+01 7.066337e+01 7.376944e+01 7.426400e+01 7.227852e+01 6.609555e+01 6.169944e+01 5.956734e+01 5.897413e+01 5.941867e+01 6.064227e+01
6.072833e+01 6.072833e+01 6.072833e+01 6.072838e+01 6.072853e+01 6.073329e+01 6.074809e+01 6.080808e+01 6.085573e+01 6.091799e+01 6.109333e+01 6.134020e+01 6.165535e+01 6.203214e+01 6.246418e+01 6.294650e+01 6.347552e+01 6.675171e+01 7.089085e+01 7.515984e+01 7.794758e+01 7.781267e+01 7.507305e+01 6.770021e+01 6.269163e+01 6.028184e+01 5.957316e+01 5.997946e+01 6.119981e+01
6.460999e+01 6.461000e+01 6.461000e+01 6.461004e+01 6.461019e+01 6.461488e+01 6.462992e+01 6.470758e+01 6.478041e+01 6.487851e+01 6.514532e+01 6.549057e+01 6.589706e+01 6.635351e+01 6.685363e+01 6.739425e+01 6.797381e+01 7.143336e+01 7.567466e+01 7.988972e+01 8.232325e+01 8.151793e+01 7.798502e+01 6.936934e+01 6.372344e+01 6.102400e+01 6.019363e+01 6.055861e+01 6.177455e+01
6.870623e+01 6.870624e+01 6.870624e+01 6.870652e+01 6.870736e+01 6.873230e+01 6.879865e+01 6.903093e+01 6.918923e+01 6.936825e+01 6.976930e+01 7.020933e+01 7.068020e+01 7.118144e+01 7.171475e+01 7.228195e+01 7.288435e+01 7.643666e+01 8.073134e+01 8.485695e+01 8.689966e+01 8.538294e+01 8.101749e+01 7.110539e+01 6.479683e+01 6.179544e+01 6.083684e+01 6.115713e+01 6.236724e+01
7.420147e+01 7.420147e+01 7.420148e+01 7.420175e+01 7.420261e+01 7.422982e+01 7.431291e+01 7.459081e+01 7.475710e+01 7.493132e+01 7.529648e+01 7.568744e+01 7.611229e+01 7.657647e+01 7.708233e+01 7.763037e+01 7.822021e+01 8.176435e+01 8.606210e+01 9.006284e+01 9.167892e+01 8.941045e+01 8.417339e+01 7.291088e+01 6.591377e+01 6.259782e+01 6.150418e+01 6.177611e+01 6.297867e+01
8.153128e+01 8.153128e+01 8.153128e+01 8.153112e+01 8.153063e+01 8.151573e+01 8.148381e+01 8.143584e+01 8.143354e+01 8.145231e+01 8.156280e+01 8.177177e+01 8.206994e+01 8.244525e+01 8.288741e+01 8.338872e+01 8.394363e+01 8.740532e+01 9.166255e+01 9.550620e+01 9.666202e+01 9.360284e+01 8.745564e+01 7.478839e+01 6.707632e+01 6.343281e+01 6.219702e+01 6.241664e+01 6.360968e+01
8.806213e+01 8.806213e+01 8.806212e+01 8.806196e+01 8.806147e+01 8.804559e+01 8.799923e+01 8.788011e+01 8.783857e+01 8.782138e+01 8.787051e+01 8.802685e+01 8.827640e+01 8.860589e+01 8.900548e+01 8.946818e+01 8.998885e+01 9.333840e+01 9.752367e+01 1.011837e+02 1.018491e+02 9.796229e+01 9.086714e+01 7.674058e+01 6.828655e+01 6.430212e+01 6.291679e+01 6.307986e+01 6.426113e+01
9.324252e+01 9.324252e+01 9.324253e+01 9.324280e+01 9.324362e+01 9.326991e+01 9.334291e+01 9.355727e+01 9.367996e+01 9.380608e+01 9.406320e+01 9.433349e+01 9.463202e+01 9.497185e+01 9.536103e+01 9.580332e+01 9.629963e+01 9.953803e+01 1.036334e+02 1.070904e+02 1.072399e+02 1.024909e+02 9.441088e+01 7.877020e+01 6.954663e+01 6.520751e+01 6.366495e+01 6.376694e+01 6.493394e+01
9.976312e+01 9.976312e+01 9.976313e+01 9.976340e+01 9.976423e+01 9.979089e+01 9.987010e+01 1.001184e+02 1.002591e+02 1.003999e+02 1.006742e+02 1.009479e+02 1.012403e+02 1.015679e+02 1.019409e+02 1.023644e+02 1.028406e+02 1.059790e+02 1.099784e+02 1.132207e+02 1.128337e+02 1.071907e+02 9.809003e+01 8.088014e+01 7.085876e+01 6.615075e+01 6.444297e+01 6.447910e+01 6.562903e+01
1.078614e+02 1.078614e+02 1.078613e+02 1.078612e+02 1.078607e+02 1.078452e+02 1.078042e+02 1.077145e+02 1.076865e+02 1.076779e+02 1.077282e+02 1.078669e+02 1.080843e+02 1.083703e+02 1.087180e+02 1.091232e+02 1.095831e+02 1.126391e+02 1.165454e+02 1.195690e+02 1.186301e+02 1.120644e+02 1.019080e+02 8.307343e+01 7.222523e+01 6.713367e+01 6.525237e+01 6.521756e+01 6.634739e+01
1.148300e+02 1.148300e+02 1.148300e+02 1.148298e+02 1.148293e+02 1.148135e+02 1.147680e+02 1.146528e+02 1.146123e+02 1.145948e+02 1.146382e+02 1.147805e+02 1.150047e+02 1.152965e+02 1.156465e+02 1.160500e+02 1.165043e+02 1.194999e+02 1.233222e+02 1.261302e+02 1.246295e+02 1.171147e+02 1.058687e+02 8.535325e+01 7.364841e+01 6.815815e+01 6.609469e+01 6.598360e+01 6.709001e+01
1.204902e+02 1.204902e+02 1.204902e+02 1.204904e+02 1.204913e+02 1.205191e+02 1.205973e+02 1.208323e+02 1.209698e+02 1.211126e+02 1.214045e+02 1.217034e+02 1.220179e+02 1.223581e+02 1.227318e+02 1.231441e+02 1.235985e+02 1.265470e+02 1.302987e+02 1.329007e+02 1.308331e+02 1.223456e+02 1.099762e+02 8.772298e+01 7.513076e+01 6.922609e+01 6.697152e+01 6.677851e+01 6.785794e+01
1.276247e+02 1.276247e+02 1.276247e+02 1.276250e+02 1.276258e+02 1.276539e+02 1.277395e+02 1.280230e+02 1.281885e+02 1.283556e+02 1.286797e+02 1.289928e+02 1.293109e+02 1.296492e+02 1.300180e+02 1.304235e+02 1.308694e+02 1.337681e+02 1.374669e+02 1.398788e+02 1.372435e+02 1.277614e+02 1.142354e+02 9.018619e+01 7.667482e+01 7.033947e+01 6.788445e+01 6.760363e+01 6.865224e+01
1.365977e+02 1.365977e+02 1.365977e+02 1.365975e+02 1.365970e+02 1.365806e+02 1.365435e+02 1.364777e+02 1.364619e+02 1.364630e+02 1.365247e+02 1.366674e+02 1.368833e+02 1.371621e+02 1.374951e+02 1.378769e+02 1.383054e+02 1.411523e+02 1.448212e+02 1.470651e+02 1.438651e+02 1.333680e+02 1.186516e+02 9.274667e+01 7.828326e+01 7.150031e+01 6.883515e+01 6.846031e+01 6.947401e+01
1.446178e+02 1.446178e+02 1.446178e+02 1.446177e+02 1.446171e+02 1.445999e+02 1.445470e+02 1.443833e+02 1.443079e+02 1.442545e+02 1.442339e+02 1.443279e+02 1.445164e+02 1.447776e+02 1.450964e+02 1.454650e+02 1.458806e+02 1.486895e+02 1.523597e+02 1.544632e+02 1.507043e+02 1.391720e+02 1.232310e+02 9.540844e+01 7.995881e+01 7.271069e+01 6.982529e+01 6.934995e+01 7.032438e+01
1.509152e+02 1.509152e+02 1.509152e+02 1.509155e+02 1.509164e+02 1.509422e+02 1.509992e+02 1.511586e+02 1.512570e+02 1.513654e+02 1.516059e+02 1.518710e+02 1.521573e+02 1.524660e+02 1.528016e+02 1.531702e+02 1.535784e+02 1.563715e+02 1.600839e+02 1.620801e+02 1.577698e+02 1.451817e+02 1.279802e+02 9.817575e+01 8.170434e+01 7.397277e+01 7.085661e+01 7.027396e+01 7.120450e+01
1.580959e+02 1.580959e+02 1.580959e+02 1.580962e+02 1.580971e+02 1.581266e+02 1.582181e+02 1.585479e+02 1.587499e+02 1.589557e+02 1.593474e+02 1.596985e+02 1.600191e+02 1.603300e+02 1.606517e+02 1.610017e+02 1.613930e+02 1.641938e+02 1.680011e+02 1.699268e+02 1.650724e+02 1.514064e+02 1.329067e+02 1.010531e+02 8.352284e+01 7.528874e+01 7.193086e+01 7.123381e+01 7.211557e+01
1.674395e+02 1.674395e+02 1.674395e+02 1.674398e+02 1.674406e+02 1.674538e+02 1.674818e+02 1.675721e+02 1.676319e+02 1.676987e+02 1.678446e+02 1.680022e+02 1.681771e+02 1.683820e+02 1.686302e+02 1.689326e+02 1.692975e+02 1.721577e+02 1.761246e+02 1.780184e+02 1.726258e+02 1.578569e+02 1.380187e+02 1.040452e+02 8.541740e+01 7.666089e+01 7.304987e+01 7.223098e+01 7.305879e+01
1.770416e+02 1.770416e+02 1.770416e+02 1.770415e+02 1.770409e+02 1.770232e+02 1.769684e+02 1.767794e+02 1.766719e+02 1.765703e+02 1.764093e+02 1.763244e+02 1.763264e+02 1.764192e+02 1.766031e+02 1.768771e+02 1.772394e+02 1.802760e+02 1.844759e+02 1.863746e+02 1.804456e+02 1.645451e+02 1.433250e+02 1.071571e+02 8.739125e+01 7.809158e+01 7.421550e+01 7.326699e+01 7.403541e+01
1.847753e+02 1.847753e+02 1.847753e+02 1.847751e+02 1.847746e+02 1.847571e+02 1.847091e+02 1.845585e+02 1.844657e+02 1.843699e+02 1.842008e+02 1.841038e+02 1.841077e+02 1.842216e+02 1.844442e+02 1.847700e+02 1.851931e+02 1.885797e+02 1.930849e+02 1.950189e+02 1.885498e+02 1.714842e+02 1.488349e+02 1.103939e+02 8.944774e+01 7.958323e+01 7.542965e+01 7.434341e+01 7.504671e+01
1.911174e+02 1.911174e+02 1.911174e+02 1.911174e+02 1.911176e+02 1.911210e+02 1.911306e+02 1.911487e+02 1.911541e+02 1.911620e+02 1.912080e+02 1.913235e+02 1.915263e+02 1.918205e+02 1.922041e+02 1.926733e+02 1.932253e+02 1.971233e+02 2.019895e+02 2.039786e+02 1.969578e+02 1.786879e+02 1.545585e+02 1.137611e+02 9.159034e+01 8.113837e+01 7.669429e+01 7.546181e+01 7.609399e+01
1.973976e+02 1.973976e+02 1.973976e+02 1.973977e+02 1.973978e+02 1.974012e+02 1.974137e+02 1.975048e+02 1.975984e+02 1.977252e+02 1.980658e+02 1.984964e+02 1.989927e+02 1.995423e+02 2.001424e+02 2.007950e+02 2.015044e+02 2.059796e+02 2.112329e+02 2.132829e+02 2.056905e+02 1.861710e+02 1.605060e+02 1.172643e+02 9.382268e+01 8.275960e+01 7.801143e+01 7.662385e+01 7.717858e+01
2.038745e+02 2.038745e+02 2.038746e+02 2.038750e+02 2.038763e+02 2.039169e+02 2.040321e+02 2.044233e+02 2.046865e+02 2.049850e+02 2.056527e+02 2.063680e+02 2.071009e+02 2.078454e+02 2.086086e+02 2.094020e+02 2.102367e+02 2.152277e+02 2.208605e+02 2.229624e+02 2.147692e+02 1.939486e+02 1.666881e+02 1.209095e+02 9.614850e+01 8.444959e+01 7.938316e+01 7.783118e+01 7.830184e+01
