1.809270e+01 1.652880e+00 5.859121e-01 5.251523e-02 1.857783e-02 1.735265e-03 6.842465e-04 3.247189e-03 8.562150e-03 1.703278e-02 4.360040e-02 8.502454e-02 1.448102e-01 2.262743e-01 3.325762e-01 4.672701e-01 6.346923e-01 2.174466e+00 5.618742e+00 1.224877e+01 2.371800e+01 4.195542e+01 6.884359e+01 1.523889e+02 2.662934e+02 3.796167e+02 4.644440e+02 5.147913e+02 5.390129e+02
1.035899e-03 1.035894e-03 1.035869e-03 1.034142e-03 1.025349e-03 7.748100e-04 4.939343e-04 3.661429e-03 9.488683e-03 1.852048e-02 4.621187e-02 8.883643e-02 1.500218e-01 2.331198e-01 3.412838e-01 4.780676e-01 6.478263e-01 2.204364e+00 5.677369e+00 1.235119e+01 2.387959e+01 4.218807e+01 6.915216e+01 1.528270e+02 2.667792e+02 3.800551e+02 4.647818e+02 5.150241e+02 5.391609e+02
4.205995e-04 4.205902e-04 4.205890e-04 4.204883e-04 4.199608e-04 3.979704e-04 3.628250e-04 4.325079e-03 1.080910e-02 2.050141e-02 4.941735e-02 9.331239e-02 1.559805e-01 2.408058e-01 3.509278e-01 4.898972e-01 6.620894e-01 2.235982e+00 5.738554e+00 1.245720e+01 2.404593e+01 4.242660e+01 6.946755e+01 1.532729e+02 2.672720e+02 3.804987e+02 4.651232e+02 5.152591e+02 5.393102e+02
2.635950e-04 2.635844e-04 2.635844e-04 2.635717e-04 2.634864e-04 2.572839e-04 3.149454e-04 5.358352e-03 1.265314e-02 2.309305e-02 5.330135e-02 9.852211e-02 1.627534e-01 2.493997e-01 3.615757e-01 5.028260e-01 6.775482e-01 2.269391e+00 5.802380e+00 1.256692e+01 2.421714e+01 4.267112e+01 6.978989e+01 1.537266e+02 2.677720e+02 3.809478e+02 4.654681e+02 5.154961e+02 5.394606e+02
1.973604e-04 1.973988e-04 1.973994e-04 1.974006e-04 1.973883e-04 1.953063e-04 3.506428e-04 6.958771e-03 1.519432e-02 2.643141e-02 5.794690e-02 1.045326e-01 1.704066e-01 2.589693e-01 3.732957e-01 5.169217e-01 6.942696e-01 2.304661e+00 5.868932e+00 1.268042e+01 2.439330e+01 4.292174e+01 7.011928e+01 1.541882e+02 2.682793e+02 3.814024e+02 4.658166e+02 5.157353e+02 5.396122e+02
1.628884e-04 1.629477e-04 1.629486e-04 1.629530e-04 1.629592e-04 1.633269e-04 5.311676e-04 9.405228e-03 1.869027e-02 3.068345e-02 6.343681e-02 1.114090e-01 1.790059e-01 2.695826e-01 3.861565e-01 5.322523e-01 7.123210e-01 2.341866e+00 5.938293e+00 1.279782e+01 2.457455e+01 4.317859e+01 7.045586e+01 1.546579e+02 2.687938e+02 3.818624e+02 4.661687e+02 5.159766e+02 5.397650e+02
1.430005e-04 1.429723e-04 1.429726e-04 1.429777e-04 1.429898e-04 1.513580e-04 1.045929e-03 1.299692e-02 2.341143e-02 3.607669e-02 6.986000e-02 1.192185e-01 1.886196e-01 2.813097e-01 4.002279e-01 5.488865e-01 7.317700e-01 2.381077e+00 6.010551e+00 1.291922e+01 2.476099e+01 4.344178e+01 7.079973e+01 1.551358e+02 2.693157e+02 3.823280e+02 4.665244e+02 5.162200e+02 5.399190e+02
1.306904e-04 1.307507e-04 1.307525e-04 1.307578e-04 1.307717e-04 1.996550e-04 2.394357e-03 1.809288e-02 2.952523e-02 4.276587e-02 7.732694e-02 1.280374e-01 1.993221e-01 2.942248e-01 4.155822e-01 5.668943e-01 7.526847e-01 2.422367e+00 6.085793e+00 1.304470e+01 2.495272e+01 4.371143e+01 7.115102e+01 1.556219e+02 2.698450e+02 3.827992e+02 4.668837e+02 5.164656e+02 5.400742e+02
1.232951e-04 1.231863e-04 1.231729e-04 1.231775e-04 1.231923e-04 6.886784e-04 5.742306e-03 2.504531e-02 3.712669e-02 5.074871e-02 8.599854e-02 1.379635e-01 2.112001e-01 3.084092e-01 4.322958e-01 5.863478e-01 7.751346e-01 2.465811e+00 6.164106e+00 1.317439e+01 2.514987e+01 4.398766e+01 7.150985e+01 1.561163e+02 2.703819e+02 3.832761e+02 4.672467e+02 5.167134e+02 5.402306e+02
1.186952e-04 1.186336e-04 1.186096e-04 1.190788e-04 1.508484e-04 4.287827e-03 1.308093e-02 3.403968e-02 4.619124e-02 5.994317e-02 9.589939e-02 1.491392e-01 2.243615e-01 3.239561e-01 4.504513e-01 6.073226e-01 7.991909e-01 2.511482e+00 6.245579e+00 1.330837e+01 2.535254e+01 4.427059e+01 7.187633e+01 1.566193e+02 2.709264e+02 3.837586e+02 4.676134e+02 5.169633e+02 5.403882e+02
1.464658e-02 1.464729e-02 1.464754e-02 1.465498e-02 1.468374e-02 1.788106e-02 2.569044e-02 4.492169e-02 5.654845e-02 7.019852e-02 1.069659e-01 1.617659e-01 2.389472e-01 3.409753e-01 4.701408e-01 6.298995e-01 8.249282e-01 2.559456e+00 6.330303e+00 1.344675e+01 2.556086e+01 4.456034e+01 7.225060e+01 1.571308e+02 2.714785e+02 3.842468e+02 4.679838e+02 5.172154e+02 5.405470e+02
9.925073e-02 9.925078e-02 9.925096e-02 9.925641e-02 9.927317e-02 9.977935e-02 1.012690e-01 1.090233e-01 1.182166e-01 1.327390e-01 1.791675e-01 2.480833e-01 3.390973e-01 4.539378e-01 5.960652e-01 7.703177e-01 9.818427e-01 2.836641e+00 6.805930e+00 1.420839e+01 2.669112e+01 4.611565e+01 7.424294e+01 1.598206e+02 2.743570e+02 3.867754e+02 4.698923e+02 5.185092e+02 5.413594e+02
1.554183e-01 1.554184e-01 1.554185e-01 1.554233e-01 1.554381e-01 1.558973e-01 1.584461e-01 1.808851e-01 2.012161e-01 2.270155e-01 2.945937e-01 3.830838e-01 4.921913e-01 6.234282e-01 7.807299e-01 9.697808e-01 1.197328e+00 3.184179e+00 7.377286e+00 1.509641e+01 2.798022e+01 4.786012e+01 7.644844e+01 1.627409e+02 2.774385e+02 3.894536e+02 4.718968e+02 5.198590e+02 5.422027e+02
2.939443e-01 2.939445e-01 2.939451e-01 2.939646e-01 2.940252e-01 2.966805e-01 3.089430e-01 3.533208e-01 3.817281e-01 4.138156e-01 4.906229e-01 5.877909e-01 7.083151e-01 8.543507e-01 1.029023e+00 1.237300e+00 1.485767e+00 3.616580e+00 8.058326e+00 1.612564e+01 2.944390e+01 4.980996e+01 7.888316e+01 1.659052e+02 2.807325e+02 3.922868e+02 4.739998e+02 5.212659e+02 5.430773e+02
6.168297e-01 6.168299e-01 6.168305e-01 6.168503e-01 6.169118e-01 6.188679e-01 6.250762e-01 6.518782e-01 6.731856e-01 6.999067e-01 7.704660e-01 8.667468e-01 9.923986e-01 1.150250e+00 1.343044e+00 1.574565e+00 1.850168e+00 4.157101e+00 8.866465e+00 1.731286e+01 3.109918e+01 5.198230e+01 8.156372e+01 1.693271e+02 2.842481e+02 3.952798e+02 4.762037e+02 5.227310e+02 5.439838e+02
9.500834e-01 9.500836e-01 9.500843e-01 9.501048e-01 9.501687e-01 9.523341e-01 9.595370e-01 9.883224e-01 1.010363e+00 1.037971e+00 1.111369e+00 1.212476e+00 1.346286e+00 1.517463e+00 1.730056e+00 1.988096e+00 2.296273e+00 4.824839e+00 9.825377e+00 1.867795e+01 3.296497e+01 5.439548e+01 8.450756e+01 1.730204e+02 2.879943e+02 3.984376e+02 4.785106e+02 5.242550e+02 5.449223e+02
1.323314e+00 1.323314e+00 1.323315e+00 1.323337e+00 1.323408e+00 1.325740e+00 1.333948e+00 1.370412e+00 1.397865e+00 1.431302e+00 1.517119e+00 1.631444e+00 1.779922e+00 1.968949e+00 2.204571e+00 2.492233e+00 2.837087e+00 5.629701e+00 1.096936e+01 2.024566e+01 3.506298e+01 5.706961e+01 8.773323e+01 1.769995e+02 2.919800e+02 4.017647e+02 4.809225e+02 5.258387e+02 5.458931e+02
1.792202e+00 1.792202e+00 1.792203e+00 1.792227e+00 1.792302e+00 1.794730e+00 1.803641e+00 1.843530e+00 1.874513e+00 1.912961e+00 2.012544e+00 2.144066e+00 2.312191e+00 2.523868e+00 2.786638e+00 3.107510e+00 3.492676e+00 6.584806e+00 1.231986e+01 2.204892e+01 3.741897e+01 6.002730e+01 9.126082e+01 1.812790e+02 2.962143e+02 4.052657e+02 4.834412e+02 5.274826e+02 5.468965e+02
2.354458e+00 2.354458e+00 2.354459e+00 2.354497e+00 2.354615e+00 2.358105e+00 2.369737e+00 2.421012e+00 2.459281e+00 2.505530e+00 2.622419e+00 2.774141e+00 2.965785e+00 3.204790e+00 3.499581e+00 3.858248e+00 4.287930e+00 7.707918e+00 1.389073e+01 2.413068e+01 4.006467e+01 6.329457e+01 9.511255e+01 1.858741e+02 3.007059e+02 4.089447e+02 4.860684e+02 5.291874e+02 5.479325e+02
3.083632e+00 3.083632e+00 3.083633e+00 3.083659e+00 3.083741e+00 3.086563e+00 3.098020e+00 3.151261e+00 3.192408e+00 3.243203e+00 3.374212e+00 3.546517e+00 3.764879e+00 4.036362e+00 4.369208e+00 4.771657e+00 5.251239e+00 9.022423e+00 1.569825e+01 2.651074e+01 4.304230e+01 6.690218e+01 9.931341e+01 1.908011e+02 3.054641e+02 4.128060e+02 4.888056e+02 5.309534e+02 5.490013e+02
3.952544e+00 3.952544e+00 3.952546e+00 3.952592e+00 3.952735e+00 3.956946e+00 3.970627e+00 4.032233e+00 4.079562e+00 4.137569e+00 4.286747e+00 4.483936e+00 4.734878e+00 5.046135e+00 5.424908e+00 5.878656e+00 6.414664e+00 1.055691e+01 1.776109e+01 2.920492e+01 4.639923e+01 7.088776e+01 1.038922e+02 1.960775e+02 3.104981e+02 4.168534e+02 4.916541e+02 5.327808e+02 5.501029e+02
5.007839e+00 5.007839e+00 5.007840e+00 5.007871e+00 5.007966e+00 5.011754e+00 5.028135e+00 5.098624e+00 5.151357e+00 5.216328e+00 5.386350e+00 5.615085e+00 5.907613e+00 6.268402e+00 6.702455e+00 7.215714e+00 7.814848e+00 1.234379e+01 2.010120e+01 3.223092e+01 5.015215e+01 7.530207e+01 1.088826e+02 2.017224e+02 3.158176e+02 4.210911e+02 4.946152e+02 5.346701e+02 5.512373e+02
6.274023e+00 6.274024e+00 6.274026e+00 6.274077e+00 6.274230e+00 6.278830e+00 6.294372e+00 6.367506e+00 6.426862e+00 6.502530e+00 6.705632e+00 6.980241e+00 7.327564e+00 7.748828e+00 8.246776e+00 8.826116e+00 9.493212e+00 1.441754e+01 2.274411e+01 3.560803e+01 5.431801e+01 8.019052e+01 1.143262e+02 2.077569e+02 3.214328e+02 4.255232e+02 4.976902e+02 5.366214e+02 5.524045e+02
7.736621e+00 7.736622e+00 7.736623e+00 7.736661e+00 7.736782e+00 7.742296e+00 7.764639e+00 7.865891e+00 7.946870e+00 8.048132e+00 8.309711e+00 8.647461e+00 9.059769e+00 9.546934e+00 1.011145e+01 1.075811e+01 1.149368e+01 1.681293e+01 2.571872e+01 3.935790e+01 5.891554e+01 8.556567e+01 1.202793e+02 2.142048e+02 3.273547e+02 4.301539e+02 5.008802e+02 5.386349e+02 5.536046e+02
9.501358e+00 9.501361e+00 9.501368e+00 9.501614e+00 9.502383e+00 9.525325e+00 9.581629e+00 9.753200e+00 9.867079e+00 9.999602e+00 1.032006e+01 1.071409e+01 1.118225e+01 1.172635e+01 1.234969e+01 1.305754e+01 1.385704e+01 1.956351e+01 2.905668e+01 4.350537e+01 6.396475e+01 9.144350e+01 1.267781e+02 2.210934e+02 3.335954e+02 4.349877e+02 5.041867e+02 5.407108e+02 5.548376e+02
1.206446e+01 1.206446e+01 1.206447e+01 1.206461e+01 1.206506e+01 1.207890e+01 1.211789e+01 1.226424e+01 1.237293e+01 1.250475e+01 1.283477e+01 1.324981e+01 1.374810e+01 1.433018e+01 1.499854e+01 1.575777e+01 1.661454e+01 2.270091e+01 3.279186e+01 4.807900e+01 6.948754e+01 9.784138e+01 1.338291e+02 2.284550e+02 3.401680e+02 4.400294e+02 5.076109e+02 5.428494e+02 5.561035e+02
1.510402e+01 1.510402e+01 1.510402e+01 1.510410e+01 1.510437e+01 1.511276e+01 1.514130e+01 1.527171e+01 1.537411e+01 1.550077e+01 1.582589e+01 1.624558e+01 1.675924e+01 1.736732e+01 1.807167e+01 1.887599e+01 1.978613e+01 2.625513e+01 3.696009e+01 5.311132e+01 7.550839e+01 1.047775e+02 1.414442e+02 2.363306e+02 3.470874e+02 4.452843e+02 5.111543e+02 5.450510e+02 5.574024e+02
1.847709e+01 1.847709e+01 1.847710e+01 1.847717e+01 1.847742e+01 1.848741e+01 1.852306e+01 1.866694e+01 1.877305e+01 1.890228e+01 1.923269e+01 1.966243e+01 2.019401e+01 2.082923e+01 2.157029e+01 2.242068e+01 2.338580e+01 3.025602e+01 4.159926e+01 5.863873e+01 8.205496e+01 1.122709e+02 1.496358e+02 2.447729e+02 3.543703e+02 4.507583e+02 5.148189e+02 5.473162e+02 5.587347e+02
2.226738e+01 2.226738e+01 2.226738e+01 2.226749e+01 2.226783e+01 2.227845e+01 2.231116e+01 2.244698e+01 2.255333e+01 2.268604e+01 2.303086e+01 2.348259e+01 2.404313e+01 2.471476e+01 2.550026e+01 2.640347e+01 2.742992e+01 3.473516e+01 4.674960e+01 6.470132e+01 8.915837e+01 1.203423e+02 1.584161e+02 2.537836e+02 3.620367e+02 4.564580e+02 5.186066e+02 5.496455e+02 5.601005e+02
2.633563e+01 2.633563e+01 2.633564e+01 2.633582e+01 2.633639e+01 2.635427e+01 2.640494e+01 2.658104e+01 2.670551e+01 2.685528e+01 2.723389e+01 2.772203e+01 2.832365e+01 2.904235e+01 2.988187e+01 3.084679e+01 3.194310e+01 3.972771e+01 5.245418e+01 7.134258e+01 9.685324e+01 1.290140e+02 1.677974e+02 2.633551e+02 3.701110e+02 4.623911e+02 5.225198e+02 5.520398e+02 5.615003e+02
3.098852e+01 3.098853e+01 3.098853e+01 3.098866e+01 3.098905e+01 3.100112e+01 3.103912e+01 3.120340e+01 3.133223e+01 3.149155e+01 3.189981e+01 3.242723e+01 3.307578e+01 3.384867e+01 3.474999e+01 3.578482e+01 3.695966e+01 4.527352e+01 5.875928e+01 7.860910e+01 1.051774e+02 1.383103e+02 1.777922e+02 2.734831e+02 3.786293e+02 4.685663e+02 5.265615e+02 5.545000e+02 5.629348e+02
3.603667e+01 3.603668e+01 3.603668e+01 3.603688e+01 3.603750e+01 3.605713e+01 3.611430e+01 3.631825e+01 3.646346e+01 3.663841e+01 3.708063e+01 3.764947e+01 3.834811e+01 3.917982e+01 4.014881e+01 4.126054e+01 4.252194e+01 5.141780e+01 6.571480e+01 8.655025e+01 1.141713e+02 1.482574e+02 1.884131e+02 2.841629e+02 3.876168e+02 4.749945e+02 5.307350e+02 5.570277e+02 5.644048e+02
4.177961e+01 4.177961e+01 4.177961e+01 4.177974e+01 4.178016e+01 4.179403e+01 4.183830e+01 4.202646e+01 4.217366e+01 4.235648e+01 4.282792e+01 4.343939e+01 4.419122e+01 4.508584e+01 4.612761e+01 4.732261e+01 4.867829e+01 5.821131e+01 7.337443e+01 9.521783e+01 1.238777e+02 1.588832e+02 1.996728e+02 2.953885e+02 3.970492e+02 4.816890e+02 5.350447e+02 5.596244e+02 5.659111e+02
4.798603e+01 4.798604e+01 4.798604e+01 4.798625e+01 4.798691e+01 4.800765e+01 4.806935e+01 4.830011e+01 4.846821e+01 4.867203e+01 4.918800e+01 4.984955e+01 5.065888e+01 5.162013e+01 5.273934e+01 5.402381e+01 5.548178e+01 6.571057e+01 8.179578e+01 1.046656e+02 1.343405e+02 1.702167e+02 2.115846e+02 3.071527e+02 4.069069e+02 4.886681e+02 5.394954e+02 5.622923e+02 5.674551e+02
5.497061e+01 5.497061e+01 5.497062e+01 5.497079e+01 5.497131e+01 5.498826e+01 5.504404e+01 5.528188e+01 5.546243e+01 5.568220e+01 5.623670e+01 5.694451e+01 5.780959e+01 5.883854e+01 6.003925e+01 6.142013e+01 6.298967e+01 7.397836e+01 9.104036e+01 1.149490e+02 1.456042e+02 1.822871e+02 2.241614e+02 3.194462e+02 4.171722e+02 4.959611e+02 5.440934e+02 5.650339e+02 5.690383e+02
6.269328e+01 6.269328e+01 6.269329e+01 6.269353e+01 6.269427e+01 6.271698e+01 6.278429e+01 6.304078e+01 6.322842e+01 6.345597e+01 6.403292e+01 6.477674e+01 6.569421e+01 6.679345e+01 6.808289e+01 6.957067e+01 7.126448e+01 8.308431e+01 1.011733e+02 1.261241e+02 1.577128e+02 1.951232e+02 2.374158e+02 3.322587e+02 4.278269e+02 5.035621e+02 5.488465e+02 5.678523e+02 5.706624e+02
7.125558e+01 7.125558e+01 7.125558e+01 7.125578e+01 7.125639e+01 7.127534e+01 7.133384e+01 7.157391e+01 7.175954e+01 7.199009e+01 7.258788e+01 7.337272e+01 7.435254e+01 7.553579e+01 7.693017e+01 7.854234e+01 8.037815e+01 9.310571e+01 1.122629e+02 1.382472e+02 1.707093e+02 2.087527e+02 2.513592e+02 3.455780e+02 4.388516e+02 5.114424e+02 5.537653e+02 5.707513e+02 5.723297e+02
8.042309e+01 8.042309e+01 8.042310e+01 8.042335e+01 8.042413e+01 8.044880e+01 8.052290e+01 8.080571e+01 8.101355e+01 8.126693e+01 8.191713e+01 8.277071e+01 8.384019e+01 8.513452e+01 8.665973e+01 8.842016e+01 9.041941e+01 1.041275e+02 1.243792e+02 1.513733e+02 1.846338e+02 2.232007e+02 2.660014e+02 3.593907e+02 4.502259e+02 5.195799e+02 5.588661e+02 5.737355e+02 5.740426e+02
9.050995e+01 9.050995e+01 9.050996e+01 9.051018e+01 9.051087e+01 9.053287e+01 9.060272e+01 9.089373e+01 9.111707e+01 9.139371e+01 9.211375e+01 9.306663e+01 9.426050e+01 9.569917e+01 9.738436e+01 9.931734e+01 1.014997e+02 1.162408e+02 1.375932e+02 1.655554e+02 1.995234e+02 2.384889e+02 2.813495e+02 3.736815e+02 4.619280e+02 5.279538e+02 5.641680e+02 5.768106e+02 5.758043e+02
1.014675e+02 1.014675e+02 1.014675e+02 1.014678e+02 1.014687e+02 1.014965e+02 1.015821e+02 1.019175e+02 1.021726e+02 1.024910e+02 1.033242e+02 1.044210e+02 1.057777e+02 1.073902e+02 1.092566e+02 1.113767e+02 1.137519e+02 1.295395e+02 1.519736e+02 1.808427e+02 2.154103e+02 2.546347e+02 2.974075e+02 3.884339e+02 4.739347e+02 5.365436e+02 5.696493e+02 5.799839e+02 5.776181e+02
1.135424e+02 1.135424e+02 1.135424e+02 1.135427e+02 1.135435e+02 1.135704e+02 1.136602e+02 1.140717e+02 1.143969e+02 1.147971e+02 1.158088e+02 1.170874e+02 1.186232e+02 1.204128e+02 1.224565e+02 1.247567e+02 1.273167e+02 1.441143e+02 1.675856e+02 1.972795e+02 2.323211e+02 2.716504e+02 3.141751e+02 4.036292e+02 4.862220e+02 5.453284e+02 5.752886e+02 5.832655e+02 5.794881e+02
1.270966e+02 1.270966e+02 1.270966e+02 1.270972e+02 1.270991e+02 1.271585e+02 1.273351e+02 1.279445e+02 1.283552e+02 1.288321e+02 1.299803e+02 1.313854e+02 1.330473e+02 1.349678e+02 1.371503e+02 1.395990e+02 1.423181e+02 1.600470e+02 1.844878e+02 2.149031e+02 2.502754e+02 2.895416e+02 3.316472e+02 4.192470e+02 4.987650e+02 5.542873e+02 5.810681e+02 5.866719e+02 5.814194e+02
1.436151e+02 1.436151e+02 1.436151e+02 1.436154e+02 1.436163e+02 1.436471e+02 1.437464e+02 1.441883e+02 1.445384e+02 1.449718e+02 1.460764e+02 1.474825e+02 1.491795e+02 1.511631e+02 1.534332e+02 1.559910e+02 1.588385e+02 1.774061e+02 2.027307e+02 2.337431e+02 2.692848e+02 3.083068e+02 3.498131e+02 4.352645e+02 5.115378e+02 5.633988e+02 5.869714e+02 5.902077e+02 5.834176e+02
1.614698e+02 1.614698e+02 1.614699e+02 1.614702e+02 1.614714e+02 1.615088e+02 1.616243e+02 1.620738e+02 1.624091e+02 1.628215e+02 1.638839e+02 1.652661e+02 1.669666e+02 1.689831e+02 1.713139e+02 1.739584e+02 1.769154e+02 1.962468e+02 2.223555e+02 2.538195e+02 2.893517e+02 3.279367e+02 3.686558e+02 4.516565e+02 5.245140e+02 5.726414e+02 5.929827e+02 5.938532e+02 5.854904e+02
1.807610e+02 1.807610e+02 1.807610e+02 1.807614e+02 1.807624e+02 1.807969e+02 1.809050e+02 1.813489e+02 1.816874e+02 1.821044e+02 1.831771e+02 1.845744e+02 1.863026e+02 1.883650e+02 1.907633e+02 1.934966e+02 1.965621e+02 2.166134e+02 2.433933e+02 2.751418e+02 3.104679e+02 3.484126e+02 3.881516e+02 4.683952e+02 5.376667e+02 5.819934e+02 5.990866e+02 5.975946e+02 5.876478e+02
2.013297e+02 2.013297e+02 2.013297e+02 2.013301e+02 2.013314e+02 2.013720e+02 2.014973e+02 2.019851e+02 2.023457e+02 2.027849e+02 2.039041e+02 2.053539e+02 2.071444e+02 2.092827e+02 2.117720e+02 2.146116e+02 2.177972e+02 2.385441e+02 2.658645e+02 2.977069e+02 3.326142e+02 3.697066e+02 4.082694e+02 4.854502e+02 5.509683e+02 5.914333e+02 6.052681e+02 6.014201e+02 5.899051e+02
2.234591e+02 2.234591e+02 2.234591e+02 2.234595e+02 2.234607e+02 2.234994e+02 2.236207e+02 2.241126e+02 2.244856e+02 2.249441e+02 2.261195e+02 2.276446e+02 2.295260e+02 2.317691e+02 2.343754e+02 2.373420e+02 2.406619e+02 2.620737e+02 2.897771e+02 3.214981e+02 3.557583e+02 3.917803e+02 4.289706e+02 5.027880e+02 5.643912e+02 6.009400e+02 6.115122e+02 6.053191e+02 5.922560e+02
2.470414e+02 2.470414e+02 2.470414e+02 2.470418e+02 2.470433e+02 2.470883e+02 2.472252e+02 2.477633e+02 2.481658e+02 2.486581e+02 2.499148e+02 2.515395e+02 2.535368e+02 2.559086e+02 2.586522e+02 2.617607e+02 2.652227e+02 2.872323e+02 3.151249e+02 3.464832e+02 3.798550e+02 4.145850e+02 4.502088e+02 5.203723e+02 5.779075e+02 6.104925e+02 6.178048e+02 6.092817e+02 5.946883e+02
2.723423e+02 2.723423e+02 2.723423e+02 2.723427e+02 2.723442e+02 2.723915e+02 2.725390e+02 2.731246e+02 2.735604e+02 2.740913e+02 2.754417e+02 2.771811e+02 2.793101e+02 2.818237e+02 2.847127e+02 2.879645e+02 2.915630e+02 3.140399e+02 3.418830e+02 3.726123e+02 4.048441e+02 4.380608e+02 4.719297e+02 5.381637e+02 5.914890e+02 6.200708e+02 6.241319e+02 6.132985e+02 5.971934e+02
2.996120e+02 2.996120e+02 2.996120e+02 2.996125e+02 2.996141e+02 2.996630e+02 2.998144e+02 3.004170e+02 3.008726e+02 3.014345e+02 3.028780e+02 3.047394e+02 3.070043e+02 3.096569e+02 3.126806e+02 3.160571e+02 3.197662e+02 3.424969e+02 3.700041e+02 3.998158e+02 4.306508e+02 4.621368e+02 4.940715e+02 5.561204e+02 6.051076e+02 6.296551e+02 6.304802e+02 6.173608e+02 5.997646e+02
3.288354e+02 3.288354e+02 3.288355e+02 3.288359e+02 3.288374e+02 3.288842e+02 3.290352e+02 3.296912e+02 3.302013e+02 3.308275e+02 3.324075e+02 3.344000e+02 3.367855e+02 3.395473e+02 3.426666e+02 3.461224e+02 3.498916e+02 3.725727e+02 3.994134e+02 4.280034e+02 4.571847e+02 4.867314e+02 5.165649e+02 5.741979e+02 6.187354e+02 6.392270e+02 6.368372e+02 6.214600e+02 6.023956e+02
3.601839e+02 3.601839e+02 3.601839e+02 3.601847e+02 3.601872e+02 3.602660e+02 3.605073e+02 3.613765e+02 3.619680e+02 3.626549e+02 3.643139e+02 3.663587e+02 3.687870e+02 3.715842e+02 3.747273e+02 3.781900e+02 3.819454e+02 4.041939e+02 4.300046e+02 4.570623e+02 4.843404e+02 5.117528e+02 5.393341e+02 5.923495e+02 6.323445e+02 6.487686e+02 6.431910e+02 6.255886e+02 6.050811e+02
3.954224e+02 3.954224e+02 3.954224e+02 3.954227e+02 3.954236e+02 3.954543e+02 3.955712e+02 3.961299e+02 3.965833e+02 3.971558e+02 3.986563e+02 4.006115e+02 4.029843e+02 4.057326e+02 4.088165e+02 4.122008e+02 4.158547e+02 4.372344e+02 4.616371e+02 4.868576e+02 5.119977e+02 5.370997e+02 5.622972e+02 6.105267e+02 6.459076e+02 6.582633e+02 6.495308e+02 6.297391e+02 6.078161e+02
4.317690e+02 4.317690e+02 4.317690e+02 4.317693e+02 4.317702e+02 4.318046e+02 4.319280e+02 4.324676e+02 4.329038e+02 4.334612e+02 4.349390e+02 4.368641e+02 4.391788e+02 4.418316e+02 4.447822e+02 4.479993e+02 4.514562e+02 4.715101e+02 4.941359e+02 5.172334e+02 5.400235e+02 5.626626e+02 5.853675e+02 6.286799e+02 6.593979e+02 6.676957e+02 6.558467e+02 6.339050e+02 6.105961e+02
4.690893e+02 4.690893e+02 4.690893e+02 4.690899e+02 4.690918e+02 4.691524e+02 4.693451e+02 4.701323e+02 4.707107e+02 4.713950e+02 4.730349e+02 4.749837e+02 4.772051e+02 4.796796e+02 4.823945e+02 4.853368e+02 4.884920e+02 5.067790e+02 5.272936e+02 5.480148e+02 5.682733e+02 5.883254e+02 6.084543e+02 6.467587e+02 6.727894e+02 6.770516e+02 6.621296e+02 6.380804e+02 6.134170e+02
5.092300e+02 5.092300e+02 5.092300e+02 5.092309e+02 5.092336e+02 5.093195e+02 5.095833e+02 5.105190e+02 5.111237e+02 5.117912e+02 5.132814e+02 5.149669e+02 5.168575e+02 5.189650e+02 5.212942e+02 5.238408e+02 5.265934e+02 5.427479e+02 5.608764e+02 5.790114e+02 5.965939e+02 6.139672e+02 6.314647e+02 6.647125e+02 6.860571e+02 6.863179e+02 6.683717e+02 6.422599e+02 6.162754e+02
5.535856e+02 5.535856e+02 5.535856e+02 5.535853e+02 5.535846e+02 5.535761e+02 5.536059e+02 5.538444e+02 5.540585e+02 5.543389e+02 5.551042e+02 5.561470e+02 5.574667e+02 5.590558e+02 5.609008e+02 5.629828e+02 5.652794e+02 5.790888e+02 5.946313e+02 6.100220e+02 6.248261e+02 6.394643e+02 6.543047e+02 6.824915e+02 6.991772e+02 6.954833e+02 6.745664e+02 6.464391e+02 6.191680e+02
5.965566e+02 5.965566e+02 5.965566e+02 5.965563e+02 5.965556e+02 5.965303e+02 5.964624e+02 5.962989e+02 5.962556e+02 5.962671e+02 5.965029e+02 5.970536e+02 5.979182e+02 5.990760e+02 6.004999e+02 6.021600e+02 6.040266e+02 6.154614e+02 6.282955e+02 6.408394e+02 6.528082e+02 6.646926e+02 6.768809e+02 7.000472e+02 7.121273e+02 7.045376e+02 6.807081e+02 6.506142e+02 6.220922e+02
6.353868e+02 6.353868e+02 6.353868e+02 6.353869e+02 6.353872e+02 6.353984e+02 6.354313e+02 6.355466e+02 6.356336e+02 6.357497e+02 6.360988e+02 6.366400e+02 6.373937e+02 6.383606e+02 6.395286e+02 6.408790e+02 6.423894e+02 6.515359e+02 6.616045e+02 6.712552e+02 6.803792e+02 6.895300e+02 6.991025e+02 7.173329e+02 7.248867e+02 7.134722e+02 6.867926e+02 6.547824e+02 6.250460e+02
6.725878e+02 6.725878e+02 6.725878e+02 6.725882e+02 6.725896e+02 6.726305e+02 6.727405e+02 6.731237e+02 6.733788e+02 6.736630e+02 6.742968e+02 6.750120e+02 6.758190e+02 6.767287e+02 6.777438e+02 6.788601e+02 6.800676e+02 6.870058e+02 6.942993e+02 7.010649e+02 7.073825e+02 7.138585e+02 7.208821e+02 7.343049e+02 7.374368e+02 7.222801e+02 6.928167e+02 6.589415e+02 6.280277e+02
7.102036e+02 7.102036e+02 7.102036e+02 7.102041e+02 7.102054e+02 7.102491e+02 7.103748e+02 7.107893e+02 7.110538e+02 7.113454e+02 7.119902e+02 7.126969e+02 7.134532e+02 7.142524e+02 7.150900e+02 7.159612e+02 7.168612e+02 7.215872e+02 7.261307e+02 7.300721e+02 7.336692e+02 7.375669e+02 7.421382e+02 7.509228e+02 7.497609e+02 7.309559e+02 6.987784e+02 6.630903e+02 6.310363e+02
7.485373e+02 7.485373e+02 7.485373e+02 7.485374e+02 7.485375e+02 7.485403e+02 7.485511e+02 7.486457e+02 7.487481e+02 7.488897e+02 7.492775e+02 7.497685e+02 7.503177e+02 7.508901e+02 7.514633e+02 7.520254e+02 7.525709e+02 7.550079e+02 7.568620e+02 7.580932e+02 7.591010e+02 7.605528e+02 7.627961e+02 7.671502e+02 7.618449e+02 7.394957e+02 7.046771e+02 6.672284e+02 6.340711e+02
7.850707e+02 7.850707e+02 7.850707e+02 7.850708e+02 7.850710e+02 7.850778e+02 7.850971e+02 7.851741e+02 7.852370e+02 7.853202e+02 7.855453e+02 7.858235e+02 7.861146e+02 7.863855e+02 7.866164e+02 7.867992e+02 7.869334e+02 7.869983e+02 7.862727e+02 7.849607e+02 7.835537e+02 7.827249e+02 7.827894e+02 7.829552e+02 7.736770e+02 7.478973e+02 7.105132e+02 6.713563e+02 6.371323e+02
8.199904e+02 8.199904e+02 8.199904e+02 8.199905e+02 8.199908e+02 8.200003e+02 8.200294e+02 8.201367e+02 8.202069e+02 8.202799e+02 8.204078e+02 8.204778e+02 8.204676e+02 8.203706e+02 8.201898e+02 8.199332e+02 8.196105e+02 8.172901e+02 8.141626e+02 8.105279e+02 8.069200e+02 8.040045e+02 8.020614e+02 7.983113e+02 7.852483e+02 7.561601e+02 7.162885e+02 6.754752e+02 6.402204e+02
8.536763e+02 8.536763e+02 8.536763e+02 8.536763e+02 8.536766e+02 8.536845e+02 8.537087e+02 8.537848e+02 8.538085e+02 8.538030e+02 8.536749e+02 8.533823e+02 8.529436e+02 8.523848e+02 8.517296e+02 8.509974e+02 8.502037e+02 8.456268e+02 8.403589e+02 8.346729e+02 8.291113e+02 8.243272e+02 8.205655e+02 8.131971e+02 7.965527e+02 7.642850e+02 7.220055e+02 6.795873e+02 6.433365e+02
8.861158e+02 8.861158e+02 8.861158e+02 8.861159e+02 8.861161e+02 8.861220e+02 8.861088e+02 8.858927e+02 8.856795e+02 8.854034e+02 8.846975e+02 8.838368e+02 8.828641e+02 8.818067e+02 8.806835e+02 8.795082e+02 8.782915e+02 8.717857e+02 8.647248e+02 8.573020e+02 8.500604e+02 8.436440e+02 8.382664e+02 8.275971e+02 8.075869e+02 7.722749e+02 7.276682e+02 6.836954e+02 6.464823e+02
9.155355e+02 9.155354e+02 9.155354e+02 9.155346e+02 9.155321e+02 9.154510e+02 9.152013e+02 9.143327e+02 9.137919e+02 9.132135e+02 9.119876e+02 9.106966e+02 9.093500e+02 9.079520e+02 9.065084e+02 9.050264e+02 9.035129e+02 8.956041e+02 8.871673e+02 8.783530e+02 8.697224e+02 8.619216e+02 8.551404e+02 8.415017e+02 8.183507e+02 7.801339e+02 7.332815e+02 6.878031e+02 6.496601e+02
9.368767e+02 9.368767e+02 9.368767e+02 9.368759e+02 9.368735e+02 9.368220e+02 9.366858e+02 9.361817e+02 9.358227e+02 9.354010e+02 9.343952e+02 9.332088e+02 9.318791e+02 9.304373e+02 9.289100e+02 9.273185e+02 9.256785e+02 9.170030e+02 9.076439e+02 8.977966e+02 8.880751e+02 8.791433e+02 8.711753e+02 8.549072e+02 8.288468e+02 7.878678e+02 7.388513e+02 6.919150e+02 6.528726e+02
9.535805e+02 9.535805e+02 9.535805e+02 9.535806e+02 9.535807e+02 9.535865e+02 9.536024e+02 9.535824e+02 9.534894e+02 9.533183e+02 9.527312e+02 9.518477e+02 9.507252e+02 9.494208e+02 9.479811e+02 9.464411e+02 9.448255e+02 9.359981e+02 9.261641e+02 9.156366e+02 9.051185e+02 8.953080e+02 8.863704e+02 8.678158e+02 8.390809e+02 7.954841e+02 7.443843e+02 6.960360e+02 6.561232e+02
9.697386e+02 9.697385e+02 9.697385e+02 9.697382e+02 9.697370e+02 9.697045e+02 9.696239e+02 9.693548e+02 9.691637e+02 9.689296e+02 9.683180e+02 9.675075e+02 9.665104e+02 9.653524e+02 9.640614e+02 9.626615e+02 9.611717e+02 9.526942e+02 9.427866e+02 9.319074e+02 9.208741e+02 9.104299e+02 9.007360e+02 8.802356e+02 8.490615e+02 8.029914e+02 7.498883e+02 7.001720e+02 6.594156e+02
9.831371e+02 9.831371e+02 9.831371e+02 9.831367e+02 9.831356e+02 9.830985e+02 9.829836e+02 9.825677e+02 9.822951e+02 9.819923e+02 9.813091e+02 9.805246e+02 9.796339e+02 9.786356e+02 9.775322e+02 9.763290e+02 9.750318e+02 9.672671e+02 9.576119e+02 9.466703e+02 9.353823e+02 9.245372e+02 9.142930e+02 8.921802e+02 8.587998e+02 8.104000e+02 7.553719e+02 7.043292e+02 6.627541e+02
9.927692e+02 9.927692e+02 9.927692e+02 9.927691e+02 9.927689e+02 9.927604e+02 9.927234e+02 9.925228e+02 9.923593e+02 9.921595e+02 9.916708e+02 9.910850e+02 9.904114e+02 9.896478e+02 9.887892e+02 9.878312e+02 9.867713e+02 9.799391e+02 9.707710e+02 9.600086e+02 9.486996e+02 9.376704e+02 9.270714e+02 9.036684e+02 8.683099e+02 8.177214e+02 7.608444e+02 7.085148e+02 6.661434e+02
1.000545e+03 1.000545e+03 1.000545e+03 1.000545e+03 1.000545e+03 1.000537e+03 1.000512e+03 1.000423e+03 1.000357e+03 1.000274e+03 1.000051e+03 9.997476e+02 9.993602e+02 9.988794e+02 9.982953e+02 9.976002e+02 9.967889e+02 9.909528e+02 9.824132e+02 9.720215e+02 9.608964e+02 9.498813e+02 9.391103e+02 9.147237e+02 8.776080e+02 8.249684e+02 7.663159e+02 7.127360e+02 6.695887e+02
1.007232e+03 1.007232e+03 1.007232e+03 1.007232e+03 1.007232e+03 1.007238e+03 1.007252e+03 1.007284e+03 1.007298e+03 1.007307e+03 1.007305e+03 1.007252e+03 1.007122e+03 1.006892e+03 1.006547e+03 1.006078e+03 1.005480e+03 1.000546e+03 9.926939e+02 9.828183e+02 9.720533e+02 9.612306e+02 9.504557e+02 9.253740e+02 8.867130e+02 8.321548e+02 7.717971e+02 7.170010e+02 6.730956e+02
1.013747e+03 1.013747e+03 1.013747e+03 1.013747e+03 1.013747e+03 1.013753e+03 1.013771e+03 1.013853e+03 1.013915e+03 1.013985e+03 1.014128e+03 1.014231e+03 1.014255e+03 1.014173e+03 1.013969e+03 1.013638e+03 1.013176e+03 1.008930e+03 1.001765e+03 9.925140e+02 9.822586e+02 9.717864e+02 9.611602e+02 9.356512e+02 8.956454e+02 8.392955e+02 7.772994e+02 7.213182e+02 6.766701e+02
1.020380e+03 1.020380e+03 1.020380e+03 1.020380e+03 1.020381e+03 1.020395e+03 1.020439e+03 1.020592e+03 1.020688e+03 1.020787e+03 1.020964e+03 1.021075e+03 1.021096e+03 1.021012e+03 1.020817e+03 1.020508e+03 1.020086e+03 1.016271e+03 1.009768e+03 1.001225e+03 9.916063e+02 9.816229e+02 9.712819e+02 9.455903e+02 9.044279e+02 8.464065e+02 7.828345e+02 7.256964e+02 6.803184e+02
1.027691e+03 1.027691e+03 1.027691e+03 1.027691e+03 1.027692e+03 1.027706e+03 1.027748e+03 1.027849e+03 1.027886e+03 1.027908e+03 1.027897e+03 1.027812e+03 1.027654e+03 1.027423e+03 1.027118e+03 1.026737e+03 1.026277e+03 1.022691e+03 1.016832e+03 1.009068e+03 1.000194e+03 9.908188e+02 9.808826e+02 9.552293e+02 9.130845e+02 8.535044e+02 7.884149e+02 7.301448e+02 6.840472e+02
1.035444e+03 1.035444e+03 1.035444e+03 1.035444e+03 1.035443e+03 1.035414e+03 1.035331e+03 1.035074e+03 1.034917e+03 1.034747e+03 1.034381e+03 1.033991e+03 1.033584e+03 1.033157e+03 1.032705e+03 1.032222e+03 1.031701e+03 1.028278e+03 1.023076e+03 1.016158e+03 1.008121e+03 9.994557e+02 9.900277e+02 9.646084e+02 9.216406e+02 8.606067e+02 7.940533e+02 7.346730e+02 6.878636e+02
1.040892e+03 1.040892e+03 1.040892e+03 1.040892e+03 1.040891e+03 1.040861e+03 1.040769e+03 1.040438e+03 1.040221e+03 1.039983e+03 1.039474e+03 1.038946e+03 1.038415e+03 1.037886e+03 1.037357e+03 1.036823e+03 1.036277e+03 1.033104e+03 1.028614e+03 1.022609e+03 1.015488e+03 1.007618e+03 9.987845e+02 9.737695e+02 9.301228e+02 8.677313e+02 7.997630e+02 7.392908e+02 6.917747e+02
1.043617e+03 1.043617e+03 1.043617e+03 1.043617e+03 1.043617e+03 1.043612e+03 1.043590e+03 1.043455e+03 1.043338e+03 1.043193e+03 1.042834e+03 1.042410e+03 1.041950e+03 1.041471e+03 1.040982e+03 1.040486e+03 1.039986e+03 1.037249e+03 1.033559e+03 1.028537e+03 1.022399e+03 1.015390e+03 1.007222e+03 9.827556e+02 9.385585e+02 8.748968e+02 8.055573e+02 7.440083e+02 6.957880e+02
1.045276e+03 1.045276e+03 1.045276e+03 1.045276e+03 1.045275e+03 1.045271e+03 1.045258e+03 1.045205e+03 1.045161e+03 1.045101e+03 1.044929e+03 1.044689e+03 1.044391e+03 1.044052e+03 1.043685e+03 1.043302e+03 1.042909e+03 1.040813e+03 1.038029e+03 1.034058e+03 1.028954e+03 1.022859e+03 1.015409e+03 9.916107e+02 9.469756e+02 8.821222e+02 8.114500e+02 7.488360e+02 6.999113e+02
1.046410e+03 1.046410e+03 1.046410e+03 1.046410e+03 1.046410e+03 1.046413e+03 1.046416e+03 1.046417e+03 1.046413e+03 1.046402e+03 1.046354e+03 1.046258e+03 1.046112e+03 1.045922e+03 1.045701e+03 1.045461e+03 1.045211e+03 1.043922e+03 1.042150e+03 1.039288e+03 1.035258e+03 1.030108e+03 1.023415e+03 1.000378e+03 9.554025e+02 8.894267e+02 8.174552e+02 7.537842e+02 7.041524e+02
1.047420e+03 1.047420e+03 1.047420e+03 1.047420e+03 1.047420e+03 1.047423e+03 1.047431e+03 1.047459e+03 1.047474e+03 1.047487e+03 1.047498e+03 1.047483e+03 1.047438e+03 1.047367e+03 1.047277e+03 1.047181e+03 1.047086e+03 1.046721e+03 1.046055e+03 1.044348e+03 1.041410e+03 1.037222e+03 1.031308e+03 1.009103e+03 9.638676e+02 8.968298e+02 8.235869e+02 7.588637e+02 7.085195e+02
1.048504e+03 1.048504e+03 1.048504e+03 1.048504e+03 1.048504e+03 1.048506e+03 1.048509e+03 1.048518e+03 1.048524e+03 1.048530e+03 1.048544e+03 1.048558e+03 1.048572e+03 1.048589e+03 1.048615e+03 1.048658e+03 1.048723e+03 1.049373e+03 1.049885e+03 1.049355e+03 1.047510e+03 1.044281e+03 1.039153e+03 1.017826e+03 9.723993e+02 9.043512e+02 8.298595e+02 7.640855e+02 7.130210e+02
1.049515e+03 1.049515e+03 1.049515e+03 1.049514e+03 1.049514e+03 1.049513e+03 1.049510e+03 1.049498e+03 1.049494e+03 1.049494e+03 1.049509e+03 1.049550e+03 1.049621e+03 1.049726e+03 1.049871e+03 1.050062e+03 1.050300e+03 1.052048e+03 1.053785e+03 1.054429e+03 1.053653e+03 1.051364e+03 1.047013e+03 1.026591e+03 9.810258e+02 9.120105e+02 8.362875e+02 7.694604e+02 7.176651e+02
1.050286e+03 1.050286e+03 1.050286e+03 1.050286e+03 1.050286e+03 1.050285e+03 1.050284e+03 1.050298e+03 1.050314e+03 1.050338e+03 1.050410e+03 1.050521e+03 1.050683e+03 1.050905e+03 1.051196e+03 1.051559e+03 1.051995e+03 1.054928e+03 1.057900e+03 1.059683e+03 1.059930e+03 1.058542e+03 1.054947e+03 1.035438e+03 9.897750e+02 9.198274e+02 8.428854e+02 7.749996e+02 7.224606e+02
1.051002e+03 1.051002e+03 1.051002e+03 1.051002e+03 1.051003e+03 1.051011e+03 1.051035e+03 1.051121e+03 1.051178e+03 1.051245e+03 1.051409e+03 1.051627e+03 1.051918e+03 1.052297e+03 1.052772e+03 1.053345e+03 1.054008e+03 1.058199e+03 1.062373e+03 1.065225e+03 1.066425e+03 1.065883e+03 1.063013e+03 1.044405e+03 9.986743e+02 9.278216e+02 8.496677e+02 7.807143e+02 7.274160e+02
1.052217e+03 1.052217e+03 1.052217e+03 1.052217e+03 1.052217e+03 1.052225e+03 1.052250e+03 1.052350e+03 1.052426e+03 1.052519e+03 1.052762e+03 1.053101e+03 1.053554e+03 1.054133e+03 1.054836e+03 1.055657e+03 1.056579e+03 1.062051e+03 1.067339e+03 1.071151e+03 1.073211e+03 1.073449e+03 1.071259e+03 1.053530e+03 1.007750e+03 9.360126e+02 8.566493e+02 7.866158e+02 7.325403e+02
1.053962e+03 1.053962e+03 1.053962e+03 1.053962e+03 1.053962e+03 1.053973e+03 1.054005e+03 1.054129e+03 1.054223e+03 1.054345e+03 1.054691e+03 1.055196e+03 1.055869e+03 1.056704e+03 1.057682e+03 1.058782e+03 1.059981e+03 1.066670e+03 1.072916e+03 1.077546e+03 1.080355e+03 1.081292e+03 1.079733e+03 1.062846e+03 1.017029e+03 9.444200e+02 8.638446e+02 7.927155e+02 7.378423e+02
