8.754075e+04 6.129391e+04 5.093543e+04 2.838262e+04 2.136591e+04 1.059428e+04 7.880320e+03 5.964725e+03 5.489833e+03 5.149020e+03 4.695752e+03 4.416332e+03 4.237887e+03 4.125847e+03 4.061543e+03 4.033831e+03 4.035410e+03 4.325588e+03 4.768749e+03 5.012552e+03 4.949104e+03 4.698319e+03 4.398727e+03 3.894487e+03 3.601173e+03 3.518003e+03 3.636024e+03 3.949114e+03 4.450450e+03
1.024554e+04 1.024551e+04 1.024531e+04 1.022985e+04 1.014810e+04 8.722170e+03 7.234336e+03 5.754531e+03 5.344074e+03 5.041444e+03 4.630175e+03 4.372727e+03 4.207556e+03 4.104357e+03 4.046379e+03 4.023447e+03 4.028789e+03 4.329897e+03 4.776956e+03 5.020588e+03 4.955189e+03 4.702328e+03 4.401151e+03 3.895231e+03 3.601504e+03 3.518620e+03 3.637347e+03 3.951412e+03 4.453892e+03
7.606712e+03 7.606709e+03 7.606689e+03 7.604997e+03 7.596077e+03 7.281750e+03 6.538948e+03 5.511050e+03 5.177913e+03 4.920659e+03 4.558309e+03 4.325789e+03 4.175368e+03 4.081831e+03 4.030675e+03 4.012841e+03 4.022158e+03 4.334587e+03 4.785528e+03 5.028871e+03 4.961412e+03 4.706405e+03 4.403603e+03 3.895974e+03 3.601833e+03 3.519243e+03 3.638685e+03 3.953734e+03 4.457365e+03
6.442694e+03 6.442695e+03 6.442693e+03 6.442280e+03 6.439880e+03 6.283155e+03 6.008422e+03 5.256485e+03 4.999906e+03 4.790715e+03 4.481462e+03 4.276086e+03 4.141619e+03 4.058448e+03 4.014549e+03 4.002097e+03 4.015581e+03 4.339681e+03 4.794476e+03 5.037407e+03 4.967774e+03 4.710547e+03 4.406083e+03 3.896718e+03 3.602162e+03 3.519871e+03 3.640038e+03 3.956079e+03 4.460871e+03
5.747864e+03 5.747864e+03 5.747865e+03 5.747736e+03 5.746871e+03 5.666621e+03 5.527366e+03 5.030475e+03 4.823559e+03 4.657477e+03 4.401320e+03 4.224301e+03 4.106651e+03 4.034403e+03 3.998127e+03 3.991302e+03 4.009123e+03 4.345205e+03 4.803810e+03 5.046197e+03 4.974276e+03 4.714756e+03 4.408588e+03 3.897460e+03 3.602490e+03 3.520506e+03 3.641406e+03 3.958449e+03 4.464408e+03
5.278088e+03 5.278089e+03 5.278091e+03 5.278061e+03 5.277714e+03 5.237454e+03 5.134298e+03 4.848699e+03 4.670784e+03 4.529696e+03 4.320137e+03 4.171274e+03 4.070859e+03 4.009915e+03 3.981545e+03 3.980551e+03 4.002853e+03 4.351180e+03 4.813539e+03 5.055245e+03 4.980916e+03 4.719030e+03 4.411119e+03 3.898202e+03 3.602816e+03 3.521146e+03 3.642789e+03 3.960842e+03 4.467979e+03
4.937666e+03 4.937668e+03 4.937672e+03 4.937733e+03 4.937747e+03 4.917983e+03 4.838435e+03 4.681658e+03 4.545917e+03 4.420687e+03 4.240996e+03 4.118075e+03 4.034717e+03 3.985234e+03 3.964954e+03 3.969943e+03 3.996842e+03 4.357632e+03 4.823674e+03 5.064553e+03 4.987697e+03 4.723369e+03 4.413676e+03 3.898942e+03 3.603141e+03 3.521792e+03 3.644187e+03 3.963260e+03 4.471582e+03
4.684317e+03 4.684317e+03 4.684318e+03 4.684335e+03 4.684303e+03 4.672893e+03 4.614281e+03 4.521203e+03 4.432209e+03 4.330682e+03 4.168194e+03 4.066102e+03 3.998813e+03 3.960655e+03 3.948523e+03 3.959585e+03 3.991164e+03 4.364582e+03 4.834222e+03 5.074125e+03 4.994617e+03 4.727772e+03 4.416257e+03 3.899681e+03 3.603464e+03 3.522444e+03 3.645601e+03 3.965703e+03 4.475219e+03
4.484958e+03 4.484959e+03 4.484962e+03 4.485032e+03 4.485154e+03 4.479652e+03 4.438518e+03 4.372336e+03 4.322688e+03 4.249445e+03 4.107658e+03 4.017179e+03 3.963886e+03 3.936535e+03 3.932448e+03 3.949600e+03 3.985902e+03 4.372055e+03 4.845193e+03 5.083962e+03 5.001677e+03 4.732239e+03 4.418862e+03 3.900417e+03 3.603785e+03 3.523103e+03 3.647030e+03 3.968171e+03 4.478888e+03
4.328412e+03 4.328412e+03 4.328414e+03 4.328444e+03 4.328488e+03 4.324969e+03 4.296381e+03 4.241048e+03 4.217594e+03 4.171831e+03 4.057491e+03 3.973821e+03 3.930870e+03 3.913311e+03 3.916963e+03 3.940125e+03 3.981146e+03 4.380073e+03 4.856593e+03 5.094066e+03 5.008877e+03 4.736768e+03 4.421490e+03 3.901151e+03 3.604105e+03 3.523767e+03 3.648475e+03 3.970664e+03 4.482592e+03
4.200305e+03 4.200305e+03 4.200307e+03 4.200334e+03 4.200385e+03 4.198404e+03 4.178819e+03 4.129499e+03 4.120109e+03 4.096596e+03 4.013218e+03 3.939017e+03 3.900960e+03 3.891523e+03 3.902351e+03 3.931326e+03 3.977000e+03 4.388660e+03 4.868430e+03 5.104438e+03 5.016215e+03 4.741359e+03 4.424140e+03 3.901882e+03 3.604423e+03 3.524438e+03 3.649936e+03 3.973183e+03 4.486329e+03
3.821179e+03 3.821179e+03 3.821180e+03 3.821206e+03 3.821273e+03 3.822262e+03 3.821400e+03 3.802247e+03 3.797587e+03 3.803704e+03 3.824698e+03 3.828466e+03 3.824108e+03 3.830890e+03 3.857553e+03 3.905676e+03 3.970373e+03 4.441002e+03 4.934414e+03 5.160357e+03 5.054954e+03 4.765202e+03 4.437691e+03 3.905477e+03 3.605980e+03 3.527887e+03 3.657485e+03 3.986164e+03 4.505535e+03
3.677100e+03 3.677101e+03 3.677101e+03 3.677123e+03 3.677185e+03 3.678645e+03 3.681544e+03 3.682741e+03 3.681392e+03 3.684227e+03 3.712466e+03 3.758798e+03 3.803379e+03 3.843550e+03 3.887150e+03 3.941325e+03 4.009346e+03 4.512026e+03 5.012327e+03 5.223044e+03 5.096982e+03 4.790395e+03 4.451646e+03 3.908931e+03 3.607471e+03 3.531502e+03 3.665458e+03 3.999815e+03 4.525630e+03
3.648763e+03 3.648764e+03 3.648764e+03 3.648783e+03 3.648840e+03 3.650423e+03 3.654853e+03 3.666799e+03 3.672326e+03 3.678490e+03 3.702656e+03 3.750799e+03 3.815792e+03 3.885902e+03 3.956284e+03 4.028559e+03 4.106242e+03 4.608271e+03 5.103201e+03 5.292447e+03 5.142065e+03 4.816731e+03 4.465853e+03 3.912180e+03 3.608880e+03 3.535292e+03 3.673880e+03 4.014169e+03 4.546650e+03
3.707282e+03 3.707282e+03 3.707283e+03 3.707301e+03 3.707356e+03 3.708917e+03 3.713328e+03 3.728161e+03 3.737259e+03 3.747112e+03 3.772929e+03 3.816393e+03 3.881575e+03 3.962820e+03 4.051982e+03 4.143884e+03 4.237129e+03 4.742118e+03 5.208821e+03 5.368578e+03 5.189940e+03 4.843978e+03 4.480150e+03 3.915159e+03 3.610194e+03 3.539268e+03 3.682773e+03 4.029256e+03 4.568630e+03
3.823673e+03 3.823673e+03 3.823673e+03 3.823690e+03 3.823739e+03 3.825275e+03 3.830007e+03 3.847196e+03 3.858663e+03 3.871564e+03 3.902349e+03 3.945269e+03 4.006930e+03 4.087916e+03 4.183315e+03 4.286670e+03 4.392949e+03 4.913841e+03 5.332568e+03 5.451727e+03 5.240398e+03 4.871909e+03 4.494372e+03 3.917806e+03 3.611398e+03 3.543441e+03 3.692165e+03 4.045110e+03 4.591607e+03
3.991634e+03 3.991634e+03 3.991635e+03 3.991653e+03 3.991708e+03 3.993377e+03 3.998394e+03 4.017181e+03 4.030323e+03 4.045563e+03 4.081790e+03 4.127588e+03 4.187763e+03 4.265371e+03 4.359151e+03 4.464602e+03 4.576286e+03 5.111109e+03 5.480472e+03 5.542737e+03 5.293372e+03 4.900345e+03 4.508374e+03 3.920061e+03 3.612483e+03 3.547827e+03 3.702083e+03 4.061766e+03 4.615620e+03
4.208469e+03 4.208469e+03 4.208470e+03 4.208488e+03 4.208546e+03 4.210304e+03 4.215749e+03 4.236412e+03 4.251029e+03 4.268154e+03 4.309048e+03 4.358622e+03 4.419043e+03 4.493156e+03 4.581726e+03 4.682664e+03 4.791941e+03 5.324872e+03 5.648712e+03 5.643530e+03 5.349054e+03 4.929196e+03 4.522045e+03 3.921876e+03 3.613443e+03 3.552444e+03 3.712556e+03 4.079261e+03 4.640709e+03
4.477946e+03 4.477946e+03 4.477947e+03 4.477965e+03 4.478022e+03 4.479806e+03 4.485319e+03 4.506705e+03 4.522100e+03 4.540304e+03 4.584063e+03 4.636191e+03 4.696598e+03 4.766826e+03 4.848214e+03 4.940429e+03 5.041251e+03 5.549068e+03 5.829055e+03 5.757004e+03 5.408035e+03 4.958510e+03 4.535337e+03 3.923219e+03 3.614281e+03 3.557313e+03 3.723619e+03 4.097632e+03 4.666913e+03
4.797788e+03 4.797788e+03 4.797788e+03 4.797805e+03 4.797858e+03 4.799566e+03 4.804976e+03 4.826495e+03 4.842178e+03 4.860769e+03 4.905285e+03 4.957373e+03 5.015537e+03 5.080102e+03 5.152286e+03 5.232758e+03 5.320828e+03 5.779831e+03 6.014607e+03 5.879083e+03 5.471724e+03 4.988528e+03 4.548281e+03 3.924080e+03 3.615007e+03 3.562460e+03 3.735305e+03 4.116919e+03 4.694274e+03
5.162972e+03 5.162972e+03 5.162973e+03 5.162991e+03 5.163047e+03 5.164829e+03 5.170466e+03 5.192551e+03 5.208129e+03 5.226160e+03 5.268174e+03 5.316062e+03 5.368065e+03 5.423866e+03 5.484373e+03 5.550685e+03 5.623123e+03 6.014116e+03 6.199686e+03 6.004850e+03 5.541382e+03 5.019775e+03 4.561012e+03 3.924479e+03 3.615643e+03 3.567918e+03 3.747654e+03 4.137165e+03 4.722837e+03
5.576704e+03 5.576704e+03 5.576705e+03 5.576727e+03 5.576794e+03 5.578798e+03 5.584065e+03 5.601671e+03 5.613794e+03 5.627957e+03 5.661415e+03 5.699810e+03 5.741253e+03 5.785010e+03 5.831610e+03 5.882168e+03 5.937502e+03 6.248653e+03 6.380033e+03 6.130180e+03 5.614041e+03 5.053384e+03 4.573805e+03 3.924468e+03 3.616223e+03 3.573724e+03 3.760708e+03 4.158415e+03 4.752645e+03
6.006821e+03 6.006821e+03 6.006821e+03 6.006827e+03 6.006850e+03 6.007677e+03 6.010268e+03 6.020950e+03 6.029070e+03 6.038789e+03 6.061943e+03 6.088461e+03 6.116973e+03 6.146935e+03 6.178733e+03 6.213351e+03 6.251729e+03 6.479664e+03 6.552751e+03 6.251654e+03 5.686991e+03 5.089722e+03 4.587135e+03 3.924139e+03 3.616799e+03 3.579924e+03 3.774513e+03 4.180714e+03 4.783745e+03
6.407967e+03 6.407967e+03 6.407967e+03 6.407977e+03 6.408009e+03 6.409009e+03 6.411948e+03 6.421533e+03 6.427282e+03 6.433359e+03 6.446350e+03 6.460519e+03 6.475851e+03 6.492348e+03 6.510352e+03 6.530588e+03 6.553841e+03 6.703180e+03 6.716058e+03 6.366675e+03 5.757976e+03 5.126895e+03 4.601906e+03 3.923634e+03 3.617438e+03 3.586573e+03 3.789120e+03 4.204114e+03 4.816186e+03
6.794314e+03 6.794314e+03 6.794314e+03 6.794318e+03 6.794328e+03 6.794602e+03 6.794789e+03 6.793754e+03 6.793187e+03 6.792926e+03 6.793697e+03 6.796309e+03 6.800601e+03 6.806370e+03 6.813634e+03 6.822723e+03 6.834113e+03 6.915625e+03 6.868976e+03 6.473501e+03 5.825126e+03 5.163409e+03 4.618044e+03 3.923148e+03 3.618227e+03 3.593734e+03 3.804586e+03 4.228668e+03 4.850019e+03
7.096010e+03 7.096010e+03 7.096010e+03 7.096006e+03 7.095994e+03 7.095549e+03 7.094133e+03 7.090016e+03 7.087921e+03 7.085997e+03 7.082870e+03 7.080831e+03 7.079882e+03 7.079944e+03 7.080987e+03 7.083139e+03 7.086634e+03 7.114334e+03 7.011076e+03 6.571159e+03 5.886997e+03 5.198035e+03 4.634397e+03 3.922949e+03 3.619276e+03 3.601480e+03 3.820974e+03 4.254432e+03 4.885296e+03
7.309960e+03 7.309960e+03 7.309960e+03 7.309962e+03 7.309968e+03 7.310166e+03 7.311019e+03 7.313779e+03 7.314865e+03 7.315527e+03 7.315715e+03 7.314958e+03 7.313847e+03 7.312690e+03 7.311599e+03 7.310636e+03 7.309872e+03 7.297808e+03 7.142287e+03 6.659285e+03 5.942577e+03 5.229753e+03 4.650128e+03 3.923433e+03 3.620719e+03 3.609898e+03 3.838351e+03 4.281466e+03 4.922072e+03
7.507482e+03 7.507482e+03 7.507482e+03 7.507482e+03 7.507481e+03 7.507529e+03 7.507773e+03 7.508535e+03 7.508987e+03 7.509452e+03 7.510284e+03 7.510832e+03 7.511006e+03 7.510728e+03 7.509875e+03 7.508296e+03 7.505836e+03 7.465641e+03 7.262749e+03 6.737932e+03 5.991266e+03 5.257769e+03 4.664557e+03 3.925135e+03 3.622718e+03 3.619084e+03 3.856793e+03 4.309837e+03 4.960405e+03
7.673793e+03 7.673793e+03 7.673793e+03 7.673792e+03 7.673788e+03 7.673708e+03 7.673543e+03 7.673439e+03 7.673763e+03 7.674383e+03 7.676272e+03 7.678489e+03 7.680490e+03 7.681860e+03 7.682226e+03 7.681210e+03 7.678426e+03 7.618226e+03 7.372698e+03 6.807399e+03 6.032812e+03 5.281516e+03 4.677132e+03 3.927751e+03 3.625468e+03 3.629151e+03 3.876384e+03 4.339612e+03 5.000356e+03
7.806749e+03 7.806750e+03 7.806750e+03 7.806754e+03 7.806766e+03 7.807133e+03 7.808281e+03 7.812371e+03 7.814810e+03 7.817294e+03 7.822146e+03 7.826623e+03 7.830477e+03 7.833389e+03 7.834947e+03 7.834644e+03 7.831908e+03 7.756343e+03 7.472368e+03 6.868084e+03 6.067238e+03 5.300648e+03 4.687424e+03 3.930884e+03 3.629215e+03 3.640223e+03 3.897214e+03 4.370867e+03 5.041989e+03
7.946048e+03 7.946048e+03 7.946048e+03 7.946047e+03 7.946048e+03 7.946273e+03 7.947063e+03 7.950000e+03 7.951946e+03 7.954089e+03 7.958703e+03 7.963375e+03 7.967658e+03 7.971063e+03 7.973021e+03 7.972871e+03 7.969865e+03 7.880796e+03 7.561920e+03 6.920392e+03 6.094759e+03 5.315023e+03 4.695134e+03 3.934265e+03 3.634313e+03 3.652445e+03 3.919382e+03 4.403680e+03 5.085371e+03
8.081289e+03 8.081289e+03 8.081289e+03 8.081290e+03 8.081295e+03 8.081430e+03 8.081729e+03 8.082606e+03 8.083409e+03 8.084538e+03 8.087639e+03 8.091364e+03 8.095021e+03 8.097921e+03 8.099356e+03 8.098549e+03 8.094629e+03 7.992141e+03 7.641400e+03 6.964682e+03 6.115710e+03 5.324673e+03 4.700088e+03 3.937687e+03 3.641007e+03 3.665979e+03 3.942999e+03 4.438138e+03 5.130573e+03
8.197796e+03 8.197796e+03 8.197796e+03 8.197798e+03 8.197803e+03 8.197986e+03 8.198547e+03 8.200632e+03 8.202037e+03 8.203597e+03 8.206963e+03 8.210296e+03 8.213120e+03 8.214905e+03 8.215036e+03 8.212770e+03 8.207215e+03 8.090568e+03 7.710730e+03 7.001241e+03 6.130492e+03 5.329771e+03 4.702235e+03 3.940996e+03 3.649081e+03 3.681015e+03 3.968184e+03 4.474332e+03 5.177670e+03
8.308923e+03 8.308923e+03 8.308924e+03 8.308927e+03 8.308939e+03 8.309283e+03 8.310225e+03 8.312961e+03 8.314480e+03 8.315990e+03 8.318758e+03 8.320892e+03 8.322056e+03 8.321876e+03 8.319863e+03 8.315355e+03 8.307485e+03 8.175887e+03 7.769739e+03 7.030300e+03 6.139534e+03 5.330596e+03 4.701628e+03 3.944081e+03 3.658409e+03 3.697788e+03 3.995069e+03 4.512359e+03 5.226741e+03
8.422208e+03 8.422208e+03 8.422208e+03 8.422208e+03 8.422207e+03 8.422165e+03 8.422074e+03 8.422166e+03 8.422334e+03 8.422503e+03 8.422593e+03 8.421994e+03 8.420341e+03 8.417283e+03 8.412380e+03 8.405016e+03 8.394345e+03 8.247627e+03 7.818216e+03 7.052053e+03 6.143274e+03 5.327500e+03 4.698418e+03 3.946881e+03 3.668910e+03 3.716615e+03 4.023799e+03 4.552326e+03 5.277870e+03
8.518294e+03 8.518294e+03 8.518294e+03 8.518294e+03 8.518295e+03 8.518282e+03 8.518136e+03 8.517216e+03 8.516424e+03 8.515422e+03 8.512778e+03 8.509154e+03 8.504344e+03 8.498095e+03 8.490047e+03 8.479642e+03 8.466058e+03 8.305198e+03 7.855980e+03 7.066694e+03 6.142147e+03 5.320887e+03 4.692827e+03 3.949378e+03 3.680535e+03 3.737557e+03 4.054538e+03 4.594347e+03 5.331145e+03
8.594139e+03 8.594139e+03 8.594139e+03 8.594137e+03 8.594133e+03 8.593975e+03 8.593468e+03 8.591474e+03 8.590009e+03 8.588219e+03 8.583603e+03 8.577553e+03 8.570029e+03 8.560946e+03 8.550076e+03 8.536945e+03 8.520777e+03 8.348091e+03 7.882966e+03 7.074446e+03 6.136587e+03 5.311188e+03 4.685139e+03 3.951600e+03 3.693257e+03 3.760516e+03 4.087474e+03 4.638544e+03 5.386661e+03
8.644194e+03 8.644194e+03 8.644194e+03 8.644194e+03 8.644192e+03 8.644118e+03 8.643795e+03 8.641885e+03 8.640166e+03 8.637923e+03 8.631925e+03 8.624061e+03 8.614491e+03 8.603279e+03 8.590301e+03 8.575154e+03 8.557096e+03 8.376074e+03 7.899285e+03 7.075600e+03 6.127032e+03 5.298849e+03 4.675680e+03 3.953617e+03 3.707068e+03 3.785461e+03 4.122844e+03 4.685050e+03 5.444517e+03
8.674077e+03 8.674077e+03 8.674077e+03 8.674073e+03 8.674063e+03 8.673722e+03 8.672708e+03 8.669119e+03 8.666600e+03 8.663604e+03 8.656204e+03 8.647023e+03 8.636192e+03 8.623776e+03 8.609664e+03 8.593469e+03 8.574459e+03 8.389349e+03 7.905280e+03 7.070531e+03 6.113929e+03 5.284319e+03 4.664800e+03 3.955535e+03 3.721981e+03 3.812386e+03 4.160912e+03 4.734014e+03 5.504821e+03
8.672958e+03 8.672958e+03 8.672958e+03 8.672955e+03 8.672947e+03 8.672688e+03 8.671855e+03 8.668449e+03 8.665905e+03 8.662838e+03 8.655263e+03 8.645943e+03 8.635029e+03 8.622578e+03 8.608470e+03 8.592315e+03 8.573382e+03 8.388627e+03 7.901542e+03 7.059710e+03 6.097738e+03 5.268046e+03 4.652868e+03 3.957495e+03 3.738029e+03 3.841301e+03 4.201646e+03 4.785599e+03 5.567685e+03
8.645826e+03 8.645826e+03 8.645826e+03 8.645824e+03 8.645819e+03 8.645646e+03 8.645056e+03 8.642330e+03 8.640188e+03 8.637569e+03 8.631004e+03 8.622773e+03 8.612961e+03 8.601592e+03 8.588539e+03 8.573414e+03 8.555487e+03 8.375122e+03 7.888907e+03 7.043706e+03 6.078932e+03 5.250471e+03 4.640258e+03 3.959665e+03 3.755262e+03 3.872226e+03 4.245022e+03 4.839996e+03 5.633233e+03
8.600135e+03 8.600135e+03 8.600135e+03 8.600132e+03 8.600123e+03 8.599841e+03 8.599040e+03 8.596630e+03 8.595069e+03 8.593202e+03 8.588367e+03 8.581939e+03 8.573914e+03 8.564302e+03 8.552978e+03 8.539555e+03 8.523299e+03 8.350463e+03 7.868409e+03 7.023173e+03 6.058003e+03 5.232024e+03 4.627340e+03 3.962238e+03 3.773750e+03 3.905194e+03 4.291049e+03 4.897458e+03 5.701597e+03
8.537996e+03 8.537996e+03 8.537996e+03 8.537998e+03 8.538003e+03 8.538169e+03 8.538552e+03 8.538682e+03 8.538126e+03 8.537120e+03 8.533832e+03 8.528971e+03 8.522652e+03 8.514883e+03 8.505499e+03 8.494071e+03 8.479830e+03 8.316554e+03 7.841234e+03 6.998831e+03 6.035451e+03 5.213125e+03 4.614480e+03 3.965421e+03 3.793577e+03 3.940246e+03 4.339753e+03 4.958142e+03 5.772923e+03
8.481811e+03 8.481811e+03 8.481811e+03 8.481808e+03 8.481800e+03 8.481536e+03 8.480761e+03 8.478453e+03 8.477104e+03 8.475638e+03 8.472277e+03 8.468191e+03 8.463207e+03 8.457133e+03 8.449664e+03 8.440279e+03 8.428149e+03 8.275406e+03 7.808647e+03 6.971444e+03 6.011785e+03 5.194181e+03 4.602030e+03 3.969437e+03 3.814847e+03 3.977432e+03 4.391165e+03 5.022007e+03 5.847376e+03
8.410074e+03 8.410074e+03 8.410074e+03 8.410073e+03 8.410071e+03 8.409987e+03 8.409706e+03 8.408550e+03 8.407734e+03 8.406803e+03 8.404619e+03 8.401919e+03 8.398524e+03 8.394204e+03 8.388616e+03 8.381206e+03 8.371120e+03 8.228991e+03 7.771926e+03 6.941796e+03 5.987514e+03 5.175585e+03 4.590332e+03 3.974515e+03 3.837676e+03 4.016812e+03 4.445327e+03 5.089058e+03 5.925153e+03
8.333330e+03 8.333330e+03 8.333331e+03 8.333332e+03 8.333335e+03 8.333433e+03 8.333691e+03 8.334317e+03 8.334555e+03 8.334679e+03 8.334471e+03 8.333545e+03 8.331810e+03 8.329128e+03 8.325214e+03 8.319541e+03 8.311265e+03 8.179126e+03 7.732311e+03 6.910670e+03 5.963141e+03 5.157716e+03 4.579710e+03 3.980889e+03 3.862195e+03 4.058456e+03 4.502284e+03 5.159319e+03 6.006506e+03
8.264819e+03 8.264819e+03 8.264819e+03 8.264820e+03 8.264823e+03 8.264913e+03 8.265179e+03 8.266025e+03 8.266464e+03 8.266834e+03 8.267234e+03 8.267058e+03 8.266214e+03 8.264563e+03 8.261822e+03 8.257458e+03 8.250625e+03 8.127389e+03 7.690959e+03 6.878825e+03 5.939160e+03 5.140938e+03 4.570475e+03 3.988793e+03 3.888544e+03 4.102442e+03 4.562087e+03 5.232825e+03 6.091475e+03
8.205513e+03 8.205513e+03 8.205513e+03 8.205512e+03 8.205510e+03 8.205448e+03 8.205322e+03 8.205013e+03 8.204845e+03 8.204678e+03 8.204333e+03 8.203881e+03 8.203155e+03 8.201931e+03 8.199860e+03 8.196376e+03 8.190609e+03 8.075087e+03 7.648925e+03 6.846990e+03 5.916050e+03 5.125601e+03 4.562922e+03 3.998462e+03 3.916876e+03 4.148857e+03 4.624793e+03 5.309613e+03 6.180037e+03
8.145766e+03 8.145766e+03 8.145766e+03 8.145765e+03 8.145764e+03 8.145705e+03 8.145513e+03 8.144814e+03 8.144428e+03 8.144082e+03 8.143528e+03 8.143050e+03 8.142452e+03 8.141509e+03 8.139882e+03 8.137018e+03 8.132056e+03 8.023269e+03 7.607153e+03 6.815855e+03 5.894271e+03 5.112039e+03 4.557332e+03 4.010124e+03 3.947349e+03 4.197798e+03 4.690462e+03 5.389729e+03 6.272204e+03
8.082618e+03 8.082618e+03 8.082618e+03 8.082618e+03 8.082617e+03 8.082588e+03 8.082617e+03 8.083069e+03 8.083398e+03 8.083713e+03 8.084159e+03 8.084274e+03 8.084038e+03 8.083394e+03 8.082125e+03 8.079749e+03 8.075444e+03 7.972774e+03 7.566491e+03 6.786069e+03 5.874268e+03 5.100572e+03 4.553972e+03 4.024006e+03 3.980130e+03 4.249368e+03 4.759161e+03 5.473217e+03 6.368000e+03
8.024704e+03 8.024704e+03 8.024704e+03 8.024706e+03 8.024714e+03 8.024944e+03 8.025574e+03 8.027086e+03 8.027693e+03 8.028146e+03 8.028618e+03 8.028642e+03 8.028353e+03 8.027773e+03 8.026731e+03 8.024765e+03 8.021065e+03 7.924307e+03 7.527710e+03 6.758242e+03 5.856464e+03 5.091505e+03 4.553097e+03 4.040328e+03 4.015389e+03 4.303678e+03 4.830961e+03 5.560127e+03 6.467456e+03
7.981372e+03 7.981372e+03 7.981372e+03 7.981370e+03 7.981364e+03 7.981161e+03 7.980569e+03 7.978971e+03 7.978214e+03 7.977538e+03 7.976433e+03 7.975603e+03 7.974963e+03 7.974386e+03 7.973613e+03 7.972140e+03 7.969134e+03 7.878514e+03 7.491523e+03 6.732951e+03 5.841263e+03 5.085134e+03 4.554949e+03 4.059304e+03 4.053300e+03 4.360848e+03 4.905937e+03 5.650510e+03 6.570606e+03
7.925904e+03 7.925904e+03 7.925904e+03 7.925904e+03 7.925905e+03 7.925911e+03 7.925827e+03 7.925187e+03 7.924734e+03 7.924282e+03 7.923531e+03 7.923069e+03 7.922876e+03 7.922850e+03 7.922743e+03 7.922061e+03 7.919981e+03 7.836049e+03 7.458613e+03 6.710742e+03 5.829052e+03 5.081737e+03 4.559762e+03 4.081143e+03 4.094042e+03 4.421003e+03 4.984170e+03 5.744420e+03 6.677486e+03
7.867721e+03 7.867721e+03 7.867721e+03 7.867721e+03 7.867722e+03 7.867762e+03 7.867950e+03 7.868739e+03 7.869242e+03 7.869760e+03 7.870768e+03 7.871743e+03 7.872749e+03 7.873804e+03 7.874754e+03 7.875168e+03 7.874257e+03 7.797621e+03 7.429642e+03 6.692134e+03 5.820201e+03 5.081586e+03 4.567758e+03 4.106048e+03 4.137793e+03 4.484274e+03 5.065746e+03 5.841912e+03 6.788133e+03
7.817018e+03 7.817018e+03 7.817018e+03 7.817019e+03 7.817024e+03 7.817182e+03 7.817643e+03 7.819131e+03 7.820022e+03 7.820951e+03 7.822836e+03 7.824737e+03 7.826718e+03 7.828814e+03 7.830890e+03 7.832522e+03 7.832919e+03 7.764005e+03 7.405257e+03 6.677622e+03 5.815060e+03 5.084939e+03 4.579153e+03 4.134218e+03 4.184733e+03 4.550795e+03 5.150755e+03 5.943044e+03 6.902585e+03
7.778747e+03 7.778747e+03 7.778747e+03 7.778747e+03 7.778748e+03 7.778775e+03 7.778866e+03 7.779366e+03 7.779802e+03 7.780362e+03 7.781845e+03 7.783820e+03 7.786297e+03 7.789223e+03 7.792375e+03 7.795260e+03 7.797036e+03 7.736019e+03 7.386087e+03 6.667670e+03 5.813962e+03 5.092045e+03 4.594157e+03 4.165847e+03 4.235043e+03 4.620709e+03 5.239291e+03 6.047875e+03 7.020881e+03
7.744126e+03 7.744126e+03 7.744126e+03 7.744126e+03 7.744127e+03 7.744141e+03 7.744186e+03 7.744399e+03 7.744640e+03 7.745034e+03 7.746420e+03 7.748708e+03 7.751891e+03 7.755830e+03 7.760212e+03 7.764468e+03 7.767705e+03 7.714493e+03 7.372726e+03 6.662712e+03 5.817224e+03 5.103143e+03 4.612971e+03 4.201125e+03 4.288903e+03 4.694159e+03 5.331453e+03 6.156469e+03 7.143059e+03
7.711068e+03 7.711068e+03 7.711068e+03 7.711068e+03 7.711069e+03 7.711082e+03 7.711172e+03 7.711862e+03 7.712524e+03 7.713427e+03 7.716015e+03 7.719663e+03 7.724293e+03 7.729723e+03 7.735613e+03 7.741377e+03 7.746112e+03 7.700218e+03 7.365717e+03 6.663149e+03 5.825142e+03 5.118466e+03 4.635795e+03 4.240240e+03 4.346494e+03 4.771294e+03 5.427342e+03 6.268890e+03 7.269159e+03
7.682419e+03 7.682419e+03 7.682419e+03 7.682421e+03 7.682427e+03 7.682625e+03 7.683229e+03 7.685504e+03 7.687133e+03 7.689065e+03 7.693747e+03 7.699379e+03 7.705816e+03 7.712886e+03 7.720283e+03 7.727455e+03 7.733530e+03 7.693886e+03 7.365530e+03 6.669341e+03 5.837996e+03 5.138236e+03 4.662823e+03 4.283376e+03 4.407997e+03 4.852262e+03 5.527066e+03 6.385203e+03 7.399220e+03
7.669284e+03 7.669284e+03 7.669284e+03 7.669288e+03 7.669298e+03 7.669611e+03 7.670518e+03 7.673877e+03 7.676205e+03 7.678864e+03 7.684957e+03 7.691868e+03 7.699454e+03 7.707571e+03 7.715946e+03 7.724055e+03 7.731045e+03 7.696012e+03 7.372546e+03 6.681608e+03 5.856049e+03 5.162670e+03 4.694248e+03 4.330717e+03 4.473590e+03 4.937216e+03 5.630732e+03 6.505477e+03 7.533281e+03
7.678470e+03 7.678470e+03 7.678470e+03 7.678473e+03 7.678483e+03 7.678808e+03 7.679740e+03 7.682844e+03 7.684891e+03 7.687233e+03 7.692754e+03 7.699301e+03 7.706744e+03 7.714896e+03 7.723437e+03 7.731817e+03 7.739163e+03 7.706883e+03 7.387055e+03 6.700232e+03 5.879547e+03 5.191982e+03 4.730261e+03 4.382446e+03 4.543454e+03 5.026311e+03 5.738452e+03 6.629782e+03 7.671382e+03
7.707590e+03 7.707590e+03 7.707590e+03 7.707590e+03 7.707591e+03 7.707611e+03 7.707693e+03 7.708482e+03 7.709404e+03 7.710738e+03 7.714631e+03 7.719994e+03 7.726585e+03 7.734130e+03 7.742259e+03 7.750392e+03 7.757640e+03 7.726545e+03 7.409258e+03 6.725463e+03 5.908727e+03 5.226379e+03 4.771053e+03 4.438746e+03 4.617767e+03 5.119701e+03 5.850340e+03 6.758190e+03 7.813564e+03
7.736977e+03 7.736977e+03 7.736977e+03 7.736979e+03 7.736985e+03 7.737129e+03 7.737543e+03 7.739149e+03 7.740354e+03 7.741838e+03 7.745661e+03 7.750607e+03 7.756606e+03 7.763521e+03 7.771075e+03 7.778743e+03 7.785665e+03 7.754853e+03 7.439296e+03 6.757527e+03 5.943814e+03 5.266069e+03 4.816816e+03 4.499801e+03 4.696707e+03 5.217541e+03 5.966511e+03 6.890774e+03 7.959866e+03
7.774148e+03 7.774149e+03 7.774149e+03 7.774151e+03 7.774158e+03 7.774392e+03 7.775104e+03 7.777582e+03 7.779173e+03 7.780936e+03 7.784949e+03 7.789663e+03 7.795167e+03 7.801482e+03 7.808454e+03 7.815638e+03 7.822213e+03 7.791574e+03 7.477282e+03 6.796639e+03 5.985029e+03 5.311258e+03 4.867744e+03 4.565795e+03 4.780454e+03 5.319987e+03 6.087082e+03 7.027607e+03 8.110328e+03
7.826107e+03 7.826107e+03 7.826107e+03 7.826108e+03 7.826109e+03 7.826157e+03 7.826345e+03 7.827402e+03 7.828306e+03 7.829450e+03 7.832408e+03 7.836229e+03 7.840952e+03 7.846606e+03 7.853063e+03 7.859898e+03 7.866296e+03 7.836513e+03 7.523344e+03 6.843015e+03 6.032596e+03 5.362154e+03 4.924034e+03 4.636915e+03 4.869185e+03 5.427194e+03 6.212169e+03 7.168766e+03 8.264990e+03
7.880637e+03 7.880637e+03 7.880637e+03 7.880638e+03 7.880639e+03 7.880685e+03 7.880834e+03 7.881507e+03 7.882074e+03 7.882825e+03 7.884947e+03 7.888001e+03 7.892123e+03 7.897390e+03 7.903682e+03 7.910558e+03 7.917170e+03 7.889624e+03 7.577660e+03 6.896881e+03 6.086738e+03 5.418970e+03 4.985888e+03 4.713351e+03 4.963077e+03 5.539317e+03 6.341892e+03 7.314324e+03 8.423892e+03
7.935364e+03 7.935364e+03 7.935364e+03 7.935364e+03 7.935367e+03 7.935446e+03 7.935686e+03 7.936575e+03 7.937200e+03 7.937956e+03 7.939989e+03 7.942977e+03 7.947199e+03 7.952787e+03 7.959611e+03 7.967187e+03 7.974613e+03 7.951111e+03 7.640483e+03 6.958480e+03 6.147685e+03 5.481923e+03 5.053511e+03 4.795294e+03 5.062309e+03 5.656509e+03 6.476366e+03 7.464359e+03 8.587075e+03
7.992342e+03 7.992342e+03 7.992342e+03 7.992343e+03 7.992345e+03 7.992411e+03 7.992604e+03 7.993355e+03 7.993949e+03 7.994738e+03 7.997103e+03 8.000807e+03 8.006080e+03 8.012961e+03 8.021222e+03 8.030294e+03 8.039203e+03 8.021461e+03 7.712137e+03 7.028073e+03 6.215673e+03 5.551235e+03 5.127115e+03 4.882938e+03 5.167057e+03 5.778924e+03 6.615708e+03 7.618946e+03 8.754577e+03
8.050290e+03 8.050290e+03 8.050290e+03 8.050291e+03 8.050292e+03 8.050336e+03 8.050473e+03 8.051300e+03 8.052175e+03 8.053443e+03 8.057287e+03 8.062979e+03 8.070513e+03 8.079739e+03 8.090299e+03 8.101541e+03 8.112443e+03 8.101404e+03 7.793000e+03 7.105933e+03 6.290947e+03 5.627137e+03 5.206920e+03 4.976481e+03 5.277499e+03 5.906711e+03 6.760033e+03 7.778160e+03 8.926436e+03
8.108036e+03 8.108036e+03 8.108036e+03 8.108040e+03 8.108052e+03 8.108411e+03 8.109347e+03 8.112614e+03 8.114950e+03 8.117769e+03 8.124875e+03 8.133872e+03 8.144590e+03 8.156768e+03 8.169991e+03 8.183591e+03 8.196553e+03 8.191779e+03 7.883460e+03 7.192336e+03 6.373757e+03 5.709866e+03 5.293150e+03 5.076124e+03 5.393811e+03 6.040019e+03 6.909456e+03 7.942074e+03 9.102692e+03
8.184194e+03 8.184194e+03 8.184194e+03 8.184198e+03 8.184210e+03 8.184604e+03 8.185831e+03 8.190715e+03 8.194280e+03 8.198504e+03 8.208651e+03 8.220657e+03 8.234127e+03 8.248720e+03 8.264021e+03 8.279391e+03 8.293856e+03 8.293332e+03 7.983873e+03 7.287560e+03 6.464362e+03 5.799669e+03 5.386039e+03 5.182070e+03 5.516169e+03 6.178994e+03 7.064086e+03 8.110762e+03 9.283381e+03
8.288613e+03 8.288613e+03 8.288613e+03 8.288618e+03 8.288633e+03 8.289122e+03 8.290613e+03 8.296337e+03 8.300441e+03 8.305244e+03 8.316550e+03 8.329593e+03 8.343928e+03 8.359227e+03 8.375111e+03 8.390980e+03 8.405883e+03 8.406512e+03 8.094515e+03 7.391873e+03 6.563028e+03 5.896802e+03 5.485828e+03 5.294528e+03 5.644746e+03 6.323778e+03 7.224033e+03 8.284295e+03 9.468538e+03
8.425905e+03 8.425905e+03 8.425905e+03 8.425910e+03 8.425926e+03 8.426418e+03 8.427919e+03 8.433288e+03 8.436911e+03 8.441064e+03 8.450781e+03 8.462133e+03 8.474876e+03 8.488779e+03 8.503499e+03 8.518439e+03 8.532631e+03 8.531358e+03 8.215581e+03 7.505539e+03 6.670034e+03 6.001533e+03 5.592766e+03 5.413705e+03 5.779716e+03 6.474511e+03 7.389401e+03 8.462741e+03 9.658200e+03
8.593775e+03 8.593775e+03 8.593775e+03 8.593776e+03 8.593777e+03 8.593833e+03 8.594096e+03 8.595892e+03 8.597543e+03 8.599712e+03 8.605571e+03 8.613356e+03 8.622928e+03 8.634108e+03 8.646570e+03 8.659697e+03 8.672476e+03 8.667538e+03 8.347201e+03 7.628828e+03 6.785671e+03 6.114140e+03 5.707112e+03 5.539816e+03 5.921250e+03 6.631329e+03 7.560291e+03 8.646167e+03 9.852398e+03
8.763736e+03 8.763736e+03 8.763736e+03 8.763737e+03 8.763738e+03 8.763789e+03 8.763949e+03 8.764684e+03 8.765380e+03 8.766384e+03 8.769522e+03 8.774385e+03 8.781127e+03 8.789758e+03 8.800056e+03 8.811436e+03 8.822860e+03 8.814538e+03 8.489501e+03 7.762030e+03 6.910249e+03 6.234917e+03 5.829131e+03 5.673074e+03 6.069517e+03 6.794362e+03 7.736801e+03 8.834635e+03 1.005116e+04
8.929431e+03 8.929431e+03 8.929431e+03 8.929432e+03 8.929434e+03 8.929515e+03 8.929759e+03 8.930667e+03 8.931331e+03 8.932164e+03 8.934521e+03 8.938174e+03 8.943543e+03 8.950864e+03 8.960054e+03 8.970583e+03 8.981413e+03 8.971956e+03 8.642669e+03 7.905473e+03 7.044101e+03 6.364169e+03 5.959100e+03 5.813694e+03 6.224683e+03 6.963737e+03 7.919023e+03 9.028206e+03 1.025452e+04
9.093016e+03 9.093016e+03 9.093016e+03 9.093016e+03 9.093019e+03 9.093099e+03 9.093343e+03 9.094279e+03 9.094964e+03 9.095816e+03 9.098201e+03 9.101906e+03 9.107400e+03 9.114960e+03 9.124514e+03 9.135522e+03 9.146916e+03 9.139759e+03 8.807023e+03 8.059536e+03 7.187587e+03 6.502219e+03 6.097301e+03 5.961892e+03 6.386910e+03 7.139575e+03 8.107044e+03 9.226936e+03 1.046251e+04
9.254883e+03 9.254883e+03 9.254883e+03 9.254883e+03 9.254885e+03 9.254948e+03 9.255142e+03 9.255969e+03 9.256681e+03 9.257679e+03 9.260799e+03 9.265778e+03 9.272918e+03 9.282316e+03 9.293763e+03 9.306631e+03 9.319787e+03 9.318439e+03 8.983047e+03 8.224660e+03 7.341091e+03 6.649400e+03 6.244024e+03 6.117885e+03 6.556356e+03 7.321990e+03 8.300945e+03 9.430874e+03 1.067514e+04
9.414098e+03 9.414098e+03 9.414098e+03 9.414098e+03 9.414100e+03 9.414161e+03 9.414372e+03 9.415738e+03 9.417130e+03 9.419074e+03 9.424721e+03 9.432771e+03 9.443209e+03 9.455902e+03 9.470496e+03 9.486278e+03 9.502076e+03 9.509000e+03 9.171382e+03 8.401345e+03 7.505026e+03 6.806061e+03 6.399567e+03 6.281886e+03 6.733174e+03 7.511093e+03 8.500802e+03 9.640070e+03 1.089244e+04
9.572598e+03 9.572598e+03 9.572598e+03 9.572603e+03 9.572620e+03 9.573143e+03 9.574628e+03 9.579715e+03 9.583221e+03 9.587351e+03 9.597445e+03 9.609889e+03 9.624530e+03 9.641140e+03 9.659312e+03 9.678317e+03 9.696984e+03 9.712781e+03 9.372790e+03 8.590141e+03 7.679831e+03 6.972562e+03 6.564230e+03 6.454110e+03 6.917512e+03 7.706984e+03 8.706684e+03 9.854563e+03 1.111442e+04
9.758783e+03 9.758783e+03 9.758783e+03 9.758788e+03 9.758805e+03 9.759337e+03 9.760997e+03 9.767505e+03 9.772202e+03 9.777739e+03 9.791023e+03 9.806821e+03 9.824729e+03 9.844397e+03 9.865379e+03 9.886945e+03 9.907933e+03 9.931196e+03 9.588089e+03 8.791637e+03 7.865960e+03 7.149272e+03 6.738319e+03 6.634763e+03 7.109511e+03 7.909758e+03 8.918651e+03 1.007439e+04 1.134110e+04
9.980732e+03 9.980732e+03 9.980732e+03 9.980738e+03 9.980754e+03 9.981268e+03 9.982881e+03 9.989337e+03 9.994124e+03 9.999864e+03 1.001384e+04 1.003059e+04 1.004955e+04 1.007033e+04 1.009246e+04 1.011522e+04 1.013744e+04 1.016546e+04 9.818098e+03 9.006441e+03 8.063885e+03 7.336567e+03 6.922139e+03 6.824051e+03 7.309304e+03 8.119500e+03 9.136760e+03 1.029959e+04 1.157249e+04
1.023607e+04 1.023607e+04 1.023607e+04 1.023608e+04 1.023609e+04 1.023661e+04 1.023821e+04 1.024443e+04 1.024891e+04 1.025420e+04 1.026700e+04 1.028242e+04 1.030016e+04 1.031997e+04 1.034150e+04 1.036402e+04 1.038633e+04 1.041642e+04 1.006360e+04 9.235177e+03 8.274086e+03 7.534826e+03 7.115995e+03 7.022172e+03 7.517017e+03 8.336289e+03 9.361056e+03 1.053017e+04 1.180859e+04
1.052312e+04 1.052312e+04 1.052312e+04 1.052312e+04 1.052314e+04 1.052353e+04 1.052467e+04 1.052903e+04 1.053224e+04 1.053613e+04 1.054588e+04 1.055821e+04 1.057314e+04 1.059066e+04 1.061049e+04 1.063195e+04 1.065376e+04 1.068464e+04 1.032534e+04 9.478467e+03 8.497047e+03 7.744428e+03 7.320191e+03 7.229317e+03 7.732765e+03 8.560192e+03 9.591579e+03 1.076617e+04 1.204941e+04
1.082740e+04 1.082740e+04 1.082740e+04 1.082740e+04 1.082741e+04 1.082758e+04 1.082810e+04 1.083035e+04 1.083218e+04 1.083454e+04 1.084098e+04 1.085004e+04 1.086210e+04 1.087739e+04 1.089573e+04 1.091639e+04 1.093798e+04 1.097052e+04 1.060407e+04 9.736940e+03 8.733252e+03 7.965751e+03 7.535021e+03 7.445668e+03 7.956655e+03 8.791268e+03 9.828358e+03 1.100758e+04 1.229494e+04
1.113284e+04 1.113284e+04 1.113284e+04 1.113284e+04 1.113285e+04 1.113301e+04 1.113348e+04 1.113514e+04 1.113634e+04 1.113789e+04 1.114246e+04 1.114980e+04 1.116066e+04 1.117540e+04 1.119381e+04 1.121506e+04 1.123762e+04 1.127470e+04 1.090056e+04 1.001122e+04 8.983177e+03 8.199164e+03 7.760778e+03 7.671397e+03 8.188782e+03 9.029565e+03 1.007141e+04 1.125443e+04 1.254518e+04
1.143695e+04 1.143695e+04 1.143695e+04 1.143695e+04 1.143695e+04 1.143699e+04 1.143711e+04 1.143781e+04 1.143862e+04 1.143993e+04 1.144472e+04 1.145318e+04 1.146588e+04 1.148294e+04 1.150395e+04 1.152789e+04 1.155307e+04 1.159819e+04 1.121564e+04 1.030191e+04 9.247288e+03 8.445029e+03 7.997739e+03 7.906666e+03 8.429229e+03 9.275120e+03 1.032076e+04 1.150669e+04 1.280012e+04
1.173221e+04 1.173221e+04 1.173221e+04 1.173221e+04 1.173221e+04 1.173225e+04 1.173241e+04 1.173417e+04 1.173626e+04 1.173936e+04 1.174878e+04 1.176265e+04 1.178097e+04 1.180346e+04 1.182952e+04 1.185801e+04 1.188718e+04 1.194252e+04 1.155016e+04 1.060961e+04 9.526033e+03 8.703694e+03 8.246174e+03 8.151622e+03 8.678069e+03 9.527961e+03 1.057640e+04 1.176438e+04 1.305974e+04
1.202267e+04 1.202267e+04 1.202267e+04 1.202268e+04 1.202271e+04 1.202372e+04 1.202653e+04 1.203603e+04 1.204250e+04 1.205007e+04 1.206837e+04 1.209065e+04 1.211664e+04 1.214595e+04 1.217793e+04 1.221147e+04 1.224486e+04 1.230941e+04 1.190495e+04 1.093485e+04 9.819839e+03 8.975494e+03 8.506337e+03 8.406400e+03 8.935358e+03 9.788101e+03 1.083833e+04 1.202746e+04 1.332401e+04
