8.730633e+07 5.731475e+07 4.715942e+07 3.071063e+07 2.707058e+07 2.122448e+07 1.861611e+07 1.614281e+07 1.556365e+07 1.521877e+07 1.490264e+07 1.481846e+07 1.484080e+07 1.492689e+07 1.505872e+07 1.522616e+07 1.542189e+07 1.662072e+07 1.770614e+07 1.817126e+07 1.788159e+07 1.705881e+07 1.601171e+07 1.397125e+07 1.233479e+07 1.106302e+07 1.004775e+07 9.211221e+06 8.504628e+06
2.136472e+07 2.136484e+07 2.136501e+07 2.135151e+07 2.124010e+07 1.967832e+07 1.788306e+07 1.583348e+07 1.533461e+07 1.504201e+07 1.478976e+07 1.474316e+07 1.479017e+07 1.489357e+07 1.503813e+07 1.521523e+07 1.541849e+07 1.663740e+07 1.772838e+07 1.819224e+07 1.789833e+07 1.707075e+07 1.601946e+07 1.397330e+07 1.233375e+07 1.106032e+07 1.004416e+07 9.207182e+06 8.500401e+06
1.872489e+07 1.872490e+07 1.872493e+07 1.872320e+07 1.870840e+07 1.818952e+07 1.697497e+07 1.544778e+07 1.505976e+07 1.483600e+07 1.466340e+07 1.466111e+07 1.473612e+07 1.485865e+07 1.501699e+07 1.520439e+07 1.541557e+07 1.665507e+07 1.775144e+07 1.821379e+07 1.791541e+07 1.708287e+07 1.602729e+07 1.397534e+07 1.233267e+07 1.105757e+07 1.004053e+07 9.203102e+06 8.496138e+06
1.705387e+07 1.705388e+07 1.705390e+07 1.705362e+07 1.704978e+07 1.671977e+07 1.626827e+07 1.501923e+07 1.475063e+07 1.460597e+07 1.452531e+07 1.457314e+07 1.467913e+07 1.482244e+07 1.499551e+07 1.519379e+07 1.541324e+07 1.667378e+07 1.777535e+07 1.823590e+07 1.793282e+07 1.709517e+07 1.603521e+07 1.397737e+07 1.233155e+07 1.105478e+07 1.003685e+07 9.198981e+06 8.491839e+06
1.589778e+07 1.589778e+07 1.589780e+07 1.589786e+07 1.589680e+07 1.571769e+07 1.547481e+07 1.464324e+07 1.443614e+07 1.436338e+07 1.437845e+07 1.448042e+07 1.461980e+07 1.478528e+07 1.497391e+07 1.518358e+07 1.541161e+07 1.669355e+07 1.780010e+07 1.825857e+07 1.795058e+07 1.710765e+07 1.604321e+07 1.397939e+07 1.233038e+07 1.105194e+07 1.003312e+07 9.194820e+06 8.487504e+06
1.505882e+07 1.505882e+07 1.505884e+07 1.505903e+07 1.505892e+07 1.497072e+07 1.476143e+07 1.436178e+07 1.417616e+07 1.413052e+07 1.422787e+07 1.438465e+07 1.455885e+07 1.474756e+07 1.495243e+07 1.517392e+07 1.541079e+07 1.671442e+07 1.782571e+07 1.828182e+07 1.796867e+07 1.712031e+07 1.605129e+07 1.398140e+07 1.232918e+07 1.104905e+07 1.002935e+07 9.190618e+06 8.483133e+06
1.443159e+07 1.443159e+07 1.443160e+07 1.443181e+07 1.443208e+07 1.438991e+07 1.421510e+07 1.409054e+07 1.398335e+07 1.394678e+07 1.408186e+07 1.428842e+07 1.449733e+07 1.470977e+07 1.493135e+07 1.516497e+07 1.541090e+07 1.673641e+07 1.785219e+07 1.830564e+07 1.798709e+07 1.713314e+07 1.605944e+07 1.398339e+07 1.232794e+07 1.104611e+07 1.002553e+07 9.186374e+06 8.478726e+06
1.395340e+07 1.395341e+07 1.395341e+07 1.395363e+07 1.395404e+07 1.393504e+07 1.380511e+07 1.380820e+07 1.380760e+07 1.381297e+07 1.395346e+07 1.419563e+07 1.443673e+07 1.467259e+07 1.491099e+07 1.515692e+07 1.541205e+07 1.675954e+07 1.787954e+07 1.833003e+07 1.800585e+07 1.714614e+07 1.606767e+07 1.398537e+07 1.232665e+07 1.104313e+07 1.002167e+07 9.182088e+06 8.474282e+06
1.358442e+07 1.358442e+07 1.358443e+07 1.358464e+07 1.358512e+07 1.357824e+07 1.349006e+07 1.353414e+07 1.362831e+07 1.369710e+07 1.386204e+07 1.411191e+07 1.437914e+07 1.463692e+07 1.489182e+07 1.515003e+07 1.541438e+07 1.678385e+07 1.790777e+07 1.835498e+07 1.802493e+07 1.715932e+07 1.607597e+07 1.398733e+07 1.232532e+07 1.104009e+07 1.001776e+07 9.177761e+06 8.469801e+06
1.329791e+07 1.329792e+07 1.329792e+07 1.329813e+07 1.329861e+07 1.329833e+07 1.324277e+07 1.329173e+07 1.344747e+07 1.358294e+07 1.380125e+07 1.404560e+07 1.432746e+07 1.460401e+07 1.487442e+07 1.514460e+07 1.541808e+07 1.680934e+07 1.793687e+07 1.838051e+07 1.804435e+07 1.717266e+07 1.608434e+07 1.398927e+07 1.232395e+07 1.103701e+07 1.001381e+07 9.173391e+06 8.465283e+06
1.307517e+07 1.307517e+07 1.307518e+07 1.307536e+07 1.307582e+07 1.307920e+07 1.304707e+07 1.309252e+07 1.327677e+07 1.346673e+07 1.375596e+07 1.400707e+07 1.428566e+07 1.457554e+07 1.485959e+07 1.514104e+07 1.542336e+07 1.683605e+07 1.796686e+07 1.840659e+07 1.806408e+07 1.718616e+07 1.609277e+07 1.399119e+07 1.232253e+07 1.103388e+07 1.000981e+07 9.168979e+06 8.460729e+06
1.254882e+07 1.254883e+07 1.254883e+07 1.254896e+07 1.254932e+07 1.255699e+07 1.256776e+07 1.264432e+07 1.279717e+07 1.303189e+07 1.356777e+07 1.399643e+07 1.431348e+07 1.459141e+07 1.487357e+07 1.517582e+07 1.548687e+07 1.698877e+07 1.812996e+07 1.854527e+07 1.816741e+07 1.725600e+07 1.613586e+07 1.400043e+07 1.231471e+07 1.101744e+07 9.989066e+06 9.146273e+06 8.437393e+06
1.253860e+07 1.253860e+07 1.253861e+07 1.253870e+07 1.253898e+07 1.254597e+07 1.256229e+07 1.267853e+07 1.282089e+07 1.301869e+07 1.352084e+07 1.404109e+07 1.447946e+07 1.482742e+07 1.512286e+07 1.540178e+07 1.568418e+07 1.717887e+07 1.831502e+07 1.869713e+07 1.827798e+07 1.732930e+07 1.618016e+07 1.400892e+07 1.230560e+07 1.099966e+07 9.967082e+06 9.122468e+06 8.413105e+06
1.277141e+07 1.277141e+07 1.277142e+07 1.277149e+07 1.277171e+07 1.277775e+07 1.279394e+07 1.292579e+07 1.307776e+07 1.327124e+07 1.372182e+07 1.420693e+07 1.467824e+07 1.509687e+07 1.545347e+07 1.576298e+07 1.604670e+07 1.742365e+07 1.852328e+07 1.886140e+07 1.839496e+07 1.740544e+07 1.622524e+07 1.401642e+07 1.229506e+07 1.098046e+07 9.943805e+06 9.097531e+06 8.387844e+06
1.314311e+07 1.314311e+07 1.314311e+07 1.314317e+07 1.314336e+07 1.314862e+07 1.316372e+07 1.330007e+07 1.345935e+07 1.365890e+07 1.409556e+07 1.453627e+07 1.497652e+07 1.540395e+07 1.579917e+07 1.615228e+07 1.646636e+07 1.776308e+07 1.875944e+07 1.903793e+07 1.851761e+07 1.748378e+07 1.627061e+07 1.402267e+07 1.228297e+07 1.095974e+07 9.919184e+06 9.071433e+06 8.361592e+06
1.360609e+07 1.360609e+07 1.360609e+07 1.360614e+07 1.360629e+07 1.361070e+07 1.362397e+07 1.375940e+07 1.392222e+07 1.412751e+07 1.456919e+07 1.498943e+07 1.539286e+07 1.579284e+07 1.618497e+07 1.655636e+07 1.689722e+07 1.819205e+07 1.903468e+07 1.922803e+07 1.864557e+07 1.756379e+07 1.631584e+07 1.402745e+07 1.226917e+07 1.093744e+07 9.893171e+06 9.044142e+06 8.334328e+06
1.412189e+07 1.412189e+07 1.412189e+07 1.412194e+07 1.412208e+07 1.412605e+07 1.413826e+07 1.427388e+07 1.444015e+07 1.465122e+07 1.510535e+07 1.552414e+07 1.590509e+07 1.627239e+07 1.663783e+07 1.699802e+07 1.734292e+07 1.866104e+07 1.937021e+07 1.943540e+07 1.877921e+07 1.764517e+07 1.636057e+07 1.403050e+07 1.225355e+07 1.091348e+07 9.865718e+06 9.015630e+06 8.306036e+06
1.467760e+07 1.467760e+07 1.467760e+07 1.467764e+07 1.467777e+07 1.468152e+07 1.469334e+07 1.483147e+07 1.500244e+07 1.522013e+07 1.568903e+07 1.611491e+07 1.648590e+07 1.682705e+07 1.715977e+07 1.749149e+07 1.781865e+07 1.913698e+07 1.975296e+07 1.966794e+07 1.891999e+07 1.772802e+07 1.640460e+07 1.403163e+07 1.223596e+07 1.088777e+07 9.836780e+06 8.985869e+06 8.276700e+06
1.527677e+07 1.527677e+07 1.527678e+07 1.527681e+07 1.527693e+07 1.528050e+07 1.529196e+07 1.543286e+07 1.560846e+07 1.583202e+07 1.631265e+07 1.674510e+07 1.711107e+07 1.743268e+07 1.773482e+07 1.803237e+07 1.832911e+07 1.960211e+07 2.015624e+07 1.993720e+07 1.907095e+07 1.781299e+07 1.644794e+07 1.403069e+07 1.221630e+07 1.086026e+07 9.806316e+06 8.954836e+06 8.246305e+06
1.592141e+07 1.592141e+07 1.592141e+07 1.592145e+07 1.592156e+07 1.592476e+07 1.593513e+07 1.607438e+07 1.625052e+07 1.647522e+07 1.695857e+07 1.739223e+07 1.775365e+07 1.806066e+07 1.833755e+07 1.860271e+07 1.886542e+07 2.005031e+07 2.056021e+07 2.023085e+07 1.923813e+07 1.790148e+07 1.649091e+07 1.402757e+07 1.219448e+07 1.083087e+07 9.774287e+06 8.922506e+06 8.214837e+06
1.659539e+07 1.659539e+07 1.659539e+07 1.659542e+07 1.659552e+07 1.659651e+07 1.659728e+07 1.670876e+07 1.687582e+07 1.709616e+07 1.757969e+07 1.801702e+07 1.837890e+07 1.867864e+07 1.893851e+07 1.917805e+07 1.941003e+07 2.048140e+07 2.095103e+07 2.053436e+07 1.942707e+07 1.799590e+07 1.653421e+07 1.402228e+07 1.217042e+07 1.079956e+07 9.740661e+06 8.888862e+06 8.182287e+06
1.706565e+07 1.706565e+07 1.706565e+07 1.706565e+07 1.706564e+07 1.706520e+07 1.706376e+07 1.717791e+07 1.735640e+07 1.759295e+07 1.811074e+07 1.857437e+07 1.895178e+07 1.925624e+07 1.951013e+07 1.973401e+07 1.994304e+07 2.089655e+07 2.132092e+07 2.083645e+07 1.962855e+07 1.810085e+07 1.657901e+07 1.401492e+07 1.214410e+07 1.076628e+07 9.705412e+06 8.853887e+06 8.148644e+06
1.731390e+07 1.731390e+07 1.731390e+07 1.731391e+07 1.731392e+07 1.731442e+07 1.731698e+07 1.746338e+07 1.767381e+07 1.794674e+07 1.853171e+07 1.904381e+07 1.945193e+07 1.977320e+07 2.003235e+07 2.025143e+07 2.044734e+07 2.129636e+07 2.166722e+07 2.112857e+07 1.983434e+07 1.821815e+07 1.662718e+07 1.400570e+07 1.211552e+07 1.073103e+07 9.668522e+06 8.817569e+06 8.113904e+06
1.750543e+07 1.750543e+07 1.750543e+07 1.750544e+07 1.750548e+07 1.750647e+07 1.750967e+07 1.767205e+07 1.790692e+07 1.821161e+07 1.886254e+07 1.942806e+07 1.987417e+07 2.022064e+07 2.049440e+07 2.071870e+07 2.091151e+07 2.168070e+07 2.199073e+07 2.140501e+07 2.003785e+07 1.834148e+07 1.668212e+07 1.399499e+07 1.208473e+07 1.069378e+07 9.629981e+06 8.779902e+06 8.078063e+06
1.763705e+07 1.763705e+07 1.763705e+07 1.763704e+07 1.763703e+07 1.763630e+07 1.763505e+07 1.780437e+07 1.806020e+07 1.839409e+07 1.910924e+07 1.973039e+07 2.021933e+07 2.059749e+07 2.089362e+07 2.113185e+07 2.133066e+07 2.204941e+07 2.229413e+07 2.166274e+07 2.023373e+07 1.846593e+07 1.674363e+07 1.398333e+07 1.205184e+07 1.065457e+07 9.589787e+06 8.740884e+06 8.041121e+06
1.764520e+07 1.764520e+07 1.764520e+07 1.764520e+07 1.764520e+07 1.764503e+07 1.764626e+07 1.783937e+07 1.812249e+07 1.849011e+07 1.927529e+07 1.995680e+07 2.049377e+07 2.090950e+07 2.123451e+07 2.149381e+07 2.170614e+07 2.240278e+07 2.258064e+07 2.190087e+07 2.041798e+07 1.858741e+07 1.680755e+07 1.397147e+07 1.201700e+07 1.061343e+07 9.547954e+06 8.700520e+06 8.003082e+06
1.760798e+07 1.760798e+07 1.760798e+07 1.760798e+07 1.760798e+07 1.760791e+07 1.760902e+07 1.781629e+07 1.812263e+07 1.852146e+07 1.937604e+07 2.012089e+07 2.071033e+07 2.116850e+07 2.152738e+07 2.181287e+07 2.204410e+07 2.274166e+07 2.285323e+07 2.212000e+07 2.058788e+07 1.870250e+07 1.687078e+07 1.396061e+07 1.198043e+07 1.057042e+07 9.504502e+06 8.658820e+06 7.963952e+06
1.751216e+07 1.751216e+07 1.751216e+07 1.751215e+07 1.751212e+07 1.751103e+07 1.750968e+07 1.772958e+07 1.806065e+07 1.849329e+07 1.942378e+07 2.023822e+07 2.088523e+07 2.138977e+07 2.178569e+07 2.210024e+07 2.235330e+07 2.306715e+07 2.311408e+07 2.232148e+07 2.074188e+07 1.880846e+07 1.693075e+07 1.395238e+07 1.194243e+07 1.052563e+07 9.459468e+06 8.615801e+06 7.923743e+06
1.732479e+07 1.732479e+07 1.732479e+07 1.732479e+07 1.732478e+07 1.732451e+07 1.732612e+07 1.757464e+07 1.793961e+07 1.841472e+07 1.943463e+07 2.032694e+07 2.103599e+07 2.158905e+07 2.202291e+07 2.236697e+07 2.264239e+07 2.338005e+07 2.336444e+07 2.250689e+07 2.087935e+07 1.890318e+07 1.698522e+07 1.394539e+07 1.190338e+07 1.047919e+07 9.412901e+06 8.571490e+06 7.882470e+06
1.711998e+07 1.711998e+07 1.711998e+07 1.711998e+07 1.711999e+07 1.712016e+07 1.712314e+07 1.739824e+07 1.779850e+07 1.831852e+07 1.943293e+07 2.040609e+07 2.117791e+07 2.177873e+07 2.224903e+07 2.262099e+07 2.291744e+07 2.368030e+07 2.360453e+07 2.267759e+07 2.100033e+07 1.898524e+07 1.703234e+07 1.393792e+07 1.186382e+07 1.043125e+07 9.364864e+06 8.525917e+06 7.840153e+06
1.692673e+07 1.692673e+07 1.692673e+07 1.692673e+07 1.692673e+07 1.692667e+07 1.692934e+07 1.722734e+07 1.766175e+07 1.822596e+07 1.943370e+07 2.048600e+07 2.131822e+07 2.196402e+07 2.246792e+07 2.286513e+07 2.318043e+07 2.396673e+07 2.383368e+07 2.283455e+07 2.110527e+07 1.905375e+07 1.707065e+07 1.392865e+07 1.182460e+07 1.038200e+07 9.315438e+06 8.479124e+06 7.796817e+06
1.673560e+07 1.673560e+07 1.673560e+07 1.673560e+07 1.673560e+07 1.673555e+07 1.673849e+07 1.706011e+07 1.752857e+07 1.813649e+07 1.943566e+07 2.056446e+07 2.145420e+07 2.214215e+07 2.267701e+07 2.309715e+07 2.342937e+07 2.423718e+07 2.405050e+07 2.297823e+07 2.119481e+07 1.910834e+07 1.709903e+07 1.391645e+07 1.178617e+07 1.033166e+07 9.264716e+06 8.431161e+06 7.752490e+06
1.654611e+07 1.654611e+07 1.654611e+07 1.654611e+07 1.654610e+07 1.654593e+07 1.654871e+07 1.689214e+07 1.739309e+07 1.804293e+07 1.942993e+07 2.063228e+07 2.157725e+07 2.230554e+07 2.286988e+07 2.331167e+07 2.365978e+07 2.448883e+07 2.425316e+07 2.310864e+07 2.126962e+07 1.914899e+07 1.711677e+07 1.390037e+07 1.174750e+07 1.028054e+07 9.212813e+06 8.382085e+06 7.707209e+06
1.634876e+07 1.634876e+07 1.634876e+07 1.634876e+07 1.634875e+07 1.634841e+07 1.635096e+07 1.671450e+07 1.724589e+07 1.793528e+07 1.940597e+07 2.067927e+07 2.167815e+07 2.244618e+07 2.303970e+07 2.350296e+07 2.386683e+07 2.471882e+07 2.443961e+07 2.322543e+07 2.133027e+07 1.917596e+07 1.712342e+07 1.387959e+07 1.170782e+07 1.022901e+07 9.159859e+06 8.331962e+06 7.661012e+06
1.613265e+07 1.613265e+07 1.613265e+07 1.613265e+07 1.613263e+07 1.613210e+07 1.613432e+07 1.651701e+07 1.707750e+07 1.780482e+07 1.935639e+07 2.069909e+07 2.175136e+07 2.255917e+07 2.318215e+07 2.366721e+07 2.404712e+07 2.492466e+07 2.460786e+07 2.332799e+07 2.137723e+07 1.918965e+07 1.711887e+07 1.385342e+07 1.166652e+07 1.017769e+07 9.106010e+06 8.280870e+06 7.613944e+06
1.588984e+07 1.588984e+07 1.588984e+07 1.588984e+07 1.588983e+07 1.588952e+07 1.589264e+07 1.629678e+07 1.688641e+07 1.765107e+07 1.928169e+07 2.069226e+07 2.179702e+07 2.264420e+07 2.329648e+07 2.380332e+07 2.419933e+07 2.510449e+07 2.475608e+07 2.341557e+07 2.141084e+07 1.919058e+07 1.710318e+07 1.382135e+07 1.162309e+07 1.012644e+07 9.051447e+06 8.228895e+06 7.566055e+06
1.563883e+07 1.563883e+07 1.563883e+07 1.563883e+07 1.563883e+07 1.563875e+07 1.564263e+07 1.606691e+07 1.668413e+07 1.748421e+07 1.918992e+07 2.066502e+07 2.181972e+07 2.270440e+07 2.338464e+07 2.391231e+07 2.432379e+07 2.525710e+07 2.488276e+07 2.348740e+07 2.143129e+07 1.917927e+07 1.707662e+07 1.378299e+07 1.157709e+07 1.007469e+07 8.996395e+06 8.176133e+06 7.517402e+06
1.539444e+07 1.539444e+07 1.539444e+07 1.539444e+07 1.539444e+07 1.539442e+07 1.539869e+07 1.584085e+07 1.648333e+07 1.731592e+07 1.909052e+07 2.062463e+07 2.182482e+07 2.274356e+07 2.344920e+07 2.399582e+07 2.442143e+07 2.538175e+07 2.498668e+07 2.354273e+07 2.143870e+07 1.915625e+07 1.703955e+07 1.373810e+07 1.152814e+07 1.002207e+07 8.941165e+06 8.122695e+06 7.468046e+06
1.516154e+07 1.516154e+07 1.516154e+07 1.516154e+07 1.516155e+07 1.516156e+07 1.516612e+07 1.562441e+07 1.628977e+07 1.715176e+07 1.898819e+07 2.057476e+07 2.181507e+07 2.276369e+07 2.349155e+07 2.405478e+07 2.449283e+07 2.547807e+07 2.506700e+07 2.358094e+07 2.143314e+07 1.912203e+07 1.699242e+07 1.368656e+07 1.147594e+07 9.968277e+06 8.886104e+06 8.068704e+06 7.418054e+06
1.494214e+07 1.494214e+07 1.494214e+07 1.494214e+07 1.494214e+07 1.494213e+07 1.494679e+07 1.541894e+07 1.610434e+07 1.699209e+07 1.888265e+07 2.051493e+07 2.179003e+07 2.276448e+07 2.351152e+07 2.408909e+07 2.453794e+07 2.554594e+07 2.512319e+07 2.360154e+07 2.141462e+07 1.907706e+07 1.693574e+07 1.362838e+07 1.142024e+07 9.913069e+06 8.830909e+06 8.014306e+06 7.367500e+06
1.473449e+07 1.473449e+07 1.473449e+07 1.473449e+07 1.473449e+07 1.473449e+07 1.473928e+07 1.522316e+07 1.592549e+07 1.683508e+07 1.877171e+07 2.044306e+07 2.174799e+07 2.274463e+07 2.350821e+07 2.409823e+07 2.455651e+07 2.558548e+07 2.515504e+07 2.360420e+07 2.138318e+07 1.902176e+07 1.687000e+07 1.356366e+07 1.136087e+07 9.856231e+06 8.775306e+06 7.959677e+06 7.316466e+06
1.453749e+07 1.453749e+07 1.453749e+07 1.453749e+07 1.453749e+07 1.453747e+07 1.454230e+07 1.503562e+07 1.575177e+07 1.667926e+07 1.865389e+07 2.035780e+07 2.168786e+07 2.270340e+07 2.348121e+07 2.408203e+07 2.454859e+07 2.559716e+07 2.516265e+07 2.358880e+07 2.133889e+07 1.895651e+07 1.679572e+07 1.349257e+07 1.129772e+07 9.797586e+06 8.719103e+06 7.905082e+06 7.265040e+06
1.434916e+07 1.434916e+07 1.434916e+07 1.434916e+07 1.434916e+07 1.434916e+07 1.435409e+07 1.485503e+07 1.558219e+07 1.652394e+07 1.852902e+07 2.025931e+07 2.160999e+07 2.264128e+07 2.343111e+07 2.404120e+07 2.451498e+07 2.558180e+07 2.514641e+07 2.355537e+07 2.128185e+07 1.888167e+07 1.671339e+07 1.341538e+07 1.123072e+07 9.736989e+06 8.662145e+06 7.850608e+06 7.213322e+06
1.416916e+07 1.416916e+07 1.416916e+07 1.416916e+07 1.416916e+07 1.416916e+07 1.417416e+07 1.468093e+07 1.541654e+07 1.636928e+07 1.839796e+07 2.014889e+07 2.151592e+07 2.255985e+07 2.335948e+07 2.397724e+07 2.445711e+07 2.554054e+07 2.510699e+07 2.350413e+07 2.121223e+07 1.879759e+07 1.662349e+07 1.333238e+07 1.115989e+07 9.674330e+06 8.604307e+06 7.796027e+06 7.161427e+06
1.399712e+07 1.399712e+07 1.399712e+07 1.399712e+07 1.399712e+07 1.399712e+07 1.400218e+07 1.451325e+07 1.525510e+07 1.621598e+07 1.826216e+07 2.002846e+07 2.140773e+07 2.246121e+07 2.326837e+07 2.389213e+07 2.437686e+07 2.547478e+07 2.504522e+07 2.343547e+07 2.113025e+07 1.870460e+07 1.652647e+07 1.324391e+07 1.108527e+07 9.609528e+06 8.545481e+06 7.741199e+06 7.109503e+06
1.383255e+07 1.383255e+07 1.383255e+07 1.383255e+07 1.383255e+07 1.383254e+07 1.383763e+07 1.435172e+07 1.509795e+07 1.606449e+07 1.812275e+07 1.989957e+07 2.128722e+07 2.234732e+07 2.315975e+07 2.378782e+07 2.427614e+07 2.538605e+07 2.496214e+07 2.334988e+07 2.103620e+07 1.860303e+07 1.642276e+07 1.315033e+07 1.100696e+07 9.542533e+06 8.485582e+06 7.686018e+06 7.057747e+06
1.367475e+07 1.367475e+07 1.367475e+07 1.367475e+07 1.367475e+07 1.367475e+07 1.367985e+07 1.419576e+07 1.494462e+07 1.591454e+07 1.797997e+07 1.976298e+07 2.115557e+07 2.221959e+07 2.303524e+07 2.366602e+07 2.415669e+07 2.527591e+07 2.485883e+07 2.324799e+07 2.093044e+07 1.849320e+07 1.631276e+07 1.305200e+07 1.092511e+07 9.473325e+06 8.424540e+06 7.630403e+06 7.006100e+06
1.352314e+07 1.352314e+07 1.352314e+07 1.352314e+07 1.352314e+07 1.352314e+07 1.352824e+07 1.404479e+07 1.479458e+07 1.576571e+07 1.783372e+07 1.961902e+07 2.101349e+07 2.207908e+07 2.289610e+07 2.352814e+07 2.402003e+07 2.514587e+07 2.473648e+07 2.313051e+07 2.081337e+07 1.837547e+07 1.619686e+07 1.294930e+07 1.083986e+07 9.401913e+06 8.362303e+06 7.574286e+06 6.954430e+06
1.337713e+07 1.337713e+07 1.337713e+07 1.337713e+07 1.337713e+07 1.337711e+07 1.338218e+07 1.389818e+07 1.464731e+07 1.561762e+07 1.768401e+07 1.946803e+07 2.086161e+07 2.192665e+07 2.274339e+07 2.337538e+07 2.386746e+07 2.499738e+07 2.459626e+07 2.299821e+07 2.068546e+07 1.825018e+07 1.607543e+07 1.284260e+07 1.075143e+07 9.328331e+06 8.298836e+06 7.517613e+06 6.902659e+06
1.323543e+07 1.323543e+07 1.323543e+07 1.323543e+07 1.323543e+07 1.323540e+07 1.324039e+07 1.375481e+07 1.450190e+07 1.546964e+07 1.753071e+07 1.931028e+07 2.070047e+07 2.176302e+07 2.257798e+07 2.320875e+07 2.370007e+07 2.483176e+07 2.443938e+07 2.285191e+07 2.054721e+07 1.811771e+07 1.594882e+07 1.273226e+07 1.066002e+07 9.252636e+06 8.234120e+06 7.460341e+06 6.850728e+06
1.309565e+07 1.309565e+07 1.309565e+07 1.309565e+07 1.309565e+07 1.309557e+07 1.310041e+07 1.361247e+07 1.435647e+07 1.532029e+07 1.737308e+07 1.914554e+07 2.053022e+07 2.158862e+07 2.240050e+07 2.302904e+07 2.351879e+07 2.465027e+07 2.426699e+07 2.269247e+07 2.039917e+07 1.797842e+07 1.581737e+07 1.261862e+07 1.056585e+07 9.174906e+06 8.168150e+06 7.402436e+06 6.798593e+06
1.295455e+07 1.295455e+07 1.295455e+07 1.295455e+07 1.295455e+07 1.295444e+07 1.295919e+07 1.346851e+07 1.420871e+07 1.516762e+07 1.720989e+07 1.897320e+07 2.035070e+07 2.140364e+07 2.221140e+07 2.283688e+07 2.332442e+07 2.445408e+07 2.408027e+07 2.252078e+07 2.024190e+07 1.783272e+07 1.568143e+07 1.250201e+07 1.046917e+07 9.095240e+06 8.100937e+06 7.343875e+06 6.746217e+06
1.281060e+07 1.281060e+07 1.281060e+07 1.281060e+07 1.281060e+07 1.281056e+07 1.281544e+07 1.332204e+07 1.405784e+07 1.501097e+07 1.704074e+07 1.879312e+07 2.016203e+07 2.120841e+07 2.201121e+07 2.263295e+07 2.311776e+07 2.424436e+07 2.388039e+07 2.233775e+07 2.007602e+07 1.768100e+07 1.554131e+07 1.238275e+07 1.037021e+07 9.013750e+06 8.032506e+06 7.284642e+06 6.693571e+06
1.266750e+07 1.266750e+07 1.266750e+07 1.266750e+07 1.266750e+07 1.266746e+07 1.267234e+07 1.317539e+07 1.390583e+07 1.485194e+07 1.686673e+07 1.860616e+07 1.996497e+07 2.100370e+07 2.180072e+07 2.241814e+07 2.289976e+07 2.402229e+07 2.366848e+07 2.214429e+07 1.990216e+07 1.752369e+07 1.539734e+07 1.226114e+07 1.026921e+07 8.930560e+06 7.962893e+06 7.224732e+06 6.640634e+06
1.252700e+07 1.252700e+07 1.252700e+07 1.252700e+07 1.252700e+07 1.252697e+07 1.253183e+07 1.303046e+07 1.375446e+07 1.469223e+07 1.668932e+07 1.841359e+07 1.976070e+07 2.079061e+07 2.158102e+07 2.219351e+07 2.267149e+07 2.378905e+07 2.344572e+07 2.194135e+07 1.972094e+07 1.736119e+07 1.524984e+07 1.213745e+07 1.016640e+07 8.845807e+06 7.892149e+06 7.164148e+06 6.587388e+06
1.238944e+07 1.238944e+07 1.238944e+07 1.238944e+07 1.238944e+07 1.238942e+07 1.239425e+07 1.288785e+07 1.360449e+07 1.453274e+07 1.650967e+07 1.821668e+07 1.955046e+07 2.057038e+07 2.135334e+07 2.196028e+07 2.243419e+07 2.354589e+07 2.321325e+07 2.172984e+07 1.953301e+07 1.719395e+07 1.509911e+07 1.201195e+07 1.006202e+07 8.759633e+06 7.820332e+06 7.102899e+06 6.533824e+06
1.225521e+07 1.225521e+07 1.225521e+07 1.225521e+07 1.225520e+07 1.225519e+07 1.225997e+07 1.274798e+07 1.345648e+07 1.437419e+07 1.632868e+07 1.801644e+07 1.933539e+07 2.034420e+07 2.111889e+07 2.171969e+07 2.218911e+07 2.329408e+07 2.297224e+07 2.151069e+07 1.933903e+07 1.702239e+07 1.494547e+07 1.188489e+07 9.956278e+06 8.672186e+06 7.747510e+06 7.041005e+06 6.479936e+06
1.212424e+07 1.212424e+07 1.212424e+07 1.212424e+07 1.212424e+07 1.212422e+07 1.212894e+07 1.261081e+07 1.331042e+07 1.421661e+07 1.614667e+07 1.781351e+07 1.911634e+07 2.011310e+07 2.087883e+07 2.147298e+07 2.193751e+07 2.303487e+07 2.272383e+07 2.128483e+07 1.913965e+07 1.684694e+07 1.478922e+07 1.175649e+07 9.849394e+06 8.583614e+06 7.673760e+06 6.978489e+06 6.425725e+06
1.199624e+07 1.199624e+07 1.199624e+07 1.199624e+07 1.199624e+07 1.199622e+07 1.200086e+07 1.247609e+07 1.316612e+07 1.405998e+07 1.596395e+07 1.760851e+07 1.889420e+07 1.987813e+07 2.063431e+07 2.122137e+07 2.168066e+07 2.276954e+07 2.246913e+07 2.105313e+07 1.893550e+07 1.666803e+07 1.463065e+07 1.162698e+07 9.741568e+06 8.494069e+06 7.599164e+06 6.915386e+06 6.371193e+06
1.187070e+07 1.187070e+07 1.187070e+07 1.187070e+07 1.187070e+07 1.187067e+07 1.187523e+07 1.234352e+07 1.302355e+07 1.390449e+07 1.578109e+07 1.740226e+07 1.866993e+07 1.964038e+07 2.038649e+07 2.096606e+07 2.141980e+07 2.249929e+07 2.220922e+07 2.081647e+07 1.872720e+07 1.648607e+07 1.447005e+07 1.149655e+07 9.632991e+06 8.403700e+06 7.523810e+06 6.851731e+06 6.316351e+06
1.174711e+07 1.174711e+07 1.174711e+07 1.174711e+07 1.174711e+07 1.174708e+07 1.175156e+07 1.221276e+07 1.288252e+07 1.375016e+07 1.559851e+07 1.719545e+07 1.844443e+07 1.940084e+07 2.013647e+07 2.070819e+07 2.115612e+07 2.222529e+07 2.194509e+07 2.057565e+07 1.851535e+07 1.630148e+07 1.430771e+07 1.136540e+07 9.523842e+06 8.312653e+06 7.447790e+06 6.787568e+06 6.261212e+06
1.162521e+07 1.162521e+07 1.162521e+07 1.162521e+07 1.162521e+07 1.162518e+07 1.162960e+07 1.208360e+07 1.274286e+07 1.359692e+07 1.541639e+07 1.698854e+07 1.821836e+07 1.916037e+07 1.988520e+07 2.044881e+07 2.089066e+07 2.194860e+07 2.167770e+07 2.033144e+07 1.830051e+07 1.611465e+07 1.414388e+07 1.123371e+07 9.414290e+06 8.221072e+06 7.371198e+06 6.722946e+06 6.205794e+06
1.150509e+07 1.150509e+07 1.150509e+07 1.150509e+07 1.150509e+07 1.150506e+07 1.150940e+07 1.195602e+07 1.260459e+07 1.344482e+07 1.523499e+07 1.678201e+07 1.799239e+07 1.891974e+07 1.963354e+07 2.018884e+07 2.062441e+07 2.167017e+07 2.140788e+07 2.008455e+07 1.808323e+07 1.592595e+07 1.397884e+07 1.110164e+07 9.304492e+06 8.129093e+06 7.294129e+06 6.657916e+06 6.150118e+06
1.138663e+07 1.138663e+07 1.138663e+07 1.138663e+07 1.138663e+07 1.138660e+07 1.139087e+07 1.183005e+07 1.246784e+07 1.329415e+07 1.505477e+07 1.657644e+07 1.776719e+07 1.867970e+07 1.938229e+07 1.992907e+07 2.035818e+07 2.139082e+07 2.113640e+07 1.983561e+07 1.786400e+07 1.573574e+07 1.381284e+07 1.096936e+07 9.194594e+06 8.036850e+06 7.216679e+06 6.592533e+06 6.094209e+06
1.126970e+07 1.126970e+07 1.126970e+07 1.126970e+07 1.126970e+07 1.126967e+07 1.127385e+07 1.170560e+07 1.233265e+07 1.314505e+07 1.487611e+07 1.637234e+07 1.754333e+07 1.844086e+07 1.913208e+07 1.967017e+07 2.009262e+07 2.111121e+07 2.086389e+07 1.958521e+07 1.764328e+07 1.554436e+07 1.364611e+07 1.083701e+07 9.084732e+06 7.944469e+06 7.138944e+06 6.526855e+06 6.038094e+06
1.115388e+07 1.115388e+07 1.115388e+07 1.115388e+07 1.115387e+07 1.115384e+07 1.115795e+07 1.158235e+07 1.219874e+07 1.299733e+07 1.469899e+07 1.616987e+07 1.732109e+07 1.820357e+07 1.888330e+07 1.941256e+07 1.982820e+07 2.083187e+07 2.059089e+07 1.933385e+07 1.742149e+07 1.535212e+07 1.347888e+07 1.070473e+07 8.975032e+06 7.852068e+06 7.061018e+06 6.460941e+06 5.981805e+06
1.103904e+07 1.103904e+07 1.103904e+07 1.103904e+07 1.103904e+07 1.103900e+07 1.104305e+07 1.146018e+07 1.206600e+07 1.285090e+07 1.452337e+07 1.596904e+07 1.710056e+07 1.796796e+07 1.863613e+07 1.915645e+07 1.956515e+07 2.055316e+07 2.031786e+07 1.908198e+07 1.719903e+07 1.515933e+07 1.331138e+07 1.057265e+07 8.865611e+06 7.759761e+06 6.982993e+06 6.394854e+06 5.925375e+06
1.092535e+07 1.092535e+07 1.092535e+07 1.092535e+07 1.092534e+07 1.092531e+07 1.092929e+07 1.133919e+07 1.193450e+07 1.270579e+07 1.434926e+07 1.576983e+07 1.688168e+07 1.773399e+07 1.839053e+07 1.890183e+07 1.930350e+07 2.027531e+07 2.004515e+07 1.882999e+07 1.697625e+07 1.496626e+07 1.314379e+07 1.044090e+07 8.756576e+06 7.667653e+06 6.904959e+06 6.328654e+06 5.868839e+06
1.081275e+07 1.081275e+07 1.081275e+07 1.081275e+07 1.081275e+07 1.081272e+07 1.081662e+07 1.121930e+07 1.180415e+07 1.256189e+07 1.417643e+07 1.557195e+07 1.666413e+07 1.750134e+07 1.814625e+07 1.864850e+07 1.904309e+07 1.999844e+07 1.977306e+07 1.857824e+07 1.675345e+07 1.477317e+07 1.297633e+07 1.030958e+07 8.648026e+06 7.575844e+06 6.827002e+06 6.262404e+06 5.812234e+06
1.070110e+07 1.070110e+07 1.070110e+07 1.070110e+07 1.070110e+07 1.070098e+07 1.070461e+07 1.109962e+07 1.167391e+07 1.241807e+07 1.400382e+07 1.537445e+07 1.644714e+07 1.726938e+07 1.790275e+07 1.839604e+07 1.878362e+07 1.972263e+07 1.950182e+07 1.832701e+07 1.653095e+07 1.458031e+07 1.280917e+07 1.017881e+07 8.540053e+06 7.484425e+06 6.749205e+06 6.196166e+06 5.755598e+06
1.058543e+07 1.058543e+07 1.058543e+07 1.058543e+07 1.058542e+07 1.058530e+07 1.058878e+07 1.097660e+07 1.154072e+07 1.227176e+07 1.382955e+07 1.517598e+07 1.622968e+07 1.703733e+07 1.765948e+07 1.814404e+07 1.852481e+07 1.944793e+07 1.923166e+07 1.807660e+07 1.630900e+07 1.438788e+07 1.264248e+07 1.004869e+07 8.432742e+06 7.393481e+06 6.671646e+06 6.130000e+06 5.698972e+06
1.046345e+07 1.046345e+07 1.046345e+07 1.046345e+07 1.046345e+07 1.046340e+07 1.046702e+07 1.084867e+07 1.140324e+07 1.212178e+07 1.365274e+07 1.497583e+07 1.601120e+07 1.680479e+07 1.741611e+07 1.789228e+07 1.826650e+07 1.917444e+07 1.896280e+07 1.782726e+07 1.608785e+07 1.419611e+07 1.247642e+07 9.919320e+06 8.326169e+06 7.303092e+06 6.594402e+06 6.063967e+06 5.642395e+06
1.034005e+07 1.034005e+07 1.034005e+07 1.034005e+07 1.034005e+07 1.034001e+07 1.034359e+07 1.071877e+07 1.126378e+07 1.196988e+07 1.347432e+07 1.477452e+07 1.579200e+07 1.657194e+07 1.717280e+07 1.764089e+07 1.800882e+07 1.890235e+07 1.869546e+07 1.757924e+07 1.586774e+07 1.400519e+07 1.231115e+07 9.790780e+06 8.220405e+06 7.213329e+06 6.517541e+06 5.998125e+06 5.585908e+06
1.021691e+07 1.021691e+07 1.021691e+07 1.021691e+07 1.021691e+07 1.021687e+07 1.022042e+07 1.058897e+07 1.112430e+07 1.181789e+07 1.329576e+07 1.457316e+07 1.557296e+07 1.633947e+07 1.693010e+07 1.739032e+07 1.775216e+07 1.863192e+07 1.842988e+07 1.733277e+07 1.564888e+07 1.381529e+07 1.214681e+07 9.663159e+06 8.115516e+06 7.124260e+06 6.441132e+06 5.932530e+06 5.529551e+06
1.009468e+07 1.009468e+07 1.009468e+07 1.009468e+07 1.009468e+07 1.009464e+07 1.009813e+07 1.046002e+07 1.098570e+07 1.166680e+07 1.311817e+07 1.437284e+07 1.535504e+07 1.610822e+07 1.668873e+07 1.714120e+07 1.749707e+07 1.836345e+07 1.816631e+07 1.708807e+07 1.543148e+07 1.362660e+07 1.198353e+07 9.536534e+06 8.011562e+06 7.035945e+06 6.365234e+06 5.867236e+06 5.473364e+06
9.973472e+06 9.973472e+06 9.973472e+06 9.973472e+06 9.973471e+06 9.973439e+06 9.976874e+06 1.033221e+07 1.084835e+07 1.151709e+07 1.294221e+07 1.417431e+07 1.513901e+07 1.587893e+07 1.644939e+07 1.689416e+07 1.724411e+07 1.809729e+07 1.790500e+07 1.684536e+07 1.521571e+07 1.343926e+07 1.182143e+07 9.410980e+06 7.908596e+06 6.948439e+06 6.289907e+06 5.802296e+06 5.417388e+06
9.853485e+06 9.853485e+06 9.853485e+06 9.853485e+06 9.853484e+06 9.853452e+06 9.856822e+06 1.020569e+07 1.071242e+07 1.136899e+07 1.276821e+07 1.397802e+07 1.492538e+07 1.565215e+07 1.621260e+07 1.664972e+07 1.699377e+07 1.783380e+07 1.764621e+07 1.660485e+07 1.500176e+07 1.325342e+07 1.166064e+07 9.286564e+06 7.806669e+06 6.861794e+06 6.215204e+06 5.737759e+06 5.361661e+06
9.734692e+06 9.734692e+06 9.734692e+06 9.734692e+06 9.734691e+06 9.734663e+06 9.737980e+06 1.008050e+07 1.057800e+07 1.122260e+07 1.259635e+07 1.378420e+07 1.471446e+07 1.542822e+07 1.597876e+07 1.640827e+07 1.674644e+07 1.757326e+07 1.739015e+07 1.636671e+07 1.478979e+07 1.306922e+07 1.150126e+07 9.163350e+06 7.705826e+06 6.776054e+06 6.141174e+06 5.673673e+06 5.306221e+06
9.617243e+06 9.617243e+06 9.617243e+06 9.617243e+06 9.617242e+06 9.617213e+06 9.620468e+06 9.956734e+06 1.044516e+07 1.107801e+07 1.242673e+07 1.359300e+07 1.450643e+07 1.520736e+07 1.574811e+07 1.617007e+07 1.650241e+07 1.731594e+07 1.713704e+07 1.613113e+07 1.457993e+07 1.288678e+07 1.134338e+07 9.041396e+06 7.606108e+06 6.691260e+06 6.067861e+06 5.610081e+06 5.251106e+06
9.501090e+06 9.501090e+06 9.501090e+06 9.501090e+06 9.501089e+06 9.501062e+06 9.504262e+06 9.834404e+06 1.031392e+07 1.093524e+07 1.225942e+07 1.340450e+07 1.430139e+07 1.498971e+07 1.552079e+07 1.593529e+07 1.626184e+07 1.706203e+07 1.688705e+07 1.589825e+07 1.437233e+07 1.270621e+07 1.118710e+07 8.920756e+06 7.507552e+06 6.607450e+06 5.995308e+06 5.547024e+06 5.196352e+06
9.386293e+06 9.386293e+06 9.386293e+06 9.386293e+06 9.386292e+06 9.386265e+06 9.389405e+06 9.713537e+06 1.018433e+07 1.079435e+07 1.209446e+07 1.321876e+07 1.409942e+07 1.477532e+07 1.529689e+07 1.570402e+07 1.602484e+07 1.681166e+07 1.664031e+07 1.566818e+07 1.416710e+07 1.252760e+07 1.103249e+07 8.801480e+06 7.410191e+06 6.524657e+06 5.923551e+06 5.484543e+06 5.141992e+06
9.272795e+06 9.272795e+06 9.272795e+06 9.272794e+06 9.272794e+06 9.272766e+06 9.275847e+06 9.594092e+06 1.005635e+07 1.065530e+07 1.193183e+07 1.303576e+07 1.390048e+07 1.456420e+07 1.507641e+07 1.547630e+07 1.579145e+07 1.656493e+07 1.639692e+07 1.544105e+07 1.396433e+07 1.235106e+07 1.087965e+07 8.683613e+06 7.314057e+06 6.442908e+06 5.852624e+06 5.422672e+06 5.088059e+06
9.160492e+06 9.160492e+06 9.160492e+06 9.160492e+06 9.160491e+06 9.160464e+06 9.163486e+06 9.475969e+06 9.929859e+06 1.051798e+07 1.177142e+07 1.285540e+07 1.370452e+07 1.435629e+07 1.485932e+07 1.525209e+07 1.556167e+07 1.632189e+07 1.615696e+07 1.521693e+07 1.376410e+07 1.217665e+07 1.072862e+07 8.567195e+06 7.219175e+06 6.362231e+06 5.782558e+06 5.361445e+06 5.034585e+06
9.049287e+06 9.049287e+06 9.049287e+06 9.049287e+06 9.049286e+06 9.049258e+06 9.052224e+06 9.359064e+06 9.804767e+06 1.038228e+07 1.161313e+07 1.267759e+07 1.351144e+07 1.415153e+07 1.464557e+07 1.503135e+07 1.533547e+07 1.608255e+07 1.592048e+07 1.499587e+07 1.356649e+07 1.200444e+07 1.057946e+07 8.452263e+06 7.125570e+06 6.282648e+06 5.713380e+06 5.300892e+06 4.981599e+06
8.939095e+06 8.939095e+06 8.939095e+06 8.939095e+06 8.939094e+06 8.939066e+06 8.941976e+06 9.243295e+06 9.680986e+06 1.024812e+07 1.145687e+07 1.250225e+07 1.332117e+07 1.394983e+07 1.443509e+07 1.481404e+07 1.511279e+07 1.584691e+07 1.568749e+07 1.477794e+07 1.337156e+07 1.183449e+07 1.043224e+07 8.338851e+06 7.033261e+06 6.204177e+06 5.645114e+06 5.241042e+06 4.929128e+06
8.829839e+06 8.829839e+06 8.829839e+06 8.829838e+06 8.829838e+06 8.829809e+06 8.832666e+06 9.128593e+06 9.558457e+06 1.011545e+07 1.130261e+07 1.232934e+07 1.313369e+07 1.375118e+07 1.422784e+07 1.460010e+07 1.489361e+07 1.561493e+07 1.545800e+07 1.456314e+07 1.317933e+07 1.166685e+07 1.028699e+07 8.226986e+06 6.942268e+06 6.126837e+06 5.577780e+06 5.181919e+06 4.877199e+06
8.721493e+06 8.721493e+06 8.721493e+06 8.721493e+06 8.721492e+06 8.721466e+06 8.724278e+06 9.014953e+06 9.437177e+06 9.984277e+06 1.115035e+07 1.215886e+07 1.294897e+07 1.355554e+07 1.402379e+07 1.438951e+07 1.467786e+07 1.538656e+07 1.523198e+07 1.435150e+07 1.298986e+07 1.150155e+07 1.014375e+07 8.116696e+06 6.852605e+06 6.050640e+06 5.511398e+06 5.123547e+06 4.825836e+06
8.614157e+06 8.614157e+06 8.614157e+06 8.614156e+06 8.614156e+06 8.614130e+06 8.616889e+06 8.902426e+06 9.317191e+06 9.854628e+06 1.100011e+07 1.199083e+07 1.276700e+07 1.336289e+07 1.382291e+07 1.418219e+07 1.446549e+07 1.516175e+07 1.500941e+07 1.414302e+07 1.280315e+07 1.133863e+07 1.000255e+07 8.008001e+06 6.764286e+06 5.975599e+06 5.445983e+06 5.065946e+06 4.775061e+06
8.507770e+06 8.507770e+06 8.507770e+06 8.507769e+06 8.507769e+06 8.507744e+06 8.510459e+06 8.790993e+06 9.198483e+06 9.726491e+06 1.085187e+07 1.182519e+07 1.258773e+07 1.317315e+07 1.362508e+07 1.397807e+07 1.425639e+07 1.494041e+07 1.479025e+07 1.393769e+07 1.261923e+07 1.117811e+07 9.863424e+06 7.900922e+06 6.677322e+06 5.901724e+06 5.381548e+06 5.009134e+06 4.724895e+06
