1.446743e+08 8.052206e+07 6.162104e+07 3.185558e+07 2.437779e+07 1.452554e+07 1.244468e+07 1.103716e+07 1.068280e+07 1.041864e+07 1.003693e+07 9.763157e+06 9.551619e+06 9.381792e+06 9.242698e+06 9.127586e+06 9.031815e+06 8.742473e+06 8.607784e+06 8.497306e+06 8.340887e+06 8.102659e+06 7.771623e+06 6.892521e+06 5.936430e+06 5.111969e+06 4.483610e+06 4.028466e+06 3.702608e+06
1.410251e+07 1.410260e+07 1.410278e+07 1.409576e+07 1.402741e+07 1.299561e+07 1.193504e+07 1.087594e+07 1.057007e+07 1.033373e+07 9.981475e+06 9.722519e+06 9.519792e+06 9.355846e+06 9.221015e+06 9.109181e+06 9.016044e+06 8.734885e+06 8.604353e+06 8.496000e+06 8.340511e+06 8.102535e+06 7.771412e+06 6.891884e+06 5.935535e+06 5.111047e+06 4.482781e+06 4.027766e+06 3.702033e+06
1.218726e+07 1.218728e+07 1.218735e+07 1.218778e+07 1.218299e+07 1.197286e+07 1.139905e+07 1.068090e+07 1.043602e+07 1.023440e+07 9.918224e+06 9.677029e+06 9.484679e+06 9.327552e+06 9.197595e+06 9.089462e+06 8.999260e+06 8.726993e+06 8.600832e+06 8.494671e+06 8.340127e+06 8.102401e+06 7.771186e+06 6.891224e+06 5.934619e+06 5.110109e+06 4.481940e+06 4.027057e+06 3.701452e+06
1.134294e+07 1.134296e+07 1.134300e+07 1.134363e+07 1.134363e+07 1.120041e+07 1.107413e+07 1.047066e+07 1.028566e+07 1.012225e+07 9.847364e+06 9.626676e+06 9.446243e+06 9.296881e+06 9.172418e+06 9.068416e+06 8.981457e+06 8.718798e+06 8.597222e+06 8.493318e+06 8.339734e+06 8.102256e+06 7.770943e+06 6.890542e+06 5.933682e+06 5.109154e+06 4.481087e+06 4.026339e+06 3.700864e+06
1.084846e+07 1.084847e+07 1.084849e+07 1.084898e+07 1.084964e+07 1.077022e+07 1.071619e+07 1.030369e+07 1.013454e+07 1.000238e+07 9.769651e+06 9.571585e+06 9.404494e+06 9.263822e+06 9.145475e+06 9.046034e+06 8.962631e+06 8.710303e+06 8.593525e+06 8.491942e+06 8.339331e+06 8.102099e+06 7.770682e+06 6.889836e+06 5.932724e+06 5.108183e+06 4.480223e+06 4.025613e+06 3.700270e+06
1.052077e+07 1.052077e+07 1.052079e+07 1.052116e+07 1.052181e+07 1.048310e+07 1.040091e+07 1.020179e+07 1.001984e+07 9.887240e+06 9.687177e+06 9.512215e+06 9.359547e+06 9.228403e+06 9.116770e+06 9.022319e+06 8.942782e+06 8.701512e+06 8.589743e+06 8.490545e+06 8.338919e+06 8.101929e+06 7.770403e+06 6.889107e+06 5.931744e+06 5.107195e+06 4.479346e+06 4.024879e+06 3.699670e+06
1.028365e+07 1.028365e+07 1.028366e+07 1.028393e+07 1.028446e+07 1.026553e+07 1.017326e+07 1.009846e+07 9.946571e+06 9.801640e+06 9.604293e+06 9.449641e+06 9.311718e+06 9.190731e+06 9.086343e+06 8.997287e+06 8.921920e+06 8.692427e+06 8.585878e+06 8.489126e+06 8.338497e+06 8.101746e+06 7.770106e+06 6.888353e+06 5.930742e+06 5.106190e+06 4.478457e+06 4.024135e+06 3.699064e+06
1.009992e+07 1.009992e+07 1.009993e+07 1.010013e+07 1.010054e+07 1.009072e+07 1.000853e+07 9.972846e+06 9.875942e+06 9.744060e+06 9.528761e+06 9.385855e+06 9.261644e+06 9.151039e+06 9.054291e+06 8.970983e+06 8.900067e+06 8.683053e+06 8.581933e+06 8.487686e+06 8.338066e+06 8.101550e+06 7.769789e+06 6.887574e+06 5.929718e+06 5.105168e+06 4.477555e+06 4.023382e+06 3.698451e+06
9.949254e+06 9.949256e+06 9.949262e+06 9.949415e+06 9.949745e+06 9.944300e+06 9.878670e+06 9.835674e+06 9.790722e+06 9.690321e+06 9.472904e+06 9.324089e+06 9.210403e+06 9.109741e+06 9.020791e+06 8.943490e+06 8.877266e+06 8.673396e+06 8.577908e+06 8.486225e+06 8.337623e+06 8.101339e+06 7.769451e+06 6.886769e+06 5.928671e+06 5.104129e+06 4.476640e+06 4.022621e+06 3.697832e+06
9.820072e+06 9.820073e+06 9.820078e+06 9.820197e+06 9.820459e+06 9.817322e+06 9.767385e+06 9.703055e+06 9.690945e+06 9.627791e+06 9.431740e+06 9.269461e+06 9.159631e+06 9.067487e+06 8.986130e+06 8.914947e+06 8.853591e+06 8.663465e+06 8.573807e+06 8.484744e+06 8.337170e+06 8.101112e+06 7.769091e+06 6.885938e+06 5.927600e+06 5.103072e+06 4.475713e+06 4.021850e+06 3.697207e+06
9.705820e+06 9.705821e+06 9.705825e+06 9.705915e+06 9.706119e+06 9.704273e+06 9.666907e+06 9.584093e+06 9.584733e+06 9.553254e+06 9.394462e+06 9.228500e+06 9.111695e+06 9.025220e+06 8.950733e+06 8.885562e+06 8.829151e+06 8.653271e+06 8.569633e+06 8.483244e+06 8.336706e+06 8.100869e+06 7.768710e+06 6.885080e+06 5.926506e+06 5.101996e+06 4.474774e+06 4.021071e+06 3.696575e+06
9.261443e+06 9.261443e+06 9.261445e+06 9.261485e+06 9.261583e+06 9.261875e+06 9.252580e+06 9.177556e+06 9.146622e+06 9.138658e+06 9.133619e+06 9.070536e+06 8.967794e+06 8.868582e+06 8.791754e+06 8.740163e+06 8.703084e+06 8.599051e+06 8.547784e+06 8.475458e+06 8.334184e+06 8.099374e+06 7.766430e+06 6.880358e+06 5.920668e+06 5.096345e+06 4.469878e+06 4.017035e+06 3.693318e+06
8.942157e+06 8.942158e+06 8.942159e+06 8.942184e+06 8.942249e+06 8.943017e+06 8.940934e+06 8.907176e+06 8.876639e+06 8.850573e+06 8.836590e+06 8.844594e+06 8.827082e+06 8.778015e+06 8.716084e+06 8.658222e+06 8.612618e+06 8.543318e+06 8.524957e+06 8.467277e+06 8.331264e+06 8.097309e+06 7.763432e+06 6.874851e+06 5.914177e+06 5.090212e+06 4.464642e+06 4.012761e+06 3.689893e+06
8.708170e+06 8.708170e+06 8.708171e+06 8.708190e+06 8.708242e+06 8.709175e+06 8.709665e+06 8.697530e+06 8.681076e+06 8.660231e+06 8.629184e+06 8.631250e+06 8.649070e+06 8.655737e+06 8.641607e+06 8.612432e+06 8.578311e+06 8.497093e+06 8.503011e+06 8.458996e+06 8.327881e+06 8.094526e+06 7.759567e+06 6.868462e+06 5.906979e+06 5.083569e+06 4.459051e+06 4.008240e+06 3.686295e+06
8.541749e+06 8.541749e+06 8.541750e+06 8.541766e+06 8.541810e+06 8.542777e+06 8.544325e+06 8.542119e+06 8.535344e+06 8.524060e+06 8.497053e+06 8.485796e+06 8.499159e+06 8.524612e+06 8.545512e+06 8.553139e+06 8.547709e+06 8.482451e+06 8.485730e+06 8.451360e+06 8.324077e+06 8.090899e+06 7.754688e+06 6.861089e+06 5.899019e+06 5.076386e+06 4.453089e+06 4.003464e+06 3.682519e+06
8.429983e+06 8.429983e+06 8.429983e+06 8.429996e+06 8.430035e+06 8.430976e+06 8.432950e+06 8.435448e+06 8.433958e+06 8.429556e+06 8.413439e+06 8.399601e+06 8.402552e+06 8.424114e+06 8.455251e+06 8.484859e+06 8.505783e+06 8.499102e+06 8.479890e+06 8.445847e+06 8.320109e+06 8.086370e+06 7.748669e+06 6.852634e+06 5.890241e+06 5.068635e+06 4.446741e+06 3.998425e+06 3.678561e+06
8.362635e+06 8.362636e+06 8.362636e+06 8.362648e+06 8.362683e+06 8.363586e+06 8.365717e+06 8.370531e+06 8.371849e+06 8.371574e+06 8.365202e+06 8.355514e+06 8.353395e+06 8.366412e+06 8.393733e+06 8.428634e+06 8.463231e+06 8.526643e+06 8.496405e+06 8.444978e+06 8.316567e+06 8.080998e+06 7.741429e+06 6.843008e+06 5.880594e+06 5.060288e+06 4.439991e+06 3.993113e+06 3.674415e+06
8.331733e+06 8.331733e+06 8.331734e+06 8.331745e+06 8.331777e+06 8.332630e+06 8.334786e+06 8.340727e+06 8.343549e+06 8.345640e+06 8.346150e+06 8.342339e+06 8.340158e+06 8.347176e+06 8.366989e+06 8.397831e+06 8.434530e+06 8.553865e+06 8.530729e+06 8.452956e+06 8.314499e+06 8.075016e+06 7.732960e+06 6.832138e+06 5.870031e+06 5.051319e+06 4.432826e+06 3.987522e+06 3.670077e+06
8.330894e+06 8.330894e+06 8.330895e+06 8.330904e+06 8.330933e+06 8.331731e+06 8.333854e+06 8.340338e+06 8.343987e+06 8.347435e+06 8.352374e+06 8.353718e+06 8.353833e+06 8.358166e+06 8.371496e+06 8.395271e+06 8.427475e+06 8.577112e+06 8.572684e+06 8.475296e+06 8.315581e+06 8.068893e+06 7.723359e+06 6.819977e+06 5.858513e+06 5.041705e+06 4.425234e+06 3.981644e+06 3.665544e+06
8.355283e+06 8.355283e+06 8.355283e+06 8.355292e+06 8.355319e+06 8.356077e+06 8.358148e+06 8.364862e+06 8.368947e+06 8.373138e+06 8.380660e+06 8.385592e+06 8.388290e+06 8.391969e+06 8.400860e+06 8.417787e+06 8.443029e+06 8.597744e+06 8.615365e+06 8.507102e+06 8.322669e+06 8.063398e+06 7.712855e+06 6.806511e+06 5.846013e+06 5.031430e+06 4.417204e+06 3.975473e+06 3.660810e+06
8.401221e+06 8.401221e+06 8.401222e+06 8.401230e+06 8.401254e+06 8.401972e+06 8.403975e+06 8.410687e+06 8.414883e+06 8.419290e+06 8.427767e+06 8.434460e+06 8.438887e+06 8.442608e+06 8.448680e+06 8.460046e+06 8.478200e+06 8.618928e+06 8.654421e+06 8.542610e+06 8.338263e+06 8.059724e+06 7.701842e+06 6.791771e+06 5.832516e+06 5.020478e+06 4.408727e+06 3.969004e+06 3.655873e+06
8.465712e+06 8.465712e+06 8.465712e+06 8.465720e+06 8.465743e+06 8.466429e+06 8.468327e+06 8.474285e+06 8.477889e+06 8.481705e+06 8.489391e+06 8.496165e+06 8.501234e+06 8.505011e+06 8.509301e+06 8.516489e+06 8.528437e+06 8.643341e+06 8.687778e+06 8.577458e+06 8.358408e+06 8.059976e+06 7.690924e+06 6.775841e+06 5.818027e+06 5.008846e+06 4.399798e+06 3.962234e+06 3.650731e+06
8.542951e+06 8.542951e+06 8.542951e+06 8.542953e+06 8.542960e+06 8.543211e+06 8.544005e+06 8.547416e+06 8.549921e+06 8.552816e+06 8.559266e+06 8.565661e+06 8.570970e+06 8.574834e+06 8.578026e+06 8.582181e+06 8.589042e+06 8.672202e+06 8.715020e+06 8.608374e+06 8.379627e+06 8.064959e+06 7.681018e+06 6.758864e+06 5.802569e+06 4.996533e+06 4.390415e+06 3.955159e+06 3.645382e+06
8.613754e+06 8.613754e+06 8.613754e+06 8.613760e+06 8.613776e+06 8.614241e+06 8.615532e+06 8.619837e+06 8.622612e+06 8.625694e+06 8.632435e+06 8.639186e+06 8.644917e+06 8.648921e+06 8.651324e+06 8.653133e+06 8.655800e+06 8.705221e+06 8.736610e+06 8.633164e+06 8.399153e+06 8.071857e+06 7.673716e+06 6.741056e+06 5.786191e+06 4.983550e+06 4.380579e+06 3.947780e+06 3.639825e+06
8.688875e+06 8.688875e+06 8.688875e+06 8.688880e+06 8.688896e+06 8.689349e+06 8.690630e+06 8.695129e+06 8.698140e+06 8.701513e+06 8.708827e+06 8.715944e+06 8.721731e+06 8.725352e+06 8.726619e+06 8.726124e+06 8.725016e+06 8.740946e+06 8.753242e+06 8.650623e+06 8.414787e+06 8.078514e+06 7.668943e+06 6.722716e+06 5.768967e+06 4.969919e+06 4.370297e+06 3.940098e+06 3.634060e+06
8.769730e+06 8.769730e+06 8.769730e+06 8.769735e+06 8.769750e+06 8.770197e+06 8.771482e+06 8.776075e+06 8.779158e+06 8.782565e+06 8.789634e+06 8.795928e+06 8.800374e+06 8.802263e+06 8.801363e+06 8.798033e+06 8.793141e+06 8.777187e+06 8.765439e+06 8.660324e+06 8.424908e+06 8.083187e+06 7.664815e+06 6.704258e+06 5.750998e+06 4.955671e+06 4.359580e+06 3.932118e+06 3.628089e+06
8.857541e+06 8.857541e+06 8.857542e+06 8.857546e+06 8.857561e+06 8.857997e+06 8.859263e+06 8.863675e+06 8.866375e+06 8.869080e+06 8.873816e+06 8.876922e+06 8.877850e+06 8.876240e+06 8.871938e+06 8.865125e+06 8.856371e+06 8.811428e+06 8.773397e+06 8.662375e+06 8.428467e+06 8.084462e+06 7.659978e+06 6.686295e+06 5.732421e+06 4.940850e+06 4.348444e+06 3.923845e+06 3.621915e+06
8.952568e+06 8.952568e+06 8.952568e+06 8.952573e+06 8.952587e+06 8.953011e+06 8.954049e+06 8.955738e+06 8.956017e+06 8.955913e+06 8.954633e+06 8.951923e+06 8.947638e+06 8.941521e+06 8.933325e+06 8.922979e+06 8.910713e+06 8.841196e+06 8.777008e+06 8.657188e+06 8.424929e+06 8.081258e+06 7.653335e+06 6.669662e+06 5.713408e+06 4.925515e+06 4.336911e+06 3.915290e+06 3.615542e+06
9.039544e+06 9.039544e+06 9.039543e+06 9.039534e+06 9.039503e+06 9.038677e+06 9.036568e+06 9.030660e+06 9.027376e+06 9.023979e+06 9.016888e+06 9.009288e+06 9.000912e+06 8.991390e+06 8.980332e+06 8.967453e+06 8.952707e+06 8.864393e+06 8.775960e+06 8.645304e+06 8.414192e+06 8.072828e+06 7.643991e+06 6.653751e+06 5.694179e+06 4.909737e+06 4.325010e+06 3.906464e+06 3.608975e+06
9.063379e+06 9.063379e+06 9.063379e+06 9.063378e+06 9.063375e+06 9.063245e+06 9.062760e+06 9.060241e+06 9.058098e+06 9.055439e+06 9.048901e+06 9.041096e+06 9.032141e+06 9.021881e+06 9.010017e+06 8.996254e+06 8.980442e+06 8.879511e+06 8.769865e+06 8.627279e+06 8.396472e+06 8.058745e+06 7.631246e+06 6.637793e+06 5.675019e+06 4.893603e+06 4.312775e+06 3.897384e+06 3.602223e+06
9.062740e+06 9.062740e+06 9.062740e+06 9.062741e+06 9.062741e+06 9.062718e+06 9.062583e+06 9.061688e+06 9.060785e+06 9.059501e+06 9.055701e+06 9.050231e+06 9.043062e+06 9.034070e+06 9.023038e+06 9.009731e+06 8.993999e+06 8.885698e+06 8.758351e+06 8.603620e+06 8.372202e+06 8.038865e+06 7.614601e+06 6.621234e+06 5.656374e+06 4.877219e+06 4.300249e+06 3.888067e+06 3.595293e+06
9.050349e+06 9.050349e+06 9.050349e+06 9.050349e+06 9.050351e+06 9.050383e+06 9.050433e+06 9.050363e+06 9.050140e+06 9.049715e+06 9.048004e+06 9.044760e+06 9.039612e+06 9.032274e+06 9.022501e+06 9.010085e+06 8.994891e+06 8.882643e+06 8.741118e+06 8.574768e+06 8.341936e+06 8.013286e+06 7.593750e+06 6.603622e+06 5.638501e+06 4.860711e+06 4.287482e+06 3.878538e+06 3.588198e+06
9.033084e+06 9.033084e+06 9.033084e+06 9.033085e+06 9.033088e+06 9.033157e+06 9.033334e+06 9.033802e+06 9.033990e+06 9.034055e+06 9.033473e+06 9.031394e+06 9.027296e+06 9.020819e+06 9.011715e+06 8.999794e+06 8.984934e+06 8.870366e+06 8.717967e+06 8.541098e+06 8.306283e+06 7.982284e+06 7.568568e+06 6.584587e+06 5.620944e+06 4.844233e+06 4.274531e+06 3.868821e+06 3.580951e+06
9.015289e+06 9.015289e+06 9.015289e+06 9.015291e+06 9.015294e+06 9.015396e+06 9.015660e+06 9.016405e+06 9.016698e+06 9.016795e+06 9.016045e+06 9.013575e+06 9.008997e+06 9.002057e+06 8.992563e+06 8.980357e+06 8.965309e+06 8.849019e+06 8.688797e+06 8.502938e+06 8.265856e+06 7.946270e+06 7.539085e+06 6.563833e+06 5.603376e+06 4.827988e+06 4.261463e+06 3.858949e+06 3.573566e+06
8.999617e+06 8.999617e+06 8.999617e+06 8.999619e+06 8.999623e+06 8.999730e+06 8.999906e+06 8.999733e+06 8.999218e+06 8.998351e+06 8.995443e+06 8.990807e+06 8.984282e+06 8.975718e+06 8.964962e+06 8.951846e+06 8.936206e+06 8.818782e+06 8.653618e+06 8.460585e+06 8.221246e+06 7.905733e+06 7.505464e+06 6.541134e+06 5.585547e+06 4.812279e+06 4.248355e+06 3.848954e+06 3.566061e+06
8.980757e+06 8.980757e+06 8.980757e+06 8.980755e+06 8.980748e+06 8.980507e+06 8.979696e+06 8.976607e+06 8.974477e+06 8.972001e+06 8.966034e+06 8.958687e+06 8.949879e+06 8.939492e+06 8.927367e+06 8.913312e+06 8.897116e+06 8.779888e+06 8.612562e+06 8.414331e+06 8.173004e+06 7.861200e+06 7.467970e+06 6.516341e+06 5.567253e+06 4.797063e+06 4.235298e+06 3.838876e+06 3.558455e+06
8.937463e+06 8.937463e+06 8.937463e+06 8.937461e+06 8.937456e+06 8.937232e+06 8.936449e+06 8.933146e+06 8.930683e+06 8.927748e+06 8.920643e+06 8.912087e+06 8.902181e+06 8.890909e+06 8.878170e+06 8.863792e+06 8.847558e+06 8.732724e+06 8.565894e+06 8.364483e+06 8.121638e+06 7.813209e+06 7.426938e+06 6.489370e+06 5.548321e+06 4.782090e+06 4.222402e+06 3.828760e+06 3.550772e+06
8.872367e+06 8.872367e+06 8.872367e+06 8.872365e+06 8.872358e+06 8.872135e+06 8.871425e+06 8.868614e+06 8.866523e+06 8.863979e+06 8.857596e+06 8.849619e+06 8.840183e+06 8.829351e+06 8.817094e+06 8.803296e+06 8.787773e+06 8.677930e+06 8.514027e+06 8.311373e+06 8.067616e+06 7.762282e+06 7.382749e+06 6.460200e+06 5.528611e+06 4.767201e+06 4.209820e+06 3.818656e+06 3.543035e+06
8.790865e+06 8.790865e+06 8.790865e+06 8.790864e+06 8.790862e+06 8.790768e+06 8.790416e+06 8.788675e+06 8.787231e+06 8.785387e+06 8.780481e+06 8.773983e+06 8.765972e+06 8.756507e+06 8.745587e+06 8.733128e+06 8.718975e+06 8.616443e+06 8.457511e+06 8.255364e+06 8.011365e+06 7.708911e+06 7.335803e+06 6.428869e+06 5.508011e+06 4.752270e+06 4.197723e+06 3.808619e+06 3.535272e+06
8.702141e+06 8.702141e+06 8.702141e+06 8.702141e+06 8.702138e+06 8.702059e+06 8.701786e+06 8.700540e+06 8.699512e+06 8.698181e+06 8.694547e+06 8.689554e+06 8.683182e+06 8.675420e+06 8.666231e+06 8.655518e+06 8.643125e+06 8.549445e+06 8.397006e+06 8.196844e+06 7.953274e+06 7.653549e+06 7.286503e+06 6.395460e+06 5.486438e+06 4.737190e+06 4.185974e+06 3.798718e+06 3.527513e+06
8.609967e+06 8.609967e+06 8.609967e+06 8.609966e+06 8.609964e+06 8.609884e+06 8.609623e+06 8.608568e+06 8.607759e+06 8.606745e+06 8.604029e+06 8.600287e+06 8.595413e+06 8.589316e+06 8.581893e+06 8.573008e+06 8.562482e+06 8.478251e+06 8.333237e+06 8.136215e+06 7.893699e+06 7.596602e+06 7.235239e+06 6.360098e+06 5.463836e+06 4.721872e+06 4.174449e+06 3.789035e+06 3.519792e+06
8.515537e+06 8.515537e+06 8.515537e+06 8.515536e+06 8.515536e+06 8.515508e+06 8.515398e+06 8.514826e+06 8.514325e+06 8.513663e+06 8.511815e+06 8.509172e+06 8.505609e+06 8.500993e+06 8.495177e+06 8.487988e+06 8.479220e+06 8.404177e+06 8.266942e+06 8.073878e+06 7.832958e+06 7.538431e+06 7.182376e+06 6.322937e+06 5.440175e+06 4.706238e+06 4.163060e+06 3.779696e+06 3.512147e+06
8.422455e+06 8.422455e+06 8.422455e+06 8.422455e+06 8.422455e+06 8.422441e+06 8.422381e+06 8.422077e+06 8.421804e+06 8.421428e+06 8.420308e+06 8.418579e+06 8.416094e+06 8.412695e+06 8.408213e+06 8.402450e+06 8.395189e+06 8.328416e+06 8.198820e+06 8.010214e+06 7.771332e+06 7.479348e+06 7.128248e+06 6.284150e+06 5.415449e+06 4.690225e+06 4.151734e+06 3.770743e+06 3.504621e+06
8.332191e+06 8.332191e+06 8.332191e+06 8.332191e+06 8.332192e+06 8.332201e+06 8.332212e+06 8.332166e+06 8.332079e+06 8.331927e+06 8.331357e+06 8.330299e+06 8.328593e+06 8.326076e+06 8.322575e+06 8.317889e+06 8.311794e+06 8.251958e+06 8.129492e+06 7.945569e+06 7.709066e+06 7.419619e+06 7.073155e+06 6.243927e+06 5.389676e+06 4.673783e+06 4.140409e+06 3.762067e+06 3.497267e+06
8.246208e+06 8.246208e+06 8.246208e+06 8.246209e+06 8.246209e+06 8.246232e+06 8.246285e+06 8.246410e+06 8.246445e+06 8.246432e+06 8.246172e+06 8.245467e+06 8.244174e+06 8.242151e+06 8.239238e+06 8.235243e+06 8.229945e+06 8.175544e+06 8.059469e+06 7.880243e+06 7.646368e+06 7.359468e+06 7.017357e+06 6.202458e+06 5.362891e+06 4.656873e+06 4.129033e+06 3.753596e+06 3.490150e+06
8.165261e+06 8.165261e+06 8.165261e+06 8.165261e+06 8.165263e+06 8.165295e+06 8.165377e+06 8.165542e+06 8.165566e+06 8.165526e+06 8.165193e+06 8.164439e+06 8.163164e+06 8.161253e+06 8.158560e+06 8.154903e+06 8.150064e+06 8.099662e+06 7.989147e+06 7.814484e+06 7.583405e+06 7.299077e+06 6.961082e+06 6.159937e+06 5.335148e+06 4.639469e+06 4.117558e+06 3.745276e+06 3.483364e+06
8.089462e+06 8.089462e+06 8.089462e+06 8.089462e+06 8.089461e+06 8.089431e+06 8.089343e+06 8.089036e+06 8.088812e+06 8.088531e+06 8.087766e+06 8.086664e+06 8.085138e+06 8.083083e+06 8.080360e+06 8.076792e+06 8.072163e+06 8.024576e+06 7.918808e+06 7.748485e+06 7.520311e+06 7.238592e+06 6.904520e+06 6.116550e+06 5.306512e+06 4.621554e+06 4.105944e+06 3.737063e+06 3.476878e+06
8.014796e+06 8.014796e+06 8.014796e+06 8.014796e+06 8.014796e+06 8.014769e+06 8.014668e+06 8.014215e+06 8.013869e+06 8.013448e+06 8.012384e+06 8.010994e+06 8.009221e+06 8.006977e+06 8.004142e+06 8.000549e+06 7.995995e+06 7.950378e+06 7.848632e+06 7.682389e+06 7.457190e+06 7.178127e+06 6.847828e+06 6.072472e+06 5.277061e+06 4.603124e+06 4.094159e+06 3.728916e+06 3.470622e+06
7.940244e+06 7.940244e+06 7.940244e+06 7.940244e+06 7.940243e+06 7.940222e+06 7.940142e+06 7.939767e+06 7.939457e+06 7.939059e+06 7.937986e+06 7.936525e+06 7.934646e+06 7.932293e+06 7.929373e+06 7.925744e+06 7.921219e+06 7.877046e+06 7.778721e+06 7.616294e+06 7.394113e+06 7.117769e+06 6.791137e+06 6.027868e+06 5.246880e+06 4.584185e+06 4.082174e+06 3.720800e+06 3.464550e+06
7.866422e+06 7.866422e+06 7.866422e+06 7.866422e+06 7.866421e+06 7.866404e+06 7.866342e+06 7.866034e+06 7.865765e+06 7.865403e+06 7.864377e+06 7.862921e+06 7.861013e+06 7.858617e+06 7.855659e+06 7.852018e+06 7.847521e+06 7.804498e+06 7.709118e+06 7.550262e+06 7.331130e+06 7.057581e+06 6.734550e+06 5.982890e+06 5.216058e+06 4.564751e+06 4.069967e+06 3.712685e+06 3.458627e+06
7.793761e+06 7.793761e+06 7.793761e+06 7.793761e+06 7.793760e+06 7.793743e+06 7.793677e+06 7.793331e+06 7.793031e+06 7.792638e+06 7.791555e+06 7.790055e+06 7.788115e+06 7.785698e+06 7.782733e+06 7.779107e+06 7.774655e+06 7.732628e+06 7.639826e+06 7.484326e+06 7.268272e+06 6.997606e+06 6.678147e+06 5.937674e+06 5.184688e+06 4.544844e+06 4.057523e+06 3.704543e+06 3.452822e+06
7.721917e+06 7.721917e+06 7.721917e+06 7.721916e+06 7.721915e+06 7.721877e+06 7.721752e+06 7.721251e+06 7.720879e+06 7.720424e+06 7.719252e+06 7.717704e+06 7.715749e+06 7.713341e+06 7.710404e+06 7.706824e+06 7.702440e+06 7.661332e+06 7.570823e+06 7.418499e+06 7.205555e+06 6.937875e+06 6.621992e+06 5.892341e+06 5.152863e+06 4.524494e+06 4.044830e+06 3.696351e+06 3.447108e+06
7.649563e+06 7.649563e+06 7.649563e+06 7.649563e+06 7.649562e+06 7.649540e+06 7.649453e+06 7.649037e+06 7.648699e+06 7.648273e+06 7.647151e+06 7.645656e+06 7.643759e+06 7.641417e+06 7.638553e+06 7.635052e+06 7.630759e+06 7.590515e+06 7.502075e+06 7.352779e+06 7.142984e+06 6.878405e+06 6.566133e+06 5.846999e+06 5.120675e+06 4.503734e+06 4.031885e+06 3.688086e+06 3.441460e+06
7.577444e+06 7.577444e+06 7.577444e+06 7.577444e+06 7.577443e+06 7.577420e+06 7.577340e+06 7.576984e+06 7.576693e+06 7.576320e+06 7.575312e+06 7.573933e+06 7.572149e+06 7.569913e+06 7.567149e+06 7.563744e+06 7.559549e+06 7.520093e+06 7.433539e+06 7.287156e+06 7.080561e+06 6.819208e+06 6.510606e+06 5.801743e+06 5.088212e+06 4.482606e+06 4.018687e+06 3.679733e+06 3.435856e+06
7.505916e+06 7.505916e+06 7.505916e+06 7.505916e+06 7.505916e+06 7.505893e+06 7.505816e+06 7.505488e+06 7.505227e+06 7.504895e+06 7.503987e+06 7.502717e+06 7.501039e+06 7.498899e+06 7.496221e+06 7.492896e+06 7.488780e+06 7.449991e+06 7.365170e+06 7.221616e+06 7.018280e+06 6.760288e+06 6.455438e+06 5.756654e+06 5.055560e+06 4.461151e+06 4.005240e+06 3.671276e+06 3.430275e+06
7.435073e+06 7.435073e+06 7.435073e+06 7.435073e+06 7.435073e+06 7.435059e+06 7.435010e+06 7.434753e+06 7.434527e+06 7.434227e+06 7.433380e+06 7.432166e+06 7.430536e+06 7.428435e+06 7.425789e+06 7.422494e+06 7.418411e+06 7.380127e+06 7.296921e+06 7.156145e+06 6.956140e+06 6.701649e+06 6.400650e+06 5.711804e+06 5.022798e+06 4.439416e+06 3.991554e+06 3.662704e+06 3.424701e+06
7.365431e+06 7.365431e+06 7.365431e+06 7.365431e+06 7.365430e+06 7.365408e+06 7.365335e+06 7.365021e+06 7.364770e+06 7.364449e+06 7.363565e+06 7.362312e+06 7.360637e+06 7.358487e+06 7.355794e+06 7.352459e+06 7.348354e+06 7.310414e+06 7.228746e+06 7.090729e+06 6.894139e+06 6.643297e+06 6.346258e+06 5.667252e+06 4.990003e+06 4.417447e+06 3.977640e+06 3.654010e+06 3.419116e+06
7.296427e+06 7.296427e+06 7.296427e+06 7.296427e+06 7.296426e+06 7.296401e+06 7.296317e+06 7.295966e+06 7.295689e+06 7.295333e+06 7.294354e+06 7.292976e+06 7.291162e+06 7.288876e+06 7.286061e+06 7.282627e+06 7.278452e+06 7.240755e+06 7.160603e+06 7.025362e+06 6.832281e+06 6.585235e+06 6.292276e+06 5.623050e+06 4.957242e+06 4.395293e+06 3.963515e+06 3.645188e+06 3.413507e+06
7.227742e+06 7.227742e+06 7.227742e+06 7.227742e+06 7.227742e+06 7.227722e+06 7.227653e+06 7.227301e+06 7.226984e+06 7.226562e+06 7.225394e+06 7.223795e+06 7.221764e+06 7.219284e+06 7.216308e+06 7.212751e+06 7.208492e+06 7.171055e+06 7.092462e+06 6.960045e+06 6.770576e+06 6.527474e+06 6.238718e+06 5.579243e+06 4.924581e+06 4.373001e+06 3.949197e+06 3.636235e+06 3.407862e+06
7.159616e+06 7.159616e+06 7.159616e+06 7.159615e+06 7.159613e+06 7.159547e+06 7.159361e+06 7.158665e+06 7.158160e+06 7.157557e+06 7.156065e+06 7.154199e+06 7.151954e+06 7.149305e+06 7.146202e+06 7.142558e+06 7.138254e+06 7.101237e+06 7.024306e+06 6.894790e+06 6.709040e+06 6.470025e+06 6.185596e+06 5.535869e+06 4.892076e+06 4.350617e+06 3.934707e+06 3.627152e+06 3.402169e+06
7.089318e+06 7.089318e+06 7.089318e+06 7.089318e+06 7.089315e+06 7.089244e+06 7.089026e+06 7.088236e+06 7.087687e+06 7.087044e+06 7.085485e+06 7.083564e+06 7.081275e+06 7.078596e+06 7.075480e+06 7.071846e+06 7.067576e+06 7.031257e+06 6.956141e+06 6.829621e+06 6.647699e+06 6.412908e+06 6.132925e+06 5.492959e+06 4.859780e+06 4.328188e+06 3.920068e+06 3.617940e+06 3.396421e+06
7.016207e+06 7.016207e+06 7.016207e+06 7.016207e+06 7.016206e+06 7.016182e+06 7.016098e+06 7.015671e+06 7.015299e+06 7.014815e+06 7.013512e+06 7.011781e+06 7.009637e+06 7.007081e+06 7.004079e+06 7.000562e+06 6.996421e+06 6.961120e+06 6.887995e+06 6.764578e+06 6.586587e+06 6.356144e+06 6.080721e+06 5.450542e+06 4.827740e+06 4.305757e+06 3.905303e+06 3.608606e+06 3.390610e+06
6.943317e+06 6.943317e+06 6.943317e+06 6.943317e+06 6.943316e+06 6.943285e+06 6.943185e+06 6.942760e+06 6.942423e+06 6.941994e+06 6.940842e+06 6.939288e+06 6.937329e+06 6.934957e+06 6.932142e+06 6.928815e+06 6.924875e+06 6.890884e+06 6.819925e+06 6.699713e+06 6.525746e+06 6.299763e+06 6.029002e+06 5.408640e+06 4.795997e+06 4.283365e+06 3.890437e+06 3.599154e+06 3.384732e+06
6.870415e+06 6.870415e+06 6.870415e+06 6.870415e+06 6.870414e+06 6.870378e+06 6.870262e+06 6.869795e+06 6.869447e+06 6.869021e+06 6.867925e+06 6.866488e+06 6.864690e+06 6.862510e+06 6.859907e+06 6.856810e+06 6.853113e+06 6.820652e+06 6.752008e+06 6.635091e+06 6.465227e+06 6.243796e+06 5.977789e+06 5.367276e+06 4.764588e+06 4.261052e+06 3.875496e+06 3.589594e+06 3.378782e+06
6.797100e+06 6.797100e+06 6.797100e+06 6.797100e+06 6.797099e+06 6.797073e+06 6.796985e+06 6.796595e+06 6.796289e+06 6.795908e+06 6.794919e+06 6.793618e+06 6.791989e+06 6.790009e+06 6.787630e+06 6.784780e+06 6.781350e+06 6.750559e+06 6.684343e+06 6.570789e+06 6.405085e+06 6.188281e+06 5.927103e+06 5.326466e+06 4.733544e+06 4.238854e+06 3.860506e+06 3.579935e+06 3.372760e+06
6.723978e+06 6.723978e+06 6.723978e+06 6.723978e+06 6.723977e+06 6.723950e+06 6.723866e+06 6.723528e+06 6.723267e+06 6.722940e+06 6.722082e+06 6.720937e+06 6.719489e+06 6.717713e+06 6.715565e+06 6.712967e+06 6.709814e+06 6.680761e+06 6.617041e+06 6.506890e+06 6.345383e+06 6.133259e+06 5.876968e+06 5.286226e+06 4.702895e+06 4.216805e+06 3.845491e+06 3.570190e+06 3.366664e+06
6.651326e+06 6.651326e+06 6.651326e+06 6.651326e+06 6.651326e+06 6.651308e+06 6.651247e+06 6.650977e+06 6.650759e+06 6.650483e+06 6.649743e+06 6.648742e+06 6.647464e+06 6.645886e+06 6.643960e+06 6.641610e+06 6.638728e+06 6.611424e+06 6.550223e+06 6.443485e+06 6.286184e+06 6.078770e+06 5.827409e+06 5.246570e+06 4.672664e+06 4.194935e+06 3.830477e+06 3.560368e+06 3.360495e+06
6.579603e+06 6.579603e+06 6.579603e+06 6.579603e+06 6.579602e+06 6.579584e+06 6.579526e+06 6.579276e+06 6.579080e+06 6.578832e+06 6.578176e+06 6.577292e+06 6.576163e+06 6.574762e+06 6.573042e+06 6.570924e+06 6.568302e+06 6.542710e+06 6.484009e+06 6.380664e+06 6.227556e+06 6.024860e+06 5.778451e+06 5.207510e+06 4.642872e+06 4.173274e+06 3.815487e+06 3.550485e+06 3.354256e+06
6.508841e+06 6.508841e+06 6.508841e+06 6.508841e+06 6.508840e+06 6.508824e+06 6.508769e+06 6.508538e+06 6.508359e+06 6.508136e+06 6.507553e+06 6.506773e+06 6.505776e+06 6.504536e+06 6.503004e+06 6.501102e+06 6.498722e+06 6.474769e+06 6.418517e+06 6.318516e+06 6.169564e+06 5.971572e+06 5.730121e+06 5.169056e+06 4.613535e+06 4.151845e+06 3.800546e+06 3.540553e+06 3.347951e+06
6.439069e+06 6.439069e+06 6.439069e+06 6.439069e+06 6.439069e+06 6.439059e+06 6.439020e+06 6.438839e+06 6.438693e+06 6.438506e+06 6.438008e+06 6.437332e+06 6.436460e+06 6.435369e+06 6.434009e+06 6.432303e+06 6.430146e+06 6.407741e+06 6.353858e+06 6.257130e+06 6.112273e+06 5.918949e+06 5.682443e+06 5.131218e+06 4.584668e+06 4.130672e+06 3.785674e+06 3.530586e+06 3.341582e+06
6.370593e+06 6.370593e+06 6.370593e+06 6.370593e+06 6.370592e+06 6.370583e+06 6.370549e+06 6.370399e+06 6.370278e+06 6.370122e+06 6.369698e+06 6.369114e+06 6.368355e+06 6.367396e+06 6.366190e+06 6.364663e+06 6.362708e+06 6.341746e+06 6.290133e+06 6.196583e+06 6.055741e+06 5.867032e+06 5.635442e+06 5.094001e+06 4.556282e+06 4.109774e+06 3.770893e+06 3.520599e+06 3.335156e+06
6.303533e+06 6.303533e+06 6.303533e+06 6.303533e+06 6.303533e+06 6.303525e+06 6.303497e+06 6.303365e+06 6.303257e+06 6.303120e+06 6.302748e+06 6.302237e+06 6.301571e+06 6.300726e+06 6.299657e+06 6.298288e+06 6.296516e+06 6.276886e+06 6.227431e+06 6.136951e+06 6.000027e+06 5.815861e+06 5.589142e+06 5.057414e+06 4.528387e+06 4.089170e+06 3.756222e+06 3.510605e+06 3.328679e+06
6.237923e+06 6.237923e+06 6.237923e+06 6.237923e+06 6.237922e+06 6.237914e+06 6.237886e+06 6.237764e+06 6.237667e+06 6.237545e+06 6.237218e+06 6.236768e+06 6.236183e+06 6.235438e+06 6.234488e+06 6.233261e+06 6.231653e+06 6.213247e+06 6.165829e+06 6.078296e+06 5.945179e+06 5.765470e+06 5.543563e+06 5.021460e+06 4.500990e+06 4.068873e+06 3.741679e+06 3.500618e+06 3.322158e+06
6.173725e+06 6.173725e+06 6.173725e+06 6.173725e+06 6.173725e+06 6.173720e+06 6.173701e+06 6.173607e+06 6.173528e+06 6.173425e+06 6.173143e+06 6.172753e+06 6.172241e+06 6.171585e+06 6.170743e+06 6.169641e+06 6.168181e+06 6.150896e+06 6.105390e+06 6.020675e+06 5.891243e+06 5.715892e+06 5.498725e+06 4.986144e+06 4.474095e+06 4.048898e+06 3.727281e+06 3.490654e+06 3.315599e+06
6.111070e+06 6.111070e+06 6.111070e+06 6.111070e+06 6.111069e+06 6.111064e+06 6.111046e+06 6.110962e+06 6.110894e+06 6.110806e+06 6.110565e+06 6.110227e+06 6.109782e+06 6.109207e+06 6.108461e+06 6.107474e+06 6.106147e+06 6.089884e+06 6.046165e+06 5.964132e+06 5.838256e+06 5.667153e+06 5.454646e+06 4.951468e+06 4.447705e+06 4.029254e+06 3.713044e+06 3.480724e+06 3.309011e+06
6.049926e+06 6.049926e+06 6.049926e+06 6.049926e+06 6.049926e+06 6.049923e+06 6.049910e+06 6.049845e+06 6.049788e+06 6.049714e+06 6.049508e+06 6.049217e+06 6.048832e+06 6.048331e+06 6.047673e+06 6.046789e+06 6.045582e+06 6.030250e+06 5.988193e+06 5.908706e+06 5.786250e+06 5.619279e+06 5.411338e+06 4.917433e+06 4.421823e+06 4.009950e+06 3.698980e+06 3.470841e+06 3.302401e+06
5.990347e+06 5.990347e+06 5.990347e+06 5.990347e+06 5.990347e+06 5.990343e+06 5.990331e+06 5.990272e+06 5.990223e+06 5.990160e+06 5.989985e+06 5.989738e+06 5.989407e+06 5.988974e+06 5.988396e+06 5.987606e+06 5.986507e+06 5.972018e+06 5.931502e+06 5.854421e+06 5.735249e+06 5.572286e+06 5.368813e+06 4.884039e+06 4.396447e+06 3.990993e+06 3.685102e+06 3.461019e+06 3.295777e+06
5.932280e+06 5.932280e+06 5.932280e+06 5.932280e+06 5.932280e+06 5.932279e+06 5.932272e+06 5.932230e+06 5.932192e+06 5.932142e+06 5.931999e+06 5.931795e+06 5.931518e+06 5.931148e+06 5.930643e+06 5.929937e+06 5.928936e+06 5.915202e+06 5.876107e+06 5.801299e+06 5.685271e+06 5.526191e+06 5.327081e+06 4.851284e+06 4.371576e+06 3.972389e+06 3.671422e+06 3.451269e+06 3.289149e+06
5.875776e+06 5.875776e+06 5.875776e+06 5.875776e+06 5.875776e+06 5.875774e+06 5.875767e+06 5.875733e+06 5.875705e+06 5.875667e+06 5.875559e+06 5.875398e+06 5.875172e+06 5.874860e+06 5.874421e+06 5.873788e+06 5.872871e+06 5.859805e+06 5.822015e+06 5.749347e+06 5.636328e+06 5.481002e+06 5.286146e+06 4.819167e+06 4.347209e+06 3.954140e+06 3.657947e+06 3.441601e+06 3.282524e+06
5.820787e+06 5.820787e+06 5.820787e+06 5.820787e+06 5.820788e+06 5.820789e+06 5.820792e+06 5.820786e+06 5.820774e+06 5.820753e+06 5.820682e+06 5.820561e+06 5.820379e+06 5.820114e+06 5.819727e+06 5.819155e+06 5.818306e+06 5.805816e+06 5.769222e+06 5.698569e+06 5.588426e+06 5.436725e+06 5.246013e+06 4.787684e+06 4.323340e+06 3.936249e+06 3.644688e+06 3.432026e+06 3.275911e+06
5.767451e+06 5.767451e+06 5.767451e+06 5.767451e+06 5.767451e+06 5.767453e+06 5.767456e+06 5.767459e+06 5.767453e+06 5.767441e+06 5.767389e+06 5.767291e+06 5.767134e+06 5.766899e+06 5.766548e+06 5.766018e+06 5.765221e+06 5.753218e+06 5.717717e+06 5.648961e+06 5.541564e+06 5.393364e+06 5.206681e+06 4.756830e+06 4.299966e+06 3.918718e+06 3.631650e+06 3.422554e+06 3.269317e+06
5.715745e+06 5.715745e+06 5.715745e+06 5.715745e+06 5.715745e+06 5.715746e+06 5.715746e+06 5.715738e+06 5.715727e+06 5.715711e+06 5.715654e+06 5.715556e+06 5.715404e+06 5.715180e+06 5.714845e+06 5.714340e+06 5.713577e+06 5.701979e+06 5.667481e+06 5.600512e+06 5.495740e+06 5.350915e+06 5.168150e+06 4.726599e+06 4.277082e+06 3.901546e+06 3.618839e+06 3.413194e+06 3.262752e+06
5.665514e+06 5.665514e+06 5.665514e+06 5.665514e+06 5.665515e+06 5.665515e+06 5.665513e+06 5.665498e+06 5.665482e+06 5.665459e+06 5.665388e+06 5.665278e+06 5.665117e+06 5.664889e+06 5.664557e+06 5.664063e+06 5.663321e+06 5.652062e+06 5.618487e+06 5.553208e+06 5.450945e+06 5.309375e+06 5.130414e+06 4.696985e+06 4.254680e+06 3.884731e+06 3.606261e+06 3.403952e+06 3.256221e+06
5.616643e+06 5.616643e+06 5.616643e+06 5.616643e+06 5.616643e+06 5.616643e+06 5.616639e+06 5.616617e+06 5.616595e+06 5.616566e+06 5.616481e+06 5.616354e+06 5.616180e+06 5.615941e+06 5.615605e+06 5.615114e+06 5.614387e+06 5.603423e+06 5.570707e+06 5.507029e+06 5.407167e+06 5.268736e+06 5.093468e+06 4.667981e+06 4.232754e+06 3.868271e+06 3.593918e+06 3.394837e+06 3.249734e+06
5.569020e+06 5.569020e+06 5.569020e+06 5.569020e+06 5.569020e+06 5.569019e+06 5.569013e+06 5.568982e+06 5.568956e+06 5.568921e+06 5.568822e+06 5.568681e+06 5.568494e+06 5.568246e+06 5.567906e+06 5.567419e+06 5.566704e+06 5.556013e+06 5.524109e+06 5.461954e+06 5.364392e+06 5.228989e+06 5.057304e+06 4.639578e+06 4.211296e+06 3.852165e+06 3.581814e+06 3.385855e+06 3.243297e+06
5.522532e+06 5.522532e+06 5.522532e+06 5.522532e+06 5.522532e+06 5.522530e+06 5.522524e+06 5.522490e+06 5.522460e+06 5.522421e+06 5.522313e+06 5.522164e+06 5.521971e+06 5.521721e+06 5.521383e+06 5.520904e+06 5.520206e+06 5.509789e+06 5.478658e+06 5.417958e+06 5.322604e+06 5.190122e+06 5.021913e+06 4.611768e+06 4.190299e+06 3.836407e+06 3.569950e+06 3.377012e+06 3.236917e+06
5.477106e+06 5.477106e+06 5.477106e+06 5.477106e+06 5.477106e+06 5.477104e+06 5.477096e+06 5.477056e+06 5.477023e+06 5.476982e+06 5.476873e+06 5.476726e+06 5.476539e+06 5.476298e+06 5.475973e+06 5.475512e+06 5.474838e+06 5.464706e+06 5.434323e+06 5.375017e+06 5.281784e+06 5.152121e+06 4.987283e+06 4.584541e+06 4.169755e+06 3.820993e+06 3.558327e+06 3.368313e+06 3.230599e+06
5.432654e+06 5.432654e+06 5.432654e+06 5.432654e+06 5.432654e+06 5.432652e+06 5.432643e+06 5.432606e+06 5.432577e+06 5.432541e+06 5.432447e+06 5.432319e+06 5.432153e+06 5.431934e+06 5.431635e+06 5.431201e+06 5.430559e+06 5.420729e+06 5.391072e+06 5.333107e+06 5.241914e+06 5.114971e+06 4.953405e+06 4.557886e+06 4.149654e+06 3.805919e+06 3.546946e+06 3.359761e+06 3.224351e+06
5.389135e+06 5.389135e+06 5.389135e+06 5.389135e+06 5.389135e+06 5.389136e+06 5.389137e+06 5.389127e+06 5.389114e+06 5.389094e+06 5.389032e+06 5.388936e+06 5.388801e+06 5.388615e+06 5.388347e+06 5.387948e+06 5.387343e+06 5.377825e+06 5.348876e+06 5.292202e+06 5.202972e+06 5.078658e+06 4.920263e+06 4.531795e+06 4.129988e+06 3.791179e+06 3.535805e+06 3.351362e+06 3.218178e+06
