2.417721e+07 1.208329e+07 8.951041e+06 4.659996e+06 3.747343e+06 2.464546e+06 2.112055e+06 1.836659e+06 1.758185e+06 1.696639e+06 1.604213e+06 1.537372e+06 1.487039e+06 1.448384e+06 1.418456e+06 1.395293e+06 1.377522e+06 1.341827e+06 1.356982e+06 1.396483e+06 1.446211e+06 1.498010e+06 1.547459e+06 1.631301e+06 1.687149e+06 1.706922e+06 1.689063e+06 1.641349e+06 1.575977e+06
2.430063e+06 2.430074e+06 2.430088e+06 2.428369e+06 2.415056e+06 2.220535e+06 2.022580e+06 1.804585e+06 1.734526e+06 1.678024e+06 1.591354e+06 1.527755e+06 1.479535e+06 1.442385e+06 1.413588e+06 1.391309e+06 1.374246e+06 1.340684e+06 1.356887e+06 1.396967e+06 1.447008e+06 1.498948e+06 1.548428e+06 1.632154e+06 1.687792e+06 1.707338e+06 1.689273e+06 1.641393e+06 1.575898e+06
2.078660e+06 2.078664e+06 2.078674e+06 2.078709e+06 2.077765e+06 2.036367e+06 1.923781e+06 1.765145e+06 1.706080e+06 1.656100e+06 1.576696e+06 1.517045e+06 1.471324e+06 1.435907e+06 1.408387e+06 1.387088e+06 1.370802e+06 1.339514e+06 1.356804e+06 1.397474e+06 1.447828e+06 1.499907e+06 1.549414e+06 1.633017e+06 1.688439e+06 1.707756e+06 1.689484e+06 1.641436e+06 1.575817e+06
1.919855e+06 1.919857e+06 1.919862e+06 1.919928e+06 1.919799e+06 1.891386e+06 1.857378e+06 1.721566e+06 1.673762e+06 1.631201e+06 1.560314e+06 1.505274e+06 1.462423e+06 1.428963e+06 1.402862e+06 1.382638e+06 1.367193e+06 1.338321e+06 1.356733e+06 1.398004e+06 1.448671e+06 1.500886e+06 1.550416e+06 1.633890e+06 1.689091e+06 1.708176e+06 1.689694e+06 1.641478e+06 1.575735e+06
1.821313e+06 1.821314e+06 1.821317e+06 1.821355e+06 1.821328e+06 1.803832e+06 1.783451e+06 1.683754e+06 1.640316e+06 1.604300e+06 1.542410e+06 1.492509e+06 1.452863e+06 1.421571e+06 1.397025e+06 1.377968e+06 1.363428e+06 1.337106e+06 1.356676e+06 1.398557e+06 1.449539e+06 1.501886e+06 1.551435e+06 1.634772e+06 1.689748e+06 1.708597e+06 1.689904e+06 1.641518e+06 1.575651e+06
1.748469e+06 1.748470e+06 1.748472e+06 1.748495e+06 1.748486e+06 1.738531e+06 1.715383e+06 1.655530e+06 1.612005e+06 1.577588e+06 1.523419e+06 1.478882e+06 1.442700e+06 1.413759e+06 1.390894e+06 1.373089e+06 1.359515e+06 1.335873e+06 1.356635e+06 1.399134e+06 1.450430e+06 1.502907e+06 1.552471e+06 1.635664e+06 1.690409e+06 1.709019e+06 1.690114e+06 1.641557e+06 1.575565e+06
1.689529e+06 1.689529e+06 1.689531e+06 1.689552e+06 1.689568e+06 1.683894e+06 1.661259e+06 1.626419e+06 1.589842e+06 1.555214e+06 1.504147e+06 1.464631e+06 1.432024e+06 1.405570e+06 1.384492e+06 1.368017e+06 1.355464e+06 1.334625e+06 1.356610e+06 1.399736e+06 1.451346e+06 1.503949e+06 1.553525e+06 1.636566e+06 1.691075e+06 1.709443e+06 1.690323e+06 1.641595e+06 1.575477e+06
1.640261e+06 1.640262e+06 1.640262e+06 1.640273e+06 1.640278e+06 1.636702e+06 1.617615e+06 1.593558e+06 1.567866e+06 1.537093e+06 1.485927e+06 1.450135e+06 1.420977e+06 1.397069e+06 1.377853e+06 1.362771e+06 1.351287e+06 1.333364e+06 1.356603e+06 1.400363e+06 1.452287e+06 1.505012e+06 1.554595e+06 1.637477e+06 1.691746e+06 1.709869e+06 1.690532e+06 1.641631e+06 1.575387e+06
1.597516e+06 1.597517e+06 1.597517e+06 1.597527e+06 1.597535e+06 1.595214e+06 1.580379e+06 1.559155e+06 1.543659e+06 1.519581e+06 1.470783e+06 1.435968e+06 1.409771e+06 1.388347e+06 1.371022e+06 1.357376e+06 1.347000e+06 1.332093e+06 1.356616e+06 1.401017e+06 1.453253e+06 1.506097e+06 1.555682e+06 1.638398e+06 1.692420e+06 1.710296e+06 1.690741e+06 1.641666e+06 1.575296e+06
1.559874e+06 1.559874e+06 1.559874e+06 1.559883e+06 1.559892e+06 1.558357e+06 1.547281e+06 1.526126e+06 1.517539e+06 1.500901e+06 1.458022e+06 1.422980e+06 1.398699e+06 1.379532e+06 1.364063e+06 1.351867e+06 1.342623e+06 1.330817e+06 1.356649e+06 1.401697e+06 1.454245e+06 1.507204e+06 1.556786e+06 1.639328e+06 1.693100e+06 1.710724e+06 1.690949e+06 1.641699e+06 1.575202e+06
1.526437e+06 1.526437e+06 1.526438e+06 1.526444e+06 1.526453e+06 1.525429e+06 1.517298e+06 1.496119e+06 1.491025e+06 1.480749e+06 1.446056e+06 1.412225e+06 1.388161e+06 1.370794e+06 1.357057e+06 1.346287e+06 1.338182e+06 1.329538e+06 1.356705e+06 1.402406e+06 1.455263e+06 1.508332e+06 1.557908e+06 1.640267e+06 1.693783e+06 1.711153e+06 1.691156e+06 1.641731e+06 1.575107e+06
1.404682e+06 1.404682e+06 1.404683e+06 1.404688e+06 1.404701e+06 1.404684e+06 1.403069e+06 1.390749e+06 1.385305e+06 1.383196e+06 1.380468e+06 1.369213e+06 1.352604e+06 1.337332e+06 1.326278e+06 1.319859e+06 1.316438e+06 1.323296e+06 1.357364e+06 1.406381e+06 1.460748e+06 1.514301e+06 1.563770e+06 1.645101e+06 1.697261e+06 1.713314e+06 1.692183e+06 1.641866e+06 1.574600e+06
1.333071e+06 1.333071e+06 1.333071e+06 1.333076e+06 1.333090e+06 1.333310e+06 1.333289e+06 1.329245e+06 1.325324e+06 1.322119e+06 1.321501e+06 1.324311e+06 1.323520e+06 1.318302e+06 1.311519e+06 1.305771e+06 1.302344e+06 1.318049e+06 1.358835e+06 1.411139e+06 1.466914e+06 1.520818e+06 1.570051e+06 1.650151e+06 1.700831e+06 1.715495e+06 1.693187e+06 1.641957e+06 1.574041e+06
1.292278e+06 1.292278e+06 1.292279e+06 1.292282e+06 1.292293e+06 1.292536e+06 1.292930e+06 1.292370e+06 1.290808e+06 1.288734e+06 1.286495e+06 1.289522e+06 1.295175e+06 1.299424e+06 1.300830e+06 1.300282e+06 1.299342e+06 1.315631e+06 1.361487e+06 1.416782e+06 1.473787e+06 1.527881e+06 1.576737e+06 1.655400e+06 1.704479e+06 1.717686e+06 1.694163e+06 1.642001e+06 1.573427e+06
1.270894e+06 1.270894e+06 1.270894e+06 1.270898e+06 1.270907e+06 1.271140e+06 1.271649e+06 1.272420e+06 1.272217e+06 1.271498e+06 1.269805e+06 1.270917e+06 1.276090e+06 1.283417e+06 1.290390e+06 1.295707e+06 1.299425e+06 1.319523e+06 1.365978e+06 1.423475e+06 1.481404e+06 1.535486e+06 1.583809e+06 1.660827e+06 1.708189e+06 1.719874e+06 1.695103e+06 1.641993e+06 1.572754e+06
1.262334e+06 1.262334e+06 1.262334e+06 1.262337e+06 1.262345e+06 1.262559e+06 1.263083e+06 1.264365e+06 1.264818e+06 1.264977e+06 1.264600e+06 1.265049e+06 1.268455e+06 1.275070e+06 1.283533e+06 1.292181e+06 1.299952e+06 1.329719e+06 1.373440e+06 1.431500e+06 1.489833e+06 1.543634e+06 1.591249e+06 1.666409e+06 1.711944e+06 1.722050e+06 1.696000e+06 1.641926e+06 1.572020e+06
1.262660e+06 1.262660e+06 1.262660e+06 1.262662e+06 1.262670e+06 1.262866e+06 1.263378e+06 1.264862e+06 1.265629e+06 1.266280e+06 1.267066e+06 1.267816e+06 1.270160e+06 1.275242e+06 1.282950e+06 1.292291e+06 1.302096e+06 1.343030e+06 1.385695e+06 1.441313e+06 1.499196e+06 1.552344e+06 1.599041e+06 1.672121e+06 1.715726e+06 1.724200e+06 1.696845e+06 1.641798e+06 1.571221e+06
1.269536e+06 1.269536e+06 1.269536e+06 1.269538e+06 1.269545e+06 1.269727e+06 1.270219e+06 1.271777e+06 1.272697e+06 1.273615e+06 1.275216e+06 1.276597e+06 1.278675e+06 1.282622e+06 1.289017e+06 1.297628e+06 1.307702e+06 1.357646e+06 1.402079e+06 1.453667e+06 1.509693e+06 1.561663e+06 1.607182e+06 1.677940e+06 1.719515e+06 1.726313e+06 1.697631e+06 1.641601e+06 1.570354e+06
1.281515e+06 1.281515e+06 1.281515e+06 1.281517e+06 1.281523e+06 1.281692e+06 1.282163e+06 1.283736e+06 1.284729e+06 1.285791e+06 1.287918e+06 1.289920e+06 1.292189e+06 1.295592e+06 1.300900e+06 1.308380e+06 1.317763e+06 1.372934e+06 1.420985e+06 1.469562e+06 1.521641e+06 1.571679e+06 1.615683e+06 1.683846e+06 1.723294e+06 1.728375e+06 1.698350e+06 1.641332e+06 1.569416e+06
1.297634e+06 1.297635e+06 1.297635e+06 1.297636e+06 1.297642e+06 1.297800e+06 1.298251e+06 1.299817e+06 1.300849e+06 1.301993e+06 1.304455e+06 1.306961e+06 1.309597e+06 1.312891e+06 1.317532e+06 1.324001e+06 1.332386e+06 1.389081e+06 1.441309e+06 1.488212e+06 1.535578e+06 1.582535e+06 1.624580e+06 1.689824e+06 1.727048e+06 1.730376e+06 1.698994e+06 1.640985e+06 1.568404e+06
1.317279e+06 1.317279e+06 1.317279e+06 1.317280e+06 1.317285e+06 1.317436e+06 1.317872e+06 1.319430e+06 1.320484e+06 1.321678e+06 1.324357e+06 1.327236e+06 1.330255e+06 1.333678e+06 1.338013e+06 1.343761e+06 1.351198e+06 1.406609e+06 1.462342e+06 1.508653e+06 1.551990e+06 1.594459e+06 1.633942e+06 1.695867e+06 1.730761e+06 1.732305e+06 1.699556e+06 1.640556e+06 1.567313e+06
1.340099e+06 1.340099e+06 1.340099e+06 1.340100e+06 1.340105e+06 1.340251e+06 1.340677e+06 1.342217e+06 1.343276e+06 1.344493e+06 1.347298e+06 1.350433e+06 1.353779e+06 1.357425e+06 1.361691e+06 1.366995e+06 1.373672e+06 1.426016e+06 1.483739e+06 1.530129e+06 1.570165e+06 1.607863e+06 1.643879e+06 1.701980e+06 1.734424e+06 1.734152e+06 1.700029e+06 1.640040e+06 1.566143e+06
1.365815e+06 1.365815e+06 1.365815e+06 1.365816e+06 1.365821e+06 1.365960e+06 1.366369e+06 1.367871e+06 1.368919e+06 1.370139e+06 1.373009e+06 1.376313e+06 1.379913e+06 1.383793e+06 1.388115e+06 1.393178e+06 1.399291e+06 1.447594e+06 1.505420e+06 1.552045e+06 1.589453e+06 1.622908e+06 1.654569e+06 1.708180e+06 1.738033e+06 1.735911e+06 1.700408e+06 1.639434e+06 1.564890e+06
1.394074e+06 1.394074e+06 1.394074e+06 1.394075e+06 1.394080e+06 1.394215e+06 1.394613e+06 1.396090e+06 1.397132e+06 1.398353e+06 1.401264e+06 1.404683e+06 1.408472e+06 1.412554e+06 1.416974e+06 1.421910e+06 1.427606e+06 1.471404e+06 1.527443e+06 1.573965e+06 1.609306e+06 1.639022e+06 1.666340e+06 1.714502e+06 1.741586e+06 1.737576e+06 1.700689e+06 1.638733e+06 1.563552e+06
1.424724e+06 1.424724e+06 1.424724e+06 1.424726e+06 1.424730e+06 1.424861e+06 1.425250e+06 1.426708e+06 1.427745e+06 1.428966e+06 1.431905e+06 1.435401e+06 1.439319e+06 1.443545e+06 1.448041e+06 1.452881e+06 1.458231e+06 1.497304e+06 1.549895e+06 1.595602e+06 1.629258e+06 1.655743e+06 1.679163e+06 1.721001e+06 1.745093e+06 1.739145e+06 1.700867e+06 1.637936e+06 1.562126e+06
1.457672e+06 1.457672e+06 1.457672e+06 1.457673e+06 1.457677e+06 1.457805e+06 1.458188e+06 1.459627e+06 1.460656e+06 1.461873e+06 1.464823e+06 1.468358e+06 1.472341e+06 1.476625e+06 1.481116e+06 1.485812e+06 1.490808e+06 1.524997e+06 1.572810e+06 1.616788e+06 1.648928e+06 1.672676e+06 1.692604e+06 1.727761e+06 1.748570e+06 1.740621e+06 1.700942e+06 1.637041e+06 1.560613e+06
1.492845e+06 1.492845e+06 1.492845e+06 1.492846e+06 1.492850e+06 1.492974e+06 1.493346e+06 1.494757e+06 1.495774e+06 1.496982e+06 1.499922e+06 1.503452e+06 1.507410e+06 1.511628e+06 1.515976e+06 1.520404e+06 1.524958e+06 1.554063e+06 1.596135e+06 1.637430e+06 1.668021e+06 1.689471e+06 1.706335e+06 1.734920e+06 1.752040e+06 1.742009e+06 1.700913e+06 1.636046e+06 1.559010e+06
1.530098e+06 1.530098e+06 1.530098e+06 1.530099e+06 1.530103e+06 1.530225e+06 1.530591e+06 1.531987e+06 1.532996e+06 1.534196e+06 1.537105e+06 1.540550e+06 1.544341e+06 1.548301e+06 1.552294e+06 1.556258e+06 1.560214e+06 1.583992e+06 1.619726e+06 1.657474e+06 1.686329e+06 1.705834e+06 1.720068e+06 1.742678e+06 1.755543e+06 1.743319e+06 1.700784e+06 1.634952e+06 1.557317e+06
1.569399e+06 1.569399e+06 1.569399e+06 1.569400e+06 1.569404e+06 1.569524e+06 1.569887e+06 1.571276e+06 1.572276e+06 1.573455e+06 1.576242e+06 1.579415e+06 1.582782e+06 1.586193e+06 1.589547e+06 1.592797e+06 1.595962e+06 1.614211e+06 1.643361e+06 1.676879e+06 1.703714e+06 1.721527e+06 1.733552e+06 1.750859e+06 1.759129e+06 1.744566e+06 1.700559e+06 1.633760e+06 1.555535e+06
1.610766e+06 1.610766e+06 1.610766e+06 1.610767e+06 1.610771e+06 1.610890e+06 1.611251e+06 1.612618e+06 1.613562e+06 1.614626e+06 1.616979e+06 1.619476e+06 1.622002e+06 1.624489e+06 1.626889e+06 1.629184e+06 1.631391e+06 1.644114e+06 1.666769e+06 1.695601e+06 1.720097e+06 1.736369e+06 1.746570e+06 1.759241e+06 1.762873e+06 1.745771e+06 1.700244e+06 1.632473e+06 1.553664e+06
1.654250e+06 1.654250e+06 1.654250e+06 1.654251e+06 1.654255e+06 1.654374e+06 1.654721e+06 1.655754e+06 1.656327e+06 1.656912e+06 1.658105e+06 1.659329e+06 1.660579e+06 1.661843e+06 1.663099e+06 1.664330e+06 1.665534e+06 1.673117e+06 1.689662e+06 1.713583e+06 1.735440e+06 1.750235e+06 1.758943e+06 1.767651e+06 1.766900e+06 1.746961e+06 1.699852e+06 1.631094e+06 1.551706e+06
1.698598e+06 1.698598e+06 1.698597e+06 1.698596e+06 1.698592e+06 1.698467e+06 1.698159e+06 1.697486e+06 1.697194e+06 1.696945e+06 1.696584e+06 1.696406e+06 1.696396e+06 1.696527e+06 1.696764e+06 1.697072e+06 1.697425e+06 1.700714e+06 1.711767e+06 1.730762e+06 1.749732e+06 1.763046e+06 1.770532e+06 1.775942e+06 1.771279e+06 1.748172e+06 1.699393e+06 1.629630e+06 1.549664e+06
1.731138e+06 1.731137e+06 1.731137e+06 1.731137e+06 1.731136e+06 1.731103e+06 1.730994e+06 1.730500e+06 1.730140e+06 1.729741e+06 1.728927e+06 1.728189e+06 1.727584e+06 1.727122e+06 1.726787e+06 1.726544e+06 1.726362e+06 1.726537e+06 1.732850e+06 1.747069e+06 1.762978e+06 1.774767e+06 1.781234e+06 1.783982e+06 1.775857e+06 1.749450e+06 1.698885e+06 1.628086e+06 1.547540e+06
1.755535e+06 1.755535e+06 1.755535e+06 1.755535e+06 1.755535e+06 1.755537e+06 1.755526e+06 1.755414e+06 1.755296e+06 1.755135e+06 1.754709e+06 1.754212e+06 1.753714e+06 1.753258e+06 1.752852e+06 1.752479e+06 1.752114e+06 1.750384e+06 1.752728e+06 1.762436e+06 1.775191e+06 1.785391e+06 1.790986e+06 1.791658e+06 1.780517e+06 1.750860e+06 1.698349e+06 1.626473e+06 1.545340e+06
1.775492e+06 1.775492e+06 1.775492e+06 1.775492e+06 1.775492e+06 1.775507e+06 1.775546e+06 1.775662e+06 1.775720e+06 1.775768e+06 1.775814e+06 1.775788e+06 1.775708e+06 1.775588e+06 1.775427e+06 1.775211e+06 1.774918e+06 1.772210e+06 1.771271e+06 1.776799e+06 1.786388e+06 1.794936e+06 1.799756e+06 1.798877e+06 1.785167e+06 1.752505e+06 1.697808e+06 1.624800e+06 1.543068e+06
1.793072e+06 1.793072e+06 1.793072e+06 1.793072e+06 1.793073e+06 1.793097e+06 1.793168e+06 1.793422e+06 1.793589e+06 1.793775e+06 1.794173e+06 1.794567e+06 1.794919e+06 1.795199e+06 1.795375e+06 1.795415e+06 1.795292e+06 1.792079e+06 1.788392e+06 1.790101e+06 1.796582e+06 1.803434e+06 1.807537e+06 1.805562e+06 1.789725e+06 1.754362e+06 1.697293e+06 1.623081e+06 1.540731e+06
1.809514e+06 1.809514e+06 1.809514e+06 1.809515e+06 1.809516e+06 1.809550e+06 1.809647e+06 1.809996e+06 1.810237e+06 1.810515e+06 1.811154e+06 1.811849e+06 1.812527e+06 1.813118e+06 1.813559e+06 1.813800e+06 1.813804e+06 1.810098e+06 1.804030e+06 1.802288e+06 1.805788e+06 1.810928e+06 1.814349e+06 1.811656e+06 1.794122e+06 1.756334e+06 1.696844e+06 1.621330e+06 1.538335e+06
1.825673e+06 1.825673e+06 1.825673e+06 1.825674e+06 1.825675e+06 1.825713e+06 1.825823e+06 1.826232e+06 1.826521e+06 1.826860e+06 1.827650e+06 1.828520e+06 1.829367e+06 1.830095e+06 1.830627e+06 1.830904e+06 1.830891e+06 1.826351e+06 1.818136e+06 1.813314e+06 1.814017e+06 1.817466e+06 1.820223e+06 1.817121e+06 1.798296e+06 1.758356e+06 1.696517e+06 1.619564e+06 1.535890e+06
1.842054e+06 1.842054e+06 1.842054e+06 1.842054e+06 1.842055e+06 1.842096e+06 1.842216e+06 1.842666e+06 1.842986e+06 1.843358e+06 1.844205e+06 1.845091e+06 1.845896e+06 1.846522e+06 1.846900e+06 1.846985e+06 1.846750e+06 1.840857e+06 1.830659e+06 1.823136e+06 1.821280e+06 1.823097e+06 1.825209e+06 1.821937e+06 1.802196e+06 1.760374e+06 1.696376e+06 1.617805e+06 1.533405e+06
1.858992e+06 1.858992e+06 1.858992e+06 1.858993e+06 1.858994e+06 1.859036e+06 1.859163e+06 1.859637e+06 1.859960e+06 1.860315e+06 1.861043e+06 1.861687e+06 1.862150e+06 1.862371e+06 1.862312e+06 1.861954e+06 1.861286e+06 1.853549e+06 1.841546e+06 1.831723e+06 1.827591e+06 1.827875e+06 1.829362e+06 1.826100e+06 1.805779e+06 1.762339e+06 1.696363e+06 1.616077e+06 1.530890e+06
1.876740e+06 1.876740e+06 1.876740e+06 1.876740e+06 1.876742e+06 1.876788e+06 1.876915e+06 1.877282e+06 1.877471e+06 1.877636e+06 1.877845e+06 1.877841e+06 1.877597e+06 1.877106e+06 1.876362e+06 1.875366e+06 1.874118e+06 1.864293e+06 1.850745e+06 1.839052e+06 1.832967e+06 1.831852e+06 1.832742e+06 1.829618e+06 1.809012e+06 1.764211e+06 1.696422e+06 1.614412e+06 1.528359e+06
1.894846e+06 1.894846e+06 1.894846e+06 1.894846e+06 1.894846e+06 1.894835e+06 1.894785e+06 1.894500e+06 1.894260e+06 1.893958e+06 1.893181e+06 1.892198e+06 1.891029e+06 1.889690e+06 1.888184e+06 1.886514e+06 1.884677e+06 1.872930e+06 1.858220e+06 1.845121e+06 1.837433e+06 1.835082e+06 1.835416e+06 1.832514e+06 1.811870e+06 1.765954e+06 1.696514e+06 1.612862e+06 1.525826e+06
1.908837e+06 1.908837e+06 1.908837e+06 1.908836e+06 1.908833e+06 1.908741e+06 1.908461e+06 1.907486e+06 1.906846e+06 1.906131e+06 1.904534e+06 1.902771e+06 1.900889e+06 1.898906e+06 1.896832e+06 1.894664e+06 1.892398e+06 1.879340e+06 1.863970e+06 1.849947e+06 1.841022e+06 1.837620e+06 1.837450e+06 1.834820e+06 1.814338e+06 1.767534e+06 1.696605e+06 1.611441e+06 1.523308e+06
1.914108e+06 1.914108e+06 1.914108e+06 1.914107e+06 1.914105e+06 1.914039e+06 1.913830e+06 1.913005e+06 1.912408e+06 1.911707e+06 1.910063e+06 1.908181e+06 1.906135e+06 1.903972e+06 1.901714e+06 1.899374e+06 1.896953e+06 1.883493e+06 1.868037e+06 1.853575e+06 1.843781e+06 1.839527e+06 1.838912e+06 1.836576e+06 1.816409e+06 1.768926e+06 1.696664e+06 1.610100e+06 1.520825e+06
1.912789e+06 1.912789e+06 1.912789e+06 1.912789e+06 1.912788e+06 1.912753e+06 1.912640e+06 1.912155e+06 1.911775e+06 1.911303e+06 1.910103e+06 1.908605e+06 1.906870e+06 1.904949e+06 1.902881e+06 1.900692e+06 1.898399e+06 1.885487e+06 1.870517e+06 1.856077e+06 1.845766e+06 1.840860e+06 1.839867e+06 1.837827e+06 1.818084e+06 1.770106e+06 1.696664e+06 1.608805e+06 1.518405e+06
1.907788e+06 1.907788e+06 1.907788e+06 1.907788e+06 1.907787e+06 1.907775e+06 1.907729e+06 1.907499e+06 1.907304e+06 1.907046e+06 1.906328e+06 1.905334e+06 1.904083e+06 1.902608e+06 1.900941e+06 1.899112e+06 1.897143e+06 1.885543e+06 1.871561e+06 1.857550e+06 1.847045e+06 1.841684e+06 1.840382e+06 1.838621e+06 1.819370e+06 1.771057e+06 1.696583e+06 1.607531e+06 1.516086e+06
1.901111e+06 1.901111e+06 1.901111e+06 1.901111e+06 1.901111e+06 1.901109e+06 1.901096e+06 1.901005e+06 1.900915e+06 1.900787e+06 1.900396e+06 1.899801e+06 1.898989e+06 1.897966e+06 1.896747e+06 1.895351e+06 1.893795e+06 1.883974e+06 1.871359e+06 1.858112e+06 1.847697e+06 1.842061e+06 1.840521e+06 1.839011e+06 1.820280e+06 1.771765e+06 1.696398e+06 1.606255e+06 1.513853e+06
1.893824e+06 1.893824e+06 1.893824e+06 1.893824e+06 1.893824e+06 1.893821e+06 1.893808e+06 1.893746e+06 1.893692e+06 1.893620e+06 1.893405e+06 1.893068e+06 1.892582e+06 1.891934e+06 1.891118e+06 1.890138e+06 1.889001e+06 1.881143e+06 1.870132e+06 1.857899e+06 1.847808e+06 1.842059e+06 1.840345e+06 1.839046e+06 1.820831e+06 1.772220e+06 1.696090e+06 1.604958e+06 1.511673e+06
1.886105e+06 1.886105e+06 1.886105e+06 1.886105e+06 1.886105e+06 1.886105e+06 1.886102e+06 1.886081e+06 1.886060e+06 1.886032e+06 1.885942e+06 1.885788e+06 1.885546e+06 1.885192e+06 1.884711e+06 1.884094e+06 1.883337e+06 1.877415e+06 1.868107e+06 1.857050e+06 1.847464e+06 1.841740e+06 1.839911e+06 1.838777e+06 1.821047e+06 1.772419e+06 1.695644e+06 1.603620e+06 1.509526e+06
1.878267e+06 1.878267e+06 1.878267e+06 1.878267e+06 1.878268e+06 1.878271e+06 1.878283e+06 1.878323e+06 1.878346e+06 1.878368e+06 1.878398e+06 1.878398e+06 1.878349e+06 1.878229e+06 1.878019e+06 1.877705e+06 1.877275e+06 1.873131e+06 1.865510e+06 1.855709e+06 1.846757e+06 1.841168e+06 1.839276e+06 1.838253e+06 1.820950e+06 1.772358e+06 1.695044e+06 1.602225e+06 1.507393e+06
1.870765e+06 1.870765e+06 1.870765e+06 1.870765e+06 1.870765e+06 1.870774e+06 1.870798e+06 1.870881e+06 1.870933e+06 1.870991e+06 1.871115e+06 1.871236e+06 1.871339e+06 1.871403e+06 1.871410e+06 1.871340e+06 1.871178e+06 1.868583e+06 1.862546e+06 1.854010e+06 1.845772e+06 1.840403e+06 1.838488e+06 1.837520e+06 1.820568e+06 1.772039e+06 1.694280e+06 1.600760e+06 1.505260e+06
1.863868e+06 1.863868e+06 1.863868e+06 1.863868e+06 1.863868e+06 1.863877e+06 1.863903e+06 1.864000e+06 1.864068e+06 1.864149e+06 1.864337e+06 1.864549e+06 1.864769e+06 1.864975e+06 1.865149e+06 1.865270e+06 1.865320e+06 1.864011e+06 1.859396e+06 1.852078e+06 1.844591e+06 1.839502e+06 1.837595e+06 1.836619e+06 1.819927e+06 1.771468e+06 1.693342e+06 1.599209e+06 1.503113e+06
1.857601e+06 1.857601e+06 1.857601e+06 1.857601e+06 1.857602e+06 1.857615e+06 1.857651e+06 1.857779e+06 1.857868e+06 1.857972e+06 1.858219e+06 1.858504e+06 1.858813e+06 1.859125e+06 1.859422e+06 1.859685e+06 1.859893e+06 1.859599e+06 1.856208e+06 1.850020e+06 1.843287e+06 1.838515e+06 1.836638e+06 1.835591e+06 1.819055e+06 1.770651e+06 1.692223e+06 1.597562e+06 1.500939e+06
1.852162e+06 1.852162e+06 1.852162e+06 1.852162e+06 1.852163e+06 1.852176e+06 1.852215e+06 1.852364e+06 1.852469e+06 1.852592e+06 1.852882e+06 1.853219e+06 1.853588e+06 1.853971e+06 1.854350e+06 1.854706e+06 1.855022e+06 1.855477e+06 1.853099e+06 1.847930e+06 1.841925e+06 1.837487e+06 1.835653e+06 1.834470e+06 1.817979e+06 1.769596e+06 1.690917e+06 1.595807e+06 1.498728e+06
1.847646e+06 1.847646e+06 1.847646e+06 1.847646e+06 1.847646e+06 1.847660e+06 1.847702e+06 1.847858e+06 1.847967e+06 1.848096e+06 1.848401e+06 1.848760e+06 1.849155e+06 1.849571e+06 1.849989e+06 1.850395e+06 1.850771e+06 1.851727e+06 1.850157e+06 1.845880e+06 1.840559e+06 1.836458e+06 1.834672e+06 1.833286e+06 1.816724e+06 1.768315e+06 1.689422e+06 1.593935e+06 1.496468e+06
1.844053e+06 1.844053e+06 1.844053e+06 1.844053e+06 1.844054e+06 1.844066e+06 1.844104e+06 1.844247e+06 1.844351e+06 1.844473e+06 1.844770e+06 1.845121e+06 1.845512e+06 1.845924e+06 1.846344e+06 1.846757e+06 1.847151e+06 1.848390e+06 1.847439e+06 1.843927e+06 1.839234e+06 1.835460e+06 1.833720e+06 1.832066e+06 1.815314e+06 1.766818e+06 1.687736e+06 1.591938e+06 1.494150e+06
1.841241e+06 1.841241e+06 1.841241e+06 1.841241e+06 1.841241e+06 1.841254e+06 1.841290e+06 1.841427e+06 1.841524e+06 1.841640e+06 1.841917e+06 1.842241e+06 1.842599e+06 1.842976e+06 1.843363e+06 1.843749e+06 1.844125e+06 1.845472e+06 1.844979e+06 1.842111e+06 1.837985e+06 1.834520e+06 1.832819e+06 1.830832e+06 1.813773e+06 1.765118e+06 1.685859e+06 1.589810e+06 1.491766e+06
1.839133e+06 1.839133e+06 1.839133e+06 1.839133e+06 1.839134e+06 1.839145e+06 1.839180e+06 1.839309e+06 1.839398e+06 1.839502e+06 1.839742e+06 1.840016e+06 1.840313e+06 1.840628e+06 1.840955e+06 1.841288e+06 1.841620e+06 1.842953e+06 1.842792e+06 1.840462e+06 1.836840e+06 1.833659e+06 1.831986e+06 1.829602e+06 1.812119e+06 1.763227e+06 1.683793e+06 1.587545e+06 1.489307e+06
1.837650e+06 1.837650e+06 1.837650e+06 1.837650e+06 1.837650e+06 1.837660e+06 1.837690e+06 1.837795e+06 1.837863e+06 1.837938e+06 1.838106e+06 1.838296e+06 1.838508e+06 1.838740e+06 1.838992e+06 1.839260e+06 1.839538e+06 1.840799e+06 1.840880e+06 1.838997e+06 1.835815e+06 1.832892e+06 1.831232e+06 1.828391e+06 1.810371e+06 1.761159e+06 1.681541e+06 1.585139e+06 1.486767e+06
1.836654e+06 1.836654e+06 1.836654e+06 1.836654e+06 1.836654e+06 1.836653e+06 1.836655e+06 1.836672e+06 1.836688e+06 1.836710e+06 1.836774e+06 1.836867e+06 1.836991e+06 1.837147e+06 1.837332e+06 1.837544e+06 1.837778e+06 1.838970e+06 1.839236e+06 1.837723e+06 1.834925e+06 1.832228e+06 1.830566e+06 1.827210e+06 1.808544e+06 1.758924e+06 1.679107e+06 1.582589e+06 1.484140e+06
1.835467e+06 1.835467e+06 1.835467e+06 1.835467e+06 1.835467e+06 1.835464e+06 1.835457e+06 1.835440e+06 1.835434e+06 1.835433e+06 1.835450e+06 1.835497e+06 1.835580e+06 1.835699e+06 1.835853e+06 1.836039e+06 1.836252e+06 1.837431e+06 1.837851e+06 1.836643e+06 1.834175e+06 1.831674e+06 1.829992e+06 1.826066e+06 1.806651e+06 1.756534e+06 1.676494e+06 1.579892e+06 1.481421e+06
1.833856e+06 1.833856e+06 1.833856e+06 1.833856e+06 1.833856e+06 1.833861e+06 1.833874e+06 1.833910e+06 1.833931e+06 1.833954e+06 1.834008e+06 1.834084e+06 1.834189e+06 1.834325e+06 1.834495e+06 1.834694e+06 1.834919e+06 1.836157e+06 1.836713e+06 1.835756e+06 1.833566e+06 1.831230e+06 1.829511e+06 1.824962e+06 1.804703e+06 1.754002e+06 1.673709e+06 1.577049e+06 1.478605e+06
1.832283e+06 1.832283e+06 1.832283e+06 1.832284e+06 1.832284e+06 1.832289e+06 1.832305e+06 1.832363e+06 1.832403e+06 1.832449e+06 1.832561e+06 1.832698e+06 1.832863e+06 1.833056e+06 1.833276e+06 1.833519e+06 1.833781e+06 1.835138e+06 1.835811e+06 1.835055e+06 1.833098e+06 1.830896e+06 1.829120e+06 1.823900e+06 1.802706e+06 1.751335e+06 1.670756e+06 1.574059e+06 1.475688e+06
1.830878e+06 1.830878e+06 1.830878e+06 1.830878e+06 1.830878e+06 1.830884e+06 1.830903e+06 1.830979e+06 1.831036e+06 1.831104e+06 1.831274e+06 1.831481e+06 1.831720e+06 1.831984e+06 1.832269e+06 1.832569e+06 1.832879e+06 1.834371e+06 1.835135e+06 1.834534e+06 1.832765e+06 1.830667e+06 1.828815e+06 1.822879e+06 1.800668e+06 1.748544e+06 1.667642e+06 1.570923e+06 1.472668e+06
1.829742e+06 1.829742e+06 1.829742e+06 1.829742e+06 1.829743e+06 1.829754e+06 1.829787e+06 1.829904e+06 1.829986e+06 1.830082e+06 1.830314e+06 1.830590e+06 1.830896e+06 1.831225e+06 1.831567e+06 1.831915e+06 1.832265e+06 1.833857e+06 1.834673e+06 1.834181e+06 1.832559e+06 1.830536e+06 1.828588e+06 1.821894e+06 1.798592e+06 1.745636e+06 1.664374e+06 1.567643e+06 1.469543e+06
1.829173e+06 1.829173e+06 1.829173e+06 1.829173e+06 1.829174e+06 1.829185e+06 1.829220e+06 1.829356e+06 1.829454e+06 1.829570e+06 1.829846e+06 1.830165e+06 1.830512e+06 1.830875e+06 1.831246e+06 1.831617e+06 1.831983e+06 1.833594e+06 1.834410e+06 1.833984e+06 1.832468e+06 1.830493e+06 1.828431e+06 1.820939e+06 1.796478e+06 1.742617e+06 1.660956e+06 1.564220e+06 1.466311e+06
1.829266e+06 1.829266e+06 1.829266e+06 1.829266e+06 1.829266e+06 1.829280e+06 1.829320e+06 1.829470e+06 1.829574e+06 1.829693e+06 1.829972e+06 1.830287e+06 1.830627e+06 1.830979e+06 1.831336e+06 1.831692e+06 1.832042e+06 1.833566e+06 1.834329e+06 1.833926e+06 1.832482e+06 1.830526e+06 1.828332e+06 1.820007e+06 1.794326e+06 1.739493e+06 1.657394e+06 1.560657e+06 1.462972e+06
1.830118e+06 1.830118e+06 1.830118e+06 1.830118e+06 1.830118e+06 1.830129e+06 1.830160e+06 1.830274e+06 1.830355e+06 1.830450e+06 1.830672e+06 1.830928e+06 1.831207e+06 1.831501e+06 1.831802e+06 1.832106e+06 1.832408e+06 1.833745e+06 1.834405e+06 1.833989e+06 1.832584e+06 1.830623e+06 1.828278e+06 1.819086e+06 1.792134e+06 1.736269e+06 1.653696e+06 1.556958e+06 1.459526e+06
1.831440e+06 1.831440e+06 1.831440e+06 1.831440e+06 1.831440e+06 1.831446e+06 1.831464e+06 1.831532e+06 1.831579e+06 1.831634e+06 1.831769e+06 1.831931e+06 1.832117e+06 1.832323e+06 1.832543e+06 1.832772e+06 1.833006e+06 1.834090e+06 1.834613e+06 1.834154e+06 1.832760e+06 1.830769e+06 1.828255e+06 1.818167e+06 1.789899e+06 1.732948e+06 1.649865e+06 1.553127e+06 1.455974e+06
1.832900e+06 1.832900e+06 1.832900e+06 1.832900e+06 1.832900e+06 1.832900e+06 1.832903e+06 1.832918e+06 1.832931e+06 1.832948e+06 1.832997e+06 1.833069e+06 1.833166e+06 1.833285e+06 1.833423e+06 1.833576e+06 1.833740e+06 1.834554e+06 1.834922e+06 1.834400e+06 1.832992e+06 1.830949e+06 1.828248e+06 1.817236e+06 1.787614e+06 1.729530e+06 1.645907e+06 1.549166e+06 1.452316e+06
1.834135e+06 1.834135e+06 1.834135e+06 1.834135e+06 1.834135e+06 1.834134e+06 1.834131e+06 1.834119e+06 1.834114e+06 1.834111e+06 1.834115e+06 1.834137e+06 1.834177e+06 1.834237e+06 1.834315e+06 1.834409e+06 1.834514e+06 1.835088e+06 1.835303e+06 1.834707e+06 1.833263e+06 1.831146e+06 1.828242e+06 1.816279e+06 1.785273e+06 1.726019e+06 1.641827e+06 1.545081e+06 1.448554e+06
1.834966e+06 1.834966e+06 1.834966e+06 1.834966e+06 1.834966e+06 1.834969e+06 1.834974e+06 1.834987e+06 1.834992e+06 1.834998e+06 1.835010e+06 1.835026e+06 1.835052e+06 1.835087e+06 1.835134e+06 1.835192e+06 1.835260e+06 1.835650e+06 1.835729e+06 1.835052e+06 1.833556e+06 1.831344e+06 1.828218e+06 1.815282e+06 1.782868e+06 1.722413e+06 1.637629e+06 1.540874e+06 1.444690e+06
1.835618e+06 1.835618e+06 1.835618e+06 1.835618e+06 1.835618e+06 1.835621e+06 1.835627e+06 1.835650e+06 1.835665e+06 1.835680e+06 1.835712e+06 1.835743e+06 1.835775e+06 1.835808e+06 1.835846e+06 1.835889e+06 1.835938e+06 1.836207e+06 1.836177e+06 1.835418e+06 1.833852e+06 1.831524e+06 1.828158e+06 1.814229e+06 1.780391e+06 1.718713e+06 1.633317e+06 1.536552e+06 1.440728e+06
1.836171e+06 1.836171e+06 1.836171e+06 1.836171e+06 1.836171e+06 1.836174e+06 1.836182e+06 1.836211e+06 1.836229e+06 1.836249e+06 1.836292e+06 1.836334e+06 1.836375e+06 1.836413e+06 1.836452e+06 1.836492e+06 1.836534e+06 1.836740e+06 1.836627e+06 1.835787e+06 1.834135e+06 1.831668e+06 1.828046e+06 1.813104e+06 1.777833e+06 1.714916e+06 1.628894e+06 1.532118e+06 1.436669e+06
1.836673e+06 1.836673e+06 1.836673e+06 1.836673e+06 1.836673e+06 1.836676e+06 1.836684e+06 1.836712e+06 1.836730e+06 1.836749e+06 1.836792e+06 1.836836e+06 1.836880e+06 1.836922e+06 1.836964e+06 1.837006e+06 1.837050e+06 1.837238e+06 1.837067e+06 1.836142e+06 1.834385e+06 1.831758e+06 1.827860e+06 1.811891e+06 1.775182e+06 1.711020e+06 1.624364e+06 1.527576e+06 1.432516e+06
1.837128e+06 1.837128e+06 1.837128e+06 1.837128e+06 1.837128e+06 1.837130e+06 1.837136e+06 1.837156e+06 1.837170e+06 1.837185e+06 1.837221e+06 1.837261e+06 1.837304e+06 1.837349e+06 1.837395e+06 1.837444e+06 1.837494e+06 1.837699e+06 1.837486e+06 1.836469e+06 1.834586e+06 1.831775e+06 1.827582e+06 1.810570e+06 1.772429e+06 1.707023e+06 1.619729e+06 1.522932e+06 1.428274e+06
1.837487e+06 1.837487e+06 1.837487e+06 1.837487e+06 1.837487e+06 1.837489e+06 1.837494e+06 1.837511e+06 1.837523e+06 1.837536e+06 1.837568e+06 1.837607e+06 1.837651e+06 1.837701e+06 1.837757e+06 1.837816e+06 1.837879e+06 1.838126e+06 1.837877e+06 1.836754e+06 1.834718e+06 1.831697e+06 1.827190e+06 1.809127e+06 1.769563e+06 1.702921e+06 1.614992e+06 1.518188e+06 1.423947e+06
1.837742e+06 1.837742e+06 1.837742e+06 1.837742e+06 1.837742e+06 1.837744e+06 1.837750e+06 1.837768e+06 1.837780e+06 1.837795e+06 1.837830e+06 1.837874e+06 1.837928e+06 1.837991e+06 1.838063e+06 1.838141e+06 1.838222e+06 1.838528e+06 1.838234e+06 1.836981e+06 1.834764e+06 1.831505e+06 1.826665e+06 1.807541e+06 1.766572e+06 1.698712e+06 1.610154e+06 1.513351e+06 1.419536e+06
1.837912e+06 1.837912e+06 1.837912e+06 1.837912e+06 1.837912e+06 1.837914e+06 1.837919e+06 1.837940e+06 1.837955e+06 1.837974e+06 1.838021e+06 1.838082e+06 1.838157e+06 1.838243e+06 1.838340e+06 1.838443e+06 1.838547e+06 1.838916e+06 1.838553e+06 1.837135e+06 1.834702e+06 1.831177e+06 1.825985e+06 1.805797e+06 1.763446e+06 1.694390e+06 1.605218e+06 1.508423e+06 1.415048e+06
1.838009e+06 1.838009e+06 1.838009e+06 1.838009e+06 1.838010e+06 1.838013e+06 1.838025e+06 1.838062e+06 1.838087e+06 1.838116e+06 1.838188e+06 1.838276e+06 1.838381e+06 1.838499e+06 1.838626e+06 1.838758e+06 1.838888e+06 1.839298e+06 1.838824e+06 1.837198e+06 1.834510e+06 1.830689e+06 1.825127e+06 1.803876e+06 1.760174e+06 1.689953e+06 1.600185e+06 1.503409e+06 1.410486e+06
1.838168e+06 1.838168e+06 1.838168e+06 1.838168e+06 1.838168e+06 1.838172e+06 1.838184e+06 1.838229e+06 1.838262e+06 1.838302e+06 1.838400e+06 1.838521e+06 1.838660e+06 1.838811e+06 1.838970e+06 1.839128e+06 1.839278e+06 1.839680e+06 1.839036e+06 1.837147e+06 1.834163e+06 1.830017e+06 1.824069e+06 1.801762e+06 1.756744e+06 1.685397e+06 1.595056e+06 1.498314e+06 1.405853e+06
1.838429e+06 1.838429e+06 1.838429e+06 1.838429e+06 1.838429e+06 1.838435e+06 1.838453e+06 1.838515e+06 1.838560e+06 1.838612e+06 1.838739e+06 1.838891e+06 1.839060e+06 1.839239e+06 1.839419e+06 1.839592e+06 1.839749e+06 1.840061e+06 1.839167e+06 1.836957e+06 1.833635e+06 1.829135e+06 1.822789e+06 1.799436e+06 1.753147e+06 1.680717e+06 1.589833e+06 1.493140e+06 1.401155e+06
1.838926e+06 1.838926e+06 1.838926e+06 1.838926e+06 1.838926e+06 1.838932e+06 1.838951e+06 1.839024e+06 1.839076e+06 1.839137e+06 1.839284e+06 1.839455e+06 1.839639e+06 1.839828e+06 1.840010e+06 1.840175e+06 1.840316e+06 1.840425e+06 1.839191e+06 1.836597e+06 1.832896e+06 1.828018e+06 1.821263e+06 1.796883e+06 1.749372e+06 1.675910e+06 1.584517e+06 1.487892e+06 1.396396e+06
1.839720e+06 1.839720e+06 1.839720e+06 1.839720e+06 1.839721e+06 1.839727e+06 1.839746e+06 1.839820e+06 1.839873e+06 1.839936e+06 1.840085e+06 1.840253e+06 1.840427e+06 1.840596e+06 1.840748e+06 1.840875e+06 1.840969e+06 1.840736e+06 1.839067e+06 1.836030e+06 1.831913e+06 1.826638e+06 1.819468e+06 1.794087e+06 1.745411e+06 1.670972e+06 1.579109e+06 1.482574e+06 1.391580e+06
1.840810e+06 1.840810e+06 1.840810e+06 1.840810e+06 1.840810e+06 1.840817e+06 1.840836e+06 1.840909e+06 1.840959e+06 1.841016e+06 1.841143e+06 1.841275e+06 1.841402e+06 1.841513e+06 1.841598e+06 1.841649e+06 1.841660e+06 1.840942e+06 1.838748e+06 1.835214e+06 1.830652e+06 1.824966e+06 1.817381e+06 1.791033e+06 1.741253e+06 1.665901e+06 1.573610e+06 1.477189e+06 1.386711e+06
1.842194e+06 1.842194e+06 1.842194e+06 1.842194e+06 1.842195e+06 1.842201e+06 1.842217e+06 1.842264e+06 1.842292e+06 1.842322e+06 1.842384e+06 1.842438e+06 1.842475e+06 1.842487e+06 1.842466e+06 1.842405e+06 1.842299e+06 1.840969e+06 1.838175e+06 1.834105e+06 1.829078e+06 1.822976e+06 1.814981e+06 1.787708e+06 1.736893e+06 1.660692e+06 1.568022e+06 1.471742e+06 1.381795e+06
1.843702e+06 1.843702e+06 1.843702e+06 1.843702e+06 1.843702e+06 1.843700e+06 1.843694e+06 1.843676e+06 1.843665e+06 1.843652e+06 1.843617e+06 1.843561e+06 1.843478e+06 1.843360e+06 1.843204e+06 1.843005e+06 1.842758e+06 1.840725e+06 1.837282e+06 1.832652e+06 1.827154e+06 1.820638e+06 1.812246e+06 1.784098e+06 1.732321e+06 1.655345e+06 1.562346e+06 1.466235e+06 1.376834e+06
1.844841e+06 1.844841e+06 1.844841e+06 1.844841e+06 1.844841e+06 1.844839e+06 1.844832e+06 1.844791e+06 1.844755e+06 1.844706e+06 1.844576e+06 1.844402e+06 1.844187e+06 1.843929e+06 1.843626e+06 1.843278e+06 1.842880e+06 1.840108e+06 1.835999e+06 1.830808e+06 1.824844e+06 1.817928e+06 1.809156e+06 1.780193e+06 1.727534e+06 1.649857e+06 1.556583e+06 1.460672e+06 1.371834e+06
1.845548e+06 1.845548e+06 1.845548e+06 1.845548e+06 1.845548e+06 1.845537e+06 1.845506e+06 1.845396e+06 1.845317e+06 1.845224e+06 1.844992e+06 1.844706e+06 1.844366e+06 1.843976e+06 1.843536e+06 1.843045e+06 1.842504e+06 1.839015e+06 1.834259e+06 1.828525e+06 1.822116e+06 1.814820e+06 1.805695e+06 1.775983e+06 1.722525e+06 1.644226e+06 1.550734e+06 1.455058e+06 1.366798e+06
