3.530015e+05 1.427445e+05 1.351010e+05 1.351659e+05 1.341047e+05 1.242539e+05 1.219368e+05 1.244845e+05 1.264543e+05 1.288559e+05 1.354622e+05 1.427904e+05 1.484427e+05 1.521561e+05 1.547244e+05 1.568454e+05 1.589101e+05 1.716898e+05 1.881342e+05 2.066264e+05 2.262451e+05 2.464227e+05 2.667870e+05 3.071796e+05 3.462895e+05 3.835783e+05 4.187615e+05 4.516858e+05 4.822836e+05
1.235373e+05 1.235391e+05 1.235435e+05 1.235754e+05 1.232682e+05 1.212646e+05 1.210962e+05 1.247400e+05 1.267517e+05 1.291174e+05 1.355764e+05 1.427654e+05 1.483410e+05 1.520346e+05 1.546176e+05 1.567704e+05 1.588734e+05 1.718219e+05 1.883668e+05 2.069215e+05 2.265816e+05 2.467867e+05 2.671687e+05 3.075776e+05 3.466889e+05 3.839710e+05 4.191427e+05 4.520526e+05 4.826343e+05
1.202699e+05 1.202703e+05 1.202715e+05 1.202937e+05 1.203023e+05 1.202400e+05 1.206119e+05 1.250072e+05 1.270557e+05 1.293764e+05 1.356733e+05 1.427168e+05 1.482170e+05 1.518958e+05 1.544993e+05 1.566890e+05 1.588346e+05 1.719615e+05 1.886084e+05 2.072254e+05 2.269263e+05 2.471581e+05 2.675571e+05 3.079812e+05 3.470928e+05 3.843673e+05 4.195269e+05 4.524221e+05 4.829873e+05
1.183229e+05 1.183232e+05 1.183238e+05 1.183361e+05 1.183567e+05 1.189344e+05 1.225324e+05 1.253396e+05 1.273384e+05 1.296035e+05 1.357384e+05 1.426382e+05 1.480677e+05 1.517382e+05 1.543689e+05 1.566013e+05 1.587939e+05 1.721089e+05 1.888592e+05 2.075382e+05 2.272791e+05 2.475370e+05 2.679523e+05 3.083902e+05 3.475012e+05 3.847674e+05 4.199143e+05 4.527941e+05 4.833424e+05
1.212962e+05 1.212963e+05 1.212968e+05 1.213032e+05 1.213008e+05 1.215876e+05 1.240580e+05 1.262564e+05 1.276866e+05 1.298042e+05 1.357614e+05 1.425236e+05 1.478902e+05 1.515606e+05 1.542259e+05 1.565072e+05 1.587516e+05 1.722645e+05 1.891194e+05 2.078600e+05 2.276403e+05 2.479234e+05 2.683542e+05 3.088047e+05 3.479141e+05 3.851711e+05 4.203047e+05 4.531687e+05 4.836997e+05
1.250603e+05 1.250604e+05 1.250607e+05 1.250684e+05 1.250864e+05 1.249524e+05 1.254082e+05 1.278917e+05 1.284795e+05 1.300829e+05 1.357499e+05 1.423714e+05 1.476828e+05 1.513622e+05 1.540702e+05 1.564069e+05 1.587080e+05 1.724284e+05 1.893891e+05 2.081909e+05 2.280099e+05 2.483174e+05 2.687631e+05 3.092248e+05 3.483315e+05 3.855786e+05 4.206983e+05 4.535459e+05 4.840592e+05
1.270700e+05 1.270700e+05 1.270702e+05 1.270759e+05 1.270899e+05 1.270918e+05 1.267852e+05 1.293245e+05 1.297319e+05 1.307265e+05 1.357454e+05 1.421895e+05 1.474472e+05 1.511434e+05 1.539021e+05 1.563006e+05 1.586633e+05 1.726011e+05 1.896685e+05 2.085311e+05 2.283879e+05 2.487191e+05 2.691788e+05 3.096504e+05 3.487534e+05 3.859898e+05 4.210949e+05 4.539258e+05 4.844209e+05
1.284228e+05 1.284229e+05 1.284231e+05 1.284274e+05 1.284388e+05 1.285047e+05 1.280722e+05 1.302264e+05 1.309111e+05 1.316970e+05 1.358423e+05 1.420000e+05 1.471899e+05 1.509065e+05 1.537226e+05 1.561892e+05 1.586183e+05 1.727827e+05 1.899577e+05 2.088806e+05 2.287746e+05 2.491286e+05 2.696014e+05 3.100816e+05 3.491798e+05 3.864047e+05 4.214946e+05 4.543082e+05 4.847848e+05
1.294381e+05 1.294382e+05 1.294383e+05 1.294419e+05 1.294514e+05 1.295449e+05 1.292003e+05 1.307236e+05 1.317676e+05 1.326578e+05 1.362077e+05 1.418455e+05 1.469249e+05 1.506571e+05 1.535344e+05 1.560740e+05 1.585738e+05 1.729735e+05 1.902569e+05 2.092396e+05 2.291698e+05 2.495458e+05 2.700310e+05 3.105184e+05 3.496108e+05 3.868233e+05 4.218974e+05 4.546932e+05 4.851509e+05
1.302711e+05 1.302712e+05 1.302713e+05 1.302743e+05 1.302822e+05 1.303861e+05 1.301706e+05 1.310535e+05 1.322920e+05 1.334254e+05 1.367666e+05 1.417991e+05 1.466756e+05 1.504048e+05 1.533420e+05 1.559575e+05 1.585313e+05 1.731739e+05 1.905663e+05 2.096080e+05 2.295737e+05 2.499708e+05 2.704676e+05 3.109608e+05 3.500463e+05 3.872457e+05 4.223033e+05 4.550808e+05 4.855191e+05
1.310031e+05 1.310031e+05 1.310032e+05 1.310058e+05 1.310127e+05 1.311201e+05 1.310159e+05 1.313767e+05 1.325960e+05 1.339466e+05 1.373592e+05 1.419586e+05 1.464779e+05 1.501642e+05 1.531523e+05 1.558434e+05 1.584929e+05 1.733841e+05 1.908859e+05 2.099861e+05 2.299863e+05 2.504036e+05 2.709112e+05 3.114088e+05 3.504864e+05 3.876718e+05 4.227124e+05 4.554710e+05 4.858896e+05
1.339791e+05 1.339791e+05 1.339792e+05 1.339804e+05 1.339838e+05 1.340327e+05 1.340221e+05 1.335552e+05 1.337467e+05 1.347374e+05 1.387339e+05 1.433692e+05 1.471071e+05 1.500481e+05 1.527442e+05 1.555609e+05 1.585039e+05 1.745978e+05 1.926412e+05 2.120223e+05 2.321819e+05 2.526867e+05 2.732353e+05 3.137337e+05 3.527554e+05 3.898587e+05 4.248042e+05 4.574612e+05 4.877748e+05
1.353236e+05 1.353236e+05 1.353236e+05 1.353244e+05 1.353264e+05 1.353724e+05 1.354481e+05 1.353772e+05 1.353605e+05 1.357695e+05 1.387019e+05 1.434466e+05 1.479022e+05 1.513727e+05 1.542119e+05 1.568784e+05 1.596400e+05 1.761566e+05 1.946722e+05 2.143067e+05 2.346011e+05 2.551697e+05 2.757377e+05 3.162006e+05 3.551389e+05 3.921394e+05 4.269738e+05 4.595164e+05 4.897147e+05
1.367514e+05 1.367514e+05 1.367514e+05 1.367520e+05 1.367535e+05 1.367920e+05 1.368744e+05 1.369967e+05 1.370697e+05 1.373674e+05 1.394598e+05 1.435278e+05 1.482302e+05 1.525346e+05 1.561939e+05 1.593740e+05 1.623272e+05 1.782689e+05 1.970131e+05 2.168476e+05 2.372469e+05 2.578541e+05 2.784190e+05 3.188096e+05 3.576371e+05 3.945139e+05 4.292212e+05 4.616365e+05 4.917092e+05
1.384775e+05 1.384775e+05 1.384775e+05 1.384780e+05 1.384792e+05 1.385122e+05 1.385854e+05 1.387395e+05 1.388598e+05 1.391687e+05 1.410017e+05 1.446526e+05 1.492629e+05 1.539539e+05 1.582852e+05 1.621395e+05 1.655868e+05 1.813775e+05 1.997386e+05 2.196621e+05 2.401234e+05 2.607404e+05 2.812788e+05 3.215600e+05 3.602493e+05 3.969817e+05 4.315457e+05 4.638212e+05 4.937578e+05
1.403224e+05 1.403224e+05 1.403224e+05 1.403224e+05 1.403225e+05 1.403325e+05 1.403694e+05 1.404790e+05 1.406150e+05 1.409761e+05 1.429959e+05 1.468229e+05 1.515279e+05 1.563369e+05 1.609258e+05 1.651706e+05 1.690441e+05 1.854628e+05 2.029966e+05 2.227857e+05 2.432397e+05 2.638302e+05 2.843163e+05 3.244505e+05 3.629743e+05 3.995419e+05 4.339469e+05 4.660698e+05 4.958601e+05
1.418190e+05 1.418190e+05 1.418191e+05 1.418193e+05 1.418201e+05 1.418394e+05 1.418878e+05 1.420477e+05 1.422556e+05 1.427638e+05 1.453539e+05 1.498526e+05 1.549506e+05 1.598533e+05 1.644334e+05 1.687302e+05 1.727662e+05 1.900553e+05 2.070466e+05 2.262830e+05 2.466141e+05 2.671279e+05 2.875315e+05 3.274793e+05 3.658107e+05 4.021934e+05 4.364238e+05 4.683816e+05 4.980156e+05
1.434332e+05 1.434332e+05 1.434332e+05 1.434335e+05 1.434343e+05 1.434559e+05 1.435148e+05 1.437382e+05 1.440468e+05 1.447630e+05 1.481412e+05 1.535681e+05 1.592449e+05 1.642967e+05 1.687787e+05 1.729311e+05 1.768987e+05 1.948625e+05 2.117882e+05 2.302698e+05 2.502793e+05 2.706432e+05 2.909263e+05 3.306445e+05 3.687566e+05 4.049348e+05 4.389753e+05 4.707559e+05 5.002235e+05
1.454676e+05 1.454676e+05 1.454676e+05 1.454678e+05 1.454685e+05 1.454883e+05 1.455478e+05 1.459125e+05 1.464058e+05 1.474066e+05 1.516341e+05 1.579561e+05 1.641872e+05 1.693948e+05 1.737709e+05 1.777170e+05 1.814995e+05 1.997590e+05 2.169776e+05 2.349079e+05 2.542892e+05 2.743936e+05 2.945056e+05 3.339450e+05 3.718102e+05 4.077645e+05 4.416001e+05 4.731917e+05 5.024831e+05
1.483573e+05 1.483573e+05 1.483574e+05 1.483596e+05 1.483659e+05 1.485117e+05 1.488422e+05 1.497471e+05 1.504699e+05 1.516991e+05 1.564273e+05 1.632119e+05 1.697133e+05 1.749704e+05 1.792315e+05 1.829783e+05 1.865522e+05 2.047514e+05 2.224439e+05 2.400799e+05 2.587385e+05 2.784077e+05 2.982793e+05 3.373802e+05 3.749696e+05 4.106807e+05 4.442970e+05 4.756877e+05 5.047933e+05
1.560207e+05 1.560207e+05 1.560207e+05 1.560211e+05 1.560222e+05 1.560571e+05 1.561628e+05 1.566371e+05 1.571908e+05 1.582761e+05 1.627733e+05 1.693928e+05 1.757749e+05 1.809199e+05 1.850448e+05 1.886250e+05 1.920192e+05 2.099148e+05 2.280761e+05 2.456372e+05 2.637177e+05 2.827306e+05 3.022635e+05 3.409513e+05 3.782333e+05 4.136818e+05 4.470644e+05 4.782428e+05 5.071532e+05
1.641527e+05 1.641527e+05 1.641527e+05 1.641531e+05 1.641540e+05 1.641838e+05 1.642706e+05 1.646230e+05 1.650571e+05 1.659778e+05 1.700264e+05 1.761724e+05 1.822088e+05 1.871476e+05 1.911403e+05 1.946037e+05 1.978716e+05 2.153371e+05 2.338209e+05 2.514634e+05 2.691169e+05 2.874426e+05 3.064834e+05 3.446616e+05 3.816005e+05 4.167662e+05 4.499008e+05 4.808558e+05 5.095619e+05
1.723409e+05 1.723409e+05 1.723410e+05 1.723412e+05 1.723418e+05 1.723618e+05 1.724211e+05 1.726776e+05 1.730332e+05 1.738328e+05 1.774798e+05 1.831405e+05 1.888182e+05 1.935713e+05 1.974831e+05 2.008952e+05 2.040977e+05 2.210860e+05 2.396690e+05 2.574662e+05 2.748345e+05 2.925826e+05 3.109780e+05 3.485172e+05 3.850711e+05 4.199326e+05 4.528047e+05 4.835252e+05 5.120180e+05
1.800888e+05 1.800888e+05 1.800888e+05 1.800890e+05 1.800896e+05 1.801075e+05 1.801604e+05 1.803837e+05 1.806962e+05 1.814138e+05 1.847539e+05 1.900477e+05 1.954895e+05 2.001632e+05 2.040797e+05 2.075089e+05 2.106991e+05 2.271962e+05 2.456359e+05 2.635797e+05 2.807853e+05 2.980586e+05 3.158164e+05 3.525274e+05 3.886461e+05 4.231799e+05 4.557749e+05 4.862500e+05 5.145206e+05
1.874389e+05 1.874389e+05 1.874389e+05 1.874391e+05 1.874396e+05 1.874553e+05 1.874995e+05 1.876734e+05 1.879368e+05 1.885781e+05 1.916991e+05 1.968155e+05 2.022218e+05 2.069619e+05 2.109715e+05 2.144689e+05 2.176778e+05 2.336670e+05 2.517443e+05 2.697629e+05 2.868966e+05 3.037968e+05 3.210022e+05 3.567066e+05 3.923281e+05 4.265077e+05 4.588101e+05 4.890286e+05 5.170684e+05
1.942816e+05 1.942816e+05 1.942816e+05 1.942817e+05 1.942818e+05 1.942848e+05 1.942956e+05 1.943751e+05 1.945839e+05 1.951713e+05 1.982473e+05 2.034729e+05 2.090872e+05 2.140334e+05 2.181965e+05 2.217813e+05 2.250126e+05 2.404673e+05 2.580122e+05 2.759959e+05 2.931100e+05 3.097332e+05 3.264622e+05 3.610754e+05 3.961211e+05 4.299163e+05 4.619095e+05 4.918602e+05 5.196603e+05
2.001039e+05 2.001039e+05 2.001039e+05 2.001039e+05 2.001041e+05 2.001101e+05 2.001267e+05 2.002090e+05 2.004241e+05 2.010506e+05 2.043913e+05 2.100772e+05 2.161337e+05 2.213897e+05 2.257316e+05 2.293970e+05 2.326373e+05 2.475428e+05 2.644471e+05 2.822736e+05 2.993816e+05 3.158116e+05 3.321407e+05 3.656664e+05 4.000317e+05 4.334067e+05 4.650724e+05 4.947435e+05 5.222952e+05
2.052078e+05 2.052078e+05 2.052078e+05 2.052078e+05 2.052079e+05 2.052104e+05 2.052191e+05 2.052838e+05 2.055288e+05 2.062662e+05 2.101530e+05 2.166071e+05 2.232944e+05 2.289334e+05 2.334658e+05 2.372018e+05 2.404407e+05 2.548271e+05 2.710460e+05 2.886000e+05 3.056823e+05 3.219840e+05 3.379887e+05 3.705262e+05 4.040689e+05 4.369808e+05 4.682987e+05 4.976777e+05 5.249722e+05
2.095539e+05 2.095539e+05 2.095539e+05 2.095539e+05 2.095539e+05 2.095515e+05 2.095466e+05 2.096686e+05 2.100371e+05 2.110001e+05 2.156735e+05 2.230743e+05 2.304796e+05 2.365280e+05 2.412523e+05 2.450567e+05 2.482966e+05 2.622531e+05 2.777977e+05 2.949830e+05 3.119954e+05 3.282114e+05 3.439622e+05 3.756228e+05 4.082454e+05 4.406419e+05 4.715887e+05 5.006622e+05 5.276902e+05
2.132359e+05 2.132359e+05 2.132359e+05 2.132370e+05 2.132403e+05 2.133431e+05 2.135963e+05 2.142852e+05 2.149184e+05 2.161690e+05 2.215673e+05 2.297458e+05 2.377263e+05 2.441016e+05 2.489826e+05 2.528492e+05 2.561017e+05 2.697638e+05 2.846866e+05 3.014309e+05 3.183142e+05 3.344641e+05 3.500222e+05 3.809125e+05 4.125792e+05 4.443944e+05 4.749433e+05 5.036967e+05 5.304485e+05
2.208405e+05 2.208405e+05 2.208405e+05 2.208407e+05 2.208412e+05 2.208576e+05 2.209112e+05 2.212307e+05 2.217466e+05 2.229401e+05 2.284258e+05 2.368599e+05 2.450831e+05 2.516188e+05 2.565926e+05 2.605120e+05 2.637935e+05 2.773185e+05 2.916953e+05 3.079503e+05 3.246391e+05 3.407218e+05 3.561359e+05 3.863610e+05 4.171008e+05 4.482447e+05 4.783642e+05 5.067811e+05 5.332465e+05
2.288788e+05 2.288788e+05 2.288788e+05 2.288789e+05 2.288794e+05 2.288924e+05 2.289298e+05 2.291139e+05 2.295139e+05 2.305828e+05 2.358659e+05 2.442108e+05 2.524313e+05 2.590061e+05 2.640357e+05 2.680146e+05 2.713509e+05 2.848942e+05 2.988068e+05 3.145449e+05 3.309747e+05 3.469717e+05 3.622761e+05 3.919377e+05 4.218287e+05 4.522012e+05 4.818538e+05 5.099157e+05 5.360836e+05
2.366468e+05 2.366468e+05 2.366468e+05 2.366469e+05 2.366470e+05 2.366510e+05 2.366625e+05 2.367586e+05 2.370950e+05 2.380857e+05 2.431889e+05 2.513937e+05 2.595684e+05 2.661792e+05 2.712894e+05 2.753633e+05 2.787904e+05 2.924827e+05 3.060048e+05 3.212149e+05 3.373271e+05 3.532078e+05 3.684223e+05 3.976143e+05 4.267278e+05 4.562751e+05 4.854154e+05 5.131014e+05 5.389597e+05
2.436312e+05 2.436312e+05 2.436312e+05 2.436312e+05 2.436313e+05 2.436343e+05 2.436423e+05 2.437146e+05 2.440241e+05 2.449753e+05 2.499815e+05 2.581416e+05 2.663750e+05 2.731174e+05 2.783837e+05 2.826066e+05 2.861609e+05 3.000841e+05 3.132735e+05 3.279575e+05 3.437026e+05 3.594290e+05 3.745597e+05 4.033650e+05 4.317708e+05 4.604830e+05 4.890535e+05 5.163394e+05 5.418747e+05
2.498529e+05 2.498529e+05 2.498529e+05 2.498529e+05 2.498530e+05 2.498550e+05 2.498569e+05 2.498899e+05 2.501691e+05 2.510900e+05 2.560889e+05 2.643865e+05 2.728727e+05 2.798926e+05 2.854047e+05 2.898244e+05 2.935280e+05 3.076989e+05 3.205962e+05 3.347667e+05 3.501066e+05 3.656375e+05 3.806789e+05 4.091667e+05 4.369350e+05 4.648520e+05 4.927738e+05 5.196316e+05 5.448290e+05
2.551773e+05 2.551773e+05 2.551773e+05 2.551773e+05 2.551770e+05 2.551696e+05 2.551485e+05 2.551232e+05 2.553802e+05 2.563048e+05 2.614828e+05 2.702039e+05 2.791866e+05 2.866301e+05 2.924557e+05 2.970936e+05 3.009448e+05 3.153212e+05 3.279556e+05 3.416339e+05 3.565427e+05 3.718377e+05 3.867749e+05 4.149993e+05 4.421997e+05 4.693764e+05 4.965841e+05 5.229805e+05 5.478233e+05
2.592780e+05 2.592780e+05 2.592780e+05 2.592780e+05 2.592779e+05 2.592749e+05 2.592638e+05 2.592667e+05 2.595603e+05 2.605800e+05 2.662399e+05 2.757287e+05 2.854430e+05 2.934205e+05 2.995917e+05 3.044423e+05 3.084216e+05 3.229349e+05 3.353331e+05 3.485491e+05 3.630125e+05 3.780349e+05 3.928465e+05 4.208456e+05 4.475456e+05 4.740300e+05 5.004946e+05 5.263892e+05 5.508584e+05
2.625160e+05 2.625160e+05 2.625160e+05 2.625160e+05 2.625160e+05 2.625145e+05 2.625084e+05 2.625430e+05 2.629071e+05 2.640980e+05 2.705110e+05 2.810560e+05 2.916779e+05 3.002571e+05 3.067821e+05 3.118297e+05 3.159154e+05 3.305147e+05 3.427101e+05 3.555013e+05 3.695164e+05 3.842345e+05 3.988952e+05 4.266917e+05 4.529547e+05 4.787942e+05 5.045211e+05 5.298619e+05 5.539359e+05
2.651114e+05 2.651114e+05 2.651114e+05 2.651114e+05 2.651114e+05 2.651098e+05 2.651107e+05 2.652651e+05 2.657825e+05 2.672387e+05 2.745887e+05 2.863150e+05 2.978943e+05 3.070786e+05 3.139432e+05 3.191714e+05 3.233510e+05 3.380317e+05 3.500694e+05 3.624795e+05 3.760529e+05 3.904417e+05 4.049242e+05 4.325266e+05 4.584105e+05 4.836528e+05 5.086821e+05 5.334040e+05 5.570574e+05
2.677142e+05 2.677143e+05 2.677143e+05 2.677149e+05 2.677168e+05 2.677768e+05 2.679465e+05 2.685092e+05 2.692400e+05 2.709617e+05 2.791051e+05 2.917956e+05 3.041590e+05 3.138446e+05 3.209968e+05 3.263847e+05 3.306541e+05 3.454614e+05 3.573971e+05 3.694738e+05 3.826198e+05 3.966608e+05 4.109381e+05 4.383423e+05 4.638980e+05 4.885909e+05 5.129598e+05 5.370223e+05 5.602255e+05
2.735413e+05 2.735413e+05 2.735413e+05 2.735414e+05 2.735416e+05 2.735508e+05 2.735843e+05 2.738529e+05 2.744880e+05 2.761821e+05 2.845405e+05 2.976939e+05 3.105094e+05 3.205211e+05 3.278856e+05 3.334118e+05 3.377751e+05 3.527900e+05 3.646839e+05 3.764753e+05 3.892143e+05 4.028953e+05 4.169419e+05 4.441334e+05 4.694038e+05 4.935944e+05 5.173368e+05 5.407263e+05 5.634432e+05
2.798887e+05 2.798887e+05 2.798887e+05 2.798888e+05 2.798890e+05 2.798965e+05 2.799177e+05 2.800702e+05 2.806123e+05 2.822219e+05 2.905302e+05 3.038124e+05 3.168310e+05 3.270373e+05 3.345655e+05 3.402256e+05 3.446987e+05 3.600176e+05 3.719251e+05 3.834773e+05 3.958332e+05 4.091481e+05 4.229409e+05 4.498970e+05 4.749161e+05 4.986503e+05 5.217992e+05 5.445320e+05 5.667142e+05
2.860560e+05 2.860560e+05 2.860560e+05 2.860560e+05 2.860560e+05 2.860557e+05 2.860545e+05 2.861340e+05 2.866287e+05 2.881916e+05 2.964522e+05 3.097888e+05 3.229435e+05 3.333202e+05 3.410205e+05 3.468382e+05 3.514481e+05 3.671581e+05 3.791208e+05 3.904744e+05 4.024732e+05 4.154209e+05 4.289400e+05 4.556319e+05 4.804250e+05 5.037461e+05 5.263351e+05 5.484438e+05 5.700433e+05
2.915793e+05 2.915793e+05 2.915793e+05 2.915793e+05 2.915793e+05 2.915780e+05 2.915735e+05 2.916311e+05 2.921082e+05 2.936559e+05 3.019311e+05 3.153876e+05 3.287500e+05 3.393650e+05 3.472927e+05 3.533088e+05 3.580837e+05 3.742336e+05 3.862741e+05 3.974631e+05 4.091313e+05 4.217149e+05 4.349436e+05 4.613385e+05 4.859222e+05 5.088703e+05 5.309331e+05 5.524443e+05 5.734369e+05
2.964069e+05 2.964069e+05 2.964069e+05 2.964068e+05 2.964068e+05 2.964044e+05 2.963963e+05 2.964386e+05 2.969077e+05 2.984588e+05 3.068387e+05 3.205705e+05 3.342973e+05 3.452638e+05 3.534860e+05 3.597345e+05 3.646884e+05 3.812684e+05 3.933891e+05 4.044405e+05 4.158042e+05 4.280303e+05 4.409557e+05 4.670186e+05 4.914008e+05 5.140122e+05 5.355825e+05 5.565209e+05 5.769040e+05
3.005119e+05 3.005119e+05 3.005119e+05 3.005119e+05 3.005117e+05 3.005066e+05 3.004906e+05 3.005099e+05 3.009779e+05 3.025623e+05 3.112076e+05 3.254514e+05 3.397348e+05 3.511613e+05 3.597226e+05 3.662120e+05 3.713363e+05 3.882801e+05 4.004696e+05 4.114047e+05 4.224891e+05 4.343671e+05 4.469793e+05 4.726747e+05 4.968558e+05 5.191622e+05 5.402733e+05 5.606632e+05 5.804587e+05
3.037832e+05 3.037832e+05 3.037832e+05 3.037831e+05 3.037830e+05 3.037776e+05 3.037602e+05 3.037800e+05 3.042788e+05 3.059626e+05 3.151193e+05 3.301581e+05 3.451859e+05 3.571540e+05 3.660713e+05 3.727881e+05 3.780587e+05 3.952754e+05 4.075178e+05 4.183543e+05 4.291832e+05 4.407245e+05 4.530170e+05 4.783099e+05 5.022835e+05 5.243116e+05 5.449957e+05 5.648617e+05 5.840941e+05
3.062465e+05 3.062465e+05 3.062465e+05 3.062465e+05 3.062464e+05 3.062445e+05 3.062362e+05 3.063085e+05 3.068939e+05 3.087628e+05 3.186803e+05 3.347593e+05 3.506763e+05 3.632387e+05 3.725139e+05 3.794398e+05 3.848332e+05 4.022496e+05 4.145342e+05 4.252880e+05 4.358842e+05 4.471013e+05 4.590705e+05 4.839276e+05 5.076813e+05 5.294527e+05 5.497406e+05 5.691077e+05 5.877968e+05
3.081671e+05 3.081671e+05 3.081671e+05 3.081672e+05 3.081678e+05 3.081854e+05 3.082402e+05 3.085497e+05 3.093159e+05 3.114505e+05 3.222404e+05 3.394110e+05 3.562263e+05 3.693707e+05 3.789849e+05 3.861016e+05 3.916032e+05 4.091905e+05 4.215187e+05 4.322051e+05 4.425896e+05 4.534963e+05 4.651408e+05 4.895311e+05 5.130480e+05 5.345788e+05 5.544995e+05 5.733926e+05 5.915574e+05
3.113047e+05 3.113047e+05 3.113047e+05 3.113051e+05 3.113063e+05 3.113420e+05 3.114389e+05 3.118596e+05 3.127120e+05 3.149977e+05 3.263803e+05 3.443713e+05 3.618969e+05 3.755180e+05 3.854196e+05 3.927053e+05 3.983088e+05 4.160861e+05 4.284713e+05 4.391051e+05 4.492973e+05 4.599075e+05 4.712284e+05 4.951237e+05 5.183829e+05 5.396841e+05 5.592643e+05 5.777084e+05 5.953678e+05
3.164198e+05 3.164198e+05 3.164198e+05 3.164198e+05 3.164201e+05 3.164278e+05 3.164518e+05 3.166741e+05 3.174459e+05 3.197042e+05 3.312794e+05 3.497111e+05 3.676840e+05 3.816392e+05 3.917655e+05 3.992012e+05 4.049086e+05 4.229307e+05 4.353939e+05 4.459883e+05 4.560056e+05 4.663331e+05 4.773329e+05 5.007085e+05 5.236864e+05 5.447640e+05 5.640276e+05 5.820475e+05 5.992203e+05
3.217454e+05 3.217454e+05 3.217454e+05 3.217455e+05 3.217457e+05 3.217513e+05 3.217687e+05 3.219451e+05 3.226807e+05 3.249166e+05 3.365663e+05 3.552305e+05 3.734771e+05 3.876696e+05 3.979838e+05 4.055667e+05 4.113905e+05 4.297286e+05 4.422901e+05 4.528556e+05 4.627127e+05 4.727710e+05 4.834538e+05 5.062880e+05 5.289592e+05 5.498145e+05 5.687827e+05 5.864024e+05 6.031079e+05
3.270820e+05 3.270820e+05 3.270820e+05 3.270821e+05 3.270821e+05 3.270828e+05 3.270868e+05 3.272205e+05 3.279334e+05 3.301581e+05 3.418622e+05 3.606912e+05 3.791541e+05 3.935618e+05 4.040686e+05 4.118163e+05 4.177774e+05 4.364945e+05 4.491655e+05 4.597079e+05 4.694171e+05 4.792188e+05 4.895899e+05 5.118646e+05 5.342026e+05 5.548327e+05 5.735234e+05 5.907661e+05 6.070238e+05
3.321286e+05 3.321286e+05 3.321286e+05 3.321286e+05 3.321286e+05 3.321290e+05 3.321301e+05 3.322453e+05 3.329475e+05 3.351708e+05 3.469418e+05 3.659528e+05 3.846654e+05 3.993287e+05 4.100649e+05 4.180057e+05 4.241240e+05 4.432490e+05 4.560262e+05 4.665463e+05 4.761171e+05 4.856741e+05 4.957395e+05 5.174398e+05 5.394180e+05 5.598161e+05 5.782442e+05 5.951320e+05 6.109614e+05
3.367917e+05 3.367917e+05 3.367917e+05 3.367917e+05 3.367917e+05 3.367921e+05 3.367924e+05 3.368969e+05 3.375929e+05 3.398226e+05 3.517060e+05 3.709924e+05 3.900562e+05 4.050512e+05 4.160619e+05 4.242179e+05 4.305011e+05 4.500125e+05 4.628774e+05 4.733715e+05 4.828111e+05 4.921343e+05 5.019006e+05 5.230150e+05 5.446070e+05 5.647633e+05 5.829402e+05 5.994939e+05 6.149146e+05
3.410478e+05 3.410478e+05 3.410478e+05 3.410478e+05 3.410477e+05 3.410434e+05 3.410302e+05 3.410978e+05 3.417849e+05 3.440364e+05 3.561411e+05 3.758731e+05 3.954295e+05 4.108364e+05 4.221536e+05 4.305287e+05 4.369673e+05 4.567981e+05 4.697222e+05 4.801836e+05 4.894973e+05 4.985966e+05 5.080711e+05 5.285908e+05 5.497713e+05 5.696730e+05 5.876072e+05 6.038459e+05 6.188772e+05
3.446354e+05 3.446354e+05 3.446354e+05 3.446354e+05 3.446353e+05 3.446317e+05 3.446199e+05 3.446896e+05 3.453984e+05 3.477258e+05 3.602452e+05 3.806484e+05 4.008518e+05 4.167410e+05 4.283818e+05 4.369669e+05 4.435415e+05 4.636075e+05 4.765607e+05 4.869819e+05 4.961737e+05 5.050584e+05 5.142482e+05 5.341676e+05 5.549124e+05 5.745447e+05 5.922415e+05 6.081825e+05 6.228435e+05
3.476045e+05 3.476045e+05 3.476045e+05 3.476045e+05 3.476044e+05 3.476009e+05 3.475905e+05 3.476782e+05 3.484350e+05 3.508900e+05 3.640126e+05 3.853034e+05 4.062984e+05 4.227345e+05 4.347140e+05 4.435012e+05 4.501956e+05 4.704306e+05 4.833903e+05 4.937650e+05 5.028381e+05 5.115165e+05 5.204293e+05 5.397452e+05 5.600317e+05 5.793782e+05 5.968400e+05 6.124989e+05 6.268081e+05
3.500694e+05 3.500694e+05 3.500694e+05 3.500694e+05 3.500694e+05 3.500684e+05 3.500656e+05 3.502058e+05 3.510485e+05 3.536848e+05 3.675515e+05 3.898650e+05 4.117357e+05 4.287545e+05 4.410812e+05 4.500669e+05 4.568737e+05 4.772506e+05 4.902066e+05 5.005311e+05 5.094883e+05 5.179681e+05 5.266114e+05 5.453228e+05 5.651305e+05 5.841736e+05 6.014002e+05 6.167904e+05 6.307656e+05
3.522494e+05 3.522494e+05 3.522494e+05 3.522497e+05 3.522507e+05 3.522788e+05 3.523497e+05 3.527207e+05 3.537274e+05 3.565999e+05 3.712391e+05 3.945297e+05 4.172190e+05 4.347801e+05 4.474312e+05 4.566049e+05 4.635208e+05 4.840495e+05 4.970051e+05 5.072781e+05 5.161220e+05 5.244102e+05 5.327914e+05 5.508994e+05 5.702098e+05 5.889312e+05 6.059199e+05 6.210530e+05 6.347111e+05
3.558804e+05 3.558804e+05 3.558804e+05 3.558808e+05 3.558817e+05 3.559129e+05 3.560034e+05 3.564464e+05 3.575157e+05 3.605033e+05 3.756108e+05 3.995672e+05 4.228498e+05 4.408254e+05 4.537401e+05 4.630789e+05 4.701002e+05 4.908148e+05 5.037825e+05 5.140044e+05 5.227369e+05 5.308398e+05 5.389662e+05 5.564737e+05 5.752702e+05 5.936516e+05 6.103975e+05 6.252829e+05 6.386399e+05
3.614066e+05 3.614066e+05 3.614066e+05 3.614067e+05 3.614068e+05 3.614122e+05 3.614302e+05 3.616724e+05 3.626518e+05 3.655878e+05 3.807802e+05 4.050286e+05 4.286393e+05 4.468813e+05 4.599915e+05 4.694717e+05 4.765967e+05 4.975426e+05 5.105373e+05 5.207087e+05 5.293310e+05 5.372539e+05 5.451324e+05 5.620440e+05 5.803124e+05 5.983352e+05 6.148318e+05 6.294769e+05 6.425478e+05
3.671453e+05 3.671453e+05 3.671453e+05 3.671453e+05 3.671453e+05 3.671480e+05 3.671567e+05 3.673367e+05 3.682656e+05 3.711556e+05 3.863320e+05 4.106913e+05 4.344779e+05 4.528995e+05 4.661688e+05 4.757826e+05 4.830166e+05 5.042380e+05 5.172704e+05 5.273899e+05 5.359022e+05 5.436495e+05 5.512868e+05 5.676082e+05 5.853364e+05 6.029828e+05 6.192219e+05 6.336321e+05 6.464305e+05
3.727403e+05 3.727403e+05 3.727403e+05 3.727403e+05 3.727403e+05 3.727410e+05 3.727429e+05 3.728940e+05 3.738026e+05 3.766747e+05 3.918560e+05 4.163048e+05 4.402444e+05 4.588395e+05 4.722743e+05 4.820330e+05 4.893878e+05 5.109135e+05 5.239839e+05 5.340474e+05 5.424486e+05 5.500238e+05 5.574261e+05 5.731640e+05 5.903421e+05 6.075948e+05 6.235670e+05 6.377462e+05 6.502845e+05
3.780144e+05 3.780144e+05 3.780144e+05 3.780144e+05 3.780144e+05 3.780136e+05 3.780113e+05 3.781474e+05 3.790471e+05 3.819157e+05 3.971424e+05 4.217389e+05 4.458935e+05 4.647122e+05 4.783463e+05 4.882698e+05 4.957556e+05 5.175839e+05 5.306807e+05 5.406806e+05 5.489680e+05 5.563739e+05 5.635467e+05 5.787091e+05 5.953293e+05 6.121720e+05 6.278670e+05 6.418169e+05 6.541062e+05
3.828971e+05 3.828971e+05 3.828971e+05 3.828971e+05 3.828970e+05 3.828961e+05 3.828916e+05 3.830117e+05 3.839030e+05 3.867766e+05 4.021139e+05 4.269769e+05 4.514600e+05 4.705775e+05 4.844492e+05 4.945517e+05 5.021690e+05 5.242618e+05 5.373624e+05 5.472884e+05 5.554584e+05 5.626967e+05 5.696455e+05 5.842407e+05 6.002973e+05 6.167148e+05 6.321215e+05 6.458425e+05 6.578927e+05
3.873085e+05 3.873085e+05 3.873085e+05 3.873084e+05 3.873083e+05 3.873036e+05 3.872891e+05 3.873830e+05 3.882724e+05 3.911765e+05 4.067522e+05 4.320612e+05 4.570131e+05 4.765041e+05 4.906407e+05 5.009231e+05 5.086611e+05 5.309530e+05 5.440291e+05 5.538694e+05 5.619175e+05 5.689893e+05 5.757188e+05 5.897560e+05 6.052451e+05 6.212236e+05 6.363305e+05 6.498216e+05 6.616410e+05
3.910545e+05 3.910545e+05 3.910545e+05 3.910544e+05 3.910543e+05 3.910509e+05 3.910411e+05 3.911555e+05 3.920803e+05 3.950742e+05 4.110802e+05 4.370438e+05 4.626006e+05 4.825244e+05 4.969385e+05 5.073918e+05 5.152335e+05 5.376544e+05 5.506788e+05 5.604216e+05 5.683428e+05 5.752487e+05 5.817634e+05 5.952521e+05 6.101717e+05 6.256985e+05 6.404942e+05 6.537529e+05 6.653488e+05
3.943006e+05 3.943006e+05 3.943006e+05 3.943006e+05 3.943006e+05 3.942996e+05 3.942968e+05 3.944586e+05 3.954561e+05 3.985993e+05 4.152055e+05 4.419842e+05 4.682367e+05 4.886243e+05 5.033154e+05 5.139271e+05 5.218572e+05 5.443553e+05 5.573074e+05 5.669422e+05 5.747316e+05 5.814718e+05 5.877756e+05 6.007259e+05 6.150757e+05 6.301399e+05 6.446127e+05 6.576357e+05 6.690137e+05
3.972681e+05 3.972681e+05 3.972682e+05 3.972684e+05 3.972691e+05 3.972905e+05 3.973442e+05 3.976851e+05 3.988160e+05 4.021576e+05 4.194208e+05 4.470223e+05 4.739518e+05 4.947785e+05 5.097257e+05 5.204803e+05 5.284881e+05 5.510413e+05 5.639098e+05 5.734281e+05 5.810810e+05 5.876553e+05 5.937522e+05 6.061743e+05 6.199556e+05 6.345477e+05 6.486864e+05 6.614692e+05 6.726340e+05
4.012859e+05 4.012859e+05 4.012859e+05 4.012862e+05 4.012869e+05 4.013107e+05 4.013839e+05 4.018099e+05 4.030106e+05 4.064685e+05 4.241690e+05 4.523636e+05 4.798038e+05 5.009742e+05 5.161299e+05 5.270068e+05 5.350853e+05 5.576987e+05 5.704810e+05 5.798759e+05 5.873879e+05 5.937961e+05 5.996895e+05 6.115941e+05 6.248098e+05 6.389217e+05 6.527154e+05 6.652529e+05 6.762079e+05
4.069549e+05 4.069549e+05 4.069549e+05 4.069549e+05 4.069550e+05 4.069583e+05 4.069755e+05 4.072469e+05 4.083804e+05 4.118054e+05 4.296038e+05 4.580678e+05 4.857944e+05 5.071866e+05 5.224958e+05 5.334755e+05 5.416219e+05 5.643182e+05 5.770160e+05 5.862820e+05 5.936490e+05 5.998908e+05 6.055842e+05 6.169822e+05 6.296363e+05 6.432616e+05 6.567000e+05 6.689865e+05 6.797341e+05
4.129603e+05 4.129603e+05 4.129603e+05 4.129603e+05 4.129604e+05 4.129632e+05 4.129716e+05 4.131735e+05 4.142547e+05 4.176326e+05 4.354067e+05 4.639590e+05 4.918294e+05 5.133652e+05 5.287959e+05 5.398713e+05 5.480895e+05 5.708964e+05 5.835110e+05 5.926430e+05 5.998611e+05 6.059362e+05 6.114327e+05 6.223352e+05 6.344333e+05 6.475671e+05 6.606406e+05 6.726699e+05 6.832114e+05
4.188462e+05 4.188462e+05 4.188462e+05 4.188462e+05 4.188462e+05 4.188464e+05 4.188473e+05 4.190229e+05 4.200845e+05 4.234421e+05 4.412026e+05 4.698115e+05 4.977965e+05 5.194657e+05 5.350210e+05 5.462002e+05 5.544985e+05 5.774345e+05 5.899626e+05 5.989549e+05 6.060206e+05 6.119288e+05 6.172317e+05 6.276499e+05 6.391988e+05 6.518375e+05 6.645373e+05 6.763031e+05 6.866388e+05
4.244575e+05 4.244575e+05 4.244575e+05 4.244575e+05 4.244575e+05 4.244576e+05 4.244572e+05 4.246170e+05 4.256643e+05 4.290093e+05 4.467835e+05 4.754947e+05 5.036441e+05 5.254860e+05 5.411916e+05 5.524891e+05 5.608747e+05 5.839358e+05 5.963675e+05 6.052140e+05 6.121241e+05 6.178653e+05 6.229778e+05 6.329232e+05 6.439304e+05 6.560722e+05 6.683903e+05 6.798861e+05 6.900157e+05
4.297257e+05 4.297257e+05 4.297257e+05 4.297256e+05 4.297255e+05 4.297205e+05 4.297057e+05 4.298241e+05 4.308529e+05 4.341930e+05 4.520486e+05 4.809753e+05 5.093889e+05 5.314650e+05 5.473497e+05 5.587747e+05 5.672464e+05 5.904016e+05 6.027218e+05 6.114161e+05 6.181679e+05 6.237424e+05 6.286677e+05 6.381519e+05 6.486262e+05 6.602705e+05 6.721999e+05 6.834191e+05 6.933414e+05
4.343527e+05 4.343527e+05 4.343527e+05 4.343526e+05 4.343525e+05 4.343474e+05 4.343317e+05 4.344457e+05 4.354834e+05 4.388627e+05 4.569501e+05 4.862688e+05 5.150718e+05 5.374442e+05 5.535287e+05 5.650805e+05 5.736288e+05 5.968288e+05 6.090204e+05 6.175571e+05 6.241485e+05 6.295568e+05 6.342981e+05 6.433329e+05 6.532838e+05 6.644313e+05 6.759661e+05 6.869022e+05 6.966156e+05
4.383246e+05 4.383246e+05 4.383246e+05 4.383246e+05 4.383245e+05 4.383230e+05 4.383172e+05 4.384643e+05 4.395431e+05 4.430135e+05 4.615012e+05 4.913953e+05 5.207075e+05 5.434291e+05 5.597260e+05 5.713989e+05 5.800113e+05 6.032081e+05 6.152572e+05 6.236325e+05 6.300622e+05 6.353051e+05 6.398659e+05 6.484631e+05 6.579010e+05 6.685539e+05 6.796889e+05 6.903358e+05 6.998380e+05
4.418906e+05 4.418906e+05 4.418906e+05 4.418906e+05 4.418906e+05 4.418890e+05 4.418847e+05 4.420678e+05 4.432092e+05 4.468087e+05 4.658125e+05 4.964002e+05 5.262946e+05 5.493942e+05 5.659074e+05 5.776946e+05 5.863619e+05 6.095256e+05 6.214257e+05 6.296379e+05 6.359055e+05 6.409843e+05 6.453679e+05 6.535397e+05 6.624756e+05 6.726370e+05 6.833684e+05 6.937202e+05 7.030085e+05
4.451983e+05 4.451983e+05 4.451983e+05 4.451985e+05 4.451991e+05 4.452161e+05 4.452634e+05 4.456010e+05 4.468519e+05 4.506131e+05 4.701546e+05 5.014184e+05 5.318673e+05 5.553214e+05 5.720344e+05 5.839254e+05 5.926411e+05 6.157663e+05 6.275193e+05 6.355690e+05 6.416750e+05 6.465913e+05 6.508014e+05 6.585597e+05 6.670053e+05 6.766796e+05 6.870043e+05 6.970555e+05 7.061271e+05
4.494046e+05 4.494046e+05 4.494046e+05 4.494048e+05 4.494054e+05 4.494228e+05 4.494768e+05 4.498617e+05 4.511609e+05 4.550098e+05 4.748952e+05 5.066315e+05 5.374863e+05 5.612094e+05 5.780800e+05 5.900571e+05 5.988162e+05 6.219177e+05 6.335323e+05 6.414221e+05 6.473676e+05 6.521233e+05 6.561635e+05 6.635205e+05 6.714879e+05 6.806806e+05 6.905967e+05 7.003423e+05 7.091939e+05
4.548222e+05 4.548222e+05 4.548222e+05 4.548222e+05 4.548223e+05 4.548249e+05 4.548410e+05 4.551164e+05 4.563654e+05 4.601890e+05 4.801483e+05 5.120889e+05 5.431585e+05 5.670441e+05 5.840226e+05 5.960677e+05 6.048675e+05 6.279722e+05 6.394605e+05 6.471935e+05 6.529802e+05 6.575774e+05 6.614515e+05 6.684194e+05 6.759213e+05 6.846388e+05 6.941453e+05 7.035807e+05 7.122091e+05
4.605334e+05 4.605334e+05 4.605334e+05 4.605335e+05 4.605335e+05 4.605349e+05 4.605390e+05 4.607476e+05 4.619505e+05 4.657319e+05 4.856584e+05 5.176485e+05 5.488088e+05 5.727862e+05 5.898421e+05 6.019470e+05 6.107898e+05 6.339283e+05 6.453012e+05 6.528806e+05 6.585100e+05 6.629511e+05 6.666630e+05 6.732539e+05 6.803034e+05 6.885528e+05 6.976499e+05 7.067711e+05 7.151730e+05
4.660788e+05 4.660788e+05 4.660788e+05 4.660788e+05 4.660788e+05 4.660792e+05 4.660796e+05 4.662690e+05 4.674549e+05 4.712169e+05 4.911171e+05 5.231246e+05 5.543438e+05 5.783983e+05 5.955302e+05 6.077002e+05 6.165932e+05 6.397893e+05 6.510528e+05 6.584805e+05 6.639545e+05 6.682420e+05 6.717956e+05 6.780218e+05 6.846321e+05 6.924216e+05 7.011101e+05 7.099138e+05 7.180857e+05
4.713624e+05 4.713624e+05 4.713624e+05 4.713624e+05 4.713624e+05 4.713610e+05 4.713566e+05 4.715290e+05 4.727034e+05 4.764542e+05 4.963510e+05 5.284058e+05 5.597157e+05 5.838746e+05 6.011022e+05 6.133499e+05 6.223008e+05 6.455614e+05 6.567144e+05 6.639911e+05 6.693113e+05 6.734479e+05 6.768471e+05 6.827208e+05 6.889054e+05 6.962439e+05 7.045257e+05 7.130090e+05 7.209478e+05
4.762759e+05 4.762759e+05 4.762759e+05 4.762759e+05 4.762759e+05 4.762744e+05 4.762687e+05 4.764305e+05 4.775969e+05 4.813441e+05 5.012802e+05 5.334573e+05 5.649309e+05 5.892433e+05 6.065932e+05 6.189297e+05 6.279409e+05 6.512497e+05 6.622848e+05 6.694099e+05 6.745781e+05 6.785666e+05 6.818156e+05 6.873489e+05 6.931216e+05 7.000184e+05 7.078963e+05 7.160571e+05 7.237596e+05
4.807762e+05 4.807762e+05 4.807762e+05 4.807761e+05 4.807760e+05 4.807717e+05 4.807582e+05 4.808988e+05 4.820606e+05 4.858210e+05 5.058815e+05 5.383012e+05 5.700334e+05 5.945513e+05 6.120432e+05 6.244707e+05 6.335361e+05 6.568562e+05 6.677619e+05 6.747348e+05 6.797529e+05 6.835963e+05 6.866992e+05 6.919041e+05 6.972788e+05 7.037439e+05 7.112214e+05 7.190582e+05 7.265214e+05
4.847075e+05 4.847075e+05 4.847075e+05 4.847075e+05 4.847073e+05 4.847029e+05 4.846899e+05 4.848478e+05 4.860414e+05 4.898675e+05 5.102001e+05 5.430067e+05 5.750843e+05 5.998412e+05 6.174785e+05 6.299872e+05 6.390932e+05 6.623773e+05 6.731429e+05 6.799633e+05 6.848337e+05 6.885352e+05 6.914963e+05 6.963848e+05 7.013753e+05 7.074193e+05 7.145007e+05 7.220126e+05 7.292339e+05
4.881441e+05 4.881441e+05 4.881441e+05 4.881442e+05 4.881446e+05 4.881556e+05 4.881849e+05 4.884693e+05 4.897496e+05 4.936984e+05 5.144165e+05 5.476889e+05 5.801407e+05 6.051323e+05 6.228978e+05 6.354684e+05 6.445979e+05 6.678046e+05 6.784235e+05 6.850931e+05 6.898187e+05 6.933818e+05 6.962054e+05 7.007894e+05 7.054096e+05 7.110435e+05 7.177336e+05 7.249204e+05 7.318973e+05
