5.840701e+08 3.457669e+08 2.706926e+08 1.449025e+08 1.106189e+08 6.144366e+07 5.123056e+07 4.550944e+07 4.444819e+07 4.383135e+07 4.325673e+07 4.305246e+07 4.294900e+07 4.285039e+07 4.273565e+07 4.261227e+07 4.249385e+07 4.215262e+07 4.180985e+07 4.098315e+07 4.002492e+07 3.959534e+07 4.017622e+07 4.520621e+07 5.575246e+07 7.163512e+07 9.215103e+07 1.161411e+08 1.421886e+08
5.912747e+07 5.912776e+07 5.912816e+07 5.908813e+07 5.876743e+07 5.368285e+07 4.883695e+07 4.488655e+07 4.406342e+07 4.358059e+07 4.314116e+07 4.299587e+07 4.291913e+07 4.283217e+07 4.272211e+07 4.260041e+07 4.248261e+07 4.214486e+07 4.180545e+07 4.097973e+07 4.002258e+07 3.959600e+07 4.018222e+07 4.522865e+07 5.579639e+07 7.170251e+07 9.224091e+07 1.162499e+08 1.423110e+08
4.946825e+07 4.946837e+07 4.946868e+07 4.947180e+07 4.945652e+07 4.867741e+07 4.646206e+07 4.417025e+07 4.362741e+07 4.330076e+07 4.301519e+07 4.293475e+07 4.288651e+07 4.281167e+07 4.270638e+07 4.258645e+07 4.246941e+07 4.213610e+07 4.180055e+07 4.097597e+07 4.002000e+07 3.959655e+07 4.018823e+07 4.525140e+07 5.584085e+07 7.177062e+07 9.233162e+07 1.163595e+08 1.424342e+08
4.588487e+07 4.588494e+07 4.588514e+07 4.588876e+07 4.589214e+07 4.541394e+07 4.515118e+07 4.344749e+07 4.316573e+07 4.300117e+07 4.288044e+07 4.286922e+07 4.285084e+07 4.278847e+07 4.268808e+07 4.257004e+07 4.245397e+07 4.212627e+07 4.179513e+07 4.097187e+07 4.001718e+07 3.959697e+07 4.019427e+07 4.527444e+07 5.588585e+07 7.183945e+07 9.242317e+07 1.164701e+08 1.425583e+08
4.406457e+07 4.406461e+07 4.406473e+07 4.406759e+07 4.407294e+07 4.383574e+07 4.386524e+07 4.296269e+07 4.274442e+07 4.270382e+07 4.274006e+07 4.279945e+07 4.281169e+07 4.276205e+07 4.266672e+07 4.255079e+07 4.243596e+07 4.211528e+07 4.178915e+07 4.096739e+07 4.001409e+07 3.959726e+07 4.020031e+07 4.529778e+07 5.593139e+07 7.190901e+07 9.251556e+07 1.165815e+08 1.426832e+08
4.303221e+07 4.303224e+07 4.303233e+07 4.303461e+07 4.303970e+07 4.295876e+07 4.285284e+07 4.280466e+07 4.251878e+07 4.246033e+07 4.260209e+07 4.272659e+07 4.276878e+07 4.273185e+07 4.264176e+07 4.252826e+07 4.241505e+07 4.210306e+07 4.178258e+07 4.096253e+07 4.001074e+07 3.959742e+07 4.020637e+07 4.532142e+07 5.597748e+07 7.197930e+07 9.260879e+07 1.166939e+08 1.428091e+08
4.243335e+07 4.243338e+07 4.243344e+07 4.243525e+07 4.243970e+07 4.243264e+07 4.226388e+07 4.268976e+07 4.250867e+07 4.237540e+07 4.248384e+07 4.265404e+07 4.272244e+07 4.269748e+07 4.261271e+07 4.250199e+07 4.239088e+07 4.208950e+07 4.177539e+07 4.095726e+07 4.000711e+07 3.959743e+07 4.021243e+07 4.534536e+07 5.602413e+07 7.205033e+07 9.270288e+07 1.168071e+08 1.429358e+08
4.209864e+07 4.209866e+07 4.209871e+07 4.210018e+07 4.210399e+07 4.212838e+07 4.198073e+07 4.252025e+07 4.254546e+07 4.244116e+07 4.241746e+07 4.258898e+07 4.267418e+07 4.265897e+07 4.257921e+07 4.247161e+07 4.236312e+07 4.207452e+07 4.176754e+07 4.095155e+07 4.000318e+07 3.959729e+07 4.021850e+07 4.536960e+07 5.607132e+07 7.212209e+07 9.279782e+07 1.169212e+08 1.430633e+08
4.193467e+07 4.193469e+07 4.193473e+07 4.193597e+07 4.193924e+07 4.197580e+07 4.187733e+07 4.233109e+07 4.254866e+07 4.254989e+07 4.245593e+07 4.254400e+07 4.262733e+07 4.261700e+07 4.254120e+07 4.243685e+07 4.233148e+07 4.205804e+07 4.175901e+07 4.094540e+07 3.999895e+07 3.959699e+07 4.022457e+07 4.539415e+07 5.611907e+07 7.219460e+07 9.289362e+07 1.170362e+08 1.431918e+08
4.188503e+07 4.188504e+07 4.188508e+07 4.188612e+07 4.188892e+07 4.192900e+07 4.187719e+07 4.218255e+07 4.251063e+07 4.264140e+07 4.257533e+07 4.254034e+07 4.258767e+07 4.257326e+07 4.249904e+07 4.239766e+07 4.229583e+07 4.203997e+07 4.174974e+07 4.093878e+07 3.999439e+07 3.959653e+07 4.023063e+07 4.541901e+07 5.616738e+07 7.226786e+07 9.299028e+07 1.171522e+08 1.433211e+08
4.191336e+07 4.191337e+07 4.191340e+07 4.191427e+07 4.191665e+07 4.195630e+07 4.193957e+07 4.210759e+07 4.245939e+07 4.269541e+07 4.272448e+07 4.260606e+07 4.256430e+07 4.253073e+07 4.245369e+07 4.235428e+07 4.225614e+07 4.202025e+07 4.173972e+07 4.093166e+07 3.998949e+07 3.959589e+07 4.023669e+07 4.544417e+07 5.621626e+07 7.234187e+07 9.308780e+07 1.172690e+08 1.434513e+08
4.259315e+07 4.259315e+07 4.259317e+07 4.259362e+07 4.259489e+07 4.262258e+07 4.266160e+07 4.261802e+07 4.266612e+07 4.282594e+07 4.316754e+07 4.315854e+07 4.287688e+07 4.254581e+07 4.228049e+07 4.211605e+07 4.201517e+07 4.189614e+07 4.167715e+07 4.088786e+07 3.995945e+07 3.958976e+07 4.026672e+07 4.557462e+07 5.646922e+07 7.272333e+07 9.358855e+07 1.178669e+08 1.441158e+08
4.354265e+07 4.354265e+07 4.354266e+07 4.354294e+07 4.354376e+07 4.356347e+07 4.359347e+07 4.347896e+07 4.333247e+07 4.319931e+07 4.310513e+07 4.310656e+07 4.297811e+07 4.269917e+07 4.236963e+07 4.207779e+07 4.186543e+07 4.173860e+07 4.159269e+07 4.082854e+07 3.991877e+07 3.957794e+07 4.029593e+07 4.571288e+07 5.673675e+07 7.312418e+07 9.411150e+07 1.184879e+08 1.448028e+08
4.384796e+07 4.384796e+07 4.384796e+07 4.384795e+07 4.384787e+07 4.383625e+07 4.376480e+07 4.348092e+07 4.328327e+07 4.306867e+07 4.271239e+07 4.254777e+07 4.248925e+07 4.240677e+07 4.225533e+07 4.206299e+07 4.187609e+07 4.159125e+07 4.148995e+07 4.075215e+07 3.986580e+07 3.955937e+07 4.032377e+07 4.585904e+07 5.701923e+07 7.354487e+07 9.465710e+07 1.191324e+08 1.455124e+08
4.248395e+07 4.248395e+07 4.248396e+07 4.248401e+07 4.248414e+07 4.248634e+07 4.248572e+07 4.243024e+07 4.235592e+07 4.224894e+07 4.199520e+07 4.181482e+07 4.176749e+07 4.180080e+07 4.183760e+07 4.183593e+07 4.179451e+07 4.155699e+07 4.138275e+07 4.065961e+07 3.979958e+07 3.953319e+07 4.034979e+07 4.601320e+07 5.731700e+07 7.398584e+07 9.522574e+07 1.198007e+08 1.462449e+08
4.142214e+07 4.142214e+07 4.142214e+07 4.142220e+07 4.142235e+07 4.142601e+07 4.143284e+07 4.143351e+07 4.141604e+07 4.138038e+07 4.126246e+07 4.114856e+07 4.111971e+07 4.119193e+07 4.132468e+07 4.146454e+07 4.157515e+07 4.163315e+07 4.130032e+07 4.055573e+07 3.972044e+07 3.949907e+07 4.037372e+07 4.617548e+07 5.763041e+07 7.444748e+07 9.581780e+07 1.204931e+08 1.470004e+08
4.069727e+07 4.069727e+07 4.069727e+07 4.069733e+07 4.069751e+07 4.070210e+07 4.071301e+07 4.073784e+07 4.074476e+07 4.074369e+07 4.071335e+07 4.066997e+07 4.066943e+07 4.074950e+07 4.090570e+07 4.110418e+07 4.130483e+07 4.172003e+07 4.129261e+07 4.045078e+07 3.963060e+07 3.945742e+07 4.039567e+07 4.634609e+07 5.795980e+07 7.493019e+07 9.643362e+07 1.212098e+08 1.477792e+08
4.028475e+07 4.028475e+07 4.028476e+07 4.028481e+07 4.028498e+07 4.028957e+07 4.030154e+07 4.033691e+07 4.035567e+07 4.037221e+07 4.039322e+07 4.040349e+07 4.043183e+07 4.051173e+07 4.065670e+07 4.085498e+07 4.107910e+07 4.176301e+07 4.133452e+07 4.036347e+07 3.953484e+07 3.940976e+07 4.041624e+07 4.652537e+07 5.830555e+07 7.543436e+07 9.707354e+07 1.219511e+08 1.485813e+08
4.013118e+07 4.013118e+07 4.013118e+07 4.013123e+07 4.013140e+07 4.013611e+07 4.014902e+07 4.019073e+07 4.021591e+07 4.024170e+07 4.029026e+07 4.033305e+07 4.038115e+07 4.045630e+07 4.057609e+07 4.074329e+07 4.094545e+07 4.174341e+07 4.137425e+07 4.031904e+07 3.944126e+07 3.935899e+07 4.043672e+07 4.671384e+07 5.866811e+07 7.596038e+07 9.773786e+07 1.227172e+08 1.494067e+08
4.020086e+07 4.020086e+07 4.020086e+07 4.020091e+07 4.020107e+07 4.020572e+07 4.021885e+07 4.026281e+07 4.028959e+07 4.031734e+07 4.037241e+07 4.042454e+07 4.047620e+07 4.053849e+07 4.062615e+07 4.074852e+07 4.090440e+07 4.166557e+07 4.137686e+07 4.029355e+07 3.936393e+07 3.930973e+07 4.045924e+07 4.691231e+07 5.904799e+07 7.650865e+07 9.842689e+07 1.235081e+08 1.502555e+08
4.046261e+07 4.046261e+07 4.046261e+07 4.046266e+07 4.046282e+07 4.046733e+07 4.047893e+07 4.050988e+07 4.052746e+07 4.054604e+07 4.058543e+07 4.062557e+07 4.066405e+07 4.070397e+07 4.075502e+07 4.082784e+07 4.092774e+07 4.154146e+07 4.132099e+07 4.025993e+07 3.931549e+07 3.926891e+07 4.048694e+07 4.712190e+07 5.944585e+07 7.707963e+07 9.914092e+07 1.243242e+08 1.511278e+08
4.079391e+07 4.079391e+07 4.079391e+07 4.079393e+07 4.079402e+07 4.079603e+07 4.079933e+07 4.081030e+07 4.081880e+07 4.082858e+07 4.084961e+07 4.086947e+07 4.088473e+07 4.089538e+07 4.090765e+07 4.093138e+07 4.097485e+07 4.138029e+07 4.119768e+07 4.019892e+07 3.927851e+07 3.924817e+07 4.052422e+07 4.734411e+07 5.986246e+07 7.767383e+07 9.988026e+07 1.251655e+08 1.520236e+08
4.105041e+07 4.105042e+07 4.105042e+07 4.105045e+07 4.105054e+07 4.105328e+07 4.106099e+07 4.108333e+07 4.109306e+07 4.109977e+07 4.110362e+07 4.109698e+07 4.108145e+07 4.105825e+07 4.103193e+07 4.101074e+07 4.100333e+07 4.118527e+07 4.100744e+07 4.009759e+07 3.923845e+07 3.925300e+07 4.057731e+07 4.758093e+07 6.029883e+07 7.829181e+07 1.006453e+08 1.260322e+08 1.529427e+08
4.136995e+07 4.136995e+07 4.136995e+07 4.136996e+07 4.136998e+07 4.137072e+07 4.137112e+07 4.136071e+07 4.134954e+07 4.133473e+07 4.129635e+07 4.125020e+07 4.119849e+07 4.114149e+07 4.108136e+07 4.102369e+07 4.097574e+07 4.095477e+07 4.075653e+07 3.994920e+07 3.918470e+07 3.927150e+07 4.065617e+07 4.783487e+07 6.075615e+07 7.893427e+07 1.014363e+08 1.269244e+08 1.538853e+08
4.151408e+07 4.151408e+07 4.151408e+07 4.151406e+07 4.151400e+07 4.151139e+07 4.150093e+07 4.145944e+07 4.143159e+07 4.140036e+07 4.133111e+07 4.125734e+07 4.118113e+07 4.110201e+07 4.102038e+07 4.093955e+07 4.086505e+07 4.068532e+07 4.045379e+07 3.975249e+07 3.910981e+07 3.929519e+07 4.076210e+07 4.810912e+07 6.123591e+07 7.960200e+07 1.022537e+08 1.278423e+08 1.548511e+08
4.130102e+07 4.130102e+07 4.130102e+07 4.130101e+07 4.130098e+07 4.129975e+07 4.129453e+07 4.126794e+07 4.124637e+07 4.121992e+07 4.115597e+07 4.108299e+07 4.100461e+07 4.092152e+07 4.083423e+07 4.074521e+07 4.065884e+07 4.037428e+07 4.010847e+07 3.951048e+07 3.900938e+07 3.931772e+07 4.088687e+07 4.840778e+07 6.173990e+07 8.029594e+07 1.030981e+08 1.287860e+08 1.558403e+08
4.091388e+07 4.091388e+07 4.091388e+07 4.091388e+07 4.091387e+07 4.091341e+07 4.091017e+07 4.089293e+07 4.087888e+07 4.086096e+07 4.081416e+07 4.075556e+07 4.068809e+07 4.061311e+07 4.053163e+07 4.044584e+07 4.035933e+07 4.002133e+07 3.972917e+07 3.922899e+07 3.888193e+07 3.933443e+07 4.102501e+07 4.873651e+07 6.227028e+07 8.101723e+07 1.039699e+08 1.297558e+08 1.568527e+08
4.043455e+07 4.043455e+07 4.043455e+07 4.043456e+07 4.043457e+07 4.043478e+07 4.043459e+07 4.042894e+07 4.042132e+07 4.040965e+07 4.037465e+07 4.032712e+07 4.027029e+07 4.020574e+07 4.013436e+07 4.005769e+07 3.997829e+07 3.962864e+07 3.932339e+07 3.891526e+07 3.872840e+07 3.934227e+07 4.117232e+07 4.910279e+07 6.282965e+07 8.176717e+07 1.048699e+08 1.307518e+08 1.578884e+08
3.996716e+07 3.996716e+07 3.996716e+07 3.996716e+07 3.996715e+07 3.996636e+07 3.996268e+07 3.994622e+07 3.993344e+07 3.991767e+07 3.987850e+07 3.983207e+07 3.978069e+07 3.972478e+07 3.966411e+07 3.959898e+07 3.953062e+07 3.920033e+07 3.889747e+07 3.857688e+07 3.855165e+07 3.933975e+07 4.132558e+07 4.950363e+07 6.342119e+07 8.254731e+07 1.057988e+08 1.317745e+08 1.589472e+08
3.942552e+07 3.942552e+07 3.942552e+07 3.942550e+07 3.942546e+07 3.942389e+07 3.941850e+07 3.939631e+07 3.938055e+07 3.936241e+07 3.932136e+07 3.927741e+07 3.923252e+07 3.918631e+07 3.913763e+07 3.908574e+07 3.903078e+07 3.874166e+07 3.845672e+07 3.822103e+07 3.835580e+07 3.932681e+07 4.148249e+07 4.993469e+07 6.404894e+07 8.335948e+07 1.067575e+08 1.328241e+08 1.600293e+08
3.877349e+07 3.877349e+07 3.877349e+07 3.877348e+07 3.877347e+07 3.877269e+07 3.876988e+07 3.875710e+07 3.874686e+07 3.873424e+07 3.870402e+07 3.867108e+07 3.863800e+07 3.860466e+07 3.856986e+07 3.853254e+07 3.849230e+07 3.825845e+07 3.800561e+07 3.785415e+07 3.814565e+07 3.930459e+07 4.164165e+07 5.039298e+07 6.471888e+07 8.420582e+07 1.077471e+08 1.339011e+08 1.611347e+08
3.809618e+07 3.809618e+07 3.809618e+07 3.809618e+07 3.809617e+07 3.809583e+07 3.809466e+07 3.808903e+07 3.808379e+07 3.807672e+07 3.805840e+07 3.803787e+07 3.801758e+07 3.799753e+07 3.797657e+07 3.795359e+07 3.792793e+07 3.775651e+07 3.754790e+07 3.748171e+07 3.792619e+07 3.927519e+07 4.180252e+07 5.087608e+07 6.543513e+07 8.508889e+07 1.087688e+08 1.350061e+08 1.622634e+08
3.744351e+07 3.744351e+07 3.744351e+07 3.744351e+07 3.744351e+07 3.744343e+07 3.744283e+07 3.743875e+07 3.743476e+07 3.742945e+07 3.741632e+07 3.740299e+07 3.739155e+07 3.738168e+07 3.737205e+07 3.736138e+07 3.734877e+07 3.724131e+07 3.708677e+07 3.710826e+07 3.770227e+07 3.924136e+07 4.196537e+07 5.138200e+07 6.619354e+07 8.601184e+07 1.098240e+08 1.361396e+08 1.634157e+08
3.682050e+07 3.682050e+07 3.682050e+07 3.682050e+07 3.682048e+07 3.681996e+07 3.681829e+07 3.681181e+07 3.680703e+07 3.680133e+07 3.678878e+07 3.677795e+07 3.677095e+07 3.676741e+07 3.676585e+07 3.676479e+07 3.676308e+07 3.671772e+07 3.662498e+07 3.673749e+07 3.747833e+07 3.920626e+07 4.213115e+07 5.190909e+07 6.699120e+07 8.697878e+07 1.109145e+08 1.373024e+08 1.645917e+08
3.620181e+07 3.620181e+07 3.620181e+07 3.620181e+07 3.620181e+07 3.620166e+07 3.620091e+07 3.619617e+07 3.619181e+07 3.618624e+07 3.617361e+07 3.616322e+07 3.615807e+07 3.615823e+07 3.616231e+07 3.616870e+07 3.617604e+07 3.618991e+07 3.616493e+07 3.637237e+07 3.725833e+07 3.917318e+07 4.230134e+07 5.245609e+07 6.782587e+07 8.799587e+07 1.120423e+08 1.384953e+08 1.657916e+08
3.560198e+07 3.560198e+07 3.560198e+07 3.560198e+07 3.560197e+07 3.560158e+07 3.560010e+07 3.559324e+07 3.558767e+07 3.558090e+07 3.556624e+07 3.555497e+07 3.555065e+07 3.555357e+07 3.556231e+07 3.557517e+07 3.559059e+07 3.566140e+07 3.570872e+07 3.601527e+07 3.704568e+07 3.914540e+07 4.247784e+07 5.302210e+07 6.869565e+07 8.906308e+07 1.132096e+08 1.397195e+08 1.670159e+08
3.500341e+07 3.500341e+07 3.500341e+07 3.500340e+07 3.500337e+07 3.500250e+07 3.499980e+07 3.498951e+07 3.498232e+07 3.497425e+07 3.495822e+07 3.494734e+07 3.494512e+07 3.495179e+07 3.496581e+07 3.498535e+07 3.500874e+07 3.513529e+07 3.525827e+07 3.566810e+07 3.684324e+07 3.912605e+07 4.266284e+07 5.360661e+07 6.959882e+07 9.017651e+07 1.144197e+08 1.409762e+08 1.682650e+08
3.437691e+07 3.437691e+07 3.437691e+07 3.437691e+07 3.437690e+07 3.437657e+07 3.437513e+07 3.436815e+07 3.436279e+07 3.435659e+07 3.434454e+07 3.433811e+07 3.434101e+07 3.435354e+07 3.437421e+07 3.440121e+07 3.443288e+07 3.461436e+07 3.481529e+07 3.533239e+07 3.665339e+07 3.911800e+07 4.285862e+07 5.420947e+07 7.053386e+07 9.133362e+07 1.156768e+08 1.422669e+08 1.695395e+08
3.374982e+07 3.374982e+07 3.374982e+07 3.374982e+07 3.374981e+07 3.374967e+07 3.374911e+07 3.374612e+07 3.374348e+07 3.374023e+07 3.373437e+07 3.373435e+07 3.374390e+07 3.376341e+07 3.379144e+07 3.382624e+07 3.386627e+07 3.410122e+07 3.438136e+07 3.500941e+07 3.647808e+07 3.912383e+07 4.306753e+07 5.483085e+07 7.149941e+07 9.253229e+07 1.169858e+08 1.435932e+08 1.708400e+08
3.314902e+07 3.314902e+07 3.314902e+07 3.314902e+07 3.314903e+07 3.314903e+07 3.314892e+07 3.314757e+07 3.314612e+07 3.314435e+07 3.314226e+07 3.314697e+07 3.316206e+07 3.318778e+07 3.322258e+07 3.326467e+07 3.331252e+07 3.359828e+07 3.395792e+07 3.470017e+07 3.631887e+07 3.914579e+07 4.329187e+07 5.547124e+07 7.249429e+07 9.377059e+07 1.183433e+08 1.449574e+08 1.721673e+08
3.258202e+07 3.258202e+07 3.258202e+07 3.258202e+07 3.258202e+07 3.258190e+07 3.258146e+07 3.257949e+07 3.257796e+07 3.257634e+07 3.257538e+07 3.258246e+07 3.260114e+07 3.263147e+07 3.267175e+07 3.272004e+07 3.277475e+07 3.310759e+07 3.354622e+07 3.440551e+07 3.617701e+07 3.918585e+07 4.353382e+07 5.613136e+07 7.351754e+07 9.504671e+07 1.197461e+08 1.463625e+08 1.735225e+08
3.203953e+07 3.203953e+07 3.203953e+07 3.203953e+07 3.203952e+07 3.203940e+07 3.203897e+07 3.203697e+07 3.203543e+07 3.203384e+07 3.203336e+07 3.204176e+07 3.206278e+07 3.209649e+07 3.214107e+07 3.219447e+07 3.225503e+07 3.263082e+07 3.314731e+07 3.412610e+07 3.605350e+07 3.924567e+07 4.379538e+07 5.681217e+07 7.456835e+07 9.635892e+07 1.211914e+08 1.478130e+08 1.749068e+08
3.151870e+07 3.151870e+07 3.151870e+07 3.151870e+07 3.151870e+07 3.151862e+07 3.151830e+07 3.151664e+07 3.151528e+07 3.151391e+07 3.151405e+07 3.152361e+07 3.154653e+07 3.158299e+07 3.163112e+07 3.168881e+07 3.175439e+07 3.216921e+07 3.276208e+07 3.386248e+07 3.594911e+07 3.932664e+07 4.407841e+07 5.751476e+07 7.564615e+07 9.770561e+07 1.226772e+08 1.493105e+08 1.763217e+08
3.101968e+07 3.101968e+07 3.101968e+07 3.101968e+07 3.101968e+07 3.101958e+07 3.101921e+07 3.101756e+07 3.101633e+07 3.101517e+07 3.101603e+07 3.102679e+07 3.105154e+07 3.109048e+07 3.114176e+07 3.120323e+07 3.127320e+07 3.172359e+07 3.239118e+07 3.361507e+07 3.586443e+07 3.942990e+07 4.438456e+07 5.824033e+07 7.675053e+07 9.908522e+07 1.242011e+08 1.508506e+08 1.777692e+08
3.053984e+07 3.053984e+07 3.053984e+07 3.053984e+07 3.053984e+07 3.053979e+07 3.053958e+07 3.053841e+07 3.053749e+07 3.053668e+07 3.053848e+07 3.055059e+07 3.057719e+07 3.061853e+07 3.067272e+07 3.073760e+07 3.081151e+07 3.129443e+07 3.203509e+07 3.338416e+07 3.579990e+07 3.955642e+07 4.471527e+07 5.899015e+07 7.788127e+07 1.004963e+08 1.257612e+08 1.524301e+08 1.792521e+08
3.008068e+07 3.008068e+07 3.008068e+07 3.008068e+07 3.008068e+07 3.008066e+07 3.008052e+07 3.007971e+07 3.007906e+07 3.007861e+07 3.008136e+07 3.009484e+07 3.012328e+07 3.016690e+07 3.022379e+07 3.029177e+07 3.036922e+07 3.088196e+07 3.169409e+07 3.316995e+07 3.575586e+07 3.970695e+07 4.507181e+07 5.976550e+07 7.903832e+07 1.019376e+08 1.273555e+08 1.540464e+08 1.807749e+08
2.964241e+07 2.964241e+07 2.964241e+07 2.964241e+07 2.964241e+07 2.964241e+07 2.964234e+07 2.964181e+07 2.964140e+07 2.964126e+07 2.964488e+07 2.965962e+07 2.968975e+07 2.973545e+07 2.979478e+07 2.986553e+07 2.994611e+07 3.048616e+07 3.136831e+07 3.297256e+07 3.573254e+07 3.988209e+07 4.545526e+07 6.056765e+07 8.022176e+07 1.034077e+08 1.289819e+08 1.556970e+08 1.823354e+08
2.922488e+07 2.922488e+07 2.922488e+07 2.922488e+07 2.922489e+07 2.922491e+07 2.922492e+07 2.922472e+07 2.922455e+07 2.922470e+07 2.922910e+07 2.924495e+07 2.927654e+07 2.932405e+07 2.938547e+07 2.945860e+07 2.954187e+07 3.010684e+07 3.105774e+07 3.279202e+07 3.573007e+07 4.008234e+07 4.586655e+07 6.139783e+07 8.143180e+07 1.049057e+08 1.306386e+08 1.573795e+08 1.839294e+08
2.882847e+07 2.882847e+07 2.882847e+07 2.882847e+07 2.882847e+07 2.882851e+07 2.882856e+07 2.882858e+07 2.882859e+07 2.882896e+07 2.883396e+07 2.885067e+07 2.888341e+07 2.893235e+07 2.899546e+07 2.907052e+07 2.915604e+07 2.974365e+07 3.076224e+07 3.262829e+07 3.574854e+07 4.030804e+07 4.630643e+07 6.225717e+07 8.266874e+07 1.064305e+08 1.323237e+08 1.590918e+08 1.855539e+08
2.845290e+07 2.845290e+07 2.845290e+07 2.845290e+07 2.845290e+07 2.845293e+07 2.845301e+07 2.845312e+07 2.845320e+07 2.845368e+07 2.845902e+07 2.847627e+07 2.850978e+07 2.855974e+07 2.862409e+07 2.870063e+07 2.878793e+07 2.939609e+07 3.048156e+07 3.248128e+07 3.578798e+07 4.055948e+07 4.677555e+07 6.314674e+07 8.393296e+07 1.079812e+08 1.340354e+08 1.608314e+08 1.872061e+08
2.809702e+07 2.809702e+07 2.809702e+07 2.809702e+07 2.809702e+07 2.809706e+07 2.809712e+07 2.809723e+07 2.809732e+07 2.809782e+07 2.810325e+07 2.812074e+07 2.815467e+07 2.820525e+07 2.827043e+07 2.834803e+07 2.843669e+07 2.906354e+07 3.021540e+07 3.235083e+07 3.584836e+07 4.083685e+07 4.727441e+07 6.406751e+07 8.522488e+07 1.095571e+08 1.357720e+08 1.625962e+08 1.888837e+08
2.775920e+07 2.775920e+07 2.775920e+07 2.775920e+07 2.775920e+07 2.775923e+07 2.775929e+07 2.775935e+07 2.775939e+07 2.775984e+07 2.776517e+07 2.778265e+07 2.781672e+07 2.786760e+07 2.793328e+07 2.801160e+07 2.810127e+07 2.874531e+07 2.996334e+07 3.223675e+07 3.592963e+07 4.114026e+07 4.780341e+07 6.502031e+07 8.654494e+07 1.111575e+08 1.375317e+08 1.643840e+08 1.905840e+08
2.743784e+07 2.743784e+07 2.743784e+07 2.743784e+07 2.743784e+07 2.743784e+07 2.743781e+07 2.743760e+07 2.743751e+07 2.743781e+07 2.744292e+07 2.746026e+07 2.749432e+07 2.754534e+07 2.761131e+07 2.769010e+07 2.778054e+07 2.844063e+07 2.972494e+07 3.213882e+07 3.603170e+07 4.146979e+07 4.836283e+07 6.600588e+07 8.789359e+07 1.127818e+08 1.393130e+08 1.661927e+08 1.923047e+08
2.712970e+07 2.712970e+07 2.712970e+07 2.712970e+07 2.712970e+07 2.712969e+07 2.712965e+07 2.712939e+07 2.712925e+07 2.712951e+07 2.713453e+07 2.715182e+07 2.718590e+07 2.723701e+07 2.730317e+07 2.738232e+07 2.747336e+07 2.814872e+07 2.949972e+07 3.205678e+07 3.615445e+07 4.182546e+07 4.895289e+07 6.702484e+07 8.927124e+07 1.144294e+08 1.411144e+08 1.680200e+08 1.940434e+08
2.683341e+07 2.683341e+07 2.683341e+07 2.683341e+07 2.683341e+07 2.683342e+07 2.683341e+07 2.683324e+07 2.683315e+07 2.683347e+07 2.683859e+07 2.685597e+07 2.689015e+07 2.694139e+07 2.700773e+07 2.708715e+07 2.717870e+07 2.786881e+07 2.928718e+07 3.199036e+07 3.629775e+07 4.220722e+07 4.957371e+07 6.807766e+07 9.067827e+07 1.161000e+08 1.429344e+08 1.698640e+08 1.957977e+08
2.654887e+07 2.654887e+07 2.654887e+07 2.654887e+07 2.654887e+07 2.654888e+07 2.654888e+07 2.654877e+07 2.654872e+07 2.654909e+07 2.655434e+07 2.657187e+07 2.660618e+07 2.665755e+07 2.672404e+07 2.680369e+07 2.689565e+07 2.760014e+07 2.908680e+07 3.193927e+07 3.646144e+07 4.261503e+07 5.022534e+07 6.916473e+07 9.211502e+07 1.177932e+08 1.447717e+08 1.717226e+08 1.975655e+08
2.627552e+07 2.627552e+07 2.627552e+07 2.627552e+07 2.627552e+07 2.627554e+07 2.627555e+07 2.627547e+07 2.627547e+07 2.627588e+07 2.628125e+07 2.629890e+07 2.633333e+07 2.638479e+07 2.645136e+07 2.653113e+07 2.662341e+07 2.734199e+07 2.889807e+07 3.190319e+07 3.664534e+07 4.304877e+07 5.090778e+07 7.028631e+07 9.358174e+07 1.195085e+08 1.466250e+08 1.735938e+08 1.993443e+08
2.601288e+07 2.601288e+07 2.601288e+07 2.601288e+07 2.601288e+07 2.601289e+07 2.601291e+07 2.601287e+07 2.601289e+07 2.601335e+07 2.601881e+07 2.603654e+07 2.607101e+07 2.612247e+07 2.618901e+07 2.626880e+07 2.636126e+07 2.709365e+07 2.872046e+07 3.188182e+07 3.684926e+07 4.350831e+07 5.162094e+07 7.144252e+07 9.507861e+07 1.212457e+08 1.484931e+08 1.754757e+08 2.011318e+08
2.576045e+07 2.576045e+07 2.576045e+07 2.576045e+07 2.576045e+07 2.576047e+07 2.576049e+07 2.576049e+07 2.576054e+07 2.576102e+07 2.576652e+07 2.578425e+07 2.581866e+07 2.586999e+07 2.593635e+07 2.601601e+07 2.610852e+07 2.685444e+07 2.855347e+07 3.187483e+07 3.707300e+07 4.399350e+07 5.236469e+07 7.263342e+07 9.660574e+07 1.230043e+08 1.503748e+08 1.773665e+08 2.029260e+08
2.551784e+07 2.551784e+07 2.551784e+07 2.551784e+07 2.551784e+07 2.551786e+07 2.551787e+07 2.551786e+07 2.551790e+07 2.551837e+07 2.552383e+07 2.554146e+07 2.557567e+07 2.562670e+07 2.569272e+07 2.577206e+07 2.586446e+07 2.662371e+07 2.839660e+07 3.188191e+07 3.731633e+07 4.450413e+07 5.313885e+07 7.385891e+07 9.816312e+07 1.247841e+08 1.522691e+08 1.792644e+08 2.047247e+08
2.528428e+07 2.528428e+07 2.528428e+07 2.528428e+07 2.528428e+07 2.528429e+07 2.528430e+07 2.528425e+07 2.528426e+07 2.528470e+07 2.529004e+07 2.530744e+07 2.534129e+07 2.539186e+07 2.545736e+07 2.553622e+07 2.562835e+07 2.640078e+07 2.824934e+07 3.190273e+07 3.757904e+07 4.503998e+07 5.394317e+07 7.511884e+07 9.975066e+07 1.265847e+08 1.541750e+08 1.811676e+08 2.065256e+08
2.505897e+07 2.505897e+07 2.505897e+07 2.505897e+07 2.505897e+07 2.505897e+07 2.505897e+07 2.505885e+07 2.505881e+07 2.505917e+07 2.506428e+07 2.508131e+07 2.511466e+07 2.516461e+07 2.522943e+07 2.530766e+07 2.539939e+07 2.618502e+07 2.811121e+07 3.193697e+07 3.786087e+07 4.560081e+07 5.477738e+07 7.641293e+07 1.013682e+08 1.284056e+08 1.560913e+08 1.830746e+08 2.083267e+08
2.484104e+07 2.484104e+07 2.484104e+07 2.484104e+07 2.484104e+07 2.484102e+07 2.484096e+07 2.484065e+07 2.484048e+07 2.484070e+07 2.484545e+07 2.486201e+07 2.489475e+07 2.494397e+07 2.500800e+07 2.508552e+07 2.517676e+07 2.597579e+07 2.798176e+07 3.198430e+07 3.816158e+07 4.618634e+07 5.564113e+07 7.774082e+07 1.030153e+08 1.302465e+08 1.580173e+08 1.849837e+08 2.101261e+08
2.462866e+07 2.462866e+07 2.462866e+07 2.462866e+07 2.462866e+07 2.462863e+07 2.462852e+07 2.462803e+07 2.462774e+07 2.462781e+07 2.463222e+07 2.464832e+07 2.468044e+07 2.472892e+07 2.479216e+07 2.486892e+07 2.495967e+07 2.577248e+07 2.786053e+07 3.204441e+07 3.848089e+07 4.679627e+07 5.653405e+07 7.910205e+07 1.046918e+08 1.321068e+08 1.599518e+08 1.868935e+08 2.119217e+08
2.442020e+07 2.442020e+07 2.442020e+07 2.442020e+07 2.442020e+07 2.442017e+07 2.442005e+07 2.441951e+07 2.441918e+07 2.441919e+07 2.442340e+07 2.443914e+07 2.447075e+07 2.451856e+07 2.458104e+07 2.465709e+07 2.474738e+07 2.557455e+07 2.774710e+07 3.211698e+07 3.881853e+07 4.743027e+07 5.745573e+07 8.049609e+07 1.063970e+08 1.339859e+08 1.618941e+08 1.888024e+08 2.137118e+08
2.421518e+07 2.421518e+07 2.421518e+07 2.421518e+07 2.421518e+07 2.421515e+07 2.421502e+07 2.421447e+07 2.421412e+07 2.421412e+07 2.421823e+07 2.423374e+07 2.426494e+07 2.431218e+07 2.437398e+07 2.444939e+07 2.453927e+07 2.538147e+07 2.764106e+07 3.220171e+07 3.917420e+07 4.808799e+07 5.840569e+07 8.192232e+07 1.081305e+08 1.358833e+08 1.638432e+08 1.907091e+08 2.154943e+08
2.401327e+07 2.401327e+07 2.401327e+07 2.401327e+07 2.401327e+07 2.401324e+07 2.401312e+07 2.401257e+07 2.401224e+07 2.401224e+07 2.401633e+07 2.403169e+07 2.406256e+07 2.410931e+07 2.417051e+07 2.424532e+07 2.433484e+07 2.519280e+07 2.754204e+07 3.229829e+07 3.954762e+07 4.876905e+07 5.938343e+07 8.338006e+07 1.098914e+08 1.377982e+08 1.657981e+08 1.926122e+08 2.172677e+08
2.381436e+07 2.381436e+07 2.381436e+07 2.381436e+07 2.381436e+07 2.381433e+07 2.381421e+07 2.381371e+07 2.381340e+07 2.381343e+07 2.381754e+07 2.383279e+07 2.386338e+07 2.390966e+07 2.397028e+07 2.404453e+07 2.413373e+07 2.500813e+07 2.744968e+07 3.240641e+07 3.993846e+07 4.947304e+07 6.038841e+07 8.486853e+07 1.116790e+08 1.397299e+08 1.677580e+08 1.945104e+08 2.190302e+08
2.361854e+07 2.361854e+07 2.361854e+07 2.361854e+07 2.361854e+07 2.361851e+07 2.361841e+07 2.361795e+07 2.361766e+07 2.361772e+07 2.362182e+07 2.363695e+07 2.366723e+07 2.371303e+07 2.377305e+07 2.384672e+07 2.393560e+07 2.482710e+07 2.736367e+07 3.252580e+07 4.034641e+07 5.019954e+07 6.142006e+07 8.638691e+07 1.134925e+08 1.416776e+08 1.697219e+08 1.964025e+08 2.207802e+08
2.342594e+07 2.342594e+07 2.342594e+07 2.342594e+07 2.342594e+07 2.342591e+07 2.342580e+07 2.342534e+07 2.342505e+07 2.342509e+07 2.342914e+07 2.344407e+07 2.347398e+07 2.351923e+07 2.357859e+07 2.365164e+07 2.374018e+07 2.464939e+07 2.728371e+07 3.265615e+07 4.077112e+07 5.094810e+07 6.247775e+07 8.793429e+07 1.153308e+08 1.436403e+08 1.716888e+08 1.982871e+08 2.225161e+08
2.323629e+07 2.323629e+07 2.323629e+07 2.323629e+07 2.323629e+07 2.323626e+07 2.323615e+07 2.323565e+07 2.323534e+07 2.323535e+07 2.323927e+07 2.325393e+07 2.328338e+07 2.332799e+07 2.338663e+07 2.345901e+07 2.354718e+07 2.447468e+07 2.720950e+07 3.279720e+07 4.121226e+07 5.171822e+07 6.356083e+07 8.950971e+07 1.171929e+08 1.456170e+08 1.736577e+08 2.001631e+08 2.242365e+08
2.304928e+07 2.304928e+07 2.304928e+07 2.304928e+07 2.304928e+07 2.304923e+07 2.304910e+07 2.304851e+07 2.304815e+07 2.304810e+07 2.305182e+07 2.306615e+07 2.309507e+07 2.313899e+07 2.319683e+07 2.326849e+07 2.335628e+07 2.430270e+07 2.714081e+07 3.294866e+07 4.166946e+07 5.250941e+07 6.466861e+07 9.111216e+07 1.190777e+08 1.476067e+08 1.756276e+08 2.020294e+08 2.259398e+08
2.286411e+07 2.286411e+07 2.286411e+07 2.286411e+07 2.286411e+07 2.286406e+07 2.286391e+07 2.286328e+07 2.286287e+07 2.286275e+07 2.286628e+07 2.288025e+07 2.290862e+07 2.295181e+07 2.300884e+07 2.307976e+07 2.316715e+07 2.413319e+07 2.707738e+07 3.311027e+07 4.214238e+07 5.332116e+07 6.580038e+07 9.274055e+07 1.209840e+08 1.496083e+08 1.775974e+08 2.038846e+08 2.276246e+08
2.268033e+07 2.268033e+07 2.268033e+07 2.268033e+07 2.268032e+07 2.268027e+07 2.268011e+07 2.267941e+07 2.267895e+07 2.267878e+07 2.268213e+07 2.269575e+07 2.272357e+07 2.276604e+07 2.282226e+07 2.289245e+07 2.297948e+07 2.396592e+07 2.701900e+07 3.328178e+07 4.263062e+07 5.415291e+07 6.695539e+07 9.439376e+07 1.229105e+08 1.516205e+08 1.795659e+08 2.057277e+08 2.292898e+08
2.249739e+07 2.249739e+07 2.249739e+07 2.249739e+07 2.249739e+07 2.249733e+07 2.249716e+07 2.249643e+07 2.249594e+07 2.249573e+07 2.249892e+07 2.251223e+07 2.253954e+07 2.258132e+07 2.263676e+07 2.270627e+07 2.279299e+07 2.380070e+07 2.696548e+07 3.346291e+07 4.313382e+07 5.500410e+07 6.813285e+07 9.607062e+07 1.248557e+08 1.536420e+08 1.815320e+08 2.075575e+08 2.309338e+08
2.231501e+07 2.231501e+07 2.231501e+07 2.231501e+07 2.231501e+07 2.231496e+07 2.231477e+07 2.231400e+07 2.231350e+07 2.231326e+07 2.231632e+07 2.232936e+07 2.235621e+07 2.239735e+07 2.245208e+07 2.252097e+07 2.260744e+07 2.363733e+07 2.691665e+07 3.365344e+07 4.365158e+07 5.587415e+07 6.933195e+07 9.776988e+07 1.268184e+08 1.556715e+08 1.834945e+08 2.093729e+08 2.325556e+08
2.213292e+07 2.213292e+07 2.213292e+07 2.213292e+07 2.213291e+07 2.213286e+07 2.213267e+07 2.213188e+07 2.213137e+07 2.213111e+07 2.213410e+07 2.214692e+07 2.217336e+07 2.221394e+07 2.226802e+07 2.233636e+07 2.242268e+07 2.347571e+07 2.687234e+07 3.385311e+07 4.418351e+07 5.676245e+07 7.055187e+07 9.949029e+07 1.287970e+08 1.577075e+08 1.854522e+08 2.111726e+08 2.341539e+08
2.195095e+07 2.195095e+07 2.195095e+07 2.195095e+07 2.195094e+07 2.195089e+07 2.195071e+07 2.194994e+07 2.194944e+07 2.194919e+07 2.195213e+07 2.196479e+07 2.199090e+07 2.203098e+07 2.208449e+07 2.215236e+07 2.223862e+07 2.331572e+07 2.683243e+07 3.406168e+07 4.472920e+07 5.766839e+07 7.179173e+07 1.012305e+08 1.307900e+08 1.597486e+08 1.874037e+08 2.129556e+08 2.357275e+08
2.176921e+07 2.176921e+07 2.176921e+07 2.176921e+07 2.176921e+07 2.176915e+07 2.176897e+07 2.176821e+07 2.176772e+07 2.176749e+07 2.177045e+07 2.178300e+07 2.180884e+07 2.184849e+07 2.190149e+07 2.196896e+07 2.205522e+07 2.315731e+07 2.679678e+07 3.427892e+07 4.528825e+07 5.859134e+07 7.305065e+07 1.029892e+08 1.327958e+08 1.617932e+08 1.893477e+08 2.147206e+08 2.372753e+08
2.158768e+07 2.158768e+07 2.158768e+07 2.158768e+07 2.158768e+07 2.158763e+07 2.158748e+07 2.158681e+07 2.158637e+07 2.158619e+07 2.158920e+07 2.160170e+07 2.162730e+07 2.166656e+07 2.171909e+07 2.178620e+07 2.187252e+07 2.300044e+07 2.676529e+07 3.450460e+07 4.586022e+07 5.953063e+07 7.432773e+07 1.047651e+08 1.348127e+08 1.638396e+08 1.912827e+08 2.164664e+08 2.387961e+08
2.140698e+07 2.140698e+07 2.140698e+07 2.140697e+07 2.140697e+07 2.140693e+07 2.140677e+07 2.140614e+07 2.140573e+07 2.140559e+07 2.140866e+07 2.142109e+07 2.144646e+07 2.148533e+07 2.153739e+07 2.160416e+07 2.169058e+07 2.284508e+07 2.673786e+07 3.473849e+07 4.644470e+07 6.048560e+07 7.562203e+07 1.065565e+08 1.368390e+08 1.658862e+08 1.932074e+08 2.181919e+08 2.402889e+08
2.122721e+07 2.122721e+07 2.122721e+07 2.122721e+07 2.122720e+07 2.122716e+07 2.122703e+07 2.122645e+07 2.122608e+07 2.122597e+07 2.122906e+07 2.124139e+07 2.126650e+07 2.130494e+07 2.135652e+07 2.142293e+07 2.150946e+07 2.269122e+07 2.671441e+07 3.498035e+07 4.704125e+07 6.145557e+07 7.693260e+07 1.083622e+08 1.388730e+08 1.679313e+08 1.951203e+08 2.198958e+08 2.417526e+08
2.104873e+07 2.104873e+07 2.104873e+07 2.104873e+07 2.104873e+07 2.104869e+07 2.104856e+07 2.104801e+07 2.104765e+07 2.104754e+07 2.105058e+07 2.106273e+07 2.108750e+07 2.112546e+07 2.117652e+07 2.124256e+07 2.132919e+07 2.253885e+07 2.669484e+07 3.522996e+07 4.764944e+07 6.243985e+07 7.825846e+07 1.101805e+08 1.409128e+08 1.699731e+08 1.970197e+08 2.215769e+08 2.431862e+08
2.087167e+07 2.087167e+07 2.087167e+07 2.087167e+07 2.087166e+07 2.087162e+07 2.087147e+07 2.087083e+07 2.087042e+07 2.087026e+07 2.087315e+07 2.088506e+07 2.090944e+07 2.094688e+07 2.099739e+07 2.106304e+07 2.114979e+07 2.238798e+07 2.667908e+07 3.548710e+07 4.826882e+07 6.343773e+07 7.959863e+07 1.120100e+08 1.429567e+08 1.720097e+08 1.989042e+08 2.232339e+08 2.445887e+08
2.069532e+07 2.069532e+07 2.069532e+07 2.069532e+07 2.069532e+07 2.069526e+07 2.069509e+07 2.069436e+07 2.069390e+07 2.069369e+07 2.069647e+07 2.070815e+07 2.073217e+07 2.076912e+07 2.081908e+07 2.088436e+07 2.097124e+07 2.223857e+07 2.666706e+07 3.575154e+07 4.889894e+07 6.444848e+07 8.095208e+07 1.138492e+08 1.450027e+08 1.740393e+08 2.007722e+08 2.248656e+08 2.459589e+08
2.051896e+07 2.051896e+07 2.051896e+07 2.051896e+07 2.051896e+07 2.051890e+07 2.051873e+07 2.051807e+07 2.051765e+07 2.051749e+07 2.052030e+07 2.053189e+07 2.055561e+07 2.059211e+07 2.064156e+07 2.070649e+07 2.079352e+07 2.209064e+07 2.665870e+07 3.602306e+07 4.953934e+07 6.547136e+07 8.231778e+07 1.156963e+08 1.470490e+08 1.760600e+08 2.026219e+08 2.264706e+08 2.472960e+08
2.034298e+07 2.034298e+07 2.034298e+07 2.034298e+07 2.034298e+07 2.034294e+07 2.034284e+07 2.034236e+07 2.034204e+07 2.034196e+07 2.034488e+07 2.035640e+07 2.037986e+07 2.041590e+07 2.046485e+07 2.052942e+07 2.061663e+07 2.194416e+07 2.665393e+07 3.630143e+07 5.018956e+07 6.650564e+07 8.369468e+07 1.175499e+08 1.490936e+08 1.780699e+08 2.044518e+08 2.280477e+08 2.485989e+08
2.016876e+07 2.016876e+07 2.016876e+07 2.016876e+07 2.016876e+07 2.016873e+07 2.016862e+07 2.016813e+07 2.016781e+07 2.016773e+07 2.017058e+07 2.018191e+07 2.020500e+07 2.024054e+07 2.028895e+07 2.035317e+07 2.044056e+07 2.179914e+07 2.665269e+07 3.658641e+07 5.084912e+07 6.755055e+07 8.508172e+07 1.194082e+08 1.511344e+08 1.800669e+08 2.062601e+08 2.295956e+08 2.498666e+08
1.999617e+07 1.999617e+07 1.999617e+07 1.999617e+07 1.999617e+07 1.999612e+07 1.999595e+07 1.999529e+07 1.999487e+07 1.999468e+07 1.999732e+07 2.000833e+07 2.003098e+07 2.006598e+07 2.011382e+07 2.017768e+07 2.026529e+07 2.165556e+07 2.665493e+07 3.687779e+07 5.151755e+07 6.860531e+07 8.647779e+07 1.212696e+08 1.531696e+08 1.820490e+08 2.080451e+08 2.311129e+08 2.510982e+08
