1.262256e+03 1.246771e+03 1.224154e+03 1.108226e+03 1.081809e+03 9.149927e+02 8.306813e+02 7.589688e+02 7.453835e+02 7.403261e+02 7.461406e+02 7.639647e+02 7.880260e+02 8.157234e+02 8.459338e+02 8.781872e+02 9.122773e+02 1.105706e+03 1.315040e+03 1.487093e+03 1.572471e+03 1.571017e+03 1.520804e+03 1.405526e+03 1.356200e+03 1.398140e+03 1.542294e+03 1.801834e+03 2.191322e+03
9.163142e+02 9.163206e+02 9.163322e+02 9.158927e+02 9.115312e+02 8.598164e+02 8.068435e+02 7.504482e+02 7.400994e+02 7.372445e+02 7.457679e+02 7.650752e+02 7.899890e+02 8.182015e+02 8.487421e+02 8.812194e+02 9.154672e+02 1.109135e+03 1.318100e+03 1.489419e+03 1.573984e+03 1.571875e+03 1.521239e+03 1.405661e+03 1.356438e+03 1.398703e+03 1.543348e+03 1.803529e+03 2.193801e+03
8.292663e+02 8.292675e+02 8.292703e+02 8.292490e+02 8.288588e+02 8.162798e+02 7.783043e+02 7.398603e+02 7.339061e+02 7.338363e+02 7.455372e+02 7.664545e+02 7.922413e+02 8.209577e+02 8.518098e+02 8.844923e+02 9.188806e+02 1.112719e+03 1.321260e+03 1.491801e+03 1.575524e+03 1.572742e+03 1.521676e+03 1.405795e+03 1.356679e+03 1.399273e+03 1.544414e+03 1.805242e+03 2.196303e+03
7.849662e+02 7.849667e+02 7.849678e+02 7.849687e+02 7.848341e+02 7.711081e+02 7.592742e+02 7.285735e+02 7.272738e+02 7.303221e+02 7.455292e+02 7.681406e+02 7.948029e+02 8.240035e+02 8.551443e+02 8.880111e+02 9.225216e+02 1.116460e+03 1.324519e+03 1.494238e+03 1.577090e+03 1.573619e+03 1.522117e+03 1.405930e+03 1.356924e+03 1.399850e+03 1.545492e+03 1.806972e+03 2.198827e+03
7.451365e+02 7.451367e+02 7.451372e+02 7.451332e+02 7.450689e+02 7.378839e+02 7.351820e+02 7.210019e+02 7.214770e+02 7.271809e+02 7.458562e+02 7.701714e+02 7.976886e+02 8.273457e+02 8.587495e+02 8.917788e+02 9.263928e+02 1.120359e+03 1.327877e+03 1.496730e+03 1.578682e+03 1.574506e+03 1.522559e+03 1.406064e+03 1.357171e+03 1.400435e+03 1.546582e+03 1.808720e+03 2.201375e+03
7.138615e+02 7.138617e+02 7.138620e+02 7.139098e+02 7.141324e+02 7.147448e+02 7.153288e+02 7.191444e+02 7.193709e+02 7.254245e+02 7.467166e+02 7.725982e+02 8.009131e+02 8.309884e+02 8.626268e+02 8.957961e+02 9.304950e+02 1.124416e+03 1.331335e+03 1.499277e+03 1.580299e+03 1.575402e+03 1.523004e+03 1.406199e+03 1.357421e+03 1.401028e+03 1.547685e+03 1.810485e+03 2.203945e+03
7.008157e+02 7.008191e+02 7.008282e+02 7.010339e+02 7.015248e+02 7.051016e+02 7.052067e+02 7.186500e+02 7.215340e+02 7.269883e+02 7.484691e+02 7.755080e+02 8.044983e+02 8.349363e+02 8.667762e+02 9.000623e+02 9.348277e+02 1.128633e+03 1.334893e+03 1.501877e+03 1.581941e+03 1.576308e+03 1.523450e+03 1.406333e+03 1.357675e+03 1.401628e+03 1.548801e+03 1.812269e+03 2.206539e+03
7.050233e+02 7.050234e+02 7.050238e+02 7.050317e+02 7.050440e+02 7.045083e+02 7.020339e+02 7.180861e+02 7.253133e+02 7.318910e+02 7.517311e+02 7.790507e+02 8.084840e+02 8.391987e+02 8.711987e+02 9.045766e+02 9.393900e+02 1.133008e+03 1.338549e+03 1.504532e+03 1.583608e+03 1.577221e+03 1.523899e+03 1.406467e+03 1.357931e+03 1.402236e+03 1.549930e+03 1.814070e+03 2.209157e+03
7.041030e+02 7.041031e+02 7.041034e+02 7.041103e+02 7.041212e+02 7.036965e+02 7.017079e+02 7.181932e+02 7.295008e+02 7.384071e+02 7.574919e+02 7.834704e+02 8.129406e+02 8.437961e+02 8.758994e+02 9.093391e+02 9.441809e+02 1.137542e+03 1.342303e+03 1.507238e+03 1.585298e+03 1.578143e+03 1.524348e+03 1.406601e+03 1.358191e+03 1.402851e+03 1.551071e+03 1.815890e+03 2.211799e+03
7.012612e+02 7.012613e+02 7.012615e+02 7.012688e+02 7.012944e+02 7.017722e+02 7.030419e+02 7.202341e+02 7.340924e+02 7.455692e+02 7.653705e+02 7.891697e+02 8.179829e+02 8.487662e+02 8.808903e+02 9.143533e+02 9.492007e+02 1.142234e+03 1.346154e+03 1.509997e+03 1.587011e+03 1.579073e+03 1.524799e+03 1.406735e+03 1.358454e+03 1.403475e+03 1.552226e+03 1.817728e+03 2.214464e+03
6.986566e+02 6.986567e+02 6.986570e+02 6.986636e+02 6.986946e+02 7.018893e+02 7.075048e+02 7.250494e+02 7.396380e+02 7.530298e+02 7.744633e+02 7.966834e+02 8.237898e+02 8.541716e+02 8.861949e+02 9.196277e+02 9.544523e+02 1.147082e+03 1.350101e+03 1.512806e+03 1.588746e+03 1.580010e+03 1.525251e+03 1.406868e+03 1.358721e+03 1.404107e+03 1.553394e+03 1.819585e+03 2.217154e+03
7.712407e+02 7.712412e+02 7.712425e+02 7.712853e+02 7.714048e+02 7.731352e+02 7.757689e+02 7.818605e+02 7.882525e+02 7.981964e+02 8.229043e+02 8.461746e+02 8.681949e+02 8.921857e+02 9.196689e+02 9.508705e+02 9.846313e+02 1.173637e+03 1.371224e+03 1.527574e+03 1.597732e+03 1.584789e+03 1.527514e+03 1.407528e+03 1.360103e+03 1.407390e+03 1.559436e+03 1.829155e+03 2.230970e+03
8.405031e+02 8.405032e+02 8.405035e+02 8.405117e+02 8.405347e+02 8.411273e+02 8.428067e+02 8.474275e+02 8.504627e+02 8.552308e+02 8.721281e+02 8.955858e+02 9.201264e+02 9.442114e+02 9.689971e+02 9.957757e+02 1.025161e+03 1.204130e+03 1.394505e+03 1.543415e+03 1.607150e+03 1.589678e+03 1.529760e+03 1.408173e+03 1.361575e+03 1.410889e+03 1.565828e+03 1.839214e+03 2.245417e+03
9.008660e+02 9.008662e+02 9.008668e+02 9.008852e+02 9.009411e+02 9.020391e+02 9.041076e+02 9.095432e+02 9.126464e+02 9.162926e+02 9.277211e+02 9.466487e+02 9.709993e+02 9.973005e+02 1.023751e+03 1.050322e+03 1.077696e+03 1.239361e+03 1.419798e+03 1.560148e+03 1.616881e+03 1.594607e+03 1.531951e+03 1.408795e+03 1.363142e+03 1.414617e+03 1.572588e+03 1.849783e+03 2.260518e+03
9.658085e+02 9.658086e+02 9.658087e+02 9.658130e+02 9.658261e+02 9.662731e+02 9.677344e+02 9.728601e+02 9.761603e+02 9.798584e+02 9.894891e+02 1.004572e+03 1.025960e+03 1.051775e+03 1.079458e+03 1.107356e+03 1.135007e+03 1.281822e+03 1.447198e+03 1.577641e+03 1.626816e+03 1.599510e+03 1.534052e+03 1.409390e+03 1.364812e+03 1.418587e+03 1.579734e+03 1.860884e+03 2.276298e+03
1.031667e+03 1.031667e+03 1.031667e+03 1.031679e+03 1.031712e+03 1.032464e+03 1.034135e+03 1.039350e+03 1.042815e+03 1.046799e+03 1.056556e+03 1.070001e+03 1.088507e+03 1.111795e+03 1.138233e+03 1.165973e+03 1.193763e+03 1.330848e+03 1.477305e+03 1.595882e+03 1.636886e+03 1.604336e+03 1.536032e+03 1.409955e+03 1.366593e+03 1.422815e+03 1.587286e+03 1.872539e+03 2.292781e+03
1.103038e+03 1.103038e+03 1.103038e+03 1.103042e+03 1.103054e+03 1.103457e+03 1.104763e+03 1.110018e+03 1.113946e+03 1.118597e+03 1.129629e+03 1.142966e+03 1.159385e+03 1.179386e+03 1.202533e+03 1.227734e+03 1.253826e+03 1.382408e+03 1.511528e+03 1.615075e+03 1.647095e+03 1.609063e+03 1.537877e+03 1.410490e+03 1.368496e+03 1.427316e+03 1.595261e+03 1.884770e+03 2.309992e+03
1.178092e+03 1.178092e+03 1.178093e+03 1.178101e+03 1.178127e+03 1.178979e+03 1.181403e+03 1.189170e+03 1.194073e+03 1.199472e+03 1.211296e+03 1.224060e+03 1.238062e+03 1.254063e+03 1.272495e+03 1.293184e+03 1.315530e+03 1.433487e+03 1.548654e+03 1.635795e+03 1.657553e+03 1.613711e+03 1.539589e+03 1.411001e+03 1.370532e+03 1.432108e+03 1.603682e+03 1.897602e+03 2.327957e+03
1.278169e+03 1.278169e+03 1.278169e+03 1.278173e+03 1.278183e+03 1.278527e+03 1.279644e+03 1.284487e+03 1.288134e+03 1.292386e+03 1.301893e+03 1.311786e+03 1.321887e+03 1.332898e+03 1.345678e+03 1.360708e+03 1.377963e+03 1.482144e+03 1.586423e+03 1.658953e+03 1.668525e+03 1.618359e+03 1.541197e+03 1.411504e+03 1.372719e+03 1.437208e+03 1.612570e+03 1.911058e+03 2.346704e+03
1.377420e+03 1.377420e+03 1.377420e+03 1.377423e+03 1.377435e+03 1.377880e+03 1.379210e+03 1.383714e+03 1.386498e+03 1.389390e+03 1.395054e+03 1.400256e+03 1.405206e+03 1.410683e+03 1.417677e+03 1.426961e+03 1.438871e+03 1.527433e+03 1.623165e+03 1.683507e+03 1.680548e+03 1.623159e+03 1.542765e+03 1.412019e+03 1.375074e+03 1.442638e+03 1.621947e+03 1.925164e+03 2.366259e+03
1.478985e+03 1.478985e+03 1.478985e+03 1.478989e+03 1.479003e+03 1.479478e+03 1.480560e+03 1.481773e+03 1.481854e+03 1.481737e+03 1.481239e+03 1.480716e+03 1.480515e+03 1.481188e+03 1.483491e+03 1.488139e+03 1.495585e+03 1.569137e+03 1.657772e+03 1.708259e+03 1.694127e+03 1.628364e+03 1.544392e+03 1.412581e+03 1.377621e+03 1.448420e+03 1.631839e+03 1.939946e+03 2.386650e+03
1.563318e+03 1.563318e+03 1.563318e+03 1.563317e+03 1.563315e+03 1.563100e+03 1.561739e+03 1.556961e+03 1.554401e+03 1.551944e+03 1.547538e+03 1.543930e+03 1.541202e+03 1.539582e+03 1.539526e+03 1.541595e+03 1.546251e+03 1.607517e+03 1.689712e+03 1.732316e+03 1.708488e+03 1.634426e+03 1.546230e+03 1.413238e+03 1.380388e+03 1.454580e+03 1.642270e+03 1.955431e+03 2.407906e+03
1.593315e+03 1.593315e+03 1.593315e+03 1.593315e+03 1.593317e+03 1.593370e+03 1.593437e+03 1.592987e+03 1.592366e+03 1.591542e+03 1.589604e+03 1.587712e+03 1.586189e+03 1.585303e+03 1.585432e+03 1.587071e+03 1.590706e+03 1.643135e+03 1.718938e+03 1.755032e+03 1.722959e+03 1.641552e+03 1.548499e+03 1.414050e+03 1.383411e+03 1.461145e+03 1.653269e+03 1.971648e+03 2.430058e+03
1.613620e+03 1.613620e+03 1.613620e+03 1.613623e+03 1.613631e+03 1.613841e+03 1.614261e+03 1.615415e+03 1.616118e+03 1.616850e+03 1.618287e+03 1.619636e+03 1.620944e+03 1.622343e+03 1.624103e+03 1.626637e+03 1.630425e+03 1.676692e+03 1.745715e+03 1.776012e+03 1.737020e+03 1.649219e+03 1.551564e+03 1.415096e+03 1.386729e+03 1.468148e+03 1.664864e+03 1.988627e+03 2.453136e+03
1.635491e+03 1.635491e+03 1.635491e+03 1.635493e+03 1.635500e+03 1.635701e+03 1.636302e+03 1.638526e+03 1.640005e+03 1.641647e+03 1.645234e+03 1.648982e+03 1.652674e+03 1.656210e+03 1.659672e+03 1.663336e+03 1.667609e+03 1.708853e+03 1.770434e+03 1.795080e+03 1.750269e+03 1.657039e+03 1.555457e+03 1.416475e+03 1.390391e+03 1.475622e+03 1.677088e+03 2.006399e+03 2.477172e+03
1.666613e+03 1.666613e+03 1.666613e+03 1.666614e+03 1.666617e+03 1.666720e+03 1.667136e+03 1.669088e+03 1.670584e+03 1.672380e+03 1.676660e+03 1.681460e+03 1.686345e+03 1.691028e+03 1.695429e+03 1.699693e+03 1.704133e+03 1.740071e+03 1.793466e+03 1.812231e+03 1.762424e+03 1.664710e+03 1.559849e+03 1.418312e+03 1.394453e+03 1.483608e+03 1.689974e+03 2.024997e+03 2.502199e+03
1.702935e+03 1.702935e+03 1.702935e+03 1.702937e+03 1.702945e+03 1.703166e+03 1.703782e+03 1.706039e+03 1.707675e+03 1.709601e+03 1.714084e+03 1.718998e+03 1.723926e+03 1.728592e+03 1.732892e+03 1.736911e+03 1.740891e+03 1.770484e+03 1.815075e+03 1.827563e+03 1.773320e+03 1.671994e+03 1.564516e+03 1.420775e+03 1.398980e+03 1.492149e+03 1.703560e+03 2.044457e+03 2.528253e+03
1.745881e+03 1.745882e+03 1.745882e+03 1.745885e+03 1.745897e+03 1.746230e+03 1.747130e+03 1.749966e+03 1.751680e+03 1.753506e+03 1.757348e+03 1.761260e+03 1.765051e+03 1.768581e+03 1.771795e+03 1.774760e+03 1.777661e+03 1.799899e+03 1.835382e+03 1.841232e+03 1.782895e+03 1.678720e+03 1.569285e+03 1.424087e+03 1.404049e+03 1.501293e+03 1.717886e+03 2.064815e+03 2.555369e+03
1.800725e+03 1.800725e+03 1.800725e+03 1.800726e+03 1.800728e+03 1.800766e+03 1.800822e+03 1.801295e+03 1.801773e+03 1.802384e+03 1.803880e+03 1.805567e+03 1.807288e+03 1.808932e+03 1.810450e+03 1.811878e+03 1.813343e+03 1.827877e+03 1.854391e+03 1.853403e+03 1.791175e+03 1.684780e+03 1.574020e+03 1.428164e+03 1.409749e+03 1.511096e+03 1.732995e+03 2.086110e+03 2.583586e+03
1.848659e+03 1.848659e+03 1.848659e+03 1.848659e+03 1.848659e+03 1.848662e+03 1.848640e+03 1.848398e+03 1.848181e+03 1.847936e+03 1.847463e+03 1.847095e+03 1.846834e+03 1.846639e+03 1.846483e+03 1.846391e+03 1.846449e+03 1.853878e+03 1.872028e+03 1.864237e+03 1.798248e+03 1.690133e+03 1.578626e+03 1.432885e+03 1.416188e+03 1.521616e+03 1.748934e+03 2.108386e+03 2.612943e+03
1.887503e+03 1.887503e+03 1.887503e+03 1.887501e+03 1.887495e+03 1.887379e+03 1.887058e+03 1.886042e+03 1.885424e+03 1.884761e+03 1.883359e+03 1.881934e+03 1.880533e+03 1.879173e+03 1.877873e+03 1.876680e+03 1.875678e+03 1.877410e+03 1.888193e+03 1.873882e+03 1.804251e+03 1.694792e+03 1.583043e+03 1.438176e+03 1.423518e+03 1.532923e+03 1.765753e+03 2.131685e+03 2.643482e+03
1.912636e+03 1.912636e+03 1.912636e+03 1.912637e+03 1.912638e+03 1.912681e+03 1.912712e+03 1.912330e+03 1.911952e+03 1.911481e+03 1.910300e+03 1.908853e+03 1.907213e+03 1.905454e+03 1.903657e+03 1.901909e+03 1.900315e+03 1.898145e+03 1.902813e+03 1.882474e+03 1.809344e+03 1.698819e+03 1.587248e+03 1.443981e+03 1.431848e+03 1.545092e+03 1.783509e+03 2.156056e+03 2.675246e+03
1.930703e+03 1.930703e+03 1.930703e+03 1.930702e+03 1.930702e+03 1.930721e+03 1.930795e+03 1.930945e+03 1.930910e+03 1.930756e+03 1.930076e+03 1.928952e+03 1.927485e+03 1.925779e+03 1.923939e+03 1.922074e+03 1.920297e+03 1.915976e+03 1.915866e+03 1.890145e+03 1.813702e+03 1.702312e+03 1.591255e+03 1.450259e+03 1.441107e+03 1.558211e+03 1.802261e+03 2.181550e+03 2.708283e+03
1.947147e+03 1.947147e+03 1.947147e+03 1.947146e+03 1.947144e+03 1.947057e+03 1.946858e+03 1.946358e+03 1.946060e+03 1.945721e+03 1.944892e+03 1.943837e+03 1.942550e+03 1.941055e+03 1.939410e+03 1.937702e+03 1.936030e+03 1.930997e+03 1.927398e+03 1.897027e+03 1.817507e+03 1.705395e+03 1.595106e+03 1.456983e+03 1.451257e+03 1.572387e+03 1.822076e+03 2.208220e+03 2.742641e+03
1.957084e+03 1.957084e+03 1.957084e+03 1.957083e+03 1.957083e+03 1.957053e+03 1.956950e+03 1.956497e+03 1.956192e+03 1.955864e+03 1.955159e+03 1.954351e+03 1.953387e+03 1.952244e+03 1.950946e+03 1.949558e+03 1.948167e+03 1.943466e+03 1.937522e+03 1.903259e+03 1.820934e+03 1.708210e+03 1.598869e+03 1.464142e+03 1.462276e+03 1.587766e+03 1.843028e+03 2.236127e+03 2.778371e+03
1.961601e+03 1.961601e+03 1.961601e+03 1.961601e+03 1.961600e+03 1.961599e+03 1.961629e+03 1.961765e+03 1.961829e+03 1.961867e+03 1.961820e+03 1.961566e+03 1.961083e+03 1.960378e+03 1.959489e+03 1.958485e+03 1.957450e+03 1.953738e+03 1.946402e+03 1.908985e+03 1.824157e+03 1.710908e+03 1.602631e+03 1.471736e+03 1.474152e+03 1.604381e+03 1.865197e+03 2.265332e+03 2.815529e+03
1.965591e+03 1.965591e+03 1.965591e+03 1.965591e+03 1.965593e+03 1.965644e+03 1.965801e+03 1.966288e+03 1.966533e+03 1.966743e+03 1.967017e+03 1.967068e+03 1.966891e+03 1.966502e+03 1.965944e+03 1.965283e+03 1.964595e+03 1.962209e+03 1.954243e+03 1.914357e+03 1.827340e+03 1.713638e+03 1.606494e+03 1.479779e+03 1.486881e+03 1.622202e+03 1.888679e+03 2.295903e+03 2.854173e+03
1.972043e+03 1.972043e+03 1.972043e+03 1.972042e+03 1.972042e+03 1.972014e+03 1.971958e+03 1.971854e+03 1.971821e+03 1.971802e+03 1.971777e+03 1.971717e+03 1.971571e+03 1.971317e+03 1.970969e+03 1.970573e+03 1.970188e+03 1.969278e+03 1.961270e+03 1.919530e+03 1.830637e+03 1.716552e+03 1.610568e+03 1.488298e+03 1.500464e+03 1.641222e+03 1.913591e+03 2.327916e+03 2.894365e+03
1.975974e+03 1.975974e+03 1.975974e+03 1.975973e+03 1.975973e+03 1.975958e+03 1.975906e+03 1.975744e+03 1.975663e+03 1.975592e+03 1.975480e+03 1.975382e+03 1.975267e+03 1.975117e+03 1.974942e+03 1.974779e+03 1.974673e+03 1.975322e+03 1.967721e+03 1.924660e+03 1.834194e+03 1.719791e+03 1.614970e+03 1.497330e+03 1.514910e+03 1.661446e+03 1.940065e+03 2.361451e+03 2.936170e+03
1.977311e+03 1.977311e+03 1.977311e+03 1.977312e+03 1.977313e+03 1.977355e+03 1.977464e+03 1.977718e+03 1.977822e+03 1.977906e+03 1.978017e+03 1.978074e+03 1.978100e+03 1.978114e+03 1.978143e+03 1.978227e+03 1.978407e+03 1.980695e+03 1.973832e+03 1.929903e+03 1.838148e+03 1.723490e+03 1.619815e+03 1.506924e+03 1.530233e+03 1.682884e+03 1.968097e+03 2.396600e+03 2.979661e+03
1.979668e+03 1.979668e+03 1.979668e+03 1.979668e+03 1.979668e+03 1.979669e+03 1.979676e+03 1.979755e+03 1.979823e+03 1.979899e+03 1.980056e+03 1.980219e+03 1.980400e+03 1.980613e+03 1.980883e+03 1.981242e+03 1.981730e+03 1.985723e+03 1.979837e+03 1.935413e+03 1.842626e+03 1.727775e+03 1.625217e+03 1.517137e+03 1.546454e+03 1.705551e+03 1.997684e+03 2.433469e+03 3.024914e+03
1.981428e+03 1.981428e+03 1.981428e+03 1.981428e+03 1.981429e+03 1.981448e+03 1.981492e+03 1.981571e+03 1.981608e+03 1.981660e+03 1.981834e+03 1.982116e+03 1.982492e+03 1.982952e+03 1.983504e+03 1.984171e+03 1.984986e+03 1.990715e+03 1.985957e+03 1.941338e+03 1.847748e+03 1.732765e+03 1.631288e+03 1.528033e+03 1.563600e+03 1.729466e+03 2.028840e+03 2.472197e+03 3.072011e+03
1.982869e+03 1.982869e+03 1.982869e+03 1.982869e+03 1.982868e+03 1.982847e+03 1.982798e+03 1.982800e+03 1.982887e+03 1.983033e+03 1.983471e+03 1.984057e+03 1.984749e+03 1.985526e+03 1.986396e+03 1.987386e+03 1.988530e+03 1.995953e+03 1.992405e+03 1.947820e+03 1.853626e+03 1.738566e+03 1.638133e+03 1.539683e+03 1.581705e+03 1.754649e+03 2.061585e+03 2.512874e+03 3.121044e+03
1.983027e+03 1.983027e+03 1.983027e+03 1.983028e+03 1.983030e+03 1.983104e+03 1.983320e+03 1.984004e+03 1.984415e+03 1.984852e+03 1.985776e+03 1.986748e+03 1.987763e+03 1.988834e+03 1.989988e+03 1.991265e+03 1.992703e+03 2.001693e+03 1.999373e+03 1.954995e+03 1.860362e+03 1.745279e+03 1.645854e+03 1.552159e+03 1.600809e+03 1.781128e+03 2.095945e+03 2.555493e+03 3.172115e+03
1.987400e+03 1.987400e+03 1.987400e+03 1.987401e+03 1.987403e+03 1.987459e+03 1.987628e+03 1.988223e+03 1.988608e+03 1.989032e+03 1.989962e+03 1.990984e+03 1.992093e+03 1.993300e+03 1.994628e+03 1.996109e+03 1.997779e+03 2.008156e+03 2.007039e+03 1.962989e+03 1.868056e+03 1.752998e+03 1.654545e+03 1.565539e+03 1.620955e+03 1.808933e+03 2.131946e+03 2.600071e+03 3.225347e+03
1.994894e+03 1.994894e+03 1.994894e+03 1.994894e+03 1.994894e+03 1.994896e+03 1.994905e+03 1.995024e+03 1.995157e+03 1.995352e+03 1.995934e+03 1.996762e+03 1.997803e+03 1.999035e+03 2.000455e+03 2.002079e+03 2.003930e+03 2.015523e+03 2.015561e+03 1.971919e+03 1.876799e+03 1.761807e+03 1.664298e+03 1.579904e+03 1.642195e+03 1.838096e+03 2.169618e+03 2.646632e+03 3.280892e+03
2.001743e+03 2.001743e+03 2.001743e+03 2.001743e+03 2.001743e+03 2.001745e+03 2.001746e+03 2.001814e+03 2.001926e+03 2.002108e+03 2.002690e+03 2.003544e+03 2.004637e+03 2.005947e+03 2.007474e+03 2.009235e+03 2.011250e+03 2.023947e+03 2.025082e+03 1.981898e+03 1.886677e+03 1.771790e+03 1.675196e+03 1.595331e+03 1.664583e+03 1.868656e+03 2.208995e+03 2.695208e+03 3.338792e+03
2.007467e+03 2.007467e+03 2.007467e+03 2.007468e+03 2.007470e+03 2.007550e+03 2.007753e+03 2.008393e+03 2.008795e+03 2.009235e+03 2.010216e+03 2.011335e+03 2.012610e+03 2.014067e+03 2.015733e+03 2.017641e+03 2.019819e+03 2.033551e+03 2.035728e+03 1.993026e+03 1.897772e+03 1.783023e+03 1.687321e+03 1.611904e+03 1.688181e+03 1.900655e+03 2.250113e+03 2.745832e+03 3.399050e+03
2.016772e+03 2.016772e+03 2.016772e+03 2.016773e+03 2.016774e+03 2.016829e+03 2.016994e+03 2.017608e+03 2.018016e+03 2.018469e+03 2.019488e+03 2.020661e+03 2.022009e+03 2.023560e+03 2.025343e+03 2.027390e+03 2.029726e+03 2.044449e+03 2.047612e+03 2.005402e+03 1.910163e+03 1.795579e+03 1.700751e+03 1.629701e+03 1.713051e+03 1.934138e+03 2.293010e+03 2.798541e+03 3.461693e+03
2.029117e+03 2.029117e+03 2.029117e+03 2.029117e+03 2.029118e+03 2.029139e+03 2.029190e+03 2.029381e+03 2.029554e+03 2.029798e+03 2.030520e+03 2.031553e+03 2.032878e+03 2.034484e+03 2.036371e+03 2.038555e+03 2.041051e+03 2.056739e+03 2.060838e+03 2.019113e+03 1.923926e+03 1.809529e+03 1.715559e+03 1.648804e+03 1.739260e+03 1.969156e+03 2.337727e+03 2.853374e+03 3.526753e+03
2.041085e+03 2.041085e+03 2.041085e+03 2.041085e+03 2.041085e+03 2.041082e+03 2.041084e+03 2.041228e+03 2.041409e+03 2.041677e+03 2.042475e+03 2.043613e+03 2.045065e+03 2.046814e+03 2.048857e+03 2.051208e+03 2.053878e+03 2.070519e+03 2.075501e+03 2.034247e+03 1.939135e+03 1.824942e+03 1.731818e+03 1.669293e+03 1.766881e+03 2.005763e+03 2.384308e+03 2.910372e+03 3.594268e+03
2.052277e+03 2.052277e+03 2.052277e+03 2.052277e+03 2.052280e+03 2.052351e+03 2.052563e+03 2.053287e+03 2.053760e+03 2.054297e+03 2.055545e+03 2.057023e+03 2.058737e+03 2.060701e+03 2.062937e+03 2.065470e+03 2.068321e+03 2.085877e+03 2.091689e+03 2.050885e+03 1.955862e+03 1.841888e+03 1.749600e+03 1.691246e+03 1.795985e+03 2.044018e+03 2.432801e+03 2.969577e+03 3.664277e+03
2.067296e+03 2.067296e+03 2.067296e+03 2.067296e+03 2.067298e+03 2.067362e+03 2.067563e+03 2.068333e+03 2.068864e+03 2.069468e+03 2.070859e+03 2.072475e+03 2.074326e+03 2.076429e+03 2.078809e+03 2.081493e+03 2.084500e+03 2.102896e+03 2.109483e+03 2.069106e+03 1.974178e+03 1.860433e+03 1.768973e+03 1.714742e+03 1.826648e+03 2.083983e+03 2.483258e+03 3.031035e+03 3.736821e+03
2.086131e+03 2.086131e+03 2.086131e+03 2.086132e+03 2.086134e+03 2.086186e+03 2.086317e+03 2.086784e+03 2.087130e+03 2.087562e+03 2.088693e+03 2.090175e+03 2.091990e+03 2.094126e+03 2.096583e+03 2.099372e+03 2.102503e+03 2.121647e+03 2.128958e+03 2.088985e+03 1.994157e+03 1.880646e+03 1.790008e+03 1.739861e+03 1.858949e+03 2.125723e+03 2.535730e+03 3.094793e+03 3.811945e+03
2.106367e+03 2.106367e+03 2.106367e+03 2.106367e+03 2.106367e+03 2.106370e+03 2.106390e+03 2.106611e+03 2.106860e+03 2.107215e+03 2.108251e+03 2.109701e+03 2.111531e+03 2.113716e+03 2.116247e+03 2.119129e+03 2.122368e+03 2.142190e+03 2.150187e+03 2.110600e+03 2.015871e+03 1.902599e+03 1.812775e+03 1.766681e+03 1.892968e+03 2.169310e+03 2.590278e+03 3.160900e+03 3.889694e+03
2.125847e+03 2.125847e+03 2.125847e+03 2.125847e+03 2.125850e+03 2.125919e+03 2.126125e+03 2.126844e+03 2.127327e+03 2.127887e+03 2.129238e+03 2.130899e+03 2.132875e+03 2.135171e+03 2.137799e+03 2.140777e+03 2.144117e+03 2.164573e+03 2.173235e+03 2.134026e+03 2.039395e+03 1.926360e+03 1.837344e+03 1.795280e+03 1.928786e+03 2.214816e+03 2.646960e+03 3.229407e+03 3.970113e+03
2.148697e+03 2.148697e+03 2.148697e+03 2.148697e+03 2.148699e+03 2.148762e+03 2.148959e+03 2.149731e+03 2.150276e+03 2.150907e+03 2.152395e+03 2.154165e+03 2.156225e+03 2.158594e+03 2.161293e+03 2.164348e+03 2.167776e+03 2.188840e+03 2.198172e+03 2.159341e+03 2.064807e+03 1.952005e+03 1.863789e+03 1.825737e+03 1.966488e+03 2.262318e+03 2.705842e+03 3.300371e+03 4.053253e+03
2.174943e+03 2.174943e+03 2.174943e+03 2.174943e+03 2.174945e+03 2.175006e+03 2.175180e+03 2.175781e+03 2.176205e+03 2.176715e+03 2.178005e+03 2.179656e+03 2.181660e+03 2.184018e+03 2.186740e+03 2.189846e+03 2.193349e+03 2.215033e+03 2.225068e+03 2.186628e+03 2.092187e+03 1.979609e+03 1.892182e+03 1.858133e+03 2.006159e+03 2.311896e+03 2.766992e+03 3.373847e+03 4.139161e+03
2.203293e+03 2.203293e+03 2.203293e+03 2.203293e+03 2.203293e+03 2.203306e+03 2.203348e+03 2.203619e+03 2.203903e+03 2.204301e+03 2.205437e+03 2.207002e+03 2.208965e+03 2.211319e+03 2.214069e+03 2.217231e+03 2.220818e+03 2.243200e+03 2.254000e+03 2.215973e+03 2.121620e+03 2.009250e+03 1.922599e+03 1.892548e+03 2.047886e+03 2.363634e+03 2.830482e+03 3.449895e+03 4.227890e+03
2.230825e+03 2.230825e+03 2.230825e+03 2.230826e+03 2.230829e+03 2.230908e+03 2.231118e+03 2.231835e+03 2.232325e+03 2.232892e+03 2.234257e+03 2.235943e+03 2.237978e+03 2.240393e+03 2.243215e+03 2.246472e+03 2.250177e+03 2.273402e+03 2.285053e+03 2.247468e+03 2.153194e+03 2.041012e+03 1.955120e+03 1.929065e+03 2.091758e+03 2.417618e+03 2.896386e+03 3.528577e+03 4.319492e+03
2.261330e+03 2.261330e+03 2.261330e+03 2.261331e+03 2.261334e+03 2.261420e+03 2.261668e+03 2.262477e+03 2.262995e+03 2.263581e+03 2.264967e+03 2.266679e+03 2.268763e+03 2.271258e+03 2.274193e+03 2.277591e+03 2.281463e+03 2.305726e+03 2.318327e+03 2.281212e+03 2.187002e+03 2.074978e+03 1.989823e+03 1.967767e+03 2.137867e+03 2.473938e+03 2.964784e+03 3.609960e+03 4.414022e+03
2.295499e+03 2.295499e+03 2.295499e+03 2.295499e+03 2.295499e+03 2.295503e+03 2.295519e+03 2.295725e+03 2.295985e+03 2.296373e+03 2.297533e+03 2.299191e+03 2.301333e+03 2.303956e+03 2.307066e+03 2.310672e+03 2.314773e+03 2.340287e+03 2.353932e+03 2.317310e+03 2.223143e+03 2.111239e+03 2.026794e+03 2.008741e+03 2.186306e+03 2.532686e+03 3.035757e+03 3.694111e+03 4.511538e+03
2.328083e+03 2.328083e+03 2.328083e+03 2.328084e+03 2.328086e+03 2.328142e+03 2.328301e+03 2.328917e+03 2.329377e+03 2.329942e+03 2.331399e+03 2.333316e+03 2.335712e+03 2.338600e+03 2.341990e+03 2.345885e+03 2.350280e+03 2.377229e+03 2.391991e+03 2.355875e+03 2.261717e+03 2.149886e+03 2.066118e+03 2.052074e+03 2.237170e+03 2.593958e+03 3.109391e+03 3.781102e+03 4.612097e+03
2.362619e+03 2.362619e+03 2.362619e+03 2.362620e+03 2.362623e+03 2.362716e+03 2.363002e+03 2.364022e+03 2.364696e+03 2.365464e+03 2.367293e+03 2.369560e+03 2.372305e+03 2.375543e+03 2.379281e+03 2.383518e+03 2.388247e+03 2.416719e+03 2.432634e+03 2.397024e+03 2.302832e+03 2.191017e+03 2.107885e+03 2.097857e+03 2.290558e+03 2.657852e+03 3.185774e+03 3.871007e+03 4.715760e+03
2.402266e+03 2.402266e+03 2.402266e+03 2.402266e+03 2.402268e+03 2.402303e+03 2.402427e+03 2.403038e+03 2.403565e+03 2.404256e+03 2.406128e+03 2.408623e+03 2.411687e+03 2.415274e+03 2.419359e+03 2.423932e+03 2.428983e+03 2.458928e+03 2.475996e+03 2.440879e+03 2.346599e+03 2.234731e+03 2.152190e+03 2.146184e+03 2.346570e+03 2.724469e+03 3.264999e+03 3.963902e+03 4.822589e+03
2.443219e+03 2.443219e+03 2.443219e+03 2.443219e+03 2.443220e+03 2.443257e+03 2.443410e+03 2.444224e+03 2.444911e+03 2.445784e+03 2.448054e+03 2.450941e+03 2.454362e+03 2.458268e+03 2.462639e+03 2.467477e+03 2.472784e+03 2.504015e+03 2.522211e+03 2.487566e+03 2.393132e+03 2.281132e+03 2.199130e+03 2.197153e+03 2.405309e+03 2.793914e+03 3.347160e+03 4.059867e+03 4.932650e+03
2.486786e+03 2.486786e+03 2.486786e+03 2.486787e+03 2.486792e+03 2.486937e+03 2.487383e+03 2.489001e+03 2.490077e+03 2.491291e+03 2.494075e+03 2.497288e+03 2.500912e+03 2.504954e+03 2.509439e+03 2.514395e+03 2.519839e+03 2.552108e+03 2.571411e+03 2.537214e+03 2.442551e+03 2.330329e+03 2.248806e+03 2.250864e+03 2.466883e+03 2.866293e+03 3.432356e+03 4.158986e+03 5.046009e+03
2.539380e+03 2.539380e+03 2.539380e+03 2.539382e+03 2.539386e+03 2.539497e+03 2.539813e+03 2.541016e+03 2.541880e+03 2.542896e+03 2.545326e+03 2.548228e+03 2.551589e+03 2.555430e+03 2.559786e+03 2.564691e+03 2.570158e+03 2.603303e+03 2.623729e+03 2.589955e+03 2.494979e+03 2.382435e+03 2.301324e+03 2.307422e+03 2.531400e+03 2.941716e+03 3.520687e+03 4.261343e+03 5.162734e+03
2.597154e+03 2.597154e+03 2.597154e+03 2.597154e+03 2.597156e+03 2.597201e+03 2.597340e+03 2.597928e+03 2.598404e+03 2.599015e+03 2.600658e+03 2.602877e+03 2.605701e+03 2.609162e+03 2.613288e+03 2.618092e+03 2.623567e+03 2.657683e+03 2.679300e+03 2.645927e+03 2.550543e+03 2.437568e+03 2.356797e+03 2.366936e+03 2.598975e+03 3.020296e+03 3.612257e+03 4.367027e+03 5.282896e+03
2.655398e+03 2.655398e+03 2.655398e+03 2.655398e+03 2.655399e+03 2.655422e+03 2.655507e+03 2.655875e+03 2.656175e+03 2.656572e+03 2.657739e+03 2.659520e+03 2.662019e+03 2.665294e+03 2.669366e+03 2.674231e+03 2.679855e+03 2.715350e+03 2.738271e+03 2.705274e+03 2.609377e+03 2.495851e+03 2.415339e+03 2.429522e+03 2.669724e+03 3.102148e+03 3.707173e+03 4.476128e+03 5.406568e+03
2.712869e+03 2.712869e+03 2.712869e+03 2.712870e+03 2.712870e+03 2.712891e+03 2.712957e+03 2.713271e+03 2.713555e+03 2.713948e+03 2.715156e+03 2.717060e+03 2.719770e+03 2.723332e+03 2.727748e+03 2.732992e+03 2.739015e+03 2.776470e+03 2.800801e+03 2.768144e+03 2.671619e+03 2.557412e+03 2.477074e+03 2.495297e+03 2.743769e+03 3.187393e+03 3.805543e+03 4.588740e+03 5.533825e+03
2.769106e+03 2.769106e+03 2.769106e+03 2.769107e+03 2.769109e+03 2.769172e+03 2.769355e+03 2.770020e+03 2.770530e+03 2.771192e+03 2.773066e+03 2.775754e+03 2.779289e+03 2.783657e+03 2.788828e+03 2.794763e+03 2.801414e+03 2.841276e+03 2.867064e+03 2.834690e+03 2.737412e+03 2.622386e+03 2.542130e+03 2.564388e+03 2.821234e+03 3.276151e+03 3.907480e+03 4.704956e+03 5.664742e+03
2.826796e+03 2.826796e+03 2.826796e+03 2.826797e+03 2.826799e+03 2.826863e+03 2.827077e+03 2.828157e+03 2.829087e+03 2.830281e+03 2.833401e+03 2.837390e+03 2.842140e+03 2.847585e+03 2.853688e+03 2.860422e+03 2.867762e+03 2.910049e+03 2.937240e+03 2.905071e+03 2.806907e+03 2.690914e+03 2.610642e+03 2.636924e+03 2.902249e+03 3.368547e+03 4.013097e+03 4.824875e+03 5.799399e+03
2.888007e+03 2.888007e+03 2.888007e+03 2.888009e+03 2.888017e+03 2.888259e+03 2.888977e+03 2.891509e+03 2.893227e+03 2.895189e+03 2.899713e+03 2.904892e+03 2.910633e+03 2.916901e+03 2.923692e+03 2.931012e+03 2.938858e+03 2.983058e+03 3.011499e+03 2.979449e+03 2.880259e+03 2.763147e+03 2.682755e+03 2.713044e+03 2.986949e+03 3.464709e+03 4.122509e+03 4.948595e+03 5.937876e+03
2.963715e+03 2.963715e+03 2.963715e+03 2.963718e+03 2.963725e+03 2.963970e+03 2.964712e+03 2.967340e+03 2.969086e+03 2.971059e+03 2.975576e+03 2.980755e+03 2.986529e+03 2.992868e+03 2.999762e+03 3.007213e+03 3.015214e+03 3.060492e+03 3.089999e+03 3.057986e+03 2.957633e+03 2.839242e+03 2.758618e+03 2.792890e+03 3.075471e+03 3.564768e+03 4.235837e+03 5.076218e+03 6.080253e+03
3.054338e+03 3.054338e+03 3.054338e+03 3.054338e+03 3.054339e+03 3.054375e+03 3.054522e+03 3.055459e+03 3.056323e+03 3.057463e+03 3.060551e+03 3.064630e+03 3.069586e+03 3.075329e+03 3.081803e+03 3.088974e+03 3.096812e+03 3.142426e+03 3.172882e+03 3.140854e+03 3.039203e+03 2.919366e+03 2.838392e+03 2.876614e+03 3.167959e+03 3.668858e+03 4.353199e+03 5.207847e+03 6.226613e+03
3.146201e+03 3.146201e+03 3.146202e+03 3.146202e+03 3.146203e+03 3.146237e+03 3.146350e+03 3.146931e+03 3.147478e+03 3.148243e+03 3.150488e+03 3.153713e+03 3.157880e+03 3.162943e+03 3.168865e+03 3.175618e+03 3.183167e+03 3.228844e+03 3.260277e+03 3.228231e+03 3.125152e+03 3.003696e+03 2.922246e+03 2.964372e+03 3.264561e+03 3.777115e+03 4.474717e+03 5.343584e+03 6.377041e+03
3.237116e+03 3.237116e+03 3.237116e+03 3.237117e+03 3.237121e+03 3.237229e+03 3.237552e+03 3.238708e+03 3.239511e+03 3.240459e+03 3.242816e+03 3.245856e+03 3.249667e+03 3.254318e+03 3.259856e+03 3.266304e+03 3.273648e+03 3.319695e+03 3.352329e+03 3.320311e+03 3.215678e+03 3.092420e+03 3.010359e+03 3.056331e+03 3.365430e+03 3.889678e+03 4.600516e+03 5.483536e+03 6.531622e+03
3.331804e+03 3.331804e+03 3.331804e+03 3.331805e+03 3.331808e+03 3.331917e+03 3.332252e+03 3.333488e+03 3.334333e+03 3.335307e+03 3.337639e+03 3.340554e+03 3.344180e+03 3.348642e+03 3.354034e+03 3.360409e+03 3.367767e+03 3.414985e+03 3.449213e+03 3.417308e+03 3.310994e+03 3.185740e+03 3.102920e+03 3.152661e+03 3.470724e+03 4.006690e+03 4.730719e+03 5.627809e+03 6.690442e+03
3.430865e+03 3.430865e+03 3.430865e+03 3.430865e+03 3.430866e+03 3.430900e+03 3.431028e+03 3.431673e+03 3.432213e+03 3.432909e+03 3.434812e+03 3.437474e+03 3.441004e+03 3.445503e+03 3.451044e+03 3.457661e+03 3.465340e+03 3.514845e+03 3.551158e+03 3.519463e+03 3.411327e+03 3.283868e+03 3.200129e+03 3.253544e+03 3.580606e+03 4.128296e+03 4.865454e+03 5.776508e+03 6.853587e+03
3.529578e+03 3.529578e+03 3.529578e+03 3.529578e+03 3.529579e+03 3.529611e+03 3.529712e+03 3.530200e+03 3.530653e+03 3.531286e+03 3.533170e+03 3.535994e+03 3.539859e+03 3.544833e+03 3.550951e+03 3.558213e+03 3.566577e+03 3.619577e+03 3.658455e+03 3.627044e+03 3.516924e+03 3.387030e+03 3.302196e+03 3.359168e+03 3.695242e+03 4.254642e+03 5.004847e+03 5.929742e+03 7.021144e+03
3.626639e+03 3.626639e+03 3.626639e+03 3.626640e+03 3.626644e+03 3.626759e+03 3.627072e+03 3.628191e+03 3.629008e+03 3.630020e+03 3.632716e+03 3.636437e+03 3.641282e+03 3.647290e+03 3.654464e+03 3.662775e+03 3.672164e+03 3.729655e+03 3.771456e+03 3.740347e+03 3.628046e+03 3.495465e+03 3.409345e+03 3.469727e+03 3.814804e+03 4.385877e+03 5.149027e+03 6.087617e+03 7.193202e+03
3.727057e+03 3.727057e+03 3.727057e+03 3.727058e+03 3.727062e+03 3.727184e+03 3.727565e+03 3.729118e+03 3.730317e+03 3.731811e+03 3.735697e+03 3.740787e+03 3.747062e+03 3.754491e+03 3.763030e+03 3.772632e+03 3.783231e+03 3.845684e+03 3.890556e+03 3.859686e+03 3.744970e+03 3.609424e+03 3.521807e+03 3.585426e+03 3.939470e+03 4.522154e+03 5.298122e+03 6.250243e+03 7.369848e+03
3.833272e+03 3.833272e+03 3.833272e+03 3.833274e+03 3.833278e+03 3.833447e+03 3.834014e+03 3.836333e+03 3.838076e+03 3.840195e+03 3.845489e+03 3.852080e+03 3.859847e+03 3.868699e+03 3.878570e+03 3.889405e+03 3.901148e+03 3.968312e+03 4.016169e+03 3.985394e+03 3.867986e+03 3.729172e+03 3.639827e+03 3.706475e+03 4.069418e+03 4.663624e+03 5.452260e+03 6.417725e+03 7.551168e+03
3.950429e+03 3.950429e+03 3.950429e+03 3.950431e+03 3.950440e+03 3.950699e+03 3.951507e+03 3.954641e+03 3.956884e+03 3.959527e+03 3.965894e+03 3.973545e+03 3.982327e+03 3.992137e+03 4.002909e+03 4.014598e+03 4.027161e+03 4.098133e+03 4.148702e+03 4.117809e+03 3.997398e+03 3.854985e+03 3.763659e+03 3.833092e+03 4.204835e+03 4.810443e+03 5.611571e+03 6.590171e+03 7.737251e+03
4.084335e+03 4.084335e+03 4.084335e+03 4.084338e+03 4.084346e+03 4.084605e+03 4.085391e+03 4.088389e+03 4.090569e+03 4.093173e+03 4.099538e+03 4.107261e+03 4.116165e+03 4.126143e+03 4.137136e+03 4.149110e+03 4.162026e+03 4.235594e+03 4.288531e+03 4.257275e+03 4.133519e+03 3.987151e+03 3.893569e+03 3.965503e+03 4.345908e+03 4.962765e+03 5.776183e+03 6.767687e+03 7.928182e+03
4.233094e+03 4.233095e+03 4.233095e+03 4.233096e+03 4.233102e+03 4.233292e+03 4.233886e+03 4.236322e+03 4.238171e+03 4.240420e+03 4.246031e+03 4.252995e+03 4.261210e+03 4.270623e+03 4.281211e+03 4.292954e+03 4.305810e+03 4.380973e+03 4.436005e+03 4.404139e+03 4.276675e+03 4.125971e+03 4.029834e+03 4.103939e+03 4.492828e+03 5.120747e+03 5.946223e+03 6.950378e+03 8.124048e+03
4.391978e+03 4.391978e+03 4.391978e+03 4.391980e+03 4.391986e+03 4.392176e+03 4.392760e+03 4.394939e+03 4.396473e+03 4.398295e+03 4.402828e+03 4.408608e+03 4.415711e+03 4.424190e+03 4.434074e+03 4.445355e+03 4.457981e+03 4.534410e+03 4.591449e+03 4.558752e+03 4.427199e+03 4.271755e+03 4.172740e+03 4.248641e+03 4.645790e+03 5.284545e+03 6.121818e+03 7.138347e+03 8.324933e+03
4.559791e+03 4.559791e+03 4.559791e+03 4.559792e+03 4.559793e+03 4.559845e+03 4.560051e+03 4.561120e+03 4.562021e+03 4.563192e+03 4.566433e+03 4.571028e+03 4.577130e+03 4.584841e+03 4.594202e+03 4.605201e+03 4.617764e+03 4.696014e+03 4.755191e+03 4.721473e+03 4.585440e+03 4.424827e+03 4.322585e+03 4.399852e+03 4.804991e+03 5.454315e+03 6.303095e+03 7.331697e+03 8.530921e+03
