4.550175e+06 2.832559e+06 2.432942e+06 1.619910e+06 1.295639e+06 6.815757e+05 5.207843e+05 4.171029e+05 3.934164e+05 3.768687e+05 3.548893e+05 3.398004e+05 3.266297e+05 3.126260e+05 2.963911e+05 2.776054e+05 2.567603e+05 1.542124e+05 9.291255e+04 6.310282e+04 4.810563e+04 3.999340e+04 3.534675e+04 3.099053e+04 2.968843e+04 2.984329e+04 3.089747e+04 3.265778e+04 3.507723e+04
6.591585e+05 6.591572e+05 6.591471e+05 6.582360e+05 6.532270e+05 5.675113e+05 4.829285e+05 4.058748e+05 3.858927e+05 3.714549e+05 3.516713e+05 3.376362e+05 3.250342e+05 3.113552e+05 2.953127e+05 2.766482e+05 2.558882e+05 1.536493e+05 9.257997e+04 6.290448e+04 4.798161e+04 3.991255e+04 3.529268e+04 3.096633e+04 2.967974e+04 2.984400e+04 3.090475e+04 3.267035e+04 3.509463e+04
4.991580e+05 4.991583e+05 4.991589e+05 4.991073e+05 4.986932e+05 4.826968e+05 4.434878e+05 3.930315e+05 3.773848e+05 3.654021e+05 3.481372e+05 3.352871e+05 3.233146e+05 3.099908e+05 2.941577e+05 2.756251e+05 2.549586e+05 1.530592e+05 9.223599e+04 6.270104e+04 4.785512e+04 3.983042e+04 3.523791e+04 3.094193e+04 2.967105e+04 2.984478e+04 3.091214e+04 3.268307e+04 3.511218e+04
4.349579e+05 4.349583e+05 4.349592e+05 4.349632e+05 4.349003e+05 4.272986e+05 4.160097e+05 3.798595e+05 3.683475e+05 3.589078e+05 3.443402e+05 3.327717e+05 3.214776e+05 3.085346e+05 2.929256e+05 2.745350e+05 2.539700e+05 1.524415e+05 9.188050e+04 6.249250e+04 4.772614e+04 3.974700e+04 3.518245e+04 3.091736e+04 2.966235e+04 2.984564e+04 3.091965e+04 3.269592e+04 3.512990e+04
4.001706e+05 4.001708e+05 4.001714e+05 4.001812e+05 4.001796e+05 3.964121e+05 3.916679e+05 3.688913e+05 3.595687e+05 3.522828e+05 3.403534e+05 3.301132e+05 3.195311e+05 3.069889e+05 2.916163e+05 2.733767e+05 2.529210e+05 1.517958e+05 9.151342e+04 6.227886e+04 4.759471e+04 3.966230e+04 3.512632e+04 3.089261e+04 2.965367e+04 2.984658e+04 3.092727e+04 3.270891e+04 3.514777e+04
3.783493e+05 3.783495e+05 3.783500e+05 3.783596e+05 3.783716e+05 3.766117e+05 3.724270e+05 3.610386e+05 3.524995e+05 3.460599e+05 3.362897e+05 3.273444e+05 3.174860e+05 3.053566e+05 2.902297e+05 2.721490e+05 2.518103e+05 1.511215e+05 9.113468e+04 6.206011e+04 4.746081e+04 3.957635e+04 3.506951e+04 3.086768e+04 2.964498e+04 2.984760e+04 3.093501e+04 3.272205e+04 3.516581e+04
3.634079e+05 3.634081e+05 3.634084e+05 3.634162e+05 3.634302e+05 3.626009e+05 3.587962e+05 3.539333e+05 3.473498e+05 3.411558e+05 3.323305e+05 3.245164e+05 3.153587e+05 3.036427e+05 2.887667e+05 2.708512e+05 2.506365e+05 1.504183e+05 9.074423e+04 6.183627e+04 4.732448e+04 3.948914e+04 3.501204e+04 3.084259e+04 2.963631e+04 2.984870e+04 3.094288e+04 3.273532e+04 3.518400e+04
3.525220e+05 3.525221e+05 3.525223e+05 3.525286e+05 3.525414e+05 3.521410e+05 3.490647e+05 3.467961e+05 3.427537e+05 3.375257e+05 3.287623e+05 3.217075e+05 3.131744e+05 3.018554e+05 2.872290e+05 2.694829e+05 2.493986e+05 1.496857e+05 9.034203e+04 6.160736e+04 4.718574e+04 3.940069e+04 3.495391e+04 3.081734e+04 2.962765e+04 2.984989e+04 3.095086e+04 3.274875e+04 3.520236e+04
3.441983e+05 3.441983e+05 3.441986e+05 3.442038e+05 3.442151e+05 3.440226e+05 3.417207e+05 3.399170e+05 3.380905e+05 3.343239e+05 3.260161e+05 3.190337e+05 3.109712e+05 3.000076e+05 2.856207e+05 2.680447e+05 2.480960e+05 1.489234e+05 8.992808e+04 6.137339e+04 4.704459e+04 3.931103e+04 3.489514e+04 3.079193e+04 2.961901e+04 2.985116e+04 3.095896e+04 3.276231e+04 3.522089e+04
3.375861e+05 3.375861e+05 3.375863e+05 3.375906e+05 3.376004e+05 3.375153e+05 3.358629e+05 3.337498e+05 3.333246e+05 3.311005e+05 3.239173e+05 3.166707e+05 3.088039e+05 2.981191e+05 2.839486e+05 2.665385e+05 2.467289e+05 1.481312e+05 8.950239e+04 6.113441e+04 4.690106e+04 3.922015e+04 3.483574e+04 3.076637e+04 2.961038e+04 2.985252e+04 3.096720e+04 3.277603e+04 3.523957e+04
3.321715e+05 3.321715e+05 3.321716e+05 3.321751e+05 3.321832e+05 3.321604e+05 3.310017e+05 3.285057e+05 3.286881e+05 3.277239e+05 3.220874e+05 3.148377e+05 3.067492e+05 2.962174e+05 2.822230e+05 2.649679e+05 2.452982e+05 1.473089e+05 8.906498e+04 6.089046e+04 4.675519e+04 3.912808e+04 3.477572e+04 3.074067e+04 2.960178e+04 2.985398e+04 3.097555e+04 3.278989e+04 3.525843e+04
3.150543e+05 3.150544e+05 3.150544e+05 3.150563e+05 3.150611e+05 3.151247e+05 3.149700e+05 3.130002e+05 3.122851e+05 3.122801e+05 3.119714e+05 3.079037e+05 2.996942e+05 2.881045e+05 2.735472e+05 2.564516e+05 2.373171e+05 1.427509e+05 8.670538e+04 5.959793e+04 4.599172e+04 3.865057e+04 3.446670e+04 3.061016e+04 2.955919e+04 2.986269e+04 3.101927e+04 3.286146e+04 3.535523e+04
3.063059e+05 3.063059e+05 3.063059e+05 3.063072e+05 3.063109e+05 3.063818e+05 3.064440e+05 3.055604e+05 3.044814e+05 3.033455e+05 3.014334e+05 2.983570e+05 2.916865e+05 2.806679e+05 2.658464e+05 2.482077e+05 2.288430e+05 1.375086e+05 8.407567e+04 5.819178e+04 4.517519e+04 3.814653e+04 3.414413e+04 3.047692e+04 2.951763e+04 2.987397e+04 3.106634e+04 3.293691e+04 3.545635e+04
3.018960e+05 3.018960e+05 3.018959e+05 3.018925e+05 3.018818e+05 3.016620e+05 3.012201e+05 2.994404e+05 2.978870e+05 2.959312e+05 2.914648e+05 2.864494e+05 2.796069e+05 2.694979e+05 2.557078e+05 2.388462e+05 2.200478e+05 1.317835e+05 8.122014e+04 5.668748e+04 4.431243e+04 3.761947e+04 3.381003e+04 3.034179e+04 2.947755e+04 2.988811e+04 3.111697e+04 3.301638e+04 3.556192e+04
2.907765e+05 2.907765e+05 2.907765e+05 2.907758e+05 2.907738e+05 2.906957e+05 2.903069e+05 2.880188e+05 2.861269e+05 2.838004e+05 2.782030e+05 2.717842e+05 2.642153e+05 2.545237e+05 2.419985e+05 2.267034e+05 2.094012e+05 1.259687e+05 7.821265e+04 5.510763e+04 4.341249e+04 3.707374e+04 3.346676e+04 3.020568e+04 2.943937e+04 2.990535e+04 3.117131e+04 3.310001e+04 3.567205e+04
2.712485e+05 2.712485e+05 2.712485e+05 2.712472e+05 2.712434e+05 2.711015e+05 2.705315e+05 2.682156e+05 2.665550e+05 2.645686e+05 2.596461e+05 2.535540e+05 2.461918e+05 2.370972e+05 2.257937e+05 2.122068e+05 1.967940e+05 1.201281e+05 7.515981e+04 5.348242e+04 4.248684e+04 3.651459e+04 3.311710e+04 3.006960e+04 2.940358e+04 2.992596e+04 3.122956e+04 3.318795e+04 3.578689e+04
2.444784e+05 2.444784e+05 2.444783e+05 2.444779e+05 2.444763e+05 2.444207e+05 2.442192e+05 2.431830e+05 2.422651e+05 2.410527e+05 2.376798e+05 2.329298e+05 2.266472e+05 2.186031e+05 2.085898e+05 1.966270e+05 1.830742e+05 1.140900e+05 7.220086e+04 5.184960e+04 4.154936e+04 3.594821e+04 3.276418e+04 2.993464e+04 2.937066e+04 2.995020e+04 3.129188e+04 3.328033e+04 3.590655e+04
2.202829e+05 2.202828e+05 2.202828e+05 2.202822e+05 2.202801e+05 2.202065e+05 2.199852e+05 2.191545e+05 2.185285e+05 2.177341e+05 2.154899e+05 2.120509e+05 2.070615e+05 2.002738e+05 1.915906e+05 1.811283e+05 1.692479e+05 1.078774e+05 6.933572e+04 5.025580e+04 4.061632e+04 3.538175e+04 3.241161e+04 2.980199e+04 2.934113e+04 2.997836e+04 3.135846e+04 3.337730e+04 3.603116e+04
1.975849e+05 1.975849e+05 1.975849e+05 1.975847e+05 1.975840e+05 1.975597e+05 1.974746e+05 1.970628e+05 1.967115e+05 1.962440e+05 1.948302e+05 1.924302e+05 1.885956e+05 1.830122e+05 1.755889e+05 1.664794e+05 1.560563e+05 1.016327e+05 6.652580e+04 4.875153e+04 3.970647e+04 3.482330e+04 3.206340e+04 2.967295e+04 2.931552e+04 3.001071e+04 3.142948e+04 3.347899e+04 3.616085e+04
1.781106e+05 1.781106e+05 1.781106e+05 1.781105e+05 1.781103e+05 1.780993e+05 1.780581e+05 1.778493e+05 1.776612e+05 1.773978e+05 1.765239e+05 1.748518e+05 1.719110e+05 1.673409e+05 1.610186e+05 1.530885e+05 1.439147e+05 9.553970e+04 6.376669e+04 4.732384e+04 3.884286e+04 3.428195e+04 3.172404e+04 2.954893e+04 2.929440e+04 3.004753e+04 3.150510e+04 3.358553e+04 3.629572e+04
1.618132e+05 1.618132e+05 1.618132e+05 1.618131e+05 1.618129e+05 1.618057e+05 1.617785e+05 1.616426e+05 1.615225e+05 1.613543e+05 1.607704e+05 1.595510e+05 1.572397e+05 1.534555e+05 1.480404e+05 1.411065e+05 1.329902e+05 8.975927e+04 6.107395e+04 4.595675e+04 3.804496e+04 3.376805e+04 3.139848e+04 2.943150e+04 2.927840e+04 3.008912e+04 3.158551e+04 3.369707e+04 3.643591e+04
1.480775e+05 1.480775e+05 1.480775e+05 1.480774e+05 1.480773e+05 1.480716e+05 1.480503e+05 1.479495e+05 1.478637e+05 1.477449e+05 1.473233e+05 1.463863e+05 1.445104e+05 1.413186e+05 1.366300e+05 1.305214e+05 1.232929e+05 8.439841e+04 5.847460e+04 4.464313e+04 3.730151e+04 3.329500e+04 3.109229e+04 2.932234e+04 2.926818e+04 3.013579e+04 3.167089e+04 3.381373e+04 3.658153e+04
1.363541e+05 1.363541e+05 1.363541e+05 1.363541e+05 1.363540e+05 1.363505e+05 1.363372e+05 1.362702e+05 1.362117e+05 1.361292e+05 1.358195e+05 1.350769e+05 1.335145e+05 1.307732e+05 1.266633e+05 1.212336e+05 1.147480e+05 7.950833e+04 5.599840e+04 4.338127e+04 3.660385e+04 3.286994e+04 3.081190e+04 2.922333e+04 2.926444e+04 3.018788e+04 3.176144e+04 3.393566e+04 3.673272e+04
1.263100e+05 1.263100e+05 1.263100e+05 1.263099e+05 1.263099e+05 1.263082e+05 1.263004e+05 1.262603e+05 1.262247e+05 1.261722e+05 1.259494e+05 1.253511e+05 1.240227e+05 1.216283e+05 1.179801e+05 1.131075e+05 1.072431e+05 7.509685e+04 5.367098e+04 4.217348e+04 3.594650e+04 3.248477e+04 3.056608e+04 2.913654e+04 2.926799e+04 3.024575e+04 3.185736e+04 3.406301e+04 3.688959e+04
1.176811e+05 1.176811e+05 1.176811e+05 1.176811e+05 1.176812e+05 1.176829e+05 1.176850e+05 1.176780e+05 1.176639e+05 1.176360e+05 1.174776e+05 1.169827e+05 1.158266e+05 1.136979e+05 1.104165e+05 1.059998e+05 1.006546e+05 7.114367e+04 5.151003e+04 4.102470e+04 3.532600e+04 3.213406e+04 3.035652e+04 2.906427e+04 2.927968e+04 3.030979e+04 3.195886e+04 3.419592e+04 3.705227e+04
1.103764e+05 1.103764e+05 1.103764e+05 1.103764e+05 1.103764e+05 1.103760e+05 1.103750e+05 1.103682e+05 1.103582e+05 1.103374e+05 1.102062e+05 1.097713e+05 1.087335e+05 1.068041e+05 1.038128e+05 9.976943e+04 9.485952e+04 6.761303e+04 4.952441e+04 3.994089e+04 3.474063e+04 3.181381e+04 3.017750e+04 2.900919e+04 2.930046e+04 3.038044e+04 3.206619e+04 3.433456e+04 3.722091e+04
1.041045e+05 1.041045e+05 1.041045e+05 1.041045e+05 1.041046e+05 1.041045e+05 1.041031e+05 1.040896e+05 1.040744e+05 1.040491e+05 1.039177e+05 1.035109e+05 1.025525e+05 1.007743e+05 9.801587e+04 9.428233e+04 8.974158e+04 6.446279e+04 4.771523e+04 3.892771e+04 3.419010e+04 3.152097e+04 3.002528e+04 2.897472e+04 2.933141e+04 3.045815e+04 3.217959e+04 3.447910e+04 3.739563e+04
9.862330e+04 9.862330e+04 9.862330e+04 9.862327e+04 9.862318e+04 9.862052e+04 9.861264e+04 9.858148e+04 9.855759e+04 9.852473e+04 9.838697e+04 9.799827e+04 9.710183e+04 9.544773e+04 9.288519e+04 8.941667e+04 8.519568e+04 6.165027e+04 4.607778e+04 3.798958e+04 3.367515e+04 3.125332e+04 2.989686e+04 2.896516e+04 2.937372e+04 3.054347e+04 3.229936e+04 3.462972e+04 3.757660e+04
9.364819e+04 9.364819e+04 9.364819e+04 9.364818e+04 9.364812e+04 9.364622e+04 9.363999e+04 9.361206e+04 9.358966e+04 9.355874e+04 9.342983e+04 9.306758e+04 9.223262e+04 9.069172e+04 8.830380e+04 8.507025e+04 8.113307e+04 5.913571e+04 4.460353e+04 3.712924e+04 3.319712e+04 3.100941e+04 2.978975e+04 2.897841e+04 2.942878e+04 3.063697e+04 3.242580e+04 3.478664e+04 3.776397e+04
8.910715e+04 8.910715e+04 8.910715e+04 8.910714e+04 8.910712e+04 8.910612e+04 8.910264e+04 8.908650e+04 8.907207e+04 8.904990e+04 8.894244e+04 8.861542e+04 8.784457e+04 8.641160e+04 8.418449e+04 8.116432e+04 7.748358e+04 5.688400e+04 4.328183e+04 3.634765e+04 3.275755e+04 3.078847e+04 2.970192e+04 2.901155e+04 2.949831e+04 3.073932e+04 3.255926e+04 3.495007e+04 3.795791e+04
8.500331e+04 8.500331e+04 8.500331e+04 8.500331e+04 8.500330e+04 8.500308e+04 8.500179e+04 8.499299e+04 8.498385e+04 8.496827e+04 8.487982e+04 8.458671e+04 8.387715e+04 8.254525e+04 8.046647e+04 7.764145e+04 7.419422e+04 5.486516e+04 4.210119e+04 3.564414e+04 3.235782e+04 3.059025e+04 2.963175e+04 2.906247e+04 2.958481e+04 3.085126e+04 3.270012e+04 3.512025e+04 3.815861e+04
8.130975e+04 8.130975e+04 8.130975e+04 8.130975e+04 8.130974e+04 8.130933e+04 8.130776e+04 8.130035e+04 8.129351e+04 8.128164e+04 8.120694e+04 8.094292e+04 8.028886e+04 7.904949e+04 7.710643e+04 7.445952e+04 7.122508e+04 5.305395e+04 4.105010e+04 3.501674e+04 3.199896e+04 3.041486e+04 2.957807e+04 2.912930e+04 2.968983e+04 3.097368e+04 3.284883e+04 3.529747e+04 3.836627e+04
7.796474e+04 7.796474e+04 7.796474e+04 7.796474e+04 7.796474e+04 7.796479e+04 7.796453e+04 7.796118e+04 7.795712e+04 7.794894e+04 7.788690e+04 7.764939e+04 7.704594e+04 7.589087e+04 7.407126e+04 7.158622e+04 6.854512e+04 5.142910e+04 4.011749e+04 3.446250e+04 3.168147e+04 3.026263e+04 2.954005e+04 2.921041e+04 2.981109e+04 3.110762e+04 3.300586e+04 3.548201e+04 3.858111e+04
7.494378e+04 7.494378e+04 7.494378e+04 7.494378e+04 7.494379e+04 7.494387e+04 7.494381e+04 7.494285e+04 7.494171e+04 7.493780e+04 7.488969e+04 7.467808e+04 7.412133e+04 7.304263e+04 7.133438e+04 6.899534e+04 6.612892e+04 4.997244e+04 3.929296e+04 3.397776e+04 3.140533e+04 3.013393e+04 2.951720e+04 2.930431e+04 2.994693e+04 3.125443e+04 3.317178e+04 3.567422e+04 3.880338e+04
7.221012e+04 7.221012e+04 7.221012e+04 7.221013e+04 7.221014e+04 7.221061e+04 7.221250e+04 7.222127e+04 7.222674e+04 7.222995e+04 7.219813e+04 7.201057e+04 7.149476e+04 7.048294e+04 6.887304e+04 6.666402e+04 6.395414e+04 4.866803e+04 3.856687e+04 3.355846e+04 3.116998e+04 3.002910e+04 2.950926e+04 2.940971e+04 3.009598e+04 3.141617e+04 3.334722e+04 3.587446e+04 3.903333e+04
6.979271e+04 6.979271e+04 6.979271e+04 6.979274e+04 6.979282e+04 6.979505e+04 6.980052e+04 6.981637e+04 6.982474e+04 6.983066e+04 6.980562e+04 6.963229e+04 6.914690e+04 6.818999e+04 6.666458e+04 6.456979e+04 6.199924e+04 4.750155e+04 3.793035e+04 3.320032e+04 3.097442e+04 2.994831e+04 2.951614e+04 2.952548e+04 3.025705e+04 3.159263e+04 3.353295e+04 3.608316e+04 3.927125e+04
6.770926e+04 6.770926e+04 6.770926e+04 6.770926e+04 6.770927e+04 6.770950e+04 6.771013e+04 6.771288e+04 6.771499e+04 6.771553e+04 6.768399e+04 6.751405e+04 6.704889e+04 6.613605e+04 6.468286e+04 6.268848e+04 6.024216e+04 4.645990e+04 3.737527e+04 3.289899e+04 3.081725e+04 2.989156e+04 2.953784e+04 2.965068e+04 3.042903e+04 3.178223e+04 3.372987e+04 3.630077e+04 3.951747e+04
6.581394e+04 6.581394e+04 6.581394e+04 6.581395e+04 6.581396e+04 6.581413e+04 6.581448e+04 6.581521e+04 6.581532e+04 6.581346e+04 6.577810e+04 6.561092e+04 6.516274e+04 6.428822e+04 6.289910e+04 6.099478e+04 5.866065e+04 4.553106e+04 3.689416e+04 3.265018e+04 3.069680e+04 2.985866e+04 2.957441e+04 2.978455e+04 3.061089e+04 3.198392e+04 3.393929e+04 3.652785e+04 3.977233e+04
6.407711e+04 6.407711e+04 6.407711e+04 6.407711e+04 6.407712e+04 6.407747e+04 6.407832e+04 6.408037e+04 6.408102e+04 6.407954e+04 6.404548e+04 6.388439e+04 6.345408e+04 6.261606e+04 6.128642e+04 5.946507e+04 5.723404e+04 4.470415e+04 3.648028e+04 3.244974e+04 3.061118e+04 2.984919e+04 2.962587e+04 2.992648e+04 3.080172e+04 3.219680e+04 3.416266e+04 3.676499e+04 4.003622e+04
6.249120e+04 6.249120e+04 6.249120e+04 6.249121e+04 6.249122e+04 6.249148e+04 6.249216e+04 6.249454e+04 6.249572e+04 6.249499e+04 6.246368e+04 6.231032e+04 6.189869e+04 6.109635e+04 5.982329e+04 5.807981e+04 5.594482e+04 4.396952e+04 3.612746e+04 3.229368e+04 3.055837e+04 2.986256e+04 2.969220e+04 3.007605e+04 3.100069e+04 3.242009e+04 3.439901e+04 3.701293e+04 4.030958e+04
6.104026e+04 6.104026e+04 6.104026e+04 6.104026e+04 6.104028e+04 6.104077e+04 6.104205e+04 6.104571e+04 6.104743e+04 6.104729e+04 6.101854e+04 6.087305e+04 6.048013e+04 5.971264e+04 5.849382e+04 5.682403e+04 5.477918e+04 4.331873e+04 3.583018e+04 3.217827e+04 3.053626e+04 2.989801e+04 2.977333e+04 3.023293e+04 3.120707e+04 3.265305e+04 3.464738e+04 3.727257e+04 4.059288e+04
5.972026e+04 5.972026e+04 5.972026e+04 5.972026e+04 5.972027e+04 5.972051e+04 5.972114e+04 5.972335e+04 5.972461e+04 5.972438e+04 5.969771e+04 5.956044e+04 5.918659e+04 5.845344e+04 5.728681e+04 5.568691e+04 5.372674e+04 4.274450e+04 3.558341e+04 3.209997e+04 3.054275e+04 2.995464e+04 2.986909e+04 3.039692e+04 3.142023e+04 3.289501e+04 3.490709e+04 3.754528e+04 4.088667e+04
5.850593e+04 5.850593e+04 5.850593e+04 5.850593e+04 5.850594e+04 5.850620e+04 5.850687e+04 5.850925e+04 5.851101e+04 5.851190e+04 5.849025e+04 5.836397e+04 5.801080e+04 5.731183e+04 5.619523e+04 5.466114e+04 5.277998e+04 4.224045e+04 3.538260e+04 3.205549e+04 3.057574e+04 3.003148e+04 2.997923e+04 3.056793e+04 3.163965e+04 3.314536e+04 3.517757e+04 3.783163e+04 4.119158e+04
5.738657e+04 5.738657e+04 5.738657e+04 5.738658e+04 5.738659e+04 5.738684e+04 5.738783e+04 5.739459e+04 5.740042e+04 5.740614e+04 5.739571e+04 5.728396e+04 5.695229e+04 5.628587e+04 5.521560e+04 5.374195e+04 5.193324e+04 4.180082e+04 3.522358e+04 3.204178e+04 3.063317e+04 3.012746e+04 3.010342e+04 3.074590e+04 3.186491e+04 3.340354e+04 3.545831e+04 3.813068e+04 4.150834e+04
5.637723e+04 5.637723e+04 5.637723e+04 5.637725e+04 5.637733e+04 5.637969e+04 5.638657e+04 5.640782e+04 5.642012e+04 5.643152e+04 5.643104e+04 5.633033e+04 5.601540e+04 5.537583e+04 5.434535e+04 5.292490e+04 5.118098e+04 4.142016e+04 3.510252e+04 3.205600e+04 3.071308e+04 3.024148e+04 3.024127e+04 3.093086e+04 3.209570e+04 3.366905e+04 3.574885e+04 3.844187e+04 4.183792e+04
5.558433e+04 5.558433e+04 5.558433e+04 5.558433e+04 5.558435e+04 5.558496e+04 5.558705e+04 5.559722e+04 5.560490e+04 5.561246e+04 5.560677e+04 5.550560e+04 5.519797e+04 5.457680e+04 5.357804e+04 5.220286e+04 5.051588e+04 4.109308e+04 3.501583e+04 3.209553e+04 3.081360e+04 3.037243e+04 3.039233e+04 3.112285e+04 3.233179e+04 3.394147e+04 3.604875e+04 3.876474e+04 4.218162e+04
5.490020e+04 5.490020e+04 5.490020e+04 5.490021e+04 5.490022e+04 5.490052e+04 5.490145e+04 5.490542e+04 5.490846e+04 5.491095e+04 5.489568e+04 5.478863e+04 5.448260e+04 5.387393e+04 5.290077e+04 5.156449e+04 4.992795e+04 4.081422e+04 3.496022e+04 3.215796e+04 3.093295e+04 3.051921e+04 3.055611e+04 3.132194e+04 3.257305e+04 3.422043e+04 3.635764e+04 3.909895e+04 4.253929e+04
5.427580e+04 5.427580e+04 5.427580e+04 5.427580e+04 5.427581e+04 5.427602e+04 5.427664e+04 5.427881e+04 5.428011e+04 5.428032e+04 5.425965e+04 5.414879e+04 5.384456e+04 5.324708e+04 5.229695e+04 5.099605e+04 4.940573e+04 4.057836e+04 3.493266e+04 3.224110e+04 3.106950e+04 3.068074e+04 3.073209e+04 3.152821e+04 3.281942e+04 3.450565e+04 3.667517e+04 3.944419e+04 4.291027e+04
5.369619e+04 5.369619e+04 5.369619e+04 5.369619e+04 5.369619e+04 5.369632e+04 5.369665e+04 5.369765e+04 5.369812e+04 5.369735e+04 5.367461e+04 5.356327e+04 5.326334e+04 5.267836e+04 5.175128e+04 5.048459e+04 4.893835e+04 4.038073e+04 3.493038e+04 3.234297e+04 3.122171e+04 3.085598e+04 3.091974e+04 3.174175e+04 3.307091e+04 3.479691e+04 3.700105e+04 3.980017e+04 4.329421e+04
5.314964e+04 5.314964e+04 5.314964e+04 5.314964e+04 5.314964e+04 5.314971e+04 5.314994e+04 5.315099e+04 5.315155e+04 5.315086e+04 5.312855e+04 5.301940e+04 5.272624e+04 5.215565e+04 5.125269e+04 5.002028e+04 4.851723e+04 4.021721e+04 3.495098e+04 3.246178e+04 3.138821e+04 3.104396e+04 3.111851e+04 3.196263e+04 3.332761e+04 3.509405e+04 3.733502e+04 4.016665e+04 4.369084e+04
5.263367e+04 5.263367e+04 5.263368e+04 5.263368e+04 5.263369e+04 5.263397e+04 5.263476e+04 5.263717e+04 5.263836e+04 5.263825e+04 5.261743e+04 5.251184e+04 5.222707e+04 5.167240e+04 5.079465e+04 4.959695e+04 4.813672e+04 4.008454e+04 3.499235e+04 3.259596e+04 3.156772e+04 3.124374e+04 3.132788e+04 3.219094e+04 3.358964e+04 3.539699e+04 3.767686e+04 4.054342e+04 4.409995e+04
5.215729e+04 5.215729e+04 5.215729e+04 5.215729e+04 5.215730e+04 5.215745e+04 5.215789e+04 5.215952e+04 5.216049e+04 5.216036e+04 5.214055e+04 5.203895e+04 5.176360e+04 5.122606e+04 5.037445e+04 4.921179e+04 4.779397e+04 3.998030e+04 3.505272e+04 3.274412e+04 3.175912e+04 3.145449e+04 3.154735e+04 3.242674e+04 3.385718e+04 3.570570e+04 3.802642e+04 4.093028e+04 4.452138e+04
5.171044e+04 5.171044e+04 5.171044e+04 5.171044e+04 5.171045e+04 5.171065e+04 5.171120e+04 5.171305e+04 5.171418e+04 5.171438e+04 5.169659e+04 5.160045e+04 5.133616e+04 5.081712e+04 4.999243e+04 4.886476e+04 4.748851e+04 3.990284e+04 3.513062e+04 3.290505e+04 3.196141e+04 3.167542e+04 3.177642e+04 3.267011e+04 3.413043e+04 3.602025e+04 3.838357e+04 4.132707e+04 4.495496e+04
5.129299e+04 5.129299e+04 5.129299e+04 5.129299e+04 5.129300e+04 5.129320e+04 5.129381e+04 5.129624e+04 5.129823e+04 5.129989e+04 5.128715e+04 5.119961e+04 5.094879e+04 5.044956e+04 4.965188e+04 4.855824e+04 4.722176e+04 3.985098e+04 3.522477e+04 3.307772e+04 3.217371e+04 3.190585e+04 3.201466e+04 3.292111e+04 3.440964e+04 3.634072e+04 3.874826e+04 4.173368e+04 4.540058e+04
5.090524e+04 5.090524e+04 5.090524e+04 5.090524e+04 5.090525e+04 5.090548e+04 5.090646e+04 5.091314e+04 5.091904e+04 5.092535e+04 5.092306e+04 5.084736e+04 5.061110e+04 5.013103e+04 4.935843e+04 4.829602e+04 4.699597e+04 3.982379e+04 3.533409e+04 3.326121e+04 3.239524e+04 3.214515e+04 3.226165e+04 3.317981e+04 3.469506e+04 3.666726e+04 3.912047e+04 4.214999e+04 4.585813e+04
5.056933e+04 5.056933e+04 5.056933e+04 5.056935e+04 5.056942e+04 5.057148e+04 5.057768e+04 5.059814e+04 5.061044e+04 5.062236e+04 5.062931e+04 5.056193e+04 5.033573e+04 4.986991e+04 4.911732e+04 4.808108e+04 4.681259e+04 3.982022e+04 3.545762e+04 3.345475e+04 3.262533e+04 3.239278e+04 3.251704e+04 3.344626e+04 3.498699e+04 3.700008e+04 3.950023e+04 4.257595e+04 4.632752e+04
5.039498e+04 5.039498e+04 5.039498e+04 5.039498e+04 5.039498e+04 5.039537e+04 5.039753e+04 5.040787e+04 5.041544e+04 5.042318e+04 5.042355e+04 5.035262e+04 5.012717e+04 4.966787e+04 4.892861e+04 4.791260e+04 4.667031e+04 3.983895e+04 3.559445e+04 3.365767e+04 3.286344e+04 3.264828e+04 3.278049e+04 3.372054e+04 3.528571e+04 3.733943e+04 3.988762e+04 4.301153e+04 4.680870e+04
5.028844e+04 5.028844e+04 5.028844e+04 5.028844e+04 5.028844e+04 5.028852e+04 5.028875e+04 5.029026e+04 5.029198e+04 5.029361e+04 5.028250e+04 5.020277e+04 4.997299e+04 4.951540e+04 4.878487e+04 4.778469e+04 4.656448e+04 3.987831e+04 3.574377e+04 3.386941e+04 3.310909e+04 3.291126e+04 3.305174e+04 3.400272e+04 3.559155e+04 3.768558e+04 4.028278e+04 4.345674e+04 4.730162e+04
5.018347e+04 5.018347e+04 5.018347e+04 5.018347e+04 5.018347e+04 5.018360e+04 5.018395e+04 5.018516e+04 5.018592e+04 5.018591e+04 5.017001e+04 5.008531e+04 4.985287e+04 4.939714e+04 4.867448e+04 4.768860e+04 4.648848e+04 3.993652e+04 3.590481e+04 3.408949e+04 3.336190e+04 3.318139e+04 3.333057e+04 3.429290e+04 3.590482e+04 3.803885e+04 4.068587e+04 4.391161e+04 4.780627e+04
5.008293e+04 5.008293e+04 5.008293e+04 5.008293e+04 5.008294e+04 5.008311e+04 5.008357e+04 5.008511e+04 5.008598e+04 5.008590e+04 5.006924e+04 4.998365e+04 4.975196e+04 4.930059e+04 4.858733e+04 4.761636e+04 4.643617e+04 4.001195e+04 3.607695e+04 3.431753e+04 3.362158e+04 3.345843e+04 3.361682e+04 3.459116e+04 3.622585e+04 3.839959e+04 4.109710e+04 4.437623e+04 4.832265e+04
4.998944e+04 4.998944e+04 4.998944e+04 4.998944e+04 4.998945e+04 4.998962e+04 4.999009e+04 4.999177e+04 4.999272e+04 4.999273e+04 4.997636e+04 4.989192e+04 4.966358e+04 4.921922e+04 4.851759e+04 4.756308e+04 4.640359e+04 4.010335e+04 3.625965e+04 3.455323e+04 3.388789e+04 3.374219e+04 3.391035e+04 3.489763e+04 3.655498e+04 3.876816e+04 4.151673e+04 4.485070e+04 4.885078e+04
4.990373e+04 4.990373e+04 4.990373e+04 4.990373e+04 4.990374e+04 4.990389e+04 4.990431e+04 4.990581e+04 4.990667e+04 4.990667e+04 4.989104e+04 4.980924e+04 4.958653e+04 4.915167e+04 4.846390e+04 4.752748e+04 4.638956e+04 4.021003e+04 3.645254e+04 3.479639e+04 3.416069e+04 3.403256e+04 3.421110e+04 3.521245e+04 3.689256e+04 3.914497e+04 4.194504e+04 4.533516e+04 4.939073e+04
4.982445e+04 4.982445e+04 4.982445e+04 4.982445e+04 4.982446e+04 4.982455e+04 4.982480e+04 4.982585e+04 4.982675e+04 4.982723e+04 4.981432e+04 4.973796e+04 4.952381e+04 4.910100e+04 4.842892e+04 4.751161e+04 4.639549e+04 4.033177e+04 3.665536e+04 3.504685e+04 3.443990e+04 3.432947e+04 3.451904e+04 3.553575e+04 3.723893e+04 3.953042e+04 4.238234e+04 4.582981e+04 4.994256e+04
4.974710e+04 4.974710e+04 4.974710e+04 4.974710e+04 4.974710e+04 4.974715e+04 4.974738e+04 4.975045e+04 4.975390e+04 4.975776e+04 4.975331e+04 4.968691e+04 4.948422e+04 4.907492e+04 4.841885e+04 4.752009e+04 4.642464e+04 4.046867e+04 3.686794e+04 3.530453e+04 3.472548e+04 3.463293e+04 3.483421e+04 3.586773e+04 3.759446e+04 3.992494e+04 4.282899e+04 4.633484e+04 5.050639e+04
4.967851e+04 4.967851e+04 4.967851e+04 4.967853e+04 4.967859e+04 4.968037e+04 4.968549e+04 4.970239e+04 4.971301e+04 4.972365e+04 4.973114e+04 4.967511e+04 4.948253e+04 4.908441e+04 4.844155e+04 4.755833e+04 4.648057e+04 4.062080e+04 3.709015e+04 3.556942e+04 3.501747e+04 3.494297e+04 3.515668e+04 3.620857e+04 3.795952e+04 4.032897e+04 4.328537e+04 4.685051e+04 5.108233e+04
4.972578e+04 4.972578e+04 4.972578e+04 4.972580e+04 4.972585e+04 4.972762e+04 4.973255e+04 4.974879e+04 4.975913e+04 4.976954e+04 4.977686e+04 4.972142e+04 4.953098e+04 4.913737e+04 4.850197e+04 4.762936e+04 4.656500e+04 4.078800e+04 3.732189e+04 3.584154e+04 3.531596e+04 3.525972e+04 3.548658e+04 3.655849e+04 3.833447e+04 4.074296e+04 4.375187e+04 4.737708e+04 5.167053e+04
4.987768e+04 4.987768e+04 4.987768e+04 4.987769e+04 4.987769e+04 4.987786e+04 4.987844e+04 4.988226e+04 4.988596e+04 4.989003e+04 4.988625e+04 4.982236e+04 4.962659e+04 4.923121e+04 4.859791e+04 4.773125e+04 4.667631e+04 4.096968e+04 3.756302e+04 3.612094e+04 3.562108e+04 3.558331e+04 3.582405e+04 3.691776e+04 3.871971e+04 4.116739e+04 4.422890e+04 4.791485e+04 5.227118e+04
5.003330e+04 5.003330e+04 5.003330e+04 5.003330e+04 5.003331e+04 5.003346e+04 5.003388e+04 5.003551e+04 5.003678e+04 5.003767e+04 5.002632e+04 4.995482e+04 4.975293e+04 4.935408e+04 4.872072e+04 4.785771e+04 4.680989e+04 4.116492e+04 3.781346e+04 3.640775e+04 3.593300e+04 3.591396e+04 3.616933e+04 3.728664e+04 3.911563e+04 4.160270e+04 4.471692e+04 4.846414e+04 5.288448e+04
5.018429e+04 5.018429e+04 5.018429e+04 5.018429e+04 5.018429e+04 5.018440e+04 5.018471e+04 5.018598e+04 5.018687e+04 5.018711e+04 5.017344e+04 5.009870e+04 4.989370e+04 4.949315e+04 4.886054e+04 4.800127e+04 4.696018e+04 4.137271e+04 3.807311e+04 3.670210e+04 3.625195e+04 3.625190e+04 3.652265e+04 3.766542e+04 3.952263e+04 4.204940e+04 4.521636e+04 4.902530e+04 5.351064e+04
5.032853e+04 5.032853e+04 5.032853e+04 5.032853e+04 5.032854e+04 5.032878e+04 5.032944e+04 5.033172e+04 5.033312e+04 5.033376e+04 5.032037e+04 5.024528e+04 5.003999e+04 4.964019e+04 4.901027e+04 4.815615e+04 4.712270e+04 4.159220e+04 3.834200e+04 3.700421e+04 3.657820e+04 3.659744e+04 3.688432e+04 3.805445e+04 3.994113e+04 4.250795e+04 4.572770e+04 4.959870e+04 5.414992e+04
5.047468e+04 5.047468e+04 5.047468e+04 5.047468e+04 5.047469e+04 5.047494e+04 5.047571e+04 5.047840e+04 5.048000e+04 5.048081e+04 5.046765e+04 5.039297e+04 5.018886e+04 4.979171e+04 4.916650e+04 4.831935e+04 4.729499e+04 4.182298e+04 3.862022e+04 3.731433e+04 3.691208e+04 3.695089e+04 3.725467e+04 3.845406e+04 4.037154e+04 4.297884e+04 4.625141e+04 5.018473e+04 5.480257e+04
5.062653e+04 5.062653e+04 5.062653e+04 5.062653e+04 5.062654e+04 5.062662e+04 5.062691e+04 5.062827e+04 5.062923e+04 5.062948e+04 5.061579e+04 5.054175e+04 5.033996e+04 4.994723e+04 4.932871e+04 4.849043e+04 4.747672e+04 4.206516e+04 3.890802e+04 3.763277e+04 3.725393e+04 3.731265e+04 3.763407e+04 3.886466e+04 4.081432e+04 4.346258e+04 4.678799e+04 5.078379e+04 5.546889e+04
5.077358e+04 5.077358e+04 5.077358e+04 5.077359e+04 5.077359e+04 5.077366e+04 5.077388e+04 5.077497e+04 5.077584e+04 5.077615e+04 5.076338e+04 5.069185e+04 5.049461e+04 5.010862e+04 4.949898e+04 4.867139e+04 4.766967e+04 4.231939e+04 3.920577e+04 3.795992e+04 3.760416e+04 3.768313e+04 3.802295e+04 3.928663e+04 4.126989e+04 4.395965e+04 4.733791e+04 5.139629e+04 5.614918e+04
5.091380e+04 5.091380e+04 5.091380e+04 5.091380e+04 5.091381e+04 5.091408e+04 5.091486e+04 5.091765e+04 5.091971e+04 5.092155e+04 5.091304e+04 5.084752e+04 5.065799e+04 5.028132e+04 4.968243e+04 4.886671e+04 4.787757e+04 4.258675e+04 3.951397e+04 3.829619e+04 3.796323e+04 3.806278e+04 3.842175e+04 3.972042e+04 4.173873e+04 4.447055e+04 4.790169e+04 5.202268e+04 5.684376e+04
5.105996e+04 5.105996e+04 5.105996e+04 5.105997e+04 5.105997e+04 5.106024e+04 5.106118e+04 5.106664e+04 5.107147e+04 5.107685e+04 5.107687e+04 5.102086e+04 5.084133e+04 5.047515e+04 4.988724e+04 4.908296e+04 4.810553e+04 4.286853e+04 3.983314e+04 3.864205e+04 3.833162e+04 3.845211e+04 3.883096e+04 4.016648e+04 4.222129e+04 4.499579e+04 4.847982e+04 5.266338e+04 5.755297e+04
5.122523e+04 5.122523e+04 5.122524e+04 5.122525e+04 5.122530e+04 5.122683e+04 5.123139e+04 5.124725e+04 5.125770e+04 5.126858e+04 5.127878e+04 5.123180e+04 5.106056e+04 5.070244e+04 5.012278e+04 4.932715e+04 4.835874e+04 4.316599e+04 4.016390e+04 3.899803e+04 3.870985e+04 3.885166e+04 3.925110e+04 4.062529e+04 4.271807e+04 4.553587e+04 4.907281e+04 5.331886e+04 5.827717e+04
5.148853e+04 5.148853e+04 5.148853e+04 5.148855e+04 5.148859e+04 5.149014e+04 5.149483e+04 5.151151e+04 5.152241e+04 5.153369e+04 5.154459e+04 5.149837e+04 5.132830e+04 5.097210e+04 5.039538e+04 4.960381e+04 4.864050e+04 4.348010e+04 4.050681e+04 3.936467e+04 3.909849e+04 3.926198e+04 3.968273e+04 4.109738e+04 4.322954e+04 4.609129e+04 4.968117e+04 5.398958e+04 5.901673e+04
5.185306e+04 5.185306e+04 5.185306e+04 5.185306e+04 5.185307e+04 5.185333e+04 5.185437e+04 5.186060e+04 5.186598e+04 5.187196e+04 5.187341e+04 5.181952e+04 5.164360e+04 5.128341e+04 5.070460e+04 4.991279e+04 4.895090e+04 4.381145e+04 4.086248e+04 3.974255e+04 3.949816e+04 3.968369e+04 4.012644e+04 4.158325e+04 4.375621e+04 4.666256e+04 5.030540e+04 5.467598e+04 5.977201e+04
5.223439e+04 5.223439e+04 5.223439e+04 5.223439e+04 5.223440e+04 5.223465e+04 5.223540e+04 5.223858e+04 5.224114e+04 5.224373e+04 5.223747e+04 5.217574e+04 5.199273e+04 5.162679e+04 5.104389e+04 5.024977e+04 4.928726e+04 4.416033e+04 4.123146e+04 4.013228e+04 3.990947e+04 4.011743e+04 4.058285e+04 4.208346e+04 4.429858e+04 4.725020e+04 5.094600e+04 5.537856e+04 6.054340e+04
5.261401e+04 5.261401e+04 5.261401e+04 5.261402e+04 5.261403e+04 5.261431e+04 5.261515e+04 5.261838e+04 5.262062e+04 5.262248e+04 5.261355e+04 5.254800e+04 5.236086e+04 5.199117e+04 5.140538e+04 5.060941e+04 4.964615e+04 4.452700e+04 4.161437e+04 4.053453e+04 4.033312e+04 4.056387e+04 4.105260e+04 4.259857e+04 4.485718e+04 4.785469e+04 5.160350e+04 5.609776e+04 6.133131e+04
5.299427e+04 5.299427e+04 5.299427e+04 5.299427e+04 5.299428e+04 5.299456e+04 5.299540e+04 5.299865e+04 5.300087e+04 5.300265e+04 5.299340e+04 5.292745e+04 5.273999e+04 5.237015e+04 5.178439e+04 5.098863e+04 5.002573e+04 4.491191e+04 4.201185e+04 4.094996e+04 4.076979e+04 4.102371e+04 4.153636e+04 4.312918e+04 4.543251e+04 4.847656e+04 5.227838e+04 5.683408e+04 6.213613e+04
5.337578e+04 5.337578e+04 5.337578e+04 5.337578e+04 5.337579e+04 5.337602e+04 5.337674e+04 5.337965e+04 5.338184e+04 5.338386e+04 5.337626e+04 5.331342e+04 5.312990e+04 5.276403e+04 5.218167e+04 5.138842e+04 5.042713e+04 4.531591e+04 4.242460e+04 4.137929e+04 4.122023e+04 4.149768e+04 4.203483e+04 4.367587e+04 4.602512e+04 4.911630e+04 5.297114e+04 5.758798e+04 6.295828e+04
5.375585e+04 5.375585e+04 5.375585e+04 5.375585e+04 5.375586e+04 5.375608e+04 5.375676e+04 5.376033e+04 5.376390e+04 5.376820e+04 5.376748e+04 5.371331e+04 5.353860e+04 5.318040e+04 5.260381e+04 5.181420e+04 5.085460e+04 4.574021e+04 4.285336e+04 4.182327e+04 4.168520e+04 4.198653e+04 4.254873e+04 4.423926e+04 4.663553e+04 4.977442e+04 5.368228e+04 5.835992e+04 6.379817e+04
5.413315e+04 5.413315e+04 5.413315e+04 5.413315e+04 5.413317e+04 5.413406e+04 5.413737e+04 5.415139e+04 5.416185e+04 5.417356e+04 5.418783e+04 5.414736e+04 5.398390e+04 5.363389e+04 5.306224e+04 5.227454e+04 5.131442e+04 4.618611e+04 4.329888e+04 4.228266e+04 4.216549e+04 4.249103e+04 4.307877e+04 4.481997e+04 4.726427e+04 5.045141e+04 5.441228e+04 5.915038e+04 6.465621e+04
5.458347e+04 5.458347e+04 5.458348e+04 5.458350e+04 5.458356e+04 5.458573e+04 5.459247e+04 5.461784e+04 5.463486e+04 5.465297e+04 5.467857e+04 5.464672e+04 5.448882e+04 5.414116e+04 5.356877e+04 5.277768e+04 5.181221e+04 4.665465e+04 4.376190e+04 4.275825e+04 4.266191e+04 4.301198e+04 4.362572e+04 4.541862e+04 4.791188e+04 5.114776e+04 5.516164e+04 5.995983e+04 6.553283e+04
5.519195e+04 5.519195e+04 5.519195e+04 5.519197e+04 5.519204e+04 5.519418e+04 5.520025e+04 5.522076e+04 5.523443e+04 5.524912e+04 5.526819e+04 5.523012e+04 5.506556e+04 5.471010e+04 5.412843e+04 5.332675e+04 5.234993e+04 4.714634e+04 4.424310e+04 4.325085e+04 4.317528e+04 4.355017e+04 4.419032e+04 4.603585e+04 4.857890e+04 5.186398e+04 5.593082e+04 6.078873e+04 6.642844e+04
5.591563e+04 5.591563e+04 5.591563e+04 5.591563e+04 5.591564e+04 5.591587e+04 5.591668e+04 5.592196e+04 5.592713e+04 5.593331e+04 5.593601e+04 5.588261e+04 5.570316e+04 5.533256e+04 5.473516e+04 5.391729e+04 5.292434e+04 4.766103e+04 4.474312e+04 4.376127e+04 4.370647e+04 4.410645e+04 4.477334e+04 4.667228e+04 4.926586e+04 5.260054e+04 5.672029e+04 6.163753e+04 6.734347e+04
5.663414e+04 5.663414e+04 5.663414e+04 5.663414e+04 5.663415e+04 5.663438e+04 5.663508e+04 5.663799e+04 5.664034e+04 5.664266e+04 5.663530e+04 5.656960e+04 5.637608e+04 5.598977e+04 5.537528e+04 5.453949e+04 5.352857e+04 4.819820e+04 4.526260e+04 4.429037e+04 4.425633e+04 4.468161e+04 4.537556e+04 4.732856e+04 4.997329e+04 5.335793e+04 5.753053e+04 6.250668e+04 6.827833e+04
5.733961e+04 5.733961e+04 5.733961e+04 5.733961e+04 5.733962e+04 5.733987e+04 5.734064e+04 5.734361e+04 5.734566e+04 5.734723e+04 5.733657e+04 5.726477e+04 5.706221e+04 5.666403e+04 5.603521e+04 5.518331e+04 5.415545e+04 4.875738e+04 4.580224e+04 4.483902e+04 4.482573e+04 4.527651e+04 4.599772e+04 4.800531e+04 5.070172e+04 5.413661e+04 5.836198e+04 6.339664e+04 6.923344e+04
