8.877334e+01 3.304031e+01 2.290978e+01 1.003043e+01 7.145056e+00 3.321702e+00 2.530660e+00 2.131278e+00 2.096460e+00 2.111270e+00 2.230894e+00 2.419871e+00 2.646677e+00 2.897477e+00 3.167797e+00 3.457934e+00 3.770559e+00 6.389376e+00 3.330146e+01 2.246572e+02 8.744914e+02 2.281007e+03 4.594869e+03 1.170884e+04 2.086524e+04 3.043787e+04 3.930899e+04 4.692573e+04 5.312818e+04
3.159266e+00 3.159273e+00 3.159231e+00 3.155146e+00 3.132282e+00 2.733205e+00 2.350370e+00 2.091162e+00 2.077346e+00 2.105017e+00 2.239540e+00 2.436622e+00 2.668220e+00 2.922061e+00 3.194543e+00 3.486469e+00 3.800809e+00 6.440657e+00 3.366224e+01 2.268218e+02 8.815985e+02 2.296882e+03 4.622696e+03 1.176427e+04 2.094426e+04 3.053108e+04 3.940676e+04 4.702065e+04 5.321555e+04
2.398506e+00 2.398296e+00 2.398301e+00 2.398144e+00 2.396438e+00 2.329859e+00 2.172722e+00 2.049286e+00 2.059079e+00 2.100950e+00 2.251352e+00 2.456614e+00 2.692794e+00 2.949412e+00 3.223817e+00 3.517349e+00 3.833275e+00 6.494666e+00 3.403983e+01 2.290687e+02 8.889306e+02 2.313187e+03 4.651178e+03 1.182072e+04 2.102447e+04 3.062544e+04 3.950553e+04 4.711637e+04 5.330351e+04
2.110636e+00 2.110391e+00 2.110399e+00 2.110527e+00 2.110560e+00 2.084488e+00 2.063855e+00 2.012759e+00 2.044512e+00 2.100550e+00 2.266942e+00 2.480176e+00 2.720595e+00 2.979653e+00 3.255709e+00 3.550643e+00 3.868018e+00 6.551494e+00 3.443488e+01 2.314004e+02 8.964939e+02 2.329932e+03 4.680329e+03 1.187821e+04 2.110587e+04 3.072095e+04 3.960528e+04 4.721288e+04 5.339207e+04
1.973222e+00 1.974106e+00 1.974122e+00 1.974287e+00 1.974644e+00 1.967639e+00 1.979620e+00 1.995196e+00 2.038142e+00 2.105779e+00 2.286939e+00 2.507597e+00 2.751779e+00 3.012881e+00 3.290283e+00 3.586406e+00 3.905087e+00 6.611232e+00 3.484808e+01 2.338199e+02 9.042947e+02 2.347127e+03 4.710162e+03 1.193676e+04 2.118848e+04 3.081762e+04 3.970603e+04 4.731018e+04 5.348123e+04
1.910994e+00 1.911567e+00 1.911573e+00 1.911742e+00 1.912179e+00 1.915136e+00 1.929207e+00 2.002085e+00 2.048386e+00 2.119876e+00 2.312142e+00 2.539162e+00 2.786471e+00 3.049158e+00 3.327583e+00 3.624673e+00 3.944519e+00 6.673970e+00 3.528012e+01 2.363298e+02 9.123395e+02 2.364782e+03 4.740692e+03 1.199638e+04 2.127231e+04 3.091545e+04 3.980779e+04 4.740828e+04 5.357098e+04
1.894126e+00 1.893474e+00 1.893481e+00 1.893630e+00 1.894047e+00 1.900904e+00 1.915219e+00 2.020808e+00 2.077013e+00 2.148660e+00 2.343770e+00 2.575230e+00 2.824790e+00 3.088533e+00 3.367635e+00 3.665469e+00 3.986341e+00 6.739798e+00 3.573172e+01 2.389332e+02 9.206349e+02 2.382909e+03 4.771932e+03 1.205710e+04 2.135738e+04 3.101447e+04 3.991055e+04 4.750718e+04 5.366134e+04
1.902769e+00 1.903336e+00 1.903341e+00 1.903481e+00 1.903884e+00 1.912401e+00 1.928932e+00 2.046626e+00 2.116325e+00 2.192340e+00 2.383832e+00 2.616334e+00 2.866895e+00 3.131050e+00 3.410453e+00 3.708806e+00 4.030572e+00 6.808806e+00 3.620363e+01 2.416330e+02 9.291875e+02 2.401517e+03 4.803896e+03 1.211892e+04 2.144370e+04 3.111468e+04 4.001433e+04 4.760689e+04 5.375230e+04
1.932910e+00 1.932829e+00 1.932834e+00 1.932969e+00 1.933363e+00 1.942809e+00 1.962469e+00 2.080701e+00 2.162376e+00 2.245789e+00 2.435578e+00 2.663307e+00 2.913026e+00 3.176777e+00 3.456056e+00 3.754693e+00 4.077226e+00 6.881083e+00 3.669662e+01 2.444323e+02 9.380044e+02 2.420618e+03 4.836598e+03 1.218186e+04 2.153128e+04 3.121609e+04 4.011913e+04 4.770740e+04 5.384386e+04
1.978044e+00 1.978190e+00 1.978195e+00 1.978324e+00 1.978708e+00 1.988616e+00 2.011167e+00 2.125498e+00 2.214511e+00 2.305896e+00 2.497961e+00 2.717538e+00 2.963568e+00 3.225830e+00 3.504480e+00 3.803145e+00 4.126317e+00 6.956719e+00 3.721147e+01 2.473343e+02 9.470924e+02 2.440223e+03 4.870054e+03 1.224595e+04 2.162015e+04 3.131871e+04 4.022496e+04 4.780872e+04 5.393602e+04
2.037050e+00 2.037050e+00 2.037054e+00 2.037179e+00 2.037552e+00 2.047698e+00 2.072538e+00 2.182409e+00 2.273820e+00 2.371345e+00 2.568138e+00 2.780923e+00 3.019134e+00 3.278410e+00 3.555795e+00 3.854193e+00 4.177868e+00 7.035808e+00 3.774902e+01 2.503422e+02 9.564589e+02 2.460344e+03 4.904277e+03 1.231119e+04 2.171030e+04 3.142255e+04 4.033181e+04 4.791085e+04 5.402879e+04
2.496618e+00 2.496661e+00 2.496665e+00 2.496780e+00 2.497132e+00 2.507708e+00 2.537772e+00 2.634591e+00 2.702831e+00 2.786793e+00 2.980802e+00 3.180402e+00 3.385572e+00 3.610196e+00 3.863897e+00 4.152127e+00 4.474728e+00 7.486604e+00 4.080797e+01 2.670908e+02 1.007732e+03 2.569098e+03 5.087450e+03 1.265537e+04 2.218102e+04 3.196038e+04 4.088177e+04 4.843372e+04 5.450163e+04
3.204143e+00 3.204135e+00 3.204129e+00 3.203986e+00 3.203680e+00 3.201063e+00 3.205056e+00 3.240672e+00 3.271789e+00 3.315421e+00 3.446499e+00 3.622024e+00 3.820147e+00 4.035441e+00 4.274571e+00 4.545861e+00 4.855751e+00 8.041441e+00 4.457701e+01 2.870338e+02 1.067151e+03 2.692594e+03 5.292185e+03 1.303114e+04 2.268628e+04 3.253017e+04 4.145830e+04 4.897714e+04 5.498948e+04
3.714579e+00 3.714580e+00 3.714582e+00 3.714630e+00 3.714777e+00 3.719329e+00 3.732601e+00 3.775598e+00 3.803070e+00 3.836271e+00 3.932311e+00 4.078810e+00 4.269775e+00 4.492924e+00 4.742772e+00 5.021452e+00 5.334893e+00 8.724907e+00 4.920672e+01 3.107112e+02 1.135844e+03 2.832547e+03 5.520628e+03 1.344083e+04 2.322795e+04 3.313309e+04 4.206201e+04 4.954129e+04 5.549229e+04
4.240685e+00 4.240686e+00 4.240687e+00 4.240740e+00 4.240894e+00 4.243789e+00 4.252113e+00 4.288775e+00 4.316222e+00 4.349482e+00 4.438747e+00 4.571289e+00 4.754413e+00 4.983738e+00 5.251244e+00 5.552031e+00 5.886659e+00 9.581646e+00 5.489468e+01 3.387747e+02 1.215108e+03 2.990878e+03 5.775124e+03 1.388691e+04 2.380793e+04 3.377031e+04 4.269344e+04 5.012630e+04 5.600992e+04
4.751237e+00 4.751238e+00 4.751239e+00 4.751284e+00 4.751423e+00 4.755741e+00 4.768614e+00 4.815630e+00 4.848793e+00 4.888180e+00 4.987500e+00 5.122907e+00 5.305416e+00 5.538893e+00 5.820075e+00 6.143310e+00 6.505518e+00 1.064496e+01 6.191245e+01 3.720318e+02 1.306467e+03 3.169754e+03 6.058252e+03 1.437195e+04 2.442813e+04 3.444295e+04 4.335305e+04 5.073220e+04 5.654221e+04
5.340842e+00 5.340842e+00 5.340844e+00 5.340892e+00 5.341042e+00 5.345638e+00 5.359545e+00 5.412946e+00 5.451577e+00 5.497635e+00 5.611711e+00 5.758971e+00 5.948448e+00 6.187687e+00 6.478660e+00 6.818833e+00 7.205606e+00 1.193078e+01 7.064844e+01 4.115085e+02 1.411738e+03 3.371658e+03 6.372879e+03 1.489872e+04 2.509049e+04 3.515206e+04 4.404124e+04 5.135899e+04 5.708890e+04
6.043263e+00 6.043263e+00 6.043265e+00 6.043315e+00 6.043472e+00 6.048355e+00 6.063274e+00 6.121299e+00 6.163804e+00 6.214895e+00 6.341947e+00 6.503077e+00 6.703756e+00 6.951373e+00 7.250801e+00 7.603065e+00 8.008603e+00 1.346967e+01 8.147707e+01 4.585578e+02 1.533126e+03 3.599470e+03 6.722212e+03 1.547011e+04 2.579699e+04 3.589867e+04 4.475834e+04 5.200655e+04 5.764970e+04
6.874156e+00 6.874157e+00 6.874159e+00 6.874213e+00 6.874381e+00 6.879656e+00 6.895750e+00 6.958263e+00 7.004206e+00 7.059641e+00 7.198114e+00 7.372945e+00 7.586667e+00 7.844826e+00 8.152967e+00 8.514662e+00 8.934337e+00 1.531157e+01 9.480423e+01 5.149580e+02 1.673362e+03 3.856568e+03 7.109882e+03 1.608925e+04 2.654962e+04 3.668372e+04 4.550456e+04 5.267472e+04 5.822423e+04
7.848073e+00 7.848074e+00 7.848076e+00 7.848131e+00 7.848305e+00 7.853809e+00 7.870734e+00 7.937124e+00 7.986194e+00 8.045567e+00 8.194338e+00 8.382024e+00 8.609121e+00 8.878970e+00 9.196408e+00 9.566418e+00 9.997755e+00 1.753113e+01 1.111528e+02 5.822655e+02 1.835972e+03 4.146971e+03 7.540035e+03 1.675948e+04 2.735040e+04 3.750809e+04 4.628005e+04 5.336323e+04 5.881206e+04
8.974311e+00 8.974312e+00 8.974314e+00 8.974373e+00 8.974558e+00 8.980397e+00 8.998379e+00 9.068873e+00 9.120942e+00 9.183953e+00 9.341939e+00 9.541136e+00 9.780760e+00 1.006220e+01 1.038897e+01 1.076677e+01 1.120924e+01 2.023308e+01 1.311931e+02 6.622362e+02 2.025159e+03 4.475550e+03 8.017449e+03 1.748442e+04 2.820139e+04 3.837259e+04 4.708483e+04 5.407170e+04 5.941266e+04
1.026529e+01 1.026530e+01 1.026530e+01 1.026536e+01 1.026555e+01 1.027158e+01 1.029023e+01 1.036378e+01 1.041826e+01 1.048426e+01 1.064987e+01 1.085863e+01 1.110894e+01 1.140062e+01 1.173583e+01 1.212088e+01 1.257570e+01 2.356008e+01 1.557887e+02 7.570083e+02 2.244309e+03 4.848527e+03 8.547697e+03 1.826799e+04 2.910465e+04 3.927793e+04 4.791882e+04 5.479970e+04 6.002548e+04
1.172534e+01 1.172534e+01 1.172534e+01 1.172540e+01 1.172560e+01 1.173189e+01 1.175131e+01 1.182762e+01 1.188404e+01 1.195236e+01 1.212376e+01 1.233974e+01 1.259812e+01 1.289767e+01 1.323948e+01 1.363109e+01 1.410158e+01 2.770528e+01 1.860535e+02 8.691690e+02 2.497333e+03 5.272419e+03 9.137425e+03 1.911446e+04 3.006231e+04 4.022475e+04 4.878185e+04 5.554667e+04 6.064984e+04
1.335970e+01 1.335970e+01 1.335971e+01 1.335977e+01 1.335997e+01 1.336623e+01 1.338571e+01 1.346313e+01 1.352066e+01 1.359043e+01 1.376553e+01 1.398602e+01 1.424935e+01 1.455360e+01 1.489942e+01 1.529714e+01 1.578981e+01 3.293177e+01 2.234187e+02 1.001863e+03 2.788806e+03 5.752236e+03 9.795040e+03 2.002854e+04 3.107652e+04 4.121359e+04 4.967362e+04 5.631197e+04 6.128503e+04
1.516156e+01 1.516156e+01 1.516156e+01 1.516163e+01 1.516184e+01 1.516838e+01 1.518855e+01 1.526760e+01 1.532595e+01 1.539650e+01 1.557315e+01 1.579510e+01 1.605975e+01 1.636498e+01 1.671191e+01 1.711634e+01 1.764317e+01 3.960096e+01 2.697168e+02 1.158922e+03 3.124041e+03 6.293801e+03 1.052795e+04 2.101546e+04 3.214950e+04 4.224489e+04 5.059370e+04 5.709486e+04 6.193027e+04
1.713329e+01 1.713329e+01 1.713329e+01 1.713335e+01 1.713356e+01 1.713993e+01 1.715969e+01 1.723774e+01 1.729552e+01 1.736541e+01 1.754035e+01 1.776007e+01 1.802205e+01 1.832435e+01 1.866982e+01 1.908419e+01 1.966650e+01 4.821299e+01 3.272884e+02 1.345018e+03 3.509219e+03 6.903685e+03 1.134169e+04 2.208109e+04 3.328351e+04 4.331900e+04 5.154157e+04 5.789450e+04 6.258468e+04
1.925876e+01 1.925876e+01 1.925876e+01 1.925882e+01 1.925902e+01 1.926525e+01 1.928455e+01 1.936045e+01 1.941656e+01 1.948445e+01 1.965451e+01 1.986847e+01 2.012412e+01 2.042013e+01 2.076305e+01 2.119582e+01 2.187056e+01 5.946378e+01 3.991179e+02 1.565827e+03 3.951537e+03 7.589218e+03 1.224261e+04 2.323242e+04 3.448092e+04 4.443616e+04 5.251656e+04 5.870996e+04 6.324735e+04
2.151909e+01 2.151910e+01 2.151910e+01 2.151916e+01 2.151934e+01 2.152524e+01 2.154352e+01 2.161572e+01 2.166925e+01 2.173413e+01 2.189711e+01 2.210291e+01 2.234977e+01 2.263760e+01 2.297996e+01 2.344894e+01 2.427875e+01 7.432510e+01 4.890095e+02 1.828231e+03 4.459374e+03 8.358564e+03 1.323762e+04 2.447777e+04 3.574418e+04 4.559651e+04 5.351791e+04 5.954021e+04 6.391728e+04
2.388731e+01 2.388731e+01 2.388731e+01 2.388737e+01 2.388755e+01 2.389322e+01 2.391063e+01 2.397913e+01 2.402994e+01 2.409159e+01 2.424690e+01 2.444379e+01 2.468111e+01 2.496103e+01 2.531004e+01 2.584903e+01 2.693818e+01 9.415704e+01 6.018117e+02 2.140538e+03 5.042458e+03 9.220792e+03 1.433403e+04 2.582061e+04 3.707595e+04 4.680012e+04 5.454472e+04 6.038414e+04 6.459342e+04
2.634132e+01 2.634132e+01 2.634132e+01 2.634137e+01 2.634154e+01 2.634686e+01 2.636330e+01 2.642833e+01 2.647670e+01 2.653549e+01 2.668393e+01 2.687271e+01 2.710135e+01 2.737641e+01 2.774791e+01 2.841764e+01 2.993774e+01 1.208659e+02 7.437037e+02 2.512750e+03 5.712030e+03 1.018595e+04 1.553954e+04 2.726329e+04 3.847926e+04 4.804695e+04 5.559599e+04 6.124056e+04 6.527468e+04
2.886206e+01 2.886206e+01 2.886206e+01 2.886211e+01 2.886228e+01 2.886745e+01 2.888344e+01 2.894639e+01 2.899308e+01 2.904980e+01 2.919294e+01 2.937522e+01 2.959731e+01 2.987427e+01 3.029892e+01 3.120610e+01 3.343770e+01 1.571262e+02 9.225591e+02 2.956858e+03 6.480999e+03 1.126511e+04 1.686221e+04 2.880825e+04 3.995817e+04 4.933691e+04 5.667063e+04 6.210818e+04 6.595990e+04
3.144341e+01 3.144341e+01 3.144341e+01 3.144346e+01 3.144361e+01 3.144856e+01 3.146391e+01 3.152482e+01 3.157015e+01 3.162524e+01 3.176438e+01 3.194189e+01 3.216056e+01 3.245253e+01 3.298786e+01 3.431840e+01 3.771877e+01 2.066925e+02 1.148404e+03 3.487195e+03 7.364086e+03 1.247037e+04 1.831038e+04 3.045758e+04 4.151552e+04 5.066989e+04 5.776744e+04 6.298568e+04 6.664790e+04
3.407793e+01 3.407793e+01 3.407793e+01 3.407798e+01 3.407813e+01 3.408309e+01 3.409839e+01 3.415839e+01 3.420278e+01 3.425669e+01 3.439301e+01 3.456763e+01 3.478799e+01 3.512075e+01 3.587462e+01 3.795181e+01 4.326476e+01 2.748377e+02 1.433991e+03 4.120809e+03 8.377930e+03 1.381478e+04 1.989253e+04 3.221277e+04 4.314851e+04 5.204588e+04 5.888515e+04 6.387164e+04 6.733744e+04
3.676838e+01 3.676838e+01 3.676838e+01 3.676843e+01 3.676857e+01 3.677316e+01 3.678749e+01 3.684525e+01 3.688868e+01 3.694177e+01 3.707684e+01 3.725140e+01 3.748328e+01 3.790909e+01 3.908440e+01 4.246990e+01 5.090297e+01 3.689682e+02 1.795509e+03 4.877876e+03 9.541157e+03 1.531225e+04 2.161719e+04 3.407460e+04 4.485432e+04 5.346520e+04 6.002245e+04 6.476462e+04 6.802728e+04
3.950253e+01 3.950253e+01 3.950254e+01 3.950259e+01 3.950274e+01 3.950772e+01 3.952303e+01 3.958287e+01 3.962723e+01 3.968125e+01 3.981851e+01 3.999772e+01 4.026160e+01 4.088802e+01 4.286700e+01 4.853509e+01 6.204353e+01 4.994839e+02 2.253444e+03 5.782108e+03 1.087437e+04 1.697736e+04 2.349265e+04 3.604301e+04 4.662970e+04 5.492919e+04 6.117800e+04 6.566315e+04 6.871615e+04
4.230335e+01 4.230335e+01 4.230335e+01 4.230340e+01 4.230355e+01 4.230849e+01 4.232389e+01 4.238514e+01 4.243089e+01 4.248670e+01 4.262880e+01 4.281952e+01 4.316017e+01 4.421063e+01 4.771319e+01 5.734959e+01 7.908799e+01 6.809770e+02 2.833615e+03 6.861134e+03 1.240003e+04 1.882498e+04 2.552667e+04 3.811692e+04 4.847074e+04 5.643511e+04 6.235054e+04 6.656574e+04 6.940279e+04
4.518249e+01 4.518249e+01 4.518249e+01 4.518255e+01 4.518271e+01 4.518798e+01 4.520418e+01 4.526835e+01 4.531629e+01 4.537485e+01 4.552465e+01 4.574060e+01 4.626198e+01 4.820358e+01 5.458354e+01 7.109405e+01 1.061273e+02 9.338875e+02 3.568363e+03 8.146778e+03 1.414217e+04 2.086989e+04 2.772618e+04 4.029414e+04 5.037275e+04 5.797728e+04 6.353899e+04 6.747090e+04 7.008592e+04
4.816169e+01 4.816169e+01 4.816169e+01 4.816175e+01 4.816193e+01 4.816755e+01 4.818484e+01 4.825331e+01 4.830452e+01 4.836712e+01 4.852897e+01 4.880489e+01 4.975544e+01 5.356613e+01 6.536033e+01 9.372720e+01 1.501340e+02 1.286762e+03 4.497851e+03 9.675161e+03 1.612595e+04 2.312623e+04 3.009675e+04 4.257120e+04 5.233019e+04 5.955034e+04 6.474281e+04 6.837721e+04 7.076429e+04
5.126869e+01 5.126869e+01 5.126869e+01 5.126876e+01 5.126895e+01 5.127510e+01 5.129405e+01 5.136851e+01 5.142401e+01 5.149188e+01 5.167391e+01 5.210641e+01 5.408530e+01 6.180679e+01 8.374130e+01 1.324437e+02 2.229962e+02 1.779281e+03 5.671381e+03 1.148649e+04 1.837685e+04 2.560672e+04 3.264217e+04 4.494325e+04 5.433668e+04 6.114866e+04 6.596176e+04 6.928330e+04 7.143671e+04
5.454172e+01 5.454172e+01 5.454172e+01 5.454179e+01 5.454199e+01 5.454829e+01 5.456798e+01 5.464796e+01 5.470857e+01 5.478339e+01 5.500948e+01 5.587977e+01 6.033217e+01 7.620119e+01 1.170065e+02 2.003277e+02 3.449734e+02 2.466183e+03 7.148498e+03 1.362435e+04 2.091962e+04 2.832184e+04 3.536384e+04 4.740392e+04 5.638498e+04 6.276628e+04 6.719070e+04 7.018801e+04 7.210201e+04
5.800676e+01 5.800676e+01 5.800677e+01 5.800684e+01 5.800708e+01 5.801464e+01 5.803805e+01 5.813017e+01 5.819906e+01 5.828529e+01 5.864131e+01 6.077634e+01 7.116847e+01 1.038932e+02 1.795058e+02 3.211634e+02 5.505224e+02 3.422113e+03 8.999529e+03 1.613433e+04 2.377683e+04 3.127879e+04 3.826024e+04 4.994524e+04 5.846704e+04 6.439686e+04 6.842434e+04 7.109043e+04 7.275910e+04
6.174015e+01 6.174015e+01 6.174015e+01 6.174023e+01 6.174048e+01 6.174843e+01 6.177353e+01 6.187689e+01 6.195639e+01 6.206547e+01 6.287714e+01 6.870428e+01 9.326472e+01 1.604970e+02 2.995144e+02 5.380789e+02 8.979758e+02 4.747089e+03 1.130498e+04 1.906179e+04 2.696700e+04 3.448044e+04 4.132632e+04 5.255753e+04 6.057404e+04 6.603369e+04 6.965763e+04 7.199052e+04 7.340701e+04
6.579423e+01 6.579424e+01 6.579424e+01 6.579434e+01 6.579466e+01 6.580485e+01 6.583657e+01 6.596244e+01 6.606256e+01 6.625363e+01 6.880539e+01 8.538930e+01 1.433431e+02 2.801330e+02 5.325705e+02 9.288041e+02 1.485171e+03 6.571624e+03 1.415298e+04 2.244841e+04 3.050242e+04 3.792410e+04 4.455299e+04 5.522943e+04 6.269647e+04 6.766978e+04 7.088556e+04 7.288674e+04 7.404489e+04
7.030521e+01 7.030521e+01 7.030522e+01 7.030533e+01 7.030568e+01 7.031694e+01 7.035257e+01 7.050309e+01 7.067174e+01 7.129033e+01 8.065013e+01 1.281961e+02 2.633413e+02 5.370600e+02 9.868650e+02 1.631652e+03 2.473360e+03 9.059323e+03 1.763386e+04 2.632778e+04 3.438665e+04 4.160048e+04 4.792674e+04 5.794790e+04 6.482421e+04 6.929790e+04 7.210310e+04 7.377457e+04 7.467213e+04
7.537874e+01 7.537874e+01 7.537875e+01 7.537891e+01 7.537941e+01 7.539531e+01 7.544471e+01 7.567687e+01 7.633623e+01 7.950208e+01 1.153796e+02 2.499111e+02 5.578617e+02 1.090986e+03 1.869291e+03 2.886595e+03 4.119974e+03 1.240302e+04 2.183087e+04 3.071978e+04 3.861214e+04 4.549272e+04 5.142928e+04 6.069827e+04 6.694667e+04 7.091066e+04 7.330518e+04 7.465014e+04 7.528851e+04
8.130577e+01 8.130578e+01 8.130578e+01 8.130598e+01 8.130660e+01 8.132629e+01 8.138763e+01 8.226211e+01 8.718054e+01 1.055143e+02 2.417586e+02 6.097337e+02 1.283041e+03 2.275626e+03 3.560352e+03 5.090265e+03 6.813112e+03 1.680868e+04 2.680681e+04 3.562455e+04 4.315787e+04 4.957579e+04 5.503757e+04 6.346446e+04 6.905289e+04 7.250060e+04 7.448676e+04 7.550983e+04 7.589446e+04
8.835773e+01 8.835774e+01 8.835775e+01 8.835806e+01 8.835904e+01 8.839023e+01 8.849272e+01 9.974672e+01 1.414040e+02 2.446900e+02 7.347715e+02 1.672380e+03 3.035439e+03 4.743819e+03 6.706208e+03 8.840675e+03 1.108065e+04 2.246117e+04 3.258742e+04 4.101668e+04 4.798787e+04 5.381622e+04 5.872396e+04 6.622914e+04 7.113171e+04 7.406027e+04 7.564285e+04 7.635020e+04 7.648776e+04
9.722136e+01 9.722136e+01 9.722137e+01 9.722183e+01 9.722326e+01 9.726976e+01 1.000993e+02 2.865565e+02 5.997755e+02 1.099818e+03 2.617440e+03 4.662630e+03 7.040022e+03 9.600445e+03 1.224123e+04 1.489435e+04 1.751563e+04 2.947078e+04 3.914425e+04 4.684095e+04 5.305059e+04 5.817254e+04 6.245668e+04 6.897405e+04 7.317194e+04 7.558234e+04 7.676857e+04 7.716790e+04 7.706540e+04
1.087596e+02 1.087766e+02 1.088296e+02 1.105263e+02 1.158319e+02 2.862500e+02 8.210739e+02 2.853787e+03 4.205704e+03 5.681734e+03 8.815680e+03 1.201236e+04 1.516069e+04 1.820778e+04 2.112832e+04 2.391153e+04 2.655478e+04 3.781094e+04 4.638176e+04 5.301083e+04 5.827972e+04 6.259619e+04 6.620057e+04 7.168034e+04 7.516249e+04 7.705970e+04 7.785919e+04 7.795972e+04 7.762488e+04
1.431227e+04 1.431230e+04 1.431241e+04 1.431584e+04 1.432657e+04 1.464830e+04 1.544476e+04 1.772659e+04 1.904586e+04 2.041796e+04 2.321806e+04 2.599408e+04 2.868096e+04 3.124774e+04 3.368226e+04 3.598256e+04 3.815205e+04 4.727217e+04 5.413399e+04 5.941090e+04 6.359650e+04 6.703314e+04 6.991812e+04 7.432898e+04 7.709261e+04 7.848555e+04 7.891019e+04 7.872260e+04 7.816397e+04
4.457560e+04 4.457559e+04 4.457556e+04 4.457461e+04 4.457164e+04 4.447677e+04 4.420814e+04 4.366382e+04 4.358676e+04 4.367157e+04 4.424986e+04 4.520450e+04 4.637228e+04 4.764712e+04 4.896422e+04 5.028447e+04 5.158446e+04 5.746217e+04 6.217456e+04 6.590340e+04 6.891349e+04 7.142601e+04 7.357069e+04 7.690116e+04 7.895197e+04 7.985345e+04 7.991728e+04 7.945363e+04 7.868058e+04
6.697639e+04 6.697639e+04 6.697639e+04 6.697644e+04 6.697659e+04 6.698129e+04 6.698287e+04 6.678245e+04 6.655153e+04 6.627020e+04 6.569727e+04 6.525820e+04 6.501727e+04 6.496739e+04 6.507606e+04 6.530706e+04 6.562839e+04 6.786469e+04 7.023978e+04 7.233844e+04 7.413944e+04 7.571659e+04 7.711984e+04 7.937876e+04 8.073092e+04 8.115747e+04 8.087651e+04 8.015009e+04 7.917278e+04
8.716465e+04 8.716465e+04 8.716462e+04 8.716376e+04 8.716107e+04 8.707835e+04 8.685872e+04 8.615159e+04 8.569120e+04 8.517580e+04 8.404604e+04 8.289776e+04 8.183310e+04 8.090503e+04 8.012975e+04 7.950241e+04 7.900842e+04 7.793849e+04 7.805995e+04 7.856621e+04 7.918475e+04 7.984845e+04 8.052873e+04 8.174474e+04 8.242056e+04 8.239222e+04 8.178424e+04 8.080946e+04 7.963877e+04
1.009961e+05 1.009961e+05 1.009961e+05 1.009952e+05 1.009925e+05 1.009197e+05 1.007317e+05 1.000788e+05 9.963978e+04 9.914129e+04 9.800280e+04 9.673946e+04 9.543025e+04 9.414261e+04 9.292355e+04 9.180023e+04 9.078455e+04 8.721634e+04 8.539110e+04 8.444910e+04 8.396676e+04 8.376951e+04 8.376342e+04 8.398358e+04 8.401295e+04 8.355290e+04 8.263723e+04 8.142945e+04 8.007692e+04
1.093490e+05 1.093490e+05 1.093490e+05 1.093489e+05 1.093486e+05 1.093391e+05 1.093065e+05 1.091075e+05 1.089068e+05 1.086293e+05 1.078547e+05 1.068351e+05 1.056451e+05 1.043599e+05 1.030430e+05 1.017420e+05 1.004892e+05 9.536933e+04 9.203956e+04 8.987187e+04 8.841425e+04 8.743426e+04 8.679399e+04 8.608158e+04 8.550116e+04 8.463538e+04 8.343263e+04 8.200801e+04 8.048573e+04
1.161897e+05 1.161897e+05 1.161897e+05 1.161895e+05 1.161888e+05 1.161677e+05 1.161027e+05 1.158559e+05 1.156719e+05 1.154412e+05 1.148249e+05 1.140002e+05 1.129930e+05 1.118480e+05 1.106143e+05 1.093368e+05 1.080520e+05 1.022249e+05 9.787520e+04 9.474824e+04 9.247079e+04 9.080535e+04 8.959544e+04 8.802713e+04 8.687939e+04 8.563624e+04 8.416805e+04 8.254335e+04 8.086387e+04
1.209237e+05 1.209237e+05 1.209237e+05 1.209235e+05 1.209229e+05 1.209016e+05 1.208350e+05 1.205719e+05 1.203808e+05 1.201533e+05 1.195917e+05 1.188855e+05 1.180376e+05 1.170628e+05 1.159860e+05 1.148363e+05 1.136427e+05 1.077488e+05 1.028330e+05 9.902353e+04 9.609640e+04 9.385471e+04 9.214826e+04 8.981093e+04 8.814302e+04 8.655276e+04 8.484153e+04 8.303395e+04 8.121016e+04
1.235762e+05 1.235762e+05 1.235762e+05 1.235760e+05 1.235753e+05 1.235540e+05 1.234914e+05 1.232663e+05 1.231081e+05 1.229215e+05 1.224660e+05 1.219010e+05 1.212241e+05 1.204374e+05 1.195504e+05 1.185789e+05 1.175420e+05 1.120090e+05 1.069055e+05 1.026737e+05 9.926786e+04 9.656382e+04 9.443873e+04 9.142609e+04 8.928865e+04 8.738293e+04 8.545156e+04 8.347859e+04 8.152361e+04
1.245128e+05 1.245128e+05 1.245128e+05 1.245127e+05 1.245125e+05 1.245045e+05 1.244790e+05 1.243662e+05 1.242759e+05 1.241624e+05 1.238651e+05 1.234722e+05 1.229805e+05 1.223888e+05 1.216999e+05 1.209220e+05 1.200671e+05 1.151370e+05 1.101303e+05 1.057016e+05 1.019776e+05 9.892352e+04 9.645886e+04 9.286815e+04 9.031409e+04 8.812549e+04 8.599712e+04 8.387630e+04 8.180338e+04
1.246491e+05 1.246491e+05 1.246491e+05 1.246491e+05 1.246490e+05 1.246470e+05 1.246371e+05 1.245868e+05 1.245434e+05 1.244851e+05 1.243165e+05 1.240698e+05 1.237378e+05 1.233166e+05 1.228053e+05 1.222070e+05 1.215285e+05 1.172949e+05 1.125757e+05 1.081315e+05 1.042318e+05 1.009332e+05 9.820613e+04 9.413501e+04 9.121835e+04 8.877987e+04 8.647761e+04 8.422643e+04 8.204883e+04
1.244404e+05 1.244404e+05 1.244404e+05 1.244404e+05 1.244403e+05 1.244388e+05 1.244336e+05 1.244064e+05 1.243812e+05 1.243462e+05 1.242407e+05 1.240791e+05 1.238524e+05 1.235539e+05 1.231792e+05 1.227270e+05 1.221992e+05 1.186496e+05 1.143272e+05 1.100031e+05 1.060476e+05 1.025998e+05 9.968295e+04 9.522683e+04 9.200157e+04 8.934618e+04 8.689289e+04 8.452860e+04 8.225949e+04
1.240616e+05 1.240616e+05 1.240616e+05 1.240615e+05 1.240614e+05 1.240578e+05 1.240467e+05 1.240051e+05 1.239756e+05 1.239402e+05 1.238485e+05 1.237224e+05 1.235527e+05 1.233309e+05 1.230501e+05 1.227056e+05 1.222955e+05 1.193564e+05 1.154767e+05 1.113657e+05 1.074505e+05 1.039362e+05 1.008960e+05 9.614584e+04 9.266498e+04 8.982518e+04 8.724323e+04 8.478272e+04 8.243506e+04
1.233928e+05 1.233928e+05 1.233928e+05 1.233927e+05 1.233927e+05 1.233899e+05 1.233808e+05 1.233441e+05 1.233170e+05 1.232844e+05 1.232027e+05 1.230964e+05 1.229598e+05 1.227858e+05 1.225675e+05 1.222989e+05 1.219762e+05 1.195501e+05 1.161145e+05 1.122737e+05 1.084717e+05 1.049602e+05 1.018556e+05 9.689609e+04 9.321079e+04 9.021820e+04 8.752931e+04 8.498895e+04 8.257543e+04
1.224944e+05 1.224944e+05 1.224944e+05 1.224943e+05 1.224943e+05 1.224920e+05 1.224849e+05 1.224571e+05 1.224363e+05 1.224107e+05 1.223445e+05 1.222569e+05 1.221446e+05 1.220032e+05 1.218275e+05 1.216122e+05 1.213528e+05 1.193416e+05 1.163240e+05 1.127822e+05 1.091454e+05 1.056928e+05 1.025747e+05 9.748326e+04 9.364209e+04 9.052715e+04 8.775218e+04 8.514772e+04 8.268065e+04
1.214380e+05 1.214380e+05 1.214380e+05 1.214380e+05 1.214380e+05 1.214369e+05 1.214332e+05 1.214155e+05 1.214006e+05 1.213812e+05 1.213282e+05 1.212551e+05 1.211604e+05 1.210416e+05 1.208952e+05 1.207170e+05 1.205032e+05 1.188195e+05 1.161793e+05 1.129443e+05 1.095074e+05 1.061572e+05 1.030685e+05 9.791435e+04 9.396273e+04 9.075439e+04 8.791322e+04 8.525971e+04 8.275093e+04
1.203056e+05 1.203056e+05 1.203056e+05 1.203056e+05 1.203055e+05 1.203044e+05 1.203005e+05 1.202820e+05 1.202670e+05 1.202481e+05 1.201980e+05 1.201313e+05 1.200467e+05 1.199424e+05 1.198157e+05 1.196632e+05 1.194817e+05 1.180529e+05 1.157442e+05 1.128097e+05 1.095929e+05 1.063777e+05 1.033535e+05 9.819742e+04 9.417727e+04 9.090274e+04 8.801413e+04 8.532581e+04 8.278665e+04
1.190944e+05 1.190944e+05 1.190944e+05 1.190944e+05 1.190943e+05 1.190920e+05 1.190849e+05 1.190582e+05 1.190400e+05 1.190189e+05 1.189681e+05 1.189048e+05 1.188269e+05 1.187326e+05 1.186194e+05 1.184849e+05 1.183264e+05 1.170948e+05 1.150723e+05 1.124232e+05 1.094360e+05 1.063788e+05 1.034469e+05 9.834134e+04 9.429077e+04 9.097538e+04 8.805689e+04 8.534713e+04 8.278834e+04
1.177374e+05 1.177374e+05 1.177374e+05 1.177374e+05 1.177373e+05 1.177357e+05 1.177313e+05 1.177141e+05 1.177013e+05 1.176853e+05 1.176437e+05 1.175880e+05 1.175174e+05 1.174311e+05 1.173279e+05 1.172062e+05 1.170644e+05 1.159857e+05 1.142084e+05 1.118250e+05 1.090687e+05 1.061844e+05 1.033665e+05 9.835557e+04 9.430873e+04 9.097578e+04 8.804368e+04 8.532495e+04 8.275667e+04
1.163155e+05 1.163155e+05 1.163155e+05 1.163155e+05 1.163155e+05 1.163152e+05 1.163143e+05 1.163076e+05 1.162998e+05 1.162881e+05 1.162528e+05 1.162017e+05 1.161353e+05 1.160538e+05 1.159572e+05 1.158447e+05 1.157150e+05 1.147567e+05 1.131892e+05 1.110500e+05 1.085204e+05 1.058177e+05 1.031296e+05 9.824990e+04 9.423701e+04 9.090768e+04 8.797693e+04 8.526074e+04 8.269242e+04
1.149203e+05 1.149203e+05 1.149203e+05 1.149203e+05 1.149202e+05 1.149180e+05 1.149120e+05 1.148910e+05 1.148761e+05 1.148582e+05 1.148140e+05 1.147582e+05 1.146905e+05 1.146107e+05 1.145182e+05 1.144123e+05 1.142922e+05 1.134321e+05 1.120452e+05 1.101289e+05 1.078180e+05 1.053006e+05 1.027532e+05 9.803431e+04 9.408164e+04 9.077499e+04 8.785919e+04 8.515609e+04 8.259651e+04
1.134327e+05 1.134327e+05 1.134327e+05 1.134327e+05 1.134326e+05 1.134301e+05 1.134224e+05 1.133944e+05 1.133757e+05 1.133547e+05 1.133062e+05 1.132489e+05 1.131820e+05 1.131050e+05 1.130171e+05 1.129179e+05 1.128065e+05 1.120310e+05 1.108015e+05 1.090881e+05 1.069857e+05 1.046534e+05 1.022537e+05 9.771875e+04 9.384883e+04 9.058177e+04 8.769316e+04 8.501273e+04 8.246995e+04
1.117989e+05 1.117989e+05 1.117989e+05 1.117989e+05 1.117988e+05 1.117984e+05 1.117963e+05 1.117838e+05 1.117729e+05 1.117589e+05 1.117216e+05 1.116726e+05 1.116127e+05 1.115421e+05 1.114613e+05 1.113699e+05 1.112678e+05 1.105696e+05 1.094794e+05 1.079506e+05 1.060453e+05 1.038950e+05 1.016467e+05 9.731305e+04 9.354480e+04 9.033215e+04 8.748164e+04 8.483247e+04 8.231385e+04
1.101489e+05 1.101489e+05 1.101489e+05 1.101489e+05 1.101489e+05 1.101485e+05 1.101471e+05 1.101394e+05 1.101320e+05 1.101217e+05 1.100919e+05 1.100503e+05 1.099975e+05 1.099345e+05 1.098616e+05 1.097790e+05 1.096867e+05 1.090618e+05 1.080968e+05 1.067363e+05 1.050162e+05 1.030426e+05 1.009468e+05 9.682679e+04 9.317577e+04 9.003032e+04 8.722748e+04 8.461722e+04 8.212940e+04
1.085176e+05 1.085176e+05 1.085176e+05 1.085175e+05 1.085175e+05 1.085160e+05 1.085116e+05 1.084955e+05 1.084844e+05 1.084713e+05 1.084394e+05 1.083996e+05 1.083516e+05 1.082952e+05 1.082303e+05 1.081568e+05 1.080747e+05 1.075204e+05 1.066692e+05 1.054624e+05 1.039155e+05 1.021122e+05 1.001674e+05 9.626917e+04 9.274784e+04 8.968044e+04 8.693358e+04 8.436893e+04 8.191786e+04
1.068355e+05 1.068355e+05 1.068355e+05 1.068355e+05 1.068355e+05 1.068340e+05 1.068294e+05 1.068130e+05 1.068021e+05 1.067898e+05 1.067607e+05 1.067255e+05 1.066837e+05 1.066348e+05 1.065785e+05 1.065145e+05 1.064428e+05 1.059569e+05 1.052103e+05 1.041441e+05 1.027586e+05 1.011178e+05 9.932118e+04 9.564904e+04 9.226700e+04 8.928663e+04 8.660285e+04 8.408962e+04 8.168052e+04
1.050995e+05 1.050995e+05 1.050995e+05 1.050995e+05 1.050995e+05 1.050994e+05 1.050990e+05 1.050944e+05 1.050897e+05 1.050832e+05 1.050645e+05 1.050386e+05 1.050054e+05 1.049652e+05 1.049179e+05 1.048637e+05 1.048024e+05 1.043823e+05 1.037319e+05 1.027945e+05 1.015589e+05 1.000724e+05 9.841968e+04 9.497474e+04 9.173900e+04 8.885296e+04 8.623816e+04 8.378130e+04 8.141875e+04
1.034023e+05 1.034023e+05 1.034023e+05 1.034023e+05 1.034022e+05 1.034022e+05 1.034019e+05 1.033995e+05 1.033967e+05 1.033924e+05 1.033790e+05 1.033590e+05 1.033325e+05 1.032998e+05 1.032608e+05 1.032157e+05 1.031643e+05 1.028063e+05 1.022447e+05 1.014252e+05 1.003285e+05 9.898750e+04 9.747341e+04 9.425413e+04 9.116942e+04 8.838336e+04 8.584238e+04 8.344601e+04 8.113392e+04
1.017552e+05 1.017552e+05 1.017552e+05 1.017552e+05 1.017552e+05 1.017544e+05 1.017522e+05 1.017443e+05 1.017389e+05 1.017326e+05 1.017177e+05 1.016991e+05 1.016765e+05 1.016494e+05 1.016175e+05 1.015805e+05 1.015382e+05 1.012381e+05 1.007580e+05 1.000463e+05 9.907787e+04 9.787345e+04 9.649195e+04 9.349457e+04 9.056354e+04 8.788166e+04 8.541829e+04 8.308575e+04 8.082744e+04
1.001117e+05 1.001117e+05 1.001117e+05 1.001117e+05 1.001117e+05 1.001109e+05 1.001085e+05 1.001002e+05 1.000949e+05 1.000890e+05 1.000759e+05 1.000606e+05 1.000426e+05 1.000211e+05 9.999583e+04 9.996632e+04 9.993230e+04 9.968547e+04 9.927994e+04 9.866668e+04 9.781623e+04 9.673942e+04 9.548393e+04 9.270288e+04 8.992637e+04 8.735153e+04 8.496861e+04 8.270253e+04 8.050070e+04
9.846534e+04 9.846534e+04 9.846534e+04 9.846535e+04 9.846536e+04 9.846563e+04 9.846611e+04 9.846597e+04 9.846504e+04 9.846341e+04 9.845789e+04 9.844918e+04 9.843718e+04 9.842181e+04 9.840292e+04 9.838036e+04 9.835393e+04 9.815550e+04 9.781775e+04 9.729393e+04 9.655169e+04 9.559355e+04 9.445713e+04 9.188536e+04 8.926265e+04 8.679648e+04 8.449597e+04 8.229831e+04 8.015513e+04
9.687901e+04 9.687901e+04 9.687901e+04 9.687902e+04 9.687903e+04 9.687931e+04 9.688017e+04 9.688262e+04 9.688354e+04 9.688389e+04 9.688237e+04 9.687770e+04 9.686997e+04 9.685930e+04 9.684570e+04 9.682907e+04 9.680925e+04 9.665411e+04 9.637753e+04 9.593468e+04 9.529128e+04 9.444301e+04 9.341848e+04 9.104777e+04 8.857680e+04 8.621983e+04 8.400292e+04 8.187499e+04 7.979211e+04
9.536908e+04 9.536908e+04 9.536908e+04 9.536907e+04 9.536906e+04 9.536870e+04 9.536789e+04 9.536553e+04 9.536400e+04 9.536226e+04 9.535812e+04 9.535299e+04 9.534664e+04 9.533877e+04 9.532909e+04 9.531731e+04 9.530312e+04 9.518626e+04 9.496445e+04 9.459455e+04 9.404109e+04 9.329407e+04 9.237415e+04 9.019540e+04 8.787291e+04 8.562474e+04 8.349186e+04 8.143445e+04 7.941303e+04
9.389364e+04 9.389364e+04 9.389364e+04 9.389363e+04 9.389362e+04 9.389320e+04 9.389186e+04 9.388704e+04 9.388416e+04 9.388130e+04 9.387604e+04 9.387136e+04 9.386678e+04 9.386172e+04 9.385569e+04 9.384827e+04 9.383909e+04 9.375598e+04 9.358284e+04 9.327829e+04 9.280629e+04 9.215218e+04 9.132958e+04 8.933301e+04 8.715481e+04 8.501416e+04 8.296511e+04 8.097846e+04 7.901924e+04
9.243101e+04 9.243101e+04 9.243101e+04 9.243101e+04 9.243099e+04 9.243090e+04 9.243085e+04 9.243092e+04 9.243103e+04 9.243116e+04 9.243142e+04 9.243146e+04 9.243103e+04 9.242990e+04 9.242785e+04 9.242463e+04 9.242000e+04 9.236647e+04 9.223617e+04 9.198985e+04 9.159129e+04 9.102204e+04 9.028954e+04 8.846490e+04 8.642599e+04 8.439086e+04 8.242486e+04 8.050875e+04 7.861205e+04
9.101706e+04 9.101706e+04 9.101706e+04 9.101706e+04 9.101708e+04 9.101761e+04 9.101922e+04 9.102485e+04 9.102819e+04 9.103147e+04 9.103729e+04 9.104182e+04 9.104514e+04 9.104743e+04 9.104877e+04 9.104913e+04 9.104837e+04 9.102017e+04 9.092720e+04 9.073242e+04 9.039976e+04 8.990767e+04 8.925817e+04 8.759492e+04 8.568963e+04 8.375738e+04 8.187315e+04 8.002697e+04 7.819276e+04
8.969227e+04 8.969227e+04 8.969227e+04 8.969227e+04 8.969229e+04 8.969281e+04 8.969415e+04 8.969785e+04 8.969994e+04 8.970207e+04 8.970624e+04 8.971019e+04 8.971395e+04 8.971752e+04 8.972082e+04 8.972370e+04 8.972593e+04 8.971880e+04 8.965799e+04 8.950854e+04 8.923471e+04 8.881245e+04 8.823904e+04 8.672648e+04 8.494866e+04 8.311611e+04 8.131192e+04 7.953469e+04 7.776260e+04
8.843743e+04 8.843743e+04 8.843743e+04 8.843743e+04 8.843742e+04 8.843715e+04 8.843630e+04 8.843376e+04 8.843256e+04 8.843165e+04 8.843112e+04 8.843243e+04 8.843530e+04 8.843927e+04 8.844387e+04 8.844866e+04 8.845326e+04 8.846343e+04 8.842998e+04 8.832014e+04 8.809858e+04 8.773919e+04 8.723519e+04 8.586259e+04 8.420567e+04 8.246921e+04 8.074297e+04 7.903338e+04 7.732276e+04
8.720127e+04 8.720127e+04 8.720127e+04 8.720127e+04 8.720126e+04 8.720099e+04 8.720014e+04 8.719782e+04 8.719691e+04 8.719642e+04 8.719705e+04 8.719985e+04 8.720444e+04 8.721027e+04 8.721681e+04 8.722363e+04 8.723037e+04 8.725454e+04 8.724406e+04 8.716863e+04 8.699327e+04 8.669019e+04 8.624917e+04 8.500588e+04 8.346301e+04 8.181867e+04 8.016796e+04 7.852444e+04 7.687439e+04
8.598343e+04 8.598343e+04 8.598343e+04 8.598343e+04 8.598345e+04 8.598412e+04 8.598589e+04 8.599113e+04 8.599433e+04 8.599784e+04 8.600551e+04 8.601380e+04 8.602246e+04 8.603130e+04 8.604014e+04 8.604885e+04 8.605731e+04 8.609206e+04 8.610064e+04 8.605496e+04 8.592022e+04 8.566731e+04 8.528310e+04 8.415860e+04 8.272276e+04 8.116628e+04 7.958843e+04 7.800918e+04 7.641858e+04
