3.584171e+02 1.461122e+02 1.033266e+02 9.358981e+01 1.157815e+02 9.507569e+01 8.634331e+01 8.324891e+01 7.160808e+01 5.881343e+01 4.009162e+01 2.990613e+01 2.461195e+01 2.199065e+01 2.088340e+01 2.068668e+01 2.108094e+01 2.753848e+01 3.694379e+01 4.692746e+01 5.734337e+01 6.919391e+01 8.419375e+01 1.328852e+02 2.240760e+02 3.775868e+02 6.080120e+02 9.236217e+02 1.327548e+03
9.514039e+01 9.514019e+01 9.513868e+01 9.500574e+01 9.427852e+01 8.441156e+01 8.495273e+01 8.288729e+01 7.073523e+01 5.781814e+01 3.934452e+01 2.945522e+01 2.437436e+01 2.189793e+01 2.088920e+01 2.076060e+01 2.120308e+01 2.776717e+01 3.719478e+01 4.717465e+01 5.758418e+01 6.943888e+01 8.446177e+01 1.332786e+02 2.247239e+02 3.786246e+02 6.095599e+02 9.257729e+02 1.330366e+03
7.435785e+01 7.435787e+01 7.435786e+01 7.434718e+01 7.429288e+01 7.863292e+01 8.581411e+01 8.238818e+01 6.958880e+01 5.658859e+01 3.848632e+01 2.895975e+01 2.412386e+01 2.180777e+01 2.090516e+01 2.084826e+01 2.134046e+01 2.800929e+01 3.745546e+01 4.742884e+01 5.783038e+01 6.968855e+01 8.473447e+01 1.336783e+02 2.253811e+02 3.796754e+02 6.111250e+02 9.279455e+02 1.333209e+03
8.136913e+01 8.136932e+01 8.136985e+01 8.138214e+01 8.141430e+01 8.434802e+01 9.066044e+01 8.162433e+01 6.809815e+01 5.510154e+01 3.751982e+01 2.842434e+01 2.386431e+01 2.172323e+01 2.093373e+01 2.095166e+01 2.149467e+01 2.826536e+01 3.772601e+01 4.769006e+01 5.808201e+01 6.994295e+01 8.501189e+01 1.340842e+02 2.260475e+02 3.807394e+02 6.127075e+02 9.301395e+02 1.336077e+03
9.378406e+01 9.378417e+01 9.378447e+01 9.379187e+01 9.380749e+01 9.367309e+01 9.511407e+01 8.067752e+01 6.624848e+01 5.335791e+01 3.645449e+01 2.785588e+01 2.360052e+01 2.164789e+01 2.097765e+01 2.107291e+01 2.166739e+01 2.853590e+01 3.800659e+01 4.795839e+01 5.833909e+01 7.020209e+01 8.529406e+01 1.344965e+02 2.267232e+02 3.818167e+02 6.143076e+02 9.323552e+02 1.338971e+03
9.950488e+01 9.950496e+01 9.950520e+01 9.951130e+01 9.952562e+01 9.931402e+01 9.746830e+01 7.936484e+01 6.418211e+01 5.141035e+01 3.530950e+01 2.726401e+01 2.333836e+01 2.158580e+01 2.103992e+01 2.121429e+01 2.186034e+01 2.882141e+01 3.829733e+01 4.823384e+01 5.860162e+01 7.046599e+01 8.558101e+01 1.349152e+02 2.274085e+02 3.829074e+02 6.159253e+02 9.345928e+02 1.341890e+03
1.027509e+02 1.027510e+02 1.027512e+02 1.027564e+02 1.027700e+02 1.019035e+02 9.726549e+01 7.694183e+01 6.187315e+01 4.939065e+01 3.411636e+01 2.666155e+01 2.308487e+01 2.154159e+01 2.112384e+01 2.137823e+01 2.207538e+01 2.912236e+01 3.859837e+01 4.851646e+01 5.886962e+01 7.073466e+01 8.587278e+01 1.353403e+02 2.281034e+02 3.840117e+02 6.175609e+02 9.368524e+02 1.344835e+03
1.035945e+02 1.035930e+02 1.035884e+02 1.034799e+02 1.032228e+02 9.991293e+01 9.382849e+01 7.324532e+01 5.909654e+01 4.731141e+01 3.292109e+01 2.606494e+01 2.284847e+01 2.152051e+01 2.123303e+01 2.156736e+01 2.231441e+01 2.943921e+01 3.890982e+01 4.880627e+01 5.914309e+01 7.100812e+01 8.616938e+01 1.357719e+02 2.288079e+02 3.851297e+02 6.192145e+02 9.391342e+02 1.347807e+03
9.368693e+01 9.368693e+01 9.368694e+01 9.368658e+01 9.367550e+01 9.217074e+01 8.729534e+01 6.858901e+01 5.585946e+01 4.510244e+01 3.178501e+01 2.549450e+01 2.263907e+01 2.152855e+01 2.137150e+01 2.178447e+01 2.257945e+01 2.977240e+01 3.923177e+01 4.910326e+01 5.942204e+01 7.128638e+01 8.647085e+01 1.362101e+02 2.295222e+02 3.862615e+02 6.208863e+02 9.414383e+02 1.350804e+03
8.290204e+01 8.290204e+01 8.290202e+01 8.290080e+01 8.289213e+01 8.206249e+01 7.906480e+01 6.346769e+01 5.233538e+01 4.277931e+01 3.070972e+01 2.497563e+01 2.246832e+01 2.157257e+01 2.154370e+01 2.203261e+01 2.287263e+01 3.012234e+01 3.956429e+01 4.940745e+01 5.970645e+01 7.156945e+01 8.677722e+01 1.366550e+02 2.302464e+02 3.874072e+02 6.225764e+02 9.437651e+02 1.353828e+03
7.236253e+01 7.236253e+01 7.236253e+01 7.236221e+01 7.236065e+01 7.218430e+01 7.073761e+01 5.833370e+01 4.875209e+01 4.041165e+01 2.968044e+01 2.453695e+01 2.234998e+01 2.166040e+01 2.175460e+01 2.231507e+01 2.319618e+01 3.048940e+01 3.990744e+01 4.971883e+01 5.999631e+01 7.185733e+01 8.708850e+01 1.371066e+02 2.309806e+02 3.885671e+02 6.242850e+02 9.461145e+02 1.356878e+03
4.358082e+01 4.358081e+01 4.358081e+01 4.358053e+01 4.357951e+01 4.353549e+01 4.331275e+01 3.883219e+01 3.439573e+01 3.041539e+01 2.552452e+01 2.354317e+01 2.299020e+01 2.311753e+01 2.361709e+01 2.438297e+01 2.535991e+01 3.259315e+01 4.178301e+01 5.138229e+01 6.152666e+01 7.336883e+01 8.871943e+01 1.394677e+02 2.348053e+02 3.945830e+02 6.331111e+02 9.582087e+02 1.372534e+03
3.045042e+01 3.045042e+01 3.045043e+01 3.045047e+01 3.045054e+01 3.044865e+01 3.040856e+01 2.866101e+01 2.687066e+01 2.551258e+01 2.481739e+01 2.550384e+01 2.632838e+01 2.695078e+01 2.746124e+01 2.802230e+01 2.874343e+01 3.516753e+01 4.392081e+01 5.321766e+01 6.318858e+01 7.499976e+01 9.047634e+01 1.420069e+02 2.388959e+02 4.009725e+02 6.424241e+02 9.708979e+02 1.388881e+03
2.370849e+01 2.370849e+01 2.370849e+01 2.370855e+01 2.370871e+01 2.371177e+01 2.371296e+01 2.429753e+01 2.586149e+01 2.800653e+01 3.172612e+01 3.364582e+01 3.420474e+01 3.407465e+01 3.375861e+01 3.356535e+01 3.364490e+01 3.823903e+01 4.630773e+01 5.521294e+01 6.497526e+01 7.674810e+01 9.236119e+01 1.447327e+02 2.432664e+02 4.077538e+02 6.522451e+02 9.842050e+02 1.405943e+03
1.994446e+01 1.994446e+01 1.994446e+01 1.994452e+01 1.994471e+01 1.994997e+01 2.044290e+01 3.733368e+01 4.901799e+01 5.584256e+01 5.782635e+01 5.390663e+01 4.933717e+01 4.554481e+01 4.277264e+01 4.093891e+01 3.989145e+01 4.185510e+01 4.892747e+01 5.735325e+01 6.687830e+01 7.861108e+01 9.437577e+01 1.476538e+02 2.479312e+02 4.149456e+02 6.625958e+02 9.981533e+02 1.423745e+03
1.781808e+01 1.781808e+01 1.781808e+01 1.782534e+01 1.807428e+01 4.785415e+01 1.185119e+02 2.081118e+02 1.975814e+02 1.713265e+02 1.224239e+02 9.135463e+01 7.260335e+01 6.111188e+01 5.399777e+01 4.962086e+01 4.701316e+01 4.593576e+01 5.177348e+01 5.962494e+01 6.888948e+01 8.058611e+01 9.652213e+01 1.507798e+02 2.529052e+02 4.225672e+02 6.734985e+02 1.012767e+03 1.442309e+03
9.020583e+02 9.020581e+02 9.020574e+02 9.020362e+02 9.019658e+02 8.976215e+02 8.786874e+02 6.807740e+02 5.146623e+02 3.765528e+02 2.131703e+02 1.372294e+02 9.886872e+01 7.785989e+01 6.574470e+01 5.857157e+01 5.431074e+01 5.025270e+01 5.486723e+01 6.202108e+01 7.100300e+01 8.267180e+01 9.880319e+01 1.541206e+02 2.582042e+02 4.306388e+02 6.849763e+02 1.028070e+03 1.461663e+03
1.213083e+03 1.213083e+03 1.213083e+03 1.213059e+03 1.212983e+03 1.210517e+03 1.199410e+03 9.434728e+02 7.079695e+02 5.102783e+02 2.775708e+02 1.717084e+02 1.196494e+02 9.179707e+01 7.598546e+01 6.667847e+01 6.111209e+01 5.459036e+01 5.813890e+01 6.455042e+01 7.321815e+01 8.486934e+01 1.012235e+02 1.576873e+02 2.638450e+02 4.391812e+02 6.970527e+02 1.044088e+03 1.481830e+03
1.256646e+03 1.256646e+03 1.256646e+03 1.256642e+03 1.256627e+03 1.255916e+03 1.249080e+03 9.958916e+02 7.533926e+02 5.471255e+02 3.011376e+02 1.877519e+02 1.314797e+02 1.011267e+02 8.373017e+01 7.335955e+01 6.704660e+01 5.878340e+01 6.147635e+01 6.723957e+01 7.554268e+01 8.718386e+01 1.037899e+02 1.614926e+02 2.698454e+02 4.482163e+02 7.097522e+02 1.060847e+03 1.502837e+03
1.206804e+03 1.206804e+03 1.206804e+03 1.206798e+03 1.206779e+03 1.206224e+03 1.200893e+03 9.633082e+02 7.328054e+02 5.360866e+02 3.006072e+02 1.913371e+02 1.365790e+02 1.066614e+02 8.924261e+01 7.866427e+01 7.208326e+01 6.273411e+01 6.478709e+01 7.004070e+01 7.799994e+01 8.962615e+01 1.065126e+02 1.655507e+02 2.762244e+02 4.577671e+02 7.231002e+02 1.078373e+03 1.524709e+03
1.126195e+03 1.126195e+03 1.126195e+03 1.126194e+03 1.126193e+03 1.126093e+03 1.122244e+03 9.046547e+02 6.916952e+02 5.096310e+02 2.913030e+02 1.896078e+02 1.382979e+02 1.099719e+02 9.324940e+01 8.291826e+01 7.635911e+01 6.640301e+01 6.800244e+01 7.289899e+01 8.061676e+01 9.221504e+01 1.094062e+02 1.698781e+02 2.830027e+02 4.678575e+02 7.371228e+02 1.096692e+03 1.547475e+03
1.047635e+03 1.047635e+03 1.047635e+03 1.047634e+03 1.047629e+03 1.047496e+03 1.044081e+03 8.448319e+02 6.491742e+02 4.816520e+02 2.803711e+02 1.863089e+02 1.386226e+02 1.121088e+02 9.629851e+01 8.640139e+01 8.001402e+01 6.978858e+01 7.108217e+01 7.577233e+01 8.336292e+01 9.498434e+01 1.124906e+02 1.744940e+02 2.902030e+02 4.785133e+02 7.518474e+02 1.115833e+03 1.571161e+03
9.764740e+02 9.764740e+02 9.764740e+02 9.764730e+02 9.764704e+02 9.764026e+02 9.733689e+02 7.901517e+02 6.099054e+02 4.554387e+02 2.695908e+02 1.825312e+02 1.382483e+02 1.135099e+02 9.865800e+01 8.927348e+01 8.314242e+01 7.291081e+01 7.401348e+01 7.863103e+01 8.621289e+01 9.795815e+01 1.157938e+02 1.794211e+02 2.978499e+02 4.897615e+02 7.673027e+02 1.135825e+03 1.595795e+03
9.144931e+02 9.144931e+02 9.144930e+02 9.144926e+02 9.144910e+02 9.144378e+02 9.116120e+02 7.417330e+02 5.746965e+02 4.315595e+02 2.593118e+02 1.785573e+02 1.374139e+02 1.143671e+02 1.004731e+02 9.163996e+01 8.581981e+01 7.580203e+01 7.680568e+01 8.145926e+01 8.914887e+01 1.011198e+02 1.193584e+02 1.846858e+02 3.059707e+02 5.016311e+02 7.835184e+02 1.156697e+03 1.621406e+03
8.580878e+02 8.580878e+02 8.580878e+02 8.580879e+02 8.580884e+02 8.580924e+02 8.555818e+02 6.979519e+02 5.427791e+02 4.097736e+02 2.496787e+02 1.745934e+02 1.363140e+02 1.148471e+02 1.018798e+02 9.360829e+01 8.813013e+01 7.850228e+01 7.948316e+01 8.425502e+01 9.215993e+01 1.044603e+02 1.232059e+02 1.903192e+02 3.145957e+02 5.141534e+02 8.005259e+02 1.178480e+03 1.648023e+03
8.079726e+02 8.079726e+02 8.079726e+02 8.079724e+02 8.079716e+02 8.079444e+02 8.055649e+02 6.586910e+02 5.140862e+02 3.901145e+02 2.408577e+02 1.708398e+02 1.351403e+02 1.151185e+02 1.030201e+02 9.529511e+01 9.016787e+01 8.105598e+01 8.207889e+01 8.702846e+01 9.524251e+01 1.079758e+02 1.273310e+02 1.963591e+02 3.237586e+02 5.273617e+02 8.183585e+02 1.201207e+03 1.675676e+03
7.630220e+02 7.630220e+02 7.630221e+02 7.630222e+02 7.630228e+02 7.630343e+02 7.608962e+02 6.237130e+02 4.885072e+02 3.725634e+02 2.329411e+02 1.674348e+02 1.340414e+02 1.153230e+02 1.040213e+02 9.681068e+01 9.202644e+01 8.350867e+01 8.462935e+01 8.979910e+01 9.840063e+01 1.116670e+02 1.317359e+02 2.028527e+02 3.334972e+02 5.412925e+02 8.370512e+02 1.224909e+03 1.704398e+03
7.237023e+02 7.237023e+02 7.237023e+02 7.237022e+02 7.237017e+02 7.236837e+02 7.216161e+02 5.927835e+02 4.658640e+02 3.570245e+02 2.259481e+02 1.644507e+02 1.331121e+02 1.155619e+02 1.049821e+02 9.824625e+01 9.378735e+01 8.590415e+01 8.717117e+01 9.259291e+01 1.016455e+02 1.155390e+02 1.364272e+02 2.098596e+02 3.438540e+02 5.559849e+02 8.566412e+02 1.249623e+03 1.734218e+03
6.883773e+02 6.883773e+02 6.883773e+02 6.883776e+02 6.883785e+02 6.883972e+02 6.865348e+02 5.653603e+02 4.458478e+02 3.433318e+02 2.198445e+02 1.619082e+02 1.324011e+02 1.158983e+02 1.059716e+02 9.967080e+01 9.551597e+01 8.828271e+01 8.973929e+01 9.543957e+01 1.049949e+02 1.196020e+02 1.414148e+02 2.173985e+02 3.548775e+02 5.714819e+02 8.771681e+02 1.275385e+03 1.765172e+03
6.576959e+02 6.576959e+02 6.576959e+02 6.576959e+02 6.576957e+02 6.576875e+02 6.558692e+02 5.412221e+02 4.282184e+02 3.312901e+02 2.145410e+02 1.597859e+02 1.319251e+02 1.163691e+02 1.070364e+02 1.011347e+02 9.726284e+01 9.068043e+01 9.236624e+01 9.837052e+01 1.084717e+02 1.238711e+02 1.467120e+02 2.254831e+02 3.666246e+02 5.878304e+02 8.986741e+02 1.302232e+03 1.797293e+03
6.298752e+02 6.298752e+02 6.298752e+02 6.298753e+02 6.298756e+02 6.298788e+02 6.281852e+02 5.195755e+02 4.124676e+02 3.205892e+02 2.099316e+02 1.580593e+02 1.316941e+02 1.170006e+02 1.082107e+02 1.026763e+02 9.906753e+01 9.312952e+01 9.508203e+01 1.014176e+02 1.121031e+02 1.283665e+02 1.523359e+02 2.341334e+02 3.791672e+02 6.050822e+02 9.212047e+02 1.330206e+03 1.830616e+03
6.051112e+02 6.051112e+02 6.051112e+02 6.051112e+02 6.051112e+02 6.051090e+02 6.034892e+02 5.002591e+02 3.984631e+02 3.111448e+02 2.059973e+02 1.567362e+02 1.317270e+02 1.178172e+02 1.095230e+02 1.043262e+02 1.009623e+02 9.565914e+01 9.791467e+01 1.046123e+02 1.159195e+02 1.331132e+02 1.583078e+02 2.433727e+02 3.925716e+02 6.232947e+02 9.448085e+02 1.359348e+03 1.865180e+03
5.828645e+02 5.828645e+02 5.828645e+02 5.828645e+02 5.828646e+02 5.828713e+02 5.813552e+02 4.830660e+02 3.860933e+02 3.029052e+02 2.027350e+02 1.558260e+02 1.320389e+02 1.188382e+02 1.109958e+02 1.061102e+02 1.029746e+02 9.829638e+01 1.008907e+02 1.079859e+02 1.199535e+02 1.381402e+02 1.646532e+02 2.532269e+02 4.068578e+02 6.425328e+02 9.695382e+02 1.389705e+03 1.901022e+03
5.633430e+02 5.633430e+02 5.633430e+02 5.633430e+02 5.633431e+02 5.633431e+02 5.618804e+02 4.679646e+02 3.753125e+02 2.958272e+02 2.001186e+02 1.553197e+02 1.326332e+02 1.200762e+02 1.126479e+02 1.080506e+02 1.051293e+02 1.010670e+02 1.040358e+02 1.115691e+02 1.242395e+02 1.434806e+02 1.714017e+02 2.637250e+02 4.220536e+02 6.628725e+02 9.954508e+02 1.421322e+03 1.938184e+03
5.460376e+02 5.460376e+02 5.460376e+02 5.460378e+02 5.460383e+02 5.460527e+02 5.446832e+02 4.547426e+02 3.659661e+02 2.897992e+02 1.980931e+02 1.551961e+02 1.335093e+02 1.215420e+02 1.144969e+02 1.101688e+02 1.074501e+02 1.039961e+02 1.073755e+02 1.153928e+02 1.288136e+02 1.491710e+02 1.785875e+02 2.748985e+02 4.381918e+02 6.844104e+02 1.022609e+03 1.454253e+03 1.976707e+03
5.310445e+02 5.310445e+02 5.310445e+02 5.310445e+02 5.310447e+02 5.310497e+02 5.297113e+02 4.432350e+02 3.579101e+02 2.847133e+02 1.966119e+02 1.554430e+02 1.346725e+02 1.232502e+02 1.165617e+02 1.124865e+02 1.099598e+02 1.071083e+02 1.109355e+02 1.194881e+02 1.337131e+02 1.552512e+02 1.862489e+02 2.867824e+02 4.553080e+02 7.071996e+02 1.051081e+03 1.488550e+03 2.016638e+03
5.176879e+02 5.176879e+02 5.176879e+02 5.176880e+02 5.176884e+02 5.176972e+02 5.164180e+02 4.331391e+02 3.509590e+02 2.804672e+02 1.956532e+02 1.560657e+02 1.361372e+02 1.252183e+02 1.188618e+02 1.150243e+02 1.126801e+02 1.104280e+02 1.147424e+02 1.238874e+02 1.389772e+02 1.617640e+02 1.944282e+02 2.994152e+02 4.734402e+02 7.312646e+02 1.080946e+03 1.524272e+03 2.058021e+03
5.059818e+02 5.059818e+02 5.059818e+02 5.059819e+02 5.059822e+02 5.059907e+02 5.047592e+02 4.243875e+02 3.450717e+02 2.770434e+02 1.952230e+02 1.570763e+02 1.379171e+02 1.274613e+02 1.214134e+02 1.177998e+02 1.156303e+02 1.139795e+02 1.188239e+02 1.286245e+02 1.446469e+02 1.687549e+02 2.031717e+02 3.128387e+02 4.926287e+02 7.566407e+02 1.112298e+03 1.561482e+03 2.100908e+03
4.958473e+02 4.958473e+02 4.958473e+02 4.958473e+02 4.958476e+02 4.958554e+02 4.946622e+02 4.169150e+02 3.401989e+02 2.744080e+02 1.953060e+02 1.584690e+02 1.400133e+02 1.299857e+02 1.242275e+02 1.208277e+02 1.188279e+02 1.177880e+02 1.232096e+02 1.337349e+02 1.507651e+02 1.762725e+02 2.125294e+02 3.270989e+02 5.129160e+02 7.833672e+02 1.145243e+03 1.600249e+03 2.145351e+03
4.870436e+02 4.870436e+02 4.870436e+02 4.870437e+02 4.870439e+02 4.870520e+02 4.858975e+02 4.105613e+02 3.362215e+02 2.724727e+02 1.958528e+02 1.602185e+02 1.424164e+02 1.327930e+02 1.273130e+02 1.241218e+02 1.222901e+02 1.218798e+02 1.279315e+02 1.392573e+02 1.573776e+02 1.843682e+02 2.225551e+02 3.422456e+02 5.343471e+02 8.114857e+02 1.179807e+03 1.640651e+03 2.191406e+03
4.794449e+02 4.794449e+02 4.794449e+02 4.794450e+02 4.794452e+02 4.794527e+02 4.783311e+02 4.051930e+02 3.330262e+02 2.711501e+02 1.968192e+02 1.623071e+02 1.451243e+02 1.358905e+02 1.306830e+02 1.276993e+02 1.260369e+02 1.262830e+02 1.330244e+02 1.452332e+02 1.645332e+02 1.930966e+02 2.333061e+02 3.583326e+02 5.569698e+02 8.410398e+02 1.216020e+03 1.682773e+03 2.239134e+03
4.729169e+02 4.729169e+02 4.729169e+02 4.729170e+02 4.729172e+02 4.729256e+02 4.718383e+02 4.007250e+02 3.305590e+02 2.704111e+02 1.982045e+02 1.647456e+02 1.481531e+02 1.392971e+02 1.343582e+02 1.315820e+02 1.300912e+02 1.310285e+02 1.385269e+02 1.517080e+02 1.722838e+02 2.025155e+02 2.448433e+02 3.754178e+02 5.808343e+02 8.720744e+02 1.253918e+03 1.726728e+03 2.288600e+03
4.674246e+02 4.674246e+02 4.674246e+02 4.674247e+02 4.674250e+02 4.674341e+02 4.663781e+02 3.971358e+02 3.288212e+02 2.702733e+02 2.000353e+02 1.675596e+02 1.515272e+02 1.430366e+02 1.383623e+02 1.357939e+02 1.344781e+02 1.361504e+02 1.444820e+02 1.587314e+02 1.806854e+02 2.126861e+02 2.572311e+02 3.935629e+02 6.059940e+02 9.046360e+02 1.293539e+03 1.772597e+03 2.339875e+03
4.629375e+02 4.629375e+02 4.629375e+02 4.629376e+02 4.629379e+02 4.629474e+02 4.619204e+02 3.944199e+02 3.278175e+02 2.707433e+02 2.023198e+02 1.707630e+02 1.552649e+02 1.471298e+02 1.427178e+02 1.403596e+02 1.392241e+02 1.416872e+02 1.509379e+02 1.663580e+02 1.897980e+02 2.236733e+02 2.705377e+02 4.128338e+02 6.325052e+02 9.387727e+02 1.334924e+03 1.820391e+03 2.393039e+03
4.594508e+02 4.594508e+02 4.594508e+02 4.594509e+02 4.594514e+02 4.594650e+02 4.584739e+02 3.925569e+02 3.275066e+02 2.717804e+02 2.050466e+02 1.743656e+02 1.593850e+02 1.515993e+02 1.474497e+02 1.453061e+02 1.443590e+02 1.476836e+02 1.579487e+02 1.746477e+02 1.996861e+02 2.355458e+02 2.848345e+02 4.333000e+02 6.604275e+02 9.745342e+02 1.378115e+03 1.870135e+03 2.448187e+03
4.570882e+02 4.570882e+02 4.570882e+02 4.570883e+02 4.570885e+02 4.570950e+02 4.561051e+02 3.915365e+02 3.278886e+02 2.734065e+02 2.082586e+02 1.784075e+02 1.639215e+02 1.564759e+02 1.525888e+02 1.506666e+02 1.499191e+02 1.541919e+02 1.655755e+02 1.836659e+02 2.104187e+02 2.483760e+02 3.001966e+02 4.550347e+02 6.898236e+02 1.011972e+03 1.423154e+03 1.921861e+03 2.505437e+03
4.553676e+02 4.553676e+02 4.553676e+02 4.553676e+02 4.553679e+02 4.553761e+02 4.544111e+02 3.912270e+02 3.289543e+02 2.756665e+02 2.120065e+02 1.829246e+02 1.689045e+02 1.617908e+02 1.581704e+02 1.564814e+02 1.559495e+02 1.612736e+02 1.738865e+02 1.934842e+02 2.220696e+02 2.622406e+02 3.167029e+02 4.781149e+02 7.207594e+02 1.051138e+03 1.470086e+03 1.975601e+03 2.564824e+03
4.542477e+02 4.542477e+02 4.542477e+02 4.542477e+02 4.542478e+02 4.542496e+02 4.532911e+02 3.914638e+02 3.305488e+02 2.784322e+02 2.162225e+02 1.878948e+02 1.743422e+02 1.675719e+02 1.642356e+02 1.628004e+02 1.625068e+02 1.690003e+02 1.829575e+02 2.041795e+02 2.347177e+02 2.772201e+02 3.344354e+02 5.026208e+02 7.533038e+02 1.092089e+03 1.518953e+03 2.031389e+03 2.626352e+03
4.533535e+02 4.533535e+02 4.533535e+02 4.533536e+02 4.533540e+02 4.533657e+02 4.524553e+02 3.920468e+02 3.324985e+02 2.815684e+02 2.208514e+02 1.933160e+02 1.802629e+02 1.738658e+02 1.708427e+02 1.696900e+02 1.696628e+02 1.774539e+02 1.928715e+02 2.158350e+02 2.484462e+02 2.933992e+02 3.534800e+02 5.286360e+02 7.875291e+02 1.134881e+03 1.569799e+03 2.089260e+03 2.690037e+03
4.533502e+02 4.533502e+02 4.533502e+02 4.533504e+02 4.533511e+02 4.533732e+02 4.525144e+02 3.934404e+02 3.351683e+02 2.853504e+02 2.260512e+02 1.992938e+02 1.867541e+02 1.807559e+02 1.780762e+02 1.772369e+02 1.775062e+02 1.867255e+02 2.037181e+02 2.285390e+02 2.633434e+02 3.108665e+02 3.739259e+02 5.562472e+02 8.235103e+02 1.179573e+03 1.622670e+03 2.149249e+03 2.755904e+03
4.550355e+02 4.550355e+02 4.550355e+02 4.550358e+02 4.550365e+02 4.550587e+02 4.542144e+02 3.961882e+02 3.389724e+02 2.900850e+02 2.320000e+02 2.059547e+02 1.939243e+02 1.883458e+02 1.860388e+02 1.855438e+02 1.861397e+02 1.969147e+02 2.155930e+02 2.423851e+02 2.795018e+02 3.297146e+02 3.958660e+02 5.855441e+02 8.613255e+02 1.226226e+03 1.677611e+03 2.211388e+03 2.823975e+03
4.581177e+02 4.581177e+02 4.581177e+02 4.581177e+02 4.581179e+02 4.581244e+02 4.572497e+02 4.000477e+02 3.437414e+02 2.956775e+02 2.387139e+02 2.133723e+02 2.018728e+02 1.967453e+02 1.948437e+02 1.947246e+02 1.956763e+02 2.081265e+02 2.285967e+02 2.574714e+02 2.970184e+02 3.500397e+02 4.193961e+02 6.166193e+02 9.010552e+02 1.274902e+03 1.734668e+03 2.275713e+03 2.894274e+03
4.615928e+02 4.615928e+02 4.615928e+02 4.615931e+02 4.615941e+02 4.616248e+02 4.608267e+02 4.046555e+02 3.492949e+02 3.020719e+02 2.462618e+02 2.216587e+02 2.107248e+02 2.060815e+02 2.046166e+02 2.049022e+02 2.062359e+02 2.204701e+02 2.428339e+02 2.739003e+02 3.159939e+02 3.719420e+02 4.446157e+02 6.495679e+02 9.427827e+02 1.325666e+03 1.793888e+03 2.342255e+03 2.966824e+03
4.667446e+02 4.667446e+02 4.667447e+02 4.667450e+02 4.667460e+02 4.667779e+02 4.660052e+02 4.106644e+02 3.561255e+02 3.096506e+02 2.548980e+02 2.310049e+02 2.206396e+02 2.164972e+02 2.154906e+02 2.162032e+02 2.179406e+02 2.340562e+02 2.584126e+02 2.917784e+02 3.365335e+02 3.955251e+02 4.716272e+02 6.844877e+02 9.865935e+02 1.378585e+03 1.855318e+03 2.411049e+03 3.041649e+03
4.740905e+02 4.740905e+02 4.740905e+02 4.740909e+02 4.740919e+02 4.741241e+02 4.733571e+02 4.185577e+02 3.646168e+02 3.187109e+02 2.648178e+02 2.415659e+02 2.317563e+02 2.281238e+02 2.275916e+02 2.287490e+02 2.309082e+02 2.489964e+02 2.754441e+02 3.112158e+02 3.587456e+02 4.208960e+02 5.005362e+02 7.214790e+02 1.032575e+03 1.433726e+03 1.919005e+03 2.482126e+03 3.118769e+03
4.832994e+02 4.832994e+02 4.832994e+02 4.832996e+02 4.833000e+02 4.833138e+02 4.825013e+02 4.280468e+02 3.745775e+02 3.291465e+02 2.760327e+02 2.534156e+02 2.441764e+02 2.410720e+02 2.410320e+02 2.426516e+02 2.452494e+02 2.654020e+02 2.940423e+02 3.323263e+02 3.827423e+02 4.481650e+02 5.314512e+02 7.606442e+02 1.080817e+03 1.491160e+03 1.984999e+03 2.555519e+03 3.198206e+03
4.931484e+02 4.931484e+02 4.931484e+02 4.931489e+02 4.931505e+02 4.931964e+02 4.924694e+02 4.386778e+02 3.857761e+02 3.408777e+02 2.886090e+02 2.666621e+02 2.580140e+02 2.554528e+02 2.559192e+02 2.580159e+02 2.610691e+02 2.833854e+02 3.143247e+02 3.552274e+02 4.086393e+02 4.774456e+02 5.644833e+02 8.020877e+02 1.131411e+03 1.550957e+03 2.053349e+03 2.631259e+03 3.279979e+03
5.053603e+02 5.053603e+02 5.053603e+02 5.053608e+02 5.053625e+02 5.054140e+02 5.047251e+02 4.513802e+02 3.988980e+02 3.544134e+02 3.028455e+02 2.814970e+02 2.734067e+02 2.713783e+02 2.723547e+02 2.749409e+02 2.784672e+02 3.030622e+02 3.364129e+02 3.800399e+02 4.365552e+02 5.088542e+02 5.997466e+02 8.459161e+02 1.184448e+03 1.613189e+03 2.124104e+03 2.709378e+03 3.364108e+03
5.208077e+02 5.208077e+02 5.208077e+02 5.208081e+02 5.208094e+02 5.208495e+02 5.201300e+02 4.668041e+02 4.144381e+02 3.701143e+02 3.189322e+02 2.980356e+02 2.904431e+02 2.889313e+02 2.904242e+02 2.935183e+02 2.975421e+02 3.245532e+02 3.604328e+02 4.068884e+02 4.666118e+02 5.425100e+02 6.373574e+02 8.922374e+02 1.240024e+03 1.677929e+03 2.197314e+03 2.789905e+03 3.450609e+03
5.386432e+02 5.386432e+02 5.386432e+02 5.386437e+02 5.386453e+02 5.386950e+02 5.379973e+02 4.846048e+02 4.321567e+02 3.878033e+02 3.367809e+02 3.162568e+02 3.091484e+02 3.081680e+02 3.102053e+02 3.138410e+02 3.183979e+02 3.479876e+02 3.865152e+02 4.359004e+02 4.989336e+02 5.785348e+02 6.774347e+02 9.411615e+02 1.298232e+03 1.745251e+03 2.273029e+03 2.872871e+03 3.539499e+03
5.592583e+02 5.592583e+02 5.592583e+02 5.592589e+02 5.592605e+02 5.593113e+02 5.586147e+02 5.047880e+02 4.519580e+02 4.073641e+02 3.563367e+02 3.361710e+02 3.295756e+02 3.291692e+02 3.317978e+02 3.360221e+02 3.411576e+02 3.735040e+02 4.147956e+02 4.672065e+02 5.336476e+02 6.170528e+02 7.200994e+02 9.927996e+02 1.359168e+03 1.815228e+03 2.351300e+03 2.958306e+03 3.630793e+03
5.828408e+02 5.828408e+02 5.828408e+02 5.828414e+02 5.828430e+02 5.828944e+02 5.821849e+02 5.275443e+02 4.740373e+02 4.289931e+02 3.777734e+02 3.579265e+02 3.518620e+02 3.520715e+02 3.553420e+02 3.602067e+02 3.659696e+02 4.012509e+02 4.454130e+02 5.009392e+02 5.708828e+02 6.581904e+02 7.654748e+02 1.047264e+03 1.422928e+03 1.887935e+03 2.432176e+03 3.046238e+03 3.724506e+03
6.092887e+02 6.092887e+02 6.092887e+02 6.092890e+02 6.092900e+02 6.093262e+02 6.085585e+02 5.529015e+02 4.985579e+02 4.529099e+02 4.012971e+02 3.817017e+02 3.761767e+02 3.770441e+02 3.810089e+02 3.865662e+02 3.930044e+02 4.313835e+02 4.785084e+02 5.372325e+02 6.107701e+02 7.020761e+02 8.136861e+02 1.104669e+03 1.489608e+03 1.963445e+03 2.515707e+03 3.136696e+03 3.820649e+03
6.373354e+02 6.373354e+02 6.373354e+02 6.373356e+02 6.373364e+02 6.373616e+02 6.365460e+02 5.800415e+02 5.249767e+02 4.788006e+02 4.268748e+02 4.075953e+02 4.026778e+02 4.042691e+02 4.089882e+02 4.152903e+02 4.224481e+02 4.640598e+02 5.142229e+02 5.762209e+02 6.534420e+02 7.488406e+02 8.648603e+02 1.165128e+03 1.559303e+03 2.041832e+03 2.601944e+03 3.229707e+03 3.919235e+03
6.661681e+02 6.661681e+02 6.661681e+02 6.661689e+02 6.661712e+02 6.662439e+02 6.655516e+02 6.087260e+02 5.531786e+02 5.066512e+02 4.546360e+02 4.358042e+02 4.315828e+02 4.339647e+02 4.394910e+02 4.465806e+02 4.544925e+02 4.994349e+02 5.526952e+02 6.180390e+02 6.990324e+02 7.986163e+02 9.191264e+02 1.228756e+03 1.632108e+03 2.123168e+03 2.690932e+03 3.325298e+03 4.020273e+03
6.987135e+02 6.987135e+02 6.987135e+02 6.987143e+02 6.987166e+02 6.987899e+02 6.980960e+02 6.405450e+02 5.843221e+02 5.373184e+02 4.851041e+02 4.666949e+02 4.631783e+02 4.663736e+02 4.727333e+02 4.806351e+02 4.893221e+02 5.376552e+02 5.940603e+02 6.628209e+02 7.476764e+02 8.515377e+02 9.766150e+02 1.295669e+03 1.708119e+03 2.207524e+03 2.782721e+03 3.423495e+03 4.123775e+03
7.355384e+02 7.355384e+02 7.355384e+02 7.355391e+02 7.355414e+02 7.356127e+02 7.348954e+02 6.762510e+02 6.190579e+02 5.713368e+02 5.186389e+02 5.005340e+02 4.976852e+02 5.016920e+02 5.088961e+02 5.176233e+02 5.270971e+02 5.788548e+02 6.384481e+02 7.107004e+02 7.995111e+02 9.077415e+02 1.037459e+03 1.365983e+03 1.787428e+03 2.294969e+03 2.877356e+03 3.524322e+03 4.229746e+03
7.763461e+02 7.763461e+02 7.763461e+02 7.763468e+02 7.763491e+02 7.764249e+02 7.757028e+02 7.157764e+02 6.573636e+02 6.087001e+02 5.552706e+02 5.373988e+02 5.352138e+02 5.400470e+02 5.481118e+02 5.576773e+02 5.679471e+02 6.231534e+02 6.859840e+02 7.618114e+02 8.546755e+02 9.673665e+02 1.101791e+03 1.439813e+03 1.870128e+03 2.385572e+03 2.974881e+03 3.627801e+03 4.338194e+03
8.214527e+02 8.214527e+02 8.214528e+02 8.214536e+02 8.214562e+02 8.215403e+02 8.208113e+02 7.591982e+02 6.992105e+02 6.493515e+02 5.949985e+02 5.773501e+02 5.758570e+02 5.815435e+02 5.904878e+02 6.009033e+02 6.119760e+02 6.706577e+02 7.367904e+02 8.162893e+02 9.133114e+02 1.030554e+03 1.169749e+03 1.517273e+03 1.956308e+03 2.479398e+03 3.075339e+03 3.733956e+03 4.449125e+03
8.712322e+02 8.712322e+02 8.712322e+02 8.712329e+02 8.712352e+02 8.713080e+02 8.705121e+02 8.066093e+02 7.446705e+02 6.933944e+02 6.379805e+02 6.205439e+02 6.197492e+02 6.262954e+02 6.361233e+02 6.473914e+02 6.592695e+02 7.214657e+02 7.909892e+02 8.742726e+02 9.755640e+02 1.097449e+03 1.241469e+03 1.598479e+03 2.046055e+03 2.576510e+03 3.178769e+03 3.842804e+03 4.562542e+03
9.248393e+02 9.248393e+02 9.248393e+02 9.248401e+02 9.248423e+02 9.249140e+02 9.240714e+02 8.579008e+02 7.939529e+02 7.411672e+02 6.845178e+02 6.671854e+02 6.670316e+02 6.744069e+02 6.851020e+02 6.972152e+02 7.098979e+02 7.756721e+02 8.487060e+02 9.359044e+02 1.041583e+03 1.168198e+03 1.317091e+03 1.683543e+03 2.139456e+03 2.676966e+03 3.285208e+03 3.954366e+03 4.678448e+03
9.819179e+02 9.819179e+02 9.819180e+02 9.819191e+02 9.819225e+02 9.820321e+02 9.812589e+02 9.131960e+02 8.472740e+02 7.928867e+02 7.347571e+02 7.173755e+02 7.177821e+02 7.259428e+02 7.374820e+02 7.504315e+02 7.639209e+02 8.333765e+02 9.100735e+02 1.001335e+03 1.111522e+03 1.242951e+03 1.396753e+03 1.772577e+03 2.236590e+03 2.780823e+03 3.394693e+03 4.068656e+03 4.796844e+03
1.044645e+03 1.044645e+03 1.044645e+03 1.044646e+03 1.044650e+03 1.044760e+03 1.043959e+03 9.732712e+02 9.048706e+02 8.485390e+02 7.886393e+02 7.711148e+02 7.720307e+02 7.809427e+02 7.933082e+02 8.070918e+02 8.213990e+02 8.946912e+02 9.752360e+02 1.070721e+03 1.185543e+03 1.321862e+03 1.480598e+03 1.865689e+03 2.337537e+03 2.888133e+03 3.507252e+03 4.185689e+03 4.917731e+03
1.113543e+03 1.113543e+03 1.113543e+03 1.113544e+03 1.113548e+03 1.113649e+03 1.112765e+03 1.038573e+03 9.670666e+02 9.083703e+02 8.463290e+02 8.285107e+02 8.298466e+02 8.394591e+02 8.526322e+02 8.672566e+02 8.824060e+02 9.597490e+02 1.044352e+03 1.144232e+03 1.263810e+03 1.405087e+03 1.568767e+03 1.962985e+03 2.442369e+03 2.998944e+03 3.622916e+03 4.305475e+03 5.041105e+03
1.187831e+03 1.187831e+03 1.187831e+03 1.187832e+03 1.187835e+03 1.187937e+03 1.186996e+03 1.109222e+03 1.034352e+03 9.729580e+02 9.081893e+02 8.897188e+02 8.912929e+02 9.015339e+02 9.155071e+02 9.310005e+02 9.470387e+02 1.028708e+03 1.117597e+03 1.222045e+03 1.346495e+03 1.492785e+03 1.661400e+03 2.064569e+03 2.551156e+03 3.113300e+03 3.741706e+03 4.428023e+03 5.166963e+03
1.267514e+03 1.267514e+03 1.267514e+03 1.267515e+03 1.267520e+03 1.267661e+03 1.266771e+03 1.185419e+03 1.106836e+03 1.042292e+03 9.740783e+02 9.546005e+02 9.562914e+02 9.671597e+02 9.819870e+02 9.984248e+02 1.015432e+03 1.101757e+03 1.195161e+03 1.304348e+03 1.433777e+03 1.585116e+03 1.758639e+03 2.170539e+03 2.663961e+03 3.231237e+03 3.863643e+03 4.553340e+03 5.295300e+03
1.354856e+03 1.354856e+03 1.354856e+03 1.354857e+03 1.354862e+03 1.355003e+03 1.354041e+03 1.267696e+03 1.184291e+03 1.115798e+03 1.043463e+03 1.022875e+03 1.024760e+03 1.036385e+03 1.052201e+03 1.069705e+03 1.087786e+03 1.179109e+03 1.277251e+03 1.391338e+03 1.525835e+03 1.682241e+03 1.860621e+03 2.280989e+03 2.780841e+03 3.352788e+03 3.988743e+03 4.681427e+03 5.426107e+03
1.449973e+03 1.449973e+03 1.449973e+03 1.449974e+03 1.449978e+03 1.450102e+03 1.448987e+03 1.356221e+03 1.266861e+03 1.193620e+03 1.116523e+03 1.094768e+03 1.096964e+03 1.109498e+03 1.126447e+03 1.145137e+03 1.164387e+03 1.261000e+03 1.364086e+03 1.483219e+03 1.622856e+03 1.784322e+03 1.967483e+03 2.396004e+03 2.901846e+03 3.477980e+03 4.117016e+03 4.812285e+03 5.559377e+03
1.551457e+03 1.551457e+03 1.551457e+03 1.551458e+03 1.551462e+03 1.551586e+03 1.550367e+03 1.450975e+03 1.355245e+03 1.276782e+03 1.194237e+03 1.171044e+03 1.173516e+03 1.187016e+03 1.205166e+03 1.225103e+03 1.245572e+03 1.347674e+03 1.455894e+03 1.580203e+03 1.725027e+03 1.891518e+03 2.079354e+03 2.515666e+03 3.027020e+03 3.606832e+03 4.248468e+03 4.945909e+03 5.695097e+03
1.659142e+03 1.659142e+03 1.659142e+03 1.659144e+03 1.659150e+03 1.659339e+03 1.658192e+03 1.552342e+03 1.449968e+03 1.365893e+03 1.277272e+03 1.252360e+03 1.255020e+03 1.269458e+03 1.288797e+03 1.309973e+03 1.331659e+03 1.439377e+03 1.552912e+03 1.682506e+03 1.832534e+03 2.003984e+03 2.196360e+03 2.640047e+03 3.156399e+03 3.739357e+03 4.383099e+03 5.082293e+03 5.833254e+03
1.776831e+03 1.776831e+03 1.776831e+03 1.776833e+03 1.776839e+03 1.777029e+03 1.775773e+03 1.661751e+03 1.551529e+03 1.461050e+03 1.365791e+03 1.339081e+03 1.341890e+03 1.357200e+03 1.377656e+03 1.400015e+03 1.422890e+03 1.536351e+03 1.655385e+03 1.790346e+03 1.945563e+03 2.121873e+03 2.318620e+03 2.769210e+03 3.290009e+03 3.875562e+03 4.520904e+03 5.221424e+03 5.973832e+03
1.905390e+03 1.905390e+03 1.905390e+03 1.905391e+03 1.905395e+03 1.905523e+03 1.903940e+03 1.779619e+03 1.660221e+03 1.562572e+03 1.460241e+03 1.431636e+03 1.434452e+03 1.450468e+03 1.471911e+03 1.495380e+03 1.519424e+03 1.638849e+03 1.763564e+03 1.903941e+03 2.064295e+03 2.245327e+03 2.446242e+03 2.903208e+03 3.427866e+03 4.015444e+03 4.661874e+03 5.363290e+03 6.116814e+03
2.040740e+03 2.040740e+03 2.040740e+03 2.040741e+03 2.040745e+03 2.040867e+03 2.039072e+03 1.904725e+03 1.776177e+03 1.671266e+03 1.561471e+03 1.530475e+03 1.532861e+03 1.549294e+03 1.571582e+03 1.596132e+03 1.621383e+03 1.747144e+03 1.877705e+03 2.023506e+03 2.188902e+03 2.374480e+03 2.579325e+03 3.042082e+03 3.569980e+03 4.158994e+03 4.805991e+03 5.507870e+03 6.262179e+03
2.180767e+03 2.180767e+03 2.180767e+03 2.180768e+03 2.180772e+03 2.180867e+03 2.178829e+03 2.035588e+03 1.898706e+03 1.786886e+03 1.669293e+03 1.635249e+03 1.636758e+03 1.653432e+03 1.676577e+03 1.702318e+03 1.728924e+03 1.861544e+03 1.998066e+03 2.149248e+03 2.319548e+03 2.509456e+03 2.717953e+03 3.185863e+03 3.716346e+03 4.306195e+03 4.953234e+03 5.655143e+03 6.409906e+03
2.322328e+03 2.322328e+03 2.322328e+03 2.322328e+03 2.322330e+03 2.322374e+03 2.320082e+03 2.169075e+03 2.024801e+03 1.906665e+03 1.781558e+03 1.744462e+03 1.745250e+03 1.762467e+03 1.786823e+03 1.814087e+03 1.842321e+03 1.982380e+03 2.124892e+03 2.281361e+03 2.456384e+03 2.650362e+03 2.862198e+03 3.334564e+03 3.866950e+03 4.457020e+03 5.103574e+03 5.805083e+03 6.559971e+03
2.461912e+03 2.461912e+03 2.461912e+03 2.461912e+03 2.461914e+03 2.461958e+03 2.459575e+03 2.302112e+03 2.151317e+03 2.027509e+03 1.895808e+03 1.856598e+03 1.857643e+03 1.876277e+03 1.902535e+03 1.931822e+03 1.962024e+03 2.109981e+03 2.258412e+03 2.420022e+03 2.599545e+03 2.797291e+03 3.012114e+03 3.488188e+03 4.021768e+03 4.611435e+03 5.256978e+03 5.957659e+03 6.712345e+03
2.600237e+03 2.600237e+03 2.600237e+03 2.600238e+03 2.600241e+03 2.600316e+03 2.597920e+03 2.434189e+03 2.277047e+03 2.147954e+03 2.011054e+03 1.971439e+03 1.974267e+03 1.995472e+03 2.024410e+03 2.056200e+03 2.088639e+03 2.244632e+03 2.398818e+03 2.565389e+03 2.749146e+03 2.950317e+03 3.167738e+03 3.646720e+03 4.180761e+03 4.769396e+03 5.413406e+03 6.112837e+03 6.867001e+03
2.739297e+03 2.739297e+03 2.739297e+03 2.739297e+03 2.739300e+03 2.739375e+03 2.736855e+03 2.565550e+03 2.401736e+03 2.267907e+03 2.128183e+03 2.090452e+03 2.096664e+03 2.121407e+03 2.153542e+03 2.188064e+03 2.222802e+03 2.386531e+03 2.546269e+03 2.717600e+03 2.905286e+03 3.109492e+03 3.329086e+03 3.810128e+03 4.343880e+03 4.930853e+03 5.572811e+03 6.270580e+03 7.023908e+03
2.879499e+03 2.879499e+03 2.879499e+03 2.879500e+03 2.879504e+03 2.879639e+03 2.877134e+03 2.698111e+03 2.528168e+03 2.390791e+03 2.250897e+03 2.216816e+03 2.227252e+03 2.255789e+03 2.291070e+03 2.328144e+03 2.364966e+03 2.535769e+03 2.700889e+03 2.876771e+03 3.068040e+03 3.274848e+03 3.496150e+03 3.978364e+03 4.511062e+03 5.095743e+03 5.735141e+03 6.430845e+03 7.183032e+03
