2.257985e+09 2.131806e+09 2.054703e+09 1.778754e+09 1.636120e+09 1.237673e+09 1.069836e+09 9.201160e+08 8.798750e+08 8.526206e+08 8.265909e+08 8.262984e+08 8.397830e+08 8.590776e+08 8.800068e+08 9.007578e+08 9.206638e+08 1.004587e+09 1.064256e+09 1.102507e+09 1.122965e+09 1.129528e+09 1.125666e+09 1.097310e+09 1.053494e+09 1.003056e+09 9.508559e+08 8.995041e+08 8.503474e+08
1.237808e+09 1.237814e+09 1.237821e+09 1.236954e+09 1.230208e+09 1.131946e+09 1.024709e+09 9.025746e+08 8.671994e+08 8.430606e+08 8.207439e+08 8.225373e+08 8.373310e+08 8.575157e+08 8.790854e+08 9.003136e+08 9.205819e+08 1.005355e+09 1.065130e+09 1.103234e+09 1.123473e+09 1.129816e+09 1.125761e+09 1.097114e+09 1.053115e+09 1.002573e+09 9.503188e+08 8.989454e+08 8.497874e+08
1.067090e+09 1.067091e+09 1.067094e+09 1.067024e+09 1.066269e+09 1.038522e+09 9.712034e+08 8.809581e+08 8.520962e+08 8.319747e+08 8.142267e+08 8.184611e+08 8.347332e+08 8.558968e+08 8.781559e+08 8.998892e+08 9.205354e+08 1.006168e+09 1.066033e+09 1.103975e+09 1.123986e+09 1.130104e+09 1.125851e+09 1.096909e+09 1.052729e+09 1.002083e+09 9.497755e+08 8.983814e+08 8.492228e+08
9.726834e+08 9.726841e+08 9.726857e+08 9.726829e+08 9.725057e+08 9.548829e+08 9.313412e+08 8.571876e+08 8.352140e+08 8.196550e+08 8.071395e+08 8.141196e+08 8.320191e+08 8.542397e+08 8.772315e+08 8.994939e+08 9.205312e+08 1.007027e+09 1.066965e+09 1.104730e+09 1.124502e+09 1.130389e+09 1.125936e+09 1.096697e+09 1.052335e+09 1.001585e+09 9.492260e+08 8.978121e+08 8.486537e+08
9.099877e+08 9.099881e+08 9.099891e+08 9.099982e+08 9.099532e+08 9.002156e+08 8.875952e+08 8.366261e+08 8.181580e+08 8.067303e+08 7.996448e+08 8.095785e+08 8.292228e+08 8.525651e+08 8.763255e+08 8.991370e+08 9.205756e+08 1.007934e+09 1.067924e+09 1.105498e+09 1.125023e+09 1.130673e+09 1.126016e+09 1.096478e+09 1.051932e+09 1.001080e+09 9.486701e+08 8.972373e+08 8.480799e+08
8.648572e+08 8.648575e+08 8.648583e+08 8.648712e+08 8.648702e+08 8.599915e+08 8.485471e+08 8.215672e+08 8.042768e+08 7.944344e+08 7.920214e+08 8.049341e+08 8.263884e+08 8.508969e+08 8.754525e+08 8.988277e+08 9.206750e+08 1.008888e+09 1.068912e+09 1.106279e+09 1.125546e+09 1.130954e+09 1.126090e+09 1.096250e+09 1.051522e+09 1.000568e+09 9.481079e+08 8.966571e+08 8.475017e+08
8.309593e+08 8.309595e+08 8.309601e+08 8.309729e+08 8.309895e+08 8.286214e+08 8.187779e+08 8.071023e+08 7.942568e+08 7.849680e+08 7.847296e+08 8.003330e+08 8.235759e+08 8.492647e+08 8.746289e+08 8.985761e+08 9.208358e+08 1.009892e+09 1.069928e+09 1.107072e+09 1.126073e+09 1.131232e+09 1.126158e+09 1.096013e+09 1.051103e+09 1.000049e+09 9.475392e+08 8.960715e+08 8.469188e+08
8.049077e+08 8.049079e+08 8.049084e+08 8.049209e+08 8.049452e+08 8.038735e+08 7.964746e+08 7.919594e+08 7.852373e+08 7.783752e+08 7.784971e+08 7.959948e+08 8.208711e+08 8.477078e+08 8.738751e+08 8.983936e+08 9.210648e+08 1.010944e+09 1.070970e+09 1.107877e+09 1.126601e+09 1.131507e+09 1.126219e+09 1.095768e+09 1.050676e+09 9.995219e+08 9.469642e+08 8.954804e+08 8.463313e+08
7.846726e+08 7.846728e+08 7.846733e+08 7.846861e+08 7.847142e+08 7.843479e+08 7.793462e+08 7.772420e+08 7.760438e+08 7.728599e+08 7.744102e+08 7.922383e+08 8.183948e+08 8.462798e+08 8.732175e+08 8.982944e+08 9.213699e+08 1.012046e+09 1.072039e+09 1.108694e+09 1.127131e+09 1.131778e+09 1.126274e+09 1.095515e+09 1.050241e+09 9.989874e+08 9.463826e+08 8.948838e+08 8.457391e+08
7.689430e+08 7.689431e+08 7.689436e+08 7.689558e+08 7.689853e+08 7.690229e+08 7.659556e+08 7.643206e+08 7.668008e+08 7.675168e+08 7.721267e+08 7.895359e+08 8.163140e+08 8.450533e+08 8.726911e+08 8.982966e+08 9.217608e+08 1.013197e+09 1.073134e+09 1.109520e+09 1.127662e+09 1.132045e+09 1.126322e+09 1.095252e+09 1.049797e+09 9.984452e+08 9.457945e+08 8.942817e+08 8.451423e+08
7.568131e+08 7.568133e+08 7.568137e+08 7.568250e+08 7.568542e+08 7.571327e+08 7.554935e+08 7.539046e+08 7.581959e+08 7.621457e+08 7.708106e+08 7.884766e+08 8.148564e+08 8.441254e+08 8.723422e+08 8.984235e+08 9.222502e+08 1.014398e+09 1.074253e+09 1.110356e+09 1.128194e+09 1.132307e+09 1.126362e+09 1.094980e+09 1.049344e+09 9.978953e+08 9.451998e+08 8.936740e+08 8.445409e+08
7.322329e+08 7.322330e+08 7.322333e+08 7.322425e+08 7.322690e+08 7.328919e+08 7.340054e+08 7.352001e+08 7.383415e+08 7.453810e+08 7.680803e+08 7.948142e+08 8.220718e+08 8.493035e+08 8.761539e+08 9.023529e+08 9.269233e+08 1.021158e+09 1.080187e+09 1.114643e+09 1.130830e+09 1.133525e+09 1.126436e+09 1.093476e+09 1.046944e+09 9.950279e+08 9.421261e+08 8.905514e+08 8.414630e+08
7.433431e+08 7.433431e+08 7.433434e+08 7.433507e+08 7.433725e+08 7.439579e+08 7.454016e+08 7.489445e+08 7.514454e+08 7.562083e+08 7.761033e+08 8.064106e+08 8.387158e+08 8.682251e+08 8.942927e+08 9.177504e+08 9.394270e+08 1.029361e+09 1.086595e+09 1.119019e+09 1.133361e+09 1.134540e+09 1.126262e+09 1.091708e+09 1.044306e+09 9.919570e+08 9.388815e+08 8.872863e+08 8.382661e+08
7.728833e+08 7.728833e+08 7.728835e+08 7.728893e+08 7.729067e+08 7.733909e+08 7.746428e+08 7.783810e+08 7.809115e+08 7.847475e+08 7.999051e+08 8.260229e+08 8.579300e+08 8.894046e+08 9.171907e+08 9.408565e+08 9.612405e+08 1.039816e+09 1.093423e+09 1.123361e+09 1.135685e+09 1.135276e+09 1.125784e+09 1.089650e+09 1.041416e+09 9.886739e+08 9.354610e+08 8.838756e+08 8.349486e+08
8.103989e+08 8.103989e+08 8.103991e+08 8.104034e+08 8.104165e+08 8.107922e+08 8.118202e+08 8.151500e+08 8.175500e+08 8.210076e+08 8.334135e+08 8.546331e+08 8.823269e+08 9.120427e+08 9.400843e+08 9.645970e+08 9.853128e+08 1.054637e+09 1.100826e+09 1.127588e+09 1.137709e+09 1.135660e+09 1.124950e+09 1.087272e+09 1.038257e+09 9.851701e+08 9.318598e+08 8.803166e+08 8.315089e+08
8.508182e+08 8.508182e+08 8.508184e+08 8.508217e+08 8.508317e+08 8.511216e+08 8.519277e+08 8.546668e+08 8.567745e+08 8.598868e+08 8.707328e+08 8.885060e+08 9.117167e+08 9.376149e+08 9.634971e+08 9.873820e+08 1.008239e+09 1.073218e+09 1.109339e+09 1.131714e+09 1.139370e+09 1.135630e+09 1.123709e+09 1.084548e+09 1.034816e+09 9.814378e+08 9.280734e+08 8.766070e+08 8.279457e+08
8.911541e+08 8.911541e+08 8.911542e+08 8.911567e+08 8.911642e+08 8.913816e+08 8.919888e+08 8.941000e+08 8.958390e+08 8.985563e+08 9.082850e+08 9.238587e+08 9.436262e+08 9.656199e+08 9.881586e+08 1.009852e+09 1.029657e+09 1.092376e+09 1.120077e+09 1.135901e+09 1.140655e+09 1.135143e+09 1.122022e+09 1.081453e+09 1.031079e+09 9.774697e+08 9.240981e+08 8.727445e+08 8.242578e+08
9.291630e+08 9.291630e+08 9.291630e+08 9.291649e+08 9.291704e+08 9.293317e+08 9.297804e+08 9.313577e+08 9.327573e+08 9.351018e+08 9.439350e+08 9.580788e+08 9.754974e+08 9.943517e+08 1.013552e+09 1.032351e+09 1.050085e+09 1.110033e+09 1.132169e+09 1.140559e+09 1.141625e+09 1.134186e+09 1.119862e+09 1.077967e+09 1.027034e+09 9.732597e+08 9.199305e+08 8.687275e+08 8.204445e+08
9.635982e+08 9.635982e+08 9.635982e+08 9.635996e+08 9.636038e+08 9.637221e+08 9.640472e+08 9.651938e+08 9.663082e+08 9.683321e+08 9.764293e+08 9.895859e+08 1.005460e+09 1.022059e+09 1.038495e+09 1.054454e+09 1.069699e+09 1.125153e+09 1.144018e+09 1.146306e+09 1.142438e+09 1.132788e+09 1.117223e+09 1.074077e+09 1.022673e+09 9.688025e+08 9.155677e+08 8.645547e+08 8.165051e+08
9.938506e+08 9.938507e+08 9.938507e+08 9.938517e+08 9.938547e+08 9.939375e+08 9.941601e+08 9.949476e+08 9.958227e+08 9.975767e+08 1.005065e+09 1.017496e+09 1.032349e+09 1.047418e+09 1.061790e+09 1.075354e+09 1.088190e+09 1.137508e+09 1.154496e+09 1.152384e+09 1.143436e+09 1.131029e+09 1.114124e+09 1.069776e+09 1.017990e+09 9.640946e+08 9.110080e+08 8.602250e+08 8.124395e+08
1.019558e+09 1.019558e+09 1.019558e+09 1.019558e+09 1.019560e+09 1.019615e+09 1.019757e+09 1.020259e+09 1.020942e+09 1.022478e+09 1.029477e+09 1.041361e+09 1.055524e+09 1.069586e+09 1.082516e+09 1.094244e+09 1.105028e+09 1.147291e+09 1.162879e+09 1.157944e+09 1.144927e+09 1.129058e+09 1.110612e+09 1.065066e+09 1.012982e+09 9.591338e+08 9.062503e+08 8.557383e+08 8.082476e+08
1.040612e+09 1.040612e+09 1.040612e+09 1.040612e+09 1.040614e+09 1.040648e+09 1.040730e+09 1.041017e+09 1.041553e+09 1.042922e+09 1.049543e+09 1.061016e+09 1.074708e+09 1.088121e+09 1.100092e+09 1.110505e+09 1.119684e+09 1.154803e+09 1.168828e+09 1.162360e+09 1.146348e+09 1.127161e+09 1.106769e+09 1.059961e+09 1.007649e+09 9.539200e+08 9.012944e+08 8.510946e+08 8.039298e+08
1.057145e+09 1.057145e+09 1.057145e+09 1.057145e+09 1.057146e+09 1.057164e+09 1.057199e+09 1.057319e+09 1.057743e+09 1.058986e+09 1.065325e+09 1.076498e+09 1.089868e+09 1.102870e+09 1.114232e+09 1.123756e+09 1.131765e+09 1.160291e+09 1.172306e+09 1.165193e+09 1.147221e+09 1.125449e+09 1.102731e+09 1.054485e+09 1.002000e+09 9.484550e+08 8.961412e+08 8.462948e+08 7.994869e+08
1.069364e+09 1.069364e+09 1.069364e+09 1.069364e+09 1.069364e+09 1.069370e+09 1.069371e+09 1.069373e+09 1.069719e+09 1.070874e+09 1.077016e+09 1.087979e+09 1.101133e+09 1.113881e+09 1.124875e+09 1.133833e+09 1.141039e+09 1.163910e+09 1.173467e+09 1.166187e+09 1.147188e+09 1.123535e+09 1.098729e+09 1.048676e+09 9.960431e+08 9.427430e+08 8.907931e+08 8.413403e+08 7.949201e+08
1.077591e+09 1.077591e+09 1.077591e+09 1.077591e+09 1.077591e+09 1.077590e+09 1.077570e+09 1.077501e+09 1.077799e+09 1.078898e+09 1.084909e+09 1.095727e+09 1.108738e+09 1.121333e+09 1.132116e+09 1.140740e+09 1.147429e+09 1.165739e+09 1.172552e+09 1.165254e+09 1.145983e+09 1.121138e+09 1.094762e+09 1.042585e+09 9.897964e+08 9.367906e+08 8.852533e+08 8.362333e+08 7.902309e+08
1.082285e+09 1.082285e+09 1.082285e+09 1.082285e+09 1.082285e+09 1.082278e+09 1.082244e+09 1.082123e+09 1.082387e+09 1.083446e+09 1.089361e+09 1.100072e+09 1.112980e+09 1.125482e+09 1.136155e+09 1.144599e+09 1.150985e+09 1.165822e+09 1.169818e+09 1.162436e+09 1.143439e+09 1.118041e+09 1.090572e+09 1.036284e+09 9.832814e+08 9.306070e+08 8.795266e+08 8.309766e+08 7.854213e+08
1.083854e+09 1.083854e+09 1.083854e+09 1.083854e+09 1.083854e+09 1.083842e+09 1.083794e+09 1.083630e+09 1.083865e+09 1.084892e+09 1.090729e+09 1.101353e+09 1.114182e+09 1.126625e+09 1.137246e+09 1.145610e+09 1.151842e+09 1.164191e+09 1.165500e+09 1.157867e+09 1.139477e+09 1.114084e+09 1.085986e+09 1.029875e+09 9.765263e+08 9.242042e+08 8.736190e+08 8.255740e+08 7.804939e+08
1.082605e+09 1.082605e+09 1.082605e+09 1.082605e+09 1.082605e+09 1.082590e+09 1.082535e+09 1.082345e+09 1.082564e+09 1.083570e+09 1.089349e+09 1.099900e+09 1.112665e+09 1.125066e+09 1.135668e+09 1.144015e+09 1.150193e+09 1.160892e+09 1.159793e+09 1.151725e+09 1.134099e+09 1.109158e+09 1.080869e+09 1.023493e+09 9.695659e+08 9.175970e+08 8.675383e+08 8.200298e+08 7.754516e+08
1.078872e+09 1.078872e+09 1.078872e+09 1.078872e+09 1.078871e+09 1.078854e+09 1.078794e+09 1.078595e+09 1.078807e+09 1.079802e+09 1.085540e+09 1.096032e+09 1.108740e+09 1.121108e+09 1.131710e+09 1.140074e+09 1.146262e+09 1.155990e+09 1.152859e+09 1.144210e+09 1.127366e+09 1.103206e+09 1.075122e+09 1.017053e+09 9.624432e+08 9.108030e+08 8.612934e+08 8.143495e+08 7.702978e+08
1.072994e+09 1.072994e+09 1.072994e+09 1.072994e+09 1.072993e+09 1.072976e+09 1.072914e+09 1.072714e+09 1.072926e+09 1.073916e+09 1.079622e+09 1.090057e+09 1.102708e+09 1.115045e+09 1.125651e+09 1.134051e+09 1.140287e+09 1.149572e+09 1.144828e+09 1.135514e+09 1.119386e+09 1.096217e+09 1.068673e+09 1.010446e+09 9.552124e+08 9.038431e+08 8.548948e+08 8.085390e+08 7.650364e+08
1.065299e+09 1.065299e+09 1.065299e+09 1.065299e+09 1.065299e+09 1.065282e+09 1.065221e+09 1.065024e+09 1.065236e+09 1.066221e+09 1.071892e+09 1.082265e+09 1.094853e+09 1.107153e+09 1.117761e+09 1.126203e+09 1.132506e+09 1.141742e+09 1.135808e+09 1.125814e+09 1.110291e+09 1.088219e+09 1.061482e+09 1.003599e+09 9.479535e+08 8.967412e+08 8.483548e+08 8.026055e+08 7.596719e+08
1.056066e+09 1.056066e+09 1.056066e+09 1.056066e+09 1.056065e+09 1.056047e+09 1.055984e+09 1.055786e+09 1.055997e+09 1.056977e+09 1.062610e+09 1.072914e+09 1.085432e+09 1.097686e+09 1.108292e+09 1.116774e+09 1.123152e+09 1.132622e+09 1.125895e+09 1.115264e+09 1.100223e+09 1.079274e+09 1.053539e+09 9.964550e+08 9.407148e+08 8.895252e+08 8.416869e+08 7.965567e+08 7.542092e+08
1.045477e+09 1.045477e+09 1.045477e+09 1.045477e+09 1.045476e+09 1.045459e+09 1.045399e+09 1.045211e+09 1.045427e+09 1.046405e+09 1.052003e+09 1.062236e+09 1.074677e+09 1.086879e+09 1.097474e+09 1.105992e+09 1.112446e+09 1.122339e+09 1.115176e+09 1.103999e+09 1.089324e+09 1.069462e+09 1.044855e+09 9.889718e+08 9.334247e+08 8.822278e+08 8.349064e+08 7.904014e+08 7.486539e+08
1.033769e+09 1.033769e+09 1.033769e+09 1.033769e+09 1.033769e+09 1.033753e+09 1.033696e+09 1.033523e+09 1.033745e+09 1.034724e+09 1.040288e+09 1.050446e+09 1.062803e+09 1.074945e+09 1.085521e+09 1.094067e+09 1.100592e+09 1.111028e+09 1.103731e+09 1.092129e+09 1.077728e+09 1.058878e+09 1.035465e+09 9.811182e+08 9.260349e+08 8.748904e+08 8.280303e+08 7.841490e+08 7.430118e+08
1.021165e+09 1.021165e+09 1.021165e+09 1.021165e+09 1.021164e+09 1.021148e+09 1.021094e+09 1.020933e+09 1.021161e+09 1.022138e+09 1.027665e+09 1.037741e+09 1.050007e+09 1.062080e+09 1.072627e+09 1.081192e+09 1.087780e+09 1.098822e+09 1.091639e+09 1.079749e+09 1.065558e+09 1.047625e+09 1.025417e+09 9.728752e+08 9.185108e+08 8.675717e+08 8.210775e+08 7.778101e+08 7.372894e+08
1.007839e+09 1.007839e+09 1.007839e+09 1.007839e+09 1.007838e+09 1.007822e+09 1.007770e+09 1.007617e+09 1.007849e+09 1.008824e+09 1.014307e+09 1.024296e+09 1.036463e+09 1.048458e+09 1.058967e+09 1.067540e+09 1.074180e+09 1.085850e+09 1.078976e+09 1.066941e+09 1.052920e+09 1.035804e+09 1.014775e+09 9.642346e+08 9.108260e+08 8.602669e+08 8.140693e+08 7.713959e+08 7.314937e+08
9.939090e+08 9.939090e+08 9.939090e+08 9.939088e+08 9.939085e+08 9.938945e+08 9.938461e+08 9.937085e+08 9.939472e+08 9.949205e+08 1.000363e+09 1.010262e+09 1.022324e+09 1.034234e+09 1.044695e+09 1.053265e+09 1.059946e+09 1.072234e+09 1.065816e+09 1.053774e+09 1.039909e+09 1.023510e+09 1.003606e+09 9.551987e+08 9.029604e+08 8.529352e+08 8.070305e+08 7.649187e+08 7.256321e+08
9.795334e+08 9.795334e+08 9.795334e+08 9.795333e+08 9.795329e+08 9.795195e+08 9.794739e+08 9.793496e+08 9.795947e+08 9.805671e+08 9.859671e+08 9.957739e+08 1.007726e+09 1.019543e+09 1.029948e+09 1.038503e+09 1.045213e+09 1.058088e+09 1.052229e+09 1.040308e+09 1.026603e+09 1.010835e+09 9.919837e+08 9.457788e+08 8.948991e+08 8.455524e+08 7.999937e+08 7.583917e+08 7.197127e+08
9.648302e+08 9.648302e+08 9.648301e+08 9.648300e+08 9.648297e+08 9.648175e+08 9.647760e+08 9.646670e+08 9.649189e+08 9.658899e+08 9.712450e+08 9.809543e+08 9.927904e+08 1.004506e+09 1.014843e+09 1.023373e+09 1.030100e+09 1.043515e+09 1.038285e+09 1.026595e+09 1.013072e+09 9.978597e+08 9.799787e+08 9.359945e+08 8.866328e+08 8.381010e+08 7.929939e+08 7.518295e+08 7.137438e+08
9.499230e+08 9.499230e+08 9.499230e+08 9.499229e+08 9.499225e+08 9.499112e+08 9.498729e+08 9.497770e+08 9.500339e+08 9.510014e+08 9.563057e+08 9.659102e+08 9.776212e+08 9.892253e+08 9.994852e+08 1.007978e+09 1.014709e+09 1.028610e+09 1.024045e+09 1.012685e+09 9.993723e+08 9.846557e+08 9.676609e+08 9.258716e+08 8.781569e+08 8.305672e+08 7.860080e+08 7.452483e+08 7.077345e+08
9.349088e+08 9.349088e+08 9.349088e+08 9.349087e+08 9.349084e+08 9.348973e+08 9.348602e+08 9.347712e+08 9.350298e+08 9.359905e+08 9.412374e+08 9.507292e+08 9.623064e+08 9.737899e+08 9.839616e+08 9.924056e+08 9.991283e+08 1.013456e+09 1.009572e+09 9.986186e+08 9.855532e+08 9.712861e+08 9.550958e+08 9.154412e+08 8.694714e+08 8.229409e+08 7.790156e+08 7.386673e+08 7.016943e+08
9.198286e+08 9.198286e+08 9.198286e+08 9.198285e+08 9.198282e+08 9.198177e+08 9.197830e+08 9.197035e+08 9.199646e+08 9.209185e+08 9.261056e+08 9.354800e+08 9.469165e+08 9.582709e+08 9.683448e+08 9.767296e+08 9.834320e+08 9.981250e+08 9.949188e+08 9.844356e+08 9.716560e+08 9.578052e+08 9.423434e+08 9.047377e+08 8.605806e+08 8.152144e+08 7.720036e+08 7.321133e+08 6.956336e+08
9.047414e+08 9.047414e+08 9.047414e+08 9.047414e+08 9.047411e+08 9.047316e+08 9.047000e+08 9.046313e+08 9.048949e+08 9.058418e+08 9.109671e+08 9.202197e+08 9.315095e+08 9.427272e+08 9.526946e+08 9.610103e+08 9.676817e+08 9.826811e+08 9.801374e+08 9.701713e+08 9.577161e+08 9.442595e+08 9.294577e+08 8.937980e+08 8.514929e+08 8.073828e+08 7.649624e+08 7.255967e+08 6.895633e+08
8.897128e+08 8.897128e+08 8.897128e+08 8.897127e+08 8.897125e+08 8.897034e+08 8.896732e+08 8.896105e+08 8.898745e+08 8.908121e+08 8.958709e+08 9.049965e+08 9.161332e+08 9.272071e+08 9.370601e+08 9.452980e+08 9.519288e+08 9.671794e+08 9.652739e+08 9.558585e+08 9.437638e+08 9.306885e+08 9.164870e+08 8.826597e+08 8.422198e+08 7.994436e+08 7.578844e+08 7.190986e+08 6.834962e+08
8.747665e+08 8.747665e+08 8.747665e+08 8.747664e+08 8.747662e+08 8.747576e+08 8.747292e+08 8.746730e+08 8.749370e+08 8.758645e+08 8.808541e+08 8.898480e+08 9.008261e+08 9.117498e+08 9.214814e+08 9.296339e+08 9.362158e+08 9.516675e+08 9.503701e+08 9.415271e+08 9.298256e+08 9.171254e+08 9.034733e+08 8.713603e+08 8.327758e+08 7.913963e+08 7.507640e+08 7.126078e+08 6.774474e+08
8.599299e+08 8.599299e+08 8.599299e+08 8.599298e+08 8.599296e+08 8.599218e+08 8.598957e+08 8.598470e+08 8.601109e+08 8.610280e+08 8.659457e+08 8.748040e+08 8.856184e+08 8.963866e+08 9.059911e+08 9.140520e+08 9.205781e+08 9.361863e+08 9.354638e+08 9.272047e+08 9.159245e+08 9.035985e+08 8.904535e+08 8.599366e+08 8.231778e+08 7.832430e+08 7.435971e+08 7.061168e+08 6.714372e+08
8.452389e+08 8.452389e+08 8.452389e+08 8.452388e+08 8.452386e+08 8.452310e+08 8.452058e+08 8.451606e+08 8.454225e+08 8.463271e+08 8.511688e+08 8.598874e+08 8.705343e+08 8.811430e+08 8.906161e+08 8.985806e+08 9.050454e+08 9.207715e+08 9.205890e+08 9.129167e+08 9.020809e+08 8.901316e+08 8.774589e+08 8.484232e+08 8.134443e+08 7.749873e+08 7.363809e+08 6.996199e+08 6.654607e+08
8.306971e+08 8.306971e+08 8.306971e+08 8.306971e+08 8.306969e+08 8.306896e+08 8.306653e+08 8.306232e+08 8.308825e+08 8.317737e+08 8.365377e+08 8.451148e+08 8.555924e+08 8.660396e+08 8.753787e+08 8.832436e+08 8.896432e+08 9.054539e+08 9.057760e+08 8.986864e+08 8.883129e+08 8.767449e+08 8.645165e+08 8.368529e+08 8.035952e+08 7.666349e+08 7.291138e+08 6.931128e+08 6.595066e+08
8.163082e+08 8.163082e+08 8.163082e+08 8.163081e+08 8.163079e+08 8.163008e+08 8.162773e+08 8.162386e+08 8.164956e+08 8.173738e+08 8.220612e+08 8.304982e+08 8.408076e+08 8.510937e+08 8.602983e+08 8.680620e+08 8.743935e+08 8.902604e+08 8.910521e+08 8.845352e+08 8.746366e+08 8.634553e+08 8.516490e+08 8.252559e+08 7.936510e+08 7.581930e+08 7.217956e+08 6.865922e+08 6.535684e+08
8.020785e+08 8.020785e+08 8.020785e+08 8.020784e+08 8.020782e+08 8.020712e+08 8.020487e+08 8.020141e+08 8.022694e+08 8.031356e+08 8.077495e+08 8.160499e+08 8.261944e+08 8.363214e+08 8.453923e+08 8.530542e+08 8.593158e+08 8.752146e+08 8.764415e+08 8.704825e+08 8.610666e+08 8.502773e+08 8.388756e+08 8.136598e+08 7.836325e+08 7.496702e+08 7.144272e+08 6.800557e+08 6.476415e+08
7.880189e+08 7.880189e+08 7.880189e+08 7.880189e+08 7.880187e+08 7.880123e+08 7.879913e+08 7.879624e+08 7.882170e+08 7.890726e+08 7.936162e+08 8.017843e+08 8.117675e+08 8.217383e+08 8.306769e+08 8.382370e+08 8.444276e+08 8.603369e+08 8.619655e+08 8.565460e+08 8.476157e+08 8.372231e+08 8.262125e+08 8.020893e+08 7.735602e+08 7.410762e+08 7.070104e+08 6.735015e+08 6.417223e+08
7.741508e+08 7.741508e+08 7.741508e+08 7.741508e+08 7.741506e+08 7.741450e+08 7.741264e+08 7.741043e+08 7.743587e+08 7.752041e+08 7.796794e+08 7.877178e+08 7.975427e+08 8.073596e+08 8.161672e+08 8.236259e+08 8.297445e+08 8.456450e+08 8.476431e+08 8.427417e+08 8.342958e+08 8.243033e+08 8.136729e+08 7.905665e+08 7.634544e+08 7.324216e+08 6.995481e+08 6.669288e+08 6.358083e+08
7.605031e+08 7.605031e+08 7.605031e+08 7.605031e+08 7.605029e+08 7.604978e+08 7.604806e+08 7.604630e+08 7.607161e+08 7.615505e+08 7.659569e+08 7.738666e+08 7.835349e+08 7.931994e+08 8.018770e+08 8.092342e+08 8.152801e+08 8.311543e+08 8.334905e+08 8.290838e+08 8.211173e+08 8.115267e+08 8.012680e+08 7.791108e+08 7.533343e+08 7.237176e+08 6.920441e+08 6.603373e+08 6.298973e+08
7.470873e+08 7.470873e+08 7.470873e+08 7.470872e+08 7.470871e+08 7.470819e+08 7.470652e+08 7.470504e+08 7.473013e+08 7.481240e+08 7.524608e+08 7.602425e+08 7.697555e+08 7.792691e+08 7.878176e+08 7.950736e+08 8.010461e+08 8.168778e+08 8.195220e+08 8.155849e+08 8.080894e+08 7.989010e+08 7.890070e+08 7.677393e+08 7.432182e+08 7.149761e+08 6.845030e+08 6.537274e+08 6.239879e+08
7.339027e+08 7.339027e+08 7.339027e+08 7.339027e+08 7.339025e+08 7.338976e+08 7.338817e+08 7.338697e+08 7.341184e+08 7.349295e+08 7.391975e+08 7.468530e+08 7.562129e+08 7.655775e+08 7.739982e+08 7.811535e+08 7.870520e+08 8.028262e+08 8.057495e+08 8.022560e+08 7.952205e+08 7.864325e+08 7.768973e+08 7.564666e+08 7.331235e+08 7.062090e+08 6.769300e+08 6.471002e+08 6.180789e+08
7.209505e+08 7.209505e+08 7.209505e+08 7.209505e+08 7.209504e+08 7.209460e+08 7.209317e+08 7.209240e+08 7.211709e+08 7.219709e+08 7.261720e+08 7.337038e+08 7.429136e+08 7.521317e+08 7.604263e+08 7.674814e+08 7.733057e+08 7.890084e+08 7.921831e+08 7.891067e+08 7.825177e+08 7.741268e+08 7.649451e+08 7.453052e+08 7.230660e+08 6.974283e+08 6.693311e+08 6.404570e+08 6.121698e+08
7.082425e+08 7.082425e+08 7.082425e+08 7.082425e+08 7.082423e+08 7.082383e+08 7.082249e+08 7.082199e+08 7.084648e+08 7.092537e+08 7.133892e+08 7.208003e+08 7.298632e+08 7.389375e+08 7.471078e+08 7.540635e+08 7.598134e+08 7.754313e+08 7.788307e+08 7.761447e+08 7.699871e+08 7.619885e+08 7.531551e+08 7.342657e+08 7.130603e+08 6.886458e+08 6.617126e+08 6.338001e+08 6.062603e+08
6.957802e+08 6.957802e+08 6.957802e+08 6.957801e+08 6.957800e+08 6.957760e+08 6.957629e+08 6.957606e+08 6.960036e+08 6.967818e+08 7.008537e+08 7.081470e+08 7.170663e+08 7.259995e+08 7.340472e+08 7.409044e+08 7.465795e+08 7.620998e+08 7.656987e+08 7.633768e+08 7.576342e+08 7.500212e+08 7.415313e+08 7.233571e+08 7.031196e+08 6.798732e+08 6.540813e+08 6.271320e+08 6.003506e+08
6.835633e+08 6.835633e+08 6.835633e+08 6.835633e+08 6.835632e+08 6.835597e+08 6.835483e+08 6.835502e+08 6.837917e+08 6.845598e+08 6.885697e+08 6.957479e+08 7.045264e+08 7.133210e+08 7.212477e+08 7.280068e+08 7.336069e+08 7.490170e+08 7.527916e+08 7.508082e+08 7.454631e+08 7.382283e+08 7.300767e+08 7.125866e+08 6.932559e+08 6.711217e+08 6.464441e+08 6.204556e+08 5.944412e+08
6.716055e+08 6.716055e+08 6.716055e+08 6.716055e+08 6.716054e+08 6.716022e+08 6.715916e+08 6.715959e+08 6.718353e+08 6.725928e+08 6.765411e+08 6.836060e+08 6.922460e+08 7.009038e+08 7.087105e+08 7.153720e+08 7.208964e+08 7.361846e+08 7.401125e+08 7.384429e+08 7.334775e+08 7.266120e+08 7.187936e+08 7.019603e+08 6.834797e+08 6.624020e+08 6.388082e+08 6.137743e+08 5.885329e+08
6.599058e+08 6.599058e+08 6.599058e+08 6.599058e+08 6.599057e+08 6.599025e+08 6.598922e+08 6.598981e+08 6.601351e+08 6.608819e+08 6.647691e+08 6.717220e+08 6.802252e+08 6.887476e+08 6.964354e+08 7.029992e+08 7.084475e+08 7.236024e+08 7.276631e+08 7.262838e+08 7.216801e+08 7.151745e+08 7.076835e+08 6.914831e+08 6.738005e+08 6.537242e+08 6.311808e+08 6.070918e+08 5.826270e+08
6.484586e+08 6.484586e+08 6.484586e+08 6.484586e+08 6.484585e+08 6.484557e+08 6.484464e+08 6.484549e+08 6.486896e+08 6.494259e+08 6.532527e+08 6.600949e+08 6.684626e+08 6.768508e+08 6.844200e+08 6.908861e+08 6.962575e+08 7.112690e+08 7.154437e+08 7.143328e+08 7.100732e+08 7.039171e+08 6.967478e+08 6.811586e+08 6.642263e+08 6.450977e+08 6.235691e+08 6.004119e+08 5.767248e+08
6.372670e+08 6.372670e+08 6.372670e+08 6.372670e+08 6.372669e+08 6.372642e+08 6.372554e+08 6.372653e+08 6.374974e+08 6.382229e+08 6.419895e+08 6.487217e+08 6.569549e+08 6.652095e+08 6.726605e+08 6.790287e+08 6.843227e+08 6.991819e+08 7.034539e+08 7.025910e+08 6.986580e+08 6.928409e+08 6.859871e+08 6.709898e+08 6.547644e+08 6.365314e+08 6.159804e+08 5.937390e+08 5.708280e+08
6.263256e+08 6.263256e+08 6.263256e+08 6.263256e+08 6.263255e+08 6.263229e+08 6.263145e+08 6.263254e+08 6.265546e+08 6.272691e+08 6.309753e+08 6.375979e+08 6.456971e+08 6.538186e+08 6.611516e+08 6.674218e+08 6.726379e+08 6.873375e+08 6.916924e+08 6.910589e+08 6.874356e+08 6.819465e+08 6.754017e+08 6.609788e+08 6.454205e+08 6.280334e+08 6.084214e+08 5.870771e+08 5.649387e+08
6.156277e+08 6.156277e+08 6.156277e+08 6.156277e+08 6.156276e+08 6.156252e+08 6.156173e+08 6.156292e+08 6.158552e+08 6.165584e+08 6.202039e+08 6.267171e+08 6.346827e+08 6.426716e+08 6.498868e+08 6.560592e+08 6.611973e+08 6.757318e+08 6.801573e+08 6.797361e+08 6.764066e+08 6.712343e+08 6.649918e+08 6.511272e+08 6.362000e+08 6.196110e+08 6.008990e+08 5.804309e+08 5.590590e+08
6.051669e+08 6.051669e+08 6.051669e+08 6.051669e+08 6.051668e+08 6.051644e+08 6.051565e+08 6.051684e+08 6.053909e+08 6.060827e+08 6.096673e+08 6.160713e+08 6.239040e+08 6.317610e+08 6.388593e+08 6.449343e+08 6.499945e+08 6.643608e+08 6.688462e+08 6.686220e+08 6.655709e+08 6.607043e+08 6.547570e+08 6.414358e+08 6.271070e+08 6.112708e+08 5.934196e+08 5.738048e+08 5.531911e+08
5.949309e+08 5.949309e+08 5.949309e+08 5.949308e+08 5.949308e+08 5.949285e+08 5.949209e+08 5.949333e+08 5.951523e+08 5.958326e+08 5.993567e+08 6.056522e+08 6.133532e+08 6.210796e+08 6.280621e+08 6.340406e+08 6.390236e+08 6.532200e+08 6.577566e+08 6.577157e+08 6.549285e+08 6.503564e+08 6.446971e+08 6.319051e+08 6.181450e+08 6.030189e+08 5.859893e+08 5.672032e+08 5.473377e+08
5.849117e+08 5.849117e+08 5.849117e+08 5.849116e+08 5.849116e+08 5.849093e+08 5.849019e+08 5.849144e+08 5.851300e+08 5.857990e+08 5.892632e+08 5.954518e+08 6.030229e+08 6.106206e+08 6.174889e+08 6.233723e+08 6.282791e+08 6.423055e+08 6.468861e+08 6.470159e+08 6.444789e+08 6.401902e+08 6.348114e+08 6.225352e+08 6.093168e+08 5.948605e+08 5.786139e+08 5.606306e+08 5.415013e+08
5.750997e+08 5.750997e+08 5.750997e+08 5.750997e+08 5.750996e+08 5.750974e+08 5.750903e+08 5.751030e+08 5.753153e+08 5.759732e+08 5.793790e+08 5.854630e+08 5.929067e+08 6.003781e+08 6.071343e+08 6.129242e+08 6.177560e+08 6.316135e+08 6.362320e+08 6.365212e+08 6.342214e+08 6.302052e+08 6.250991e+08 6.133259e+08 6.006245e+08 5.868004e+08 5.712987e+08 5.540913e+08 5.356846e+08
5.654870e+08 5.654870e+08 5.654870e+08 5.654870e+08 5.654869e+08 5.654849e+08 5.654782e+08 5.654919e+08 5.657012e+08 5.663486e+08 5.696978e+08 5.756797e+08 5.829991e+08 5.903471e+08 5.969936e+08 6.026920e+08 6.074503e+08 6.211406e+08 6.257918e+08 6.262302e+08 6.241552e+08 6.204007e+08 6.155595e+08 6.042765e+08 5.920697e+08 5.788425e+08 5.640489e+08 5.475898e+08 5.298904e+08
5.560713e+08 5.560713e+08 5.560713e+08 5.560713e+08 5.560712e+08 5.560692e+08 5.560627e+08 5.560768e+08 5.562833e+08 5.569206e+08 5.602149e+08 5.660977e+08 5.732960e+08 5.805235e+08 5.870630e+08 5.926719e+08 5.973583e+08 6.108838e+08 6.155632e+08 6.161413e+08 6.142794e+08 6.107758e+08 6.061916e+08 5.953864e+08 5.836535e+08 5.709903e+08 5.568689e+08 5.411300e+08 5.241216e+08
5.468462e+08 5.468462e+08 5.468462e+08 5.468462e+08 5.468461e+08 5.468444e+08 5.468387e+08 5.468545e+08 5.470587e+08 5.476865e+08 5.509277e+08 5.567140e+08 5.637943e+08 5.709044e+08 5.773393e+08 5.828609e+08 5.874770e+08 6.008403e+08 6.055439e+08 6.062529e+08 6.045929e+08 6.013297e+08 5.969943e+08 5.866545e+08 5.753765e+08 5.632467e+08 5.497630e+08 5.347159e+08 5.183809e+08
5.378168e+08 5.378168e+08 5.378168e+08 5.378168e+08 5.378167e+08 5.378150e+08 5.378093e+08 5.378257e+08 5.380273e+08 5.386455e+08 5.418347e+08 5.475267e+08 5.544917e+08 5.614872e+08 5.678201e+08 5.732564e+08 5.778038e+08 5.910076e+08 5.957317e+08 5.965633e+08 5.950945e+08 5.920613e+08 5.879665e+08 5.780798e+08 5.672392e+08 5.556142e+08 5.427349e+08 5.283514e+08 5.126712e+08
5.289774e+08 5.289774e+08 5.289774e+08 5.289774e+08 5.289773e+08 5.289758e+08 5.289708e+08 5.289884e+08 5.291875e+08 5.297964e+08 5.329345e+08 5.385342e+08 5.453865e+08 5.522699e+08 5.585032e+08 5.638562e+08 5.683365e+08 5.813834e+08 5.861245e+08 5.870709e+08 5.857829e+08 5.829696e+08 5.791069e+08 5.696610e+08 5.592414e+08 5.480948e+08 5.357881e+08 5.220399e+08 5.069952e+08
5.203299e+08 5.203299e+08 5.203299e+08 5.203298e+08 5.203298e+08 5.203283e+08 5.203233e+08 5.203410e+08 5.205374e+08 5.211369e+08 5.242249e+08 5.297343e+08 5.364765e+08 5.432506e+08 5.493866e+08 5.546583e+08 5.590729e+08 5.719655e+08 5.767202e+08 5.777739e+08 5.766568e+08 5.740533e+08 5.704143e+08 5.613967e+08 5.513829e+08 5.406900e+08 5.289256e+08 5.157849e+08 5.013558e+08
5.118668e+08 5.118668e+08 5.118668e+08 5.118668e+08 5.118668e+08 5.118654e+08 5.118610e+08 5.118797e+08 5.120737e+08 5.126642e+08 5.157034e+08 5.211247e+08 5.277597e+08 5.344271e+08 5.404683e+08 5.456606e+08 5.500112e+08 5.627519e+08 5.675168e+08 5.686705e+08 5.677146e+08 5.653110e+08 5.618872e+08 5.532854e+08 5.436630e+08 5.334009e+08 5.221500e+08 5.095893e+08 4.957555e+08
5.035892e+08 5.035892e+08 5.035892e+08 5.035892e+08 5.035892e+08 5.035878e+08 5.035834e+08 5.036023e+08 5.037937e+08 5.043753e+08 5.073671e+08 5.127030e+08 5.192337e+08 5.257974e+08 5.317463e+08 5.368612e+08 5.411493e+08 5.537403e+08 5.585121e+08 5.597587e+08 5.589549e+08 5.567413e+08 5.535243e+08 5.453256e+08 5.360809e+08 5.262283e+08 5.154637e+08 5.034563e+08 4.901970e+08
4.954899e+08 4.954899e+08 4.954899e+08 4.954899e+08 4.954899e+08 4.954887e+08 4.954849e+08 4.955051e+08 4.956943e+08 4.962677e+08 4.992137e+08 5.044669e+08 5.108964e+08 5.173595e+08 5.232185e+08 5.282581e+08 5.324852e+08 5.449285e+08 5.497039e+08 5.510366e+08 5.503757e+08 5.483427e+08 5.453239e+08 5.375156e+08 5.286357e+08 5.191728e+08 5.088684e+08 4.973882e+08 4.846826e+08
4.875725e+08 4.875725e+08 4.875725e+08 4.875725e+08 4.875725e+08 4.875713e+08 4.875675e+08 4.875879e+08 4.877748e+08 4.883399e+08 4.912416e+08 4.964145e+08 5.027460e+08 5.091112e+08 5.148829e+08 5.198490e+08 5.240165e+08 5.363142e+08 5.410898e+08 5.425020e+08 5.419753e+08 5.401135e+08 5.372845e+08 5.298537e+08 5.213262e+08 5.122345e+08 5.023659e+08 4.913876e+08 4.792148e+08
4.798304e+08 4.798304e+08 4.798304e+08 4.798304e+08 4.798304e+08 4.798295e+08 4.798263e+08 4.798480e+08 4.800330e+08 4.805903e+08 4.834492e+08 4.885443e+08 4.947804e+08 5.010505e+08 5.067372e+08 5.116318e+08 5.157411e+08 5.278949e+08 5.326673e+08 5.341527e+08 5.337516e+08 5.320520e+08 5.294043e+08 5.223381e+08 5.141510e+08 5.054134e+08 4.959575e+08 4.854566e+08 4.737958e+08
4.722679e+08 4.722679e+08 4.722679e+08 4.722679e+08 4.722679e+08 4.722670e+08 4.722639e+08 4.722859e+08 4.724686e+08 4.730182e+08 4.758351e+08 4.808544e+08 4.869977e+08 4.931752e+08 4.987790e+08 5.036037e+08 5.076561e+08 5.196677e+08 5.244337e+08 5.259861e+08 5.257026e+08 5.241562e+08 5.216815e+08 5.149671e+08 5.071089e+08 4.987091e+08 4.896442e+08 4.795971e+08 4.684276e+08
4.648797e+08 4.648797e+08 4.648797e+08 4.648797e+08 4.648797e+08 4.648789e+08 4.648762e+08 4.648989e+08 4.650794e+08 4.656215e+08 4.683974e+08 4.733427e+08 4.793956e+08 4.854827e+08 4.910056e+08 4.957621e+08 4.997587e+08 5.116297e+08 5.163864e+08 5.179998e+08 5.178260e+08 5.164242e+08 5.141143e+08 5.077386e+08 5.001982e+08 4.921212e+08 4.834267e+08 4.738108e+08 4.631121e+08
4.576654e+08 4.576654e+08 4.576654e+08 4.576654e+08 4.576654e+08 4.576646e+08 4.576620e+08 4.576849e+08 4.578633e+08 4.583977e+08 4.611335e+08 4.660065e+08 4.719710e+08 4.779700e+08 4.834139e+08 4.881037e+08 4.920459e+08 5.037779e+08 5.085223e+08 5.101911e+08 5.101194e+08 5.088537e+08 5.067006e+08 5.006508e+08 4.934173e+08 4.856489e+08 4.773057e+08 4.680992e+08 4.578513e+08
4.506206e+08 4.506206e+08 4.506206e+08 4.506206e+08 4.506205e+08 4.506198e+08 4.506174e+08 4.506404e+08 4.508165e+08 4.513435e+08 4.540400e+08 4.588424e+08 4.647208e+08 4.706337e+08 4.760007e+08 4.806254e+08 4.845142e+08 4.961090e+08 5.008383e+08 5.025570e+08 5.025803e+08 5.014427e+08 4.994384e+08 4.937017e+08 4.867645e+08 4.792915e+08 4.712814e+08 4.624634e+08 4.526467e+08
4.437408e+08 4.437408e+08 4.437408e+08 4.437408e+08 4.437408e+08 4.437401e+08 4.437378e+08 4.437611e+08 4.439350e+08 4.444548e+08 4.471129e+08 4.518467e+08 4.576412e+08 4.634704e+08 4.687623e+08 4.733234e+08 4.771602e+08 4.886195e+08 4.933312e+08 4.950948e+08 4.952061e+08 4.941887e+08 4.923256e+08 4.868893e+08 4.802381e+08 4.730479e+08 4.653538e+08 4.569046e+08 4.474999e+08
4.370227e+08 4.370227e+08 4.370227e+08 4.370227e+08 4.370227e+08 4.370220e+08 4.370198e+08 4.370431e+08 4.372148e+08 4.377276e+08 4.403486e+08 4.450157e+08 4.507286e+08 4.564764e+08 4.616952e+08 4.661944e+08 4.699803e+08 4.813060e+08 4.859976e+08 4.878011e+08 4.879940e+08 4.870893e+08 4.853599e+08 4.802115e+08 4.738361e+08 4.669170e+08 4.595230e+08 4.514235e+08 4.424121e+08
4.304609e+08 4.304609e+08 4.304609e+08 4.304609e+08 4.304609e+08 4.304604e+08 4.304585e+08 4.304824e+08 4.306523e+08 4.311583e+08 4.337434e+08 4.383458e+08 4.439796e+08 4.496482e+08 4.547958e+08 4.592347e+08 4.629709e+08 4.741647e+08 4.788341e+08 4.806730e+08 4.809411e+08 4.801421e+08 4.785390e+08 4.736661e+08 4.675568e+08 4.608975e+08 4.537886e+08 4.460208e+08 4.373846e+08
4.240559e+08 4.240559e+08 4.240559e+08 4.240559e+08 4.240559e+08 4.240554e+08 4.240535e+08 4.240773e+08 4.242450e+08 4.247444e+08 4.272945e+08 4.318339e+08 4.373907e+08 4.429823e+08 4.480606e+08 4.524406e+08 4.561282e+08 4.671920e+08 4.718371e+08 4.737072e+08 4.740446e+08 4.733443e+08 4.718606e+08 4.672511e+08 4.613982e+08 4.549881e+08 4.481502e+08 4.406970e+08 4.324185e+08
4.178012e+08 4.178012e+08 4.178012e+08 4.178012e+08 4.178012e+08 4.178007e+08 4.177992e+08 4.178234e+08 4.179894e+08 4.184824e+08 4.209985e+08 4.254768e+08 4.309587e+08 4.364752e+08 4.414860e+08 4.458084e+08 4.494486e+08 4.603840e+08 4.650030e+08 4.669001e+08 4.673014e+08 4.666933e+08 4.653223e+08 4.609642e+08 4.553583e+08 4.491874e+08 4.426072e+08 4.354525e+08 4.275145e+08
