2.135130e+06 1.051089e+06 8.111838e+05 5.350769e+05 4.764112e+05 3.815948e+05 3.458541e+05 3.063711e+05 2.945898e+05 2.861071e+05 2.759458e+05 2.716302e+05 2.703402e+05 2.696379e+05 2.674602e+05 2.624775e+05 2.543165e+05 1.906178e+05 1.403136e+05 1.113255e+05 9.418713e+04 8.321059e+04 7.563753e+04 6.586245e+04 5.984623e+04 5.592039e+04 5.345508e+04 5.222118e+04 5.216458e+04
3.808399e+05 3.808437e+05 3.808522e+05 3.807856e+05 3.793306e+05 3.602821e+05 3.353320e+05 3.015249e+05 2.909756e+05 2.833577e+05 2.743227e+05 2.706712e+05 2.697620e+05 2.692472e+05 2.671276e+05 2.621271e+05 2.539154e+05 1.901023e+05 1.399256e+05 1.110557e+05 9.399306e+04 8.306395e+04 7.552192e+04 6.578378e+04 5.978865e+04 5.587690e+04 5.342235e+04 5.219769e+04 5.214977e+04
3.495357e+05 3.495361e+05 3.495372e+05 3.495215e+05 3.492972e+05 3.413435e+05 3.218833e+05 2.953118e+05 2.865621e+05 2.801217e+05 2.725092e+05 2.696385e+05 2.691562e+05 2.688433e+05 2.667820e+05 2.617589e+05 2.534914e+05 1.895630e+05 1.395248e+05 1.107792e+05 9.379503e+04 8.291480e+04 7.540461e+04 6.570421e+04 5.973054e+04 5.583308e+04 5.338942e+04 5.217410e+04 5.213493e+04
3.252249e+05 3.252251e+05 3.252255e+05 3.252193e+05 3.251438e+05 3.190471e+05 3.115118e+05 2.882519e+05 2.815223e+05 2.764804e+05 2.705363e+05 2.685480e+05 2.685315e+05 2.684307e+05 2.664253e+05 2.613734e+05 2.530442e+05 1.889997e+05 1.391112e+05 1.104958e+05 9.359305e+04 8.276314e+04 7.528559e+04 6.562373e+04 5.967188e+04 5.578892e+04 5.335628e+04 5.215039e+04 5.212004e+04
3.061259e+05 3.061260e+05 3.061263e+05 3.061273e+05 3.061080e+05 3.027720e+05 2.984519e+05 2.821004e+05 2.763746e+05 2.726358e+05 2.684570e+05 2.674207e+05 2.678978e+05 2.680139e+05 2.660594e+05 2.609708e+05 2.525734e+05 1.884119e+05 1.386846e+05 1.102056e+05 9.338711e+04 8.260897e+04 7.516487e+04 6.554235e+04 5.961270e+04 5.574443e+04 5.332295e+04 5.212657e+04 5.210513e+04
2.917562e+05 2.917563e+05 2.917566e+05 2.917600e+05 2.917569e+05 2.900406e+05 2.861247e+05 2.776628e+05 2.722568e+05 2.690056e+05 2.663637e+05 2.662873e+05 2.672674e+05 2.675981e+05 2.656860e+05 2.605512e+05 2.520782e+05 1.877991e+05 1.382450e+05 1.099086e+05 9.317722e+04 8.245231e+04 7.504245e+04 6.546007e+04 5.955298e+04 5.569961e+04 5.328941e+04 5.210265e+04 5.209019e+04
2.805614e+05 2.805615e+05 2.805617e+05 2.805659e+05 2.805714e+05 2.797752e+05 2.765416e+05 2.733468e+05 2.694291e+05 2.663449e+05 2.644115e+05 2.651943e+05 2.666571e+05 2.671897e+05 2.653069e+05 2.601147e+05 2.515580e+05 1.871611e+05 1.377923e+05 1.096047e+05 9.296341e+04 8.229317e+04 7.491835e+04 6.537689e+04 5.949273e+04 5.565446e+04 5.325568e+04 5.207862e+04 5.207521e+04
2.719082e+05 2.719083e+05 2.719085e+05 2.719131e+05 2.719229e+05 2.716460e+05 2.693923e+05 2.687842e+05 2.669526e+05 2.646841e+05 2.628463e+05 2.642123e+05 2.660916e+05 2.667973e+05 2.649248e+05 2.596615e+05 2.510121e+05 1.864974e+05 1.373266e+05 1.092940e+05 9.274567e+04 8.213154e+04 7.479257e+04 6.529283e+04 5.943195e+04 5.560899e+04 5.322175e+04 5.205449e+04 5.206020e+04
2.654240e+05 2.654241e+05 2.654243e+05 2.654297e+05 2.654426e+05 2.654399e+05 2.640736e+05 2.643951e+05 2.644505e+05 2.634256e+05 2.620363e+05 2.634441e+05 2.656058e+05 2.664337e+05 2.645439e+05 2.591921e+05 2.504398e+05 1.858077e+05 1.368477e+05 1.089766e+05 9.252403e+04 8.196744e+04 7.466511e+04 6.520787e+04 5.937064e+04 5.556319e+04 5.318762e+04 5.203026e+04 5.204517e+04
2.607224e+05 2.607225e+05 2.607227e+05 2.607280e+05 2.607415e+05 2.608665e+05 2.601596e+05 2.606710e+05 2.619758e+05 2.622663e+05 2.618675e+05 2.630433e+05 2.652492e+05 2.661168e+05 2.641702e+05 2.587082e+05 2.498410e+05 1.850918e+05 1.363558e+05 1.086524e+05 9.229850e+04 8.180089e+04 7.453598e+04 6.512203e+04 5.930882e+04 5.551706e+04 5.315330e+04 5.200592e+04 5.203011e+04
2.573888e+05 2.573888e+05 2.573890e+05 2.573939e+05 2.574072e+05 2.576085e+05 2.573688e+05 2.578616e+05 2.597645e+05 2.611366e+05 2.620553e+05 2.632026e+05 2.650902e+05 2.658715e+05 2.638129e+05 2.582125e+05 2.492162e+05 1.843495e+05 1.358508e+05 1.083215e+05 9.206912e+04 8.163190e+04 7.440519e+04 6.503531e+04 5.924647e+04 5.547062e+04 5.311878e+04 5.198149e+04 5.201502e+04
2.540193e+05 2.540193e+05 2.540194e+05 2.540231e+05 2.540338e+05 2.542993e+05 2.548384e+05 2.557931e+05 2.570517e+05 2.592555e+05 2.644752e+05 2.678369e+05 2.686861e+05 2.671503e+05 2.629319e+05 2.558028e+05 2.457890e+05 1.802423e+05 1.331335e+05 1.065684e+05 9.086541e+04 8.075093e+04 7.372675e+04 6.458864e+04 5.892698e+04 5.523362e+04 5.294335e+04 5.185785e+04 5.193925e+04
2.624143e+05 2.624144e+05 2.624145e+05 2.624172e+05 2.624255e+05 2.626512e+05 2.632212e+05 2.646806e+05 2.654813e+05 2.665836e+05 2.699320e+05 2.731436e+05 2.738208e+05 2.708903e+05 2.643491e+05 2.546675e+05 2.426001e+05 1.755269e+05 1.301141e+05 1.046590e+05 8.957092e+04 7.981200e+04 7.300866e+04 6.412074e+04 5.859489e+04 5.498887e+04 5.276330e+04 5.173190e+04 5.186304e+04
2.761425e+05 2.761426e+05 2.761426e+05 2.761448e+05 2.761515e+05 2.763431e+05 2.768605e+05 2.781640e+05 2.785273e+05 2.786107e+05 2.784318e+05 2.780570e+05 2.763923e+05 2.719534e+05 2.640386e+05 2.529209e+05 2.394998e+05 1.704027e+05 1.268417e+05 1.026109e+05 8.819320e+04 7.881885e+04 7.225301e+04 6.363245e+04 5.825064e+04 5.473664e+04 5.257886e+04 5.160384e+04 5.178656e+04
2.928946e+05 2.928946e+05 2.928947e+05 2.928965e+05 2.929019e+05 2.929221e+05 2.927322e+05 2.913198e+05 2.900025e+05 2.883092e+05 2.842304e+05 2.798650e+05 2.750049e+05 2.685858e+05 2.596630e+05 2.480570e+05 2.343644e+05 1.653023e+05 1.234037e+05 1.004512e+05 8.674310e+04 7.777661e+04 7.146253e+04 6.312480e+04 5.789474e+04 5.447726e+04 5.239025e+04 5.147385e+04 5.170999e+04
2.963711e+05 2.963710e+05 2.963707e+05 2.963629e+05 2.963395e+05 2.957784e+05 2.945116e+05 2.907751e+05 2.884835e+05 2.859824e+05 2.805059e+05 2.746150e+05 2.681998e+05 2.606378e+05 2.512380e+05 2.397532e+05 2.265434e+05 1.602296e+05 1.199343e+05 9.821916e+04 8.523542e+04 7.669198e+04 7.064071e+04 6.259906e+04 5.752780e+04 5.421108e+04 5.219774e+04 5.134216e+04 5.163354e+04
2.744826e+05 2.744826e+05 2.744826e+05 2.744823e+05 2.744812e+05 2.744362e+05 2.742483e+05 2.730984e+05 2.720441e+05 2.706731e+05 2.670490e+05 2.623179e+05 2.564090e+05 2.490411e+05 2.399129e+05 2.289906e+05 2.166336e+05 1.548640e+05 1.166209e+05 9.596655e+04 8.368944e+04 7.557352e+04 6.979191e+04 6.205675e+04 5.715052e+04 5.393852e+04 5.200161e+04 5.120898e+04 5.155740e+04
2.533935e+05 2.533935e+05 2.533935e+05 2.533935e+05 2.533933e+05 2.533821e+05 2.533296e+05 2.529675e+05 2.525681e+05 2.519651e+05 2.500051e+05 2.468025e+05 2.420675e+05 2.355533e+05 2.271584e+05 2.170455e+05 2.056607e+05 1.491323e+05 1.134303e+05 9.376264e+04 8.212926e+04 7.443184e+04 6.892143e+04 6.149964e+04 5.676371e+04 5.366002e+04 5.180215e+04 5.107457e+04 5.148178e+04
2.361174e+05 2.361174e+05 2.361173e+05 2.361170e+05 2.361157e+05 2.360805e+05 2.359904e+05 2.356329e+05 2.353253e+05 2.348983e+05 2.335451e+05 2.311883e+05 2.273617e+05 2.217113e+05 2.141483e+05 2.049065e+05 1.944855e+05 1.431327e+05 1.102648e+05 9.168641e+04 8.058457e+04 7.327975e+04 6.803565e+04 6.092985e+04 5.636829e+04 5.337608e+04 5.159972e+04 5.093917e+04 5.140693e+04
2.208633e+05 2.208633e+05 2.208633e+05 2.208630e+05 2.208621e+05 2.208328e+05 2.207411e+05 2.203315e+05 2.199997e+05 2.195778e+05 2.183872e+05 2.164339e+05 2.132089e+05 2.082804e+05 2.015110e+05 1.931251e+05 1.836242e+05 1.370460e+05 1.070829e+05 8.970019e+04 7.909481e+04 7.213247e+04 6.714210e+04 6.034981e+04 5.596531e+04 5.308727e+04 5.139465e+04 5.080306e+04 5.133306e+04
2.065147e+05 2.065147e+05 2.065147e+05 2.065140e+05 2.065118e+05 2.064549e+05 2.063115e+05 2.058460e+05 2.055273e+05 2.051461e+05 2.041298e+05 2.025040e+05 1.997773e+05 1.954974e+05 1.894879e+05 1.819372e+05 1.733187e+05 1.310550e+05 1.038810e+05 8.776135e+04 7.769338e+04 7.100832e+04 6.624953e+04 5.976233e+04 5.555593e+04 5.279420e+04 5.118736e+04 5.066654e+04 5.126044e+04
1.920345e+05 1.920345e+05 1.920345e+05 1.920344e+05 1.920342e+05 1.920258e+05 1.919931e+05 1.917989e+05 1.916172e+05 1.913726e+05 1.906451e+05 1.893752e+05 1.871231e+05 1.834550e+05 1.781760e+05 1.714359e+05 1.636655e+05 1.252995e+05 1.006834e+05 8.584552e+04 7.635204e+04 6.993248e+04 6.536811e+04 5.917062e+04 5.514151e+04 5.249755e+04 5.097826e+04 5.052991e+04 5.118931e+04
1.792519e+05 1.792519e+05 1.792519e+05 1.792517e+05 1.792513e+05 1.792377e+05 1.791954e+05 1.790249e+05 1.788903e+05 1.787153e+05 1.781878e+05 1.772079e+05 1.753658e+05 1.722469e+05 1.676444e+05 1.616683e+05 1.547004e+05 1.198665e+05 9.752854e+04 8.394106e+04 7.504874e+04 6.891737e+04 6.451010e+04 5.857830e+04 5.472352e+04 5.219809e+04 5.076780e+04 5.039351e+04 5.111995e+04
1.676442e+05 1.676442e+05 1.676442e+05 1.676441e+05 1.676439e+05 1.676350e+05 1.676051e+05 1.674788e+05 1.673793e+05 1.672512e+05 1.668623e+05 1.661014e+05 1.645917e+05 1.619420e+05 1.579399e+05 1.526598e+05 1.464325e+05 1.147989e+05 9.445752e+04 8.204700e+04 7.376891e+04 6.794395e+04 6.369267e+04 5.798943e+04 5.430363e+04 5.189664e+04 5.055650e+04 5.025770e+04 5.105266e+04
1.571568e+05 1.571568e+05 1.571568e+05 1.571567e+05 1.571567e+05 1.571532e+05 1.571395e+05 1.570695e+05 1.570080e+05 1.569246e+05 1.566512e+05 1.560630e+05 1.548202e+05 1.525613e+05 1.490768e+05 1.444127e+05 1.388526e+05 1.101076e+05 9.150536e+04 8.017040e+04 7.250336e+04 6.699938e+04 6.291827e+04 5.740861e+04 5.388368e+04 5.159412e+04 5.034490e+04 5.012284e+04 5.098773e+04
1.478692e+05 1.478692e+05 1.478692e+05 1.478692e+05 1.478692e+05 1.478670e+05 1.478585e+05 1.478143e+05 1.477747e+05 1.477194e+05 1.475247e+05 1.470628e+05 1.460270e+05 1.440859e+05 1.410375e+05 1.369070e+05 1.319364e+05 1.057846e+05 8.869724e+04 7.832307e+04 7.124768e+04 6.607453e+04 6.217433e+04 5.684117e+04 5.346571e+04 5.129152e+04 5.013357e+04 4.998935e+04 5.092549e+04
1.396640e+05 1.396640e+05 1.396640e+05 1.396640e+05 1.396640e+05 1.396627e+05 1.396568e+05 1.396241e+05 1.395948e+05 1.395540e+05 1.394057e+05 1.390302e+05 1.381507e+05 1.364639e+05 1.337781e+05 1.301032e+05 1.256464e+05 1.018101e+05 8.604802e+04 7.651850e+04 7.000151e+04 6.516291e+04 6.145279e+04 5.629381e+04 5.305194e+04 5.098994e+04 4.992316e+04 4.985766e+04 5.086627e+04
1.323838e+05 1.323838e+05 1.323838e+05 1.323838e+05 1.323838e+05 1.323826e+05 1.323772e+05 1.323504e+05 1.323272e+05 1.322953e+05 1.321772e+05 1.318629e+05 1.311029e+05 1.296204e+05 1.272356e+05 1.239479e+05 1.199358e+05 9.815932e+04 8.356357e+04 7.476942e+04 6.876763e+04 6.426041e+04 6.074762e+04 5.577479e+04 5.264485e+04 5.069056e+04 4.971435e+04 4.972823e+04 5.081043e+04
1.258802e+05 1.258802e+05 1.258802e+05 1.258802e+05 1.258801e+05 1.258794e+05 1.258760e+05 1.258573e+05 1.258401e+05 1.258157e+05 1.257204e+05 1.254527e+05 1.247871e+05 1.234714e+05 1.213382e+05 1.183803e+05 1.147524e+05 9.480517e+04 8.124295e+04 7.308634e+04 6.755088e+04 6.336507e+04 6.005424e+04 5.528002e+04 5.224725e+04 5.039467e+04 4.950787e+04 4.960155e+04 5.075835e+04
1.200631e+05 1.200631e+05 1.200631e+05 1.200631e+05 1.200630e+05 1.200625e+05 1.200600e+05 1.200456e+05 1.200321e+05 1.200125e+05 1.199333e+05 1.197012e+05 1.191117e+05 1.179346e+05 1.160140e+05 1.133385e+05 1.100437e+05 9.172073e+04 7.908052e+04 7.147685e+04 6.635703e+04 6.247682e+04 5.936939e+04 5.480402e+04 5.186242e+04 5.010368e+04 4.930452e+04 4.947816e+04 5.071042e+04
1.148401e+05 1.148401e+05 1.148401e+05 1.148401e+05 1.148400e+05 1.148394e+05 1.148366e+05 1.148226e+05 1.148104e+05 1.147933e+05 1.147250e+05 1.145207e+05 1.139943e+05 1.129342e+05 1.111956e+05 1.087641e+05 1.057592e+05 8.888042e+04 7.706777e+04 6.994555e+04 6.519199e+04 6.159701e+04 5.869101e+04 5.434308e+04 5.149497e+04 4.981912e+04 4.910516e+04 4.935860e+04 5.066707e+04
1.101103e+05 1.101103e+05 1.101103e+05 1.101103e+05 1.101103e+05 1.101098e+05 1.101077e+05 1.100964e+05 1.100864e+05 1.100724e+05 1.100146e+05 1.098349e+05 1.093627e+05 1.084035e+05 1.068227e+05 1.046036e+05 1.018528e+05 8.626057e+04 7.519466e+04 6.849439e+04 6.406110e+04 6.072802e+04 5.801817e+04 5.389424e+04 5.114769e+04 4.954268e+04 4.891070e+04 4.924349e+04 5.062875e+04
1.058114e+05 1.058114e+05 1.058114e+05 1.058114e+05 1.058114e+05 1.058113e+05 1.058103e+05 1.058035e+05 1.057968e+05 1.057867e+05 1.057398e+05 1.055821e+05 1.051573e+05 1.042862e+05 1.028431e+05 1.008104e+05 9.828311e+04 8.383970e+04 7.345060e+04 6.712315e+04 6.296875e+04 5.987282e+04 5.735088e+04 5.345508e+04 5.081679e+04 4.927630e+04 4.872214e+04 4.913346e+04 5.059592e+04
1.019086e+05 1.019086e+05 1.019086e+05 1.019086e+05 1.019086e+05 1.019088e+05 1.019087e+05 1.019051e+05 1.019005e+05 1.018928e+05 1.018536e+05 1.017135e+05 1.013288e+05 1.005340e+05 9.921168e+04 9.734308e+04 9.501357e+04 8.159849e+04 7.182509e+04 6.582995e+04 6.191822e+04 5.903455e+04 5.668992e+04 5.302370e+04 5.049964e+04 4.902237e+04 4.854054e+04 4.902920e+04 5.056910e+04
9.836643e+04 9.836643e+04 9.836643e+04 9.836644e+04 9.836644e+04 9.836641e+04 9.836574e+04 9.836043e+04 9.835524e+04 9.834755e+04 9.831131e+04 9.818404e+04 9.783312e+04 9.710476e+04 9.588871e+04 9.416544e+04 9.201166e+04 7.951968e+04 7.030808e+04 6.461182e+04 6.091166e+04 5.821624e+04 5.603664e+04 5.259862e+04 5.019428e+04 4.878423e+04 4.836708e+04 4.893143e+04 5.054880e+04
9.512136e+04 9.512136e+04 9.512136e+04 9.512135e+04 9.512134e+04 9.512085e+04 9.511926e+04 9.511245e+04 9.510701e+04 9.509957e+04 9.506644e+04 9.495074e+04 9.462975e+04 9.396039e+04 9.283900e+04 9.124539e+04 8.924868e+04 7.758791e+04 6.889021e+04 6.346501e+04 5.995016e+04 5.742061e+04 5.539272e+04 5.217884e+04 4.989910e+04 4.856168e+04 4.820306e+04 4.884093e+04 5.053560e+04
9.212004e+04 9.212004e+04 9.212004e+04 9.212004e+04 9.212005e+04 9.212010e+04 9.211989e+04 9.211713e+04 9.211396e+04 9.210885e+04 9.208161e+04 9.197803e+04 9.168473e+04 9.106865e+04 9.003232e+04 8.855514e+04 8.669954e+04 7.578949e+04 6.756288e+04 6.238538e+04 5.903393e+04 5.664993e+04 5.476003e+04 5.176374e+04 4.961275e+04 4.835241e+04 4.805002e+04 4.875855e+04 5.053008e+04
8.936215e+04 8.936215e+04 8.936215e+04 8.936216e+04 8.936216e+04 8.936229e+04 8.936238e+04 8.936117e+04 8.935927e+04 8.935572e+04 8.933304e+04 8.923992e+04 8.897122e+04 8.840289e+04 8.744305e+04 8.607073e+04 8.434237e+04 7.411226e+04 6.631828e+04 6.136865e+04 5.816244e+04 5.590593e+04 5.414043e+04 5.135310e+04 4.933411e+04 4.815501e+04 4.790992e+04 4.868518e+04 5.053288e+04
8.682644e+04 8.682644e+04 8.682644e+04 8.682644e+04 8.682645e+04 8.682661e+04 8.682680e+04 8.682556e+04 8.682356e+04 8.682003e+04 8.679894e+04 8.671339e+04 8.646572e+04 8.593986e+04 8.504882e+04 8.377121e+04 8.215796e+04 7.254538e+04 6.514937e+04 6.041054e+04 5.733463e+04 5.518985e+04 5.353571e+04 5.094701e+04 4.906225e+04 4.796838e+04 4.778496e+04 4.862183e+04 5.054467e+04
8.448736e+04 8.448736e+04 8.448736e+04 8.448736e+04 8.448735e+04 8.448706e+04 8.448601e+04 8.448183e+04 8.447867e+04 8.447436e+04 8.445369e+04 8.437449e+04 8.414565e+04 8.365822e+04 8.282961e+04 8.163800e+04 8.012933e+04 7.107918e+04 6.404981e+04 5.950691e+04 5.654901e+04 5.450243e+04 5.294743e+04 5.054585e+04 4.879647e+04 4.779161e+04 4.767381e+04 4.856963e+04 5.056616e+04
8.229881e+04 8.229881e+04 8.229881e+04 8.229881e+04 8.229881e+04 8.229873e+04 8.229830e+04 8.229595e+04 8.229383e+04 8.229067e+04 8.227327e+04 8.220176e+04 8.199122e+04 8.153944e+04 8.076803e+04 7.965493e+04 7.824163e+04 6.970504e+04 6.301393e+04 5.865382e+04 5.580383e+04 5.384399e+04 5.237694e+04 5.015019e+04 4.853625e+04 4.762394e+04 4.757529e+04 4.852989e+04 5.059814e+04
8.025721e+04 8.025721e+04 8.025721e+04 8.025721e+04 8.025722e+04 8.025749e+04 8.025809e+04 8.025888e+04 8.025859e+04 8.025736e+04 8.024449e+04 8.018109e+04 7.998787e+04 7.956891e+04 7.884976e+04 7.780832e+04 7.648205e+04 6.841524e+04 6.203664e+04 5.784760e+04 5.509718e+04 5.321447e+04 5.182531e+04 4.976078e+04 4.828128e+04 4.746472e+04 4.748860e+04 4.850451e+04 5.064143e+04
7.836943e+04 7.836943e+04 7.836943e+04 7.836943e+04 7.836944e+04 7.836958e+04 7.836988e+04 7.837070e+04 7.837090e+04 7.837041e+04 7.836007e+04 7.830280e+04 7.812439e+04 7.773460e+04 7.706262e+04 7.608625e+04 7.483931e+04 6.720283e+04 6.111336e+04 5.708485e+04 5.442708e+04 5.261352e+04 5.129336e+04 4.937844e+04 4.803140e+04 4.731341e+04 4.741315e+04 4.849432e+04 5.069696e+04
7.661762e+04 7.661762e+04 7.661762e+04 7.661763e+04 7.661764e+04 7.661795e+04 7.661871e+04 7.662008e+04 7.662022e+04 7.661957e+04 7.660938e+04 7.655562e+04 7.638903e+04 7.602462e+04 7.539491e+04 7.447757e+04 7.330300e+04 6.606155e+04 6.024001e+04 5.636243e+04 5.379152e+04 5.204055e+04 5.078165e+04 4.900408e+04 4.778664e+04 4.716958e+04 4.734843e+04 4.849821e+04 5.076578e+04
7.499440e+04 7.499440e+04 7.499440e+04 7.499440e+04 7.499439e+04 7.499431e+04 7.499393e+04 7.499224e+04 7.499083e+04 7.498875e+04 7.497672e+04 7.492474e+04 7.476796e+04 7.442615e+04 7.383480e+04 7.297141e+04 7.186324e+04 6.498570e+04 5.941289e+04 5.567750e+04 5.318857e+04 5.149481e+04 5.029051e+04 4.863858e+04 4.754715e+04 4.703292e+04 4.729404e+04 4.851553e+04 5.084920e+04
7.346403e+04 7.346403e+04 7.346403e+04 7.346403e+04 7.346402e+04 7.346386e+04 7.346326e+04 7.346063e+04 7.345863e+04 7.345599e+04 7.344351e+04 7.339414e+04 7.324711e+04 7.292664e+04 7.237103e+04 7.155769e+04 7.051098e+04 6.397013e+04 5.862869e+04 5.502747e+04 5.261632e+04 5.097542e+04 4.982008e+04 4.828282e+04 4.731323e+04 4.690321e+04 4.724963e+04 4.854589e+04 5.094891e+04
7.201089e+04 7.201089e+04 7.201090e+04 7.201090e+04 7.201090e+04 7.201095e+04 7.201093e+04 7.200998e+04 7.200891e+04 7.200720e+04 7.199697e+04 7.195211e+04 7.181568e+04 7.151610e+04 7.099435e+04 7.022788e+04 6.923846e+04 6.301026e+04 5.788444e+04 5.440998e+04 5.207299e+04 5.048144e+04 4.937030e+04 4.793763e+04 4.708527e+04 4.678035e+04 4.721494e+04 4.858897e+04 5.106479e+04
7.064009e+04 7.064009e+04 7.064009e+04 7.064009e+04 7.064010e+04 7.064024e+04 7.064052e+04 7.064095e+04 7.064090e+04 7.064037e+04 7.063302e+04 7.059323e+04 7.046741e+04 7.018782e+04 6.969798e+04 6.897536e+04 6.803935e+04 6.210196e+04 5.717744e+04 5.382291e+04 5.155690e+04 5.001186e+04 4.894102e+04 4.760377e+04 4.686374e+04 4.666432e+04 4.718976e+04 4.864454e+04 5.119619e+04
6.935351e+04 6.935351e+04 6.935351e+04 6.935351e+04 6.935352e+04 6.935369e+04 6.935413e+04 6.935533e+04 6.935583e+04 6.935595e+04 6.935045e+04 6.931471e+04 6.919830e+04 6.893704e+04 6.847671e+04 6.779478e+04 6.690838e+04 6.124159e+04 5.650528e+04 5.326435e+04 5.106649e+04 4.956569e+04 4.853194e+04 4.728192e+04 4.664917e+04 4.655520e+04 4.717396e+04 4.871244e+04 5.134279e+04
6.814917e+04 6.814917e+04 6.814917e+04 6.814917e+04 6.814918e+04 6.814937e+04 6.814979e+04 6.815072e+04 6.815103e+04 6.815099e+04 6.814570e+04 6.811246e+04 6.800384e+04 6.775894e+04 6.732559e+04 6.668118e+04 6.584073e+04 6.042581e+04 5.586577e+04 5.273258e+04 5.060033e+04 4.914195e+04 4.814270e+04 4.697269e+04 4.644215e+04 4.645317e+04 4.716746e+04 4.879253e+04 5.150442e+04
6.701844e+04 6.701844e+04 6.701844e+04 6.701844e+04 6.701845e+04 6.701847e+04 6.701846e+04 6.701818e+04 6.701786e+04 6.701725e+04 6.701140e+04 6.697982e+04 6.687794e+04 6.664784e+04 6.623929e+04 6.562958e+04 6.483177e+04 5.965162e+04 5.525692e+04 5.222604e+04 5.015709e+04 4.873968e+04 4.777289e+04 4.667659e+04 4.624329e+04 4.635846e+04 4.717026e+04 4.888475e+04 5.168098e+04
6.594599e+04 6.594599e+04 6.594599e+04 6.594599e+04 6.594600e+04 6.594603e+04 6.594604e+04 6.594572e+04 6.594532e+04 6.594461e+04 6.593892e+04 6.590940e+04 6.581409e+04 6.559794e+04 6.521253e+04 6.463515e+04 6.387705e+04 5.891625e+04 5.467695e+04 5.174333e+04 4.973557e+04 4.835797e+04 4.742204e+04 4.639408e+04 4.605321e+04 4.627140e+04 4.718242e+04 4.898905e+04 5.187241e+04
6.492745e+04 6.492745e+04 6.492745e+04 6.492745e+04 6.492745e+04 6.492750e+04 6.492757e+04 6.492751e+04 6.492735e+04 6.492699e+04 6.492244e+04 6.489573e+04 6.480720e+04 6.460446e+04 6.424082e+04 6.369368e+04 6.297268e+04 5.821721e+04 5.412421e+04 5.128321e+04 4.933468e+04 4.799597e+04 4.708969e+04 4.612551e+04 4.587254e+04 4.619236e+04 4.720404e+04 4.910544e+04 5.207871e+04
6.395984e+04 6.395984e+04 6.395984e+04 6.395984e+04 6.395984e+04 6.395992e+04 6.396021e+04 6.396123e+04 6.396182e+04 6.396228e+04 6.395966e+04 6.393615e+04 6.385427e+04 6.366413e+04 6.332079e+04 6.280181e+04 6.211540e+04 5.755224e+04 5.359725e+04 5.084454e+04 4.895344e+04 4.765287e+04 4.677536e+04 4.587119e+04 4.570189e+04 4.612177e+04 4.723530e+04 4.923399e+04 5.229989e+04
6.304676e+04 6.304676e+04 6.304676e+04 6.304676e+04 6.304677e+04 6.304702e+04 6.304771e+04 6.304984e+04 6.305103e+04 6.305207e+04 6.305076e+04 6.302968e+04 6.295344e+04 6.277454e+04 6.244971e+04 6.195668e+04 6.130236e+04 5.691934e+04 5.309473e+04 5.042632e+04 4.859098e+04 4.732794e+04 4.647857e+04 4.563136e+04 4.554187e+04 4.606012e+04 4.727645e+04 4.937478e+04 5.253602e+04
6.219299e+04 6.219299e+04 6.219299e+04 6.219299e+04 6.219300e+04 6.219313e+04 6.219350e+04 6.219474e+04 6.219550e+04 6.219615e+04 6.219437e+04 6.217415e+04 6.210204e+04 6.193276e+04 6.162458e+04 6.115537e+04 6.053080e+04 5.631663e+04 5.261544e+04 5.002765e+04 4.824650e+04 4.702052e+04 4.619889e+04 4.540623e+04 4.539305e+04 4.600792e+04 4.732776e+04 4.952795e+04 5.278719e+04
6.138736e+04 6.138736e+04 6.138736e+04 6.138736e+04 6.138736e+04 6.138740e+04 6.138751e+04 6.138779e+04 6.138788e+04 6.138779e+04 6.138468e+04 6.136439e+04 6.129541e+04 6.113461e+04 6.084166e+04 6.039455e+04 5.979773e+04 5.574242e+04 5.215830e+04 4.964773e+04 4.791932e+04 4.672999e+04 4.593588e+04 4.519594e+04 4.525601e+04 4.596571e+04 4.738958e+04 4.969369e+04 5.305351e+04
6.061988e+04 6.061988e+04 6.061988e+04 6.061988e+04 6.061988e+04 6.061989e+04 6.061985e+04 6.061936e+04 6.061887e+04 6.061814e+04 6.061388e+04 6.059365e+04 6.052781e+04 6.037522e+04 6.009682e+04 5.967068e+04 5.910014e+04 5.519512e+04 5.172232e+04 4.928585e+04 4.760882e+04 4.645583e+04 4.568917e+04 4.500063e+04 4.513127e+04 4.593405e+04 4.746230e+04 4.987221e+04 5.333513e+04
5.988277e+04 5.988277e+04 5.988277e+04 5.988277e+04 5.988277e+04 5.988270e+04 5.988245e+04 5.988138e+04 5.988061e+04 5.987965e+04 5.987524e+04 5.985613e+04 5.979431e+04 5.965038e+04 5.938647e+04 5.898070e+04 5.843537e+04 5.467332e+04 5.130663e+04 4.894138e+04 4.731447e+04 4.619755e+04 4.545838e+04 4.482040e+04 4.501936e+04 4.591354e+04 4.754633e+04 5.006380e+04 5.363224e+04
5.916927e+04 5.916927e+04 5.916927e+04 5.916927e+04 5.916928e+04 5.916932e+04 5.916934e+04 5.916906e+04 5.916878e+04 5.916838e+04 5.916546e+04 5.914900e+04 5.909237e+04 5.895779e+04 5.870846e+04 5.832258e+04 5.780154e+04 5.417579e+04 5.091044e+04 4.861376e+04 4.703580e+04 4.595474e+04 4.524322e+04 4.465534e+04 4.492075e+04 4.590477e+04 4.764215e+04 5.026874e+04 5.394504e+04
5.848376e+04 5.848376e+04 5.848376e+04 5.848376e+04 5.848376e+04 5.848381e+04 5.848398e+04 5.848487e+04 5.848556e+04 5.848630e+04 5.848608e+04 5.847329e+04 5.842250e+04 5.829743e+04 5.806232e+04 5.769554e+04 5.719765e+04 5.370152e+04 5.053306e+04 4.830252e+04 4.677242e+04 4.572706e+04 4.504341e+04 4.450552e+04 4.483593e+04 4.590833e+04 4.775027e+04 5.048740e+04 5.427377e+04
5.783179e+04 5.783179e+04 5.783179e+04 5.783179e+04 5.783180e+04 5.783210e+04 5.783295e+04 5.783586e+04 5.783771e+04 5.783967e+04 5.784210e+04 5.783269e+04 5.778717e+04 5.767072e+04 5.744866e+04 5.709958e+04 5.662330e+04 5.324966e+04 5.017389e+04 4.800725e+04 4.652400e+04 4.551421e+04 4.485872e+04 4.437104e+04 4.476533e+04 4.592485e+04 4.787122e+04 5.072015e+04 5.461872e+04
5.722627e+04 5.722627e+04 5.722627e+04 5.722627e+04 5.722628e+04 5.722655e+04 5.722737e+04 5.723043e+04 5.723252e+04 5.723481e+04 5.723812e+04 5.723035e+04 5.718837e+04 5.707875e+04 5.686790e+04 5.653461e+04 5.607806e+04 5.281944e+04 4.983238e+04 4.772757e+04 4.629027e+04 4.531595e+04 4.468896e+04 4.425197e+04 4.470941e+04 4.595492e+04 4.800555e+04 5.096742e+04 5.498017e+04
5.666463e+04 5.666463e+04 5.666463e+04 5.666463e+04 5.666464e+04 5.666490e+04 5.666566e+04 5.666821e+04 5.666985e+04 5.667159e+04 5.667383e+04 5.666568e+04 5.662527e+04 5.652057e+04 5.631901e+04 5.599963e+04 5.556096e+04 5.241012e+04 4.950807e+04 4.746320e+04 4.607101e+04 4.513210e+04 4.453399e+04 4.414841e+04 4.466857e+04 4.599916e+04 4.815386e+04 5.122966e+04 5.535846e+04
5.614172e+04 5.614172e+04 5.614172e+04 5.614172e+04 5.614172e+04 5.614174e+04 5.614183e+04 5.614242e+04 5.614291e+04 5.614346e+04 5.614340e+04 5.613373e+04 5.609378e+04 5.599285e+04 5.579934e+04 5.549250e+04 5.507027e+04 5.202095e+04 4.920053e+04 4.721389e+04 4.586605e+04 4.496252e+04 4.439371e+04 4.406046e+04 4.464323e+04 4.605819e+04 4.831675e+04 5.150735e+04 5.575395e+04
5.564073e+04 5.564073e+04 5.564073e+04 5.564073e+04 5.564073e+04 5.564074e+04 5.564073e+04 5.564046e+04 5.564021e+04 5.563992e+04 5.563813e+04 5.562740e+04 5.558819e+04 5.549108e+04 5.530537e+04 5.501049e+04 5.460386e+04 5.165119e+04 4.890939e+04 4.697944e+04 4.567528e+04 4.480712e+04 4.426808e+04 4.398825e+04 4.463381e+04 4.613261e+04 4.849485e+04 5.180102e+04 5.616704e+04
5.515507e+04 5.515507e+04 5.515507e+04 5.515507e+04 5.515507e+04 5.515501e+04 5.515482e+04 5.515408e+04 5.515365e+04 5.515320e+04 5.515128e+04 5.514104e+04 5.510390e+04 5.501153e+04 5.483406e+04 5.455117e+04 5.415980e+04 5.130016e+04 4.863437e+04 4.675970e+04 4.549862e+04 4.466587e+04 4.415707e+04 4.393191e+04 4.464072e+04 4.622303e+04 4.868880e+04 5.211121e+04 5.659814e+04
5.467978e+04 5.467978e+04 5.467978e+04 5.467978e+04 5.467978e+04 5.467981e+04 5.467996e+04 5.468052e+04 5.468090e+04 5.468129e+04 5.468110e+04 5.467298e+04 5.463922e+04 5.455255e+04 5.438390e+04 5.411316e+04 5.373688e+04 5.096732e+04 4.837520e+04 4.655458e+04 4.533604e+04 4.453877e+04 4.406072e+04 4.389162e+04 4.466435e+04 4.633006e+04 4.889926e+04 5.243850e+04 5.704771e+04
5.422387e+04 5.422387e+04 5.422388e+04 5.422388e+04 5.422388e+04 5.422409e+04 5.422468e+04 5.422672e+04 5.422798e+04 5.422929e+04 5.423104e+04 5.422537e+04 5.419535e+04 5.411466e+04 5.395492e+04 5.369621e+04 5.333468e+04 5.065232e+04 4.813172e+04 4.636402e+04 4.518756e+04 4.442587e+04 4.397910e+04 4.386757e+04 4.470512e+04 4.645430e+04 4.912688e+04 5.278347e+04 5.751622e+04
5.379775e+04 5.379775e+04 5.379775e+04 5.379775e+04 5.379776e+04 5.379788e+04 5.379829e+04 5.379990e+04 5.380109e+04 5.380249e+04 5.380499e+04 5.380108e+04 5.377440e+04 5.369933e+04 5.354809e+04 5.330088e+04 5.295347e+04 5.035496e+04 4.790380e+04 4.618799e+04 4.505323e+04 4.432724e+04 4.391231e+04 4.385996e+04 4.476346e+04 4.659637e+04 4.937235e+04 5.314675e+04 5.800416e+04
5.339550e+04 5.339550e+04 5.339550e+04 5.339550e+04 5.339550e+04 5.339562e+04 5.339596e+04 5.339749e+04 5.339877e+04 5.340039e+04 5.340380e+04 5.340160e+04 5.337795e+04 5.330801e+04 5.316457e+04 5.292802e+04 5.259383e+04 5.007518e+04 4.769138e+04 4.602652e+04 4.493314e+04 4.424302e+04 4.386051e+04 4.386906e+04 4.483980e+04 4.675689e+04 4.963635e+04 5.352897e+04 5.851207e+04
5.301426e+04 5.301426e+04 5.301426e+04 5.301427e+04 5.301428e+04 5.301461e+04 5.301556e+04 5.301880e+04 5.302101e+04 5.302354e+04 5.302867e+04 5.302837e+04 5.300747e+04 5.294198e+04 5.280540e+04 5.257843e+04 5.225630e+04 4.981295e+04 4.749443e+04 4.587967e+04 4.482740e+04 4.417337e+04 4.382389e+04 4.389513e+04 4.493458e+04 4.693645e+04 4.991957e+04 5.393079e+04 5.904048e+04
5.266635e+04 5.266635e+04 5.266635e+04 5.266636e+04 5.266637e+04 5.266670e+04 5.266773e+04 5.267146e+04 5.267401e+04 5.267691e+04 5.268277e+04 5.268341e+04 5.266424e+04 5.260208e+04 5.247115e+04 5.225247e+04 5.194112e+04 4.956823e+04 4.731296e+04 4.574752e+04 4.473618e+04 4.411848e+04 4.380267e+04 4.393847e+04 4.504825e+04 4.713570e+04 5.022272e+04 5.435288e+04 5.958997e+04
5.235380e+04 5.235380e+04 5.235380e+04 5.235380e+04 5.235381e+04 5.235401e+04 5.235465e+04 5.235731e+04 5.235929e+04 5.236164e+04 5.236655e+04 5.236664e+04 5.234790e+04 5.228784e+04 5.216134e+04 5.194972e+04 5.164795e+04 4.934092e+04 4.714698e+04 4.563018e+04 4.465964e+04 4.407858e+04 4.379711e+04 4.399944e+04 4.518130e+04 4.735524e+04 5.054651e+04 5.479591e+04 6.016113e+04
5.206660e+04 5.206660e+04 5.206660e+04 5.206660e+04 5.206661e+04 5.206681e+04 5.206739e+04 5.206944e+04 5.207084e+04 5.207248e+04 5.207588e+04 5.207478e+04 5.205581e+04 5.199718e+04 5.187437e+04 5.166899e+04 5.137589e+04 4.913085e+04 4.699653e+04 4.552781e+04 4.459803e+04 4.405395e+04 4.380751e+04 4.407840e+04 4.533422e+04 4.759572e+04 5.089165e+04 5.526060e+04 6.075456e+04
5.180026e+04 5.180026e+04 5.180026e+04 5.180026e+04 5.180026e+04 5.180031e+04 5.180046e+04 5.180125e+04 5.180196e+04 5.180293e+04 5.180510e+04 5.180322e+04 5.178437e+04 5.172734e+04 5.160815e+04 5.140870e+04 5.112378e+04 4.893782e+04 4.686167e+04 4.544057e+04 4.455157e+04 4.404488e+04 4.383422e+04 4.417576e+04 4.550752e+04 4.785779e+04 5.125885e+04 5.574765e+04 6.137090e+04
5.154435e+04 5.154435e+04 5.154435e+04 5.154435e+04 5.154435e+04 5.154440e+04 5.154454e+04 5.154537e+04 5.154618e+04 5.154730e+04 5.154988e+04 5.154862e+04 5.153096e+04 5.147626e+04 5.136106e+04 5.116759e+04 5.089064e+04 4.876167e+04 4.674250e+04 4.536866e+04 4.452055e+04 4.405170e+04 4.387760e+04 4.429196e+04 4.570175e+04 4.814208e+04 5.164886e+04 5.625779e+04 6.201076e+04
5.129817e+04 5.129817e+04 5.129817e+04 5.129817e+04 5.129818e+04 5.129848e+04 5.129932e+04 5.130217e+04 5.130405e+04 5.130618e+04 5.131059e+04 5.131102e+04 5.129535e+04 5.124352e+04 5.113258e+04 5.094512e+04 5.067601e+04 4.860234e+04 4.663914e+04 4.531232e+04 4.450528e+04 4.407478e+04 4.393806e+04 4.442747e+04 4.591746e+04 4.844928e+04 5.206239e+04 5.679173e+04 6.267482e+04
5.107685e+04 5.107685e+04 5.107685e+04 5.107685e+04 5.107686e+04 5.107715e+04 5.107804e+04 5.108129e+04 5.108350e+04 5.108602e+04 5.109133e+04 5.109295e+04 5.107904e+04 5.102994e+04 5.092314e+04 5.074151e+04 5.047995e+04 4.845990e+04 4.655177e+04 4.527181e+04 4.450609e+04 4.411453e+04 4.401605e+04 4.458281e+04 4.615525e+04 4.878005e+04 5.250020e+04 5.735023e+04 6.336375e+04
5.088215e+04 5.088215e+04 5.088215e+04 5.088215e+04 5.088216e+04 5.088230e+04 5.088279e+04 5.088493e+04 5.088662e+04 5.088873e+04 5.089371e+04 5.089576e+04 5.088316e+04 5.083648e+04 5.073351e+04 5.055734e+04 5.030292e+04 4.833454e+04 4.648062e+04 4.524742e+04 4.452336e+04 4.417137e+04 4.411206e+04 4.475851e+04 4.641572e+04 4.913508e+04 5.296303e+04 5.793402e+04 6.407821e+04
5.070421e+04 5.070421e+04 5.070421e+04 5.070421e+04 5.070421e+04 5.070436e+04 5.070479e+04 5.070673e+04 5.070840e+04 5.071060e+04 5.071613e+04 5.071921e+04 5.070822e+04 5.066398e+04 5.056459e+04 5.039346e+04 5.014566e+04 4.822655e+04 4.642593e+04 4.523947e+04 4.455748e+04 4.424577e+04 4.422659e+04 4.495518e+04 4.669952e+04 4.951509e+04 5.345163e+04 5.854385e+04 6.481889e+04
5.053986e+04 5.053986e+04 5.053986e+04 5.053987e+04 5.053988e+04 5.054030e+04 5.054143e+04 5.054545e+04 5.054829e+04 5.055167e+04 5.055944e+04 5.056460e+04 5.055568e+04 5.051384e+04 5.041766e+04 5.025096e+04 5.000905e+04 4.813628e+04 4.638798e+04 4.524830e+04 4.460888e+04 4.433825e+04 4.436022e+04 4.517342e+04 4.700731e+04 4.992078e+04 5.396676e+04 5.918050e+04 6.558651e+04
5.040466e+04 5.040466e+04 5.040466e+04 5.040467e+04 5.040468e+04 5.040512e+04 5.040647e+04 5.041164e+04 5.041528e+04 5.041951e+04 5.042897e+04 5.043566e+04 5.042818e+04 5.038800e+04 5.029414e+04 5.013092e+04 4.989393e+04 4.806403e+04 4.636707e+04 4.527429e+04 4.467802e+04 4.444933e+04 4.451354e+04 4.541389e+04 4.733978e+04 5.035290e+04 5.450920e+04 5.984471e+04 6.638175e+04
5.030575e+04 5.030575e+04 5.030575e+04 5.030576e+04 5.030577e+04 5.030616e+04 5.030734e+04 5.031191e+04 5.031525e+04 5.031924e+04 5.032840e+04 5.033495e+04 5.032746e+04 5.028760e+04 5.019483e+04 5.003389e+04 4.980072e+04 4.801006e+04 4.636349e+04 4.531783e+04 4.476540e+04 4.457960e+04 4.468718e+04 4.567730e+04 4.769765e+04 5.081219e+04 5.507971e+04 6.053725e+04 6.720534e+04
5.023682e+04 5.023682e+04 5.023682e+04 5.023683e+04 5.023684e+04 5.023714e+04 5.023809e+04 5.024187e+04 5.024468e+04 5.024808e+04 5.025597e+04 5.026125e+04 5.025261e+04 5.021197e+04 5.011920e+04 4.995951e+04 4.972920e+04 4.797453e+04 4.637755e+04 4.537935e+04 4.487155e+04 4.472967e+04 4.488182e+04 4.596438e+04 4.808168e+04 5.129942e+04 5.567907e+04 6.125889e+04 6.805799e+04
5.019102e+04 5.019102e+04 5.019102e+04 5.019102e+04 5.019103e+04 5.019134e+04 5.019223e+04 5.019551e+04 5.019786e+04 5.020067e+04 5.020715e+04 5.021087e+04 5.020072e+04 5.015887e+04 5.006563e+04 4.990666e+04 4.967861e+04 4.795752e+04 4.640957e+04 4.545929e+04 4.499703e+04 4.490020e+04 4.509820e+04 4.627590e+04 4.849265e+04 5.181537e+04 5.630807e+04 6.201041e+04 6.894042e+04
5.016485e+04 5.016485e+04 5.016485e+04 5.016485e+04 5.016486e+04 5.016503e+04 5.016556e+04 5.016778e+04 5.016954e+04 5.017175e+04 5.017705e+04 5.017962e+04 5.016839e+04 5.012572e+04 5.003222e+04 4.987399e+04 4.964806e+04 4.795912e+04 4.645988e+04 4.555814e+04 4.514245e+04 4.509189e+04 4.533706e+04 4.661266e+04 4.893136e+04 5.236083e+04 5.696750e+04 6.279258e+04 6.985335e+04
5.014958e+04 5.014958e+04 5.014958e+04 5.014958e+04 5.014958e+04 5.014975e+04 5.015028e+04 5.015249e+04 5.015425e+04 5.015648e+04 5.016184e+04 5.016448e+04 5.015331e+04 5.011076e+04 5.001770e+04 4.986064e+04 4.963699e+04 4.797949e+04 4.652887e+04 4.567644e+04 4.530846e+04 4.530549e+04 4.559922e+04 4.697554e+04 4.939863e+04 5.293662e+04 5.765816e+04 6.360618e+04 7.079752e+04
5.014478e+04 5.014478e+04 5.014478e+04 5.014478e+04 5.014479e+04 5.014510e+04 5.014601e+04 5.014931e+04 5.015169e+04 5.015457e+04 5.016128e+04 5.016531e+04 5.015542e+04 5.011404e+04 5.002219e+04 4.986676e+04 4.964558e+04 4.801891e+04 4.661697e+04 4.581475e+04 4.549577e+04 4.554180e+04 4.588554e+04 4.736540e+04 4.989534e+04 5.354356e+04 5.838085e+04 6.445197e+04 7.177365e+04
