2.279222e+09 2.260738e+09 2.248499e+09 2.161840e+09 2.107764e+09 1.876540e+09 1.744630e+09 1.600781e+09 1.555769e+09 1.521341e+09 1.474576e+09 1.447650e+09 1.433079e+09 1.425875e+09 1.422772e+09 1.421822e+09 1.422013e+09 1.431991e+09 1.453850e+09 1.478955e+09 1.498134e+09 1.506660e+09 1.504050e+09 1.473486e+09 1.424080e+09 1.367676e+09 1.310182e+09 1.254321e+09 1.201268e+09
1.881537e+09 1.881556e+09 1.881600e+09 1.881328e+09 1.874320e+09 1.794490e+09 1.704115e+09 1.582596e+09 1.541919e+09 1.510443e+09 1.467523e+09 1.443028e+09 1.430121e+09 1.424096e+09 1.421836e+09 1.421493e+09 1.422121e+09 1.433022e+09 1.455035e+09 1.480060e+09 1.499056e+09 1.507353e+09 1.504511e+09 1.473548e+09 1.423870e+09 1.367299e+09 1.309710e+09 1.253799e+09 1.200726e+09
1.750582e+09 1.750586e+09 1.750596e+09 1.750694e+09 1.750118e+09 1.724615e+09 1.653415e+09 1.558656e+09 1.524544e+09 1.497262e+09 1.459411e+09 1.437890e+09 1.426919e+09 1.422216e+09 1.420878e+09 1.421183e+09 1.422270e+09 1.434106e+09 1.456257e+09 1.481189e+09 1.499991e+09 1.508053e+09 1.504972e+09 1.473605e+09 1.423653e+09 1.366915e+09 1.309231e+09 1.253272e+09 1.200180e+09
1.664484e+09 1.664486e+09 1.664491e+09 1.664560e+09 1.664490e+09 1.641718e+09 1.621174e+09 1.530941e+09 1.504119e+09 1.481955e+09 1.450286e+09 1.432264e+09 1.423494e+09 1.420251e+09 1.419909e+09 1.420901e+09 1.422466e+09 1.435243e+09 1.457516e+09 1.482342e+09 1.500940e+09 1.508758e+09 1.505433e+09 1.473658e+09 1.423430e+09 1.366524e+09 1.308746e+09 1.252740e+09 1.199629e+09
1.600575e+09 1.600576e+09 1.600579e+09 1.600627e+09 1.600648e+09 1.586729e+09 1.574213e+09 1.507858e+09 1.482873e+09 1.465279e+09 1.440298e+09 1.426204e+09 1.419873e+09 1.418220e+09 1.418941e+09 1.420655e+09 1.422715e+09 1.436435e+09 1.458812e+09 1.483517e+09 1.501902e+09 1.509469e+09 1.505895e+09 1.473704e+09 1.423199e+09 1.366125e+09 1.308254e+09 1.252202e+09 1.199074e+09
1.550621e+09 1.550622e+09 1.550624e+09 1.550661e+09 1.550705e+09 1.543427e+09 1.527576e+09 1.492947e+09 1.466410e+09 1.449160e+09 1.429817e+09 1.419820e+09 1.416103e+09 1.416145e+09 1.417987e+09 1.420453e+09 1.423022e+09 1.437680e+09 1.460145e+09 1.484716e+09 1.502876e+09 1.510185e+09 1.506357e+09 1.473745e+09 1.422961e+09 1.365720e+09 1.307756e+09 1.251658e+09 1.198513e+09
1.510503e+09 1.510503e+09 1.510505e+09 1.510534e+09 1.510584e+09 1.506910e+09 1.491111e+09 1.477061e+09 1.455759e+09 1.437410e+09 1.419562e+09 1.413315e+09 1.412258e+09 1.414061e+09 1.417066e+09 1.420305e+09 1.423393e+09 1.438980e+09 1.461513e+09 1.485937e+09 1.503862e+09 1.510906e+09 1.506818e+09 1.473781e+09 1.422716e+09 1.365308e+09 1.307251e+09 1.251108e+09 1.197947e+09
1.477820e+09 1.477820e+09 1.477821e+09 1.477846e+09 1.477897e+09 1.476121e+09 1.463241e+09 1.457769e+09 1.445586e+09 1.430015e+09 1.410772e+09 1.407035e+09 1.408460e+09 1.412017e+09 1.416201e+09 1.420224e+09 1.423834e+09 1.440335e+09 1.462916e+09 1.487179e+09 1.504860e+09 1.511631e+09 1.507278e+09 1.473810e+09 1.422463e+09 1.364888e+09 1.306740e+09 1.250553e+09 1.197377e+09
1.451031e+09 1.451031e+09 1.451032e+09 1.451055e+09 1.451105e+09 1.450377e+09 1.441050e+09 1.437178e+09 1.433695e+09 1.423639e+09 1.405370e+09 1.401509e+09 1.404899e+09 1.410092e+09 1.415426e+09 1.420225e+09 1.424352e+09 1.441743e+09 1.464354e+09 1.488442e+09 1.505869e+09 1.512360e+09 1.507738e+09 1.473833e+09 1.422202e+09 1.364460e+09 1.306222e+09 1.249991e+09 1.196801e+09
1.429078e+09 1.429078e+09 1.429079e+09 1.429099e+09 1.429148e+09 1.429032e+09 1.422805e+09 1.418031e+09 1.420354e+09 1.416607e+09 1.402718e+09 1.397553e+09 1.401844e+09 1.408396e+09 1.414791e+09 1.420332e+09 1.424960e+09 1.443204e+09 1.465825e+09 1.489725e+09 1.506888e+09 1.513092e+09 1.508195e+09 1.473850e+09 1.421934e+09 1.364025e+09 1.305697e+09 1.249424e+09 1.196221e+09
1.411194e+09 1.411194e+09 1.411195e+09 1.411213e+09 1.411259e+09 1.411513e+09 1.407672e+09 1.401903e+09 1.406938e+09 1.408582e+09 1.401294e+09 1.396201e+09 1.399678e+09 1.407083e+09 1.414365e+09 1.420577e+09 1.425673e+09 1.444717e+09 1.467329e+09 1.491028e+09 1.507917e+09 1.513827e+09 1.508651e+09 1.473859e+09 1.421658e+09 1.363583e+09 1.305166e+09 1.248852e+09 1.195635e+09
1.366124e+09 1.366124e+09 1.366125e+09 1.366139e+09 1.366179e+09 1.367029e+09 1.368150e+09 1.366619e+09 1.368861e+09 1.375728e+09 1.394015e+09 1.405627e+09 1.410986e+09 1.415037e+09 1.419918e+09 1.425993e+09 1.431855e+09 1.453063e+09 1.475289e+09 1.497796e+09 1.513182e+09 1.517523e+09 1.510883e+09 1.473796e+09 1.420151e+09 1.361252e+09 1.302404e+09 1.245898e+09 1.192632e+09
1.370381e+09 1.370382e+09 1.370382e+09 1.370393e+09 1.370427e+09 1.371298e+09 1.373316e+09 1.377231e+09 1.379070e+09 1.382696e+09 1.398263e+09 1.418699e+09 1.434407e+09 1.442836e+09 1.446294e+09 1.447589e+09 1.448536e+09 1.462930e+09 1.483886e+09 1.504892e+09 1.518574e+09 1.521200e+09 1.512998e+09 1.473523e+09 1.418421e+09 1.358715e+09 1.299463e+09 1.242791e+09 1.189500e+09
1.404801e+09 1.404801e+09 1.404801e+09 1.404810e+09 1.404838e+09 1.405620e+09 1.407664e+09 1.413370e+09 1.416162e+09 1.419049e+09 1.428025e+09 1.442877e+09 1.459226e+09 1.471554e+09 1.477821e+09 1.479142e+09 1.477722e+09 1.475453e+09 1.493097e+09 1.512199e+09 1.523988e+09 1.524777e+09 1.514933e+09 1.473003e+09 1.416446e+09 1.355961e+09 1.296336e+09 1.239528e+09 1.186236e+09
1.457972e+09 1.457972e+09 1.457973e+09 1.457980e+09 1.458004e+09 1.458671e+09 1.460487e+09 1.465648e+09 1.468068e+09 1.470085e+09 1.473977e+09 1.480451e+09 1.489980e+09 1.499712e+09 1.506566e+09 1.509266e+09 1.508351e+09 1.493670e+09 1.503200e+09 1.519657e+09 1.529333e+09 1.528173e+09 1.516625e+09 1.472200e+09 1.414206e+09 1.352976e+09 1.293015e+09 1.236104e+09 1.182838e+09
1.522016e+09 1.522016e+09 1.522016e+09 1.522022e+09 1.522036e+09 1.521929e+09 1.521637e+09 1.521911e+09 1.522282e+09 1.522556e+09 1.522556e+09 1.522944e+09 1.525253e+09 1.529224e+09 1.533169e+09 1.535419e+09 1.535221e+09 1.516816e+09 1.515017e+09 1.527342e+09 1.534552e+09 1.531319e+09 1.518013e+09 1.471078e+09 1.411679e+09 1.349750e+09 1.289494e+09 1.232514e+09 1.179303e+09
1.561211e+09 1.561211e+09 1.561211e+09 1.561214e+09 1.561224e+09 1.561513e+09 1.562253e+09 1.563945e+09 1.564591e+09 1.564967e+09 1.564505e+09 1.562584e+09 1.560491e+09 1.559318e+09 1.559061e+09 1.558946e+09 1.558124e+09 1.540553e+09 1.530179e+09 1.535532e+09 1.539659e+09 1.534170e+09 1.519047e+09 1.469602e+09 1.408846e+09 1.346270e+09 1.285766e+09 1.228755e+09 1.175629e+09
1.596114e+09 1.596114e+09 1.596114e+09 1.596116e+09 1.596123e+09 1.596320e+09 1.596843e+09 1.598394e+09 1.599167e+09 1.599736e+09 1.599598e+09 1.597170e+09 1.592987e+09 1.588369e+09 1.584329e+09 1.581129e+09 1.578479e+09 1.562192e+09 1.547621e+09 1.544843e+09 1.544760e+09 1.536718e+09 1.519693e+09 1.467743e+09 1.405689e+09 1.342526e+09 1.281825e+09 1.224824e+09 1.171814e+09
1.627770e+09 1.627770e+09 1.627770e+09 1.627772e+09 1.627777e+09 1.627913e+09 1.628259e+09 1.629233e+09 1.629711e+09 1.630042e+09 1.629636e+09 1.626911e+09 1.621730e+09 1.615072e+09 1.608253e+09 1.602208e+09 1.597272e+09 1.580560e+09 1.565287e+09 1.556179e+09 1.550097e+09 1.539007e+09 1.519941e+09 1.465475e+09 1.402192e+09 1.338509e+09 1.277665e+09 1.220716e+09 1.167857e+09
1.654315e+09 1.654315e+09 1.654315e+09 1.654316e+09 1.654320e+09 1.654412e+09 1.654632e+09 1.655187e+09 1.655412e+09 1.655495e+09 1.654712e+09 1.651756e+09 1.646148e+09 1.638456e+09 1.629910e+09 1.621731e+09 1.614698e+09 1.595617e+09 1.581759e+09 1.568575e+09 1.556150e+09 1.541146e+09 1.519809e+09 1.462785e+09 1.398341e+09 1.334210e+09 1.273283e+09 1.216431e+09 1.163756e+09
1.675243e+09 1.675243e+09 1.675243e+09 1.675244e+09 1.675246e+09 1.675304e+09 1.675434e+09 1.675703e+09 1.675757e+09 1.675671e+09 1.674628e+09 1.671584e+09 1.665929e+09 1.657915e+09 1.648547e+09 1.639066e+09 1.630481e+09 1.607886e+09 1.596150e+09 1.580923e+09 1.563359e+09 1.543336e+09 1.519353e+09 1.459668e+09 1.394127e+09 1.329624e+09 1.268673e+09 1.211966e+09 1.159510e+09
1.690671e+09 1.690671e+09 1.690671e+09 1.690672e+09 1.690673e+09 1.690711e+09 1.690790e+09 1.690904e+09 1.690867e+09 1.690692e+09 1.689538e+09 1.686553e+09 1.681105e+09 1.673249e+09 1.663747e+09 1.653720e+09 1.644234e+09 1.617988e+09 1.608072e+09 1.592402e+09 1.570968e+09 1.545962e+09 1.518675e+09 1.456131e+09 1.389548e+09 1.324746e+09 1.263834e+09 1.207318e+09 1.155117e+09
1.701286e+09 1.701286e+09 1.701286e+09 1.701287e+09 1.701288e+09 1.701314e+09 1.701360e+09 1.701385e+09 1.701301e+09 1.701086e+09 1.699916e+09 1.697085e+09 1.691992e+09 1.684585e+09 1.675419e+09 1.665443e+09 1.655660e+09 1.626420e+09 1.617523e+09 1.602414e+09 1.578321e+09 1.549167e+09 1.517944e+09 1.452197e+09 1.384604e+09 1.319576e+09 1.258765e+09 1.202489e+09 1.150579e+09
1.707829e+09 1.707829e+09 1.707829e+09 1.707829e+09 1.707830e+09 1.707851e+09 1.707885e+09 1.707864e+09 1.707752e+09 1.707515e+09 1.706361e+09 1.703716e+09 1.699043e+09 1.692240e+09 1.683705e+09 1.674204e+09 1.664618e+09 1.633490e+09 1.624728e+09 1.610591e+09 1.584901e+09 1.552407e+09 1.517464e+09 1.447904e+09 1.379303e+09 1.314113e+09 1.253465e+09 1.197477e+09 1.145896e+09
1.711093e+09 1.711093e+09 1.711093e+09 1.711093e+09 1.711093e+09 1.711099e+09 1.711096e+09 1.710979e+09 1.710820e+09 1.710548e+09 1.709400e+09 1.706945e+09 1.702718e+09 1.696598e+09 1.688868e+09 1.680126e+09 1.671106e+09 1.639357e+09 1.630005e+09 1.616769e+09 1.590309e+09 1.555267e+09 1.517217e+09 1.443313e+09 1.373660e+09 1.308364e+09 1.247937e+09 1.192283e+09 1.141067e+09
1.711175e+09 1.711175e+09 1.711175e+09 1.711175e+09 1.711175e+09 1.711177e+09 1.711162e+09 1.711001e+09 1.710821e+09 1.710535e+09 1.709429e+09 1.707193e+09 1.703437e+09 1.698048e+09 1.691226e+09 1.683424e+09 1.675227e+09 1.644079e+09 1.633662e+09 1.620944e+09 1.594258e+09 1.557411e+09 1.516823e+09 1.438507e+09 1.367697e+09 1.302335e+09 1.242183e+09 1.186911e+09 1.136094e+09
1.708484e+09 1.708484e+09 1.708484e+09 1.708484e+09 1.708484e+09 1.708485e+09 1.708467e+09 1.708306e+09 1.708130e+09 1.707858e+09 1.706843e+09 1.704862e+09 1.701604e+09 1.696974e+09 1.691114e+09 1.684359e+09 1.677154e+09 1.647659e+09 1.635953e+09 1.623214e+09 1.596573e+09 1.558572e+09 1.516014e+09 1.433612e+09 1.361445e+09 1.296039e+09 1.236210e+09 1.181362e+09 1.130979e+09
1.703584e+09 1.703584e+09 1.703584e+09 1.703584e+09 1.703584e+09 1.703583e+09 1.703564e+09 1.703407e+09 1.703243e+09 1.702991e+09 1.702082e+09 1.700368e+09 1.697614e+09 1.693748e+09 1.688869e+09 1.683211e+09 1.677094e+09 1.650078e+09 1.637052e+09 1.623735e+09 1.597176e+09 1.558545e+09 1.514569e+09 1.428807e+09 1.354944e+09 1.289491e+09 1.230024e+09 1.175640e+09 1.125725e+09
1.696923e+09 1.696923e+09 1.696923e+09 1.696923e+09 1.696923e+09 1.696920e+09 1.696899e+09 1.696747e+09 1.696591e+09 1.696357e+09 1.695548e+09 1.694093e+09 1.691831e+09 1.688714e+09 1.684805e+09 1.680252e+09 1.675262e+09 1.651305e+09 1.637065e+09 1.622672e+09 1.596068e+09 1.557190e+09 1.512311e+09 1.423956e+09 1.348245e+09 1.282709e+09 1.223634e+09 1.169751e+09 1.120335e+09
1.688844e+09 1.688844e+09 1.688844e+09 1.688844e+09 1.688844e+09 1.688840e+09 1.688815e+09 1.688660e+09 1.688509e+09 1.688289e+09 1.687566e+09 1.686352e+09 1.684558e+09 1.682162e+09 1.679194e+09 1.675726e+09 1.671859e+09 1.651313e+09 1.636036e+09 1.620178e+09 1.593308e+09 1.554430e+09 1.509102e+09 1.418894e+09 1.341416e+09 1.275719e+09 1.217053e+09 1.163700e+09 1.114812e+09
1.679574e+09 1.679574e+09 1.679574e+09 1.679574e+09 1.679574e+09 1.679569e+09 1.679543e+09 1.679385e+09 1.679236e+09 1.679025e+09 1.678377e+09 1.677385e+09 1.676034e+09 1.674327e+09 1.672261e+09 1.669835e+09 1.667060e+09 1.650072e+09 1.633964e+09 1.616379e+09 1.588987e+09 1.550238e+09 1.504842e+09 1.413502e+09 1.334562e+09 1.268549e+09 1.210293e+09 1.157496e+09 1.109161e+09
1.669286e+09 1.669286e+09 1.669286e+09 1.669286e+09 1.669286e+09 1.669279e+09 1.669250e+09 1.669087e+09 1.668939e+09 1.668736e+09 1.668157e+09 1.667375e+09 1.666445e+09 1.665392e+09 1.664181e+09 1.662742e+09 1.661001e+09 1.647551e+09 1.630820e+09 1.611370e+09 1.583215e+09 1.544636e+09 1.499472e+09 1.407683e+09 1.327744e+09 1.261234e+09 1.203371e+09 1.151147e+09 1.103388e+09
1.658097e+09 1.658097e+09 1.658097e+09 1.658097e+09 1.658097e+09 1.658090e+09 1.658060e+09 1.657898e+09 1.657753e+09 1.657561e+09 1.657048e+09 1.656465e+09 1.655935e+09 1.655497e+09 1.655086e+09 1.654565e+09 1.653784e+09 1.643720e+09 1.626559e+09 1.605219e+09 1.576106e+09 1.537676e+09 1.492969e+09 1.401360e+09 1.320855e+09 1.253814e+09 1.196305e+09 1.144662e+09 1.097497e+09
1.646145e+09 1.646145e+09 1.646145e+09 1.646145e+09 1.646145e+09 1.646138e+09 1.646107e+09 1.645946e+09 1.645805e+09 1.645620e+09 1.645170e+09 1.644774e+09 1.644616e+09 1.644748e+09 1.645070e+09 1.645385e+09 1.645476e+09 1.638549e+09 1.621130e+09 1.597969e+09 1.567769e+09 1.529437e+09 1.485340e+09 1.394473e+09 1.313818e+09 1.246345e+09 1.189115e+09 1.138054e+09 1.091496e+09
1.633539e+09 1.633539e+09 1.633539e+09 1.633539e+09 1.633538e+09 1.633530e+09 1.633498e+09 1.633334e+09 1.633194e+09 1.633016e+09 1.632619e+09 1.632392e+09 1.632571e+09 1.633217e+09 1.634196e+09 1.635255e+09 1.636116e+09 1.632013e+09 1.614487e+09 1.589649e+09 1.558304e+09 1.520009e+09 1.476619e+09 1.386976e+09 1.306579e+09 1.238905e+09 1.181827e+09 1.131334e+09 1.085392e+09
1.620347e+09 1.620347e+09 1.620347e+09 1.620347e+09 1.620347e+09 1.620338e+09 1.620303e+09 1.620133e+09 1.619992e+09 1.619816e+09 1.619463e+09 1.619381e+09 1.619855e+09 1.620950e+09 1.622500e+09 1.624201e+09 1.625726e+09 1.624100e+09 1.606598e+09 1.580283e+09 1.547803e+09 1.509493e+09 1.466863e+09 1.378844e+09 1.299092e+09 1.231487e+09 1.174466e+09 1.124516e+09 1.079194e+09
1.606598e+09 1.606598e+09 1.606598e+09 1.606598e+09 1.606598e+09 1.606588e+09 1.606552e+09 1.606379e+09 1.606236e+09 1.606062e+09 1.605742e+09 1.605781e+09 1.606503e+09 1.607975e+09 1.610003e+09 1.612241e+09 1.614321e+09 1.614811e+09 1.597447e+09 1.569890e+09 1.536346e+09 1.497990e+09 1.456139e+09 1.370064e+09 1.291320e+09 1.224026e+09 1.167067e+09 1.117617e+09 1.072910e+09
1.592337e+09 1.592337e+09 1.592337e+09 1.592337e+09 1.592337e+09 1.592325e+09 1.592285e+09 1.592102e+09 1.591955e+09 1.591779e+09 1.591483e+09 1.591618e+09 1.592539e+09 1.594315e+09 1.596729e+09 1.599399e+09 1.601926e+09 1.604170e+09 1.587039e+09 1.558494e+09 1.524009e+09 1.485599e+09 1.444529e+09 1.360640e+09 1.283237e+09 1.216486e+09 1.159674e+09 1.110652e+09 1.066551e+09
1.577540e+09 1.577540e+09 1.577540e+09 1.577540e+09 1.577539e+09 1.577528e+09 1.577486e+09 1.577299e+09 1.577150e+09 1.576976e+09 1.576702e+09 1.576914e+09 1.577989e+09 1.580000e+09 1.582707e+09 1.585708e+09 1.588577e+09 1.592226e+09 1.575400e+09 1.546128e+09 1.510860e+09 1.472414e+09 1.432118e+09 1.350586e+09 1.274822e+09 1.208837e+09 1.152336e+09 1.103642e+09 1.060126e+09
1.562229e+09 1.562229e+09 1.562229e+09 1.562229e+09 1.562229e+09 1.562217e+09 1.562177e+09 1.561994e+09 1.561849e+09 1.561680e+09 1.561430e+09 1.561702e+09 1.562892e+09 1.565069e+09 1.567986e+09 1.571220e+09 1.574333e+09 1.579047e+09 1.562581e+09 1.532833e+09 1.496963e+09 1.458526e+09 1.418993e+09 1.339931e+09 1.266061e+09 1.201056e+09 1.145016e+09 1.096607e+09 1.053647e+09
1.546486e+09 1.546486e+09 1.546486e+09 1.546486e+09 1.546486e+09 1.546474e+09 1.546434e+09 1.546254e+09 1.546111e+09 1.545947e+09 1.545717e+09 1.546032e+09 1.547296e+09 1.549578e+09 1.552622e+09 1.556000e+09 1.559264e+09 1.564724e+09 1.548649e+09 1.518658e+09 1.482381e+09 1.444018e+09 1.405240e+09 1.328710e+09 1.256950e+09 1.193124e+09 1.137684e+09 1.089574e+09 1.047127e+09
1.530359e+09 1.530359e+09 1.530359e+09 1.530359e+09 1.530358e+09 1.530347e+09 1.530306e+09 1.530129e+09 1.529990e+09 1.529830e+09 1.529615e+09 1.529956e+09 1.531257e+09 1.533586e+09 1.536685e+09 1.540124e+09 1.543454e+09 1.549363e+09 1.533687e+09 1.503663e+09 1.467178e+09 1.428969e+09 1.390941e+09 1.316968e+09 1.247489e+09 1.185028e+09 1.130319e+09 1.082582e+09 1.040579e+09
1.513891e+09 1.513891e+09 1.513891e+09 1.513890e+09 1.513890e+09 1.513879e+09 1.513840e+09 1.513669e+09 1.513534e+09 1.513380e+09 1.513176e+09 1.513527e+09 1.514832e+09 1.517157e+09 1.520246e+09 1.523672e+09 1.526995e+09 1.533077e+09 1.517791e+09 1.487916e+09 1.451412e+09 1.413450e+09 1.376177e+09 1.304751e+09 1.237685e+09 1.176756e+09 1.122903e+09 1.075643e+09 1.034018e+09
1.497147e+09 1.497147e+09 1.497147e+09 1.497146e+09 1.497146e+09 1.497135e+09 1.497096e+09 1.496927e+09 1.496796e+09 1.496646e+09 1.496450e+09 1.496797e+09 1.498078e+09 1.500355e+09 1.503378e+09 1.506729e+09 1.509979e+09 1.515987e+09 1.501065e+09 1.471489e+09 1.435147e+09 1.397528e+09 1.361020e+09 1.292112e+09 1.227551e+09 1.168302e+09 1.115423e+09 1.068729e+09 1.027462e+09
1.480155e+09 1.480155e+09 1.480155e+09 1.480155e+09 1.480155e+09 1.480144e+09 1.480107e+09 1.479945e+09 1.479819e+09 1.479675e+09 1.479485e+09 1.479818e+09 1.481050e+09 1.483244e+09 1.486153e+09 1.489377e+09 1.492499e+09 1.498215e+09 1.483615e+09 1.454460e+09 1.418442e+09 1.381266e+09 1.345538e+09 1.279104e+09 1.217104e+09 1.159661e+09 1.107869e+09 1.061821e+09 1.020932e+09
1.462974e+09 1.462974e+09 1.462974e+09 1.462974e+09 1.462974e+09 1.462964e+09 1.462929e+09 1.462775e+09 1.462654e+09 1.462515e+09 1.462329e+09 1.462638e+09 1.463804e+09 1.465883e+09 1.468642e+09 1.471694e+09 1.474642e+09 1.479876e+09 1.465548e+09 1.436908e+09 1.401358e+09 1.364722e+09 1.329796e+09 1.265780e+09 1.206366e+09 1.150834e+09 1.100233e+09 1.054907e+09 1.014457e+09
1.445663e+09 1.445663e+09 1.445663e+09 1.445663e+09 1.445662e+09 1.445652e+09 1.445617e+09 1.445467e+09 1.445350e+09 1.445215e+09 1.445028e+09 1.445305e+09 1.446388e+09 1.448331e+09 1.450908e+09 1.453754e+09 1.456492e+09 1.461083e+09 1.446969e+09 1.418910e+09 1.383953e+09 1.347949e+09 1.313848e+09 1.252192e+09 1.195361e+09 1.141823e+09 1.092508e+09 1.047977e+09 1.008029e+09
1.428239e+09 1.428239e+09 1.428239e+09 1.428239e+09 1.428239e+09 1.428229e+09 1.428196e+09 1.428052e+09 1.427939e+09 1.427808e+09 1.427619e+09 1.427859e+09 1.428849e+09 1.430637e+09 1.433011e+09 1.435624e+09 1.438123e+09 1.441936e+09 1.427976e+09 1.400545e+09 1.366284e+09 1.330997e+09 1.297748e+09 1.238390e+09 1.184117e+09 1.132634e+09 1.084689e+09 1.041022e+09 1.001629e+09
1.410745e+09 1.410745e+09 1.410745e+09 1.410745e+09 1.410744e+09 1.410735e+09 1.410703e+09 1.410565e+09 1.410457e+09 1.410330e+09 1.410139e+09 1.410338e+09 1.411227e+09 1.412849e+09 1.415002e+09 1.417363e+09 1.419602e+09 1.422529e+09 1.408663e+09 1.381885e+09 1.348406e+09 1.313912e+09 1.281542e+09 1.224421e+09 1.172662e+09 1.123274e+09 1.076774e+09 1.034036e+09 9.952475e+08
1.393216e+09 1.393216e+09 1.393216e+09 1.393216e+09 1.393216e+09 1.393206e+09 1.393175e+09 1.393041e+09 1.392937e+09 1.392814e+09 1.392619e+09 1.392775e+09 1.393559e+09 1.395007e+09 1.396929e+09 1.399024e+09 1.400988e+09 1.402943e+09 1.389113e+09 1.363001e+09 1.330371e+09 1.296737e+09 1.265271e+09 1.210331e+09 1.161026e+09 1.113755e+09 1.068762e+09 1.027013e+09 9.888750e+08
1.375676e+09 1.375676e+09 1.375676e+09 1.375676e+09 1.375676e+09 1.375667e+09 1.375636e+09 1.375509e+09 1.375409e+09 1.375290e+09 1.375092e+09 1.375205e+09 1.375880e+09 1.377149e+09 1.378833e+09 1.380653e+09 1.382331e+09 1.383249e+09 1.369403e+09 1.343957e+09 1.312227e+09 1.279510e+09 1.248975e+09 1.196159e+09 1.149239e+09 1.104088e+09 1.060654e+09 1.019950e+09 9.825051e+08
1.358152e+09 1.358152e+09 1.358152e+09 1.358152e+09 1.358151e+09 1.358143e+09 1.358116e+09 1.357996e+09 1.357902e+09 1.357789e+09 1.357588e+09 1.357656e+09 1.358221e+09 1.359308e+09 1.360750e+09 1.362289e+09 1.363673e+09 1.363509e+09 1.349600e+09 1.324813e+09 1.294021e+09 1.262268e+09 1.232687e+09 1.181943e+09 1.137330e+09 1.094288e+09 1.052451e+09 1.012842e+09 9.761323e+08
1.340691e+09 1.340691e+09 1.340691e+09 1.340690e+09 1.340690e+09 1.340683e+09 1.340656e+09 1.340543e+09 1.340453e+09 1.340344e+09 1.340138e+09 1.340159e+09 1.340611e+09 1.341512e+09 1.342709e+09 1.343965e+09 1.345051e+09 1.343774e+09 1.329764e+09 1.305623e+09 1.275793e+09 1.245044e+09 1.216436e+09 1.167717e+09 1.125328e+09 1.084369e+09 1.044158e+09 1.005688e+09 9.697522e+08
1.323318e+09 1.323318e+09 1.323318e+09 1.323318e+09 1.323318e+09 1.323310e+09 1.323284e+09 1.323174e+09 1.323086e+09 1.322979e+09 1.322765e+09 1.322735e+09 1.323071e+09 1.323784e+09 1.324733e+09 1.325704e+09 1.326493e+09 1.324089e+09 1.309947e+09 1.286436e+09 1.257584e+09 1.227868e+09 1.200250e+09 1.153511e+09 1.113261e+09 1.074348e+09 1.035779e+09 9.984861e+08 9.633610e+08
1.306039e+09 1.306039e+09 1.306039e+09 1.306039e+09 1.306039e+09 1.306031e+09 1.306006e+09 1.305897e+09 1.305811e+09 1.305705e+09 1.305478e+09 1.305395e+09 1.305612e+09 1.306137e+09 1.306839e+09 1.307526e+09 1.308019e+09 1.304490e+09 1.290195e+09 1.267296e+09 1.239428e+09 1.210768e+09 1.184153e+09 1.139353e+09 1.101156e+09 1.064241e+09 1.027321e+09 9.912368e+08 9.569556e+08
1.288852e+09 1.288852e+09 1.288852e+09 1.288851e+09 1.288851e+09 1.288844e+09 1.288819e+09 1.288712e+09 1.288628e+09 1.288521e+09 1.288280e+09 1.288141e+09 1.288239e+09 1.288576e+09 1.289034e+09 1.289442e+09 1.289644e+09 1.285007e+09 1.270547e+09 1.248240e+09 1.221357e+09 1.193767e+09 1.168166e+09 1.125267e+09 1.089038e+09 1.054065e+09 1.018790e+09 9.839405e+08 9.505336e+08
1.271755e+09 1.271755e+09 1.271755e+09 1.271755e+09 1.271754e+09 1.271747e+09 1.271721e+09 1.271614e+09 1.271529e+09 1.271421e+09 1.271164e+09 1.270968e+09 1.270948e+09 1.271102e+09 1.271322e+09 1.271459e+09 1.271378e+09 1.265664e+09 1.251035e+09 1.229304e+09 1.203401e+09 1.176888e+09 1.152307e+09 1.111273e+09 1.076928e+09 1.043837e+09 1.010195e+09 9.765985e+08 9.440932e+08
1.254729e+09 1.254729e+09 1.254729e+09 1.254729e+09 1.254728e+09 1.254720e+09 1.254695e+09 1.254587e+09 1.254501e+09 1.254390e+09 1.254117e+09 1.253867e+09 1.253733e+09 1.253711e+09 1.253703e+09 1.253580e+09 1.253229e+09 1.246484e+09 1.231689e+09 1.210517e+09 1.185584e+09 1.160151e+09 1.136594e+09 1.097389e+09 1.064849e+09 1.033573e+09 1.001543e+09 9.692133e+08 9.376333e+08
1.237753e+09 1.237753e+09 1.237753e+09 1.237753e+09 1.237753e+09 1.237745e+09 1.237719e+09 1.237611e+09 1.237525e+09 1.237414e+09 1.237127e+09 1.236826e+09 1.236587e+09 1.236399e+09 1.236176e+09 1.235809e+09 1.235203e+09 1.227483e+09 1.212534e+09 1.191907e+09 1.167930e+09 1.143575e+09 1.121040e+09 1.083633e+09 1.052820e+09 1.023290e+09 9.928454e+08 9.617876e+08 9.311533e+08
1.220815e+09 1.220815e+09 1.220815e+09 1.220815e+09 1.220815e+09 1.220807e+09 1.220782e+09 1.220677e+09 1.220592e+09 1.220482e+09 1.220187e+09 1.219842e+09 1.219507e+09 1.219167e+09 1.218745e+09 1.218150e+09 1.217306e+09 1.208678e+09 1.193590e+09 1.173495e+09 1.150459e+09 1.127174e+09 1.105659e+09 1.070017e+09 1.040858e+09 1.013004e+09 9.841103e+08 9.543252e+08 9.246529e+08
1.203924e+09 1.203924e+09 1.203924e+09 1.203924e+09 1.203924e+09 1.203916e+09 1.203891e+09 1.203789e+09 1.203708e+09 1.203600e+09 1.203299e+09 1.202919e+09 1.202498e+09 1.202019e+09 1.201415e+09 1.200610e+09 1.199548e+09 1.190083e+09 1.174878e+09 1.155302e+09 1.133190e+09 1.110964e+09 1.090461e+09 1.056554e+09 1.028979e+09 1.002729e+09 9.753478e+08 9.468301e+08 9.181327e+08
1.187090e+09 1.187090e+09 1.187090e+09 1.187090e+09 1.187089e+09 1.187082e+09 1.187060e+09 1.186963e+09 1.186885e+09 1.186781e+09 1.186479e+09 1.186067e+09 1.185570e+09 1.184966e+09 1.184197e+09 1.183200e+09 1.181938e+09 1.171712e+09 1.156412e+09 1.137345e+09 1.116137e+09 1.094955e+09 1.075456e+09 1.043252e+09 1.017197e+09 9.924806e+08 9.665678e+08 9.393070e+08 9.115935e+08
1.170342e+09 1.170342e+09 1.170342e+09 1.170342e+09 1.170342e+09 1.170335e+09 1.170313e+09 1.170221e+09 1.170147e+09 1.170046e+09 1.169743e+09 1.169305e+09 1.168740e+09 1.168024e+09 1.167104e+09 1.165934e+09 1.164491e+09 1.153576e+09 1.138207e+09 1.119640e+09 1.099314e+09 1.079161e+09 1.060653e+09 1.030121e+09 1.005524e+09 9.822708e+08 9.577801e+08 9.317609e+08 9.050367e+08
1.153698e+09 1.153698e+09 1.153698e+09 1.153698e+09 1.153698e+09 1.153691e+09 1.153670e+09 1.153582e+09 1.153511e+09 1.153413e+09 1.153110e+09 1.152650e+09 1.152025e+09 1.151207e+09 1.150152e+09 1.148826e+09 1.147219e+09 1.135689e+09 1.120275e+09 1.102199e+09 1.082734e+09 1.063588e+09 1.046058e+09 1.017167e+09 9.939703e+08 9.721123e+08 9.489945e+08 9.241974e+08 8.984640e+08
1.137170e+09 1.137170e+09 1.137170e+09 1.137170e+09 1.137169e+09 1.137163e+09 1.137144e+09 1.137062e+09 1.136994e+09 1.136900e+09 1.136599e+09 1.136119e+09 1.135441e+09 1.134533e+09 1.133357e+09 1.131890e+09 1.130137e+09 1.118061e+09 1.102628e+09 1.085033e+09 1.066406e+09 1.048247e+09 1.031678e+09 1.004396e+09 9.825457e+08 9.620166e+08 9.402206e+08 9.166219e+08 8.918775e+08
1.120782e+09 1.120782e+09 1.120782e+09 1.120782e+09 1.120782e+09 1.120776e+09 1.120757e+09 1.120678e+09 1.120614e+09 1.120524e+09 1.120227e+09 1.119731e+09 1.119007e+09 1.118019e+09 1.116735e+09 1.115144e+09 1.113259e+09 1.100702e+09 1.085273e+09 1.068151e+09 1.050339e+09 1.033143e+09 1.017517e+09 9.918126e+08 9.712579e+08 9.519938e+08 9.314676e+08 9.090404e+08 8.852797e+08
1.104545e+09 1.104545e+09 1.104545e+09 1.104545e+09 1.104545e+09 1.104540e+09 1.104523e+09 1.104451e+09 1.104392e+09 1.104306e+09 1.104014e+09 1.103507e+09 1.102743e+09 1.101684e+09 1.100304e+09 1.098602e+09 1.096601e+09 1.083622e+09 1.068218e+09 1.051560e+09 1.034539e+09 1.018282e+09 1.003580e+09 9.794200e+08 9.601136e+08 9.420534e+08 9.227443e+08 9.014588e+08 8.786734e+08
1.088494e+09 1.088494e+09 1.088494e+09 1.088494e+09 1.088494e+09 1.088489e+09 1.088473e+09 1.088406e+09 1.088350e+09 1.088269e+09 1.087982e+09 1.087465e+09 1.086666e+09 1.085545e+09 1.084080e+09 1.082278e+09 1.080175e+09 1.066829e+09 1.051471e+09 1.035267e+09 1.019013e+09 1.003668e+09 9.898697e+08 9.672209e+08 9.491184e+08 9.322038e+08 9.140590e+08 8.938830e+08 8.720616e+08
1.072642e+09 1.072642e+09 1.072642e+09 1.072642e+09 1.072642e+09 1.072637e+09 1.072622e+09 1.072560e+09 1.072508e+09 1.072431e+09 1.072149e+09 1.071623e+09 1.070794e+09 1.069618e+09 1.068077e+09 1.066188e+09 1.063993e+09 1.050330e+09 1.035035e+09 1.019276e+09 1.003764e+09 9.893059e+08 9.763885e+08 9.552173e+08 9.382766e+08 9.224524e+08 9.054198e+08 8.863190e+08 8.654476e+08
1.057005e+09 1.057005e+09 1.057005e+09 1.057005e+09 1.057005e+09 1.057001e+09 1.056988e+09 1.056930e+09 1.056882e+09 1.056808e+09 1.056531e+09 1.055999e+09 1.055142e+09 1.053917e+09 1.052309e+09 1.050343e+09 1.048067e+09 1.034131e+09 1.018915e+09 1.003590e+09 9.887961e+08 9.751974e+08 9.631384e+08 9.434105e+08 9.275921e+08 9.128059e+08 8.968341e+08 8.787728e+08 8.588347e+08
1.041601e+09 1.041601e+09 1.041601e+09 1.041601e+09 1.041601e+09 1.041597e+09 1.041584e+09 1.041530e+09 1.041484e+09 1.041414e+09 1.041142e+09 1.040604e+09 1.039723e+09 1.038455e+09 1.036788e+09 1.034752e+09 1.032406e+09 1.018237e+09 1.003112e+09 9.882121e+08 9.741114e+08 9.613446e+08 9.501204e+08 9.318009e+08 9.170675e+08 9.032699e+08 8.883087e+08 8.712501e+08 8.522265e+08
1.026433e+09 1.026433e+09 1.026433e+09 1.026433e+09 1.026433e+09 1.026429e+09 1.026418e+09 1.026369e+09 1.026326e+09 1.026259e+09 1.025991e+09 1.025449e+09 1.024548e+09 1.023241e+09 1.021521e+09 1.019425e+09 1.017016e+09 1.002651e+09 9.876289e+08 9.731421e+08 9.597109e+08 9.477484e+08 9.373350e+08 9.203887e+08 9.067049e+08 8.938495e+08 8.798500e+08 8.637565e+08 8.456266e+08
1.011517e+09 1.011517e+09 1.011517e+09 1.011517e+09 1.011517e+09 1.011514e+09 1.011503e+09 1.011456e+09 1.011416e+09 1.011352e+09 1.011089e+09 1.010542e+09 1.009623e+09 1.008283e+09 1.006517e+09 1.004368e+09 1.001905e+09 9.873749e+08 9.724648e+08 9.583807e+08 9.455949e+08 9.344093e+08 9.247822e+08 9.091736e+08 8.965057e+08 8.845487e+08 8.714639e+08 8.562973e+08 8.390388e+08
9.968519e+08 9.968519e+08 9.968519e+08 9.968519e+08 9.968518e+08 9.968489e+08 9.968393e+08 9.967972e+08 9.967598e+08 9.966990e+08 9.964406e+08 9.958918e+08 9.949575e+08 9.935874e+08 9.917814e+08 9.895853e+08 9.870748e+08 9.724092e+08 9.576195e+08 9.439267e+08 9.317629e+08 9.213267e+08 9.124614e+08 8.981548e+08 8.864708e+08 8.753712e+08 8.631555e+08 8.488779e+08 8.324668e+08
9.824534e+08 9.824534e+08 9.824534e+08 9.824533e+08 9.824532e+08 9.824503e+08 9.824408e+08 9.824007e+08 9.823654e+08 9.823073e+08 9.820533e+08 9.815028e+08 9.805553e+08 9.791596e+08 9.773182e+08 9.750815e+08 9.725299e+08 9.577541e+08 9.430912e+08 9.297787e+08 9.182137e+08 9.084998e+08 9.003717e+08 8.873313e+08 8.766004e+08 8.663197e+08 8.549296e+08 8.415030e+08 8.259142e+08
9.683155e+08 9.683155e+08 9.683155e+08 9.683154e+08 9.683154e+08 9.683129e+08 9.683048e+08 9.682689e+08 9.682361e+08 9.681808e+08 9.679314e+08 9.673797e+08 9.664210e+08 9.650030e+08 9.631306e+08 9.608587e+08 9.582717e+08 9.434085e+08 9.288776e+08 9.159341e+08 9.049453e+08 8.959272e+08 8.885117e+08 8.767015e+08 8.668945e+08 8.573965e+08 8.467905e+08 8.341773e+08 8.193848e+08
9.544528e+08 9.544528e+08 9.544528e+08 9.544527e+08 9.544527e+08 9.544502e+08 9.544421e+08 9.544078e+08 9.543768e+08 9.543236e+08 9.540783e+08 9.535258e+08 9.525573e+08 9.511198e+08 9.492206e+08 9.469180e+08 9.443007e+08 9.293702e+08 9.149755e+08 9.023898e+08 8.919552e+08 8.836067e+08 8.768795e+08 8.662638e+08 8.573525e+08 8.486034e+08 8.387417e+08 8.269050e+08 8.128822e+08
9.408567e+08 9.408567e+08 9.408567e+08 9.408567e+08 9.408566e+08 9.408545e+08 9.408475e+08 9.408167e+08 9.407877e+08 9.407369e+08 9.404955e+08 9.399425e+08 9.389656e+08 9.375112e+08 9.355885e+08 9.332596e+08 9.306165e+08 9.156365e+08 9.013812e+08 8.891421e+08 8.792404e+08 8.715360e+08 8.654732e+08 8.560163e+08 8.479735e+08 8.399417e+08 8.307866e+08 8.196903e+08 8.064098e+08
9.275366e+08 9.275366e+08 9.275366e+08 9.275366e+08 9.275365e+08 9.275344e+08 9.275275e+08 9.274978e+08 9.274703e+08 9.274212e+08 9.271832e+08 9.266300e+08 9.256459e+08 9.241768e+08 9.222339e+08 9.198823e+08 9.172174e+08 9.022040e+08 8.880903e+08 8.761870e+08 8.667973e+08 8.597123e+08 8.542901e+08 8.459569e+08 8.387565e+08 8.314120e+08 8.229280e+08 8.125368e+08 7.999711e+08
9.144826e+08 9.144826e+08 9.144826e+08 9.144826e+08 9.144825e+08 9.144807e+08 9.144747e+08 9.144478e+08 9.144220e+08 9.143749e+08 9.141403e+08 9.135871e+08 9.125969e+08 9.111152e+08 9.091549e+08 9.067842e+08 9.041011e+08 8.890685e+08 8.750981e+08 8.635196e+08 8.546222e+08 8.481324e+08 8.433278e+08 8.360832e+08 8.296998e+08 8.230148e+08 8.151681e+08 8.054478e+08 7.935692e+08
9.017002e+08 9.017002e+08 9.017002e+08 9.017002e+08 9.017001e+08 9.016983e+08 9.016923e+08 9.016666e+08 9.016420e+08 9.015963e+08 9.013647e+08 9.008117e+08 8.998165e+08 8.983240e+08 8.963490e+08 8.939622e+08 8.912643e+08 8.762254e+08 8.623991e+08 8.511351e+08 8.427106e+08 8.367927e+08 8.325831e+08 8.263928e+08 8.208019e+08 8.147503e+08 8.075088e+08 7.984264e+08 7.872073e+08
8.891804e+08 8.891804e+08 8.891804e+08 8.891804e+08 8.891804e+08 8.891788e+08 8.891734e+08 8.891497e+08 8.891264e+08 8.890822e+08 8.888535e+08 8.883009e+08 8.873015e+08 8.858000e+08 8.838128e+08 8.814128e+08 8.787031e+08 8.636694e+08 8.499879e+08 8.390281e+08 8.310580e+08 8.256896e+08 8.220530e+08 8.168831e+08 8.120610e+08 8.066180e+08 7.999518e+08 7.914755e+08 7.808884e+08
8.769235e+08 8.769235e+08 8.769235e+08 8.769235e+08 8.769235e+08 8.769219e+08 8.769167e+08 8.768940e+08 8.768717e+08 8.768289e+08 8.766028e+08 8.760509e+08 8.750482e+08 8.735394e+08 8.715421e+08 8.691317e+08 8.664130e+08 8.513951e+08 8.378584e+08 8.271930e+08 8.196596e+08 8.148191e+08 8.117342e+08 8.075513e+08 8.034751e+08 7.986174e+08 7.924983e+08 7.845973e+08 7.746151e+08
8.649223e+08 8.649223e+08 8.649223e+08 8.649223e+08 8.649223e+08 8.649208e+08 8.649158e+08 8.648945e+08 8.648732e+08 8.648316e+08 8.646081e+08 8.640572e+08 8.630522e+08 8.615377e+08 8.595327e+08 8.571143e+08 8.543893e+08 8.393965e+08 8.260045e+08 8.156239e+08 8.085104e+08 8.041770e+08 8.016231e+08 7.983948e+08 7.950419e+08 7.907478e+08 7.851490e+08 7.777942e+08 7.683901e+08
8.531723e+08 8.531723e+08 8.531723e+08 8.531723e+08 8.531722e+08 8.531709e+08 8.531664e+08 8.531464e+08 8.531262e+08 8.530858e+08 8.528649e+08 8.523154e+08 8.513091e+08 8.497904e+08 8.477796e+08 8.453555e+08 8.426267e+08 8.276676e+08 8.144198e+08 8.043148e+08 7.976052e+08 7.937591e+08 7.917161e+08 7.894106e+08 7.867593e+08 7.830081e+08 7.779046e+08 7.710679e+08 7.622158e+08
8.416709e+08 8.416709e+08 8.416709e+08 8.416709e+08 8.416709e+08 8.416695e+08 8.416650e+08 8.416458e+08 8.416264e+08 8.415871e+08 8.413688e+08 8.408209e+08 8.398140e+08 8.382926e+08 8.362779e+08 8.338504e+08 8.311198e+08 8.162021e+08 8.030979e+08 7.932598e+08 7.869385e+08 7.835607e+08 7.820096e+08 7.805957e+08 7.786249e+08 7.753971e+08 7.707654e+08 7.644200e+08 7.560944e+08
8.304094e+08 8.304094e+08 8.304094e+08 8.304094e+08 8.304093e+08 8.304082e+08 8.304043e+08 8.303869e+08 8.303685e+08 8.303305e+08 8.301148e+08 8.295690e+08 8.285623e+08 8.270394e+08 8.250225e+08 8.225934e+08 8.198631e+08 8.049936e+08 7.920320e+08 7.824525e+08 7.765052e+08 7.735776e+08 7.724997e+08 7.719472e+08 7.706363e+08 7.679134e+08 7.637314e+08 7.578519e+08 7.500278e+08
8.193891e+08 8.193891e+08 8.193891e+08 8.193891e+08 8.193891e+08 8.193879e+08 8.193840e+08 8.193670e+08 8.193492e+08 8.193121e+08 8.190988e+08 8.185550e+08 8.175493e+08 8.160259e+08 8.140083e+08 8.115792e+08 8.088509e+08 7.940356e+08 7.812156e+08 7.718869e+08 7.662996e+08 7.638049e+08 7.631825e+08 7.634621e+08 7.627909e+08 7.605554e+08 7.568024e+08 7.513646e+08 7.440179e+08
8.085994e+08 8.085994e+08 8.085994e+08 8.085994e+08 8.085994e+08 8.085984e+08 8.085949e+08 8.085793e+08 8.085625e+08 8.085264e+08 8.083156e+08 8.077741e+08 8.067698e+08 8.052470e+08 8.032299e+08 8.008024e+08 7.980776e+08 7.833215e+08 7.706422e+08 7.615566e+08 7.563165e+08 7.542383e+08 7.540543e+08 7.551372e+08 7.550864e+08 7.533215e+08 7.499780e+08 7.449591e+08 7.380664e+08
