2.007535e+04 2.473282e+04 2.390567e+04 1.685041e+04 1.426455e+04 1.107166e+04 1.043874e+04 1.025012e+04 1.025365e+04 1.027544e+04 1.035467e+04 1.047276e+04 1.062511e+04 1.080886e+04 1.102217e+04 1.126320e+04 1.152811e+04 1.251194e+04 9.806532e+03 6.048190e+03 4.222675e+03 3.487842e+03 3.205266e+03 3.127615e+03 3.268420e+03 3.498551e+03 3.821363e+03 4.286809e+03 4.965337e+03
1.101057e+04 1.101064e+04 1.101076e+04 1.100478e+04 1.095139e+04 1.049618e+04 1.027306e+04 1.022511e+04 1.024251e+04 1.027125e+04 1.035791e+04 1.048075e+04 1.063688e+04 1.082390e+04 1.104015e+04 1.128391e+04 1.155136e+04 1.254280e+04 9.827118e+03 6.056786e+03 4.226917e+03 3.490929e+03 3.208128e+03 3.130517e+03 3.271342e+03 3.501507e+03 3.824528e+03 4.290494e+03 4.969951e+03
1.018145e+04 1.018149e+04 1.018162e+04 1.018412e+04 1.018669e+04 1.021156e+04 1.013310e+04 1.019027e+04 1.022550e+04 1.026354e+04 1.036013e+04 1.048891e+04 1.064944e+04 1.084008e+04 1.105948e+04 1.130609e+04 1.157617e+04 1.257517e+04 9.848496e+03 6.065656e+03 4.231273e+03 3.494087e+03 3.211045e+03 3.133461e+03 3.274297e+03 3.504491e+03 3.827719e+03 4.294208e+03 4.974600e+03
1.005011e+04 1.005013e+04 1.005020e+04 1.005196e+04 1.005570e+04 1.003761e+04 1.018282e+04 1.015238e+04 1.020216e+04 1.025116e+04 1.036069e+04 1.049697e+04 1.066270e+04 1.085737e+04 1.108017e+04 1.132978e+04 1.160258e+04 1.260909e+04 9.870683e+03 6.074803e+03 4.235746e+03 3.497315e+03 3.214019e+03 3.136447e+03 3.277285e+03 3.507502e+03 3.830936e+03 4.297950e+03 4.979284e+03
1.008839e+04 1.008840e+04 1.008844e+04 1.008945e+04 1.009179e+04 1.007202e+04 1.017010e+04 1.015745e+04 1.018206e+04 1.023611e+04 1.035941e+04 1.050473e+04 1.067654e+04 1.087574e+04 1.110221e+04 1.135499e+04 1.163061e+04 1.264461e+04 9.893695e+03 6.084234e+03 4.240336e+03 3.500616e+03 3.217048e+03 3.139476e+03 3.280305e+03 3.510541e+03 3.834180e+03 4.301721e+03 4.984004e+03
1.015065e+04 1.015066e+04 1.015069e+04 1.015130e+04 1.015275e+04 1.014141e+04 1.014318e+04 1.022063e+04 1.019819e+04 1.022837e+04 1.035745e+04 1.051228e+04 1.069093e+04 1.089516e+04 1.112560e+04 1.138172e+04 1.166028e+04 1.268174e+04 9.917547e+03 6.093951e+03 4.245045e+03 3.503989e+03 3.220134e+03 3.142546e+03 3.283359e+03 3.513607e+03 3.837450e+03 4.305522e+03 4.988759e+03
1.019517e+04 1.019517e+04 1.019519e+04 1.019557e+04 1.019649e+04 1.019054e+04 1.014495e+04 1.027234e+04 1.025398e+04 1.025202e+04 1.035859e+04 1.052038e+04 1.070602e+04 1.091564e+04 1.115033e+04 1.140999e+04 1.169161e+04 1.272053e+04 9.942254e+03 6.103961e+03 4.249875e+03 3.507437e+03 3.223278e+03 3.145658e+03 3.286445e+03 3.516701e+03 3.840746e+03 4.309351e+03 4.993550e+03
1.021564e+04 1.021564e+04 1.021565e+04 1.021592e+04 1.021656e+04 1.021401e+04 1.016235e+04 1.028978e+04 1.030914e+04 1.030530e+04 1.037058e+04 1.053085e+04 1.072233e+04 1.093735e+04 1.117647e+04 1.143983e+04 1.172462e+04 1.276100e+04 9.967829e+03 6.114265e+03 4.254827e+03 3.510958e+03 3.226479e+03 3.148814e+03 3.289565e+03 3.519823e+03 3.844069e+03 4.313210e+03 4.998376e+03
1.021690e+04 1.021691e+04 1.021691e+04 1.021712e+04 1.021761e+04 1.021837e+04 1.018232e+04 1.028490e+04 1.034565e+04 1.036290e+04 1.040671e+04 1.054702e+04 1.074088e+04 1.096065e+04 1.120415e+04 1.147129e+04 1.175934e+04 1.280318e+04 9.994285e+03 6.124868e+03 4.259902e+03 3.514554e+03 3.229738e+03 3.152012e+03 3.292718e+03 3.522972e+03 3.847418e+03 4.317099e+03 5.003239e+03
1.020505e+04 1.020505e+04 1.020506e+04 1.020522e+04 1.020569e+04 1.021712e+04 1.020479e+04 1.027730e+04 1.036385e+04 1.041138e+04 1.046175e+04 1.057450e+04 1.076338e+04 1.098617e+04 1.123364e+04 1.150449e+04 1.179584e+04 1.284708e+04 1.002163e+04 6.135773e+03 4.265102e+03 3.518226e+03 3.233056e+03 3.155252e+03 3.295903e+03 3.526148e+03 3.850794e+03 4.321017e+03 5.008137e+03
1.022149e+04 1.022149e+04 1.022150e+04 1.022169e+04 1.022223e+04 1.023512e+04 1.023532e+04 1.027966e+04 1.037307e+04 1.044719e+04 1.052388e+04 1.062079e+04 1.079248e+04 1.101492e+04 1.126536e+04 1.153964e+04 1.183423e+04 1.289275e+04 1.004989e+04 6.146984e+03 4.270427e+03 3.521974e+03 3.236432e+03 3.158536e+03 3.299122e+03 3.529352e+03 3.854196e+03 4.324964e+03 5.013072e+03
1.044096e+04 1.044097e+04 1.044097e+04 1.044109e+04 1.044142e+04 1.044912e+04 1.046346e+04 1.047665e+04 1.051240e+04 1.058756e+04 1.078542e+04 1.095260e+04 1.109962e+04 1.127215e+04 1.149147e+04 1.176071e+04 1.206295e+04 1.314859e+04 1.020507e+04 6.207697e+03 4.298957e+03 3.541865e+03 3.254203e+03 3.175602e+03 3.315713e+03 3.545787e+03 3.871605e+03 4.345149e+03 5.038297e+03
1.078033e+04 1.078033e+04 1.078033e+04 1.078043e+04 1.078070e+04 1.078781e+04 1.080452e+04 1.084032e+04 1.085960e+04 1.089544e+04 1.104536e+04 1.126125e+04 1.147864e+04 1.168388e+04 1.189654e+04 1.213568e+04 1.240770e+04 1.345583e+04 1.038446e+04 6.276348e+03 4.330705e+03 3.563700e+03 3.273472e+03 3.193750e+03 3.333130e+03 3.562908e+03 3.889681e+03 4.366086e+03 5.064452e+03
1.121756e+04 1.121756e+04 1.121756e+04 1.121764e+04 1.121785e+04 1.122396e+04 1.123992e+04 1.128565e+04 1.131027e+04 1.133904e+04 1.143900e+04 1.161937e+04 1.185595e+04 1.211031e+04 1.236578e+04 1.262581e+04 1.289779e+04 1.383078e+04 1.059012e+04 6.353137e+03 4.365687e+03 3.587485e+03 3.294242e+03 3.212975e+03 3.351362e+03 3.580711e+03 3.908424e+03 4.387787e+03 5.091560e+03
1.172530e+04 1.172530e+04 1.172530e+04 1.172537e+04 1.172556e+04 1.173124e+04 1.174684e+04 1.179750e+04 1.182831e+04 1.186167e+04 1.194819e+04 1.209096e+04 1.230268e+04 1.256572e+04 1.285493e+04 1.315389e+04 1.345515e+04 1.430972e+04 1.082606e+04 6.438380e+03 4.403904e+03 3.613209e+03 3.316506e+03 3.233264e+03 3.370397e+03 3.599184e+03 3.927834e+03 4.410261e+03 5.119640e+03
1.230853e+04 1.230853e+04 1.230853e+04 1.230859e+04 1.230876e+04 1.231399e+04 1.232899e+04 1.238133e+04 1.241576e+04 1.245407e+04 1.254431e+04 1.267045e+04 1.285471e+04 1.310085e+04 1.339529e+04 1.371831e+04 1.405107e+04 1.489516e+04 1.109996e+04 6.532739e+03 4.445391e+03 3.640857e+03 3.340244e+03 3.254595e+03 3.390212e+03 3.618315e+03 3.947908e+03 4.433516e+03 5.148712e+03
1.296717e+04 1.296717e+04 1.296717e+04 1.296723e+04 1.296740e+04 1.297254e+04 1.298744e+04 1.304111e+04 1.307784e+04 1.311986e+04 1.321827e+04 1.334312e+04 1.351240e+04 1.373923e+04 1.402259e+04 1.434922e+04 1.469843e+04 1.555332e+04 1.142541e+04 6.637507e+03 4.490289e+03 3.670437e+03 3.365442e+03 3.276942e+03 3.410784e+03 3.638087e+03 3.968640e+03 4.457562e+03 5.178797e+03
1.370754e+04 1.370754e+04 1.370755e+04 1.370760e+04 1.370776e+04 1.371271e+04 1.372737e+04 1.378189e+04 1.382026e+04 1.386505e+04 1.397176e+04 1.410292e+04 1.426941e+04 1.448468e+04 1.475448e+04 1.507277e+04 1.542224e+04 1.626198e+04 1.179559e+04 6.755193e+03 4.538920e+03 3.702010e+03 3.392099e+03 3.300273e+03 3.432082e+03 3.658483e+03 3.990027e+03 4.482404e+03 5.209916e+03
1.453266e+04 1.453266e+04 1.453267e+04 1.453272e+04 1.453288e+04 1.453787e+04 1.455282e+04 1.460897e+04 1.464899e+04 1.469627e+04 1.481092e+04 1.495170e+04 1.512366e+04 1.533636e+04 1.559668e+04 1.590284e+04 1.624159e+04 1.700936e+04 1.219438e+04 6.889352e+03 4.591906e+03 3.735718e+03 3.420243e+03 3.324560e+03 3.454076e+03 3.679481e+03 4.012061e+03 4.508052e+03 5.242088e+03
1.545278e+04 1.545278e+04 1.545278e+04 1.545283e+04 1.545299e+04 1.545790e+04 1.547279e+04 1.552996e+04 1.557151e+04 1.562129e+04 1.574419e+04 1.589649e+04 1.607883e+04 1.629555e+04 1.655112e+04 1.684475e+04 1.716598e+04 1.779101e+04 1.260786e+04 7.035004e+03 4.650508e+03 3.771828e+03 3.449947e+03 3.349783e+03 3.476735e+03 3.701061e+03 4.034735e+03 4.534514e+03 5.275337e+03
1.647088e+04 1.647088e+04 1.647089e+04 1.647094e+04 1.647110e+04 1.647613e+04 1.649140e+04 1.655147e+04 1.659598e+04 1.664971e+04 1.678324e+04 1.694871e+04 1.714345e+04 1.736678e+04 1.761924e+04 1.789893e+04 1.819662e+04 1.860407e+04 1.302375e+04 7.185945e+03 4.715813e+03 3.810802e+03 3.481351e+03 3.375929e+03 3.500028e+03 3.723200e+03 4.058044e+03 4.561797e+03 5.309684e+03
1.759710e+04 1.759710e+04 1.759711e+04 1.759718e+04 1.759741e+04 1.760431e+04 1.762363e+04 1.769318e+04 1.774262e+04 1.780149e+04 1.794624e+04 1.812369e+04 1.832846e+04 1.855538e+04 1.880088e+04 1.906103e+04 1.932694e+04 1.944204e+04 1.343139e+04 7.336640e+03 4.785251e+03 3.853549e+03 3.514682e+03 3.403006e+03 3.523929e+03 3.745879e+03 4.081981e+03 4.589911e+03 5.345154e+03
1.889724e+04 1.889724e+04 1.889724e+04 1.889729e+04 1.889747e+04 1.890309e+04 1.892039e+04 1.898861e+04 1.903905e+04 1.909990e+04 1.925062e+04 1.943418e+04 1.964109e+04 1.986191e+04 2.008965e+04 2.031879e+04 2.054067e+04 2.029145e+04 1.382137e+04 7.482121e+03 4.856407e+03 3.900389e+03 3.550316e+03 3.431042e+03 3.548419e+03 3.769080e+03 4.106542e+03 4.618868e+03 5.381771e+03
2.033996e+04 2.033996e+04 2.033997e+04 2.034002e+04 2.034020e+04 2.034590e+04 2.036356e+04 2.043345e+04 2.048523e+04 2.054770e+04 2.070093e+04 2.088201e+04 2.107722e+04 2.127461e+04 2.146621e+04 2.164661e+04 2.180816e+04 2.113076e+04 1.418493e+04 7.618170e+03 4.927192e+03 3.949889e+03 3.588956e+03 3.460096e+03 3.573487e+03 3.792789e+03 4.131725e+03 4.648679e+03 5.419562e+03
2.192923e+04 2.192923e+04 2.192923e+04 2.192930e+04 2.192949e+04 2.193571e+04 2.195466e+04 2.202828e+04 2.208202e+04 2.214550e+04 2.229347e+04 2.245444e+04 2.261328e+04 2.276010e+04 2.288970e+04 2.299902e+04 2.308209e+04 2.193109e+04 1.451367e+04 7.741440e+03 4.995807e+03 4.000886e+03 3.630545e+03 3.490268e+03 3.599134e+03 3.816997e+03 4.157530e+03 4.679360e+03 5.458556e+03
2.368241e+04 2.368241e+04 2.368241e+04 2.368248e+04 2.368268e+04 2.368903e+04 2.370860e+04 2.378409e+04 2.383570e+04 2.389185e+04 2.400505e+04 2.410626e+04 2.418813e+04 2.424856e+04 2.428761e+04 2.430487e+04 2.429526e+04 2.265899e+04 1.479958e+04 7.849504e+03 5.060798e+03 4.052377e+03 3.674157e+03 3.521714e+03 3.625375e+03 3.841702e+03 4.183964e+03 4.710929e+03 5.498783e+03
2.561048e+04 2.561048e+04 2.561048e+04 2.561055e+04 2.561076e+04 2.561737e+04 2.563735e+04 2.569268e+04 2.571405e+04 2.572755e+04 2.573201e+04 2.571199e+04 2.567324e+04 2.561919e+04 2.555143e+04 2.546902e+04 2.536532e+04 2.328089e+04 1.503563e+04 7.940814e+03 5.121094e+03 4.103499e+03 3.719073e+03 3.554701e+03 3.652245e+03 3.866910e+03 4.211034e+03 4.743405e+03 5.540279e+03
2.771899e+04 2.771899e+04 2.771898e+04 2.771865e+04 2.771764e+04 2.769349e+04 2.763930e+04 2.749630e+04 2.741886e+04 2.734040e+04 2.718321e+04 2.702696e+04 2.687129e+04 2.671501e+04 2.655634e+04 2.639158e+04 2.621161e+04 2.376868e+04 1.521656e+04 8.014642e+03 5.176012e+03 4.153529e+03 3.764663e+03 3.589625e+03 3.679801e+03 3.892636e+03 4.238758e+03 4.776816e+03 5.583079e+03
2.845264e+04 2.845264e+04 2.845263e+04 2.845257e+04 2.845238e+04 2.844705e+04 2.842922e+04 2.833623e+04 2.826549e+04 2.818462e+04 2.800502e+04 2.781322e+04 2.761590e+04 2.741564e+04 2.721263e+04 2.700400e+04 2.678060e+04 2.410476e+04 1.533951e+04 8.070983e+03 5.225234e+03 4.201907e+03 3.810362e+03 3.626109e+03 3.708132e+03 3.918909e+03 4.267158e+03 4.811190e+03 5.627225e+03
2.845391e+04 2.845391e+04 2.845391e+04 2.845389e+04 2.845381e+04 2.845124e+04 2.844331e+04 2.840834e+04 2.837718e+04 2.833521e+04 2.822044e+04 2.807209e+04 2.789978e+04 2.771088e+04 2.750971e+04 2.729628e+04 2.706319e+04 2.428471e+04 1.540447e+04 8.110464e+03 5.268744e+03 4.248227e+03 3.855674e+03 3.663669e+03 3.737376e+03 3.945769e+03 4.296262e+03 4.846564e+03 5.672761e+03
2.823511e+04 2.823511e+04 2.823511e+04 2.823510e+04 2.823505e+04 2.823327e+04 2.822743e+04 2.820222e+04 2.818161e+04 2.815450e+04 2.807818e+04 2.797152e+04 2.783735e+04 2.768030e+04 2.750426e+04 2.730978e+04 2.709017e+04 2.431668e+04 1.541420e+04 8.134216e+03 5.306768e+03 4.292232e+03 3.900177e+03 3.701915e+03 3.767781e+03 3.973275e+03 4.326111e+03 4.882978e+03 5.719737e+03
2.786700e+04 2.786700e+04 2.786700e+04 2.786698e+04 2.786693e+04 2.786522e+04 2.785959e+04 2.783580e+04 2.781745e+04 2.779454e+04 2.773383e+04 2.765140e+04 2.754657e+04 2.742041e+04 2.727436e+04 2.710753e+04 2.691255e+04 2.421818e+04 1.537373e+04 8.143747e+03 5.339691e+03 4.333791e+03 3.943524e+03 3.740494e+03 3.799484e+03 4.001506e+03 4.356754e+03 4.920479e+03 5.768207e+03
2.737259e+04 2.737259e+04 2.737259e+04 2.737257e+04 2.737250e+04 2.737062e+04 2.736486e+04 2.734240e+04 2.732595e+04 2.730608e+04 2.725566e+04 2.718980e+04 2.710713e+04 2.700701e+04 2.688899e+04 2.675067e+04 2.658357e+04 2.401179e+04 1.528967e+04 8.140802e+03 5.367997e+03 4.372872e+03 3.985447e+03 3.779080e+03 3.832141e+03 4.030569e+03 4.388251e+03 4.959125e+03 5.818230e+03
2.677042e+04 2.677042e+04 2.677042e+04 2.677041e+04 2.677038e+04 2.676933e+04 2.676582e+04 2.675079e+04 2.673906e+04 2.672446e+04 2.668648e+04 2.663622e+04 2.657272e+04 2.649502e+04 2.640188e+04 2.628998e+04 2.615007e+04 2.372144e+04 1.516944e+04 8.127227e+03 5.392207e+03 4.409515e+03 4.025744e+03 3.817376e+03 3.865486e+03 4.060622e+03 4.420676e+03 4.998977e+03 5.869873e+03
2.612530e+04 2.612530e+04 2.612530e+04 2.612529e+04 2.612527e+04 2.612453e+04 2.612218e+04 2.611232e+04 2.610452e+04 2.609463e+04 2.606810e+04 2.603182e+04 2.598488e+04 2.592626e+04 2.585445e+04 2.576571e+04 2.565037e+04 2.336979e+04 1.502053e+04 8.104847e+03 5.412831e+03 4.443806e+03 4.064278e+03 3.855117e+03 3.899296e+03 4.091914e+03 4.454119e+03 5.040110e+03 5.923208e+03
2.547276e+04 2.547276e+04 2.547276e+04 2.547275e+04 2.547274e+04 2.547231e+04 2.547093e+04 2.546483e+04 2.545981e+04 2.545331e+04 2.543534e+04 2.540991e+04 2.537606e+04 2.533274e+04 2.527831e+04 2.520883e+04 2.511449e+04 2.297674e+04 1.485005e+04 8.075373e+03 5.430338e+03 4.475852e+03 4.100962e+03 3.892072e+03 3.933373e+03 4.124413e+03 4.488691e+03 5.082605e+03 5.978314e+03
2.483675e+04 2.483675e+04 2.483675e+04 2.483675e+04 2.483675e+04 2.483652e+04 2.483565e+04 2.483159e+04 2.482819e+04 2.482376e+04 2.481135e+04 2.479347e+04 2.476914e+04 2.473731e+04 2.469627e+04 2.464205e+04 2.456483e+04 2.255875e+04 1.466429e+04 8.040330e+03 5.445132e+03 4.505760e+03 4.135752e+03 3.928046e+03 3.967542e+03 4.157908e+03 4.524531e+03 5.126556e+03 6.035278e+03
2.422742e+04 2.422742e+04 2.422742e+04 2.422742e+04 2.422741e+04 2.422719e+04 2.422645e+04 2.422333e+04 2.422087e+04 2.421770e+04 2.420889e+04 2.419607e+04 2.417836e+04 2.415474e+04 2.412359e+04 2.408093e+04 2.401712e+04 2.212879e+04 1.446860e+04 8.001022e+03 5.457543e+03 4.533634e+03 4.168632e+03 3.962883e+03 4.001643e+03 4.192265e+03 4.561832e+03 5.172073e+03 6.094197e+03
2.364585e+04 2.364585e+04 2.364585e+04 2.364585e+04 2.364585e+04 2.364583e+04 2.364563e+04 2.364407e+04 2.364255e+04 2.364044e+04 2.363421e+04 2.362481e+04 2.361157e+04 2.359363e+04 2.356947e+04 2.353528e+04 2.348164e+04 2.169655e+04 1.426730e+04 7.958515e+03 5.467827e+03 4.559558e+03 4.199611e+03 3.996462e+03 4.035540e+03 4.227373e+03 4.600816e+03 5.219278e+03 6.155175e+03
2.309973e+04 2.309973e+04 2.309973e+04 2.309973e+04 2.309973e+04 2.309966e+04 2.309937e+04 2.309798e+04 2.309676e+04 2.309510e+04 2.309023e+04 2.308284e+04 2.307239e+04 2.305816e+04 2.303878e+04 2.301058e+04 2.296443e+04 2.126889e+04 1.406374e+04 7.913641e+03 5.476165e+03 4.583598e+03 4.228713e+03 4.028703e+03 4.069118e+03 4.263143e+03 4.641384e+03 5.268315e+03 6.218328e+03
2.258528e+04 2.258528e+04 2.258528e+04 2.258528e+04 2.258528e+04 2.258521e+04 2.258494e+04 2.258358e+04 2.258242e+04 2.258089e+04 2.257658e+04 2.257024e+04 2.256143e+04 2.254953e+04 2.253328e+04 2.250921e+04 2.246849e+04 2.085033e+04 1.386041e+04 7.867022e+03 5.482678e+03 4.605804e+03 4.255974e+03 4.059558e+03 4.102283e+03 4.299498e+03 4.683442e+03 5.319361e+03 6.283783e+03
2.209893e+04 2.209893e+04 2.209893e+04 2.209893e+04 2.209892e+04 2.209885e+04 2.209859e+04 2.209735e+04 2.209630e+04 2.209492e+04 2.209101e+04 2.208532e+04 2.207749e+04 2.206703e+04 2.205280e+04 2.203154e+04 2.199470e+04 2.044362e+04 1.365903e+04 7.819096e+03 5.487436e+03 4.626208e+03 4.281435e+03 4.089013e+03 4.134970e+03 4.336376e+03 4.726939e+03 5.372660e+03 6.351682e+03
2.163823e+04 2.163823e+04 2.163823e+04 2.163823e+04 2.163823e+04 2.163819e+04 2.163800e+04 2.163700e+04 2.163608e+04 2.163483e+04 2.163121e+04 2.162588e+04 2.161861e+04 2.160901e+04 2.159606e+04 2.157667e+04 2.154262e+04 2.005012e+04 1.346072e+04 7.770151e+03 5.490471e+03 4.644834e+03 4.305147e+03 4.117082e+03 4.167135e+03 4.373732e+03 4.771842e+03 5.428352e+03 6.422183e+03
2.120224e+04 2.120224e+04 2.120224e+04 2.120224e+04 2.120223e+04 2.120219e+04 2.120198e+04 2.120086e+04 2.119986e+04 2.119853e+04 2.119481e+04 2.118953e+04 2.118249e+04 2.117336e+04 2.116121e+04 2.114308e+04 2.111103e+04 1.967027e+04 1.326614e+04 7.720361e+03 5.491793e+03 4.661702e+03 4.327165e+03 4.143808e+03 4.198760e+03 4.411531e+03 4.818131e+03 5.486364e+03 6.495467e+03
2.078760e+04 2.078760e+04 2.078760e+04 2.078760e+04 2.078760e+04 2.078748e+04 2.078708e+04 2.078547e+04 2.078425e+04 2.078276e+04 2.077885e+04 2.077355e+04 2.076664e+04 2.075779e+04 2.074616e+04 2.072889e+04 2.069833e+04 1.930387e+04 1.307561e+04 7.669817e+03 5.491397e+03 4.676831e+03 4.347550e+03 4.169256e+03 4.229851e+03 4.449758e+03 4.865798e+03 5.546676e+03 6.571755e+03
2.038823e+04 2.038823e+04 2.038823e+04 2.038822e+04 2.038822e+04 2.038815e+04 2.038788e+04 2.038659e+04 2.038555e+04 2.038422e+04 2.038057e+04 2.037547e+04 2.036874e+04 2.036013e+04 2.034885e+04 2.033220e+04 2.030279e+04 1.895031e+04 1.288920e+04 7.618559e+03 5.489282e+03 4.690245e+03 4.366374e+03 4.193510e+03 4.260439e+03 4.488410e+03 4.914844e+03 5.609294e+03 6.651329e+03
2.000500e+04 2.000500e+04 2.000500e+04 2.000500e+04 2.000500e+04 2.000498e+04 2.000486e+04 2.000403e+04 2.000320e+04 2.000204e+04 1.999863e+04 1.999364e+04 1.998699e+04 1.997848e+04 1.996740e+04 1.995119e+04 1.992267e+04 1.860880e+04 1.270681e+04 7.566597e+03 5.485451e+03 4.701983e+03 4.383715e+03 4.216674e+03 4.290576e+03 4.527502e+03 4.965282e+03 5.674236e+03 6.734242e+03
1.964005e+04 1.964005e+04 1.964005e+04 1.964005e+04 1.964004e+04 1.963993e+04 1.963958e+04 1.963817e+04 1.963706e+04 1.963563e+04 1.963177e+04 1.962645e+04 1.961959e+04 1.961099e+04 1.959999e+04 1.958407e+04 1.955630e+04 1.827842e+04 1.252829e+04 7.513936e+03 5.479927e+03 4.712095e+03 4.399662e+03 4.238865e+03 4.320334e+03 4.567066e+03 5.017134e+03 5.741533e+03 6.820477e+03
1.928714e+04 1.928714e+04 1.928714e+04 1.928714e+04 1.928714e+04 1.928701e+04 1.928656e+04 1.928469e+04 1.928328e+04 1.928156e+04 1.927718e+04 1.927150e+04 1.926441e+04 1.925574e+04 1.924481e+04 1.922920e+04 1.920213e+04 1.795828e+04 1.235343e+04 7.460588e+03 5.472753e+03 4.720648e+03 4.414318e+03 4.260215e+03 4.349803e+03 4.607148e+03 5.070432e+03 5.811223e+03 6.910064e+03
1.894182e+04 1.894182e+04 1.894182e+04 1.894182e+04 1.894181e+04 1.894167e+04 1.894124e+04 1.893946e+04 1.893810e+04 1.893643e+04 1.893214e+04 1.892653e+04 1.891954e+04 1.891101e+04 1.890032e+04 1.888511e+04 1.885880e+04 1.764755e+04 1.218201e+04 7.406582e+03 5.463997e+03 4.727730e+03 4.427795e+03 4.280865e+03 4.379093e+03 4.647809e+03 5.125220e+03 5.883352e+03 7.003049e+03
1.860393e+04 1.860393e+04 1.860393e+04 1.860393e+04 1.860393e+04 1.860383e+04 1.860351e+04 1.860212e+04 1.860101e+04 1.859959e+04 1.859575e+04 1.859053e+04 1.858389e+04 1.857571e+04 1.856541e+04 1.855073e+04 1.852527e+04 1.734550e+04 1.201387e+04 7.351975e+03 5.453754e+03 4.733449e+03 4.440219e+03 4.300968e+03 4.408327e+03 4.689126e+03 5.181552e+03 5.957973e+03 7.099490e+03
1.827558e+04 1.827558e+04 1.827558e+04 1.827558e+04 1.827557e+04 1.827551e+04 1.827529e+04 1.827416e+04 1.827317e+04 1.827186e+04 1.826827e+04 1.826333e+04 1.825702e+04 1.824922e+04 1.823939e+04 1.822532e+04 1.820077e+04 1.705157e+04 1.184887e+04 7.296855e+03 5.442147e+03 4.737933e+03 4.451731e+03 4.320684e+03 4.437639e+03 4.731191e+03 5.239491e+03 6.035147e+03 7.199454e+03
1.795791e+04 1.795791e+04 1.795791e+04 1.795791e+04 1.795791e+04 1.795777e+04 1.795736e+04 1.795574e+04 1.795455e+04 1.795309e+04 1.794938e+04 1.794454e+04 1.793849e+04 1.793109e+04 1.792177e+04 1.790836e+04 1.788477e+04 1.676529e+04 1.168693e+04 7.241337e+03 5.429325e+03 4.741330e+03 4.462481e+03 4.340179e+03 4.467176e+03 4.774108e+03 5.299114e+03 6.114945e+03 7.303015e+03
1.764595e+04 1.764595e+04 1.764595e+04 1.764595e+04 1.764595e+04 1.764582e+04 1.764544e+04 1.764393e+04 1.764281e+04 1.764144e+04 1.763797e+04 1.763345e+04 1.762781e+04 1.762091e+04 1.761217e+04 1.759948e+04 1.757690e+04 1.648631e+04 1.152800e+04 7.185572e+03 5.415463e+03 4.743807e+03 4.472636e+03 4.359625e+03 4.497096e+03 4.817992e+03 5.360506e+03 6.197441e+03 7.410252e+03
1.733990e+04 1.733990e+04 1.733990e+04 1.733990e+04 1.733990e+04 1.733983e+04 1.733961e+04 1.733864e+04 1.733783e+04 1.733677e+04 1.733390e+04 1.732994e+04 1.732486e+04 1.731853e+04 1.731043e+04 1.729849e+04 1.727691e+04 1.621440e+04 1.137210e+04 7.129735e+03 5.400759e+03 4.745549e+03 4.482371e+03 4.379202e+03 4.527561e+03 4.862970e+03 5.423763e+03 6.282720e+03 7.521254e+03
1.704319e+04 1.704319e+04 1.704319e+04 1.704319e+04 1.704319e+04 1.704314e+04 1.704298e+04 1.704218e+04 1.704149e+04 1.704058e+04 1.703803e+04 1.703447e+04 1.702984e+04 1.702402e+04 1.701650e+04 1.700527e+04 1.698468e+04 1.594939e+04 1.121929e+04 7.074028e+03 5.385429e+03 4.746755e+03 4.491872e+03 4.399090e+03 4.558742e+03 4.909181e+03 5.488991e+03 6.370875e+03 7.636110e+03
1.675625e+04 1.675625e+04 1.675625e+04 1.675625e+04 1.675625e+04 1.675616e+04 1.675591e+04 1.675486e+04 1.675407e+04 1.675308e+04 1.675053e+04 1.674712e+04 1.674276e+04 1.673733e+04 1.673031e+04 1.671974e+04 1.670008e+04 1.569115e+04 1.106964e+04 7.018674e+03 5.369709e+03 4.747641e+03 4.501335e+03 4.419475e+03 4.590814e+03 4.956770e+03 5.556305e+03 6.462005e+03 7.754922e+03
1.647625e+04 1.647625e+04 1.647625e+04 1.647625e+04 1.647625e+04 1.647615e+04 1.647587e+04 1.647481e+04 1.647404e+04 1.647310e+04 1.647067e+04 1.646745e+04 1.646335e+04 1.645826e+04 1.645170e+04 1.644174e+04 1.642297e+04 1.543964e+04 1.092328e+04 6.963912e+03 5.353846e+03 4.748430e+03 4.510965e+03 4.440544e+03 4.623956e+03 5.005890e+03 5.625830e+03 6.556218e+03 7.877793e+03
1.620237e+04 1.620237e+04 1.620237e+04 1.620237e+04 1.620236e+04 1.620234e+04 1.620223e+04 1.620163e+04 1.620107e+04 1.620030e+04 1.619815e+04 1.619516e+04 1.619131e+04 1.618656e+04 1.618044e+04 1.617109e+04 1.615322e+04 1.519481e+04 1.078037e+04 6.909997e+03 5.338102e+03 4.749357e+03 4.520972e+03 4.462487e+03 4.658348e+03 5.056703e+03 5.697701e+03 6.653629e+03 8.004834e+03
1.593791e+04 1.593791e+04 1.593791e+04 1.593790e+04 1.593790e+04 1.593783e+04 1.593761e+04 1.593673e+04 1.593606e+04 1.593522e+04 1.593300e+04 1.593007e+04 1.592642e+04 1.592200e+04 1.591636e+04 1.590766e+04 1.589071e+04 1.495670e+04 1.064106e+04 6.857193e+03 5.322742e+03 4.750663e+03 4.531570e+03 4.485496e+03 4.694175e+03 5.109374e+03 5.772058e+03 6.754364e+03 8.136162e+03
1.567977e+04 1.567977e+04 1.567977e+04 1.567977e+04 1.567977e+04 1.567969e+04 1.567943e+04 1.567840e+04 1.567764e+04 1.567672e+04 1.567447e+04 1.567167e+04 1.566834e+04 1.566437e+04 1.565932e+04 1.565138e+04 1.563544e+04 1.472537e+04 1.050555e+04 6.805771e+03 5.308040e+03 4.752595e+03 4.542980e+03 4.509762e+03 4.731620e+03 5.164075e+03 5.849051e+03 6.858552e+03 8.271903e+03
1.542629e+04 1.542629e+04 1.542629e+04 1.542628e+04 1.542628e+04 1.542622e+04 1.542602e+04 1.542517e+04 1.542454e+04 1.542379e+04 1.542195e+04 1.541968e+04 1.541696e+04 1.541371e+04 1.540945e+04 1.540240e+04 1.538756e+04 1.450097e+04 1.037404e+04 6.756003e+03 5.294269e+03 4.755400e+03 4.555422e+03 4.535476e+03 4.770868e+03 5.220979e+03 5.928836e+03 6.966334e+03 8.412186e+03
1.517826e+04 1.517826e+04 1.517826e+04 1.517826e+04 1.517826e+04 1.517825e+04 1.517817e+04 1.517780e+04 1.517750e+04 1.517712e+04 1.517610e+04 1.517470e+04 1.517288e+04 1.517052e+04 1.516717e+04 1.516109e+04 1.514740e+04 1.428364e+04 1.024673e+04 6.708164e+03 5.281704e+03 4.759328e+03 4.569118e+03 4.562829e+03 4.812106e+03 5.280267e+03 6.011578e+03 7.077857e+03 8.557149e+03
1.493870e+04 1.493870e+04 1.493870e+04 1.493870e+04 1.493871e+04 1.493872e+04 1.493876e+04 1.493886e+04 1.493889e+04 1.493889e+04 1.493870e+04 1.493816e+04 1.493720e+04 1.493568e+04 1.493318e+04 1.492800e+04 1.491537e+04 1.407356e+04 1.012385e+04 6.662526e+03 5.270618e+03 4.764626e+03 4.584289e+03 4.592011e+03 4.855516e+03 5.342120e+03 6.097445e+03 7.193275e+03 8.706937e+03
1.471026e+04 1.471026e+04 1.471026e+04 1.471026e+04 1.471027e+04 1.471031e+04 1.471044e+04 1.471083e+04 1.471104e+04 1.471124e+04 1.471148e+04 1.471142e+04 1.471095e+04 1.470997e+04 1.470806e+04 1.470356e+04 1.469182e+04 1.387089e+04 1.000559e+04 6.619354e+03 5.261280e+03 4.771542e+03 4.601156e+03 4.623211e+03 4.901282e+03 5.406720e+03 6.186613e+03 7.312751e+03 8.861700e+03
1.449425e+04 1.449425e+04 1.449425e+04 1.449425e+04 1.449425e+04 1.449430e+04 1.449441e+04 1.449468e+04 1.449480e+04 1.449491e+04 1.449500e+04 1.449486e+04 1.449442e+04 1.449359e+04 1.449195e+04 1.448789e+04 1.447683e+04 1.367572e+04 9.892144e+03 6.578908e+03 5.253952e+03 4.780315e+03 4.619934e+03 4.656615e+03 4.949588e+03 5.474253e+03 6.279261e+03 7.436453e+03 9.021598e+03
1.428914e+04 1.428914e+04 1.428914e+04 1.428914e+04 1.428914e+04 1.428912e+04 1.428906e+04 1.428884e+04 1.428870e+04 1.428853e+04 1.428814e+04 1.428762e+04 1.428695e+04 1.428605e+04 1.428452e+04 1.428075e+04 1.427026e+04 1.348811e+04 9.783702e+03 6.541443e+03 5.248890e+03 4.791183e+03 4.640837e+03 4.692407e+03 5.000614e+03 5.544906e+03 6.375576e+03 7.564557e+03 9.186796e+03
1.409056e+04 1.409056e+04 1.409056e+04 1.409056e+04 1.409056e+04 1.409054e+04 1.409047e+04 1.409016e+04 1.408992e+04 1.408964e+04 1.408897e+04 1.408822e+04 1.408743e+04 1.408654e+04 1.408516e+04 1.408172e+04 1.407181e+04 1.330808e+04 9.680438e+03 6.507200e+03 5.246342e+03 4.804375e+03 4.664074e+03 4.730767e+03 5.054540e+03 5.618868e+03 6.475748e+03 7.697247e+03 9.357466e+03
1.389773e+04 1.389773e+04 1.389773e+04 1.389773e+04 1.389773e+04 1.389770e+04 1.389763e+04 1.389732e+04 1.389709e+04 1.389682e+04 1.389623e+04 1.389561e+04 1.389501e+04 1.389440e+04 1.389340e+04 1.389047e+04 1.388127e+04 1.313568e+04 9.582525e+03 6.476413e+03 5.246546e+03 4.820113e+03 4.689846e+03 4.771874e+03 5.111547e+03 5.696327e+03 6.579970e+03 7.834712e+03 9.533790e+03
1.371015e+04 1.371015e+04 1.371015e+04 1.371015e+04 1.371015e+04 1.371016e+04 1.371015e+04 1.371004e+04 1.370996e+04 1.370986e+04 1.370969e+04 1.370959e+04 1.370957e+04 1.370957e+04 1.370922e+04 1.370699e+04 1.369864e+04 1.297099e+04 9.490129e+03 6.449305e+03 5.249729e+03 4.838610e+03 4.718350e+03 4.815904e+03 5.171810e+03 5.777476e+03 6.688442e+03 7.977148e+03 9.715954e+03
1.352904e+04 1.352904e+04 1.352904e+04 1.352904e+04 1.352904e+04 1.352905e+04 1.352906e+04 1.352921e+04 1.352937e+04 1.352960e+04 1.353020e+04 1.353094e+04 1.353176e+04 1.353259e+04 1.353303e+04 1.353163e+04 1.352419e+04 1.281412e+04 9.403415e+03 6.426089e+03 5.256109e+03 4.860073e+03 4.749776e+03 4.863027e+03 5.235507e+03 5.862505e+03 6.801367e+03 8.124759e+03 9.904154e+03
1.335526e+04 1.335526e+04 1.335526e+04 1.335526e+04 1.335527e+04 1.335538e+04 1.335569e+04 1.335669e+04 1.335733e+04 1.335804e+04 1.335955e+04 1.336114e+04 1.336276e+04 1.336434e+04 1.336553e+04 1.336489e+04 1.335834e+04 1.266523e+04 9.322539e+03 6.406964e+03 5.265891e+03 4.884694e+03 4.784306e+03 4.913411e+03 5.302813e+03 5.951608e+03 6.918952e+03 8.277754e+03 1.009859e+04
1.319491e+04 1.319491e+04 1.319491e+04 1.319491e+04 1.319492e+04 1.319503e+04 1.319538e+04 1.319654e+04 1.319728e+04 1.319807e+04 1.319978e+04 1.320164e+04 1.320360e+04 1.320561e+04 1.320729e+04 1.320723e+04 1.320140e+04 1.252443e+04 9.247647e+03 6.392115e+03 5.279266e+03 4.912661e+03 4.822115e+03 4.967222e+03 5.373901e+03 6.044979e+03 7.041407e+03 8.436347e+03 1.029947e+04
1.304876e+04 1.304876e+04 1.304876e+04 1.304876e+04 1.304876e+04 1.304876e+04 1.304877e+04 1.304901e+04 1.304929e+04 1.304969e+04 1.305084e+04 1.305243e+04 1.305436e+04 1.305650e+04 1.305845e+04 1.305878e+04 1.305352e+04 1.239180e+04 9.178870e+03 6.381716e+03 5.296415e+03 4.944146e+03 4.863370e+03 5.024621e+03 5.448948e+03 6.142816e+03 7.168947e+03 8.600762e+03 1.050702e+04
1.290885e+04 1.290885e+04 1.290885e+04 1.290885e+04 1.290885e+04 1.290884e+04 1.290884e+04 1.290900e+04 1.290924e+04 1.290961e+04 1.291076e+04 1.291238e+04 1.291440e+04 1.291667e+04 1.291880e+04 1.291942e+04 1.291462e+04 1.226738e+04 9.116321e+03 6.375925e+03 5.317505e+03 4.979316e+03 4.908232e+03 5.085767e+03 5.528125e+03 6.245316e+03 7.301793e+03 8.771225e+03 1.072146e+04
1.277410e+04 1.277410e+04 1.277410e+04 1.277411e+04 1.277411e+04 1.277423e+04 1.277458e+04 1.277573e+04 1.277647e+04 1.277728e+04 1.277909e+04 1.278112e+04 1.278336e+04 1.278578e+04 1.278808e+04 1.278893e+04 1.278452e+04 1.215116e+04 9.060103e+03 6.374887e+03 5.342691e+03 5.018324e+03 4.956853e+03 5.150815e+03 5.611608e+03 6.352680e+03 7.440167e+03 8.947971e+03 1.094301e+04
1.265201e+04 1.265201e+04 1.265201e+04 1.265201e+04 1.265202e+04 1.265214e+04 1.265250e+04 1.265373e+04 1.265449e+04 1.265533e+04 1.265712e+04 1.265909e+04 1.266126e+04 1.266366e+04 1.266600e+04 1.266702e+04 1.266297e+04 1.204311e+04 9.010305e+03 6.378735e+03 5.372115e+03 5.061316e+03 5.009378e+03 5.219919e+03 5.699570e+03 6.465112e+03 7.584297e+03 9.131241e+03 1.117192e+04
1.254266e+04 1.254266e+04 1.254266e+04 1.254266e+04 1.254266e+04 1.254265e+04 1.254265e+04 1.254283e+04 1.254305e+04 1.254338e+04 1.254433e+04 1.254570e+04 1.254751e+04 1.254975e+04 1.255213e+04 1.255334e+04 1.254970e+04 1.194322e+04 8.967012e+03 6.387589e+03 5.405909e+03 5.108426e+03 5.065946e+03 5.293229e+03 5.792187e+03 6.582818e+03 7.734418e+03 9.321281e+03 1.140843e+04
1.243741e+04 1.243741e+04 1.243741e+04 1.243741e+04 1.243741e+04 1.243740e+04 1.243737e+04 1.243732e+04 1.243736e+04 1.243747e+04 1.243805e+04 1.243917e+04 1.244092e+04 1.244328e+04 1.244593e+04 1.244756e+04 1.244451e+04 1.185152e+04 8.930307e+03 6.401555e+03 5.444192e+03 5.159781e+03 5.126690e+03 5.370896e+03 5.889637e+03 6.706007e+03 7.890766e+03 9.518344e+03 1.165280e+04
1.233450e+04 1.233450e+04 1.233450e+04 1.233451e+04 1.233451e+04 1.233456e+04 1.233470e+04 1.233512e+04 1.233542e+04 1.233579e+04 1.233689e+04 1.233857e+04 1.234094e+04 1.234396e+04 1.234731e+04 1.234969e+04 1.234748e+04 1.176812e+04 8.900271e+03 6.420732e+03 5.487073e+03 5.215499e+03 5.191736e+03 5.453069e+03 5.992099e+03 6.834895e+03 8.053586e+03 9.722692e+03 1.190529e+04
1.223756e+04 1.223756e+04 1.223756e+04 1.223756e+04 1.223756e+04 1.223762e+04 1.223778e+04 1.223851e+04 1.223912e+04 1.223991e+04 1.224203e+04 1.224486e+04 1.224838e+04 1.225252e+04 1.225691e+04 1.226028e+04 1.225906e+04 1.169318e+04 8.876981e+03 6.445203e+03 5.534651e+03 5.275690e+03 5.261208e+03 5.539896e+03 6.099756e+03 6.969700e+03 8.223126e+03 9.934590e+03 1.216617e+04
1.214769e+04 1.214769e+04 1.214769e+04 1.214770e+04 1.214770e+04 1.214788e+04 1.214836e+04 1.215007e+04 1.215128e+04 1.215271e+04 1.215618e+04 1.216038e+04 1.216519e+04 1.217050e+04 1.217595e+04 1.218028e+04 1.218000e+04 1.162688e+04 8.860500e+03 6.475043e+03 5.587016e+03 5.340461e+03 5.335222e+03 5.631527e+03 6.212794e+03 7.110646e+03 8.399642e+03 1.015431e+04 1.243570e+04
1.207195e+04 1.207195e+04 1.207195e+04 1.207195e+04 1.207195e+04 1.207214e+04 1.207273e+04 1.207497e+04 1.207656e+04 1.207841e+04 1.208277e+04 1.208785e+04 1.209350e+04 1.209956e+04 1.210568e+04 1.211063e+04 1.211098e+04 1.156933e+04 8.850872e+03 6.510315e+03 5.644251e+03 5.409908e+03 5.413895e+03 5.728112e+03 6.331403e+03 7.257962e+03 8.583397e+03 1.038214e+04 1.271418e+04
1.201357e+04 1.201357e+04 1.201357e+04 1.201357e+04 1.201357e+04 1.201374e+04 1.201426e+04 1.201627e+04 1.201775e+04 1.201952e+04 1.202378e+04 1.202883e+04 1.203447e+04 1.204053e+04 1.204668e+04 1.205171e+04 1.205226e+04 1.152052e+04 8.848114e+03 6.551074e+03 5.706433e+03 5.484128e+03 5.497340e+03 5.829805e+03 6.455778e+03 7.411885e+03 8.774658e+03 1.061836e+04 1.300190e+04
1.196992e+04 1.196992e+04 1.196992e+04 1.196993e+04 1.196993e+04 1.197007e+04 1.197049e+04 1.197218e+04 1.197341e+04 1.197488e+04 1.197844e+04 1.198271e+04 1.198758e+04 1.199296e+04 1.199853e+04 1.200314e+04 1.200347e+04 1.148032e+04 8.852218e+03 6.597365e+03 5.773632e+03 5.563212e+03 5.585670e+03 5.936763e+03 6.586120e+03 7.572657e+03 8.973702e+03 1.086326e+04 1.329915e+04
1.193819e+04 1.193819e+04 1.193819e+04 1.193819e+04 1.193819e+04 1.193833e+04 1.193871e+04 1.193995e+04 1.194079e+04 1.194177e+04 1.194417e+04 1.194719e+04 1.195085e+04 1.195514e+04 1.195983e+04 1.196377e+04 1.196369e+04 1.144846e+04 8.863164e+03 6.649231e+03 5.845916e+03 5.647251e+03 5.678997e+03 6.049144e+03 6.722638e+03 7.740531e+03 9.180815e+03 1.111716e+04 1.360623e+04
1.191531e+04 1.191531e+04 1.191531e+04 1.191531e+04 1.191531e+04 1.191531e+04 1.191533e+04 1.191551e+04 1.191574e+04 1.191609e+04 1.191720e+04 1.191895e+04 1.192146e+04 1.192478e+04 1.192870e+04 1.193210e+04 1.193175e+04 1.142465e+04 8.880930e+03 6.706711e+03 5.923353e+03 5.736334e+03 5.777438e+03 6.167116e+03 6.865547e+03 7.915764e+03 9.396287e+03 1.138036e+04 1.392347e+04
1.189291e+04 1.189291e+04 1.189291e+04 1.189291e+04 1.189291e+04 1.189291e+04 1.189292e+04 1.189296e+04 1.189302e+04 1.189313e+04 1.189367e+04 1.189483e+04 1.189684e+04 1.189980e+04 1.190352e+04 1.190689e+04 1.190670e+04 1.140871e+04 8.905513e+03 6.769845e+03 6.006007e+03 5.830554e+03 5.881109e+03 6.290851e+03 7.015071e+03 8.098626e+03 9.620420e+03 1.165319e+04 1.425118e+04
1.187045e+04 1.187045e+04 1.187045e+04 1.187045e+04 1.187045e+04 1.187047e+04 1.187052e+04 1.187068e+04 1.187080e+04 1.187100e+04 1.187176e+04 1.187327e+04 1.187574e+04 1.187927e+04 1.188362e+04 1.188767e+04 1.188823e+04 1.140063e+04 8.936937e+03 6.838677e+03 6.093946e+03 5.930004e+03 5.990133e+03 6.420528e+03 7.171443e+03 8.289394e+03 9.853525e+03 1.193596e+04 1.458970e+04
