8.002981e+06 4.205222e+06 3.249548e+06 2.028456e+06 1.747892e+06 1.179458e+06 9.902104e+05 8.475269e+05 8.112178e+05 7.852212e+05 7.515529e+05 7.324003e+05 7.218012e+05 7.162751e+05 7.128790e+05 7.084596e+05 6.996234e+05 5.319418e+05 3.216350e+05 2.135560e+05 1.657132e+05 1.444282e+05 1.355689e+05 1.339779e+05 1.406321e+05 1.494936e+05 1.584580e+05 1.669016e+05 1.748384e+05
1.167316e+06 1.167319e+06 1.167319e+06 1.166269e+06 1.159163e+06 1.050999e+06 9.424448e+05 8.312880e+05 7.998306e+05 7.767790e+05 7.464603e+05 7.291334e+05 7.196685e+05 7.149049e+05 7.120431e+05 7.080001e+05 6.994201e+05 5.319532e+05 3.214924e+05 2.134227e+05 1.656384e+05 1.444100e+05 1.355959e+05 1.340632e+05 1.407452e+05 1.496159e+05 1.585789e+05 1.670162e+05 1.749450e+05
9.723757e+05 9.723772e+05 9.723808e+05 9.723584e+05 9.717976e+05 9.487993e+05 8.896085e+05 8.117633e+05 7.864553e+05 7.670666e+05 7.407866e+05 7.255778e+05 7.173905e+05 7.134663e+05 7.111819e+05 7.075393e+05 6.992275e+05 5.319679e+05 3.213444e+05 2.132856e+05 1.655621e+05 1.443920e+05 1.356239e+05 1.341501e+05 1.408599e+05 1.497395e+05 1.587010e+05 1.671315e+05 1.750523e+05
8.850311e+05 8.850319e+05 8.850341e+05 8.850533e+05 8.849599e+05 8.708600e+05 8.530652e+05 7.907759e+05 7.716871e+05 7.563372e+05 7.346071e+05 7.217666e+05 7.149852e+05 7.119706e+05 7.103031e+05 7.070823e+05 6.990491e+05 5.319863e+05 3.211909e+05 2.131447e+05 1.654844e+05 1.443740e+05 1.356529e+05 1.342386e+05 1.409760e+05 1.498644e+05 1.588240e+05 1.672477e+05 1.751602e+05
8.322373e+05 8.322377e+05 8.322390e+05 8.322569e+05 8.322460e+05 8.243019e+05 8.152498e+05 7.731551e+05 7.569415e+05 7.451266e+05 7.280468e+05 7.177448e+05 7.124739e+05 7.104298e+05 7.094141e+05 7.066343e+05 6.988884e+05 5.320083e+05 3.210315e+05 2.129999e+05 1.654053e+05 1.443562e+05 1.356828e+05 1.343286e+05 1.410937e+05 1.499905e+05 1.589481e+05 1.673647e+05 1.752687e+05
7.954650e+05 7.954654e+05 7.954663e+05 7.954827e+05 7.954963e+05 7.914836e+05 7.823862e+05 7.608251e+05 7.452134e+05 7.345113e+05 7.213304e+05 7.135821e+05 7.098854e+05 7.088583e+05 7.085233e+05 7.062005e+05 6.987487e+05 5.320338e+05 3.208661e+05 2.128511e+05 1.653248e+05 1.443385e+05 1.357137e+05 1.344202e+05 1.412130e+05 1.501180e+05 1.590732e+05 1.674825e+05 1.753778e+05
7.680890e+05 7.680892e+05 7.680898e+05 7.681041e+05 7.681270e+05 7.661858e+05 7.578645e+05 7.490447e+05 7.370345e+05 7.264584e+05 7.148454e+05 7.093917e+05 7.072618e+05 7.072753e+05 7.076409e+05 7.057865e+05 6.986334e+05 5.320626e+05 3.206945e+05 2.126983e+05 1.652428e+05 1.443210e+05 1.357457e+05 1.345135e+05 1.413338e+05 1.502468e+05 1.591994e+05 1.676011e+05 1.754876e+05
7.470645e+05 7.470647e+05 7.470653e+05 7.470782e+05 7.471047e+05 7.462372e+05 7.397586e+05 7.364647e+05 7.296552e+05 7.209473e+05 7.092227e+05 7.053516e+05 7.046673e+05 7.057081e+05 7.067798e+05 7.053994e+05 6.985464e+05 5.320945e+05 3.205162e+05 2.125413e+05 1.651594e+05 1.443037e+05 1.357787e+05 1.346083e+05 1.414562e+05 1.503769e+05 1.593265e+05 1.677206e+05 1.755980e+05
7.306907e+05 7.306909e+05 7.306914e+05 7.307038e+05 7.307315e+05 7.304382e+05 7.259135e+05 7.239965e+05 7.219019e+05 7.162587e+05 7.054216e+05 7.017274e+05 7.021967e+05 7.041961e+05 7.059586e+05 7.050484e+05 6.984923e+05 5.321289e+05 3.203311e+05 2.123801e+05 1.650746e+05 1.442866e+05 1.358129e+05 1.347048e+05 1.415801e+05 1.505084e+05 1.594548e+05 1.678408e+05 1.757090e+05
7.178751e+05 7.178752e+05 7.178757e+05 7.178869e+05 7.179141e+05 7.179401e+05 7.150197e+05 7.128547e+05 7.138289e+05 7.115057e+05 7.031026e+05 6.989226e+05 6.999847e+05 7.027950e+05 7.052027e+05 7.047460e+05 6.984776e+05 5.321655e+05 3.201388e+05 2.122146e+05 1.649884e+05 1.442698e+05 1.358481e+05 1.348030e+05 1.417056e+05 1.506411e+05 1.595841e+05 1.679618e+05 1.758206e+05
7.078696e+05 7.078698e+05 7.078701e+05 7.078800e+05 7.079054e+05 7.081030e+05 7.063514e+05 7.036715e+05 7.060370e+05 7.064666e+05 7.014802e+05 6.974440e+05 6.982192e+05 7.015817e+05 7.045474e+05 7.045093e+05 6.985107e+05 5.322037e+05 3.199388e+05 2.120447e+05 1.649007e+05 1.442533e+05 1.358845e+05 1.349028e+05 1.418327e+05 1.507752e+05 1.597144e+05 1.680836e+05 1.759329e+05
6.837510e+05 6.837511e+05 6.837513e+05 6.837577e+05 6.837757e+05 6.841393e+05 6.845084e+05 6.829731e+05 6.835045e+05 6.862136e+05 6.936868e+05 6.981150e+05 7.003179e+05 7.026721e+05 7.050699e+05 7.054003e+05 6.999424e+05 5.324105e+05 3.188126e+05 2.111262e+05 1.644413e+05 1.441756e+05 1.360846e+05 1.354281e+05 1.424926e+05 1.514657e+05 1.603817e+05 1.687049e+05 1.765035e+05
6.818996e+05 6.818996e+05 6.818998e+05 6.819046e+05 6.819182e+05 6.822505e+05 6.829362e+05 6.836743e+05 6.837626e+05 6.846625e+05 6.907016e+05 6.999380e+05 7.080911e+05 7.135583e+05 7.160375e+05 7.144393e+05 7.065867e+05 5.326893e+05 3.174448e+05 2.100854e+05 1.639473e+05 1.441089e+05 1.363175e+05 1.359982e+05 1.431938e+05 1.521898e+05 1.610753e+05 1.693460e+05 1.770894e+05
6.909942e+05 6.909943e+05 6.909944e+05 6.909981e+05 6.910091e+05 6.913048e+05 6.920350e+05 6.938208e+05 6.945601e+05 6.953827e+05 6.991042e+05 7.068926e+05 7.167747e+05 7.254072e+05 7.301192e+05 7.288448e+05 7.195739e+05 5.333687e+05 3.158172e+05 2.089172e+05 1.634213e+05 1.440572e+05 1.365869e+05 1.366154e+05 1.439373e+05 1.529481e+05 1.617949e+05 1.700069e+05 1.776904e+05
7.072022e+05 7.072022e+05 7.072023e+05 7.072055e+05 7.072152e+05 7.074886e+05 7.082205e+05 7.104566e+05 7.117096e+05 7.129823e+05 7.162423e+05 7.219331e+05 7.301181e+05 7.385782e+05 7.440652e+05 7.433302e+05 7.335870e+05 5.353827e+05 3.139720e+05 2.076294e+05 1.628701e+05 1.440261e+05 1.368970e+05 1.372818e+05 1.447239e+05 1.537404e+05 1.625405e+05 1.706872e+05 1.783061e+05
7.291740e+05 7.291741e+05 7.291742e+05 7.291771e+05 7.291860e+05 7.294478e+05 7.301827e+05 7.326556e+05 7.342111e+05 7.358598e+05 7.393519e+05 7.436223e+05 7.491359e+05 7.549372e+05 7.585398e+05 7.566109e+05 7.458358e+05 5.381896e+05 3.120583e+05 2.062508e+05 1.623064e+05 1.440230e+05 1.372525e+05 1.379992e+05 1.455542e+05 1.545670e+05 1.633117e+05 1.713865e+05 1.789361e+05
7.565450e+05 7.565450e+05 7.565451e+05 7.565479e+05 7.565565e+05 7.568114e+05 7.575438e+05 7.601168e+05 7.617915e+05 7.635599e+05 7.668643e+05 7.695747e+05 7.719504e+05 7.737865e+05 7.735567e+05 7.684981e+05 7.553596e+05 5.399243e+05 3.103809e+05 2.048409e+05 1.617518e+05 1.440586e+05 1.376594e+05 1.387698e+05 1.464288e+05 1.554276e+05 1.641081e+05 1.721044e+05 1.795799e+05
7.889998e+05 7.889998e+05 7.889999e+05 7.890026e+05 7.890108e+05 7.892561e+05 7.899732e+05 7.924679e+05 7.939083e+05 7.951946e+05 7.967011e+05 7.964723e+05 7.948341e+05 7.919813e+05 7.870290e+05 7.777970e+05 7.613565e+05 5.393382e+05 3.086933e+05 2.035060e+05 1.612396e+05 1.441475e+05 1.381252e+05 1.395956e+05 1.473481e+05 1.563219e+05 1.649292e+05 1.728401e+05 1.802371e+05
8.262598e+05 8.262598e+05 8.262599e+05 8.262625e+05 8.262705e+05 8.265158e+05 8.271642e+05 8.279365e+05 8.275662e+05 8.266560e+05 8.233626e+05 8.183972e+05 8.121578e+05 8.047542e+05 7.954122e+05 7.822272e+05 7.625516e+05 5.358185e+05 3.065866e+05 2.023902e+05 1.608178e+05 1.443096e+05 1.386593e+05 1.404793e+05 1.483123e+05 1.572495e+05 1.657743e+05 1.735932e+05 1.809070e+05
8.616604e+05 8.616602e+05 8.616597e+05 8.616429e+05 8.615946e+05 8.604317e+05 8.577783e+05 8.510782e+05 8.474019e+05 8.435768e+05 8.355136e+05 8.268739e+05 8.175954e+05 8.073925e+05 7.953294e+05 7.795832e+05 7.577223e+05 5.293233e+05 3.038304e+05 2.013970e+05 1.605596e+05 1.445708e+05 1.392737e+05 1.414235e+05 1.493219e+05 1.582099e+05 1.666427e+05 1.743628e+05 1.815891e+05
8.415587e+05 8.415587e+05 8.415586e+05 8.415563e+05 8.415491e+05 8.413368e+05 8.406678e+05 8.376269e+05 8.352240e+05 8.323346e+05 8.254323e+05 8.173881e+05 8.083434e+05 7.980245e+05 7.855045e+05 7.690776e+05 7.465309e+05 5.202142e+05 3.003482e+05 2.004236e+05 1.605339e+05 1.449653e+05 1.399835e+05 1.424318e+05 1.503772e+05 1.592026e+05 1.675336e+05 1.751481e+05 1.822826e+05
8.078327e+05 8.078327e+05 8.078326e+05 8.078322e+05 8.078308e+05 8.077763e+05 8.075711e+05 8.064784e+05 8.054538e+05 8.040431e+05 8.000239e+05 7.944923e+05 7.875094e+05 7.787874e+05 7.674153e+05 7.517765e+05 7.298300e+05 5.090765e+05 2.961992e+05 1.994141e+05 1.606870e+05 1.455448e+05 1.408074e+05 1.435084e+05 1.514787e+05 1.602269e+05 1.684461e+05 1.759484e+05 1.829868e+05
7.739851e+05 7.739851e+05 7.739851e+05 7.739847e+05 7.739834e+05 7.739415e+05 7.737969e+05 7.731159e+05 7.725154e+05 7.716902e+05 7.692372e+05 7.655807e+05 7.605517e+05 7.536964e+05 7.440034e+05 7.298410e+05 7.092386e+05 4.965706e+05 2.915385e+05 1.983483e+05 1.609773e+05 1.463381e+05 1.417703e+05 1.446584e+05 1.526270e+05 1.612822e+05 1.693793e+05 1.767628e+05 1.837011e+05
7.416818e+05 7.416818e+05 7.416817e+05 7.416813e+05 7.416798e+05 7.416311e+05 7.414765e+05 7.408196e+05 7.402997e+05 7.396362e+05 7.378091e+05 7.351768e+05 7.314778e+05 7.261336e+05 7.180246e+05 7.054602e+05 6.864735e+05 4.833275e+05 2.865690e+05 1.972370e+05 1.613772e+05 1.473086e+05 1.429096e+05 1.458881e+05 1.538231e+05 1.623679e+05 1.703322e+05 1.775902e+05 1.844246e+05
7.102452e+05 7.102452e+05 7.102452e+05 7.102449e+05 7.102438e+05 7.102038e+05 7.100681e+05 7.094976e+05 7.090620e+05 7.085227e+05 7.071031e+05 7.051332e+05 7.023573e+05 6.981639e+05 6.913869e+05 6.803026e+05 6.629378e+05 4.698869e+05 2.815005e+05 1.961147e+05 1.618701e+05 1.484304e+05 1.442324e+05 1.472054e+05 1.550682e+05 1.634835e+05 1.713038e+05 1.784297e+05 1.851565e+05
6.797490e+05 6.797490e+05 6.797490e+05 6.797488e+05 6.797483e+05 6.797287e+05 6.796578e+05 6.793246e+05 6.790465e+05 6.786862e+05 6.776981e+05 6.762882e+05 6.742353e+05 6.709485e+05 6.652712e+05 6.554877e+05 6.396360e+05 4.566741e+05 2.765217e+05 1.950311e+05 1.624484e+05 1.496834e+05 1.457106e+05 1.486205e+05 1.563643e+05 1.646287e+05 1.722933e+05 1.792805e+05 1.858960e+05
6.514480e+05 6.514480e+05 6.514480e+05 6.514479e+05 6.514477e+05 6.514387e+05 6.514021e+05 6.512164e+05 6.510525e+05 6.508318e+05 6.501938e+05 6.492338e+05 6.477505e+05 6.451812e+05 6.404028e+05 6.317336e+05 6.172418e+05 4.440023e+05 2.717868e+05 1.940413e+05 1.631129e+05 1.510514e+05 1.473244e+05 1.501480e+05 1.577137e+05 1.658031e+05 1.732997e+05 1.801415e+05 1.866423e+05
6.257345e+05 6.257345e+05 6.257345e+05 6.257345e+05 6.257345e+05 6.257321e+05 6.257165e+05 6.256143e+05 6.255163e+05 6.253805e+05 6.249755e+05 6.243391e+05 6.232826e+05 6.212686e+05 6.172129e+05 6.094807e+05 5.961829e+05 4.320881e+05 2.674116e+05 1.931985e+05 1.638704e+05 1.525218e+05 1.490568e+05 1.518077e+05 1.591196e+05 1.670070e+05 1.743223e+05 1.810118e+05 1.873946e+05
6.026100e+05 6.026100e+05 6.026100e+05 6.026099e+05 6.026098e+05 6.026056e+05 6.025905e+05 6.025192e+05 6.024582e+05 6.023758e+05 6.021301e+05 6.017278e+05 6.009900e+05 5.994031e+05 5.959242e+05 5.889716e+05 5.767074e+05 4.210705e+05 2.634764e+05 1.925493e+05 1.647321e+05 1.540854e+05 1.508925e+05 1.535867e+05 1.605864e+05 1.682406e+05 1.753604e+05 1.818906e+05 1.881522e+05
5.817346e+05 5.817346e+05 5.817346e+05 5.817347e+05 5.817348e+05 5.817385e+05 5.817447e+05 5.817434e+05 5.817290e+05 5.817018e+05 5.815963e+05 5.813811e+05 5.808902e+05 5.796358e+05 5.766177e+05 5.703112e+05 5.589346e+05 4.110283e+05 2.600315e+05 1.921306e+05 1.657104e+05 1.557362e+05 1.528178e+05 1.554669e+05 1.621202e+05 1.695046e+05 1.764134e+05 1.827771e+05 1.889143e+05
5.632005e+05 5.632005e+05 5.632005e+05 5.632006e+05 5.632009e+05 5.632070e+05 5.632221e+05 5.632650e+05 5.632863e+05 5.633028e+05 5.633081e+05 5.632370e+05 5.629345e+05 5.619367e+05 5.592855e+05 5.535129e+05 5.428947e+05 4.019950e+05 2.571026e+05 1.919686e+05 1.668179e+05 1.574705e+05 1.548207e+05 1.574339e+05 1.637318e+05 1.708003e+05 1.774810e+05 1.836706e+05 1.896803e+05
5.469073e+05 5.469073e+05 5.469073e+05 5.469074e+05 5.469077e+05 5.469161e+05 5.469393e+05 5.470127e+05 5.470555e+05 5.470981e+05 5.471718e+05 5.471968e+05 5.470282e+05 5.462232e+05 5.438617e+05 5.385288e+05 5.285573e+05 3.939712e+05 2.546971e+05 1.920794e+05 1.680652e+05 1.592868e+05 1.568908e+05 1.594741e+05 1.654270e+05 1.721295e+05 1.785631e+05 1.845704e+05 1.904495e+05
5.327358e+05 5.327358e+05 5.327358e+05 5.327359e+05 5.327362e+05 5.327439e+05 5.327637e+05 5.328297e+05 5.328729e+05 5.329210e+05 5.330242e+05 5.331072e+05 5.330316e+05 5.323716e+05 5.302401e+05 5.252715e+05 5.158523e+05 3.869337e+05 2.528082e+05 1.924701e+05 1.694601e+05 1.611843e+05 1.590195e+05 1.615746e+05 1.671903e+05 1.734951e+05 1.796599e+05 1.854762e+05 1.912213e+05
5.203125e+05 5.203125e+05 5.203125e+05 5.203126e+05 5.203129e+05 5.203206e+05 5.203412e+05 5.204110e+05 5.204594e+05 5.205161e+05 5.206494e+05 5.207822e+05 5.207823e+05 5.202387e+05 5.182953e+05 5.136319e+05 5.046866e+05 3.808429e+05 2.514192e+05 1.931400e+05 1.710071e+05 1.631627e+05 1.611993e+05 1.637229e+05 1.690089e+05 1.749019e+05 1.807717e+05 1.863875e+05 1.919953e+05
5.094199e+05 5.094199e+05 5.094199e+05 5.094200e+05 5.094203e+05 5.094295e+05 5.094563e+05 5.095536e+05 5.096206e+05 5.096979e+05 5.098778e+05 5.100658e+05 5.101350e+05 5.096894e+05 5.079020e+05 5.034959e+05 4.949578e+05 3.756481e+05 2.505060e+05 1.940821e+05 1.727070e+05 1.652213e+05 1.634241e+05 1.659071e+05 1.708717e+05 1.763582e+05 1.818996e+05 1.873044e+05 1.927713e+05
5.000630e+05 5.000630e+05 5.000630e+05 5.000631e+05 5.000635e+05 5.000741e+05 5.001058e+05 5.002228e+05 5.003045e+05 5.003992e+05 5.006192e+05 5.008524e+05 5.009755e+05 5.006058e+05 4.989432e+05 4.947506e+05 4.865601e+05 3.712913e+05 2.500392e+05 1.952842e+05 1.745572e+05 1.673586e+05 1.656885e+05 1.681162e+05 1.727681e+05 1.778600e+05 1.830451e+05 1.882268e+05 1.935488e+05
4.921908e+05 4.921908e+05 4.921908e+05 4.921909e+05 4.921913e+05 4.922028e+05 4.922369e+05 4.923642e+05 4.924531e+05 4.925556e+05 4.927922e+05 4.930446e+05 4.931947e+05 4.928724e+05 4.913017e+05 4.872811e+05 4.793844e+05 3.677094e+05 2.499860e+05 1.967305e+05 1.765520e+05 1.695717e+05 1.679876e+05 1.703396e+05 1.746880e+05 1.793955e+05 1.842106e+05 1.891552e+05 1.943279e+05
4.857066e+05 4.857066e+05 4.857066e+05 4.857067e+05 4.857071e+05 4.857194e+05 4.857554e+05 4.858786e+05 4.859602e+05 4.860533e+05 4.862710e+05 4.865104e+05 4.866593e+05 4.863580e+05 4.848501e+05 4.809659e+05 4.733162e+05 3.648363e+05 2.503112e+05 1.984017e+05 1.786825e+05 1.718567e+05 1.703167e+05 1.725680e+05 1.766215e+05 1.809555e+05 1.854007e+05 1.900902e+05 1.951086e+05
4.804732e+05 4.804732e+05 4.804732e+05 4.804732e+05 4.804733e+05 4.804762e+05 4.804868e+05 4.805493e+05 4.806038e+05 4.806736e+05 4.808550e+05 4.810706e+05 4.812084e+05 4.809154e+05 4.794528e+05 4.756790e+05 4.682390e+05 3.626042e+05 2.509780e+05 2.002767e+05 1.809380e+05 1.742080e+05 1.726710e+05 1.747924e+05 1.785592e+05 1.825317e+05 1.866206e+05 1.910328e+05 1.958911e+05
4.758815e+05 4.758815e+05 4.758815e+05 4.758816e+05 4.758819e+05 4.758913e+05 4.759184e+05 4.760105e+05 4.760740e+05 4.761493e+05 4.763354e+05 4.765510e+05 4.766891e+05 4.764061e+05 4.749809e+05 4.712996e+05 4.640396e+05 3.609450e+05 2.519490e+05 2.023328e+05 1.833053e+05 1.766186e+05 1.750454e+05 1.770052e+05 1.804919e+05 1.841164e+05 1.878624e+05 1.919847e+05 1.966759e+05
4.721246e+05 4.721246e+05 4.721246e+05 4.721247e+05 4.721250e+05 4.721339e+05 4.721608e+05 4.722635e+05 4.723368e+05 4.724227e+05 4.726270e+05 4.728534e+05 4.729965e+05 4.727216e+05 4.713253e+05 4.677198e+05 4.606137e+05 3.597916e+05 2.531864e+05 2.045461e+05 1.857698e+05 1.790803e+05 1.774343e+05 1.791991e+05 1.824111e+05 1.857020e+05 1.891181e+05 1.929486e+05 1.974637e+05
4.691873e+05 4.691873e+05 4.691873e+05 4.691874e+05 4.691878e+05 4.691973e+05 4.692260e+05 4.693333e+05 4.694086e+05 4.694961e+05 4.697001e+05 4.699204e+05 4.700535e+05 4.697723e+05 4.683893e+05 4.648405e+05 4.578627e+05 3.590782e+05 2.546526e+05 2.068922e+05 1.883159e+05 1.815837e+05 1.798319e+05 1.813678e+05 1.843091e+05 1.872815e+05 1.903814e+05 1.939291e+05 1.982554e+05
4.670363e+05 4.670363e+05 4.670363e+05 4.670364e+05 4.670367e+05 4.670459e+05 4.670730e+05 4.671688e+05 4.672337e+05 4.673082e+05 4.674811e+05 4.676670e+05 4.677664e+05 4.674596e+05 4.660723e+05 4.625614e+05 4.556895e+05 3.587407e+05 2.563108e+05 2.093465e+05 1.909268e+05 1.841184e+05 1.822315e+05 1.835054e+05 1.861784e+05 1.888479e+05 1.916464e+05 1.949272e+05 1.990523e+05
4.655416e+05 4.655416e+05 4.655416e+05 4.655417e+05 4.655418e+05 4.655467e+05 4.655609e+05 4.656146e+05 4.656540e+05 4.657016e+05 4.658201e+05 4.659542e+05 4.660072e+05 4.656643e+05 4.642628e+05 4.607781e+05 4.539958e+05 3.587177e+05 2.581249e+05 2.118846e+05 1.935856e+05 1.866732e+05 1.846261e+05 1.856067e+05 1.880125e+05 1.903948e+05 1.929077e+05 1.959358e+05 1.998565e+05
4.643538e+05 4.643538e+05 4.643538e+05 4.643538e+05 4.643539e+05 4.643558e+05 4.643614e+05 4.643882e+05 4.644112e+05 4.644413e+05 4.645231e+05 4.646195e+05 4.646362e+05 4.642636e+05 4.628500e+05 4.593889e+05 4.526879e+05 3.589507e+05 2.600603e+05 2.144823e+05 1.962747e+05 1.892366e+05 1.870085e+05 1.876670e+05 1.898053e+05 1.919162e+05 1.941601e+05 1.969496e+05 2.006707e+05
4.632598e+05 4.632598e+05 4.632598e+05 4.632598e+05 4.632600e+05 4.632643e+05 4.632767e+05 4.633184e+05 4.633466e+05 4.633797e+05 4.634605e+05 4.635475e+05 4.635485e+05 4.631602e+05 4.617426e+05 4.583073e+05 4.516838e+05 3.593853e+05 2.620837e+05 2.171162e+05 1.989771e+05 1.917965e+05 1.893707e+05 1.896817e+05 1.915517e+05 1.934063e+05 1.953989e+05 1.979644e+05 2.014995e+05
4.623839e+05 4.623839e+05 4.623839e+05 4.623839e+05 4.623841e+05 4.623884e+05 4.624012e+05 4.624486e+05 4.624818e+05 4.625201e+05 4.626089e+05 4.626969e+05 4.626913e+05 4.622936e+05 4.608755e+05 4.574659e+05 4.509157e+05 3.599713e+05 2.641637e+05 2.197638e+05 2.016756e+05 1.943409e+05 1.917048e+05 1.916468e+05 1.932469e+05 1.948602e+05 1.966192e+05 1.989763e+05 2.023405e+05
4.617471e+05 4.617471e+05 4.617471e+05 4.617471e+05 4.617473e+05 4.617520e+05 4.617656e+05 4.618156e+05 4.618500e+05 4.618891e+05 4.619761e+05 4.620557e+05 4.620357e+05 4.616224e+05 4.601983e+05 4.568091e+05 4.503256e+05 3.606629e+05 2.662709e+05 2.224034e+05 2.043537e+05 1.968575e+05 1.940027e+05 1.935584e+05 1.948870e+05 1.962730e+05 1.978170e+05 1.999816e+05 2.031887e+05
4.613574e+05 4.613574e+05 4.613574e+05 4.613574e+05 4.613575e+05 4.613618e+05 4.613743e+05 4.614189e+05 4.614476e+05 4.614786e+05 4.615424e+05 4.615925e+05 4.615404e+05 4.610982e+05 4.596585e+05 4.562821e+05 4.498583e+05 3.614183e+05 2.683779e+05 2.250149e+05 2.069955e+05 1.993348e+05 1.962564e+05 1.954129e+05 1.964686e+05 1.976408e+05 1.989882e+05 2.009770e+05 2.040409e+05
4.611764e+05 4.611764e+05 4.611764e+05 4.611765e+05 4.611766e+05 4.611800e+05 4.611869e+05 4.612010e+05 4.612078e+05 4.612145e+05 4.612278e+05 4.612286e+05 4.611314e+05 4.606522e+05 4.591919e+05 4.558250e+05 4.494576e+05 3.621997e+05 2.704597e+05 2.275792e+05 2.095861e+05 2.017611e+05 1.984579e+05 1.972069e+05 1.979888e+05 1.989600e+05 2.001292e+05 2.019594e+05 2.048941e+05
4.609881e+05 4.609881e+05 4.609881e+05 4.609880e+05 4.609880e+05 4.609849e+05 4.609756e+05 4.609469e+05 4.609312e+05 4.609158e+05 4.608865e+05 4.608474e+05 4.607139e+05 4.602055e+05 4.587311e+05 4.553787e+05 4.490710e+05 3.629736e+05 2.724935e+05 2.300789e+05 2.121113e+05 2.041257e+05 2.005995e+05 1.989373e+05 1.994454e+05 2.002274e+05 2.012367e+05 2.029258e+05 2.057460e+05
4.604651e+05 4.604651e+05 4.604651e+05 4.604651e+05 4.604651e+05 4.604652e+05 4.604647e+05 4.604564e+05 4.604478e+05 4.604366e+05 4.604081e+05 4.603620e+05 4.602171e+05 4.596985e+05 4.582244e+05 4.548971e+05 4.486562e+05 3.637113e+05 2.744591e+05 2.324981e+05 2.145582e+05 2.064183e+05 2.026738e+05 2.006010e+05 2.008364e+05 2.014407e+05 2.023079e+05 2.038736e+05 2.065942e+05
4.598162e+05 4.598162e+05 4.598162e+05 4.598162e+05 4.598163e+05 4.598169e+05 4.598182e+05 4.598193e+05 4.598180e+05 4.598147e+05 4.598008e+05 4.597645e+05 4.596244e+05 4.591095e+05 4.576472e+05 4.543540e+05 4.481863e+05 3.643887e+05 2.763384e+05 2.348226e+05 2.169150e+05 2.086295e+05 2.046739e+05 2.021955e+05 2.021604e+05 2.025977e+05 2.033401e+05 2.048003e+05 2.074367e+05
4.591123e+05 4.591123e+05 4.591123e+05 4.591123e+05 4.591123e+05 4.591129e+05 4.591145e+05 4.591185e+05 4.591200e+05 4.591205e+05 4.591153e+05 4.590870e+05 4.589524e+05 4.584434e+05 4.569957e+05 4.537391e+05 4.476467e+05 3.649864e+05 2.781161e+05 2.370397e+05 2.191709e+05 2.107508e+05 2.065934e+05 2.037181e+05 2.034164e+05 2.036971e+05 2.043314e+05 2.057040e+05 2.082716e+05
4.583770e+05 4.583770e+05 4.583770e+05 4.583770e+05 4.583771e+05 4.583778e+05 4.583796e+05 4.583849e+05 4.583873e+05 4.583885e+05 4.583842e+05 4.583547e+05 4.582175e+05 4.577079e+05 4.562700e+05 4.530469e+05 4.470274e+05 3.654883e+05 2.797789e+05 2.391385e+05 2.213168e+05 2.127743e+05 2.084265e+05 2.051667e+05 2.046038e+05 2.047377e+05 2.052800e+05 2.065825e+05 2.090971e+05
4.576241e+05 4.576241e+05 4.576241e+05 4.576241e+05 4.576241e+05 4.576250e+05 4.576273e+05 4.576320e+05 4.576321e+05 4.576296e+05 4.576139e+05 4.575699e+05 4.574178e+05 4.568977e+05 4.554622e+05 4.522672e+05 4.463166e+05 3.658810e+05 2.813158e+05 2.411097e+05 2.233447e+05 2.146934e+05 2.101681e+05 2.065393e+05 2.057221e+05 2.057189e+05 2.061846e+05 2.074344e+05 2.099118e+05
4.568663e+05 4.568663e+05 4.568663e+05 4.568663e+05 4.568663e+05 4.568647e+05 4.568607e+05 4.568456e+05 4.568335e+05 4.568180e+05 4.567748e+05 4.567035e+05 4.565269e+05 4.559894e+05 4.545517e+05 4.513820e+05 4.454984e+05 3.661535e+05 2.827177e+05 2.429459e+05 2.252478e+05 2.165024e+05 2.118137e+05 2.078342e+05 2.067713e+05 2.066406e+05 2.070442e+05 2.082583e+05 2.107143e+05
4.559598e+05 4.559598e+05 4.559598e+05 4.559597e+05 4.559597e+05 4.559575e+05 4.559502e+05 4.559184e+05 4.558945e+05 4.558659e+05 4.557957e+05 4.556986e+05 4.555000e+05 4.549482e+05 4.535115e+05 4.503700e+05 4.445558e+05 3.662972e+05 2.839779e+05 2.446409e+05 2.270208e+05 2.181966e+05 2.133595e+05 2.090502e+05 2.077517e+05 2.075029e+05 2.078584e+05 2.090532e+05 2.115035e+05
4.548019e+05 4.548019e+05 4.548019e+05 4.548019e+05 4.548018e+05 4.547987e+05 4.547887e+05 4.547496e+05 4.547218e+05 4.546892e+05 4.546106e+05 4.545052e+05 4.542994e+05 4.537458e+05 4.523204e+05 4.492151e+05 4.434764e+05 3.663063e+05 2.850913e+05 2.461904e+05 2.286595e+05 2.197722e+05 2.148025e+05 2.101863e+05 2.086636e+05 2.083063e+05 2.086268e+05 2.098182e+05 2.122785e+05
4.533515e+05 4.533515e+05 4.533515e+05 4.533515e+05 4.533514e+05 4.533503e+05 4.533452e+05 4.533201e+05 4.533000e+05 4.532748e+05 4.532096e+05 4.531151e+05 4.529191e+05 4.523775e+05 4.509747e+05 4.479146e+05 4.422580e+05 3.661779e+05 2.860548e+05 2.475914e+05 2.301612e+05 2.212267e+05 2.161406e+05 2.112419e+05 2.095080e+05 2.090517e+05 2.093497e+05 2.105530e+05 2.130384e+05
4.517372e+05 4.517372e+05 4.517372e+05 4.517371e+05 4.517371e+05 4.517361e+05 4.517327e+05 4.517178e+05 4.517051e+05 4.516884e+05 4.516414e+05 4.515648e+05 4.513858e+05 4.508635e+05 4.494895e+05 4.464796e+05 4.409084e+05 3.659121e+05 2.868670e+05 2.488425e+05 2.315242e+05 2.225582e+05 2.173720e+05 2.122166e+05 2.102856e+05 2.097402e+05 2.100276e+05 2.112572e+05 2.137828e+05
4.500376e+05 4.500376e+05 4.500376e+05 4.500375e+05 4.500375e+05 4.500369e+05 4.500346e+05 4.500236e+05 4.500144e+05 4.500022e+05 4.499668e+05 4.499038e+05 4.497394e+05 4.492348e+05 4.478887e+05 4.449281e+05 4.394410e+05 3.655108e+05 2.875279e+05 2.499433e+05 2.327480e+05 2.237660e+05 2.184962e+05 2.131105e+05 2.109977e+05 2.103730e+05 2.106611e+05 2.119310e+05 2.145113e+05
4.482816e+05 4.482816e+05 4.482816e+05 4.482816e+05 4.482816e+05 4.482812e+05 4.482797e+05 4.482719e+05 4.482650e+05 4.482554e+05 4.482260e+05 4.481693e+05 4.480118e+05 4.475179e+05 4.461933e+05 4.432764e+05 4.378684e+05 3.649767e+05 2.880390e+05 2.508949e+05 2.338331e+05 2.248501e+05 2.195129e+05 2.139242e+05 2.116456e+05 2.109519e+05 2.112514e+05 2.125746e+05 2.152237e+05
4.464956e+05 4.464956e+05 4.464956e+05 4.464956e+05 4.464956e+05 4.464955e+05 4.464945e+05 4.464879e+05 4.464811e+05 4.464712e+05 4.464395e+05 4.463791e+05 4.462181e+05 4.457252e+05 4.444135e+05 4.415327e+05 4.361969e+05 3.643127e+05 2.884025e+05 2.516993e+05 2.347809e+05 2.258115e+05 2.204228e+05 2.146583e+05 2.122309e+05 2.114787e+05 2.117997e+05 2.131887e+05 2.159201e+05
4.446950e+05 4.446950e+05 4.446949e+05 4.446949e+05 4.446949e+05 4.446938e+05 4.446904e+05 4.446762e+05 4.446643e+05 4.446485e+05 4.446028e+05 4.445271e+05 4.443523e+05 4.438515e+05 4.425455e+05 4.396947e+05 4.344256e+05 3.635216e+05 2.886218e+05 2.523596e+05 2.355939e+05 2.266519e+05 2.212270e+05 2.153141e+05 2.127553e+05 2.119552e+05 2.123076e+05 2.137741e+05 2.166008e+05
4.428265e+05 4.428265e+05 4.428265e+05 4.428265e+05 4.428264e+05 4.428252e+05 4.428203e+05 4.427948e+05 4.427737e+05 4.427472e+05 4.426786e+05 4.425808e+05 4.423877e+05 4.418762e+05 4.405741e+05 4.377519e+05 4.325479e+05 3.626062e+05 2.887011e+05 2.528795e+05 2.362752e+05 2.273737e+05 2.219273e+05 2.158930e+05 2.132208e+05 2.123836e+05 2.127767e+05 2.143318e+05 2.172661e+05
4.408226e+05 4.408226e+05 4.408226e+05 4.408226e+05 4.408225e+05 4.408186e+05 4.408065e+05 4.407608e+05 4.407292e+05 4.406927e+05 4.406061e+05 4.404935e+05 4.402897e+05 4.397745e+05 4.384821e+05 4.356930e+05 4.305571e+05 3.615699e+05 2.886453e+05 2.532638e+05 2.368287e+05 2.279798e+05 2.225261e+05 2.163969e+05 2.136293e+05 2.127661e+05 2.132091e+05 2.148630e+05 2.179167e+05
4.385313e+05 4.385313e+05 4.385313e+05 4.385312e+05 4.385311e+05 4.385281e+05 4.385190e+05 4.384829e+05 4.384562e+05 4.384240e+05 4.383447e+05 4.382380e+05 4.380402e+05 4.375348e+05 4.362628e+05 4.335148e+05 4.284526e+05 3.604180e+05 2.884601e+05 2.535176e+05 2.372588e+05 2.284739e+05 2.230262e+05 2.168277e+05 2.139831e+05 2.131052e+05 2.136069e+05 2.153692e+05 2.185533e+05
4.360479e+05 4.360479e+05 4.360479e+05 4.360479e+05 4.360479e+05 4.360464e+05 4.360415e+05 4.360202e+05 4.360030e+05 4.359810e+05 4.359222e+05 4.358347e+05 4.356553e+05 4.351703e+05 4.339274e+05 4.312273e+05 4.262436e+05 3.591573e+05 2.881520e+05 2.536468e+05 2.375705e+05 2.288600e+05 2.234308e+05 2.171879e+05 2.142847e+05 2.134034e+05 2.139721e+05 2.158521e+05 2.191770e+05
4.334893e+05 4.334893e+05 4.334893e+05 4.334893e+05 4.334893e+05 4.334886e+05 4.334856e+05 4.334716e+05 4.334600e+05 4.334449e+05 4.334028e+05 4.333342e+05 4.331745e+05 4.327123e+05 4.315009e+05 4.288508e+05 4.239464e+05 3.577960e+05 2.877277e+05 2.536576e+05 2.377693e+05 2.291427e+05 2.237436e+05 2.174801e+05 2.145364e+05 2.136632e+05 2.143073e+05 2.163133e+05 2.197889e+05
4.309037e+05 4.309037e+05 4.309037e+05 4.309037e+05 4.309037e+05 4.309030e+05 4.309007e+05 4.308905e+05 4.308821e+05 4.308710e+05 4.308393e+05 4.307832e+05 4.306381e+05 4.301944e+05 4.290112e+05 4.264078e+05 4.215797e+05 3.563429e+05 2.871946e+05 2.535567e+05 2.378609e+05 2.293267e+05 2.239685e+05 2.177073e+05 2.147409e+05 2.138873e+05 2.146147e+05 2.167548e+05 2.203903e+05
4.283168e+05 4.283168e+05 4.283168e+05 4.283168e+05 4.283168e+05 4.283164e+05 4.283148e+05 4.283068e+05 4.282998e+05 4.282905e+05 4.282628e+05 4.282118e+05 4.280735e+05 4.276410e+05 4.264791e+05 4.239164e+05 4.191588e+05 3.548065e+05 2.865599e+05 2.533508e+05 2.378513e+05 2.294171e+05 2.241098e+05 2.178723e+05 2.149010e+05 2.140784e+05 2.148971e+05 2.171787e+05 2.209825e+05
4.257441e+05 4.257441e+05 4.257441e+05 4.257441e+05 4.257441e+05 4.257437e+05 4.257420e+05 4.257334e+05 4.257257e+05 4.257153e+05 4.256850e+05 4.256313e+05 4.254917e+05 4.250625e+05 4.239147e+05 4.213860e+05 4.166925e+05 3.531941e+05 2.858312e+05 2.530469e+05 2.377468e+05 2.294195e+05 2.241720e+05 2.179786e+05 2.150194e+05 2.142394e+05 2.151571e+05 2.175871e+05 2.215672e+05
4.231834e+05 4.231834e+05 4.231834e+05 4.231834e+05 4.231834e+05 4.231822e+05 4.231783e+05 4.231632e+05 4.231517e+05 4.231371e+05 4.230976e+05 4.230345e+05 4.228872e+05 4.224555e+05 4.213166e+05 4.188169e+05 4.141826e+05 3.515120e+05 2.850157e+05 2.526521e+05 2.375537e+05 2.293391e+05 2.241598e+05 2.180296e+05 2.150993e+05 2.143730e+05 2.153972e+05 2.179823e+05 2.221460e+05
4.205857e+05 4.205857e+05 4.205857e+05 4.205857e+05 4.205856e+05 4.205844e+05 4.205801e+05 4.205608e+05 4.205452e+05 4.205256e+05 4.204745e+05 4.203997e+05 4.202427e+05 4.198070e+05 4.186755e+05 4.162033e+05 4.116264e+05 3.497659e+05 2.841207e+05 2.521734e+05 2.372785e+05 2.291818e+05 2.240780e+05 2.180288e+05 2.151434e+05 2.144822e+05 2.156203e+05 2.183666e+05 2.227207e+05
4.179293e+05 4.179293e+05 4.179293e+05 4.179292e+05 4.179292e+05 4.179267e+05 4.179192e+05 4.178902e+05 4.178692e+05 4.178443e+05 4.177833e+05 4.177001e+05 4.175375e+05 4.171016e+05 4.159809e+05 4.135387e+05 4.090206e+05 3.479611e+05 2.831532e+05 2.516179e+05 2.369276e+05 2.289531e+05 2.239315e+05 2.179799e+05 2.151550e+05 2.145700e+05 2.158291e+05 2.187425e+05 2.232931e+05
4.151434e+05 4.151434e+05 4.151434e+05 4.151434e+05 4.151433e+05 4.151408e+05 4.151331e+05 4.151037e+05 4.150830e+05 4.150585e+05 4.149991e+05 4.149184e+05 4.147597e+05 4.143317e+05 4.132284e+05 4.108213e+05 4.063656e+05 3.461037e+05 2.821206e+05 2.509924e+05 2.365073e+05 2.286589e+05 2.237253e+05 2.178868e+05 2.151373e+05 2.146392e+05 2.160265e+05 2.191124e+05 2.238654e+05
4.122279e+05 4.122279e+05 4.122279e+05 4.122279e+05 4.122279e+05 4.122270e+05 4.122238e+05 4.122073e+05 4.121936e+05 4.121762e+05 4.121304e+05 4.120625e+05 4.119168e+05 4.115044e+05 4.104248e+05 4.080578e+05 4.036678e+05 3.442006e+05 2.810297e+05 2.503038e+05 2.360241e+05 2.283048e+05 2.234646e+05 2.177533e+05 2.150933e+05 2.146928e+05 2.162153e+05 2.194788e+05 2.244395e+05
4.092872e+05 4.092872e+05 4.092872e+05 4.092872e+05 4.092872e+05 4.092863e+05 4.092833e+05 4.092712e+05 4.092618e+05 4.092499e+05 4.092172e+05 4.091639e+05 4.090338e+05 4.086401e+05 4.075871e+05 4.052624e+05 4.009398e+05 3.422597e+05 2.798877e+05 2.495587e+05 2.354840e+05 2.278964e+05 2.231542e+05 2.175833e+05 2.150265e+05 2.147339e+05 2.163983e+05 2.198444e+05 2.250175e+05
4.063453e+05 4.063453e+05 4.063453e+05 4.063453e+05 4.063453e+05 4.063449e+05 4.063436e+05 4.063364e+05 4.063302e+05 4.063220e+05 4.062986e+05 4.062567e+05 4.061400e+05 4.057634e+05 4.047361e+05 4.024529e+05 3.981964e+05 3.402891e+05 2.787014e+05 2.487637e+05 2.348933e+05 2.274394e+05 2.227994e+05 2.173808e+05 2.149401e+05 2.147654e+05 2.165784e+05 2.202118e+05 2.256016e+05
4.034371e+05 4.034371e+05 4.034371e+05 4.034371e+05 4.034371e+05 4.034367e+05 4.034356e+05 4.034300e+05 4.034253e+05 4.034191e+05 4.034009e+05 4.033660e+05 4.032585e+05 4.028954e+05 4.018903e+05 3.996454e+05 3.954519e+05 3.382969e+05 2.774774e+05 2.479249e+05 2.342578e+05 2.269394e+05 2.224051e+05 2.171499e+05 2.148374e+05 2.147905e+05 2.167584e+05 2.205835e+05 2.261941e+05
4.005712e+05 4.005712e+05 4.005712e+05 4.005712e+05 4.005712e+05 4.005709e+05 4.005697e+05 4.005643e+05 4.005599e+05 4.005542e+05 4.005377e+05 4.005058e+05 4.004033e+05 4.000495e+05 3.990625e+05 3.968519e+05 3.927171e+05 3.362903e+05 2.762221e+05 2.470484e+05 2.335833e+05 2.264016e+05 2.219762e+05 2.168945e+05 2.147218e+05 2.148120e+05 2.169413e+05 2.209622e+05 2.267971e+05
3.977461e+05 3.977461e+05 3.977461e+05 3.977461e+05 3.977461e+05 3.977458e+05 3.977446e+05 3.977391e+05 3.977346e+05 3.977287e+05 3.977121e+05 3.976805e+05 3.975798e+05 3.972316e+05 3.962591e+05 3.940789e+05 3.899987e+05 3.342754e+05 2.749412e+05 2.461400e+05 2.328755e+05 2.258315e+05 2.215177e+05 2.166188e+05 2.145967e+05 2.148331e+05 2.171298e+05 2.213505e+05 2.274131e+05
3.949596e+05 3.949596e+05 3.949596e+05 3.949596e+05 3.949596e+05 3.949592e+05 3.949577e+05 3.949513e+05 3.949461e+05 3.949395e+05 3.949213e+05 3.948881e+05 3.947870e+05 3.944421e+05 3.934813e+05 3.913285e+05 3.872997e+05 3.322574e+05 2.736403e+05 2.452052e+05 2.321396e+05 2.252342e+05 2.210345e+05 2.163267e+05 2.144655e+05 2.148568e+05 2.173269e+05 2.217511e+05 2.280443e+05
3.922030e+05 3.922030e+05 3.922030e+05 3.922030e+05 3.922030e+05 3.922024e+05 3.922007e+05 3.921932e+05 3.921871e+05 3.921795e+05 3.921587e+05 3.921229e+05 3.920201e+05 3.916773e+05 3.907270e+05 3.886000e+05 3.846203e+05 3.302405e+05 2.723246e+05 2.442493e+05 2.313810e+05 2.246147e+05 2.205313e+05 2.160224e+05 2.143315e+05 2.148861e+05 2.175353e+05 2.221666e+05 2.286930e+05
3.894673e+05 3.894673e+05 3.894673e+05 3.894673e+05 3.894673e+05 3.894667e+05 3.894648e+05 3.894557e+05 3.894484e+05 3.894393e+05 3.894152e+05 3.893764e+05 3.892723e+05 3.889319e+05 3.879924e+05 3.858912e+05 3.819600e+05 3.282284e+05 2.709988e+05 2.432773e+05 2.306047e+05 2.239780e+05 2.200128e+05 2.157097e+05 2.141982e+05 2.149240e+05 2.177578e+05 2.225996e+05 2.293617e+05
3.867423e+05 3.867423e+05 3.867423e+05 3.867423e+05 3.867423e+05 3.867413e+05 3.867383e+05 3.867260e+05 3.867170e+05 3.867063e+05 3.866799e+05 3.866403e+05 3.865372e+05 3.862017e+05 3.852750e+05 3.832010e+05 3.793188e+05 3.262246e+05 2.696677e+05 2.422941e+05 2.298156e+05 2.233289e+05 2.194836e+05 2.153928e+05 2.140689e+05 2.149736e+05 2.179973e+05 2.230529e+05 2.300526e+05
3.840024e+05 3.840024e+05 3.840024e+05 3.840024e+05 3.840024e+05 3.840014e+05 3.839983e+05 3.839866e+05 3.839785e+05 3.839691e+05 3.839461e+05 3.839109e+05 3.838135e+05 3.834868e+05 3.825761e+05 3.805314e+05 3.766993e+05 3.242332e+05 2.683355e+05 2.413045e+05 2.290185e+05 2.226722e+05 2.189482e+05 2.150756e+05 2.139472e+05 2.150377e+05 2.182566e+05 2.235288e+05 2.307682e+05
3.812492e+05 3.812492e+05 3.812492e+05 3.812492e+05 3.812492e+05 3.812493e+05 3.812489e+05 3.812453e+05 3.812417e+05 3.812369e+05 3.812233e+05 3.811973e+05 3.811095e+05 3.807947e+05 3.799022e+05 3.778882e+05 3.741068e+05 3.222581e+05 2.670066e+05 2.403128e+05 2.282181e+05 2.220123e+05 2.184112e+05 2.147620e+05 2.138362e+05 2.151195e+05 2.185383e+05 2.240301e+05 2.315107e+05
