3.005018e+05 6.161381e+04 4.620307e+04 3.833946e+04 3.798590e+04 3.870870e+04 4.054992e+04 4.415244e+04 4.561931e+04 4.663302e+04 4.680060e+04 4.456087e+04 4.079673e+04 3.648231e+04 3.226099e+04 2.844084e+04 2.511616e+04 1.456031e+04 9.541853e+03 6.821639e+03 5.204508e+03 4.178603e+03 3.492957e+03 2.666744e+03 2.206320e+03 1.921392e+03 1.730797e+03 1.595495e+03 1.494839e+03
3.814734e+04 3.814809e+04 3.815011e+04 3.818077e+04 3.814984e+04 3.902648e+04 4.095189e+04 4.455820e+04 4.600240e+04 4.699136e+04 4.710509e+04 4.481062e+04 4.099734e+04 3.664239e+04 3.238917e+04 2.854439e+04 2.520075e+04 1.459658e+04 9.560991e+03 6.833243e+03 5.212270e+03 4.184182e+03 3.497184e+03 2.669451e+03 2.208229e+03 1.922822e+03 1.731914e+03 1.596393e+03 1.495577e+03
3.959469e+04 3.959493e+04 3.959561e+04 3.961209e+04 3.964592e+04 4.043531e+04 4.165253e+04 4.503487e+04 4.644741e+04 4.740218e+04 4.744576e+04 4.508491e+04 4.121468e+04 3.681411e+04 3.252564e+04 2.865398e+04 2.528983e+04 1.463418e+04 9.580670e+03 6.845114e+03 5.220184e+03 4.189854e+03 3.501473e+03 2.672191e+03 2.210157e+03 1.924264e+03 1.733038e+03 1.597297e+03 1.496319e+03
4.129822e+04 4.129835e+04 4.129873e+04 4.130865e+04 4.133250e+04 4.156099e+04 4.311201e+04 4.558859e+04 4.694242e+04 4.785519e+04 4.781759e+04 4.538128e+04 4.144752e+04 3.699683e+04 3.267004e+04 2.876941e+04 2.538330e+04 1.467310e+04 9.600887e+03 6.857251e+03 5.228249e+03 4.195622e+03 3.505826e+03 2.674963e+03 2.212103e+03 1.925718e+03 1.734171e+03 1.598206e+03 1.497065e+03
4.291301e+04 4.291310e+04 4.291334e+04 4.292001e+04 4.293737e+04 4.308817e+04 4.423532e+04 4.640635e+04 4.751829e+04 4.835132e+04 4.821559e+04 4.569666e+04 4.169420e+04 3.718964e+04 3.282189e+04 2.889040e+04 2.548099e+04 1.471333e+04 9.621637e+03 6.869654e+03 5.236465e+03 4.201484e+03 3.510243e+03 2.677768e+03 2.214068e+03 1.927184e+03 1.735311e+03 1.599121e+03 1.497815e+03
4.443153e+04 4.443159e+04 4.443176e+04 4.443664e+04 4.444980e+04 4.461622e+04 4.525636e+04 4.755165e+04 4.831806e+04 4.892747e+04 4.863970e+04 4.602852e+04 4.195297e+04 3.739153e+04 3.298060e+04 2.901662e+04 2.558270e+04 1.475484e+04 9.642915e+03 6.882321e+03 5.244833e+03 4.207440e+03 3.514722e+03 2.680605e+03 2.216052e+03 1.928662e+03 1.736460e+03 1.600041e+03 1.498569e+03
4.587671e+04 4.587676e+04 4.587689e+04 4.588062e+04 4.589097e+04 4.605942e+04 4.641329e+04 4.869514e+04 4.935136e+04 4.968991e+04 4.910110e+04 4.637670e+04 4.222257e+04 3.760154e+04 3.314556e+04 2.914769e+04 2.568819e+04 1.479760e+04 9.664715e+03 6.895250e+03 5.253350e+03 4.213491e+03 3.519264e+03 2.683474e+03 2.218055e+03 1.930151e+03 1.737616e+03 1.600966e+03 1.499326e+03
4.725850e+04 4.725853e+04 4.725863e+04 4.726160e+04 4.726997e+04 4.742846e+04 4.766990e+04 4.970745e+04 5.041472e+04 5.062318e+04 4.963006e+04 4.674540e+04 4.250291e+04 3.781903e+04 3.331625e+04 2.928325e+04 2.579723e+04 1.484158e+04 9.687028e+03 6.908439e+03 5.262017e+03 4.219636e+03 3.523870e+03 2.686376e+03 2.220077e+03 1.931652e+03 1.738780e+03 1.601897e+03 1.500088e+03
4.858220e+04 4.858223e+04 4.858231e+04 4.858476e+04 4.859169e+04 4.874018e+04 4.895301e+04 5.061823e+04 5.140166e+04 5.159393e+04 5.028458e+04 4.714547e+04 4.279588e+04 3.804400e+04 3.349234e+04 2.942299e+04 2.590959e+04 1.488672e+04 9.709846e+03 6.921886e+03 5.270833e+03 4.225874e+03 3.528539e+03 2.689311e+03 2.222117e+03 1.933165e+03 1.739953e+03 1.602834e+03 1.500854e+03
4.986856e+04 4.986858e+04 4.986865e+04 4.987073e+04 4.987694e+04 5.001652e+04 5.022176e+04 5.149810e+04 5.229292e+04 5.252205e+04 5.103493e+04 4.759856e+04 4.310614e+04 3.827743e+04 3.367387e+04 2.956676e+04 2.602509e+04 1.493299e+04 9.733156e+03 6.935587e+03 5.279796e+03 4.232206e+03 3.533270e+03 2.692278e+03 2.224177e+03 1.934690e+03 1.741132e+03 1.603776e+03 1.501623e+03
5.113949e+04 5.113950e+04 5.113956e+04 5.114129e+04 5.114628e+04 5.126259e+04 5.145656e+04 5.239216e+04 5.311676e+04 5.337553e+04 5.181834e+04 4.813558e+04 4.344224e+04 3.852156e+04 3.386137e+04 2.971459e+04 2.614365e+04 1.498035e+04 9.756949e+03 6.949539e+03 5.288906e+03 4.238631e+03 3.538064e+03 2.695277e+03 2.226255e+03 1.936227e+03 1.742320e+03 1.604723e+03 1.502397e+03
5.666594e+04 5.666595e+04 5.666598e+04 5.666685e+04 5.666933e+04 5.672141e+04 5.682854e+04 5.700606e+04 5.707669e+04 5.697180e+04 5.526928e+04 5.116943e+04 4.571196e+04 4.009586e+04 3.496681e+04 3.053980e+04 2.678975e+04 1.523210e+04 9.882721e+03 7.022930e+03 5.336609e+03 4.272130e+03 3.562964e+03 2.710753e+03 2.236924e+03 1.944086e+03 1.748375e+03 1.609541e+03 1.506321e+03
6.076166e+04 6.076166e+04 6.076168e+04 6.076222e+04 6.076380e+04 6.080569e+04 6.090859e+04 6.108963e+04 6.095383e+04 6.047757e+04 5.810216e+04 5.373711e+04 4.805715e+04 4.206981e+04 3.650484e+04 3.167498e+04 2.761858e+04 1.550820e+04 1.001883e+04 7.101985e+03 5.387744e+03 4.307854e+03 3.589381e+03 2.727019e+03 2.248052e+03 1.952233e+03 1.754622e+03 1.614491e+03 1.510341e+03
6.447267e+04 6.447267e+04 6.447268e+04 6.447284e+04 6.447330e+04 6.449263e+04 6.456430e+04 6.475225e+04 6.460205e+04 6.400569e+04 6.107199e+04 5.612785e+04 5.009939e+04 4.387912e+04 3.807238e+04 3.297687e+04 2.866123e+04 1.581807e+04 1.016480e+04 7.186247e+03 5.442094e+03 4.345696e+03 3.617258e+03 2.744055e+03 2.259631e+03 1.960663e+03 1.761057e+03 1.619572e+03 1.514454e+03
6.800003e+04 6.800003e+04 6.800004e+04 6.800031e+04 6.800110e+04 6.803032e+04 6.812039e+04 6.832576e+04 6.816762e+04 6.751632e+04 6.422000e+04 5.867984e+04 5.211289e+04 4.553250e+04 3.949043e+04 3.420626e+04 2.971257e+04 1.619421e+04 1.032251e+04 7.275611e+03 5.499487e+03 4.385548e+03 3.646531e+03 2.761835e+03 2.271645e+03 1.969369e+03 1.767675e+03 1.624780e+03 1.518658e+03
7.167404e+04 7.167405e+04 7.167406e+04 7.167443e+04 7.167554e+04 7.170291e+04 7.176775e+04 7.188990e+04 7.168077e+04 7.095704e+04 6.737329e+04 6.133436e+04 5.420992e+04 4.717282e+04 4.081760e+04 3.532660e+04 3.068186e+04 1.663070e+04 1.049802e+04 7.370671e+03 5.559900e+03 4.427333e+03 3.677138e+03 2.780328e+03 2.284082e+03 1.978341e+03 1.774471e+03 1.630110e+03 1.522949e+03
7.505895e+04 7.505896e+04 7.505896e+04 7.505921e+04 7.505994e+04 7.507960e+04 7.512810e+04 7.520335e+04 7.495617e+04 7.417272e+04 7.036493e+04 6.393827e+04 5.633244e+04 4.883973e+04 4.212825e+04 3.638873e+04 3.157615e+04 1.708309e+04 1.070361e+04 7.473109e+03 5.623564e+03 4.471040e+03 3.709037e+03 2.799505e+03 2.296922e+03 1.987570e+03 1.781438e+03 1.635559e+03 1.527325e+03
7.812453e+04 7.812453e+04 7.812454e+04 7.812469e+04 7.812515e+04 7.813823e+04 7.817500e+04 7.822079e+04 7.794735e+04 7.711823e+04 7.313328e+04 6.640322e+04 5.840514e+04 5.050785e+04 4.344558e+04 3.743726e+04 3.243382e+04 1.752423e+04 1.093328e+04 7.586393e+03 5.691081e+03 4.516767e+03 3.742218e+03 2.819339e+03 2.310149e+03 1.997044e+03 1.788569e+03 1.641123e+03 1.531783e+03
8.090434e+04 8.090434e+04 8.090435e+04 8.090448e+04 8.090486e+04 8.091614e+04 8.094907e+04 8.098566e+04 8.069717e+04 7.983385e+04 7.570039e+04 6.871637e+04 6.039189e+04 5.214656e+04 4.476306e+04 3.848952e+04 3.328412e+04 1.794328e+04 1.117393e+04 7.715585e+03 5.763575e+03 4.564761e+03 3.776720e+03 2.839807e+03 2.323746e+03 2.006752e+03 1.795857e+03 1.646795e+03 1.536319e+03
8.353611e+04 8.353612e+04 8.353612e+04 8.353623e+04 8.353658e+04 8.354673e+04 8.357695e+04 8.360242e+04 8.329724e+04 8.239862e+04 7.811965e+04 7.090051e+04 6.228765e+04 5.373842e+04 4.606778e+04 3.954583e+04 3.414021e+04 1.834203e+04 1.141659e+04 7.856632e+03 5.843120e+03 4.615469e+03 3.812657e+03 2.860901e+03 2.337696e+03 2.016683e+03 1.803293e+03 1.652572e+03 1.540929e+03
8.606818e+04 8.606818e+04 8.606819e+04 8.606831e+04 8.606869e+04 8.607948e+04 8.610898e+04 8.611814e+04 8.579007e+04 8.485002e+04 8.041960e+04 7.297357e+04 6.409647e+04 5.527671e+04 4.735028e+04 4.060140e+04 3.500522e+04 1.872865e+04 1.165573e+04 8.004614e+03 5.931704e+03 4.669623e+03 3.850227e+03 2.882626e+03 2.351987e+03 2.026827e+03 1.810872e+03 1.658446e+03 1.545610e+03
8.851578e+04 8.851578e+04 8.851578e+04 8.851580e+04 8.851587e+04 8.851806e+04 8.852926e+04 8.849695e+04 8.814184e+04 8.716135e+04 8.259252e+04 7.494103e+04 6.582592e+04 5.676432e+04 4.860899e+04 4.165383e+04 3.587940e+04 1.911244e+04 1.188913e+04 8.155813e+03 6.026824e+03 4.728541e+03 3.889750e+03 2.905006e+03 2.366611e+03 2.037172e+03 1.818584e+03 1.664414e+03 1.550358e+03
9.064991e+04 9.064991e+04 9.064992e+04 9.064999e+04 9.065022e+04 9.065704e+04 9.067736e+04 9.066319e+04 9.030860e+04 8.931332e+04 8.465093e+04 7.682848e+04 6.750118e+04 5.821902e+04 4.985332e+04 4.270688e+04 3.676441e+04 1.950100e+04 1.211705e+04 8.307458e+03 6.126233e+03 4.792852e+03 3.931721e+03 2.928093e+03 2.381566e+03 2.047711e+03 1.826422e+03 1.670469e+03 1.555168e+03
9.273660e+04 9.273660e+04 9.273661e+04 9.273668e+04 9.273689e+04 9.274402e+04 9.276863e+04 9.277663e+04 9.243052e+04 9.142978e+04 8.669044e+04 7.870679e+04 6.917189e+04 5.967266e+04 5.110132e+04 4.376924e+04 3.766373e+04 1.989915e+04 1.234125e+04 8.457750e+03 6.228111e+03 4.861045e+03 3.977012e+03 2.951966e+03 2.396857e+03 2.058438e+03 1.834380e+03 1.676606e+03 1.560036e+03
9.495467e+04 9.495467e+04 9.495468e+04 9.495483e+04 9.495530e+04 9.496943e+04 9.500787e+04 9.503833e+04 9.469168e+04 9.367279e+04 8.882641e+04 8.065262e+04 7.088697e+04 6.115506e+04 5.236961e+04 4.484871e+04 3.857993e+04 2.030909e+04 1.256395e+04 8.605789e+03 6.330975e+03 4.931940e+03 4.025664e+03 2.976745e+03 2.412498e+03 2.069349e+03 1.842453e+03 1.682820e+03 1.564959e+03
9.750467e+04 9.750467e+04 9.750468e+04 9.750477e+04 9.750507e+04 9.751389e+04 9.753858e+04 9.753149e+04 9.715671e+04 9.609359e+04 9.109239e+04 8.268836e+04 7.266133e+04 6.267553e+04 5.366297e+04 4.594653e+04 3.951176e+04 2.073075e+04 1.278719e+04 8.751396e+03 6.433690e+03 5.004543e+03 4.076756e+03 3.002604e+03 2.428515e+03 2.080444e+03 1.850635e+03 1.689107e+03 1.569933e+03
1.000982e+05 1.000982e+05 1.000982e+05 1.000983e+05 1.000985e+05 1.001051e+05 1.001242e+05 1.000950e+05 9.969533e+04 9.858780e+04 9.342363e+04 8.477562e+04 7.447283e+04 6.422115e+04 5.497315e+04 4.705645e+04 4.045380e+04 2.116255e+04 1.301246e+04 8.894881e+03 6.535479e+03 5.078001e+03 4.129603e+03 3.029810e+03 2.444947e+03 2.091728e+03 1.858924e+03 1.695462e+03 1.574954e+03
1.026399e+05 1.026399e+05 1.026399e+05 1.026400e+05 1.026402e+05 1.026459e+05 1.026631e+05 1.026247e+05 1.022083e+05 1.010646e+05 9.575091e+04 8.686602e+04 7.628935e+04 6.577096e+04 5.628619e+04 4.816862e+04 4.139847e+04 2.160203e+04 1.324063e+04 9.036809e+03 6.635893e+03 5.151615e+03 4.183615e+03 3.058746e+03 2.461848e+03 2.103210e+03 1.867318e+03 1.701883e+03 1.580019e+03
1.051246e+05 1.051246e+05 1.051246e+05 1.051246e+05 1.051248e+05 1.051303e+05 1.051471e+05 1.051050e+05 1.046757e+05 1.035003e+05 9.804649e+04 8.893330e+04 7.808911e+04 6.730831e+04 5.758977e+04 4.927380e+04 4.233859e+04 2.204650e+04 1.347203e+04 9.177827e+03 6.734762e+03 5.224838e+03 4.238271e+03 3.089139e+03 2.479295e+03 2.114905e+03 1.875819e+03 1.708366e+03 1.585125e+03
1.075820e+05 1.075820e+05 1.075820e+05 1.075820e+05 1.075822e+05 1.075869e+05 1.076015e+05 1.075512e+05 1.071071e+05 1.058987e+05 1.003049e+05 9.096670e+04 7.986026e+04 6.882264e+04 5.887533e+04 5.036528e+04 4.326876e+04 2.249348e+04 1.370659e+04 9.318527e+03 6.832119e+03 5.297282e+03 4.293124e+03 3.120627e+03 2.497395e+03 2.126834e+03 1.884430e+03 1.714911e+03 1.590271e+03
1.099992e+05 1.099992e+05 1.099992e+05 1.099992e+05 1.099994e+05 1.100041e+05 1.100181e+05 1.099572e+05 1.094952e+05 1.082508e+05 1.025147e+05 9.295523e+04 8.159364e+04 7.030691e+04 6.013769e+04 5.143917e+04 4.418589e+04 2.294102e+04 1.394396e+04 9.459387e+03 6.928133e+03 5.368703e+03 4.347801e+03 3.152926e+03 2.516329e+03 2.139025e+03 1.893158e+03 1.721518e+03 1.595453e+03
1.123538e+05 1.123538e+05 1.123538e+05 1.123538e+05 1.123539e+05 1.123556e+05 1.123615e+05 1.122794e+05 1.117987e+05 1.105205e+05 1.046526e+05 9.488599e+04 8.328288e+04 7.175825e+04 6.137560e+04 5.249484e+04 4.508946e+04 2.338775e+04 1.418363e+04 9.600734e+03 7.023040e+03 5.438980e+03 4.402011e+03 3.185786e+03 2.536202e+03 2.151519e+03 1.902011e+03 1.728188e+03 1.600671e+03
1.145190e+05 1.145190e+05 1.145190e+05 1.145190e+05 1.145191e+05 1.145233e+05 1.145363e+05 1.144691e+05 1.139863e+05 1.126893e+05 1.067160e+05 9.676322e+04 8.493411e+04 7.318234e+04 6.259353e+04 5.353546e+04 4.598147e+04 2.383278e+04 1.442504e+04 9.742746e+03 7.117090e+03 5.508090e+03 4.455537e+03 3.218980e+03 2.556798e+03 2.164367e+03 1.911003e+03 1.734924e+03 1.605924e+03
1.166713e+05 1.166713e+05 1.166713e+05 1.166713e+05 1.166715e+05 1.166751e+05 1.166873e+05 1.166244e+05 1.161393e+05 1.148255e+05 1.087531e+05 9.862016e+04 8.656947e+04 7.459362e+04 6.380074e+04 5.456689e+04 4.686554e+04 2.427558e+04 1.466756e+04 9.885465e+03 7.210515e+03 5.576080e+03 4.508236e+03 3.252303e+03 2.577949e+03 2.177646e+03 1.920152e+03 1.741730e+03 1.611214e+03
1.188538e+05 1.188538e+05 1.188538e+05 1.188539e+05 1.188542e+05 1.188619e+05 1.188833e+05 1.188334e+05 1.183427e+05 1.170061e+05 1.108199e+05 1.004938e+05 8.821218e+04 7.600630e+04 6.500586e+04 5.559433e+04 4.774473e+04 2.471562e+04 1.491053e+04 1.002881e+04 7.303503e+03 5.643040e+03 4.560028e+03 3.285575e+03 2.599516e+03 2.191481e+03 1.929478e+03 1.748613e+03 1.616540e+03
1.212000e+05 1.212000e+05 1.212000e+05 1.212001e+05 1.212002e+05 1.212036e+05 1.212144e+05 1.211379e+05 1.206261e+05 1.192532e+05 1.129303e+05 1.023933e+05 8.986829e+04 7.742422e+04 6.621122e+04 5.661913e+04 4.861976e+04 2.515228e+04 1.515328e+04 1.017263e+04 7.396188e+03 5.709079e+03 4.610881e+03 3.318639e+03 2.621374e+03 2.205841e+03 1.939013e+03 1.755581e+03 1.621907e+03
1.235128e+05 1.235128e+05 1.235128e+05 1.235128e+05 1.235129e+05 1.235163e+05 1.235267e+05 1.234426e+05 1.229147e+05 1.215080e+05 1.150483e+05 1.042972e+05 9.152494e+04 7.883963e+04 6.741203e+04 5.763822e+04 4.948853e+04 2.558469e+04 1.539516e+04 1.031666e+04 7.488649e+03 5.774314e+03 4.660806e+03 3.351365e+03 2.643406e+03 2.220600e+03 1.948795e+03 1.762646e+03 1.627316e+03
1.257863e+05 1.257863e+05 1.257863e+05 1.257864e+05 1.257865e+05 1.257894e+05 1.257983e+05 1.257066e+05 1.251649e+05 1.237275e+05 1.171384e+05 1.061792e+05 9.316412e+04 8.024048e+04 6.860026e+04 5.864617e+04 5.034735e+04 2.601185e+04 1.563549e+04 1.046065e+04 7.580912e+03 5.838849e+03 4.709838e+03 3.383648e+03 2.665508e+03 2.235668e+03 1.958885e+03 1.769821e+03 1.632773e+03
1.279983e+05 1.279983e+05 1.279983e+05 1.279983e+05 1.279984e+05 1.280011e+05 1.280092e+05 1.279127e+05 1.273594e+05 1.258942e+05 1.191829e+05 1.080238e+05 9.477303e+04 8.161689e+04 6.976858e+04 5.963766e+04 5.119237e+04 2.643275e+04 1.587367e+04 1.060429e+04 7.672960e+03 5.902777e+03 4.758033e+03 3.415410e+03 2.687582e+03 2.250969e+03 1.969353e+03 1.777125e+03 1.638284e+03
1.301457e+05 1.301457e+05 1.301457e+05 1.301458e+05 1.301459e+05 1.301490e+05 1.301582e+05 1.300616e+05 1.294986e+05 1.280075e+05 1.211782e+05 1.098247e+05 9.634489e+04 8.296263e+04 7.091180e+04 6.060864e+04 5.202051e+04 2.684651e+04 1.610916e+04 1.074728e+04 7.764738e+03 5.966165e+03 4.805451e+03 3.446593e+03 2.709542e+03 2.266431e+03 1.980128e+03 1.784581e+03 1.643857e+03
1.322635e+05 1.322635e+05 1.322635e+05 1.322636e+05 1.322636e+05 1.322663e+05 1.322739e+05 1.321689e+05 1.315922e+05 1.300720e+05 1.231226e+05 1.115779e+05 9.787506e+04 8.427356e+04 7.202655e+04 6.155647e+04 5.282975e+04 2.725251e+04 1.634152e+04 1.088933e+04 7.856167e+03 6.029063e+03 4.852157e+03 3.477163e+03 2.731311e+03 2.281989e+03 1.991141e+03 1.792220e+03 1.649500e+03
1.343203e+05 1.343203e+05 1.343203e+05 1.343203e+05 1.343203e+05 1.343215e+05 1.343251e+05 1.342071e+05 1.336158e+05 1.320669e+05 1.250024e+05 1.132750e+05 9.935879e+04 8.554694e+04 7.311120e+04 6.248009e+04 5.361937e+04 2.765041e+04 1.657038e+04 1.103017e+04 7.947147e+03 6.091497e+03 4.898212e+03 3.507101e+03 2.752825e+03 2.297583e+03 2.002339e+03 1.800095e+03 1.655226e+03
1.362456e+05 1.362456e+05 1.362456e+05 1.362457e+05 1.362457e+05 1.362475e+05 1.362530e+05 1.361383e+05 1.355409e+05 1.339719e+05 1.268088e+05 1.149137e+05 1.007965e+05 8.678401e+04 7.416696e+04 6.338047e+04 5.439003e+04 2.804017e+04 1.679549e+04 1.116954e+04 8.037568e+03 6.153476e+03 4.943668e+03 3.536404e+03 2.774028e+03 2.313157e+03 2.013676e+03 1.808220e+03 1.661049e+03
1.380983e+05 1.380983e+05 1.380983e+05 1.380983e+05 1.380984e+05 1.381011e+05 1.381093e+05 1.380023e+05 1.374023e+05 1.358171e+05 1.285639e+05 1.165093e+05 1.021983e+05 8.799144e+04 7.519818e+04 6.426043e+04 5.514356e+04 2.842191e+04 1.701665e+04 1.130724e+04 8.127312e+03 6.214993e+03 4.988571e+03 3.565081e+03 2.794876e+03 2.328659e+03 2.025108e+03 1.816537e+03 1.666988e+03
1.399582e+05 1.399582e+05 1.399583e+05 1.399583e+05 1.399584e+05 1.399617e+05 1.399716e+05 1.398661e+05 1.392586e+05 1.376523e+05 1.303009e+05 1.180827e+05 1.035773e+05 8.917723e+04 7.620987e+04 6.512313e+04 5.588200e+04 2.879583e+04 1.723374e+04 1.144307e+04 8.216261e+03 6.276023e+03 5.032955e+03 3.593151e+03 2.815336e+03 2.344044e+03 2.036596e+03 1.825004e+03 1.673070e+03
1.418602e+05 1.418602e+05 1.418602e+05 1.418603e+05 1.418603e+05 1.418616e+05 1.418659e+05 1.417439e+05 1.411211e+05 1.394868e+05 1.320272e+05 1.196398e+05 1.049380e+05 9.034482e+04 7.720453e+04 6.597040e+04 5.660665e+04 2.916209e+04 1.744663e+04 1.157686e+04 8.304295e+03 6.336536e+03 5.076845e+03 3.620636e+03 2.835384e+03 2.359269e+03 2.048102e+03 1.833589e+03 1.679337e+03
1.436916e+05 1.436916e+05 1.436916e+05 1.436916e+05 1.436917e+05 1.436936e+05 1.436990e+05 1.435753e+05 1.429428e+05 1.412850e+05 1.337235e+05 1.211713e+05 1.062763e+05 9.149275e+04 7.818186e+04 6.680236e+04 5.731775e+04 2.952075e+04 1.765522e+04 1.170845e+04 8.391302e+03 6.396491e+03 5.120257e+03 3.647565e+03 2.855003e+03 2.374298e+03 2.059591e+03 1.842260e+03 1.685767e+03
1.454713e+05 1.454713e+05 1.454714e+05 1.454714e+05 1.454714e+05 1.454733e+05 1.454790e+05 1.453549e+05 1.447153e+05 1.430373e+05 1.353813e+05 1.226712e+05 1.075886e+05 9.261892e+04 7.914066e+04 6.761834e+04 5.801492e+04 2.987172e+04 1.785940e+04 1.183770e+04 8.477171e+03 6.455840e+03 5.163200e+03 3.673967e+03 2.874186e+03 2.389102e+03 2.071032e+03 1.850990e+03 1.692323e+03
1.472191e+05 1.472191e+05 1.472191e+05 1.472191e+05 1.472191e+05 1.472210e+05 1.472267e+05 1.471011e+05 1.464538e+05 1.447556e+05 1.370066e+05 1.241416e+05 1.088749e+05 9.372259e+04 8.008006e+04 6.841754e+04 5.869750e+04 3.021483e+04 1.805906e+04 1.196449e+04 8.561802e+03 6.514536e+03 5.205674e+03 3.699872e+03 2.892931e+03 2.403654e+03 2.082394e+03 1.859754e+03 1.698979e+03
1.489433e+05 1.489433e+05 1.489433e+05 1.489434e+05 1.489434e+05 1.489453e+05 1.489508e+05 1.488227e+05 1.481667e+05 1.464471e+05 1.386036e+05 1.255840e+05 1.101351e+05 9.480284e+04 8.099892e+04 6.919889e+04 5.936460e+04 3.054982e+04 1.825408e+04 1.208870e+04 8.645103e+03 6.572529e+03 5.247674e+03 3.725310e+03 2.911242e+03 2.417933e+03 2.093651e+03 1.868526e+03 1.705711e+03
1.506458e+05 1.506458e+05 1.506458e+05 1.506458e+05 1.506458e+05 1.506475e+05 1.506523e+05 1.505182e+05 1.498512e+05 1.481082e+05 1.401678e+05 1.269940e+05 1.113655e+05 9.585684e+04 8.189509e+04 6.996078e+04 6.001501e+04 3.087640e+04 1.844438e+04 1.221026e+04 8.726991e+03 6.629771e+03 5.289190e+03 3.750308e+03 2.929127e+03 2.431924e+03 2.104777e+03 1.877284e+03 1.712500e+03
1.523048e+05 1.523048e+05 1.523048e+05 1.523048e+05 1.523049e+05 1.523053e+05 1.523068e+05 1.521622e+05 1.514835e+05 1.497173e+05 1.416835e+05 1.283614e+05 1.125597e+05 9.688045e+04 8.276589e+04 7.070142e+04 6.064750e+04 3.119431e+04 1.862985e+04 1.232908e+04 8.807397e+03 6.686214e+03 5.330210e+03 3.774890e+03 2.946599e+03 2.445616e+03 2.115752e+03 1.886006e+03 1.719327e+03
1.538567e+05 1.538567e+05 1.538567e+05 1.538567e+05 1.538568e+05 1.538582e+05 1.538620e+05 1.537212e+05 1.530375e+05 1.512545e+05 1.431393e+05 1.296795e+05 1.137136e+05 9.787116e+04 8.360964e+04 7.141963e+04 6.126120e+04 3.150337e+04 1.881044e+04 1.244512e+04 8.886263e+03 6.741818e+03 5.370720e+03 3.799081e+03 2.963673e+03 2.459000e+03 2.126557e+03 1.894672e+03 1.726173e+03
1.553573e+05 1.553573e+05 1.553573e+05 1.553573e+05 1.553574e+05 1.553588e+05 1.553631e+05 1.552238e+05 1.545354e+05 1.527369e+05 1.445444e+05 1.309529e+05 1.148292e+05 9.882963e+04 8.442641e+04 7.211524e+04 6.185589e+04 3.180347e+04 1.898614e+04 1.255834e+04 8.963545e+03 6.796545e+03 5.410704e+03 3.822900e+03 2.980364e+03 2.472074e+03 2.137176e+03 1.903264e+03 1.733022e+03
1.568352e+05 1.568352e+05 1.568352e+05 1.568352e+05 1.568353e+05 1.568367e+05 1.568408e+05 1.566982e+05 1.560018e+05 1.541845e+05 1.459112e+05 1.321884e+05 1.159101e+05 9.975754e+04 8.521697e+04 7.278857e+04 6.243167e+04 3.209462e+04 1.915696e+04 1.266874e+04 9.039210e+03 6.850364e+03 5.450147e+03 3.846365e+03 2.996691e+03 2.484838e+03 2.147595e+03 1.911764e+03 1.739857e+03
1.582834e+05 1.582834e+05 1.582834e+05 1.582834e+05 1.582834e+05 1.582840e+05 1.582857e+05 1.581351e+05 1.574287e+05 1.555914e+05 1.472368e+05 1.333848e+05 1.169558e+05 1.006550e+05 8.598149e+04 7.343983e+04 6.298875e+04 3.237695e+04 1.932298e+04 1.277634e+04 9.113241e+03 6.903248e+03 5.489035e+03 3.869489e+03 3.012670e+03 2.497293e+03 2.157804e+03 1.920158e+03 1.746665e+03
1.596549e+05 1.596549e+05 1.596549e+05 1.596549e+05 1.596550e+05 1.596558e+05 1.596581e+05 1.595067e+05 1.587939e+05 1.569401e+05 1.485112e+05 1.345372e+05 1.179643e+05 1.015211e+05 8.671988e+04 7.406922e+04 6.352742e+04 3.265065e+04 1.948429e+04 1.288116e+04 9.185632e+03 6.955179e+03 5.527352e+03 3.892286e+03 3.028320e+03 2.509444e+03 2.167795e+03 1.928432e+03 1.753431e+03
1.609656e+05 1.609656e+05 1.609656e+05 1.609656e+05 1.609657e+05 1.609665e+05 1.609691e+05 1.608178e+05 1.601000e+05 1.582317e+05 1.497345e+05 1.356456e+05 1.189358e+05 1.023566e+05 8.743280e+04 7.467739e+04 6.404831e+04 3.291603e+04 1.964102e+04 1.298326e+04 9.256388e+03 7.006143e+03 5.565088e+03 3.914765e+03 3.043658e+03 2.521299e+03 2.177563e+03 1.936574e+03 1.760142e+03
1.622322e+05 1.622322e+05 1.622322e+05 1.622322e+05 1.622322e+05 1.622332e+05 1.622359e+05 1.620839e+05 1.613607e+05 1.594780e+05 1.509145e+05 1.367150e+05 1.198737e+05 1.031637e+05 8.812202e+04 7.526570e+04 6.455247e+04 3.317348e+04 1.979336e+04 1.308271e+04 9.325523e+03 7.056130e+03 5.602231e+03 3.936933e+03 3.058700e+03 2.532866e+03 2.187103e+03 1.944572e+03 1.766786e+03
1.634631e+05 1.634631e+05 1.634631e+05 1.634632e+05 1.634632e+05 1.634640e+05 1.634665e+05 1.633127e+05 1.625837e+05 1.606866e+05 1.520580e+05 1.377511e+05 1.207822e+05 1.039456e+05 8.878983e+04 7.583588e+04 6.504122e+04 3.342343e+04 1.994149e+04 1.317959e+04 9.393060e+03 7.105138e+03 5.638772e+03 3.958797e+03 3.073463e+03 2.544154e+03 2.196413e+03 1.952419e+03 1.773351e+03
1.646577e+05 1.646577e+05 1.646577e+05 1.646577e+05 1.646577e+05 1.646585e+05 1.646609e+05 1.645058e+05 1.637716e+05 1.618606e+05 1.531692e+05 1.387579e+05 1.216650e+05 1.047052e+05 8.943848e+04 7.638965e+04 6.551589e+04 3.366634e+04 2.008562e+04 1.327399e+04 9.459030e+03 7.153166e+03 5.674704e+03 3.980361e+03 3.087960e+03 2.555173e+03 2.205495e+03 1.960107e+03 1.779827e+03
1.658192e+05 1.658192e+05 1.658192e+05 1.658192e+05 1.658192e+05 1.658202e+05 1.658232e+05 1.656682e+05 1.649292e+05 1.630051e+05 1.542525e+05 1.397391e+05 1.225250e+05 1.054449e+05 9.006983e+04 7.692849e+04 6.597767e+04 3.390268e+04 2.022594e+04 1.336601e+04 9.523465e+03 7.200219e+03 5.710021e+03 4.001627e+03 3.102204e+03 2.565934e+03 2.214349e+03 1.967630e+03 1.786206e+03
1.669625e+05 1.669625e+05 1.669625e+05 1.669625e+05 1.669626e+05 1.669634e+05 1.669660e+05 1.668087e+05 1.660640e+05 1.641260e+05 1.553119e+05 1.406975e+05 1.233642e+05 1.061661e+05 9.068516e+04 7.745346e+04 6.642746e+04 3.413286e+04 2.036268e+04 1.345574e+04 9.586403e+03 7.246303e+03 5.744718e+03 4.022598e+03 3.116208e+03 2.576449e+03 2.222979e+03 1.974983e+03 1.792479e+03
1.680817e+05 1.680817e+05 1.680817e+05 1.680817e+05 1.680817e+05 1.680825e+05 1.680847e+05 1.679249e+05 1.671742e+05 1.652221e+05 1.563469e+05 1.416331e+05 1.241829e+05 1.068695e+05 9.128504e+04 7.796517e+04 6.686588e+04 3.435730e+04 2.049602e+04 1.354327e+04 9.647881e+03 7.291426e+03 5.778792e+03 4.043273e+03 3.129982e+03 2.586727e+03 2.231388e+03 1.982164e+03 1.798638e+03
1.691698e+05 1.691698e+05 1.691698e+05 1.691698e+05 1.691698e+05 1.691705e+05 1.691724e+05 1.690105e+05 1.682542e+05 1.662886e+05 1.573543e+05 1.425440e+05 1.249802e+05 1.075547e+05 9.186968e+04 7.846406e+04 6.729345e+04 3.457636e+04 2.062616e+04 1.362870e+04 9.707937e+03 7.335598e+03 5.812240e+03 4.063652e+03 3.143535e+03 2.596780e+03 2.239582e+03 1.989170e+03 1.804678e+03
1.702234e+05 1.702234e+05 1.702234e+05 1.702234e+05 1.702234e+05 1.702240e+05 1.702258e+05 1.700623e+05 1.693010e+05 1.673228e+05 1.583320e+05 1.434291e+05 1.257558e+05 1.082219e+05 9.243955e+04 7.895075e+04 6.771082e+04 3.479043e+04 2.075327e+04 1.371211e+04 9.766605e+03 7.378828e+03 5.845061e+03 4.083734e+03 3.156875e+03 2.606618e+03 2.247566e+03 1.996001e+03 1.810593e+03
1.712427e+05 1.712427e+05 1.712427e+05 1.712427e+05 1.712427e+05 1.712433e+05 1.712451e+05 1.710806e+05 1.703147e+05 1.683249e+05 1.592809e+05 1.442894e+05 1.265111e+05 1.088727e+05 9.299597e+04 7.942638e+04 6.811898e+04 3.499989e+04 2.087750e+04 1.379357e+04 9.823918e+03 7.421127e+03 5.877253e+03 4.103518e+03 3.170009e+03 2.616252e+03 2.255346e+03 2.002656e+03 1.816379e+03
1.722302e+05 1.722302e+05 1.722302e+05 1.722302e+05 1.722302e+05 1.722309e+05 1.722330e+05 1.720690e+05 1.712997e+05 1.692995e+05 1.602056e+05 1.451295e+05 1.272497e+05 1.095098e+05 9.354128e+04 7.989277e+04 6.851929e+04 3.520509e+04 2.099898e+04 1.387313e+04 9.879903e+03 7.462503e+03 5.908815e+03 4.123002e+03 3.182943e+03 2.625690e+03 2.262930e+03 2.009137e+03 1.822032e+03
1.731994e+05 1.731994e+05 1.731994e+05 1.731994e+05 1.731994e+05 1.732003e+05 1.732029e+05 1.730399e+05 1.722677e+05 1.702577e+05 1.611158e+05 1.459570e+05 1.279776e+05 1.101378e+05 9.407854e+04 8.035204e+04 6.891325e+04 3.540631e+04 2.111780e+04 1.395084e+04 9.934584e+03 7.502965e+03 5.939748e+03 4.142182e+03 3.195681e+03 2.634942e+03 2.270323e+03 2.015446e+03 1.827550e+03
1.741656e+05 1.741656e+05 1.741656e+05 1.741656e+05 1.741657e+05 1.741668e+05 1.741702e+05 1.740086e+05 1.732335e+05 1.712137e+05 1.620230e+05 1.467809e+05 1.287009e+05 1.107607e+05 9.461052e+04 8.080598e+04 6.930200e+04 3.560369e+04 2.123400e+04 1.402674e+04 9.987981e+03 7.542520e+03 5.970050e+03 4.161056e+03 3.208227e+03 2.644016e+03 2.277534e+03 2.021586e+03 1.832931e+03
1.751473e+05 1.751473e+05 1.751473e+05 1.751474e+05 1.751474e+05 1.751486e+05 1.751521e+05 1.749902e+05 1.742108e+05 1.721796e+05 1.629363e+05 1.476068e+05 1.294235e+05 1.113807e+05 9.513835e+04 8.125517e+04 6.968578e+04 3.579717e+04 2.134757e+04 1.410084e+04 1.004011e+04 7.581177e+03 5.999723e+03 4.179623e+03 3.220585e+03 2.652919e+03 2.284568e+03 2.027559e+03 1.838173e+03
1.761519e+05 1.761519e+05 1.761519e+05 1.761519e+05 1.761519e+05 1.761526e+05 1.761546e+05 1.759874e+05 1.752009e+05 1.731555e+05 1.638543e+05 1.484331e+05 1.301432e+05 1.119959e+05 9.566046e+04 8.169831e+04 7.006359e+04 3.598651e+04 2.145848e+04 1.417314e+04 1.009098e+04 7.618943e+03 6.028767e+03 4.197878e+03 3.232756e+03 2.661658e+03 2.291434e+03 2.033368e+03 1.843277e+03
1.771463e+05 1.771463e+05 1.771463e+05 1.771463e+05 1.771463e+05 1.771470e+05 1.771487e+05 1.769774e+05 1.761838e+05 1.741235e+05 1.647627e+05 1.492487e+05 1.308518e+05 1.126005e+05 9.617264e+04 8.213244e+04 7.043331e+04 3.617131e+04 2.156665e+04 1.424365e+04 1.014061e+04 7.655824e+03 6.057183e+03 4.215820e+03 3.244742e+03 2.670240e+03 2.298138e+03 2.039019e+03 1.848242e+03
1.781152e+05 1.781152e+05 1.781152e+05 1.781152e+05 1.781152e+05 1.781151e+05 1.781148e+05 1.779366e+05 1.771352e+05 1.750600e+05 1.656417e+05 1.500382e+05 1.315383e+05 1.131866e+05 9.666948e+04 8.255383e+04 7.079237e+04 3.635113e+04 2.167202e+04 1.431237e+04 1.018900e+04 7.691828e+03 6.084975e+03 4.233446e+03 3.256544e+03 2.678670e+03 2.304687e+03 2.044515e+03 1.853070e+03
1.790163e+05 1.790163e+05 1.790163e+05 1.790163e+05 1.790163e+05 1.790162e+05 1.790157e+05 1.788353e+05 1.780288e+05 1.759419e+05 1.664734e+05 1.507886e+05 1.321933e+05 1.137476e+05 9.714651e+04 8.295939e+04 7.113866e+04 3.652563e+04 2.177454e+04 1.437930e+04 1.023617e+04 7.726965e+03 6.112144e+03 4.250754e+03 3.268164e+03 2.686953e+03 2.311086e+03 2.049861e+03 1.857761e+03
1.798450e+05 1.798450e+05 1.798450e+05 1.798450e+05 1.798450e+05 1.798453e+05 1.798459e+05 1.796676e+05 1.788588e+05 1.767636e+05 1.672527e+05 1.514956e+05 1.328135e+05 1.142812e+05 9.760188e+04 8.334780e+04 7.147123e+04 3.669465e+04 2.187418e+04 1.444446e+04 1.028214e+04 7.761244e+03 6.138696e+03 4.267742e+03 3.279601e+03 2.695094e+03 2.317343e+03 2.055062e+03 1.862318e+03
1.806288e+05 1.806288e+05 1.806288e+05 1.806288e+05 1.806288e+05 1.806291e+05 1.806297e+05 1.804517e+05 1.796405e+05 1.775375e+05 1.679880e+05 1.521643e+05 1.334019e+05 1.147891e+05 9.803668e+04 8.371971e+04 7.179046e+04 3.685824e+04 2.197099e+04 1.450787e+04 1.032692e+04 7.794677e+03 6.164634e+03 4.284410e+03 3.290855e+03 2.703095e+03 2.323462e+03 2.060122e+03 1.866741e+03
1.813761e+05 1.813761e+05 1.813761e+05 1.813762e+05 1.813762e+05 1.813766e+05 1.813779e+05 1.812010e+05 1.803875e+05 1.782770e+05 1.686906e+05 1.528036e+05 1.339650e+05 1.152758e+05 9.845396e+04 8.407722e+04 7.209781e+04 3.701668e+04 2.206503e+04 1.456958e+04 1.037054e+04 7.827277e+03 6.189966e+03 4.300755e+03 3.301927e+03 2.710962e+03 2.329450e+03 2.065046e+03 1.871035e+03
1.821032e+05 1.821032e+05 1.821032e+05 1.821032e+05 1.821032e+05 1.821037e+05 1.821049e+05 1.819279e+05 1.811118e+05 1.789936e+05 1.693707e+05 1.534221e+05 1.345095e+05 1.157463e+05 9.885746e+04 8.442301e+04 7.239520e+04 3.717035e+04 2.215643e+04 1.462962e+04 1.041302e+04 7.859058e+03 6.214697e+03 4.316778e+03 3.312816e+03 2.718695e+03 2.335311e+03 2.069838e+03 1.875200e+03
1.828143e+05 1.828143e+05 1.828143e+05 1.828143e+05 1.828144e+05 1.828149e+05 1.828165e+05 1.826397e+05 1.818209e+05 1.796952e+05 1.700361e+05 1.540266e+05 1.350412e+05 1.162053e+05 9.925062e+04 8.475966e+04 7.268454e+04 3.731968e+04 2.224530e+04 1.468804e+04 1.045438e+04 7.890035e+03 6.238836e+03 4.332478e+03 3.323521e+03 2.726299e+03 2.341050e+03 2.074505e+03 1.879241e+03
1.835181e+05 1.835181e+05 1.835181e+05 1.835181e+05 1.835181e+05 1.835186e+05 1.835202e+05 1.833430e+05 1.825215e+05 1.803880e+05 1.706927e+05 1.546223e+05 1.355643e+05 1.166561e+05 9.963608e+04 8.508915e+04 7.296731e+04 3.746505e+04 2.233177e+04 1.474491e+04 1.049467e+04 7.920225e+03 6.262390e+03 4.347856e+03 3.334042e+03 2.733775e+03 2.346671e+03 2.079049e+03 1.883160e+03
1.842171e+05 1.842171e+05 1.842171e+05 1.842171e+05 1.842171e+05 1.842177e+05 1.842196e+05 1.840423e+05 1.832180e+05 1.810766e+05 1.713446e+05 1.552126e+05 1.360815e+05 1.171006e+05 1.000152e+05 8.541254e+04 7.324432e+04 3.760674e+04 2.241595e+04 1.480028e+04 1.053390e+04 7.949644e+03 6.285369e+03 4.362911e+03 3.344379e+03 2.741124e+03 2.352178e+03 2.083476e+03 1.886961e+03
1.849174e+05 1.849174e+05 1.849174e+05 1.849174e+05 1.849174e+05 1.849180e+05 1.849199e+05 1.847419e+05 1.839142e+05 1.817641e+05 1.719933e+05 1.557980e+05 1.365926e+05 1.175386e+05 1.003879e+05 8.572979e+04 7.351562e+04 3.774489e+04 2.249793e+04 1.485419e+04 1.057211e+04 7.978309e+03 6.307781e+03 4.377645e+03 3.354531e+03 2.748349e+03 2.357575e+03 2.087790e+03 1.890647e+03
1.856218e+05 1.856218e+05 1.856218e+05 1.856218e+05 1.856218e+05 1.856222e+05 1.856231e+05 1.854407e+05 1.846074e+05 1.824466e+05 1.726341e+05 1.563742e+05 1.370943e+05 1.179677e+05 1.007526e+05 8.603987e+04 7.378059e+04 3.787957e+04 2.257780e+04 1.490670e+04 1.060933e+04 8.006237e+03 6.329635e+03 4.392059e+03 3.364498e+03 2.755450e+03 2.362865e+03 2.091994e+03 1.894220e+03
1.863040e+05 1.863040e+05 1.863040e+05 1.863040e+05 1.863040e+05 1.863039e+05 1.863037e+05 1.861165e+05 1.852777e+05 1.831066e+05 1.732541e+05 1.569321e+05 1.375806e+05 1.183841e+05 1.011068e+05 8.634132e+04 7.403836e+04 3.801079e+04 2.265562e+04 1.495784e+04 1.064557e+04 8.033444e+03 6.350942e+03 4.406155e+03 3.374278e+03 2.762428e+03 2.368051e+03 2.096093e+03 1.897685e+03
1.869347e+05 1.869347e+05 1.869347e+05 1.869347e+05 1.869347e+05 1.869346e+05 1.869344e+05 1.867474e+05 1.859061e+05 1.837279e+05 1.738421e+05 1.574645e+05 1.380469e+05 1.187850e+05 1.014488e+05 8.663316e+04 7.428839e+04 3.813861e+04 2.273146e+04 1.500767e+04 1.068087e+04 8.059945e+03 6.371709e+03 4.419933e+03 3.383872e+03 2.769284e+03 2.373136e+03 2.100091e+03 1.901045e+03
1.875233e+05 1.875233e+05 1.875233e+05 1.875233e+05 1.875233e+05 1.875236e+05 1.875245e+05 1.873400e+05 1.864978e+05 1.843143e+05 1.744000e+05 1.579722e+05 1.384938e+05 1.191708e+05 1.017790e+05 8.691561e+04 7.453087e+04 3.826313e+04 2.280537e+04 1.505621e+04 1.071525e+04 8.085754e+03 6.391945e+03 4.433397e+03 3.393279e+03 2.776018e+03 2.378121e+03 2.103990e+03 1.904303e+03
1.880959e+05 1.880959e+05 1.880959e+05 1.880959e+05 1.880959e+05 1.880962e+05 1.880971e+05 1.879127e+05 1.870687e+05 1.848798e+05 1.749379e+05 1.584623e+05 1.389258e+05 1.195443e+05 1.020994e+05 8.719003e+04 7.476674e+04 3.838455e+04 2.287742e+04 1.510350e+04 1.074872e+04 8.110886e+03 6.411661e+03 4.446547e+03 3.402498e+03 2.782631e+03 2.383010e+03 2.107795e+03 1.907462e+03
1.886555e+05 1.886555e+05 1.886555e+05 1.886555e+05 1.886555e+05 1.886561e+05 1.886576e+05 1.884744e+05 1.876290e+05 1.854346e+05 1.754653e+05 1.589424e+05 1.393488e+05 1.199098e+05 1.024127e+05 8.745831e+04 7.499725e+04 3.850307e+04 2.294766e+04 1.514957e+04 1.078132e+04 8.135354e+03 6.430863e+03 4.459387e+03 3.411530e+03 2.789122e+03 2.387803e+03 2.111507e+03 1.910525e+03
