5.255448e+05 2.788274e+05 2.266513e+05 1.431706e+05 1.170855e+05 7.597520e+04 6.170379e+04 4.917293e+04 4.587211e+04 4.353517e+04 4.050958e+04 3.852333e+04 3.672123e+04 3.457834e+04 3.185503e+04 2.859294e+04 2.503939e+04 1.106237e+04 5.676443e+03 3.773284e+03 3.034108e+03 2.756321e+03 2.703078e+03 2.962548e+03 3.563875e+03 4.486855e+03 5.771415e+03 7.484332e+03 9.707711e+03
7.596251e+04 7.596253e+04 7.596190e+04 7.587454e+04 7.535671e+04 6.717053e+04 5.798109e+04 4.774464e+04 4.486000e+04 4.278770e+04 4.006638e+04 3.823681e+04 3.652037e+04 3.442562e+04 3.173041e+04 2.848639e+04 2.494637e+04 1.101757e+04 5.656197e+03 3.763868e+03 3.029929e+03 2.755043e+03 2.703652e+03 2.965606e+03 3.568986e+03 4.494112e+03 5.781113e+03 7.496876e+03 9.723585e+03
6.162785e+04 6.162783e+04 6.162767e+04 6.161431e+04 6.154159e+04 5.909076e+04 5.355614e+04 4.602978e+04 4.368374e+04 4.194079e+04 3.958107e+04 3.792903e+04 3.630660e+04 3.426352e+04 3.159813e+04 2.837326e+04 2.484771e+04 1.097079e+04 5.635342e+03 3.754260e+03 3.025698e+03 2.753772e+03 2.704259e+03 2.968724e+03 3.574172e+03 4.501457e+03 5.790913e+03 7.509539e+03 9.739595e+03
5.357364e+04 5.357364e+04 5.357361e+04 5.356954e+04 5.354752e+04 5.219345e+04 4.992655e+04 4.418505e+04 4.240528e+04 4.102477e+04 3.906363e+04 3.760400e+04 3.608158e+04 3.409267e+04 3.145832e+04 2.825350e+04 2.474330e+04 1.092200e+04 5.613880e+03 3.744461e+03 3.021419e+03 2.752508e+03 2.704901e+03 2.971901e+03 3.579432e+03 4.508891e+03 5.800816e+03 7.522320e+03 9.755741e+03
4.823481e+04 4.823481e+04 4.823479e+04 4.823314e+04 4.822410e+04 4.749886e+04 4.629690e+04 4.254160e+04 4.113630e+04 4.008764e+04 3.852723e+04 3.726641e+04 3.584712e+04 3.391372e+04 3.131115e+04 2.812708e+04 2.463304e+04 1.087119e+04 5.591813e+03 3.734475e+03 3.017094e+03 2.751254e+03 2.705578e+03 2.975138e+03 3.584768e+03 4.516414e+03 5.810824e+03 7.535222e+03 9.772024e+03
4.438207e+04 4.438207e+04 4.438207e+04 4.438136e+04 4.437703e+04 4.401184e+04 4.320276e+04 4.125195e+04 4.006819e+04 3.920452e+04 3.798988e+04 3.692208e+04 3.560531e+04 3.372736e+04 3.115675e+04 2.799392e+04 2.451682e+04 1.081833e+04 5.569144e+03 3.724306e+03 3.012725e+03 2.750011e+03 2.706292e+03 2.978436e+03 3.590180e+03 4.524028e+03 5.820937e+03 7.548245e+03 9.788445e+03
4.144826e+04 4.144826e+04 4.144826e+04 4.144793e+04 4.144694e+04 4.137717e+04 4.090006e+04 4.008896e+04 3.924661e+04 3.849215e+04 3.747685e+04 3.657859e+04 3.535872e+04 3.353442e+04 3.099529e+04 2.785398e+04 2.439452e+04 1.076340e+04 5.545876e+03 3.713958e+03 3.008315e+03 2.748781e+03 2.707044e+03 2.981796e+03 3.595670e+03 4.531734e+03 5.831156e+03 7.561389e+03 9.805005e+03
3.959987e+04 3.959988e+04 3.959990e+04 3.960032e+04 3.960096e+04 3.958297e+04 3.927367e+04 3.899599e+04 3.853314e+04 3.795456e+04 3.702415e+04 3.624624e+04 3.511071e+04 3.333596e+04 3.082703e+04 2.770720e+04 2.426603e+04 1.070640e+04 5.522017e+03 3.703434e+03 3.003865e+03 2.747566e+03 2.707835e+03 2.985219e+03 3.601237e+03 4.539531e+03 5.841481e+03 7.574656e+03 9.821704e+03
3.838267e+04 3.838268e+04 3.838270e+04 3.838311e+04 3.838382e+04 3.835057e+04 3.811499e+04 3.801796e+04 3.786734e+04 3.750208e+04 3.668258e+04 3.593898e+04 3.486587e+04 3.313349e+04 3.065235e+04 2.755364e+04 2.413129e+04 1.064731e+04 5.497571e+03 3.692740e+03 2.999380e+03 2.746366e+03 2.708667e+03 2.988706e+03 3.606884e+03 4.547421e+03 5.851914e+03 7.588046e+03 9.838544e+03
3.739563e+04 3.739564e+04 3.739565e+04 3.739601e+04 3.739670e+04 3.738718e+04 3.725525e+04 3.720285e+04 3.724715e+04 3.708625e+04 3.643331e+04 3.567692e+04 3.463033e+04 3.292909e+04 3.047191e+04 2.739341e+04 2.399027e+04 1.058613e+04 5.472549e+03 3.681880e+03 2.994862e+03 2.745185e+03 2.709541e+03 2.992257e+03 3.612609e+03 4.555405e+03 5.862455e+03 7.601560e+03 9.855525e+03
3.657762e+04 3.657764e+04 3.657770e+04 3.657955e+04 3.658486e+04 3.664861e+04 3.661830e+04 3.656423e+04 3.669449e+04 3.669080e+04 3.623342e+04 3.548452e+04 3.441246e+04 3.272561e+04 3.028667e+04 2.722678e+04 2.384301e+04 1.052287e+04 5.446959e+03 3.670860e+03 2.990312e+03 2.744023e+03 2.710457e+03 2.995874e+03 3.618415e+03 4.563483e+03 5.873106e+03 7.615199e+03 9.872648e+03
3.530523e+04 3.530524e+04 3.530525e+04 3.530552e+04 3.530626e+04 3.531933e+04 3.532273e+04 3.519338e+04 3.517923e+04 3.525023e+04 3.533680e+04 3.488614e+04 3.373723e+04 3.188261e+04 2.935955e+04 2.632343e+04 2.302276e+04 1.017618e+04 5.310940e+03 3.613564e+03 2.967218e+03 2.738570e+03 2.715725e+03 3.014970e+03 3.648676e+03 4.605315e+03 5.928022e+03 7.685299e+03 9.960428e+03
3.494712e+04 3.494712e+04 3.494713e+04 3.494730e+04 3.494778e+04 3.495795e+04 3.497215e+04 3.491329e+04 3.481821e+04 3.471045e+04 3.449122e+04 3.402636e+04 3.294784e+04 3.108927e+04 2.850951e+04 2.542588e+04 2.214010e+04 9.784735e+03 5.163174e+03 3.553268e+03 2.943848e+03 2.733885e+03 2.722253e+03 3.035829e+03 3.681060e+03 4.649622e+03 5.985786e+03 7.758648e+03 1.005189e+04
3.488503e+04 3.488503e+04 3.488503e+04 3.488516e+04 3.488552e+04 3.489409e+04 3.489944e+04 3.472060e+04 3.450158e+04 3.421386e+04 3.353478e+04 3.272455e+04 3.155556e+04 2.977666e+04 2.732709e+04 2.437099e+04 2.120382e+04 9.365261e+03 5.007104e+03 3.491086e+03 2.920673e+03 2.730215e+03 2.730198e+03 3.058557e+03 3.715663e+03 4.696501e+03 6.046499e+03 7.835353e+03 1.014716e+04
3.428616e+04 3.428615e+04 3.428610e+04 3.428460e+04 3.427997e+04 3.417744e+04 3.396210e+04 3.336781e+04 3.301080e+04 3.262007e+04 3.176221e+04 3.079624e+04 2.958233e+04 2.791437e+04 2.568823e+04 2.299365e+04 2.007310e+04 8.948314e+03 4.847772e+03 3.428439e+03 2.898239e+03 2.727826e+03 2.739725e+03 3.083256e+03 3.752580e+03 4.746049e+03 6.110260e+03 7.915519e+03 1.024632e+04
3.027731e+04 3.027731e+04 3.027730e+04 3.027714e+04 3.027664e+04 3.026325e+04 3.022266e+04 3.002293e+04 2.984928e+04 2.962718e+04 2.904634e+04 2.826849e+04 2.720666e+04 2.572945e+04 2.376350e+04 2.137546e+04 1.876233e+04 8.541053e+03 4.692009e+03 3.367087e+03 2.877177e+03 2.727011e+03 2.751003e+03 3.110031e+03 3.791906e+03 4.798364e+03 6.177173e+03 7.999251e+03 1.034951e+04
2.667117e+04 2.667117e+04 2.667117e+04 2.667116e+04 2.667112e+04 2.666851e+04 2.665624e+04 2.658556e+04 2.651655e+04 2.641781e+04 2.610604e+04 2.558175e+04 2.474578e+04 2.349595e+04 2.178892e+04 1.969335e+04 1.738215e+04 8.133273e+03 4.548487e+03 3.309158e+03 2.858228e+03 2.728099e+03 2.764219e+03 3.138990e+03 3.833737e+03 4.853542e+03 6.247338e+03 8.086657e+03 1.045682e+04
2.379734e+04 2.379734e+04 2.379734e+04 2.379729e+04 2.379714e+04 2.379302e+04 2.378170e+04 2.373593e+04 2.369781e+04 2.364495e+04 2.346647e+04 2.311205e+04 2.246278e+04 2.141541e+04 1.993557e+04 1.809275e+04 1.604571e+04 7.727121e+03 4.416953e+03 3.257300e+03 2.842261e+03 2.731470e+03 2.779580e+03 3.170245e+03 3.878172e+03 4.911684e+03 6.320859e+03 8.177844e+03 1.056838e+04
2.142708e+04 2.142708e+04 2.142708e+04 2.142708e+04 2.142707e+04 2.142658e+04 2.142379e+04 2.140298e+04 2.138200e+04 2.135144e+04 2.123931e+04 2.098466e+04 2.046615e+04 1.957754e+04 1.828364e+04 1.664967e+04 1.482274e+04 7.331469e+03 4.294318e+03 3.214450e+03 2.830314e+03 2.737572e+03 2.797325e+03 3.203918e+03 3.925312e+03 4.972889e+03 6.397840e+03 8.272921e+03 1.068429e+04
1.952473e+04 1.952473e+04 1.952473e+04 1.952473e+04 1.952470e+04 1.952366e+04 1.951979e+04 1.950222e+04 1.948721e+04 1.946616e+04 1.938712e+04 1.919107e+04 1.876183e+04 1.799375e+04 1.684883e+04 1.538554e+04 1.373983e+04 6.956752e+03 4.179268e+03 3.179411e+03 2.823777e+03 2.746937e+03 2.817735e+03 3.240144e+03 3.975264e+03 5.037261e+03 6.478387e+03 8.371998e+03 1.080467e+04
1.794027e+04 1.794027e+04 1.794027e+04 1.794027e+04 1.794026e+04 1.793970e+04 1.793713e+04 1.792436e+04 1.791350e+04 1.789842e+04 1.783964e+04 1.768157e+04 1.731579e+04 1.664029e+04 1.561528e+04 1.429226e+04 1.279656e+04 6.611118e+03 4.071538e+03 3.150655e+03 2.823869e+03 2.760236e+03 2.841150e+03 3.279078e+03 4.028144e+03 5.104908e+03 6.562607e+03 8.475187e+03 1.092964e+04
1.660150e+04 1.660150e+04 1.660150e+04 1.660150e+04 1.660150e+04 1.660138e+04 1.660051e+04 1.659431e+04 1.658821e+04 1.657894e+04 1.653637e+04 1.640599e+04 1.608746e+04 1.548432e+04 1.455667e+04 1.334996e+04 1.197978e+04 6.298921e+03 3.971556e+03 3.127144e+03 2.829589e+03 2.778445e+03 2.867985e+03 3.320897e+03 4.084077e+03 5.175943e+03 6.650613e+03 8.582601e+03 1.105931e+04
1.547830e+04 1.547830e+04 1.547830e+04 1.547830e+04 1.547830e+04 1.547838e+04 1.547836e+04 1.547646e+04 1.547364e+04 1.546831e+04 1.543646e+04 1.532489e+04 1.504085e+04 1.449404e+04 1.364558e+04 1.253599e+04 1.127200e+04 6.021006e+03 3.880057e+03 3.108174e+03 2.840077e+03 2.802106e+03 2.898780e+03 3.365813e+03 4.143203e+03 5.250486e+03 6.742519e+03 8.694356e+03 1.119381e+04
1.454269e+04 1.454269e+04 1.454269e+04 1.454269e+04 1.454269e+04 1.454270e+04 1.454261e+04 1.454095e+04 1.453850e+04 1.453377e+04 1.450501e+04 1.440327e+04 1.414286e+04 1.363950e+04 1.285582e+04 1.182820e+04 1.065529e+04 5.775770e+03 3.797744e+03 3.093345e+03 2.854674e+03 2.830496e+03 2.934348e+03 3.414074e+03 4.205678e+03 5.328666e+03 6.838448e+03 8.810573e+03 1.133325e+04
1.375115e+04 1.375115e+04 1.375115e+04 1.375115e+04 1.375115e+04 1.375108e+04 1.375059e+04 1.374597e+04 1.374112e+04 1.373393e+04 1.370214e+04 1.360417e+04 1.336047e+04 1.289203e+04 1.216302e+04 1.120626e+04 1.011306e+04 5.560285e+03 3.725084e+03 3.082520e+03 2.872877e+03 2.863094e+03 2.974892e+03 3.465978e+03 4.271680e+03 5.410623e+03 6.938525e+03 8.931375e+03 1.147776e+04
1.305791e+04 1.305791e+04 1.305791e+04 1.305789e+04 1.305781e+04 1.305555e+04 1.305022e+04 1.303628e+04 1.302809e+04 1.301849e+04 1.298497e+04 1.289162e+04 1.266360e+04 1.222659e+04 1.154643e+04 1.065304e+04 9.631312e+03 5.371167e+03 3.662248e+03 3.075753e+03 2.894333e+03 2.899487e+03 3.019909e+03 3.521896e+03 4.341410e+03 5.496508e+03 7.042886e+03 9.056891e+03 1.162747e+04
1.236552e+04 1.236552e+04 1.236552e+04 1.236552e+04 1.236552e+04 1.236557e+04 1.236541e+04 1.236217e+04 1.235841e+04 1.235268e+04 1.232634e+04 1.224276e+04 1.203244e+04 1.162595e+04 1.099118e+04 1.015588e+04 9.199388e+03 5.205133e+03 3.609134e+03 3.073212e+03 2.918840e+03 2.939347e+03 3.069070e+03 3.582324e+03 4.415102e+03 5.586491e+03 7.151674e+03 9.187255e+03 1.178251e+04
1.175375e+04 1.175375e+04 1.175375e+04 1.175375e+04 1.175375e+04 1.175367e+04 1.175340e+04 1.175173e+04 1.174986e+04 1.174653e+04 1.172634e+04 1.165239e+04 1.145911e+04 1.108123e+04 1.048838e+04 9.706449e+03 8.809810e+03 5.059283e+03 3.565448e+03 3.075113e+03 2.946335e+03 2.982429e+03 3.122113e+03 3.647909e+03 4.493023e+03 5.680758e+03 7.265042e+03 9.322607e+03 1.194302e+04
1.121148e+04 1.121148e+04 1.121148e+04 1.121148e+04 1.121148e+04 1.121135e+04 1.121088e+04 1.120864e+04 1.120673e+04 1.120374e+04 1.118603e+04 1.111878e+04 1.093986e+04 1.058739e+04 1.003248e+04 9.299189e+03 8.457336e+03 4.931176e+03 3.530778e+03 3.081670e+03 2.976866e+03 3.028576e+03 3.178829e+03 3.718538e+03 4.575494e+03 5.779514e+03 7.383157e+03 9.463098e+03 1.210914e+04
1.072094e+04 1.072094e+04 1.072094e+04 1.072094e+04 1.072094e+04 1.072082e+04 1.072039e+04 1.071845e+04 1.071682e+04 1.071425e+04 1.069843e+04 1.063648e+04 1.046974e+04 1.013970e+04 9.618871e+03 8.929721e+03 8.137922e+03 4.818811e+03 3.504666e+03 3.093072e+03 3.010569e+03 3.077718e+03 3.239058e+03 3.793986e+03 4.662905e+03 5.882991e+03 7.506199e+03 9.608883e+03 1.228101e+04
1.027477e+04 1.027477e+04 1.027477e+04 1.027477e+04 1.027477e+04 1.027475e+04 1.027460e+04 1.027362e+04 1.027257e+04 1.027066e+04 1.025676e+04 1.019943e+04 1.004335e+04 9.733269e+03 9.243162e+03 8.594141e+03 7.848129e+03 4.720554e+03 3.486653e+03 3.109468e+03 3.047634e+03 3.129870e+03 3.302696e+03 3.874119e+03 4.755805e+03 5.991453e+03 7.634364e+03 9.760131e+03 1.245880e+04
9.872223e+03 9.872223e+03 9.872223e+03 9.872223e+03 9.872224e+03 9.872239e+03 9.872191e+03 9.871474e+03 9.870605e+03 9.868933e+03 9.856158e+03 9.802503e+03 9.655697e+03 9.363484e+03 8.901239e+03 8.288879e+03 7.584916e+03 4.635083e+03 3.476314e+03 3.130973e+03 3.088281e+03 3.185113e+03 3.369693e+03 3.958840e+03 4.854621e+03 6.105198e+03 7.767867e+03 9.917021e+03 1.264266e+04
9.508357e+03 9.508357e+03 9.508357e+03 9.508356e+03 9.508354e+03 9.508257e+03 9.507914e+03 9.506450e+03 9.505279e+03 9.503429e+03 9.491097e+03 9.440449e+03 9.301928e+03 9.026000e+03 8.589314e+03 8.010720e+03 7.345606e+03 4.561329e+03 3.473279e+03 3.157671e+03 3.132745e+03 3.243589e+03 3.440058e+03 4.048075e+03 4.959178e+03 6.224579e+03 7.906943e+03 1.007975e+04 1.283277e+04
9.171319e+03 9.171319e+03 9.171319e+03 9.171319e+03 9.171317e+03 9.171244e+03 9.170966e+03 9.169705e+03 9.168686e+03 9.167058e+03 9.155755e+03 9.108306e+03 8.977719e+03 8.717030e+03 8.304125e+03 7.756912e+03 7.127925e+03 4.498446e+03 3.477237e+03 3.189625e+03 3.181256e+03 3.305482e+03 3.513850e+03 4.141770e+03 5.069388e+03 6.350029e+03 8.051856e+03 1.024851e+04 1.302930e+04
8.858524e+03 8.858524e+03 8.858524e+03 8.858523e+03 8.858522e+03 8.858486e+03 8.858389e+03 8.858007e+03 8.857577e+03 8.856589e+03 8.846946e+03 8.802956e+03 8.680067e+03 8.433770e+03 8.043148e+03 7.525271e+03 6.930046e+03 4.445780e+03 3.487947e+03 3.226887e+03 3.234037e+03 3.371006e+03 3.591178e+03 4.239898e+03 5.185209e+03 6.482150e+03 8.202896e+03 1.042354e+04 1.323246e+04
8.572605e+03 8.572605e+03 8.572605e+03 8.572607e+03 8.572611e+03 8.572706e+03 8.572882e+03 8.573104e+03 8.572987e+03 8.572351e+03 8.563871e+03 8.522897e+03 8.407121e+03 8.174275e+03 7.804523e+03 7.314134e+03 6.750555e+03 4.402837e+03 3.505229e+03 3.269504e+03 3.291299e+03 3.440391e+03 3.672191e+03 4.342458e+03 5.306622e+03 6.621102e+03 8.360399e+03 1.060508e+04 1.344244e+04
8.314573e+03 8.314573e+03 8.314573e+03 8.314573e+03 8.314573e+03 8.314549e+03 8.314442e+03 8.313978e+03 8.313618e+03 8.312875e+03 8.304895e+03 8.266445e+03 8.157212e+03 7.936947e+03 7.586781e+03 7.122207e+03 6.588359e+03 4.369266e+03 3.528962e+03 3.317526e+03 3.353238e+03 3.513879e+03 3.757069e+03 4.449475e+03 5.433618e+03 6.766765e+03 8.524754e+03 1.079340e+04 1.365947e+04
8.074934e+03 8.074934e+03 8.074934e+03 8.074934e+03 8.074935e+03 8.074936e+03 8.074909e+03 8.074773e+03 8.074652e+03 8.074213e+03 8.067301e+03 8.031597e+03 7.928738e+03 7.720431e+03 7.388753e+03 6.948492e+03 6.442629e+03 4.344822e+03 3.559077e+03 3.371006e+03 3.420035e+03 3.591710e+03 3.846020e+03 4.561004e+03 5.566205e+03 6.919112e+03 8.696463e+03 1.098878e+04 1.388378e+04
7.853756e+03 7.853756e+03 7.853756e+03 7.853757e+03 7.853760e+03 7.853866e+03 7.854148e+03 7.855004e+03 7.855474e+03 7.855658e+03 7.850282e+03 7.817498e+03 7.720826e+03 7.523868e+03 7.209632e+03 6.792272e+03 6.312756e+03 4.329344e+03 3.595544e+03 3.430006e+03 3.491864e+03 3.674123e+03 3.939268e+03 4.677130e+03 5.704400e+03 7.078151e+03 8.876093e+03 1.119155e+04 1.411562e+04
7.656005e+03 7.656005e+03 7.656005e+03 7.656006e+03 7.656010e+03 7.656143e+03 7.656521e+03 7.657737e+03 7.658447e+03 7.658922e+03 7.654523e+03 7.624179e+03 7.533142e+03 7.346752e+03 7.048863e+03 6.653016e+03 6.198281e+03 4.322732e+03 3.638366e+03 3.494594e+03 3.568884e+03 3.761352e+03 4.037050e+03 4.797965e+03 5.848234e+03 7.243902e+03 9.063595e+03 1.140209e+04 1.435527e+04
7.481703e+03 7.481703e+03 7.481704e+03 7.481704e+03 7.481706e+03 7.481759e+03 7.481913e+03 7.482577e+03 7.483081e+03 7.483457e+03 7.479418e+03 7.451022e+03 7.365074e+03 7.188496e+03 6.905905e+03 6.530251e+03 6.098809e+03 4.324916e+03 3.687568e+03 3.564843e+03 3.651250e+03 3.853620e+03 4.139608e+03 4.923648e+03 5.997757e+03 7.416394e+03 9.258917e+03 1.162083e+04 1.460303e+04
7.323958e+03 7.323958e+03 7.323958e+03 7.323959e+03 7.323961e+03 7.324014e+03 7.324191e+03 7.325051e+03 7.325729e+03 7.326331e+03 7.323089e+03 7.296770e+03 7.215712e+03 7.048390e+03 6.780184e+03 6.423510e+03 6.013968e+03 4.335850e+03 3.743191e+03 3.640835e+03 3.739111e+03 3.951147e+03 4.247189e+03 5.054341e+03 6.153030e+03 7.595664e+03 9.462070e+03 1.184838e+04 1.485922e+04
7.182319e+03 7.182319e+03 7.182319e+03 7.182321e+03 7.182327e+03 7.182510e+03 7.183051e+03 7.184897e+03 7.186076e+03 7.187166e+03 7.185047e+03 7.160869e+03 7.084486e+03 6.925888e+03 6.671204e+03 6.332367e+03 5.943414e+03 4.355493e+03 3.805283e+03 3.722656e+03 3.832610e+03 4.054143e+03 4.360040e+03 5.190229e+03 6.314135e+03 7.781756e+03 9.673088e+03 1.208510e+04 1.512420e+04
7.062779e+03 7.062779e+03 7.062779e+03 7.062781e+03 7.062786e+03 7.062933e+03 7.063375e+03 7.065059e+03 7.066233e+03 7.067384e+03 7.065745e+03 7.043232e+03 6.971045e+03 6.820539e+03 6.578513e+03 6.256421e+03 5.886815e+03 4.383807e+03 3.873898e+03 3.810397e+03 3.931889e+03 4.162812e+03 4.478406e+03 5.331516e+03 6.481170e+03 7.974722e+03 9.892013e+03 1.233088e+04 1.539840e+04
6.961720e+03 6.961720e+03 6.961720e+03 6.961721e+03 6.961724e+03 6.961836e+03 6.962177e+03 6.963565e+03 6.964598e+03 6.965652e+03 6.964177e+03 6.943026e+03 6.874673e+03 6.731732e+03 6.501596e+03 6.195251e+03 5.843841e+03 4.420750e+03 3.949093e+03 3.904153e+03 4.037092e+03 4.277354e+03 4.602530e+03 5.478419e+03 6.654254e+03 8.174621e+03 1.011890e+04 1.258573e+04 1.568232e+04
6.875314e+03 6.875314e+03 6.875314e+03 6.875315e+03 6.875319e+03 6.875450e+03 6.875843e+03 6.877369e+03 6.878485e+03 6.879647e+03 6.878659e+03 6.859045e+03 6.794492e+03 6.658807e+03 6.439951e+03 6.148470e+03 5.814194e+03 4.466283e+03 4.030926e+03 4.004025e+03 4.148359e+03 4.397964e+03 4.732652e+03 5.631170e+03 6.833521e+03 8.381524e+03 1.035379e+04 1.284966e+04 1.597663e+04
6.803366e+03 6.803366e+03 6.803366e+03 6.803367e+03 6.803373e+03 6.803535e+03 6.804020e+03 6.805886e+03 6.807244e+03 6.808699e+03 6.808574e+03 6.790772e+03 6.730082e+03 6.601420e+03 6.393285e+03 6.115826e+03 5.797661e+03 4.520364e+03 4.119455e+03 4.110118e+03 4.265838e+03 4.524837e+03 4.869009e+03 5.790011e+03 7.019123e+03 8.595511e+03 1.059676e+04 1.312274e+04 1.628142e+04
6.746979e+03 6.746979e+03 6.746979e+03 6.746981e+03 6.746987e+03 6.747189e+03 6.747788e+03 6.750095e+03 6.751773e+03 6.753608e+03 6.754510e+03 6.738593e+03 6.681652e+03 6.559642e+03 6.361571e+03 6.097234e+03 5.794129e+03 4.582949e+03 4.214739e+03 4.222541e+03 4.389676e+03 4.658166e+03 5.011837e+03 5.955191e+03 7.211230e+03 8.816672e+03 1.084787e+04 1.340502e+04 1.659664e+04
6.707916e+03 6.707916e+03 6.707916e+03 6.707918e+03 6.707926e+03 6.708158e+03 6.708876e+03 6.711663e+03 6.713652e+03 6.715825e+03 6.717579e+03 6.703268e+03 6.649664e+03 6.533708e+03 6.344888e+03 6.092669e+03 5.803510e+03 4.653985e+03 4.316834e+03 4.341410e+03 4.520027e+03 4.798144e+03 5.161368e+03 6.126965e+03 7.410024e+03 9.045112e+03 1.110718e+04 1.369658e+04 1.692230e+04
6.688427e+03 6.688427e+03 6.688427e+03 6.688430e+03 6.688438e+03 6.688694e+03 6.689446e+03 6.692240e+03 6.694216e+03 6.696391e+03 6.698366e+03 6.685090e+03 6.634233e+03 6.523615e+03 6.343152e+03 6.101996e+03 5.825645e+03 4.733396e+03 4.425797e+03 4.466845e+03 4.657050e+03 4.944968e+03 5.317835e+03 6.305591e+03 7.615702e+03 9.280945e+03 1.137477e+04 1.399747e+04 1.725845e+04
6.687330e+03 6.687330e+03 6.687330e+03 6.687332e+03 6.687337e+03 6.687514e+03 6.688060e+03 6.690285e+03 6.691988e+03 6.693948e+03 6.695816e+03 6.683287e+03 6.634789e+03 6.528922e+03 6.355990e+03 6.124879e+03 5.860224e+03 4.821078e+03 4.541683e+03 4.598974e+03 4.800909e+03 5.098835e+03 5.481470e+03 6.491332e+03 7.828473e+03 9.524299e+03 1.165072e+04 1.430778e+04 1.760518e+04
6.698856e+03 6.698856e+03 6.698856e+03 6.698858e+03 6.698863e+03 6.699041e+03 6.699592e+03 6.701922e+03 6.703750e+03 6.705877e+03 6.708238e+03 6.696737e+03 6.650521e+03 6.548970e+03 6.382827e+03 6.160798e+03 5.906785e+03 4.916893e+03 4.664544e+03 4.737929e+03 4.951777e+03 5.259948e+03 5.652505e+03 6.684449e+03 8.048556e+03 9.775314e+03 1.193512e+04 1.462758e+04 1.796254e+04
6.722538e+03 6.722538e+03 6.722539e+03 6.722542e+03 6.722553e+03 6.722894e+03 6.723879e+03 6.727416e+03 6.729841e+03 6.732492e+03 6.735714e+03 6.725226e+03 6.680966e+03 6.583141e+03 6.422974e+03 6.209074e+03 5.964709e+03 5.020671e+03 4.794437e+03 4.883853e+03 5.109834e+03 5.428515e+03 5.831173e+03 6.885207e+03 8.276178e+03 1.003414e+04 1.222807e+04 1.495694e+04 1.833064e+04
6.767351e+03 6.767351e+03 6.767352e+03 6.767355e+03 6.767366e+03 6.767678e+03 6.768546e+03 6.771728e+03 6.773939e+03 6.776359e+03 6.779154e+03 6.768649e+03 6.725462e+03 6.630513e+03 6.475447e+03 6.268780e+03 6.033190e+03 5.132227e+03 4.931422e+03 5.036897e+03 5.275270e+03 5.604748e+03 6.017709e+03 7.093868e+03 8.511574e+03 1.030094e+04 1.252967e+04 1.529597e+04 1.870954e+04
6.829418e+03 6.829418e+03 6.829418e+03 6.829420e+03 6.829424e+03 6.829575e+03 6.830029e+03 6.831824e+03 6.833202e+03 6.834789e+03 6.836116e+03 6.824790e+03 6.782023e+03 6.689344e+03 6.538760e+03 6.338689e+03 6.111251e+03 5.251374e+03 5.075571e+03 5.197222e+03 5.448282e+03 5.788868e+03 6.212349e+03 7.310694e+03 8.754981e+03 1.057589e+04 1.284003e+04 1.564473e+04 1.909936e+04
6.897365e+03 6.897365e+03 6.897366e+03 6.897366e+03 6.897369e+03 6.897451e+03 6.897711e+03 6.898898e+03 6.899897e+03 6.901074e+03 6.901616e+03 6.889914e+03 6.847795e+03 6.757424e+03 6.611198e+03 6.417481e+03 6.197894e+03 5.377954e+03 5.226970e+03 5.365004e+03 5.629081e+03 5.981098e+03 6.415333e+03 7.535945e+03 9.006644e+03 1.085918e+04 1.315928e+04 1.600333e+04 1.950016e+04
6.966722e+03 6.966722e+03 6.966722e+03 6.966724e+03 6.966730e+03 6.966907e+03 6.967395e+03 6.969193e+03 6.970476e+03 6.971886e+03 6.972779e+03 6.961590e+03 6.920756e+03 6.833095e+03 6.691431e+03 6.504117e+03 6.292327e+03 5.511861e+03 5.385728e+03 5.540432e+03 5.817887e+03 6.181673e+03 6.626903e+03 7.769879e+03 9.266807e+03 1.115098e+04 1.348755e+04 1.637187e+04 1.991206e+04
7.042544e+03 7.042544e+03 7.042545e+03 7.042546e+03 7.042553e+03 7.042745e+03 7.043321e+03 7.045451e+03 7.046940e+03 7.048569e+03 7.049967e+03 7.039598e+03 7.000392e+03 6.915740e+03 6.778849e+03 6.598060e+03 6.394112e+03 5.653056e+03 5.551979e+03 5.723711e+03 6.014931e+03 6.390832e+03 6.847303e+03 8.012752e+03 9.535717e+03 1.145151e+04 1.382499e+04 1.675045e+04 2.033516e+04
7.127020e+03 7.127020e+03 7.127020e+03 7.127021e+03 7.127025e+03 7.127159e+03 7.127575e+03 7.129357e+03 7.130767e+03 7.132403e+03 7.134085e+03 7.124503e+03 7.086992e+03 7.005448e+03 6.873423e+03 6.699219e+03 6.503142e+03 5.801567e+03 5.725880e+03 5.915063e+03 6.220456e+03 6.608822e+03 7.076779e+03 8.264815e+03 9.813619e+03 1.176096e+04 1.417173e+04 1.713919e+04 2.076955e+04
7.216328e+03 7.216328e+03 7.216328e+03 7.216331e+03 7.216338e+03 7.216568e+03 7.217224e+03 7.219659e+03 7.221386e+03 7.223312e+03 7.225563e+03 7.216848e+03 7.181037e+03 7.102588e+03 6.975406e+03 6.807754e+03 6.619512e+03 5.957474e+03 5.907614e+03 6.114725e+03 6.434716e+03 6.835895e+03 7.315582e+03 8.526319e+03 1.010076e+04 1.207955e+04 1.452795e+04 1.753821e+04 2.121535e+04
7.315670e+03 7.315670e+03 7.315670e+03 7.315673e+03 7.315680e+03 7.315919e+03 7.316627e+03 7.319178e+03 7.320944e+03 7.322910e+03 7.325360e+03 7.317284e+03 7.283028e+03 7.207560e+03 7.085106e+03 6.923892e+03 6.743381e+03 6.120889e+03 6.097387e+03 6.322950e+03 6.657976e+03 7.072311e+03 7.563960e+03 8.797509e+03 1.039738e+04 1.240750e+04 1.489382e+04 1.794764e+04 2.167266e+04
7.425667e+03 7.425667e+03 7.425667e+03 7.425669e+03 7.425672e+03 7.425786e+03 7.426145e+03 7.427826e+03 7.429267e+03 7.431033e+03 7.433461e+03 7.425959e+03 7.393204e+03 7.320613e+03 7.202737e+03 7.047790e+03 6.874858e+03 6.291936e+03 6.295420e+03 6.540005e+03 6.890509e+03 7.318332e+03 7.822165e+03 9.078624e+03 1.070371e+04 1.274502e+04 1.526950e+04 1.836763e+04 2.214162e+04
7.538181e+03 7.538181e+03 7.538181e+03 7.538184e+03 7.538193e+03 7.538430e+03 7.539137e+03 7.541895e+03 7.543903e+03 7.546189e+03 7.549512e+03 7.542964e+03 7.511753e+03 7.441900e+03 7.328379e+03 7.179471e+03 7.013939e+03 6.470738e+03 6.501955e+03 6.766171e+03 7.132598e+03 7.574228e+03 8.090448e+03 9.369900e+03 1.102001e+04 1.309234e+04 1.565519e+04 1.879831e+04 2.262235e+04
7.661812e+03 7.661812e+03 7.661812e+03 7.661816e+03 7.661826e+03 7.662154e+03 7.663158e+03 7.666742e+03 7.669104e+03 7.671658e+03 7.675324e+03 7.669178e+03 7.639004e+03 7.571436e+03 7.461895e+03 7.318749e+03 7.160456e+03 6.657418e+03 6.717248e+03 7.001741e+03 7.384533e+03 7.840267e+03 8.369059e+03 9.671568e+03 1.134649e+04 1.344968e+04 1.605108e+04 1.923984e+04 2.311499e+04
7.803236e+03 7.803236e+03 7.803236e+03 7.803237e+03 7.803240e+03 7.803334e+03 7.803680e+03 7.805457e+03 7.806929e+03 7.808677e+03 7.811055e+03 7.804222e+03 7.774347e+03 7.708565e+03 7.602684e+03 7.465138e+03 7.314057e+03 6.852111e+03 6.941573e+03 7.247020e+03 7.646608e+03 8.116722e+03 8.658245e+03 9.983850e+03 1.168338e+04 1.381725e+04 1.645738e+04 1.969240e+04 2.361967e+04
7.947190e+03 7.947191e+03 7.947191e+03 7.947191e+03 7.947194e+03 7.947287e+03 7.947591e+03 7.948939e+03 7.950029e+03 7.951330e+03 7.952793e+03 7.945389e+03 7.915839e+03 7.851870e+03 7.749729e+03 7.617939e+03 7.474304e+03 7.054990e+03 7.175228e+03 7.502324e+03 7.919124e+03 8.403864e+03 8.958250e+03 1.030696e+04 1.203090e+04 1.419530e+04 1.687428e+04 2.015617e+04 2.413655e+04
8.091122e+03 8.091122e+03 8.091122e+03 8.091124e+03 8.091128e+03 8.091279e+03 8.091742e+03 8.093494e+03 8.094730e+03 8.096104e+03 8.097569e+03 8.090316e+03 8.061679e+03 8.000040e+03 7.902135e+03 7.776596e+03 7.640900e+03 7.266285e+03 7.418529e+03 7.767977e+03 8.202383e+03 8.701961e+03 9.269311e+03 1.064112e+04 1.238927e+04 1.458403e+04 1.730200e+04 2.063132e+04 2.466579e+04
8.238663e+03 8.238663e+03 8.238663e+03 8.238664e+03 8.238669e+03 8.238805e+03 8.239217e+03 8.240828e+03 8.242019e+03 8.243386e+03 8.245007e+03 8.238366e+03 8.211259e+03 8.152634e+03 8.059659e+03 7.941045e+03 7.813918e+03 7.486305e+03 7.671819e+03 8.044311e+03 8.496685e+03 9.011277e+03 9.591662e+03 1.098651e+04 1.275870e+04 1.498368e+04 1.774076e+04 2.111805e+04 2.520757e+04
8.388460e+03 8.388460e+03 8.388460e+03 8.388461e+03 8.388465e+03 8.388576e+03 8.388921e+03 8.390424e+03 8.391660e+03 8.393166e+03 8.395403e+03 8.389999e+03 8.365132e+03 8.310247e+03 8.222905e+03 8.111869e+03 7.993905e+03 7.715438e+03 7.935455e+03 8.331665e+03 8.802331e+03 9.332071e+03 9.925525e+03 1.134333e+04 1.313938e+04 1.539446e+04 1.819078e+04 2.161657e+04 2.576206e+04
8.538942e+03 8.538942e+03 8.538942e+03 8.538945e+03 8.538953e+03 8.539204e+03 8.539902e+03 8.542476e+03 8.544357e+03 8.546565e+03 8.550408e+03 8.547062e+03 8.525114e+03 8.474532e+03 8.393295e+03 8.290245e+03 8.181813e+03 7.954119e+03 8.209813e+03 8.630376e+03 9.119614e+03 9.664591e+03 1.027111e+04 1.171177e+04 1.353151e+04 1.581659e+04 1.865229e+04 2.212710e+04 2.632945e+04
8.698398e+03 8.698398e+03 8.698398e+03 8.698401e+03 8.698409e+03 8.698674e+03 8.699504e+03 8.702900e+03 8.705458e+03 8.708474e+03 8.714205e+03 8.713140e+03 8.694211e+03 8.647931e+03 8.572748e+03 8.477646e+03 8.378759e+03 8.202799e+03 8.495271e+03 8.940779e+03 9.448817e+03 1.000907e+04 1.062863e+04 1.209200e+04 1.393528e+04 1.625030e+04 1.912553e+04 2.264986e+04 2.690996e+04
8.871570e+03 8.871570e+03 8.871571e+03 8.871575e+03 8.871587e+03 8.871986e+03 8.873181e+03 8.877674e+03 8.880879e+03 8.884569e+03 8.891689e+03 8.892211e+03 8.875525e+03 8.832784e+03 8.762988e+03 8.675320e+03 8.585658e+03 8.461891e+03 8.792206e+03 9.263204e+03 9.790214e+03 1.036574e+04 1.099826e+04 1.248417e+04 1.435087e+04 1.669579e+04 1.961074e+04 2.318507e+04 2.750378e+04
9.066056e+03 9.066056e+03 9.066056e+03 9.066060e+03 9.066073e+03 9.066475e+03 9.067710e+03 9.072296e+03 9.075480e+03 9.079096e+03 9.085996e+03 9.086504e+03 9.070589e+03 9.030117e+03 8.964692e+03 8.883734e+03 8.802862e+03 8.731749e+03 9.100987e+03 9.597965e+03 1.014406e+04 1.073481e+04 1.138017e+04 1.288844e+04 1.477845e+04 1.715328e+04 2.010814e+04 2.373300e+04 2.811115e+04
9.282322e+03 9.282322e+03 9.282322e+03 9.282324e+03 9.282330e+03 9.282511e+03 9.283120e+03 9.285901e+03 9.288082e+03 9.290677e+03 9.295600e+03 9.294545e+03 9.278090e+03 9.238839e+03 9.177025e+03 9.102309e+03 9.030032e+03 9.012671e+03 9.421970e+03 9.945363e+03 1.051060e+04 1.111646e+04 1.177454e+04 1.330494e+04 1.521820e+04 1.762299e+04 2.061800e+04 2.429388e+04 2.873230e+04
9.505777e+03 9.505777e+03 9.505777e+03 9.505779e+03 9.505785e+03 9.505963e+03 9.506503e+03 9.508468e+03 9.509872e+03 9.511518e+03 9.514336e+03 9.511470e+03 9.494268e+03 9.456144e+03 9.397989e+03 9.329715e+03 9.266365e+03 9.304934e+03 9.755505e+03 1.030568e+04 1.089004e+04 1.151086e+04 1.218148e+04 1.373381e+04 1.567027e+04 1.810513e+04 2.114056e+04 2.486798e+04 2.936748e+04
9.731679e+03 9.731679e+03 9.731679e+03 9.731679e+03 9.731680e+03 9.731711e+03 9.731830e+03 9.732559e+03 9.733264e+03 9.734198e+03 9.735690e+03 9.731980e+03 9.715042e+03 9.679042e+03 9.625522e+03 9.564636e+03 9.511116e+03 9.608856e+03 1.010193e+04 1.067917e+04 1.128257e+04 1.191817e+04 1.260114e+04 1.417516e+04 1.613482e+04 1.859990e+04 2.167607e+04 2.545557e+04 3.001695e+04
9.950795e+03 9.950795e+03 9.950795e+03 9.950796e+03 9.950797e+03 9.950825e+03 9.950934e+03 9.951744e+03 9.952592e+03 9.953735e+03 9.955837e+03 9.953190e+03 9.938304e+03 9.906084e+03 9.858721e+03 9.806608e+03 9.764153e+03 9.924845e+03 1.046157e+04 1.106607e+04 1.168837e+04 1.233849e+04 1.303360e+04 1.462910e+04 1.661200e+04 1.910753e+04 2.222479e+04 2.605693e+04 3.068098e+04
1.016351e+04 1.016351e+04 1.016351e+04 1.016351e+04 1.016352e+04 1.016381e+04 1.016467e+04 1.016764e+04 1.016967e+04 1.017201e+04 1.017653e+04 1.017659e+04 1.016530e+04 1.013832e+04 1.009851e+04 1.005648e+04 1.002626e+04 1.025342e+04 1.083476e+04 1.146658e+04 1.210756e+04 1.277194e+04 1.347896e+04 1.509573e+04 1.710197e+04 1.962821e+04 2.278699e+04 2.667234e+04 3.135984e+04
1.038671e+04 1.038672e+04 1.038672e+04 1.038672e+04 1.038673e+04 1.038702e+04 1.038794e+04 1.039162e+04 1.039433e+04 1.039754e+04 1.040424e+04 1.040720e+04 1.039997e+04 1.037890e+04 1.034740e+04 1.031624e+04 1.029905e+04 1.059519e+04 1.122177e+04 1.188086e+04 1.254026e+04 1.321860e+04 1.393727e+04 1.557513e+04 1.760486e+04 2.016217e+04 2.336294e+04 2.730210e+04 3.205384e+04
1.062407e+04 1.062407e+04 1.062408e+04 1.062408e+04 1.062409e+04 1.062444e+04 1.062553e+04 1.062975e+04 1.063287e+04 1.063660e+04 1.064488e+04 1.065030e+04 1.064690e+04 1.063166e+04 1.060855e+04 1.058845e+04 1.058454e+04 1.095078e+04 1.162288e+04 1.230905e+04 1.298653e+04 1.367850e+04 1.440859e+04 1.606738e+04 1.812081e+04 2.070962e+04 2.395291e+04 2.794652e+04 3.276328e+04
1.087887e+04 1.087887e+04 1.087887e+04 1.087887e+04 1.087888e+04 1.087924e+04 1.088035e+04 1.088490e+04 1.088839e+04 1.089263e+04 1.090234e+04 1.090994e+04 1.090995e+04 1.090009e+04 1.088493e+04 1.087555e+04 1.088466e+04 1.132077e+04 1.203828e+04 1.275124e+04 1.344641e+04 1.415167e+04 1.489294e+04 1.657255e+04 1.864997e+04 2.127077e+04 2.455717e+04 2.860591e+04 3.348848e+04
1.115196e+04 1.115196e+04 1.115196e+04 1.115197e+04 1.115198e+04 1.115249e+04 1.115399e+04 1.115971e+04 1.116389e+04 1.116885e+04 1.118005e+04 1.118944e+04 1.119217e+04 1.118683e+04 1.117878e+04 1.117934e+04 1.120086e+04 1.170558e+04 1.246814e+04 1.320747e+04 1.391993e+04 1.463812e+04 1.539035e+04 1.709071e+04 1.919249e+04 2.184586e+04 2.517603e+04 2.928059e+04 3.422976e+04
1.145162e+04 1.145162e+04 1.145162e+04 1.145163e+04 1.145164e+04 1.145216e+04 1.145378e+04 1.146005e+04 1.146451e+04 1.146971e+04 1.148124e+04 1.149112e+04 1.149526e+04 1.149319e+04 1.149110e+04 1.150066e+04 1.153383e+04 1.210549e+04 1.291254e+04 1.367776e+04 1.440705e+04 1.513784e+04 1.590079e+04 1.762193e+04 1.974849e+04 2.243509e+04 2.580976e+04 2.997091e+04 3.498746e+04
1.178155e+04 1.178155e+04 1.178155e+04 1.178156e+04 1.178157e+04 1.178200e+04 1.178324e+04 1.178807e+04 1.179163e+04 1.179590e+04 1.180567e+04 1.181432e+04 1.181845e+04 1.181848e+04 1.182140e+04 1.183917e+04 1.188339e+04 1.252057e+04 1.337150e+04 1.416207e+04 1.490774e+04 1.565077e+04 1.642427e+04 1.816625e+04 2.031814e+04 2.303871e+04 2.645867e+04 3.067719e+04 3.576194e+04
1.213003e+04 1.213003e+04 1.213003e+04 1.213003e+04 1.213004e+04 1.213028e+04 1.213104e+04 1.213421e+04 1.213673e+04 1.213991e+04 1.214756e+04 1.215459e+04 1.215834e+04 1.216016e+04 1.216782e+04 1.219361e+04 1.224871e+04 1.295078e+04 1.384497e+04 1.466033e+04 1.542191e+04 1.617687e+04 1.696076e+04 1.872375e+04 2.090158e+04 2.365696e+04 2.712308e+04 3.139980e+04 3.655355e+04
1.248404e+04 1.248404e+04 1.248404e+04 1.248405e+04 1.248405e+04 1.248430e+04 1.248506e+04 1.248815e+04 1.249050e+04 1.249338e+04 1.250028e+04 1.250675e+04 1.251097e+04 1.251525e+04 1.252822e+04 1.256244e+04 1.262874e+04 1.339597e+04 1.433288e+04 1.517244e+04 1.594946e+04 1.671606e+04 1.751023e+04 1.929447e+04 2.149897e+04 2.429008e+04 2.780330e+04 3.213909e+04 3.736268e+04
1.284399e+04 1.284399e+04 1.284399e+04 1.284400e+04 1.284401e+04 1.284427e+04 1.284510e+04 1.284839e+04 1.285086e+04 1.285387e+04 1.286104e+04 1.286815e+04 1.287402e+04 1.288189e+04 1.290113e+04 1.294462e+04 1.302273e+04 1.385600e+04 1.483510e+04 1.569826e+04 1.649028e+04 1.726826e+04 1.807263e+04 1.987850e+04 2.211048e+04 2.493833e+04 2.849966e+04 3.289545e+04 3.818970e+04
1.321134e+04 1.321134e+04 1.321134e+04 1.321134e+04 1.321135e+04 1.321162e+04 1.321246e+04 1.321596e+04 1.321870e+04 1.322207e+04 1.323025e+04 1.323890e+04 1.324743e+04 1.325988e+04 1.328636e+04 1.333992e+04 1.343051e+04 1.433075e+04 1.535148e+04 1.623763e+04 1.704424e+04 1.783337e+04 1.864794e+04 2.047589e+04 2.273628e+04 2.560198e+04 2.921251e+04 3.366926e+04 3.903502e+04
1.358671e+04 1.358671e+04 1.358671e+04 1.358672e+04 1.358673e+04 1.358715e+04 1.358840e+04 1.359313e+04 1.359657e+04 1.360067e+04 1.361044e+04 1.362115e+04 1.363287e+04 1.365048e+04 1.368478e+04 1.374896e+04 1.385246e+04 1.482015e+04 1.588184e+04 1.679037e+04 1.761117e+04 1.841132e+04 1.923611e+04 2.108673e+04 2.337657e+04 2.628131e+04 2.994219e+04 3.446091e+04 3.989904e+04
