1.438761e+04 9.289419e+03 8.233159e+03 4.755057e+03 3.619425e+03 1.956715e+03 1.480864e+03 1.130425e+03 1.043616e+03 9.818931e+02 9.013164e+02 8.534292e+02 8.245772e+02 8.082838e+02 8.010561e+02 8.008300e+02 8.062916e+02 8.938462e+02 1.037050e+03 1.169968e+03 1.236156e+03 1.236732e+03 1.211872e+03 1.196513e+03 1.280120e+03 1.478523e+03 1.808762e+03 2.294040e+03 2.960015e+03
1.920670e+03 1.920664e+03 1.920628e+03 1.917719e+03 1.902284e+03 1.638660e+03 1.365015e+03 1.091815e+03 1.016882e+03 9.622591e+02 8.895294e+02 8.457576e+02 8.193959e+02 8.047649e+02 7.987301e+02 7.994089e+02 8.055874e+02 8.953197e+02 1.039499e+03 1.172569e+03 1.238374e+03 1.238439e+03 1.213193e+03 1.197564e+03 1.281348e+03 1.480214e+03 1.811147e+03 2.297333e+03 2.964422e+03
1.440604e+03 1.440604e+03 1.440600e+03 1.440288e+03 1.438572e+03 1.377711e+03 1.237326e+03 1.046910e+03 9.863777e+02 9.402285e+02 8.766403e+02 8.375261e+02 8.139222e+02 8.011008e+02 7.963467e+02 7.979861e+02 8.049184e+02 8.968974e+02 1.042051e+03 1.175251e+03 1.240646e+03 1.240178e+03 1.214535e+03 1.198627e+03 1.282591e+03 1.481923e+03 1.813556e+03 2.300657e+03 2.968868e+03
1.220432e+03 1.220432e+03 1.220432e+03 1.220355e+03 1.219905e+03 1.190277e+03 1.138667e+03 9.999034e+02 9.537201e+02 9.165676e+02 8.628964e+02 8.288424e+02 8.082126e+02 7.973256e+02 7.939289e+02 7.965783e+02 8.042975e+02 8.985845e+02 1.044711e+03 1.178015e+03 1.242972e+03 1.241951e+03 1.215898e+03 1.199704e+03 1.283848e+03 1.483652e+03 1.815990e+03 2.304012e+03 2.973352e+03
1.089251e+03 1.089251e+03 1.089251e+03 1.089228e+03 1.089071e+03 1.074116e+03 1.048720e+03 9.583885e+02 9.214861e+02 8.923892e+02 8.486144e+02 8.198343e+02 8.023313e+02 7.934768e+02 7.915009e+02 7.952025e+02 8.037374e+02 9.003865e+02 1.047480e+03 1.180862e+03 1.245352e+03 1.243756e+03 1.217281e+03 1.200795e+03 1.285121e+03 1.485401e+03 1.818449e+03 2.307399e+03 2.977875e+03
1.000951e+03 1.000951e+03 1.000952e+03 1.000949e+03 1.000902e+03 9.938256e+02 9.756108e+02 9.254303e+02 8.938688e+02 8.693581e+02 8.342176e+02 8.106585e+02 7.963521e+02 7.895954e+02 7.890885e+02 7.938766e+02 8.032514e+02 9.023083e+02 1.050361e+03 1.183794e+03 1.247787e+03 1.245594e+03 1.218686e+03 1.201898e+03 1.286408e+03 1.487168e+03 1.820933e+03 2.310817e+03 2.982436e+03
9.383933e+02 9.383935e+02 9.383938e+02 9.383994e+02 9.383920e+02 9.350515e+02 9.213844e+02 8.954356e+02 8.717038e+02 8.500188e+02 8.202887e+02 8.015155e+02 7.903633e+02 7.857279e+02 7.867198e+02 7.926193e+02 8.028531e+02 9.043550e+02 1.053357e+03 1.186812e+03 1.250277e+03 1.247466e+03 1.220111e+03 1.203016e+03 1.287711e+03 1.488956e+03 1.823443e+03 2.314268e+03 2.987037e+03
8.927336e+02 8.927337e+02 8.927341e+02 8.927393e+02 8.927435e+02 8.911592e+02 8.811923e+02 8.668066e+02 8.517657e+02 8.344068e+02 8.076465e+02 7.926690e+02 7.844751e+02 7.819293e+02 7.844264e+02 7.914510e+02 8.025566e+02 9.065316e+02 1.056470e+03 1.189916e+03 1.252822e+03 1.249370e+03 1.221557e+03 1.204146e+03 1.289029e+03 1.490763e+03 1.825979e+03 2.317751e+03 2.991677e+03
8.585266e+02 8.585268e+02 8.585271e+02 8.585341e+02 8.585431e+02 8.575333e+02 8.503468e+02 8.404247e+02 8.326739e+02 8.205344e+02 7.974311e+02 7.844674e+02 7.788275e+02 7.782667e+02 7.822452e+02 7.903942e+02 8.023774e+02 9.088428e+02 1.059702e+03 1.193108e+03 1.255423e+03 1.251308e+03 1.223024e+03 1.205291e+03 1.290362e+03 1.492590e+03 1.828540e+03 2.321267e+03 2.996357e+03
8.312101e+02 8.312102e+02 8.312105e+02 8.312178e+02 8.312310e+02 8.307064e+02 8.257551e+02 8.173727e+02 8.144275e+02 8.073838e+02 7.892710e+02 7.773962e+02 7.735995e+02 7.748233e+02 7.802201e+02 7.894751e+02 8.023323e+02 9.112935e+02 1.063056e+03 1.196389e+03 1.258079e+03 1.253278e+03 1.224512e+03 1.206448e+03 1.291710e+03 1.494437e+03 1.831128e+03 2.324815e+03 3.001076e+03
8.090376e+02 8.090377e+02 8.090380e+02 8.090461e+02 8.090649e+02 8.089018e+02 8.056507e+02 7.980295e+02 7.976053e+02 7.946891e+02 7.822910e+02 7.720378e+02 7.690219e+02 7.717025e+02 7.784049e+02 7.887246e+02 8.024409e+02 9.138884e+02 1.066533e+03 1.199758e+03 1.260791e+03 1.255282e+03 1.226020e+03 1.207619e+03 1.293073e+03 1.496305e+03 1.833741e+03 2.328397e+03 3.005836e+03
7.460572e+02 7.460572e+02 7.460574e+02 7.460635e+02 7.460808e+02 7.464584e+02 7.467636e+02 7.445070e+02 7.446173e+02 7.470236e+02 7.540506e+02 7.581789e+02 7.609948e+02 7.661809e+02 7.754316e+02 7.890870e+02 8.062398e+02 9.292089e+02 1.085834e+03 1.217959e+03 1.275189e+03 1.265785e+03 1.233861e+03 1.213675e+03 1.300125e+03 1.505950e+03 1.847211e+03 2.346808e+03 3.030247e+03
7.285644e+02 7.285644e+02 7.285646e+02 7.285700e+02 7.285856e+02 7.289705e+02 7.298044e+02 7.310944e+02 7.316031e+02 7.330848e+02 7.409213e+02 7.528076e+02 7.646815e+02 7.759037e+02 7.879891e+02 8.023878e+02 8.198347e+02 9.490561e+02 1.108495e+03 1.238450e+03 1.290965e+03 1.277078e+03 1.242188e+03 1.220062e+03 1.307572e+03 1.516122e+03 1.861368e+03 2.366079e+03 3.055703e+03
7.333512e+02 7.333512e+02 7.333514e+02 7.333560e+02 7.333699e+02 7.337835e+02 7.348888e+02 7.379976e+02 7.396347e+02 7.415184e+02 7.480014e+02 7.597068e+02 7.751341e+02 7.918585e+02 8.088763e+02 8.265431e+02 8.456535e+02 9.748042e+02 1.134789e+03 1.261252e+03 1.308078e+03 1.289113e+03 1.250968e+03 1.226772e+03 1.315423e+03 1.526839e+03 1.876235e+03 2.386241e+03 3.082236e+03
7.544328e+02 7.544328e+02 7.544330e+02 7.544374e+02 7.544507e+02 7.548357e+02 7.559072e+02 7.595138e+02 7.617887e+02 7.643006e+02 7.707946e+02 7.811513e+02 7.961833e+02 8.147461e+02 8.352140e+02 8.565969e+02 8.787071e+02 1.009123e+03 1.165168e+03 1.286399e+03 1.326472e+03 1.301832e+03 1.260160e+03 1.233797e+03 1.323687e+03 1.538120e+03 1.891839e+03 2.407324e+03 3.109881e+03
7.867026e+02 7.867027e+02 7.867028e+02 7.867068e+02 7.867192e+02 7.871131e+02 7.882630e+02 7.922968e+02 7.949806e+02 7.980077e+02 8.052198e+02 8.150991e+02 8.290307e+02 8.471996e+02 8.686866e+02 8.922708e+02 9.170351e+02 1.052202e+03 1.200466e+03 1.313985e+03 1.346092e+03 1.315173e+03 1.269720e+03 1.241126e+03 1.332371e+03 1.549984e+03 1.908205e+03 2.429359e+03 3.138673e+03
8.295413e+02 8.295414e+02 8.295415e+02 8.295456e+02 8.295581e+02 8.299333e+02 8.310334e+02 8.351259e+02 8.380042e+02 8.413535e+02 8.493448e+02 8.594672e+02 8.727809e+02 8.900272e+02 9.110739e+02 9.351217e+02 9.611725e+02 1.101586e+03 1.242158e+03 1.344236e+03 1.366915e+03 1.329079e+03 1.279605e+03 1.248749e+03 1.341484e+03 1.562449e+03 1.925360e+03 2.452377e+03 3.168647e+03
8.809878e+02 8.809878e+02 8.809879e+02 8.809924e+02 8.810060e+02 8.814064e+02 8.825785e+02 8.869639e+02 8.900680e+02 8.937083e+02 9.024322e+02 9.131137e+02 9.263342e+02 9.428385e+02 9.629353e+02 9.863245e+02 1.012287e+03 1.155549e+03 1.289532e+03 1.377642e+03 1.388973e+03 1.343511e+03 1.289779e+03 1.256658e+03 1.351035e+03 1.575535e+03 1.943329e+03 2.476410e+03 3.199839e+03
9.421487e+02 9.421487e+02 9.421489e+02 9.421528e+02 9.421649e+02 9.425418e+02 9.437025e+02 9.481558e+02 9.513599e+02 9.551580e+02 9.643679e+02 9.755683e+02 9.889247e+02 1.004927e+03 1.023991e+03 1.046154e+03 1.071043e+03 1.213053e+03 1.340857e+03 1.414944e+03 1.412401e+03 1.358463e+03 1.300221e+03 1.264848e+03 1.361037e+03 1.589265e+03 1.962143e+03 2.501491e+03 3.232286e+03
1.012220e+03 1.012220e+03 1.012220e+03 1.012224e+03 1.012236e+03 1.012628e+03 1.013820e+03 1.018335e+03 1.021593e+03 1.025477e+03 1.034975e+03 1.046520e+03 1.059981e+03 1.075546e+03 1.093549e+03 1.114186e+03 1.137363e+03 1.273583e+03 1.394665e+03 1.455163e+03 1.437541e+03 1.373978e+03 1.310928e+03 1.273321e+03 1.371502e+03 1.603661e+03 1.981829e+03 2.527653e+03 3.266024e+03
1.091086e+03 1.091086e+03 1.091086e+03 1.091090e+03 1.091102e+03 1.091474e+03 1.092613e+03 1.097089e+03 1.100379e+03 1.104321e+03 1.113966e+03 1.125606e+03 1.138920e+03 1.153867e+03 1.170649e+03 1.189507e+03 1.210531e+03 1.336816e+03 1.449710e+03 1.497074e+03 1.464696e+03 1.390176e+03 1.321928e+03 1.282089e+03 1.382449e+03 1.618747e+03 2.002418e+03 2.554932e+03 3.301091e+03
1.177876e+03 1.177876e+03 1.177876e+03 1.177880e+03 1.177894e+03 1.178305e+03 1.179530e+03 1.184180e+03 1.187527e+03 1.191485e+03 1.200999e+03 1.212259e+03 1.224902e+03 1.238783e+03 1.254002e+03 1.270782e+03 1.289305e+03 1.402342e+03 1.504999e+03 1.539593e+03 1.493047e+03 1.407346e+03 1.333290e+03 1.291171e+03 1.393900e+03 1.634551e+03 2.023941e+03 2.583363e+03 3.337527e+03
1.273731e+03 1.273732e+03 1.273732e+03 1.273736e+03 1.273748e+03 1.274134e+03 1.275326e+03 1.279828e+03 1.282957e+03 1.286584e+03 1.295150e+03 1.305186e+03 1.316397e+03 1.328609e+03 1.341833e+03 1.356233e+03 1.372002e+03 1.469515e+03 1.559770e+03 1.581758e+03 1.521816e+03 1.425568e+03 1.345142e+03 1.300604e+03 1.405883e+03 1.651104e+03 2.046434e+03 2.612983e+03 3.375372e+03
1.378596e+03 1.378596e+03 1.378596e+03 1.378596e+03 1.378597e+03 1.378697e+03 1.379247e+03 1.382041e+03 1.384245e+03 1.386932e+03 1.393576e+03 1.401638e+03 1.410825e+03 1.420924e+03 1.431862e+03 1.443713e+03 1.456628e+03 1.537455e+03 1.613424e+03 1.622761e+03 1.550318e+03 1.444287e+03 1.357744e+03 1.310439e+03 1.418434e+03 1.668440e+03 2.069931e+03 2.643832e+03 3.414667e+03
1.479396e+03 1.479396e+03 1.479396e+03 1.479399e+03 1.479408e+03 1.479679e+03 1.480425e+03 1.482923e+03 1.484641e+03 1.486674e+03 1.491672e+03 1.497828e+03 1.504977e+03 1.512938e+03 1.521597e+03 1.530957e+03 1.541110e+03 1.605118e+03 1.665451e+03 1.661966e+03 1.577955e+03 1.463049e+03 1.371072e+03 1.320748e+03 1.431595e+03 1.686596e+03 2.094473e+03 2.675949e+03 3.455454e+03
1.577196e+03 1.577196e+03 1.577196e+03 1.577198e+03 1.577204e+03 1.577397e+03 1.577905e+03 1.579624e+03 1.580845e+03 1.582314e+03 1.586000e+03 1.590635e+03 1.596091e+03 1.602200e+03 1.608830e+03 1.615935e+03 1.623563e+03 1.671400e+03 1.715383e+03 1.698896e+03 1.604227e+03 1.481468e+03 1.384782e+03 1.331630e+03 1.445418e+03 1.705616e+03 2.120100e+03 2.709378e+03 3.497777e+03
1.668174e+03 1.668174e+03 1.668174e+03 1.668175e+03 1.668179e+03 1.668271e+03 1.668529e+03 1.669626e+03 1.670520e+03 1.671647e+03 1.674549e+03 1.678191e+03 1.682409e+03 1.687039e+03 1.691950e+03 1.697084e+03 1.702465e+03 1.735227e+03 1.762763e+03 1.733215e+03 1.628745e+03 1.499212e+03 1.398622e+03 1.343231e+03 1.459967e+03 1.725549e+03 2.146857e+03 2.744163e+03 3.541683e+03
1.749718e+03 1.749718e+03 1.749718e+03 1.749720e+03 1.749726e+03 1.749909e+03 1.750404e+03 1.752008e+03 1.753046e+03 1.754220e+03 1.756905e+03 1.759933e+03 1.763185e+03 1.766552e+03 1.769940e+03 1.773305e+03 1.776662e+03 1.795607e+03 1.807146e+03 1.764691e+03 1.651232e+03 1.516011e+03 1.412379e+03 1.355752e+03 1.475318e+03 1.746450e+03 2.174795e+03 2.780351e+03 3.587217e+03
1.828464e+03 1.828464e+03 1.828464e+03 1.828464e+03 1.828466e+03 1.828543e+03 1.828818e+03 1.830025e+03 1.830878e+03 1.831827e+03 1.833880e+03 1.836020e+03 1.838152e+03 1.840197e+03 1.842083e+03 1.843765e+03 1.845248e+03 1.851661e+03 1.848109e+03 1.793170e+03 1.671516e+03 1.531664e+03 1.425879e+03 1.369107e+03 1.491563e+03 1.768381e+03 2.203966e+03 2.817994e+03 3.634431e+03
1.902470e+03 1.902470e+03 1.902470e+03 1.902472e+03 1.902476e+03 1.902613e+03 1.902923e+03 1.903571e+03 1.903901e+03 1.904252e+03 1.905027e+03 1.905849e+03 1.906624e+03 1.907247e+03 1.907622e+03 1.907687e+03 1.907426e+03 1.902635e+03 1.885265e+03 1.818558e+03 1.689516e+03 1.546037e+03 1.438986e+03 1.383176e+03 1.508816e+03 1.791413e+03 2.234429e+03 2.857146e+03 3.683376e+03
1.969540e+03 1.969540e+03 1.969540e+03 1.969541e+03 1.969541e+03 1.969497e+03 1.969331e+03 1.968862e+03 1.968649e+03 1.968464e+03 1.968156e+03 1.967846e+03 1.967414e+03 1.966740e+03 1.965728e+03 1.964314e+03 1.962476e+03 1.947908e+03 1.918287e+03 1.840807e+03 1.705226e+03 1.559063e+03 1.451602e+03 1.397882e+03 1.527244e+03 1.815625e+03 2.266248e+03 2.897862e+03 3.734107e+03
2.022639e+03 2.022639e+03 2.022639e+03 2.022639e+03 2.022640e+03 2.022664e+03 2.022713e+03 2.022708e+03 2.022602e+03 2.022420e+03 2.021837e+03 2.020938e+03 2.019660e+03 2.017942e+03 2.015742e+03 2.013036e+03 2.009824e+03 1.987008e+03 1.946925e+03 1.859909e+03 1.718700e+03 1.570734e+03 1.463671e+03 1.413164e+03 1.546969e+03 1.841111e+03 2.299492e+03 2.940206e+03 3.786681e+03
2.068411e+03 2.068411e+03 2.068411e+03 2.068410e+03 2.068409e+03 2.068380e+03 2.068291e+03 2.067985e+03 2.067774e+03 2.067499e+03 2.066640e+03 2.065231e+03 2.063200e+03 2.060544e+03 2.057284e+03 2.053449e+03 2.049068e+03 2.019628e+03 1.971025e+03 1.875901e+03 1.730037e+03 1.581095e+03 1.475174e+03 1.428978e+03 1.567924e+03 1.867976e+03 2.334238e+03 2.984242e+03 3.841158e+03
2.105154e+03 2.105154e+03 2.105154e+03 2.105155e+03 2.105155e+03 2.105170e+03 2.105195e+03 2.105127e+03 2.104921e+03 2.104537e+03 2.103153e+03 2.100942e+03 2.097971e+03 2.094324e+03 2.090075e+03 2.085274e+03 2.079955e+03 2.045642e+03 1.990543e+03 1.888863e+03 1.739369e+03 1.590230e+03 1.486129e+03 1.445294e+03 1.590072e+03 1.896355e+03 2.370572e+03 3.030042e+03 3.897603e+03
2.136665e+03 2.136665e+03 2.136665e+03 2.136665e+03 2.136666e+03 2.136686e+03 2.136613e+03 2.135673e+03 2.134800e+03 2.133697e+03 2.130895e+03 2.127422e+03 2.123375e+03 2.118817e+03 2.113788e+03 2.108307e+03 2.102380e+03 2.065125e+03 2.005551e+03 1.898919e+03 1.746854e+03 1.598258e+03 1.496587e+03 1.462098e+03 1.613396e+03 1.926426e+03 2.408588e+03 3.077683e+03 3.956084e+03
2.157913e+03 2.157913e+03 2.157913e+03 2.157910e+03 2.157900e+03 2.157610e+03 2.156818e+03 2.154241e+03 2.152651e+03 2.150928e+03 2.147158e+03 2.143001e+03 2.138469e+03 2.133563e+03 2.128278e+03 2.122605e+03 2.116525e+03 2.078362e+03 2.016238e+03 1.906239e+03 1.752668e+03 1.605319e+03 1.506625e+03 1.479388e+03 1.637888e+03 1.958242e+03 2.448392e+03 3.127246e+03 4.016673e+03
2.157010e+03 2.157010e+03 2.157010e+03 2.157010e+03 2.157009e+03 2.156953e+03 2.156731e+03 2.155661e+03 2.154773e+03 2.153663e+03 2.150864e+03 2.147424e+03 2.143452e+03 2.139007e+03 2.134120e+03 2.128802e+03 2.123042e+03 2.085851e+03 2.022902e+03 1.911036e+03 1.757004e+03 1.611568e+03 1.516342e+03 1.497180e+03 1.663547e+03 1.991768e+03 2.490110e+03 3.178823e+03 4.079447e+03
2.148828e+03 2.148828e+03 2.148828e+03 2.148828e+03 2.148828e+03 2.148810e+03 2.148736e+03 2.148329e+03 2.147935e+03 2.147380e+03 2.145743e+03 2.143411e+03 2.140438e+03 2.136881e+03 2.132786e+03 2.128180e+03 2.123066e+03 2.088262e+03 2.025927e+03 1.913556e+03 1.760061e+03 1.617170e+03 1.525850e+03 1.515502e+03 1.690382e+03 2.027004e+03 2.533898e+03 3.232511e+03 4.144488e+03
2.138132e+03 2.138132e+03 2.138132e+03 2.138131e+03 2.138131e+03 2.138108e+03 2.138028e+03 2.137665e+03 2.137366e+03 2.136976e+03 2.135876e+03 2.134276e+03 2.132127e+03 2.129415e+03 2.126150e+03 2.122341e+03 2.117987e+03 2.086370e+03 2.025760e+03 1.914071e+03 1.762043e+03 1.622292e+03 1.535275e+03 1.534396e+03 1.718404e+03 2.063960e+03 2.579931e+03 3.288420e+03 4.211884e+03
2.125188e+03 2.125188e+03 2.125188e+03 2.125187e+03 2.125186e+03 2.125146e+03 2.125026e+03 2.124639e+03 2.124386e+03 2.124085e+03 2.123288e+03 2.122137e+03 2.120547e+03 2.118469e+03 2.115884e+03 2.112781e+03 2.109146e+03 2.080977e+03 2.022878e+03 1.912873e+03 1.763158e+03 1.627103e+03 1.544746e+03 1.553917e+03 1.747635e+03 2.102652e+03 2.628206e+03 3.346672e+03 4.281729e+03
2.109772e+03 2.109772e+03 2.109772e+03 2.109772e+03 2.109773e+03 2.109790e+03 2.109828e+03 2.109837e+03 2.109763e+03 2.109622e+03 2.109102e+03 2.108233e+03 2.106980e+03 2.105315e+03 2.103217e+03 2.100668e+03 2.097639e+03 2.072843e+03 2.017765e+03 1.910256e+03 1.763610e+03 1.631766e+03 1.554398e+03 1.574130e+03 1.778102e+03 2.143102e+03 2.678722e+03 3.407410e+03 4.354127e+03
2.095243e+03 2.095243e+03 2.095243e+03 2.095243e+03 2.095243e+03 2.095244e+03 2.095233e+03 2.095096e+03 2.094949e+03 2.094743e+03 2.094143e+03 2.093283e+03 2.092146e+03 2.090708e+03 2.088941e+03 2.086812e+03 2.084280e+03 2.062648e+03 2.010887e+03 1.906514e+03 1.763599e+03 1.636440e+03 1.564364e+03 1.595110e+03 1.809839e+03 2.185333e+03 2.731495e+03 3.470825e+03 4.429188e+03
2.080409e+03 2.080409e+03 2.080408e+03 2.080408e+03 2.080407e+03 2.080358e+03 2.080208e+03 2.079706e+03 2.079388e+03 2.079040e+03 2.078259e+03 2.077351e+03 2.076284e+03 2.075022e+03 2.073527e+03 2.071757e+03 2.069660e+03 2.050978e+03 2.002678e+03 1.901930e+03 1.763314e+03 1.641278e+03 1.574773e+03 1.616938e+03 1.842888e+03 2.229376e+03 2.786553e+03 3.537041e+03 4.507035e+03
2.062459e+03 2.062459e+03 2.062459e+03 2.062459e+03 2.062458e+03 2.062432e+03 2.062351e+03 2.062071e+03 2.061876e+03 2.061647e+03 2.061082e+03 2.060379e+03 2.059531e+03 2.058525e+03 2.057335e+03 2.055924e+03 2.054241e+03 2.038338e+03 1.993534e+03 1.896771e+03 1.762940e+03 1.646423e+03 1.585753e+03 1.639701e+03 1.877298e+03 2.275262e+03 2.843923e+03 3.606042e+03 4.587809e+03
2.043318e+03 2.043318e+03 2.043318e+03 2.043319e+03 2.043320e+03 2.043347e+03 2.043420e+03 2.043542e+03 2.043545e+03 2.043499e+03 2.043266e+03 2.042866e+03 2.042316e+03 2.041621e+03 2.040767e+03 2.039725e+03 2.038447e+03 2.025160e+03 1.983813e+03 1.891285e+03 1.762647e+03 1.652010e+03 1.597425e+03 1.663492e+03 1.913124e+03 2.323029e+03 2.903641e+03 3.677845e+03 4.671677e+03
2.026222e+03 2.026222e+03 2.026222e+03 2.026222e+03 2.026221e+03 2.026202e+03 2.026148e+03 2.026010e+03 2.025941e+03 2.025870e+03 2.025707e+03 2.025491e+03 2.025195e+03 2.024795e+03 2.024266e+03 2.023577e+03 2.022681e+03 2.011817e+03 1.973826e+03 1.885700e+03 1.762594e+03 1.658169e+03 1.609905e+03 1.688406e+03 1.950426e+03 2.372717e+03 2.965741e+03 3.752477e+03 4.758852e+03
2.008704e+03 2.008704e+03 2.008704e+03 2.008704e+03 2.008704e+03 2.008705e+03 2.008697e+03 2.008656e+03 2.008640e+03 2.008633e+03 2.008641e+03 2.008642e+03 2.008596e+03 2.008469e+03 2.008234e+03 2.007859e+03 2.007302e+03 1.998623e+03 1.963847e+03 1.880221e+03 1.762929e+03 1.665016e+03 1.623303e+03 1.714540e+03 1.989274e+03 2.424373e+03 3.030262e+03 3.829973e+03 4.849383e+03
1.991456e+03 1.991456e+03 1.991456e+03 1.991457e+03 1.991458e+03 1.991496e+03 1.991592e+03 1.991877e+03 1.992039e+03 1.992201e+03 1.992500e+03 1.992744e+03 1.992918e+03 1.993009e+03 1.993004e+03 1.992881e+03 1.992602e+03 1.985837e+03 1.954111e+03 1.875032e+03 1.763788e+03 1.672665e+03 1.637726e+03 1.741992e+03 2.029740e+03 2.478046e+03 3.097246e+03 3.910372e+03 4.943265e+03
1.977016e+03 1.977017e+03 1.977017e+03 1.977017e+03 1.977017e+03 1.977040e+03 1.977107e+03 1.977343e+03 1.977492e+03 1.977648e+03 1.977956e+03 1.978237e+03 1.978478e+03 1.978670e+03 1.978801e+03 1.978850e+03 1.978782e+03 1.973666e+03 1.944817e+03 1.870296e+03 1.765295e+03 1.681218e+03 1.653273e+03 1.770860e+03 2.071902e+03 2.533791e+03 3.166736e+03 3.993714e+03 5.040525e+03
1.964734e+03 1.964734e+03 1.964734e+03 1.964734e+03 1.964734e+03 1.964737e+03 1.964741e+03 1.964756e+03 1.964777e+03 1.964811e+03 1.964923e+03 1.965082e+03 1.965275e+03 1.965483e+03 1.965685e+03 1.965853e+03 1.965946e+03 1.962266e+03 1.936133e+03 1.866159e+03 1.767564e+03 1.690772e+03 1.670038e+03 1.801243e+03 2.115842e+03 2.591668e+03 3.238779e+03 4.080043e+03 5.141198e+03
1.952778e+03 1.952778e+03 1.952778e+03 1.952778e+03 1.952778e+03 1.952776e+03 1.952766e+03 1.952735e+03 1.952722e+03 1.952719e+03 1.952766e+03 1.952892e+03 1.953088e+03 1.953337e+03 1.953616e+03 1.953897e+03 1.954137e+03 1.951760e+03 1.928198e+03 1.862747e+03 1.770700e+03 1.701419e+03 1.688112e+03 1.833238e+03 2.161646e+03 2.651740e+03 3.313424e+03 4.169402e+03 5.245322e+03
1.940874e+03 1.940874e+03 1.940874e+03 1.940874e+03 1.940874e+03 1.940877e+03 1.940883e+03 1.940925e+03 1.940974e+03 1.941044e+03 1.941240e+03 1.941502e+03 1.941819e+03 1.942183e+03 1.942583e+03 1.942998e+03 1.943393e+03 1.942244e+03 1.921132e+03 1.860173e+03 1.774797e+03 1.713245e+03 1.707581e+03 1.866943e+03 2.209403e+03 2.714076e+03 3.390724e+03 4.261838e+03 5.352943e+03
1.929414e+03 1.929414e+03 1.929414e+03 1.929415e+03 1.929416e+03 1.929456e+03 1.929561e+03 1.929888e+03 1.930085e+03 1.930292e+03 1.930719e+03 1.931162e+03 1.931629e+03 1.932128e+03 1.932662e+03 1.933220e+03 1.933773e+03 1.933802e+03 1.915036e+03 1.858536e+03 1.779945e+03 1.726330e+03 1.728531e+03 1.902453e+03 2.259206e+03 2.778750e+03 3.470735e+03 4.357400e+03 5.464103e+03
1.920622e+03 1.920622e+03 1.920622e+03 1.920622e+03 1.920624e+03 1.920657e+03 1.920735e+03 1.920988e+03 1.921150e+03 1.921330e+03 1.921735e+03 1.922198e+03 1.922721e+03 1.923307e+03 1.923953e+03 1.924643e+03 1.925349e+03 1.926508e+03 1.909998e+03 1.857926e+03 1.786223e+03 1.740752e+03 1.751041e+03 1.939864e+03 2.311150e+03 2.845838e+03 3.553516e+03 4.456136e+03 5.578851e+03
1.913744e+03 1.913744e+03 1.913744e+03 1.913744e+03 1.913744e+03 1.913740e+03 1.913731e+03 1.913741e+03 1.913785e+03 1.913865e+03 1.914138e+03 1.914557e+03 1.915103e+03 1.915759e+03 1.916508e+03 1.917327e+03 1.918184e+03 1.920431e+03 1.906097e+03 1.858423e+03 1.793709e+03 1.756586e+03 1.775191e+03 1.979272e+03 2.365331e+03 2.915421e+03 3.639131e+03 4.558100e+03 5.697234e+03
1.906701e+03 1.906701e+03 1.906701e+03 1.906701e+03 1.906701e+03 1.906714e+03 1.906750e+03 1.906887e+03 1.906996e+03 1.907137e+03 1.907524e+03 1.908052e+03 1.908710e+03 1.909488e+03 1.910368e+03 1.911329e+03 1.912339e+03 1.915634e+03 1.903400e+03 1.860099e+03 1.802473e+03 1.773903e+03 1.801058e+03 2.020771e+03 2.421847e+03 2.987585e+03 3.727646e+03 4.663346e+03 5.819301e+03
1.900511e+03 1.900511e+03 1.900511e+03 1.900512e+03 1.900513e+03 1.900551e+03 1.900653e+03 1.901011e+03 1.901250e+03 1.901519e+03 1.902134e+03 1.902851e+03 1.903672e+03 1.904598e+03 1.905622e+03 1.906729e+03 1.907889e+03 1.912173e+03 1.901968e+03 1.863021e+03 1.812584e+03 1.792775e+03 1.828720e+03 2.064455e+03 2.480800e+03 3.062418e+03 3.819130e+03 4.771930e+03 5.945102e+03
1.896786e+03 1.896786e+03 1.896786e+03 1.896786e+03 1.896787e+03 1.896829e+03 1.896947e+03 1.897325e+03 1.897569e+03 1.897846e+03 1.898503e+03 1.899295e+03 1.900215e+03 1.901252e+03 1.902392e+03 1.903620e+03 1.904910e+03 1.910096e+03 1.901856e+03 1.867250e+03 1.824108e+03 1.813270e+03 1.858252e+03 2.110418e+03 2.542290e+03 3.140011e+03 3.913658e+03 4.883912e+03 6.074690e+03
1.895590e+03 1.895590e+03 1.895590e+03 1.895590e+03 1.895590e+03 1.895592e+03 1.895598e+03 1.895704e+03 1.895845e+03 1.896052e+03 1.896654e+03 1.897462e+03 1.898432e+03 1.899534e+03 1.900750e+03 1.902064e+03 1.903451e+03 1.909441e+03 1.903112e+03 1.872847e+03 1.837108e+03 1.835457e+03 1.889733e+03 2.158756e+03 2.606420e+03 3.220459e+03 4.011306e+03 4.999352e+03 6.208118e+03
1.894381e+03 1.894381e+03 1.894381e+03 1.894382e+03 1.894384e+03 1.894436e+03 1.894568e+03 1.895006e+03 1.895298e+03 1.895631e+03 1.896405e+03 1.897305e+03 1.898323e+03 1.899458e+03 1.900709e+03 1.902068e+03 1.903521e+03 1.910231e+03 1.905782e+03 1.879866e+03 1.851646e+03 1.859407e+03 1.923238e+03 2.209562e+03 2.673294e+03 3.303859e+03 4.112156e+03 5.118316e+03 6.345440e+03
1.895942e+03 1.895942e+03 1.895942e+03 1.895942e+03 1.895944e+03 1.896001e+03 1.896163e+03 1.896677e+03 1.896992e+03 1.897334e+03 1.898083e+03 1.898930e+03 1.899891e+03 1.900983e+03 1.902216e+03 1.903588e+03 1.905083e+03 1.912485e+03 1.909908e+03 1.888363e+03 1.867786e+03 1.885188e+03 1.958848e+03 2.262933e+03 2.743018e+03 3.390311e+03 4.216290e+03 5.240871e+03 6.486712e+03
1.900797e+03 1.900797e+03 1.900797e+03 1.900797e+03 1.900797e+03 1.900795e+03 1.900791e+03 1.900847e+03 1.900936e+03 1.901073e+03 1.901494e+03 1.902112e+03 1.902925e+03 1.903935e+03 1.905137e+03 1.906522e+03 1.908069e+03 1.916221e+03 1.915537e+03 1.898394e+03 1.885589e+03 1.912872e+03 1.996640e+03 2.318966e+03 2.815696e+03 3.479916e+03 4.323796e+03 5.367086e+03 6.631993e+03
1.905144e+03 1.905144e+03 1.905144e+03 1.905144e+03 1.905145e+03 1.905150e+03 1.905163e+03 1.905218e+03 1.905276e+03 1.905370e+03 1.905702e+03 1.906257e+03 1.907045e+03 1.908066e+03 1.909312e+03 1.910772e+03 1.912421e+03 1.921470e+03 1.922719e+03 1.910014e+03 1.905119e+03 1.942529e+03 2.036697e+03 2.377757e+03 2.891435e+03 3.572778e+03 4.434763e+03 5.497036e+03 6.781343e+03
1.909247e+03 1.909247e+03 1.909247e+03 1.909247e+03 1.909247e+03 1.909258e+03 1.909294e+03 1.909479e+03 1.909641e+03 1.909850e+03 1.910412e+03 1.911170e+03 1.912133e+03 1.913314e+03 1.914718e+03 1.916340e+03 1.918161e+03 1.928287e+03 1.931510e+03 1.923281e+03 1.926439e+03 1.974234e+03 2.079102e+03 2.439406e+03 2.970342e+03 3.669003e+03 4.549283e+03 5.630794e+03 6.934824e+03
1.913917e+03 1.913917e+03 1.913917e+03 1.913918e+03 1.913919e+03 1.913972e+03 1.914126e+03 1.914650e+03 1.914993e+03 1.915377e+03 1.916254e+03 1.917282e+03 1.918486e+03 1.919893e+03 1.921518e+03 1.923361e+03 1.925406e+03 1.936753e+03 1.941973e+03 1.938253e+03 1.949614e+03 2.008063e+03 2.123940e+03 2.504013e+03 3.052527e+03 3.768696e+03 4.667453e+03 5.768441e+03 7.092501e+03
1.921729e+03 1.921729e+03 1.921729e+03 1.921730e+03 1.921732e+03 1.921784e+03 1.921930e+03 1.922416e+03 1.922741e+03 1.923115e+03 1.924020e+03 1.925146e+03 1.926509e+03 1.928117e+03 1.929968e+03 1.932051e+03 1.934341e+03 1.946968e+03 1.954174e+03 1.954991e+03 1.974711e+03 2.044091e+03 2.171299e+03 2.571679e+03 3.138096e+03 3.871965e+03 4.789368e+03 5.910058e+03 7.254439e+03
1.932252e+03 1.932252e+03 1.932252e+03 1.932252e+03 1.932252e+03 1.932259e+03 1.932281e+03 1.932441e+03 1.932625e+03 1.932897e+03 1.933717e+03 1.934897e+03 1.936408e+03 1.938221e+03 1.940306e+03 1.942635e+03 1.945172e+03 1.959041e+03 1.968180e+03 1.973552e+03 2.001796e+03 2.082399e+03 2.221268e+03 2.642506e+03 3.227160e+03 3.978920e+03 4.915129e+03 6.055727e+03 7.420708e+03
1.942620e+03 1.942620e+03 1.942620e+03 1.942620e+03 1.942621e+03 1.942649e+03 1.942754e+03 1.943201e+03 1.943547e+03 1.943979e+03 1.945106e+03 1.946576e+03 1.948364e+03 1.950440e+03 1.952776e+03 1.955342e+03 1.958105e+03 1.973070e+03 1.984049e+03 1.993992e+03 2.030937e+03 2.123069e+03 2.273941e+03 2.716601e+03 3.319829e+03 4.089671e+03 5.044838e+03 6.205538e+03 7.591380e+03
1.955118e+03 1.955118e+03 1.955119e+03 1.955119e+03 1.955121e+03 1.955191e+03 1.955407e+03 1.956219e+03 1.956779e+03 1.957425e+03 1.958947e+03 1.960751e+03 1.962816e+03 1.965125e+03 1.967659e+03 1.970400e+03 1.973326e+03 1.989130e+03 2.001831e+03 2.016367e+03 2.062203e+03 2.166184e+03 2.329412e+03 2.794069e+03 3.416213e+03 4.204327e+03 5.178596e+03 6.359578e+03 7.766528e+03
1.972468e+03 1.972468e+03 1.972468e+03 1.972468e+03 1.972470e+03 1.972526e+03 1.972708e+03 1.973446e+03 1.973991e+03 1.974640e+03 1.976207e+03 1.978077e+03 1.980208e+03 1.982575e+03 1.985161e+03 1.987954e+03 1.990935e+03 2.007254e+03 2.021563e+03 2.040727e+03 2.095665e+03 2.211832e+03 2.387781e+03 2.875016e+03 3.516423e+03 4.323001e+03 5.316510e+03 6.517939e+03 7.946227e+03
1.993649e+03 1.993649e+03 1.993649e+03 1.993649e+03 1.993651e+03 1.993706e+03 1.993874e+03 1.994515e+03 1.994978e+03 1.995532e+03 1.996898e+03 1.998581e+03 2.000548e+03 2.002778e+03 2.005254e+03 2.007964e+03 2.010892e+03 2.027431e+03 2.043268e+03 2.067123e+03 2.131394e+03 2.260102e+03 2.449147e+03 2.959553e+03 3.620570e+03 4.445803e+03 5.458684e+03 6.680715e+03 8.130558e+03
2.017950e+03 2.017950e+03 2.017950e+03 2.017950e+03 2.017951e+03 2.017978e+03 2.018072e+03 2.018491e+03 2.018822e+03 2.019235e+03 2.020306e+03 2.021696e+03 2.023389e+03 2.025375e+03 2.027646e+03 2.030194e+03 2.033005e+03 2.049613e+03 2.066965e+03 2.095606e+03 2.169466e+03 2.311088e+03 2.513615e+03 3.047790e+03 3.728767e+03 4.572845e+03 5.605227e+03 6.848003e+03 8.319601e+03
2.043597e+03 2.043597e+03 2.043597e+03 2.043597e+03 2.043598e+03 2.043624e+03 2.043707e+03 2.044043e+03 2.044305e+03 2.044635e+03 2.045501e+03 2.046650e+03 2.048093e+03 2.049843e+03 2.051911e+03 2.054301e+03 2.057000e+03 2.073738e+03 2.092670e+03 2.126229e+03 2.209959e+03 2.364887e+03 2.581292e+03 3.139838e+03 3.841124e+03 4.704240e+03 5.756247e+03 7.019900e+03 8.513440e+03
2.070007e+03 2.070007e+03 2.070007e+03 2.070007e+03 2.070008e+03 2.070039e+03 2.070133e+03 2.070494e+03 2.070755e+03 2.071064e+03 2.071833e+03 2.072832e+03 2.074106e+03 2.075701e+03 2.077648e+03 2.079958e+03 2.082621e+03 2.099760e+03 2.120410e+03 2.159050e+03 2.252957e+03 2.421600e+03 2.652287e+03 3.235811e+03 3.957755e+03 4.840098e+03 5.911852e+03 7.196506e+03 8.712160e+03
2.097427e+03 2.097427e+03 2.097427e+03 2.097427e+03 2.097428e+03 2.097459e+03 2.097551e+03 2.097869e+03 2.098082e+03 2.098332e+03 2.098970e+03 2.099853e+03 2.101053e+03 2.102622e+03 2.104589e+03 2.106960e+03 2.109718e+03 2.127680e+03 2.150229e+03 2.194137e+03 2.298548e+03 2.481331e+03 2.726714e+03 3.335821e+03 4.078770e+03 4.980533e+03 6.072152e+03 7.377924e+03 8.915850e+03
2.125639e+03 2.125639e+03 2.125639e+03 2.125639e+03 2.125639e+03 2.125639e+03 2.125644e+03 2.125719e+03 2.125816e+03 2.125972e+03 2.126511e+03 2.127418e+03 2.128739e+03 2.130496e+03 2.132690e+03 2.135307e+03 2.138318e+03 2.157563e+03 2.182192e+03 2.231565e+03 2.346826e+03 2.544189e+03 2.804688e+03 3.439985e+03 4.204282e+03 5.125656e+03 6.237258e+03 7.564256e+03 9.124601e+03
2.152719e+03 2.152719e+03 2.152719e+03 2.152719e+03 2.152719e+03 2.152719e+03 2.152724e+03 2.152873e+03 2.153063e+03 2.153348e+03 2.154236e+03 2.155569e+03 2.157354e+03 2.159580e+03 2.162226e+03 2.165268e+03 2.168671e+03 2.189539e+03 2.216382e+03 2.271418e+03 2.397891e+03 2.610289e+03 2.886329e+03 3.548416e+03 4.334402e+03 5.275578e+03 6.407281e+03 7.755607e+03 9.338505e+03
2.178981e+03 2.178981e+03 2.178981e+03 2.178982e+03 2.178985e+03 2.179073e+03 2.179328e+03 2.180200e+03 2.180790e+03 2.181482e+03 2.183174e+03 2.185274e+03 2.187767e+03 2.190630e+03 2.193843e+03 2.197382e+03 2.201223e+03 2.223782e+03 2.252895e+03 2.313788e+03 2.451850e+03 2.679748e+03 2.971757e+03 3.661231e+03 4.469241e+03 5.430412e+03 6.582332e+03 7.952083e+03 9.557657e+03
2.209981e+03 2.209981e+03 2.209981e+03 2.209982e+03 2.209985e+03 2.210073e+03 2.210349e+03 2.211449e+03 2.212255e+03 2.213210e+03 2.215509e+03 2.218234e+03 2.221311e+03 2.224695e+03 2.228360e+03 2.232294e+03 2.236482e+03 2.260464e+03 2.291832e+03 2.358774e+03 2.508816e+03 2.752688e+03 3.061096e+03 3.778546e+03 4.608910e+03 5.590267e+03 6.762523e+03 8.153792e+03 9.782153e+03
2.246844e+03 2.246844e+03 2.246844e+03 2.246845e+03 2.246848e+03 2.246949e+03 2.247259e+03 2.248467e+03 2.249346e+03 2.250387e+03 2.252871e+03 2.255785e+03 2.259039e+03 2.262584e+03 2.266401e+03 2.270479e+03 2.274812e+03 2.299716e+03 2.333287e+03 2.406480e+03 2.568907e+03 2.829237e+03 3.154472e+03 3.900476e+03 4.753519e+03 5.755255e+03 6.947965e+03 8.360842e+03 1.001209e+04
2.290109e+03 2.290109e+03 2.290109e+03 2.290110e+03 2.290113e+03 2.290214e+03 2.290527e+03 2.291696e+03 2.292499e+03 2.293425e+03 2.295609e+03 2.298195e+03 2.301147e+03 2.304443e+03 2.308070e+03 2.312018e+03 2.316279e+03 2.341597e+03 2.377347e+03 2.457015e+03 2.632249e+03 2.909525e+03 3.252015e+03 4.027137e+03 4.903178e+03 5.925486e+03 7.138771e+03 8.573343e+03 1.024758e+04
2.339669e+03 2.339669e+03 2.339669e+03 2.339669e+03 2.339669e+03 2.339683e+03 2.339774e+03 2.340271e+03 2.340685e+03 2.341213e+03 2.342624e+03 2.344512e+03 2.346867e+03 2.349670e+03 2.352907e+03 2.356566e+03 2.360628e+03 2.386102e+03 2.424093e+03 2.510495e+03 2.698975e+03 2.993688e+03 3.353852e+03 4.158645e+03 5.057995e+03 6.101070e+03 7.335052e+03 8.791405e+03 1.048871e+04
2.390170e+03 2.390170e+03 2.390170e+03 2.390170e+03 2.390170e+03 2.390177e+03 2.390198e+03 2.390329e+03 2.390495e+03 2.390758e+03 2.391633e+03 2.393003e+03 2.394878e+03 2.397260e+03 2.400151e+03 2.403547e+03 2.407434e+03 2.433192e+03 2.473611e+03 2.567047e+03 2.769222e+03 3.081864e+03 3.460115e+03 4.295113e+03 5.218079e+03 6.282116e+03 7.536921e+03 9.015140e+03 1.073559e+04
2.438948e+03 2.438948e+03 2.438948e+03 2.438948e+03 2.438948e+03 2.438973e+03 2.439064e+03 2.439451e+03 2.439748e+03 2.440118e+03 2.441094e+03 2.442424e+03 2.444171e+03 2.446397e+03 2.449150e+03 2.452456e+03 2.456314e+03 2.482857e+03 2.526005e+03 2.626809e+03 2.843139e+03 3.174195e+03 3.570938e+03 4.436655e+03 5.383536e+03 6.468733e+03 7.744491e+03 9.244659e+03 1.098833e+04
2.488136e+03 2.488136e+03 2.488136e+03 2.488136e+03 2.488138e+03 2.488198e+03 2.488382e+03 2.489071e+03 2.489534e+03 2.490051e+03 2.491236e+03 2.492677e+03 2.494485e+03 2.496772e+03 2.499616e+03 2.503058e+03 2.507099e+03 2.535163e+03 2.581410e+03 2.689933e+03 2.920879e+03 3.270828e+03 3.686451e+03 4.583385e+03 5.554474e+03 6.661031e+03 7.957875e+03 9.480077e+03 1.124703e+04
2.540122e+03 2.540122e+03 2.540122e+03 2.540122e+03 2.540124e+03 2.540183e+03 2.540343e+03 2.540855e+03 2.541193e+03 2.541587e+03 2.542593e+03 2.543993e+03 2.545911e+03 2.548434e+03 2.551606e+03 2.555434e+03 2.559898e+03 2.590284e+03 2.640000e+03 2.756587e+03 3.002604e+03 3.371911e+03 3.806789e+03 4.735412e+03 5.730998e+03 6.859117e+03 8.177185e+03 9.721506e+03 1.151180e+04
2.593521e+03 2.593521e+03 2.593521e+03 2.593521e+03 2.593521e+03 2.593513e+03 2.593492e+03 2.593494e+03 2.593587e+03 2.593791e+03 2.594653e+03 2.596232e+03 2.598575e+03 2.601675e+03 2.605498e+03 2.610000e+03 2.615128e+03 2.648513e+03 2.701986e+03 2.826955e+03 3.088484e+03 3.477596e+03 3.932085e+03 4.892848e+03 5.913212e+03 7.063101e+03 8.402534e+03 9.969062e+03 1.178275e+04
2.644283e+03 2.644283e+03 2.644283e+03 2.644283e+03 2.644283e+03 2.644275e+03 2.644260e+03 2.644468e+03 2.644814e+03 2.645366e+03 2.647133e+03 2.649768e+03 2.653204e+03 2.657362e+03 2.662174e+03 2.667583e+03 2.673537e+03 2.710227e+03 2.767599e+03 2.901229e+03 3.178691e+03 3.588035e+03 4.062471e+03 5.055803e+03 6.101222e+03 7.273090e+03 8.634037e+03 1.022286e+04 1.205999e+04
2.693223e+03 2.693223e+03 2.693223e+03 2.693226e+03 2.693233e+03 2.693452e+03 2.694066e+03 2.696098e+03 2.697460e+03 2.699028e+03 2.702708e+03 2.707019e+03 2.711881e+03 2.717246e+03 2.723084e+03 2.729376e+03 2.736101e+03 2.775829e+03 2.837082e+03 2.979612e+03 3.273407e+03 3.703385e+03 4.198082e+03 5.224382e+03 6.295131e+03 7.489193e+03 8.871807e+03 1.048301e+04 1.234364e+04
