2.132602e+06 1.143424e+06 9.342641e+05 6.872478e+05 6.082343e+05 4.223355e+05 3.768354e+05 3.580162e+05 3.579500e+05 3.605053e+05 3.701597e+05 3.831816e+05 3.969420e+05 4.071572e+05 4.075758e+05 3.929651e+05 3.633106e+05 1.878594e+05 1.187504e+05 9.656541e+04 9.029613e+04 9.060122e+04 9.391735e+04 1.036381e+05 1.132781e+05 1.210186e+05 1.266103e+05 1.304102e+05 1.329678e+05
4.116149e+05 4.116184e+05 4.116255e+05 4.114847e+05 4.096722e+05 3.852807e+05 3.659304e+05 3.559889e+05 3.571604e+05 3.604485e+05 3.709108e+05 3.843383e+05 3.982831e+05 4.085003e+05 4.087530e+05 3.938523e+05 3.638639e+05 1.876381e+05 1.185891e+05 9.650783e+04 9.031177e+04 9.066547e+04 9.401290e+04 1.037620e+05 1.134027e+05 1.211301e+05 1.267032e+05 1.304841e+05 1.330248e+05
3.652881e+05 3.652895e+05 3.652933e+05 3.653647e+05 3.654021e+05 3.638810e+05 3.557911e+05 3.536830e+05 3.563277e+05 3.604654e+05 3.718192e+05 3.856644e+05 3.997812e+05 4.099755e+05 4.100301e+05 3.948058e+05 3.644540e+05 1.874075e+05 1.184234e+05 9.644968e+04 9.032861e+04 9.073166e+04 9.411061e+04 1.038879e+05 1.135287e+05 1.212425e+05 1.267967e+05 1.305583e+05 1.330819e+05
3.524412e+05 3.524419e+05 3.524439e+05 3.524874e+05 3.525624e+05 3.504939e+05 3.530497e+05 3.515827e+05 3.555738e+05 3.605970e+05 3.728950e+05 3.871650e+05 4.014397e+05 4.115853e+05 4.114087e+05 3.958261e+05 3.650807e+05 1.871672e+05 1.182534e+05 9.639103e+04 9.034671e+04 9.079982e+04 9.421049e+04 1.040156e+05 1.136562e+05 1.213559e+05 1.268908e+05 1.306329e+05 1.331392e+05
3.472366e+05 3.472371e+05 3.472383e+05 3.472685e+05 3.473347e+05 3.462804e+05 3.492831e+05 3.515129e+05 3.553605e+05 3.609863e+05 3.741567e+05 3.888432e+05 4.032595e+05 4.133298e+05 4.128887e+05 3.969130e+05 3.657438e+05 1.869172e+05 1.180790e+05 9.633195e+04 9.036612e+04 9.087000e+04 9.431259e+04 1.041454e+05 1.137852e+05 1.214703e+05 1.269855e+05 1.307077e+05 1.331967e+05
3.452892e+05 3.452895e+05 3.452904e+05 3.453149e+05 3.453749e+05 3.453525e+05 3.465856e+05 3.541735e+05 3.569380e+05 3.620369e+05 3.756637e+05 3.907086e+05 4.052413e+05 4.152082e+05 4.144690e+05 3.980652e+05 3.664420e+05 1.866573e+05 1.179003e+05 9.627250e+04 9.038692e+04 9.094224e+04 9.441694e+04 1.042771e+05 1.139156e+05 1.215857e+05 1.270808e+05 1.307829e+05 1.332544e+05
3.455454e+05 3.455457e+05 3.455464e+05 3.455671e+05 3.456220e+05 3.461586e+05 3.466321e+05 3.572517e+05 3.604855e+05 3.646319e+05 3.775582e+05 3.927903e+05 4.073905e+05 4.172205e+05 4.161480e+05 3.992811e+05 3.671740e+05 1.863871e+05 1.177173e+05 9.621277e+04 9.040915e+04 9.101661e+04 9.452357e+04 1.044109e+05 1.140475e+05 1.217020e+05 1.271767e+05 1.308585e+05 1.333121e+05
3.475367e+05 3.475369e+05 3.475375e+05 3.475555e+05 3.476051e+05 3.483811e+05 3.489008e+05 3.599398e+05 3.645964e+05 3.687198e+05 3.801210e+05 3.951523e+05 4.097231e+05 4.193694e+05 4.179251e+05 4.005592e+05 3.679382e+05 1.861065e+05 1.175302e+05 9.615282e+04 9.043289e+04 9.109313e+04 9.463252e+04 1.045466e+05 1.141809e+05 1.218193e+05 1.272732e+05 1.309343e+05 1.333701e+05
3.508922e+05 3.508923e+05 3.508929e+05 3.509088e+05 3.509532e+05 3.518028e+05 3.526225e+05 3.625371e+05 3.685780e+05 3.733788e+05 3.838323e+05 3.979113e+05 4.122723e+05 4.216642e+05 4.198016e+05 4.018984e+05 3.687330e+05 1.858153e+05 1.173388e+05 9.609272e+04 9.045819e+04 9.117186e+04 9.474382e+04 1.046844e+05 1.143158e+05 1.219376e+05 1.273702e+05 1.310105e+05 1.334281e+05
3.552836e+05 3.552837e+05 3.552842e+05 3.552981e+05 3.553376e+05 3.561901e+05 3.572910e+05 3.655673e+05 3.723456e+05 3.780751e+05 3.884915e+05 4.012701e+05 4.150961e+05 4.241232e+05 4.217823e+05 4.032988e+05 3.695574e+05 1.855130e+05 1.171434e+05 9.603257e+04 9.048511e+04 9.125285e+04 9.485751e+04 1.048242e+05 1.144521e+05 1.220569e+05 1.274679e+05 1.310870e+05 1.334863e+05
3.604774e+05 3.604775e+05 3.604779e+05 3.604901e+05 3.605251e+05 3.613339e+05 3.626085e+05 3.693273e+05 3.761251e+05 3.826118e+05 3.936427e+05 4.055050e+05 4.182873e+05 4.267780e+05 4.238777e+05 4.047630e+05 3.704109e+05 1.851996e+05 1.169439e+05 9.597243e+04 9.051373e+04 9.133614e+04 9.497361e+04 1.049660e+05 1.145899e+05 1.221771e+05 1.275661e+05 1.311638e+05 1.335447e+05
3.920043e+05 3.920044e+05 3.920046e+05 3.920118e+05 3.920329e+05 3.925892e+05 3.938932e+05 3.973540e+05 4.008645e+05 4.062775e+05 4.198578e+05 4.324625e+05 4.419043e+05 4.452295e+05 4.370891e+05 4.133870e+05 3.752199e+05 1.834597e+05 1.158891e+05 9.567512e+04 9.068450e+04 9.178874e+04 9.559147e+04 1.057065e+05 1.153013e+05 1.227927e+05 1.280657e+05 1.315521e+05 1.338382e+05
4.266409e+05 4.266409e+05 4.266411e+05 4.266464e+05 4.266622e+05 4.271032e+05 4.282658e+05 4.316924e+05 4.339748e+05 4.372335e+05 4.475052e+05 4.600611e+05 4.694186e+05 4.699899e+05 4.564765e+05 4.261557e+05 3.820372e+05 1.814494e+05 1.147517e+05 9.539272e+04 9.090768e+04 9.230581e+04 9.627434e+04 1.064999e+05 1.160499e+05 1.234319e+05 1.285789e+05 1.319472e+05 1.341343e+05
4.634971e+05 4.634971e+05 4.634973e+05 4.635017e+05 4.635153e+05 4.639113e+05 4.650223e+05 4.687166e+05 4.710383e+05 4.736875e+05 4.806140e+05 4.892842e+05 4.957730e+05 4.934834e+05 4.758450e+05 4.401871e+05 3.906012e+05 1.792953e+05 1.135643e+05 9.514143e+04 9.119270e+04 9.289318e+04 9.702582e+04 1.073473e+05 1.168354e+05 1.240940e+05 1.291049e+05 1.323483e+05 1.344322e+05
5.041304e+05 5.041304e+05 5.041305e+05 5.041347e+05 5.041475e+05 5.045317e+05 5.056458e+05 5.094564e+05 5.116733e+05 5.137647e+05 5.173878e+05 5.204017e+05 5.208426e+05 5.132282e+05 4.908633e+05 4.507257e+05 3.970292e+05 1.773446e+05 1.123884e+05 9.494413e+04 9.155073e+04 9.355697e+04 9.784931e+04 1.082493e+05 1.176575e+05 1.247782e+05 1.296426e+05 1.327545e+05 1.347314e+05
5.502010e+05 5.502010e+05 5.502012e+05 5.502052e+05 5.502178e+05 5.506010e+05 5.516553e+05 5.537435e+05 5.540805e+05 5.538219e+05 5.517134e+05 5.479229e+05 5.412588e+05 5.271916e+05 4.995781e+05 4.554828e+05 3.989755e+05 1.754834e+05 1.113283e+05 9.483344e+04 9.199572e+04 9.430400e+04 9.874820e+04 1.092064e+05 1.185153e+05 1.254833e+05 1.301911e+05 1.331649e+05 1.350310e+05
5.971029e+05 5.971028e+05 5.971024e+05 5.970886e+05 5.970455e+05 5.958080e+05 5.930675e+05 5.866207e+05 5.831940e+05 5.796075e+05 5.718167e+05 5.628710e+05 5.510924e+05 5.321817e+05 5.005562e+05 4.537133e+05 3.957644e+05 1.732342e+05 1.105463e+05 9.485515e+04 9.254564e+04 9.514232e+04 9.972614e+04 1.102185e+05 1.194079e+05 1.262080e+05 1.307489e+05 1.335785e+05 1.353301e+05
5.857768e+05 5.857768e+05 5.857768e+05 5.857761e+05 5.857739e+05 5.856833e+05 5.852901e+05 5.825791e+05 5.801343e+05 5.770831e+05 5.695237e+05 5.600342e+05 5.470227e+05 5.264583e+05 4.933205e+05 4.456691e+05 3.878310e+05 1.703992e+05 1.100080e+05 9.507538e+04 9.322384e+04 9.608183e+04 1.007873e+05 1.112856e+05 1.203339e+05 1.269508e+05 1.313149e+05 1.339940e+05 1.356280e+05
5.631533e+05 5.631533e+05 5.631533e+05 5.631520e+05 5.631481e+05 5.629731e+05 5.623248e+05 5.598954e+05 5.581438e+05 5.559992e+05 5.504520e+05 5.427879e+05 5.311229e+05 5.114524e+05 4.790953e+05 4.325253e+05 3.762463e+05 1.670219e+05 1.096171e+05 9.557663e+04 9.406111e+04 9.713499e+04 1.019367e+05 1.124076e+05 1.212919e+05 1.277102e+05 1.318875e+05 1.344104e+05 1.359237e+05
5.304199e+05 5.304199e+05 5.304199e+05 5.304194e+05 5.304177e+05 5.303659e+05 5.301660e+05 5.290446e+05 5.280560e+05 5.267625e+05 5.231660e+05 5.176387e+05 5.080993e+05 4.904826e+05 4.602416e+05 4.160266e+05 3.623450e+05 1.633061e+05 1.093292e+05 9.632567e+04 9.510233e+04 9.831772e+04 1.031807e+05 1.135843e+05 1.222802e+05 1.284842e+05 1.324652e+05 1.348264e+05 1.362163e+05
4.982990e+05 4.982990e+05 4.982990e+05 4.982983e+05 4.982960e+05 4.982294e+05 4.980420e+05 4.973071e+05 4.967111e+05 4.959271e+05 4.936588e+05 4.898076e+05 4.822275e+05 4.668513e+05 4.391989e+05 3.979359e+05 3.474042e+05 1.595130e+05 1.091375e+05 9.727945e+04 9.638953e+04 9.965115e+04 1.045275e+05 1.148158e+05 1.232972e+05 1.292711e+05 1.330463e+05 1.352407e+05 1.365048e+05
4.681506e+05 4.681506e+05 4.681506e+05 4.681503e+05 4.681493e+05 4.681152e+05 4.679999e+05 4.674973e+05 4.670954e+05 4.665791e+05 4.650953e+05 4.623808e+05 4.563279e+05 4.429526e+05 4.178587e+05 3.796651e+05 3.324466e+05 1.558854e+05 1.090649e+05 9.840947e+04 9.789062e+04 1.011681e+05 1.059877e+05 1.161026e+05 1.243411e+05 1.300687e+05 1.336290e+05 1.356519e+05 1.367882e+05
4.404971e+05 4.404971e+05 4.404971e+05 4.404969e+05 4.404966e+05 4.404833e+05 4.404331e+05 4.401771e+05 4.399526e+05 4.396519e+05 4.387356e+05 4.368269e+05 4.319304e+05 4.202249e+05 3.974491e+05 3.621780e+05 3.181863e+05 1.526107e+05 1.091514e+05 9.969724e+04 9.957653e+04 1.028861e+05 1.075762e+05 1.174457e+05 1.254102e+05 1.308751e+05 1.342117e+05 1.360587e+05 1.370654e+05
4.160887e+05 4.160887e+05 4.160887e+05 4.160887e+05 4.160886e+05 4.160832e+05 4.160615e+05 4.159439e+05 4.158336e+05 4.156781e+05 4.151526e+05 4.138117e+05 4.097802e+05 3.994294e+05 3.786687e+05 3.460532e+05 3.050655e+05 1.498149e+05 1.094418e+05 1.011334e+05 1.014236e+05 1.047758e+05 1.093176e+05 1.188467e+05 1.265028e+05 1.316881e+05 1.347926e+05 1.364597e+05 1.373356e+05
3.949010e+05 3.949010e+05 3.949010e+05 3.949011e+05 3.949013e+05 3.949045e+05 3.949072e+05 3.948825e+05 3.948441e+05 3.947806e+05 3.945098e+05 3.935578e+05 3.901650e+05 3.808986e+05 3.618528e+05 3.315881e+05 2.933212e+05 1.475711e+05 1.099767e+05 1.027162e+05 1.034117e+05 1.068133e+05 1.112132e+05 1.203087e+05 1.276178e+05 1.325059e+05 1.353698e+05 1.368534e+05 1.375976e+05
3.767714e+05 3.767714e+05 3.767714e+05 3.767715e+05 3.767717e+05 3.767769e+05 3.767885e+05 3.768126e+05 3.768173e+05 3.768109e+05 3.767042e+05 3.760182e+05 3.730993e+05 3.647010e+05 3.471036e+05 3.188912e+05 2.830484e+05 1.459128e+05 1.107873e+05 1.044491e+05 1.055241e+05 1.089772e+05 1.132371e+05 1.218364e+05 1.287540e+05 1.333265e+05 1.359416e+05 1.372386e+05 1.378506e+05
3.613427e+05 3.613427e+05 3.613427e+05 3.613428e+05 3.613431e+05 3.613527e+05 3.613758e+05 3.614386e+05 3.614724e+05 3.615036e+05 3.615068e+05 3.610091e+05 3.584513e+05 3.507575e+05 3.343853e+05 3.079547e+05 2.742510e+05 1.448459e+05 1.118931e+05 1.063379e+05 1.077476e+05 1.112477e+05 1.153682e+05 1.234378e+05 1.299110e+05 1.341481e+05 1.365063e+05 1.376138e+05 1.380934e+05
3.483508e+05 3.483509e+05 3.483509e+05 3.483509e+05 3.483512e+05 3.483592e+05 3.483809e+05 3.484580e+05 3.485102e+05 3.485682e+05 3.486542e+05 3.483019e+05 3.460327e+05 3.389225e+05 3.235934e+05 2.987073e+05 2.668809e+05 1.443586e+05 1.133030e+05 1.083880e+05 1.100721e+05 1.136061e+05 1.175868e+05 1.251255e+05 1.310888e+05 1.349692e+05 1.370623e+05 1.379779e+05 1.383251e+05
3.374268e+05 3.374268e+05 3.374268e+05 3.374269e+05 3.374273e+05 3.374380e+05 3.374692e+05 3.375808e+05 3.376578e+05 3.377460e+05 3.379115e+05 3.376840e+05 3.356549e+05 3.290360e+05 3.145985e+05 2.910495e+05 2.608633e+05 1.444277e+05 1.150160e+05 1.106030e+05 1.124897e+05 1.160356e+05 1.198741e+05 1.268850e+05 1.322883e+05 1.357884e+05 1.376081e+05 1.383295e+05 1.385449e+05
3.284546e+05 3.284546e+05 3.284546e+05 3.284548e+05 3.284552e+05 3.284689e+05 3.285090e+05 3.286560e+05 3.287581e+05 3.288753e+05 3.291108e+05 3.289856e+05 3.271534e+05 3.209459e+05 3.072682e+05 2.848721e+05 2.561116e+05 1.450226e+05 1.170237e+05 1.129829e+05 1.149940e+05 1.185210e+05 1.222116e+05 1.286972e+05 1.335121e+05 1.366048e+05 1.381424e+05 1.386675e+05 1.387519e+05
3.213698e+05 3.213698e+05 3.213699e+05 3.213700e+05 3.213705e+05 3.213862e+05 3.214323e+05 3.215983e+05 3.217118e+05 3.218425e+05 3.221149e+05 3.220568e+05 3.203755e+05 3.145058e+05 3.014704e+05 2.800623e+05 2.525335e+05 1.461086e+05 1.193112e+05 1.155237e+05 1.175786e+05 1.210489e+05 1.245822e+05 1.305459e+05 1.347665e+05 1.374179e+05 1.386640e+05 1.389909e+05 1.389454e+05
3.160503e+05 3.160503e+05 3.160503e+05 3.160504e+05 3.160507e+05 3.160611e+05 3.160941e+05 3.162330e+05 3.163381e+05 3.164649e+05 3.167454e+05 3.167269e+05 3.151596e+05 3.095660e+05 2.970706e+05 2.765043e+05 2.500333e+05 1.476474e+05 1.218589e+05 1.182174e+05 1.202368e+05 1.236071e+05 1.269695e+05 1.324155e+05 1.360536e+05 1.382276e+05 1.391720e+05 1.392988e+05 1.391245e+05
3.120389e+05 3.120389e+05 3.120389e+05 3.120390e+05 3.120394e+05 3.120529e+05 3.120938e+05 3.122492e+05 3.123620e+05 3.124972e+05 3.127984e+05 3.128177e+05 3.113443e+05 3.059786e+05 2.939357e+05 2.740825e+05 2.485136e+05 1.495983e+05 1.246430e+05 1.210519e+05 1.229604e+05 1.261843e+05 1.293585e+05 1.342909e+05 1.373581e+05 1.390348e+05 1.396657e+05 1.395905e+05 1.392889e+05
3.093013e+05 3.093013e+05 3.093013e+05 3.093015e+05 3.093020e+05 3.093171e+05 3.093627e+05 3.095371e+05 3.096630e+05 3.098117e+05 3.101394e+05 3.101915e+05 3.087914e+05 3.036086e+05 2.919389e+05 2.726830e+05 2.478768e+05 1.519181e+05 1.276366e+05 1.240116e+05 1.257398e+05 1.287700e+05 1.317354e+05 1.361574e+05 1.386670e+05 1.398419e+05 1.401448e+05 1.398652e+05 1.394379e+05
3.078198e+05 3.078198e+05 3.078198e+05 3.078200e+05 3.078205e+05 3.078365e+05 3.078851e+05 3.080692e+05 3.081990e+05 3.083500e+05 3.086788e+05 3.087359e+05 3.073757e+05 3.023269e+05 2.909551e+05 2.721918e+05 2.480239e+05 1.545614e+05 1.308099e+05 1.270776e+05 1.285632e+05 1.313536e+05 1.340876e+05 1.380010e+05 1.399688e+05 1.406543e+05 1.406094e+05 1.401228e+05 1.395711e+05
3.075438e+05 3.075438e+05 3.075438e+05 3.075439e+05 3.075445e+05 3.075592e+05 3.076001e+05 3.077509e+05 3.078597e+05 3.079893e+05 3.082777e+05 3.083056e+05 3.069513e+05 3.019920e+05 2.908523e+05 2.724904e+05 2.488521e+05 1.574807e+05 1.341311e+05 1.302284e+05 1.314173e+05 1.339246e+05 1.364035e+05 1.398084e+05 1.412526e+05 1.414674e+05 1.410600e+05 1.403628e+05 1.396884e+05
3.081132e+05 3.081132e+05 3.081132e+05 3.081133e+05 3.081137e+05 3.081239e+05 3.081536e+05 3.082700e+05 3.083587e+05 3.084675e+05 3.087149e+05 3.087085e+05 3.073468e+05 3.024491e+05 2.914912e+05 2.734560e+05 2.502561e+05 1.606269e+05 1.375667e+05 1.334403e+05 1.342867e+05 1.364718e+05 1.386722e+05 1.415673e+05 1.425081e+05 1.422706e+05 1.414980e+05 1.405854e+05 1.397896e+05
3.091983e+05 3.091983e+05 3.091983e+05 3.091984e+05 3.091988e+05 3.092094e+05 3.092416e+05 3.093653e+05 3.094550e+05 3.095620e+05 3.097968e+05 3.097713e+05 3.084035e+05 3.035510e+05 2.927369e+05 2.749681e+05 2.521313e+05 1.639496e+05 1.410819e+05 1.366880e+05 1.371546e+05 1.389838e+05 1.408835e+05 1.432664e+05 1.437253e+05 1.430555e+05 1.419262e+05 1.407909e+05 1.398747e+05
3.108398e+05 3.108398e+05 3.108398e+05 3.108400e+05 3.108403e+05 3.108510e+05 3.108834e+05 3.110076e+05 3.110970e+05 3.112021e+05 3.114253e+05 3.113790e+05 3.099969e+05 3.051708e+05 2.944661e+05 2.769127e+05 2.543765e+05 1.673982e+05 1.446414e+05 1.399450e+05 1.400031e+05 1.414486e+05 1.430279e+05 1.448955e+05 1.448951e+05 1.438148e+05 1.423482e+05 1.409800e+05 1.399439e+05
3.129993e+05 3.129993e+05 3.129993e+05 3.129994e+05 3.129998e+05 3.130101e+05 3.130414e+05 3.131580e+05 3.132390e+05 3.133319e+05 3.135204e+05 3.134309e+05 3.120130e+05 3.071888e+05 2.965609e+05 2.791800e+05 2.568939e+05 1.709222e+05 1.482094e+05 1.431843e+05 1.428133e+05 1.438539e+05 1.450960e+05 1.464454e+05 1.460087e+05 1.445417e+05 1.427576e+05 1.411538e+05 1.399976e+05
3.156041e+05 3.156041e+05 3.156041e+05 3.156042e+05 3.156045e+05 3.156127e+05 3.156362e+05 3.157137e+05 3.157659e+05 3.158267e+05 3.159465e+05 3.157889e+05 3.143161e+05 3.094750e+05 2.989004e+05 2.816610e+05 2.595878e+05 1.744720e+05 1.517506e+05 1.463789e+05 1.455661e+05 1.461870e+05 1.470790e+05 1.479082e+05 1.470583e+05 1.452297e+05 1.431480e+05 1.413142e+05 1.400364e+05
3.183725e+05 3.183725e+05 3.183725e+05 3.183725e+05 3.183725e+05 3.183711e+05 3.183687e+05 3.183827e+05 3.184039e+05 3.184344e+05 3.184935e+05 3.182754e+05 3.167518e+05 3.118927e+05 3.013632e+05 2.842489e+05 2.623656e+05 1.779994e+05 1.552304e+05 1.495019e+05 1.482422e+05 1.484353e+05 1.489683e+05 1.492771e+05 1.480369e+05 1.458729e+05 1.435145e+05 1.414647e+05 1.400611e+05
3.208120e+05 3.208120e+05 3.208120e+05 3.208121e+05 3.208123e+05 3.208190e+05 3.208377e+05 3.208910e+05 3.209213e+05 3.209534e+05 3.209972e+05 3.207475e+05 3.191911e+05 3.143239e+05 3.038415e+05 2.868467e+05 2.651418e+05 1.814581e+05 1.586157e+05 1.525275e+05 1.508227e+05 1.505860e+05 1.507559e+05 1.505462e+05 1.489383e+05 1.464661e+05 1.438526e+05 1.416059e+05 1.400729e+05
3.233189e+05 3.233189e+05 3.233189e+05 3.233189e+05 3.233190e+05 3.233209e+05 3.233267e+05 3.233524e+05 3.233720e+05 3.233942e+05 3.234153e+05 3.231362e+05 3.215518e+05 3.166806e+05 3.062472e+05 2.893709e+05 2.678402e+05 1.848047e+05 1.618751e+05 1.554313e+05 1.532894e+05 1.526271e+05 1.524339e+05 1.517107e+05 1.497571e+05 1.470042e+05 1.441584e+05 1.417327e+05 1.400732e+05
3.256645e+05 3.256645e+05 3.256645e+05 3.256645e+05 3.256646e+05 3.256665e+05 3.256719e+05 3.256895e+05 3.257005e+05 3.257114e+05 3.257025e+05 3.253860e+05 3.237680e+05 3.188900e+05 3.085053e+05 2.917485e+05 2.703933e+05 1.879997e+05 1.649796e+05 1.581903e+05 1.556251e+05 1.545469e+05 1.539952e+05 1.527666e+05 1.504891e+05 1.474830e+05 1.444283e+05 1.418415e+05 1.400643e+05
3.278328e+05 3.278328e+05 3.278328e+05 3.278328e+05 3.278328e+05 3.278343e+05 3.278380e+05 3.278449e+05 3.278448e+05 3.278405e+05 3.277907e+05 3.274260e+05 3.257665e+05 3.208784e+05 3.105444e+05 2.939132e+05 2.727411e+05 1.910075e+05 1.679028e+05 1.607837e+05 1.578143e+05 1.563346e+05 1.554330e+05 1.537110e+05 1.511308e+05 1.478988e+05 1.446592e+05 1.419297e+05 1.400497e+05
3.297960e+05 3.297960e+05 3.297960e+05 3.297960e+05 3.297959e+05 3.297924e+05 3.297825e+05 3.297475e+05 3.297221e+05 3.296908e+05 3.295840e+05 3.291632e+05 3.274610e+05 3.225680e+05 3.122954e+05 2.958045e+05 2.748312e+05 1.937974e+05 1.706218e+05 1.631932e+05 1.598426e+05 1.579806e+05 1.567415e+05 1.545415e+05 1.516795e+05 1.482484e+05 1.448483e+05 1.419947e+05 1.400277e+05
3.312755e+05 3.312755e+05 3.312755e+05 3.312754e+05 3.312753e+05 3.312702e+05 3.312547e+05 3.311945e+05 3.311516e+05 3.311010e+05 3.309533e+05 3.304931e+05 3.287661e+05 3.238880e+05 3.136993e+05 2.973728e+05 2.766214e+05 1.963436e+05 1.731168e+05 1.654028e+05 1.616978e+05 1.594760e+05 1.579155e+05 1.552566e+05 1.521335e+05 1.485293e+05 1.449930e+05 1.420344e+05 1.399954e+05
3.321354e+05 3.321354e+05 3.321354e+05 3.321354e+05 3.321353e+05 3.321312e+05 3.321180e+05 3.320636e+05 3.320227e+05 3.319727e+05 3.318212e+05 3.313541e+05 3.296314e+05 3.247962e+05 3.147198e+05 2.985860e+05 2.780824e+05 1.986254e+05 1.753716e+05 1.673995e+05 1.633695e+05 1.608138e+05 1.589506e+05 1.558555e+05 1.524920e+05 1.487398e+05 1.450914e+05 1.420471e+05 1.399508e+05
3.324791e+05 3.324791e+05 3.324791e+05 3.324791e+05 3.324790e+05 3.324760e+05 3.324664e+05 3.324256e+05 3.323930e+05 3.323511e+05 3.322138e+05 3.317592e+05 3.300606e+05 3.252894e+05 3.153484e+05 2.994317e+05 2.791991e+05 2.006268e+05 1.773735e+05 1.691728e+05 1.648495e+05 1.619880e+05 1.598435e+05 1.563382e+05 1.527546e+05 1.488786e+05 1.451417e+05 1.420311e+05 1.398924e+05
3.324478e+05 3.324478e+05 3.324478e+05 3.324478e+05 3.324477e+05 3.324450e+05 3.324361e+05 3.323994e+05 3.323705e+05 3.323331e+05 3.322049e+05 3.317614e+05 3.300896e+05 3.253896e+05 3.155959e+05 2.999118e+05 2.799675e+05 2.023371e+05 1.791137e+05 1.707154e+05 1.661318e+05 1.629942e+05 1.605917e+05 1.567049e+05 1.529218e+05 1.489450e+05 1.451427e+05 1.419852e+05 1.398191e+05
3.320923e+05 3.320923e+05 3.320923e+05 3.320923e+05 3.320922e+05 3.320902e+05 3.320833e+05 3.320497e+05 3.320206e+05 3.319818e+05 3.318492e+05 3.314046e+05 3.297517e+05 3.251204e+05 3.154774e+05 3.000344e+05 2.803900e+05 2.037503e+05 1.805867e+05 1.720225e+05 1.672122e+05 1.638296e+05 1.611938e+05 1.569567e+05 1.529949e+05 1.489389e+05 1.450937e+05 1.419084e+05 1.397298e+05
3.314745e+05 3.314745e+05 3.314744e+05 3.314744e+05 3.314742e+05 3.314694e+05 3.314549e+05 3.314001e+05 3.313595e+05 3.313094e+05 3.311563e+05 3.306995e+05 3.290587e+05 3.244937e+05 3.150036e+05 2.998082e+05 2.804728e+05 2.048653e+05 1.817907e+05 1.730922e+05 1.680889e+05 1.644927e+05 1.616496e+05 1.570953e+05 1.529753e+05 1.488610e+05 1.449940e+05 1.417999e+05 1.396237e+05
3.304513e+05 3.304513e+05 3.304513e+05 3.304512e+05 3.304511e+05 3.304460e+05 3.304300e+05 3.303654e+05 3.303178e+05 3.302602e+05 3.300931e+05 3.296297e+05 3.280062e+05 3.235134e+05 3.141830e+05 2.992433e+05 2.802258e+05 2.056848e+05 1.827268e+05 1.739251e+05 1.687620e+05 1.649837e+05 1.619596e+05 1.571227e+05 1.528653e+05 1.487121e+05 1.448437e+05 1.416592e+05 1.395003e+05
3.289854e+05 3.289854e+05 3.289854e+05 3.289854e+05 3.289852e+05 3.289803e+05 3.289649e+05 3.289046e+05 3.288600e+05 3.288055e+05 3.286446e+05 3.281915e+05 3.265992e+05 3.221901e+05 3.130298e+05 2.983551e+05 2.796635e+05 2.062152e+05 1.833992e+05 1.745242e+05 1.692335e+05 1.653041e+05 1.621254e+05 1.570414e+05 1.526676e+05 1.484937e+05 1.446432e+05 1.414860e+05 1.393590e+05
3.271358e+05 3.271358e+05 3.271358e+05 3.271357e+05 3.271356e+05 3.271325e+05 3.271220e+05 3.270763e+05 3.270400e+05 3.269940e+05 3.268504e+05 3.264185e+05 3.248676e+05 3.205514e+05 3.115693e+05 2.971662e+05 2.788053e+05 2.064657e+05 1.838145e+05 1.748946e+05 1.695072e+05 1.654567e+05 1.621496e+05 1.568546e+05 1.523849e+05 1.482077e+05 1.443930e+05 1.412804e+05 1.391997e+05
3.250346e+05 3.250346e+05 3.250346e+05 3.250346e+05 3.250345e+05 3.250315e+05 3.250215e+05 3.249800e+05 3.249478e+05 3.249073e+05 3.247775e+05 3.243662e+05 3.228577e+05 3.186364e+05 3.098343e+05 2.957037e+05 2.776736e+05 2.064474e+05 1.839815e+05 1.750432e+05 1.695884e+05 1.654457e+05 1.620356e+05 1.565656e+05 1.520207e+05 1.478563e+05 1.440943e+05 1.410425e+05 1.390223e+05
3.227202e+05 3.227202e+05 3.227202e+05 3.227202e+05 3.227201e+05 3.227170e+05 3.227074e+05 3.226687e+05 3.226392e+05 3.226019e+05 3.224807e+05 3.220845e+05 3.206136e+05 3.164831e+05 3.078568e+05 2.939944e+05 2.762905e+05 2.061733e+05 1.839108e+05 1.749788e+05 1.694837e+05 1.652761e+05 1.617878e+05 1.561783e+05 1.515786e+05 1.474422e+05 1.437484e+05 1.407728e+05 1.388268e+05
3.202229e+05 3.202229e+05 3.202229e+05 3.202229e+05 3.202228e+05 3.202205e+05 3.202129e+05 3.201789e+05 3.201509e+05 3.201147e+05 3.199953e+05 3.196069e+05 3.181667e+05 3.141203e+05 3.056628e+05 2.920608e+05 2.746759e+05 2.056573e+05 1.836143e+05 1.747112e+05 1.692011e+05 1.649542e+05 1.614111e+05 1.556969e+05 1.510623e+05 1.469683e+05 1.433568e+05 1.404722e+05 1.386134e+05
3.175966e+05 3.175966e+05 3.175965e+05 3.175965e+05 3.175964e+05 3.175924e+05 3.175808e+05 3.175354e+05 3.175016e+05 3.174603e+05 3.173339e+05 3.169471e+05 3.155330e+05 3.115656e+05 3.032706e+05 2.899215e+05 2.728478e+05 2.049149e+05 1.831055e+05 1.742517e+05 1.687495e+05 1.644869e+05 1.609112e+05 1.551258e+05 1.504759e+05 1.464375e+05 1.429217e+05 1.401415e+05 1.383827e+05
3.147566e+05 3.147566e+05 3.147566e+05 3.147565e+05 3.147564e+05 3.147523e+05 3.147394e+05 3.146905e+05 3.146553e+05 3.146127e+05 3.144858e+05 3.141055e+05 3.127199e+05 3.088313e+05 3.006954e+05 2.875933e+05 2.708239e+05 2.039624e+05 1.823985e+05 1.736120e+05 1.681386e+05 1.638821e+05 1.602944e+05 1.544699e+05 1.498235e+05 1.458533e+05 1.424450e+05 1.397819e+05 1.381350e+05
3.116867e+05 3.116867e+05 3.116867e+05 3.116867e+05 3.116866e+05 3.116841e+05 3.116757e+05 3.116393e+05 3.116104e+05 3.115739e+05 3.114584e+05 3.110931e+05 3.097413e+05 3.059335e+05 2.979552e+05 2.850953e+05 2.686237e+05 2.028172e+05 1.815081e+05 1.728050e+05 1.673788e+05 1.631479e+05 1.595673e+05 1.537341e+05 1.491095e+05 1.452190e+05 1.419291e+05 1.393948e+05 1.378711e+05
3.084965e+05 3.084965e+05 3.084965e+05 3.084965e+05 3.084964e+05 3.084939e+05 3.084859e+05 3.084525e+05 3.084267e+05 3.083942e+05 3.082889e+05 3.079396e+05 3.066229e+05 3.028958e+05 2.950725e+05 2.824495e+05 2.662685e+05 2.014968e+05 1.804495e+05 1.718436e+05 1.664808e+05 1.622932e+05 1.587370e+05 1.529235e+05 1.483382e+05 1.445383e+05 1.413766e+05 1.389816e+05 1.375918e+05
3.052067e+05 3.052067e+05 3.052067e+05 3.052066e+05 3.052066e+05 3.052041e+05 3.051962e+05 3.051643e+05 3.051401e+05 3.051099e+05 3.050118e+05 3.046764e+05 3.033932e+05 2.997443e+05 2.920716e+05 2.796787e+05 2.637802e+05 2.000187e+05 1.792380e+05 1.707410e+05 1.654558e+05 1.613270e+05 1.578109e+05 1.520436e+05 1.475140e+05 1.438148e+05 1.407901e+05 1.385441e+05 1.372982e+05
3.018290e+05 3.018290e+05 3.018290e+05 3.018290e+05 3.018289e+05 3.018269e+05 3.018202e+05 3.017917e+05 3.017697e+05 3.017421e+05 3.016510e+05 3.013283e+05 3.000765e+05 2.965025e+05 2.889749e+05 2.768043e+05 2.611788e+05 1.983997e+05 1.778885e+05 1.695105e+05 1.643152e+05 1.602587e+05 1.567966e+05 1.510996e+05 1.466414e+05 1.430523e+05 1.401724e+05 1.380840e+05 1.369913e+05
2.983917e+05 2.983917e+05 2.983917e+05 2.983917e+05 2.983916e+05 2.983895e+05 2.983830e+05 2.983571e+05 2.983373e+05 2.983124e+05 2.982277e+05 2.979163e+05 2.966933e+05 2.931901e+05 2.858012e+05 2.738442e+05 2.584816e+05 1.966556e+05 1.764160e+05 1.681654e+05 1.630701e+05 1.590976e+05 1.557017e+05 1.500971e+05 1.457249e+05 1.422545e+05 1.395264e+05 1.376035e+05 1.366724e+05
2.949124e+05 2.949124e+05 2.949124e+05 2.949124e+05 2.949123e+05 2.949108e+05 2.949056e+05 2.948833e+05 2.948653e+05 2.948419e+05 2.947606e+05 2.944569e+05 2.932590e+05 2.898219e+05 2.825650e+05 2.708125e+05 2.557028e+05 1.948013e+05 1.748348e+05 1.667187e+05 1.617320e+05 1.578532e+05 1.545342e+05 1.490416e+05 1.447688e+05 1.414252e+05 1.388551e+05 1.371044e+05 1.363427e+05
2.914223e+05 2.914223e+05 2.914223e+05 2.914223e+05 2.914223e+05 2.914204e+05 2.914140e+05 2.913873e+05 2.913669e+05 2.913415e+05 2.912579e+05 2.909581e+05 2.897821e+05 2.864071e+05 2.792763e+05 2.677202e+05 2.528537e+05 1.928507e+05 1.731589e+05 1.651830e+05 1.603117e+05 1.565347e+05 1.533015e+05 1.479386e+05 1.437777e+05 1.405681e+05 1.381614e+05 1.365891e+05 1.360037e+05
2.878870e+05 2.878870e+05 2.878870e+05 2.878870e+05 2.878869e+05 2.878844e+05 2.878764e+05 2.878454e+05 2.878232e+05 2.877966e+05 2.877130e+05 2.874191e+05 2.862660e+05 2.829519e+05 2.759430e+05 2.645763e+05 2.499448e+05 1.908175e+05 1.714017e+05 1.635706e+05 1.588200e+05 1.551512e+05 1.520115e+05 1.467935e+05 1.427558e+05 1.396868e+05 1.374484e+05 1.360597e+05 1.356570e+05
2.842678e+05 2.842678e+05 2.842678e+05 2.842678e+05 2.842677e+05 2.842665e+05 2.842617e+05 2.842399e+05 2.842226e+05 2.842008e+05 2.841265e+05 2.838444e+05 2.827172e+05 2.794642e+05 2.725740e+05 2.613905e+05 2.469863e+05 1.887146e+05 1.695761e+05 1.618934e+05 1.572673e+05 1.537118e+05 1.506715e+05 1.456117e+05 1.417074e+05 1.387852e+05 1.367191e+05 1.355186e+05 1.353041e+05
2.806412e+05 2.806412e+05 2.806412e+05 2.806412e+05 2.806411e+05 2.806400e+05 2.806363e+05 2.806198e+05 2.806062e+05 2.805883e+05 2.805223e+05 2.802520e+05 2.791503e+05 2.759563e+05 2.691806e+05 2.581740e+05 2.439897e+05 1.865548e+05 1.676945e+05 1.601625e+05 1.556636e+05 1.522249e+05 1.492890e+05 1.443984e+05 1.406367e+05 1.378667e+05 1.359765e+05 1.349680e+05 1.349467e+05
2.770448e+05 2.770448e+05 2.770448e+05 2.770448e+05 2.770448e+05 2.770432e+05 2.770383e+05 2.770190e+05 2.770044e+05 2.769862e+05 2.769221e+05 2.766593e+05 2.755798e+05 2.724412e+05 2.657748e+05 2.549383e+05 2.409667e+05 1.843506e+05 1.657685e+05 1.583886e+05 1.540184e+05 1.506988e+05 1.478708e+05 1.431589e+05 1.395477e+05 1.369348e+05 1.352236e+05 1.344103e+05 1.345865e+05
2.734503e+05 2.734503e+05 2.734503e+05 2.734503e+05 2.734502e+05 2.734487e+05 2.734436e+05 2.734238e+05 2.734093e+05 2.733916e+05 2.733299e+05 2.730741e+05 2.720153e+05 2.689292e+05 2.623672e+05 2.516943e+05 2.379284e+05 1.821136e+05 1.638090e+05 1.565816e+05 1.523405e+05 1.491413e+05 1.464238e+05 1.418980e+05 1.384445e+05 1.359930e+05 1.344634e+05 1.338480e+05 1.342253e+05
2.698512e+05 2.698512e+05 2.698512e+05 2.698512e+05 2.698512e+05 2.698503e+05 2.698471e+05 2.698326e+05 2.698210e+05 2.698061e+05 2.697502e+05 2.695029e+05 2.684645e+05 2.654285e+05 2.589667e+05 2.484516e+05 2.348848e+05 1.798545e+05 1.618262e+05 1.547509e+05 1.506385e+05 1.475600e+05 1.449544e+05 1.406205e+05 1.373308e+05 1.350445e+05 1.336988e+05 1.332835e+05 1.338650e+05
2.662878e+05 2.662878e+05 2.662878e+05 2.662878e+05 2.662877e+05 2.662868e+05 2.662837e+05 2.662709e+05 2.662607e+05 2.662476e+05 2.661959e+05 2.659554e+05 2.649354e+05 2.619465e+05 2.555805e+05 2.452176e+05 2.318441e+05 1.775830e+05 1.598292e+05 1.529050e+05 1.489200e+05 1.459617e+05 1.434687e+05 1.393312e+05 1.362103e+05 1.340927e+05 1.329326e+05 1.327190e+05 1.335073e+05
2.627666e+05 2.627666e+05 2.627666e+05 2.627665e+05 2.627665e+05 2.627656e+05 2.627625e+05 2.627497e+05 2.627397e+05 2.627266e+05 2.626755e+05 2.624385e+05 2.614333e+05 2.584878e+05 2.522132e+05 2.419975e+05 2.288123e+05 1.753077e+05 1.578264e+05 1.510518e+05 1.471924e+05 1.443530e+05 1.419726e+05 1.380344e+05 1.350866e+05 1.331406e+05 1.321676e+05 1.321570e+05 1.331542e+05
2.592849e+05 2.592849e+05 2.592849e+05 2.592849e+05 2.592849e+05 2.592839e+05 2.592808e+05 2.592668e+05 2.592556e+05 2.592411e+05 2.591871e+05 2.589502e+05 2.579569e+05 2.550520e+05 2.488656e+05 2.387938e+05 2.257933e+05 1.730358e+05 1.558254e+05 1.491984e+05 1.454623e+05 1.427400e+05 1.404714e+05 1.367343e+05 1.339632e+05 1.321913e+05 1.314065e+05 1.315998e+05 1.328075e+05
2.558346e+05 2.558346e+05 2.558346e+05 2.558346e+05 2.558345e+05 2.558329e+05 2.558279e+05 2.558086e+05 2.557945e+05 2.557773e+05 2.557189e+05 2.554815e+05 2.544999e+05 2.516351e+05 2.455362e+05 2.356067e+05 2.227892e+05 1.707738e+05 1.538329e+05 1.473512e+05 1.437357e+05 1.411282e+05 1.389701e+05 1.354350e+05 1.328433e+05 1.312476e+05 1.306519e+05 1.310497e+05 1.324692e+05
2.523723e+05 2.523723e+05 2.523723e+05 2.523722e+05 2.523722e+05 2.523706e+05 2.523654e+05 2.523455e+05 2.523312e+05 2.523140e+05 2.522562e+05 2.520225e+05 2.510559e+05 2.482336e+05 2.422236e+05 2.324369e+05 2.198022e+05 1.685274e+05 1.518548e+05 1.455160e+05 1.420181e+05 1.395228e+05 1.374736e+05 1.341403e+05 1.317300e+05 1.303123e+05 1.299064e+05 1.305091e+05 1.321410e+05
2.488911e+05 2.488911e+05 2.488911e+05 2.488911e+05 2.488911e+05 2.488903e+05 2.488874e+05 2.488742e+05 2.488635e+05 2.488497e+05 2.487988e+05 2.485737e+05 2.476259e+05 2.448489e+05 2.389295e+05 2.292866e+05 2.168351e+05 1.663015e+05 1.498963e+05 1.436980e+05 1.403144e+05 1.379284e+05 1.359860e+05 1.328536e+05 1.306264e+05 1.293881e+05 1.291725e+05 1.299800e+05 1.318249e+05
2.454420e+05 2.454420e+05 2.454420e+05 2.454420e+05 2.454419e+05 2.454411e+05 2.454386e+05 2.454278e+05 2.454192e+05 2.454080e+05 2.453630e+05 2.451467e+05 2.442183e+05 2.414873e+05 2.356592e+05 2.261604e+05 2.138924e+05 1.641008e+05 1.479623e+05 1.419017e+05 1.386292e+05 1.363493e+05 1.345115e+05 1.315784e+05 1.295353e+05 1.284775e+05 1.284526e+05 1.294648e+05 1.315228e+05
2.420385e+05 2.420385e+05 2.420385e+05 2.420385e+05 2.420385e+05 2.420376e+05 2.420350e+05 2.420242e+05 2.420159e+05 2.420054e+05 2.419630e+05 2.417532e+05 2.408428e+05 2.381569e+05 2.324192e+05 2.230641e+05 2.109792e+05 1.619297e+05 1.460567e+05 1.401311e+05 1.369663e+05 1.347893e+05 1.330536e+05 1.303179e+05 1.284595e+05 1.275831e+05 1.277490e+05 1.289655e+05 1.312365e+05
2.386764e+05 2.386764e+05 2.386764e+05 2.386764e+05 2.386763e+05 2.386755e+05 2.386729e+05 2.386621e+05 2.386540e+05 2.386439e+05 2.386035e+05 2.383993e+05 2.375059e+05 2.348639e+05 2.292156e+05 2.200031e+05 2.081005e+05 1.597920e+05 1.441831e+05 1.383897e+05 1.353292e+05 1.332519e+05 1.316158e+05 1.290750e+05 1.274014e+05 1.267072e+05 1.270639e+05 1.284842e+05 1.309678e+05
2.353520e+05 2.353520e+05 2.353520e+05 2.353520e+05 2.353520e+05 2.353513e+05 2.353491e+05 2.353400e+05 2.353331e+05 2.353242e+05 2.352870e+05 2.350888e+05 2.342122e+05 2.316135e+05 2.260536e+05 2.169825e+05 2.052611e+05 1.576912e+05 1.423446e+05 1.366806e+05 1.337210e+05 1.317402e+05 1.302010e+05 1.278525e+05 1.263636e+05 1.258521e+05 1.263994e+05 1.280229e+05 1.307185e+05
2.320754e+05 2.320754e+05 2.320754e+05 2.320754e+05 2.320754e+05 2.320749e+05 2.320733e+05 2.320661e+05 2.320604e+05 2.320530e+05 2.320189e+05 2.318265e+05 2.309662e+05 2.284100e+05 2.229373e+05 2.140064e+05 2.024649e+05 1.556303e+05 1.405437e+05 1.350062e+05 1.321445e+05 1.302570e+05 1.288120e+05 1.266529e+05 1.253484e+05 1.250198e+05 1.257577e+05 1.275835e+05 1.304904e+05
2.288584e+05 2.288584e+05 2.288584e+05 2.288584e+05 2.288584e+05 2.288578e+05 2.288562e+05 2.288493e+05 2.288439e+05 2.288370e+05 2.288047e+05 2.286169e+05 2.277717e+05 2.252568e+05 2.198700e+05 2.110778e+05 1.997150e+05 1.536115e+05 1.387825e+05 1.333688e+05 1.306018e+05 1.288047e+05 1.274514e+05 1.254787e+05 1.243580e+05 1.242126e+05 1.251407e+05 1.271681e+05 1.302852e+05
2.256980e+05 2.256980e+05 2.256980e+05 2.256980e+05 2.256980e+05 2.256975e+05 2.256959e+05 2.256892e+05 2.256839e+05 2.256771e+05 2.256457e+05 2.254614e+05 2.246302e+05 2.221555e+05 2.168535e+05 2.081989e+05 1.970135e+05 1.516368e+05 1.370627e+05 1.317702e+05 1.290950e+05 1.273854e+05 1.261214e+05 1.243321e+05 1.233945e+05 1.234323e+05 1.245503e+05 1.267784e+05 1.301047e+05
2.225926e+05 2.225926e+05 2.225926e+05 2.225926e+05 2.225926e+05 2.225921e+05 2.225905e+05 2.225837e+05 2.225785e+05 2.225716e+05 2.225405e+05 2.223592e+05 2.215415e+05 2.191063e+05 2.138884e+05 2.053706e+05 1.943617e+05 1.497075e+05 1.353857e+05 1.302119e+05 1.276260e+05 1.260012e+05 1.248241e+05 1.232152e+05 1.224599e+05 1.226809e+05 1.239885e+05 1.264162e+05 1.299504e+05
2.195391e+05 2.195391e+05 2.195391e+05 2.195391e+05 2.195391e+05 2.195385e+05 2.195368e+05 2.195297e+05 2.195243e+05 2.195174e+05 2.194864e+05 2.193081e+05 2.185041e+05 2.161086e+05 2.109748e+05 2.025934e+05 1.917605e+05 1.478246e+05 1.337526e+05 1.286952e+05 1.261961e+05 1.246538e+05 1.235614e+05 1.221300e+05 1.215561e+05 1.219602e+05 1.234570e+05 1.260833e+05 1.298240e+05
