7.975490e+07 4.858093e+07 3.851195e+07 2.161004e+07 1.717605e+07 1.079771e+07 9.293384e+06 8.463689e+06 8.330235e+06 8.258156e+06 8.181439e+06 8.110390e+06 8.010218e+06 7.880383e+06 7.731852e+06 7.576371e+06 7.422663e+06 6.787972e+06 6.346773e+06 5.973838e+06 5.596513e+06 5.203625e+06 4.821002e+06 4.213743e+06 3.918981e+06 3.937376e+06 4.225010e+06 4.734418e+06 5.418957e+06
1.057374e+07 1.057380e+07 1.057387e+07 1.056678e+07 1.051008e+07 9.682569e+06 8.926599e+06 8.373493e+06 8.277462e+06 8.225472e+06 8.166900e+06 8.101846e+06 8.003094e+06 7.873023e+06 7.723858e+06 7.567852e+06 7.413882e+06 6.780619e+06 6.341595e+06 5.970107e+06 5.593670e+06 5.201383e+06 4.819256e+06 4.212968e+06 3.919262e+06 3.938794e+06 4.227618e+06 4.738226e+06 5.423921e+06
9.042134e+06 9.042156e+06 9.042213e+06 9.042771e+06 9.039943e+06 8.905226e+06 8.555104e+06 8.269873e+06 8.217768e+06 8.188883e+06 8.150598e+06 8.092012e+06 7.994753e+06 7.864464e+06 7.714717e+06 7.558277e+06 7.404156e+06 6.772815e+06 6.336194e+06 5.966248e+06 5.590742e+06 5.199083e+06 4.817468e+06 4.212176e+06 3.919546e+06 3.940229e+06 4.230253e+06 4.742070e+06 5.428927e+06
8.433542e+06 8.433557e+06 8.433601e+06 8.434508e+06 8.435878e+06 8.368651e+06 8.371116e+06 8.167559e+06 8.154930e+06 8.149424e+06 8.132443e+06 8.080666e+06 7.984979e+06 7.854529e+06 7.704292e+06 7.547542e+06 7.393409e+06 6.764545e+06 6.330566e+06 5.962259e+06 5.587729e+06 5.196724e+06 4.815640e+06 4.211370e+06 3.919833e+06 3.941680e+06 4.232915e+06 4.745948e+06 5.433973e+06
8.167116e+06 8.167126e+06 8.167156e+06 8.167887e+06 8.169508e+06 8.143760e+06 8.191852e+06 8.110935e+06 8.100135e+06 8.110356e+06 8.112569e+06 8.067574e+06 7.973529e+06 7.843017e+06 7.692430e+06 7.535536e+06 7.381561e+06 6.755794e+06 6.324708e+06 5.958138e+06 5.584630e+06 5.194304e+06 4.813769e+06 4.210547e+06 3.920122e+06 3.943148e+06 4.235604e+06 4.749862e+06 5.439061e+06
8.056586e+06 8.056593e+06 8.056614e+06 8.057160e+06 8.058488e+06 8.054659e+06 8.063271e+06 8.115307e+06 8.081503e+06 8.080509e+06 8.092006e+06 8.052676e+06 7.960185e+06 7.829726e+06 7.678974e+06 7.522143e+06 7.368530e+06 6.746547e+06 6.318613e+06 5.953882e+06 5.581442e+06 5.191822e+06 4.811856e+06 4.209709e+06 3.920415e+06 3.944632e+06 4.238321e+06 4.753812e+06 5.444190e+06
8.020134e+06 8.020139e+06 8.020154e+06 8.020553e+06 8.021570e+06 8.025761e+06 8.009009e+06 8.125187e+06 8.101656e+06 8.078912e+06 8.073554e+06 8.036338e+06 7.944848e+06 7.814490e+06 7.663779e+06 7.507254e+06 7.354239e+06 6.736788e+06 6.312279e+06 5.949488e+06 5.578165e+06 5.189279e+06 4.809899e+06 4.208855e+06 3.920710e+06 3.946134e+06 4.241066e+06 4.757798e+06 5.449362e+06
8.018415e+06 8.018419e+06 8.018430e+06 8.018727e+06 8.019505e+06 8.025848e+06 8.003098e+06 8.119988e+06 8.127379e+06 8.103333e+06 8.062881e+06 8.019657e+06 7.927649e+06 7.797227e+06 7.646736e+06 7.490776e+06 7.338616e+06 6.726505e+06 6.305701e+06 5.944956e+06 5.574797e+06 5.186672e+06 4.807899e+06 4.207985e+06 3.921009e+06 3.947653e+06 4.243838e+06 4.761821e+06 5.454576e+06
8.032148e+06 8.032150e+06 8.032159e+06 8.032390e+06 8.032995e+06 8.039472e+06 8.019777e+06 8.104947e+06 8.142335e+06 8.132581e+06 8.069672e+06 8.004768e+06 7.909073e+06 7.777991e+06 7.627794e+06 7.472648e+06 7.321610e+06 6.715688e+06 6.298874e+06 5.940282e+06 5.571337e+06 5.184002e+06 4.805855e+06 4.207098e+06 3.921310e+06 3.949189e+06 4.246639e+06 4.765879e+06 5.459832e+06
8.051907e+06 8.051909e+06 8.051916e+06 8.052100e+06 8.052587e+06 8.058670e+06 8.044430e+06 8.091025e+06 8.144463e+06 8.154677e+06 8.089052e+06 7.995457e+06 7.890072e+06 7.757032e+06 7.606995e+06 7.452850e+06 7.303191e+06 6.704326e+06 6.291797e+06 5.935465e+06 5.567783e+06 5.181267e+06 4.803766e+06 4.206195e+06 3.921615e+06 3.950743e+06 4.249469e+06 4.769975e+06 5.465131e+06
8.073449e+06 8.073451e+06 8.073456e+06 8.073602e+06 8.073992e+06 8.079519e+06 8.070418e+06 8.084682e+06 8.138966e+06 8.165475e+06 8.111017e+06 7.996798e+06 7.872237e+06 7.734847e+06 7.584496e+06 7.431426e+06 7.283365e+06 6.692414e+06 6.284466e+06 5.930502e+06 5.564134e+06 5.178465e+06 4.801632e+06 4.205276e+06 3.921923e+06 3.952314e+06 4.252327e+06 4.774107e+06 5.470473e+06
8.172242e+06 8.172243e+06 8.172245e+06 8.172318e+06 8.172523e+06 8.176569e+06 8.179967e+06 8.146635e+06 8.131586e+06 8.130436e+06 8.112266e+06 8.005291e+06 7.832176e+06 7.642909e+06 7.464822e+06 7.307752e+06 7.166839e+06 6.624741e+06 6.243946e+06 5.903450e+06 5.544415e+06 5.163440e+06 4.790259e+06 4.200424e+06 3.923514e+06 3.960443e+06 4.267055e+06 4.795333e+06 5.497835e+06
8.275151e+06 8.275152e+06 8.275154e+06 8.275204e+06 8.275346e+06 8.271104e+06 8.246497e+06 8.151714e+06 8.088318e+06 8.027130e+06 7.930349e+06 7.837201e+06 7.707167e+06 7.542517e+06 7.367178e+06 7.200575e+06 7.051774e+06 6.545896e+06 6.197177e+06 5.872577e+06 5.522140e+06 5.146640e+06 4.777670e+06 4.195137e+06 3.925196e+06 3.969038e+06 4.282532e+06 4.817518e+06 5.526307e+06
7.897742e+06 7.897742e+06 7.897742e+06 7.897737e+06 7.897715e+06 7.896274e+06 7.888663e+06 7.839163e+06 7.795810e+06 7.744105e+06 7.638055e+06 7.545398e+06 7.453816e+06 7.346083e+06 7.220418e+06 7.086340e+06 6.954638e+06 6.464210e+06 6.145312e+06 5.837976e+06 5.497231e+06 5.127983e+06 4.763806e+06 4.189401e+06 3.926978e+06 3.978123e+06 4.298785e+06 4.840694e+06 5.555920e+06
7.442750e+06 7.442750e+06 7.442750e+06 7.442753e+06 7.442758e+06 7.442535e+06 7.440473e+06 7.423885e+06 7.405815e+06 7.379871e+06 7.310386e+06 7.235605e+06 7.166390e+06 7.097683e+06 7.021096e+06 6.933750e+06 6.838614e+06 6.397023e+06 6.091111e+06 5.800155e+06 5.469742e+06 5.107436e+06 4.748631e+06 4.183206e+06 3.928870e+06 3.987717e+06 4.315843e+06 4.864891e+06 5.586703e+06
7.082641e+06 7.082641e+06 7.082641e+06 7.082646e+06 7.082659e+06 7.082840e+06 7.082586e+06 7.076852e+06 7.069319e+06 7.057117e+06 7.017153e+06 6.963858e+06 6.910090e+06 6.860897e+06 6.812934e+06 6.760652e+06 6.700885e+06 6.344811e+06 6.039601e+06 5.760225e+06 5.439931e+06 5.085045e+06 4.732142e+06 4.176553e+06 3.930887e+06 3.997844e+06 4.333732e+06 4.890137e+06 5.618686e+06
6.810061e+06 6.810062e+06 6.810062e+06 6.810068e+06 6.810086e+06 6.810454e+06 6.811028e+06 6.810172e+06 6.807451e+06 6.802088e+06 6.780404e+06 6.744820e+06 6.703414e+06 6.664048e+06 6.628730e+06 6.594689e+06 6.557829e+06 6.293181e+06 5.998724e+06 5.720091e+06 5.408337e+06 5.060968e+06 4.714388e+06 4.169453e+06 3.933046e+06 4.008529e+06 4.352481e+06 4.916464e+06 5.651899e+06
6.608573e+06 6.608573e+06 6.608573e+06 6.608579e+06 6.608597e+06 6.609011e+06 6.609904e+06 6.611338e+06 6.611010e+06 6.609185e+06 6.598110e+06 6.574921e+06 6.543066e+06 6.509368e+06 6.478509e+06 6.451089e+06 6.424830e+06 6.234902e+06 5.965408e+06 5.682838e+06 5.375848e+06 5.035511e+06 4.695482e+06 4.161935e+06 3.935370e+06 4.019796e+06 4.372119e+06 4.943902e+06 5.686373e+06
6.462227e+06 6.462227e+06 6.462228e+06 6.462233e+06 6.462250e+06 6.462689e+06 6.463766e+06 6.466468e+06 6.467393e+06 6.467339e+06 6.461607e+06 6.445341e+06 6.419402e+06 6.388781e+06 6.358728e+06 6.331991e+06 6.308446e+06 6.168335e+06 5.932860e+06 5.652422e+06 5.343799e+06 5.009152e+06 4.675619e+06 4.154048e+06 3.937888e+06 4.031675e+06 4.392677e+06 4.972481e+06 5.722136e+06
6.359716e+06 6.359716e+06 6.359716e+06 6.359722e+06 6.359738e+06 6.360185e+06 6.361352e+06 6.364486e+06 6.365522e+06 6.365467e+06 6.359967e+06 6.345011e+06 6.320894e+06 6.291167e+06 6.260475e+06 6.232270e+06 6.207830e+06 6.095385e+06 5.896898e+06 5.625868e+06 5.314304e+06 4.982583e+06 4.655090e+06 4.145870e+06 3.940638e+06 4.044198e+06 4.414185e+06 5.002232e+06 5.759219e+06
6.292760e+06 6.292760e+06 6.292760e+06 6.292766e+06 6.292782e+06 6.293224e+06 6.294024e+06 6.293274e+06 6.291270e+06 6.288035e+06 6.277099e+06 6.259135e+06 6.234268e+06 6.204660e+06 6.173653e+06 6.144329e+06 6.118480e+06 6.019183e+06 5.855380e+06 5.599802e+06 5.289242e+06 4.956772e+06 4.634297e+06 4.137506e+06 3.943669e+06 4.057399e+06 4.436676e+06 5.033188e+06 5.797651e+06
6.228512e+06 6.228512e+06 6.228512e+06 6.228506e+06 6.228489e+06 6.227817e+06 6.225344e+06 6.216686e+06 6.211215e+06 6.205043e+06 6.190071e+06 6.170714e+06 6.146703e+06 6.119050e+06 6.089822e+06 6.061362e+06 6.035466e+06 5.942569e+06 5.807941e+06 5.571955e+06 5.266415e+06 4.933247e+06 4.613778e+06 4.129098e+06 3.947042e+06 4.071320e+06 4.460185e+06 5.065380e+06 5.837464e+06
6.108899e+06 6.108899e+06 6.108899e+06 6.108897e+06 6.108893e+06 6.108736e+06 6.108111e+06 6.104632e+06 6.101532e+06 6.097482e+06 6.086445e+06 6.071315e+06 6.052122e+06 6.029469e+06 6.004667e+06 5.979457e+06 5.955479e+06 5.867571e+06 5.755480e+06 5.540906e+06 5.244013e+06 4.912734e+06 4.594256e+06 4.120826e+06 3.950830e+06 4.086007e+06 4.484750e+06 5.098844e+06 5.878687e+06
5.984550e+06 5.984550e+06 5.984550e+06 5.984551e+06 5.984553e+06 5.984565e+06 5.984467e+06 5.983497e+06 5.982390e+06 5.980701e+06 5.975144e+06 5.966172e+06 5.953514e+06 5.937357e+06 5.918449e+06 5.898015e+06 5.877444e+06 5.795453e+06 5.699550e+06 5.506029e+06 5.220735e+06 4.893758e+06 4.576856e+06 4.112913e+06 3.955125e+06 4.101512e+06 4.510412e+06 5.133613e+06 5.921352e+06
5.870102e+06 5.870102e+06 5.870102e+06 5.870103e+06 5.870107e+06 5.870208e+06 5.870433e+06 5.870863e+06 5.870877e+06 5.870613e+06 5.868796e+06 5.864603e+06 5.857463e+06 5.847157e+06 5.833925e+06 5.818488e+06 5.801876e+06 5.726925e+06 5.641851e+06 5.467358e+06 5.195674e+06 4.875272e+06 4.561699e+06 4.105636e+06 3.960033e+06 4.117897e+06 4.537215e+06 5.169725e+06 5.965490e+06
5.771799e+06 5.771799e+06 5.771799e+06 5.771801e+06 5.771806e+06 5.771953e+06 5.772338e+06 5.773439e+06 5.773945e+06 5.774283e+06 5.774151e+06 5.772486e+06 5.768772e+06 5.762591e+06 5.753803e+06 5.742662e+06 5.729784e+06 5.662318e+06 5.583896e+06 5.425406e+06 5.168294e+06 4.856496e+06 4.547830e+06 4.099338e+06 3.965681e+06 4.135231e+06 4.565208e+06 5.207220e+06 6.011136e+06
5.690981e+06 5.690981e+06 5.690981e+06 5.690983e+06 5.690989e+06 5.691159e+06 5.691542e+06 5.692225e+06 5.692390e+06 5.692408e+06 5.692003e+06 5.690911e+06 5.688773e+06 5.685075e+06 5.679392e+06 5.671588e+06 5.661876e+06 5.601691e+06 5.526849e+06 5.380950e+06 5.138393e+06 4.836845e+06 4.534614e+06 4.094483e+06 3.972220e+06 4.153593e+06 4.594445e+06 5.246140e+06 6.058324e+06
5.622201e+06 5.622201e+06 5.622201e+06 5.622200e+06 5.622199e+06 5.622130e+06 5.621853e+06 5.620884e+06 5.620294e+06 5.619678e+06 5.618490e+06 5.617404e+06 5.616122e+06 5.614070e+06 5.610643e+06 5.605431e+06 5.598334e+06 5.544900e+06 5.471495e+06 5.334851e+06 5.106050e+06 4.815924e+06 4.521562e+06 4.091675e+06 3.979823e+06 4.173073e+06 4.624984e+06 5.286528e+06 6.107088e+06
5.551040e+06 5.551040e+06 5.551040e+06 5.551040e+06 5.551041e+06 5.551046e+06 5.551036e+06 5.550773e+06 5.550493e+06 5.550155e+06 5.549533e+06 5.549209e+06 5.549042e+06 5.548514e+06 5.546984e+06 5.543914e+06 5.539007e+06 5.491654e+06 5.418269e+06 5.287920e+06 5.071547e+06 4.793515e+06 4.508294e+06 4.090625e+06 3.988700e+06 4.193772e+06 4.656891e+06 5.328433e+06 6.157467e+06
5.483557e+06 5.483557e+06 5.483557e+06 5.483558e+06 5.483560e+06 5.483626e+06 5.483792e+06 5.484232e+06 5.484431e+06 5.484610e+06 5.485065e+06 5.485879e+06 5.486976e+06 5.487898e+06 5.488013e+06 5.486728e+06 5.483638e+06 5.441562e+06 5.367322e+06 5.240838e+06 5.035293e+06 4.769561e+06 4.494532e+06 4.090943e+06 3.999107e+06 4.215807e+06 4.690238e+06 5.371907e+06 6.209500e+06
5.423865e+06 5.423865e+06 5.423865e+06 5.423866e+06 5.423870e+06 5.423966e+06 5.424226e+06 5.424958e+06 5.425329e+06 5.425700e+06 5.426636e+06 5.428116e+06 5.430094e+06 5.432105e+06 5.433484e+06 5.433584e+06 5.431916e+06 5.394161e+06 5.318593e+06 5.194126e+06 4.997750e+06 4.744139e+06 4.480100e+06 4.092360e+06 4.011416e+06 4.239308e+06 4.725105e+06 5.417006e+06 6.263230e+06
5.373118e+06 5.373118e+06 5.373118e+06 5.373118e+06 5.373119e+06 5.373143e+06 5.373198e+06 5.373354e+06 5.373434e+06 5.373551e+06 5.374181e+06 5.375702e+06 5.378063e+06 5.380729e+06 5.382959e+06 5.384035e+06 5.383396e+06 5.348941e+06 5.271874e+06 5.148142e+06 4.959385e+06 4.717428e+06 4.464911e+06 4.094664e+06 4.025873e+06 4.264429e+06 4.761580e+06 5.463792e+06 6.318701e+06
5.325922e+06 5.325922e+06 5.325922e+06 5.325922e+06 5.325922e+06 5.325918e+06 5.325879e+06 5.325659e+06 5.325508e+06 5.325407e+06 5.325739e+06 5.327229e+06 5.329818e+06 5.332911e+06 5.335701e+06 5.337421e+06 5.337470e+06 5.305364e+06 5.226871e+06 5.103102e+06 4.920626e+06 4.689675e+06 4.448965e+06 4.097679e+06 4.042214e+06 4.291349e+06 4.799764e+06 5.512330e+06 6.375960e+06
5.279182e+06 5.279182e+06 5.279182e+06 5.279183e+06 5.279184e+06 5.279199e+06 5.279213e+06 5.279163e+06 5.279108e+06 5.279102e+06 5.279642e+06 5.281394e+06 5.284299e+06 5.287736e+06 5.290890e+06 5.292993e+06 5.293446e+06 5.262895e+06 5.183256e+06 5.059116e+06 4.881846e+06 4.661166e+06 4.432332e+06 4.101266e+06 4.060257e+06 4.320295e+06 4.839766e+06 5.562693e+06 6.435059e+06
5.234186e+06 5.234186e+06 5.234186e+06 5.234186e+06 5.234188e+06 5.234230e+06 5.234335e+06 5.234581e+06 5.234702e+06 5.234877e+06 5.235770e+06 5.237822e+06 5.240953e+06 5.244550e+06 5.247824e+06 5.250046e+06 5.250648e+06 5.221041e+06 5.140703e+06 5.016210e+06 4.843356e+06 4.632203e+06 4.415135e+06 4.105322e+06 4.079870e+06 4.351593e+06 4.881711e+06 5.614961e+06 6.496052e+06
5.192905e+06 5.192905e+06 5.192905e+06 5.192906e+06 5.192907e+06 5.192938e+06 5.193021e+06 5.193271e+06 5.193420e+06 5.193626e+06 5.194534e+06 5.196502e+06 5.199457e+06 5.202830e+06 5.205883e+06 5.207935e+06 5.208446e+06 5.179383e+06 5.098926e+06 4.974367e+06 4.805401e+06 4.603078e+06 4.397541e+06 4.109775e+06 4.100943e+06 4.385261e+06 4.925743e+06 5.669221e+06 6.559000e+06
5.154832e+06 5.154832e+06 5.154832e+06 5.154832e+06 5.154834e+06 5.154875e+06 5.154976e+06 5.155175e+06 5.155206e+06 5.155226e+06 5.155596e+06 5.156891e+06 5.159140e+06 5.161857e+06 5.164362e+06 5.166002e+06 5.166253e+06 5.137603e+06 5.057697e+06 4.933543e+06 4.768172e+06 4.574066e+06 4.379739e+06 4.114590e+06 4.123384e+06 4.421127e+06 4.972034e+06 5.725569e+06 6.623966e+06
5.119955e+06 5.119955e+06 5.119955e+06 5.119955e+06 5.119953e+06 5.119884e+06 5.119702e+06 5.119015e+06 5.118512e+06 5.117975e+06 5.117223e+06 5.117437e+06 5.118702e+06 5.120580e+06 5.122419e+06 5.123582e+06 5.123541e+06 5.095504e+06 5.016859e+06 4.893692e+06 4.731815e+06 4.545413e+06 4.361931e+06 4.119759e+06 4.147117e+06 4.459094e+06 5.020811e+06 5.784112e+06 6.691019e+06
5.081607e+06 5.081607e+06 5.081607e+06 5.081606e+06 5.081602e+06 5.081473e+06 5.081079e+06 5.079714e+06 5.078843e+06 5.077946e+06 5.076493e+06 5.076022e+06 5.076635e+06 5.077934e+06 5.079310e+06 5.080154e+06 5.079950e+06 5.053017e+06 4.976329e+06 4.854775e+06 4.696435e+06 4.517334e+06 4.344318e+06 4.125304e+06 4.172079e+06 4.499085e+06 5.072332e+06 5.844972e+06 6.760236e+06
5.034991e+06 5.034991e+06 5.034991e+06 5.034991e+06 5.034990e+06 5.034959e+06 5.034837e+06 5.034169e+06 5.033623e+06 5.033006e+06 5.031947e+06 5.031645e+06 5.032257e+06 5.033469e+06 5.034754e+06 5.035558e+06 5.035404e+06 5.010196e+06 4.936093e+06 4.816764e+06 4.662112e+06 4.490011e+06 4.327096e+06 4.131270e+06 4.198223e+06 4.541039e+06 5.126494e+06 5.908290e+06 6.831698e+06
4.986338e+06 4.986338e+06 4.986338e+06 4.986338e+06 4.986338e+06 4.986325e+06 4.986273e+06 4.985995e+06 4.985744e+06 4.985448e+06 4.985006e+06 4.985192e+06 4.986141e+06 4.987585e+06 4.989053e+06 4.990049e+06 4.990131e+06 4.967196e+06 4.896189e+06 4.779650e+06 4.628899e+06 4.463594e+06 4.310445e+06 4.137722e+06 4.225515e+06 4.584903e+06 5.183195e+06 5.974236e+06 6.905498e+06
4.938340e+06 4.938340e+06 4.938340e+06 4.938340e+06 4.938340e+06 4.938345e+06 4.938338e+06 4.938174e+06 4.937999e+06 4.937803e+06 4.937622e+06 4.938110e+06 4.939356e+06 4.941083e+06 4.942832e+06 4.944128e+06 4.944551e+06 4.924239e+06 4.856697e+06 4.743434e+06 4.596836e+06 4.438205e+06 4.294529e+06 4.144740e+06 4.253936e+06 4.630631e+06 5.242374e+06 6.043056e+06 6.981738e+06
4.891726e+06 4.891726e+06 4.891726e+06 4.891725e+06 4.891724e+06 4.891694e+06 4.891593e+06 4.891230e+06 4.890992e+06 4.890764e+06 4.890615e+06 4.891233e+06 4.892679e+06 4.894652e+06 4.896689e+06 4.898315e+06 4.899117e+06 4.881569e+06 4.817715e+06 4.708128e+06 4.565948e+06 4.413937e+06 4.279492e+06 4.152415e+06 4.283483e+06 4.678184e+06 5.303983e+06 6.114871e+06 7.060533e+06
4.844683e+06 4.844683e+06 4.844683e+06 4.844683e+06 4.844682e+06 4.844674e+06 4.844636e+06 4.844426e+06 4.844259e+06 4.844100e+06 4.844094e+06 4.844883e+06 4.846536e+06 4.848755e+06 4.851080e+06 4.853038e+06 4.854222e+06 4.839423e+06 4.779350e+06 4.673749e+06 4.536248e+06 4.390864e+06 4.265458e+06 4.160845e+06 4.314163e+06 4.727533e+06 5.367982e+06 6.189559e+06 7.142021e+06
4.798474e+06 4.798474e+06 4.798474e+06 4.798474e+06 4.798474e+06 4.798473e+06 4.798460e+06 4.798357e+06 4.798267e+06 4.798196e+06 4.798383e+06 4.799382e+06 4.801265e+06 4.803740e+06 4.806350e+06 4.808632e+06 4.810181e+06 4.798002e+06 4.741697e+06 4.640312e+06 4.507742e+06 4.369036e+06 4.252531e+06 4.170132e+06 4.345999e+06 4.778652e+06 5.434337e+06 6.267051e+06 7.226373e+06
4.753720e+06 4.753720e+06 4.753720e+06 4.753720e+06 4.753721e+06 4.753721e+06 4.753713e+06 4.753648e+06 4.753598e+06 4.753581e+06 4.753914e+06 4.755096e+06 4.757189e+06 4.759899e+06 4.762772e+06 4.765348e+06 4.767229e+06 4.757465e+06 4.704838e+06 4.607829e+06 4.480428e+06 4.348491e+06 4.240798e+06 4.180378e+06 4.379022e+06 4.831527e+06 5.503017e+06 6.347300e+06 7.313829e+06
4.710492e+06 4.710492e+06 4.710492e+06 4.710492e+06 4.710492e+06 4.710499e+06 4.710511e+06 4.710506e+06 4.710494e+06 4.710521e+06 4.710963e+06 4.712283e+06 4.714543e+06 4.717444e+06 4.720535e+06 4.723357e+06 4.725521e+06 4.717915e+06 4.668828e+06 4.576307e+06 4.454295e+06 4.329248e+06 4.230328e+06 4.191682e+06 4.413275e+06 4.886148e+06 5.573995e+06 6.430268e+06 7.404366e+06
4.669109e+06 4.669109e+06 4.669109e+06 4.669109e+06 4.669109e+06 4.669114e+06 4.669122e+06 4.669124e+06 4.669124e+06 4.669170e+06 4.669670e+06 4.671075e+06 4.673445e+06 4.676481e+06 4.679730e+06 4.682741e+06 4.685129e+06 4.679402e+06 4.633698e+06 4.545742e+06 4.429328e+06 4.311319e+06 4.221176e+06 4.204141e+06 4.448810e+06 4.942517e+06 5.647249e+06 6.515922e+06 7.497880e+06
4.629439e+06 4.629439e+06 4.629439e+06 4.629439e+06 4.629439e+06 4.629444e+06 4.629452e+06 4.629454e+06 4.629458e+06 4.629510e+06 4.630031e+06 4.631473e+06 4.633896e+06 4.637003e+06 4.640349e+06 4.643485e+06 4.646035e+06 4.641924e+06 4.599455e+06 4.516125e+06 4.405508e+06 4.294704e+06 4.213383e+06 4.217845e+06 4.485683e+06 5.000639e+06 5.722759e+06 6.604232e+06 7.594312e+06
4.591355e+06 4.591355e+06 4.591355e+06 4.591355e+06 4.591355e+06 4.591360e+06 4.591369e+06 4.591380e+06 4.591385e+06 4.591435e+06 4.591943e+06 4.593367e+06 4.595780e+06 4.598894e+06 4.602273e+06 4.605477e+06 4.608138e+06 4.605429e+06 4.566082e+06 4.487436e+06 4.382812e+06 4.279399e+06 4.206980e+06 4.232879e+06 4.523958e+06 5.060532e+06 5.800512e+06 6.695170e+06 7.693617e+06
4.554815e+06 4.554815e+06 4.554815e+06 4.554815e+06 4.554815e+06 4.554820e+06 4.554828e+06 4.554805e+06 4.554777e+06 4.554785e+06 4.555196e+06 4.556522e+06 4.558854e+06 4.561917e+06 4.565281e+06 4.568514e+06 4.571251e+06 4.569829e+06 4.533543e+06 4.459652e+06 4.361215e+06 4.265393e+06 4.201989e+06 4.249322e+06 4.563702e+06 5.122216e+06 5.880496e+06 6.788710e+06 7.795753e+06
4.519534e+06 4.519534e+06 4.519534e+06 4.519534e+06 4.519534e+06 4.519523e+06 4.519484e+06 4.519320e+06 4.519208e+06 4.519126e+06 4.519356e+06 4.520522e+06 4.522731e+06 4.525719e+06 4.529057e+06 4.532316e+06 4.535131e+06 4.535009e+06 4.501790e+06 4.432745e+06 4.340690e+06 4.252672e+06 4.198427e+06 4.267246e+06 4.604986e+06 5.185722e+06 5.962706e+06 6.884829e+06 7.900684e+06
4.484411e+06 4.484411e+06 4.484411e+06 4.484411e+06 4.484410e+06 4.484391e+06 4.484328e+06 4.484069e+06 4.483886e+06 4.483725e+06 4.483791e+06 4.484816e+06 4.486932e+06 4.489882e+06 4.493238e+06 4.496566e+06 4.499504e+06 4.500840e+06 4.470771e+06 4.406686e+06 4.321213e+06 4.241223e+06 4.196301e+06 4.286717e+06 4.647880e+06 5.251084e+06 6.047141e+06 6.983503e+06 8.008374e+06
4.448800e+06 4.448800e+06 4.448800e+06 4.448800e+06 4.448799e+06 4.448778e+06 4.448704e+06 4.448390e+06 4.448165e+06 4.447955e+06 4.447926e+06 4.448890e+06 4.451003e+06 4.454010e+06 4.457477e+06 4.460965e+06 4.464109e+06 4.467199e+06 4.440430e+06 4.381447e+06 4.302762e+06 4.231030e+06 4.195619e+06 4.307794e+06 4.692459e+06 5.318345e+06 6.133805e+06 7.084712e+06 8.118790e+06
4.412370e+06 4.412370e+06 4.412370e+06 4.412370e+06 4.412369e+06 4.412344e+06 4.412261e+06 4.411916e+06 4.411671e+06 4.411441e+06 4.411390e+06 4.412392e+06 4.414616e+06 4.417802e+06 4.421504e+06 4.425272e+06 4.428732e+06 4.433979e+06 4.410720e+06 4.357003e+06 4.285315e+06 4.222078e+06 4.196383e+06 4.330531e+06 4.738793e+06 5.387550e+06 6.222705e+06 7.188438e+06 8.231896e+06
4.374955e+06 4.374955e+06 4.374955e+06 4.374955e+06 4.374954e+06 4.374929e+06 4.374847e+06 4.374498e+06 4.374251e+06 4.374022e+06 4.374011e+06 4.375138e+06 4.377586e+06 4.381081e+06 4.385152e+06 4.389331e+06 4.393231e+06 4.401100e+06 4.381605e+06 4.333336e+06 4.268858e+06 4.214357e+06 4.198596e+06 4.354977e+06 4.786954e+06 5.458750e+06 6.313854e+06 7.294663e+06 8.347658e+06
4.336605e+06 4.336605e+06 4.336605e+06 4.336604e+06 4.336604e+06 4.336579e+06 4.336496e+06 4.336150e+06 4.335907e+06 4.335691e+06 4.335762e+06 4.337086e+06 4.339859e+06 4.343781e+06 4.348350e+06 4.353069e+06 4.357536e+06 4.368514e+06 4.353060e+06 4.310435e+06 4.253379e+06 4.207856e+06 4.202258e+06 4.381178e+06 4.837014e+06 5.531998e+06 6.407270e+06 7.403372e+06 8.466043e+06
4.297378e+06 4.297378e+06 4.297378e+06 4.297377e+06 4.297377e+06 4.297351e+06 4.297269e+06 4.296933e+06 4.296704e+06 4.296513e+06 4.296703e+06 4.298288e+06 4.301472e+06 4.305928e+06 4.311112e+06 4.316493e+06 4.321643e+06 4.336204e+06 4.325077e+06 4.288295e+06 4.238871e+06 4.202567e+06 4.207371e+06 4.409174e+06 4.889040e+06 5.607352e+06 6.502974e+06 7.514555e+06 8.587015e+06
4.257382e+06 4.257382e+06 4.257382e+06 4.257382e+06 4.257381e+06 4.257359e+06 4.257287e+06 4.256984e+06 4.256778e+06 4.256624e+06 4.256966e+06 4.258864e+06 4.262534e+06 4.267616e+06 4.273517e+06 4.279664e+06 4.285602e+06 4.304183e+06 4.297660e+06 4.266919e+06 4.225333e+06 4.198487e+06 4.213937e+06 4.439002e+06 4.943099e+06 5.684871e+06 6.600992e+06 7.628201e+06 8.710540e+06
4.216875e+06 4.216875e+06 4.216875e+06 4.216875e+06 4.216874e+06 4.216855e+06 4.216791e+06 4.216516e+06 4.216336e+06 4.216222e+06 4.216736e+06 4.218986e+06 4.223201e+06 4.228983e+06 4.235685e+06 4.242687e+06 4.249502e+06 4.272489e+06 4.270828e+06 4.246318e+06 4.212768e+06 4.195614e+06 4.221958e+06 4.470697e+06 4.999256e+06 5.764614e+06 6.701351e+06 7.744303e+06 8.836586e+06
4.176066e+06 4.176066e+06 4.176066e+06 4.176066e+06 4.176065e+06 4.176046e+06 4.175985e+06 4.175737e+06 4.175584e+06 4.175514e+06 4.176214e+06 4.178845e+06 4.183650e+06 4.190190e+06 4.197760e+06 4.205688e+06 4.213453e+06 4.241172e+06 4.244606e+06 4.226507e+06 4.201184e+06 4.193950e+06 4.231438e+06 4.504292e+06 5.057574e+06 5.846644e+06 6.804085e+06 7.862856e+06 8.965119e+06
4.135129e+06 4.135129e+06 4.135129e+06 4.135129e+06 4.135129e+06 4.135115e+06 4.135068e+06 4.134864e+06 4.134741e+06 4.134717e+06 4.135608e+06 4.138635e+06 4.144059e+06 4.151399e+06 4.159888e+06 4.168798e+06 4.177572e+06 4.210295e+06 4.219029e+06 4.207507e+06 4.190591e+06 4.193501e+06 4.242384e+06 4.539816e+06 5.118112e+06 5.931023e+06 6.909226e+06 7.983856e+06 9.096106e+06
4.094375e+06 4.094375e+06 4.094375e+06 4.094375e+06 4.094374e+06 4.094361e+06 4.094315e+06 4.094126e+06 4.094020e+06 4.094030e+06 4.095100e+06 4.098525e+06 4.104587e+06 4.112758e+06 4.122205e+06 4.132143e+06 4.141972e+06 4.179923e+06 4.194136e+06 4.189342e+06 4.181004e+06 4.194272e+06 4.254801e+06 4.577300e+06 5.180929e+06 6.017813e+06 7.016813e+06 8.107303e+06 9.229514e+06
4.053852e+06 4.053852e+06 4.053852e+06 4.053852e+06 4.053852e+06 4.053839e+06 4.053795e+06 4.053615e+06 4.053524e+06 4.053566e+06 4.054812e+06 4.058642e+06 4.065359e+06 4.074389e+06 4.084829e+06 4.095831e+06 4.106754e+06 4.150121e+06 4.169967e+06 4.172038e+06 4.172439e+06 4.196274e+06 4.268698e+06 4.616771e+06 5.246081e+06 6.107075e+06 7.126882e+06 8.233199e+06 9.365311e+06
4.013594e+06 4.013594e+06 4.013594e+06 4.013594e+06 4.013593e+06 4.013583e+06 4.013548e+06 4.013396e+06 4.013325e+06 4.013404e+06 4.014835e+06 4.019084e+06 4.026478e+06 4.036393e+06 4.047856e+06 4.059956e+06 4.072007e+06 4.120948e+06 4.146563e+06 4.155625e+06 4.164914e+06 4.199516e+06 4.284084e+06 4.658256e+06 5.313622e+06 6.198871e+06 7.239472e+06 8.361544e+06 9.503465e+06
3.973765e+06 3.973765e+06 3.973765e+06 3.973765e+06 3.973765e+06 3.973755e+06 3.973720e+06 3.973582e+06 3.973529e+06 3.973644e+06 3.975263e+06 3.979942e+06 3.988029e+06 3.998854e+06 4.011369e+06 4.024597e+06 4.037806e+06 4.092462e+06 4.123961e+06 4.140129e+06 4.158449e+06 4.204013e+06 4.300970e+06 4.701782e+06 5.383602e+06 6.293260e+06 7.354625e+06 8.492344e+06 9.643946e+06
3.934418e+06 3.934418e+06 3.934418e+06 3.934418e+06 3.934418e+06 3.934409e+06 3.934381e+06 3.934262e+06 3.934226e+06 3.934374e+06 3.936180e+06 3.941294e+06 3.950090e+06 3.961846e+06 3.975437e+06 3.989820e+06 4.004215e+06 4.064709e+06 4.102200e+06 4.125579e+06 4.153063e+06 4.209777e+06 4.319368e+06 4.747373e+06 5.456073e+06 6.390300e+06 7.472379e+06 8.625603e+06 9.786723e+06
3.895648e+06 3.895648e+06 3.895648e+06 3.895648e+06 3.895648e+06 3.895639e+06 3.895612e+06 3.895502e+06 3.895479e+06 3.895657e+06 3.897647e+06 3.903202e+06 3.912719e+06 3.925425e+06 3.940116e+06 3.955679e+06 3.971285e+06 4.037734e+06 4.081314e+06 4.112002e+06 4.148777e+06 4.216823e+06 4.339289e+06 4.795057e+06 5.531083e+06 6.490048e+06 7.592774e+06 8.761327e+06 9.931765e+06
3.857465e+06 3.857465e+06 3.857465e+06 3.857465e+06 3.857465e+06 3.857458e+06 3.857433e+06 3.857332e+06 3.857321e+06 3.857530e+06 3.859706e+06 3.865710e+06 3.875963e+06 3.889638e+06 3.905452e+06 3.922219e+06 3.939062e+06 4.011575e+06 4.061333e+06 4.099422e+06 4.145611e+06 4.225166e+06 4.360748e+06 4.844857e+06 5.608678e+06 6.592558e+06 7.715850e+06 8.899520e+06 1.007904e+07
3.819884e+06 3.819884e+06 3.819884e+06 3.819884e+06 3.819884e+06 3.819879e+06 3.819859e+06 3.819775e+06 3.819780e+06 3.820023e+06 3.822393e+06 3.828856e+06 3.839862e+06 3.854526e+06 3.871486e+06 3.889481e+06 3.907583e+06 3.986265e+06 4.042286e+06 4.087864e+06 4.143582e+06 4.234820e+06 4.383757e+06 4.896801e+06 5.688902e+06 6.697882e+06 7.841643e+06 9.040189e+06 1.022852e+07
3.782987e+06 3.782987e+06 3.782987e+06 3.782986e+06 3.782986e+06 3.782981e+06 3.782963e+06 3.782890e+06 3.782909e+06 3.783186e+06 3.785752e+06 3.792683e+06 3.804454e+06 3.820128e+06 3.838254e+06 3.857500e+06 3.876885e+06 3.961832e+06 4.024199e+06 4.077350e+06 4.142710e+06 4.245800e+06 4.408332e+06 4.950912e+06 5.771800e+06 6.806071e+06 7.970190e+06 9.183338e+06 1.038017e+07
3.746795e+06 3.746795e+06 3.746795e+06 3.746795e+06 3.746795e+06 3.746791e+06 3.746777e+06 3.746719e+06 3.746753e+06 3.747062e+06 3.749825e+06 3.757229e+06 3.769778e+06 3.786477e+06 3.805790e+06 3.826308e+06 3.846996e+06 3.938304e+06 4.007094e+06 4.067900e+06 4.143013e+06 4.258121e+06 4.434486e+06 5.007216e+06 5.857412e+06 6.917172e+06 8.101524e+06 9.328971e+06 1.053397e+07
3.711367e+06 3.711367e+06 3.711367e+06 3.711367e+06 3.711367e+06 3.711363e+06 3.711350e+06 3.711298e+06 3.711344e+06 3.711684e+06 3.714644e+06 3.722525e+06 3.735864e+06 3.753603e+06 3.774121e+06 3.795931e+06 3.817942e+06 3.915700e+06 3.990991e+06 4.059533e+06 4.144505e+06 4.271797e+06 4.462235e+06 5.065738e+06 5.945780e+06 7.031230e+06 8.235676e+06 9.477089e+06 1.068987e+07
3.676695e+06 3.676695e+06 3.676695e+06 3.676695e+06 3.676695e+06 3.676692e+06 3.676682e+06 3.676643e+06 3.676701e+06 3.677072e+06 3.680229e+06 3.688594e+06 3.702731e+06 3.721526e+06 3.743267e+06 3.766387e+06 3.789741e+06 3.894038e+06 3.975907e+06 4.052265e+06 4.147203e+06 4.286841e+06 4.491592e+06 5.126505e+06 6.036941e+06 7.148286e+06 8.372676e+06 9.627694e+06 1.084785e+07
3.642819e+06 3.642819e+06 3.642819e+06 3.642819e+06 3.642819e+06 3.642817e+06 3.642807e+06 3.642771e+06 3.642839e+06 3.643239e+06 3.646591e+06 3.655444e+06 3.670391e+06 3.690256e+06 3.713238e+06 3.737688e+06 3.762404e+06 3.873330e+06 3.961856e+06 4.046111e+06 4.151119e+06 4.303267e+06 4.522572e+06 5.189541e+06 6.130933e+06 7.268380e+06 8.512547e+06 9.780783e+06 1.100788e+07
3.609715e+06 3.609715e+06 3.609715e+06 3.609715e+06 3.609715e+06 3.609713e+06 3.609705e+06 3.609676e+06 3.609752e+06 3.610180e+06 3.613729e+06 3.623075e+06 3.638842e+06 3.659794e+06 3.684035e+06 3.709835e+06 3.735934e+06 3.853586e+06 3.948852e+06 4.041083e+06 4.156266e+06 4.321087e+06 4.555191e+06 5.254872e+06 6.227793e+06 7.391546e+06 8.655312e+06 9.936351e+06 1.116990e+07
3.577382e+06 3.577382e+06 3.577382e+06 3.577382e+06 3.577382e+06 3.577379e+06 3.577371e+06 3.577344e+06 3.577429e+06 3.577884e+06 3.581631e+06 3.591477e+06 3.608078e+06 3.630134e+06 3.655655e+06 3.682828e+06 3.710332e+06 3.834812e+06 3.936903e+06 4.037193e+06 4.162654e+06 4.340313e+06 4.589461e+06 5.322523e+06 6.327553e+06 7.517818e+06 8.800988e+06 1.009439e+07 1.133389e+07
3.545784e+06 3.545784e+06 3.545784e+06 3.545784e+06 3.545784e+06 3.545782e+06 3.545776e+06 3.545756e+06 3.545851e+06 3.546336e+06 3.550284e+06 3.560639e+06 3.578088e+06 3.601267e+06 3.628091e+06 3.656660e+06 3.685594e+06 3.817012e+06 3.926018e+06 4.034451e+06 4.170294e+06 4.360953e+06 4.625398e+06 5.392520e+06 6.430247e+06 7.647224e+06 8.949588e+06 1.025489e+07 1.149981e+07
3.514936e+06 3.514936e+06 3.514936e+06 3.514936e+06 3.514936e+06 3.514934e+06 3.514928e+06 3.514910e+06 3.515013e+06 3.515527e+06 3.519680e+06 3.530552e+06 3.548864e+06 3.573187e+06 3.601338e+06 3.631328e+06 3.661718e+06 3.800190e+06 3.916204e+06 4.032863e+06 4.179192e+06 4.383018e+06 4.663013e+06 5.464888e+06 6.535906e+06 7.779788e+06 9.101122e+06 1.041784e+07 1.166761e+07
3.484806e+06 3.484806e+06 3.484806e+06 3.484806e+06 3.484806e+06 3.484805e+06 3.484800e+06 3.484789e+06 3.484901e+06 3.485444e+06 3.489806e+06 3.501206e+06 3.520398e+06 3.545888e+06 3.575391e+06 3.606830e+06 3.638703e+06 3.784349e+06 3.907468e+06 4.032438e+06 4.189356e+06 4.406516e+06 4.702320e+06 5.539651e+06 6.644557e+06 7.915532e+06 9.255592e+06 1.058321e+07 1.183725e+07
3.455398e+06 3.455398e+06 3.455398e+06 3.455398e+06 3.455398e+06 3.455397e+06 3.455393e+06 3.455384e+06 3.455506e+06 3.456079e+06 3.460656e+06 3.472596e+06 3.492687e+06 3.519367e+06 3.550248e+06 3.583164e+06 3.616547e+06 3.769492e+06 3.899813e+06 4.033179e+06 4.200789e+06 4.431453e+06 4.743330e+06 5.616833e+06 6.756227e+06 8.054471e+06 9.412997e+06 1.075098e+07 1.200868e+07
3.426687e+06 3.426687e+06 3.426687e+06 3.426687e+06 3.426687e+06 3.426687e+06 3.426686e+06 3.426688e+06 3.426823e+06 3.427430e+06 3.432228e+06 3.444720e+06 3.465729e+06 3.493621e+06 3.525907e+06 3.560328e+06 3.595249e+06 3.755620e+06 3.893245e+06 4.035090e+06 4.213495e+06 4.457834e+06 4.786054e+06 5.696459e+06 6.870942e+06 8.196619e+06 9.573331e+06 1.092112e+07 1.218183e+07
3.398716e+06 3.398716e+06 3.398716e+06 3.398716e+06 3.398716e+06 3.398717e+06 3.398716e+06 3.398724e+06 3.398869e+06 3.399509e+06 3.404529e+06 3.417581e+06 3.439522e+06 3.468650e+06 3.502367e+06 3.538320e+06 3.574808e+06 3.742734e+06 3.887764e+06 4.038172e+06 4.227472e+06 4.485662e+06 4.830502e+06 5.778551e+06 6.988722e+06 8.341983e+06 9.736581e+06 1.109360e+07 1.235667e+07
3.371489e+06 3.371489e+06 3.371489e+06 3.371489e+06 3.371489e+06 3.371489e+06 3.371488e+06 3.371497e+06 3.371648e+06 3.372316e+06 3.377556e+06 3.391173e+06 3.414062e+06 3.444446e+06 3.479621e+06 3.517134e+06 3.555217e+06 3.730833e+06 3.883372e+06 4.042423e+06 4.242720e+06 4.514937e+06 4.876681e+06 5.863130e+06 7.109588e+06 8.490564e+06 9.902729e+06 1.126837e+07 1.253312e+07
3.344963e+06 3.344963e+06 3.344963e+06 3.344963e+06 3.344963e+06 3.344963e+06 3.344961e+06 3.344969e+06 3.345127e+06 3.345823e+06 3.351284e+06 3.365477e+06 3.389330e+06 3.420995e+06 3.457654e+06 3.496758e+06 3.536467e+06 3.719913e+06 3.880067e+06 4.047840e+06 4.259231e+06 4.545658e+06 4.924598e+06 5.950217e+06 7.233554e+06 8.642362e+06 1.007175e+07 1.144540e+07 1.271112e+07
3.319097e+06 3.319097e+06 3.319097e+06 3.319097e+06 3.319097e+06 3.319097e+06 3.319095e+06 3.319104e+06 3.319270e+06 3.319996e+06 3.325685e+06 3.340465e+06 3.365303e+06 3.398275e+06 3.436449e+06 3.477176e+06 3.518544e+06 3.709969e+06 3.877846e+06 4.054414e+06 4.276998e+06 4.577820e+06 4.974256e+06 6.039830e+06 7.360634e+06 8.797366e+06 1.024361e+07 1.162463e+07 1.289060e+07
3.293866e+06 3.293866e+06 3.293866e+06 3.293866e+06 3.293866e+06 3.293866e+06 3.293866e+06 3.293879e+06 3.294053e+06 3.294810e+06 3.300733e+06 3.316114e+06 3.341957e+06 3.376264e+06 3.415987e+06 3.458371e+06 3.501434e+06 3.700998e+06 3.876702e+06 4.062136e+06 4.296006e+06 4.611413e+06 5.025658e+06 6.131987e+06 7.490837e+06 8.955564e+06 1.041827e+07 1.180599e+07 1.307149e+07
3.269267e+06 3.269267e+06 3.269267e+06 3.269267e+06 3.269267e+06 3.269267e+06 3.269267e+06 3.269279e+06 3.269460e+06 3.270248e+06 3.276407e+06 3.292399e+06 3.319270e+06 3.354941e+06 3.396247e+06 3.440326e+06 3.485122e+06 3.692992e+06 3.876628e+06 4.070988e+06 4.316237e+06 4.646427e+06 5.078802e+06 6.226704e+06 7.624168e+06 9.116936e+06 1.059569e+07 1.198943e+07 1.325370e+07
3.245268e+06 3.245268e+06 3.245268e+06 3.245268e+06 3.245268e+06 3.245268e+06 3.245266e+06 3.245277e+06 3.245463e+06 3.246281e+06 3.252680e+06 3.269297e+06 3.297220e+06 3.334288e+06 3.377214e+06 3.423028e+06 3.469597e+06 3.685946e+06 3.877612e+06 4.080951e+06 4.337669e+06 4.682845e+06 5.133685e+06 6.323991e+06 7.760630e+06 9.281455e+06 1.077581e+07 1.217487e+07 1.343715e+07
