7.147563e+04 5.016531e+04 4.194626e+04 2.417392e+04 1.923692e+04 1.570326e+04 1.631442e+04 1.714699e+04 1.740177e+04 1.762105e+04 1.806098e+04 1.857818e+04 1.919044e+04 1.985899e+04 2.047296e+04 2.082743e+04 2.064921e+04 1.117779e+04 4.757376e+03 2.780976e+03 2.113164e+03 1.889701e+03 1.858040e+03 2.058324e+03 2.448474e+03 2.988771e+03 3.707350e+03 4.661437e+03 5.918871e+03
1.521110e+04 1.521139e+04 1.521216e+04 1.522495e+04 1.522436e+04 1.575047e+04 1.644202e+04 1.722235e+04 1.745937e+04 1.766902e+04 1.810464e+04 1.862703e+04 1.924748e+04 1.992414e+04 2.054426e+04 2.090140e+04 2.072123e+04 1.119927e+04 4.758815e+03 2.780256e+03 2.113070e+03 1.890525e+03 1.859691e+03 2.061263e+03 2.452404e+03 2.993636e+03 3.713295e+03 4.668750e+03 5.927935e+03
1.609379e+04 1.609389e+04 1.609416e+04 1.610043e+04 1.611166e+04 1.635905e+04 1.665350e+04 1.728978e+04 1.751224e+04 1.771497e+04 1.815022e+04 1.868015e+04 1.931005e+04 1.999537e+04 2.062167e+04 2.098113e+04 2.079833e+04 1.122167e+04 4.760257e+03 2.779504e+03 2.112975e+03 1.891373e+03 1.861380e+03 2.064252e+03 2.456387e+03 2.998558e+03 3.719299e+03 4.676128e+03 5.937074e+03
1.668955e+04 1.668960e+04 1.668973e+04 1.669299e+04 1.670029e+04 1.671209e+04 1.709499e+04 1.734667e+04 1.755372e+04 1.775435e+04 1.819625e+04 1.873719e+04 1.937820e+04 2.007284e+04 2.070541e+04 2.106681e+04 2.088065e+04 1.124497e+04 4.761698e+03 2.778719e+03 2.112882e+03 1.892246e+03 1.863107e+03 2.067291e+03 2.460424e+03 3.003535e+03 3.725362e+03 4.683572e+03 5.946288e+03
1.712664e+04 1.712666e+04 1.712673e+04 1.712852e+04 1.713273e+04 1.710851e+04 1.732068e+04 1.746245e+04 1.759575e+04 1.778854e+04 1.824206e+04 1.879793e+04 1.945196e+04 2.015670e+04 2.079562e+04 2.115857e+04 2.096830e+04 1.126917e+04 4.763130e+03 2.777900e+03 2.112788e+03 1.893144e+03 1.864874e+03 2.070381e+03 2.464516e+03 3.008569e+03 3.731486e+03 4.691083e+03 5.955577e+03
1.742498e+04 1.742500e+04 1.742504e+04 1.742614e+04 1.742873e+04 1.741340e+04 1.743465e+04 1.766129e+04 1.769352e+04 1.783377e+04 1.828965e+04 1.886275e+04 1.953150e+04 2.024711e+04 2.089244e+04 2.125654e+04 2.106136e+04 1.129427e+04 4.764546e+03 2.777043e+03 2.112695e+03 1.894068e+03 1.866681e+03 2.073522e+03 2.468662e+03 3.013660e+03 3.737670e+03 4.698661e+03 5.964942e+03
1.761582e+04 1.761583e+04 1.761586e+04 1.761656e+04 1.761824e+04 1.761149e+04 1.754338e+04 1.782505e+04 1.785370e+04 1.793230e+04 1.834587e+04 1.893327e+04 1.961738e+04 2.034430e+04 2.099603e+04 2.136080e+04 2.115989e+04 1.132023e+04 4.765937e+03 2.776149e+03 2.112603e+03 1.895018e+03 1.868528e+03 2.076716e+03 2.472863e+03 3.018807e+03 3.743916e+03 4.706306e+03 5.974383e+03
1.772967e+04 1.772967e+04 1.772969e+04 1.773019e+04 1.773141e+04 1.773033e+04 1.764748e+04 1.791729e+04 1.800822e+04 1.808243e+04 1.842505e+04 1.901313e+04 1.971077e+04 2.044876e+04 2.110661e+04 2.147146e+04 2.126394e+04 1.134703e+04 4.767294e+03 2.775215e+03 2.112512e+03 1.895995e+03 1.870417e+03 2.079962e+03 2.477120e+03 3.024013e+03 3.750222e+03 4.714018e+03 5.983900e+03
1.779272e+04 1.779272e+04 1.779274e+04 1.779313e+04 1.779410e+04 1.779728e+04 1.773614e+04 1.796269e+04 1.812798e+04 1.824169e+04 1.855175e+04 1.910877e+04 1.981383e+04 2.056133e+04 2.122454e+04 2.158870e+04 2.137356e+04 1.137464e+04 4.768608e+03 2.774238e+03 2.112422e+03 1.897000e+03 1.872349e+03 2.083262e+03 2.481433e+03 3.029276e+03 3.756590e+03 4.721799e+03 5.993495e+03
1.782374e+04 1.782375e+04 1.782376e+04 1.782408e+04 1.782488e+04 1.783691e+04 1.781442e+04 1.799993e+04 1.821644e+04 1.838839e+04 1.871791e+04 1.923092e+04 1.993000e+04 2.068335e+04 2.135039e+04 2.171274e+04 2.148886e+04 1.140302e+04 4.769866e+03 2.773217e+03 2.112333e+03 1.898034e+03 1.874322e+03 2.086616e+03 2.485802e+03 3.034598e+03 3.763021e+03 4.729647e+03 6.003167e+03
1.785322e+04 1.785323e+04 1.785325e+04 1.785392e+04 1.785584e+04 1.788617e+04 1.789859e+04 1.805634e+04 1.829301e+04 1.851821e+04 1.890359e+04 1.939390e+04 2.006444e+04 2.081684e+04 2.148503e+04 2.184396e+04 2.160995e+04 1.143212e+04 4.771058e+03 2.772149e+03 2.112245e+03 1.899096e+03 1.876340e+03 2.090024e+03 2.490229e+03 3.039978e+03 3.769513e+03 4.737565e+03 6.012917e+03
1.858219e+04 1.858219e+04 1.858220e+04 1.858253e+04 1.858352e+04 1.860938e+04 1.866943e+04 1.882517e+04 1.898458e+04 1.923347e+04 1.987011e+04 2.050893e+04 2.113968e+04 2.178486e+04 2.235548e+04 2.263619e+04 2.231446e+04 1.158690e+04 4.775572e+03 2.766030e+03 2.111826e+03 1.904865e+03 1.887105e+03 2.107901e+03 2.513233e+03 3.067776e+03 3.802926e+03 4.778199e+03 6.062849e+03
1.992103e+04 1.992104e+04 1.992105e+04 1.992132e+04 1.992217e+04 1.994608e+04 2.001041e+04 2.020492e+04 2.033314e+04 2.050950e+04 2.105624e+04 2.177901e+04 2.252400e+04 2.319247e+04 2.368048e+04 2.379499e+04 2.326943e+04 1.175332e+04 4.776429e+03 2.758395e+03 2.111456e+03 1.911458e+03 1.899067e+03 2.127225e+03 2.537727e+03 3.097097e+03 3.837952e+03 4.820611e+03 6.114793e+03
2.169813e+04 2.169813e+04 2.169814e+04 2.169837e+04 2.169908e+04 2.171993e+04 2.177899e+04 2.197780e+04 2.210580e+04 2.225712e+04 2.268306e+04 2.330624e+04 2.404334e+04 2.473878e+04 2.520684e+04 2.521395e+04 2.449458e+04 1.193061e+04 4.772111e+03 2.749008e+03 2.111180e+03 1.918969e+03 1.912316e+03 2.148064e+03 2.563764e+03 3.127988e+03 3.874637e+03 4.864849e+03 6.168800e+03
2.377069e+04 2.377069e+04 2.377070e+04 2.377090e+04 2.377152e+04 2.378994e+04 2.384342e+04 2.403318e+04 2.416010e+04 2.430508e+04 2.466714e+04 2.516484e+04 2.577879e+04 2.638689e+04 2.677941e+04 2.667628e+04 2.578197e+04 1.213058e+04 4.761887e+03 2.737803e+03 2.111097e+03 1.927511e+03 1.926952e+03 2.170485e+03 2.591392e+03 3.160491e+03 3.913023e+03 4.910958e+03 6.224925e+03
2.605797e+04 2.605797e+04 2.605797e+04 2.605815e+04 2.605870e+04 2.607536e+04 2.612440e+04 2.630360e+04 2.642692e+04 2.656786e+04 2.689453e+04 2.728508e+04 2.773109e+04 2.815255e+04 2.836439e+04 2.808067e+04 2.698639e+04 1.233135e+04 4.746671e+03 2.725019e+03 2.111400e+03 1.937229e+03 1.943081e+03 2.194553e+03 2.620659e+03 3.194645e+03 3.953151e+03 4.958985e+03 6.283220e+03
2.852141e+04 2.852141e+04 2.852142e+04 2.852158e+04 2.852209e+04 2.853750e+04 2.858327e+04 2.875327e+04 2.887103e+04 2.900331e+04 2.928295e+04 2.955184e+04 2.979370e+04 2.995944e+04 2.990196e+04 2.935738e+04 2.801570e+04 1.247964e+04 4.729915e+03 2.711356e+03 2.112412e+03 1.948314e+03 1.960830e+03 2.220334e+03 2.651607e+03 3.230489e+03 3.995062e+03 5.008977e+03 6.343738e+03
3.114528e+04 3.114528e+04 3.114528e+04 3.114544e+04 3.114591e+04 3.116041e+04 3.120380e+04 3.136321e+04 3.146474e+04 3.156553e+04 3.172388e+04 3.179112e+04 3.176351e+04 3.161887e+04 3.124149e+04 3.039304e+04 2.877988e+04 1.253612e+04 4.706963e+03 2.698208e+03 2.114625e+03 1.961014e+03 1.980344e+03 2.247895e+03 2.684281e+03 3.268060e+03 4.038793e+03 5.060978e+03 6.406534e+03
3.392732e+04 3.392732e+04 3.392733e+04 3.392747e+04 3.392792e+04 3.394175e+04 3.398245e+04 3.407877e+04 3.409374e+04 3.407417e+04 3.393098e+04 3.366759e+04 3.330833e+04 3.283996e+04 3.215474e+04 3.102575e+04 2.917282e+04 1.247850e+04 4.671073e+03 2.687563e+03 2.118751e+03 1.975654e+03 2.001800e+03 2.277307e+03 2.718721e+03 3.307394e+03 4.084384e+03 5.115033e+03 6.471659e+03
3.687206e+04 3.687207e+04 3.687207e+04 3.687219e+04 3.687208e+04 3.683008e+04 3.668837e+04 3.626810e+04 3.602349e+04 3.576422e+04 3.521210e+04 3.462404e+04 3.399993e+04 3.330305e+04 3.241306e+04 3.110343e+04 2.910380e+04 1.230238e+04 4.618773e+03 2.678310e+03 2.125866e+03 1.992651e+03 2.025413e+03 2.308650e+03 2.754971e+03 3.348523e+03 4.131872e+03 5.171188e+03 6.539169e+03
3.626239e+04 3.626239e+04 3.626238e+04 3.626226e+04 3.626186e+04 3.624606e+04 3.618370e+04 3.588018e+04 3.565702e+04 3.540365e+04 3.483942e+04 3.422741e+04 3.357515e+04 3.284470e+04 3.191593e+04 3.056957e+04 2.854888e+04 1.201844e+04 4.549569e+03 2.669333e+03 2.137014e+03 2.012550e+03 2.051444e+03 2.342012e+03 2.793073e+03 3.391484e+03 4.181293e+03 5.229487e+03 6.609116e+03
3.377561e+04 3.377561e+04 3.377561e+04 3.377554e+04 3.377533e+04 3.376852e+04 3.374807e+04 3.364931e+04 3.356012e+04 3.344113e+04 3.311944e+04 3.270436e+04 3.220780e+04 3.159941e+04 3.076793e+04 2.950689e+04 2.757540e+04 1.164796e+04 4.465601e+03 2.660202e+03 2.151639e+03 2.036144e+03 2.080215e+03 2.377493e+03 2.833076e+03 3.436311e+03 4.232687e+03 5.289975e+03 6.681556e+03
3.120203e+04 3.120203e+04 3.120203e+04 3.120201e+04 3.120193e+04 3.119944e+04 3.119094e+04 3.114996e+04 3.111258e+04 3.106000e+04 3.090060e+04 3.066294e+04 3.033968e+04 2.989215e+04 2.920963e+04 2.809363e+04 2.631502e+04 1.121756e+04 4.370856e+03 2.651001e+03 2.169325e+03 2.063931e+03 2.112142e+03 2.415213e+03 2.875031e+03 3.483041e+03 4.286091e+03 5.352700e+03 6.756546e+03
2.885232e+04 2.885232e+04 2.885232e+04 2.885230e+04 2.885226e+04 2.885055e+04 2.884461e+04 2.881848e+04 2.879685e+04 2.876783e+04 2.868102e+04 2.854509e+04 2.834244e+04 2.802595e+04 2.748245e+04 2.651782e+04 2.491053e+04 1.075428e+04 4.270195e+03 2.642241e+03 2.189838e+03 2.095487e+03 2.147844e+03 2.455315e+03 2.918999e+03 3.531714e+03 4.341546e+03 5.417708e+03 6.834141e+03
2.673439e+04 2.673439e+04 2.673439e+04 2.673438e+04 2.673435e+04 2.673330e+04 2.672963e+04 2.671276e+04 2.669878e+04 2.668045e+04 2.662750e+04 2.654509e+04 2.641520e+04 2.618893e+04 2.575399e+04 2.492152e+04 2.347683e+04 1.028187e+04 4.168491e+03 2.634732e+03 2.213060e+03 2.130519e+03 2.187494e+03 2.497969e+03 2.965047e+03 3.582375e+03 4.399095e+03 5.485051e+03 6.914402e+03
2.484538e+04 2.484538e+04 2.484538e+04 2.484538e+04 2.484536e+04 2.484472e+04 2.484240e+04 2.483161e+04 2.482260e+04 2.481078e+04 2.477699e+04 2.472469e+04 2.463837e+04 2.447146e+04 2.411609e+04 2.339103e+04 2.208943e+04 9.818886e+03 4.070031e+03 2.629431e+03 2.238978e+03 2.168798e+03 2.230732e+03 2.543394e+03 3.013258e+03 3.635072e+03 4.458783e+03 5.554778e+03 6.997389e+03
2.316960e+04 2.316960e+04 2.316960e+04 2.316960e+04 2.316959e+04 2.316928e+04 2.316807e+04 2.316192e+04 2.315649e+04 2.314917e+04 2.312778e+04 2.309401e+04 2.303484e+04 2.290730e+04 2.260965e+04 2.196991e+04 2.079035e+04 9.378312e+03 3.978225e+03 2.627311e+03 2.267659e+03 2.210132e+03 2.277309e+03 2.591888e+03 3.063729e+03 3.689863e+03 4.520660e+03 5.626946e+03 7.083166e+03
2.169152e+04 2.169152e+04 2.169152e+04 2.169152e+04 2.169152e+04 2.169140e+04 2.169080e+04 2.168736e+04 2.168416e+04 2.167974e+04 2.166644e+04 2.164463e+04 2.160304e+04 2.150223e+04 2.124699e+04 2.067507e+04 1.959857e+04 8.968230e+03 3.895528e+03 2.629247e+03 2.299230e+03 2.254362e+03 2.327002e+03 2.643857e+03 3.116577e+03 3.746812e+03 4.584782e+03 5.701613e+03 7.171798e+03
2.038903e+04 2.038903e+04 2.038903e+04 2.038903e+04 2.038903e+04 2.038903e+04 2.038883e+04 2.038719e+04 2.038549e+04 2.038301e+04 2.037512e+04 2.036126e+04 2.033145e+04 2.024930e+04 2.002586e+04 1.950842e+04 1.851903e+04 8.592875e+03 3.823522e+03 2.635954e+03 2.333852e+03 2.301366e+03 2.379607e+03 2.699143e+03 3.171948e+03 3.805995e+03 4.651211e+03 5.778843e+03 7.263357e+03
1.924108e+04 1.924108e+04 1.924108e+04 1.924108e+04 1.924109e+04 1.924117e+04 1.924129e+04 1.924103e+04 1.924041e+04 1.923932e+04 1.923519e+04 1.922675e+04 1.920500e+04 1.913623e+04 1.893716e+04 1.846413e+04 1.754878e+04 8.253711e+03 3.763054e+03 2.647950e+03 2.371689e+03 2.351050e+03 2.434934e+03 2.757496e+03 3.230033e+03 3.867503e+03 4.720014e+03 5.858703e+03 7.357916e+03
1.823001e+04 1.823001e+04 1.823001e+04 1.823001e+04 1.823002e+04 1.823014e+04 1.823044e+04 1.823097e+04 1.823101e+04 1.823076e+04 1.822905e+04 1.822423e+04 1.820804e+04 1.814904e+04 1.796907e+04 1.753275e+04 1.668082e+04 7.950330e+03 3.714402e+03 2.665565e+03 2.412888e+03 2.403353e+03 2.492809e+03 2.818723e+03 3.291123e+03 3.931441e+03 4.791271e+03 5.941268e+03 7.455553e+03
1.733861e+04 1.733861e+04 1.733861e+04 1.733861e+04 1.733861e+04 1.733873e+04 1.733901e+04 1.733981e+04 1.734018e+04 1.734043e+04 1.734023e+04 1.733779e+04 1.732545e+04 1.727373e+04 1.710901e+04 1.670349e+04 1.590633e+04 7.681145e+03 3.677421e+03 2.688949e+03 2.457563e+03 2.458234e+03 2.553081e+03 2.882643e+03 3.355423e+03 3.997937e+03 4.865069e+03 6.026620e+03 7.556353e+03
1.654966e+04 1.654966e+04 1.654966e+04 1.654966e+04 1.654967e+04 1.654984e+04 1.655029e+04 1.655156e+04 1.655223e+04 1.655286e+04 1.655372e+04 1.655292e+04 1.654331e+04 1.649711e+04 1.634481e+04 1.596544e+04 1.521598e+04 7.443880e+03 3.651672e+03 2.718105e+03 2.505787e+03 2.515669e+03 2.615621e+03 2.949081e+03 3.422710e+03 4.067149e+03 4.941511e+03 6.114848e+03 7.660406e+03
1.585160e+04 1.585160e+04 1.585160e+04 1.585160e+04 1.585160e+04 1.585173e+04 1.585206e+04 1.585328e+04 1.585409e+04 1.585496e+04 1.585655e+04 1.585686e+04 1.584917e+04 1.580720e+04 1.566513e+04 1.530821e+04 1.460058e+04 7.235909e+03 3.636527e+03 2.752920e+03 2.557586e+03 2.575638e+03 2.680322e+03 3.017872e+03 3.492820e+03 4.139287e+03 5.020711e+03 6.206051e+03 7.767809e+03
1.523050e+04 1.523050e+04 1.523050e+04 1.523050e+04 1.523051e+04 1.523077e+04 1.523144e+04 1.523335e+04 1.523443e+04 1.523553e+04 1.523759e+04 1.523851e+04 1.523202e+04 1.519325e+04 1.505965e+04 1.472216e+04 1.405148e+04 7.054483e+03 3.631246e+03 2.793190e+03 2.612942e+03 2.638128e+03 2.747098e+03 3.088857e+03 3.565616e+03 4.214662e+03 5.102805e+03 6.300339e+03 7.878666e+03
1.468176e+04 1.468176e+04 1.468176e+04 1.468176e+04 1.468177e+04 1.468189e+04 1.468222e+04 1.468341e+04 1.468422e+04 1.468511e+04 1.468692e+04 1.468786e+04 1.468195e+04 1.464551e+04 1.451899e+04 1.419845e+04 1.356062e+04 6.896875e+03 3.635036e+03 2.838651e+03 2.671794e+03 2.703116e+03 2.815880e+03 3.161889e+03 3.640971e+03 4.293300e+03 5.187951e+03 6.397833e+03 7.993089e+03
1.419034e+04 1.419034e+04 1.419034e+04 1.419034e+04 1.419035e+04 1.419047e+04 1.419081e+04 1.419190e+04 1.419256e+04 1.419329e+04 1.419478e+04 1.419553e+04 1.418984e+04 1.415516e+04 1.403464e+04 1.372906e+04 1.312066e+04 6.760481e+03 3.647100e+03 2.889001e+03 2.734052e+03 2.770575e+03 2.886615e+03 3.236836e+03 3.718766e+03 4.375037e+03 5.276342e+03 6.498670e+03 8.111203e+03
1.374908e+04 1.374908e+04 1.374908e+04 1.374908e+04 1.374908e+04 1.374915e+04 1.374935e+04 1.375015e+04 1.375072e+04 1.375135e+04 1.375267e+04 1.375323e+04 1.374764e+04 1.371434e+04 1.359901e+04 1.330677e+04 1.272497e+04 6.642875e+03 3.666662e+03 2.943918e+03 2.799594e+03 2.840466e+03 2.959258e+03 3.313583e+03 3.798888e+03 4.459775e+03 5.368239e+03 6.603002e+03 8.233139e+03
1.334945e+04 1.334945e+04 1.334945e+04 1.334946e+04 1.334946e+04 1.334963e+04 1.335009e+04 1.335133e+04 1.335200e+04 1.335265e+04 1.335382e+04 1.335412e+04 1.334844e+04 1.331621e+04 1.320542e+04 1.292520e+04 1.236765e+04 6.541845e+03 3.692993e+03 3.003075e+03 2.868282e+03 2.912743e+03 3.033774e+03 3.392031e+03 3.881233e+03 4.547436e+03 5.463941e+03 6.711002e+03 8.359043e+03
1.299076e+04 1.299076e+04 1.299076e+04 1.299076e+04 1.299076e+04 1.299080e+04 1.299089e+04 1.299133e+04 1.299162e+04 1.299193e+04 1.299245e+04 1.299216e+04 1.298617e+04 1.295474e+04 1.284797e+04 1.257870e+04 1.204347e+04 6.455412e+03 3.725422e+03 3.066149e+03 2.939962e+03 2.987344e+03 3.110131e+03 3.472098e+03 3.965702e+03 4.637953e+03 5.563368e+03 6.822873e+03 8.489074e+03
1.266222e+04 1.266222e+04 1.266222e+04 1.266222e+04 1.266222e+04 1.266227e+04 1.266237e+04 1.266252e+04 1.266255e+04 1.266256e+04 1.266245e+04 1.266158e+04 1.265525e+04 1.262452e+04 1.252145e+04 1.226234e+04 1.174785e+04 6.381834e+03 3.763343e+03 3.132830e+03 3.014470e+03 3.064203e+03 3.188300e+03 3.553722e+03 4.052212e+03 4.731266e+03 5.666439e+03 6.938858e+03 8.623407e+03
1.235906e+04 1.235906e+04 1.235906e+04 1.235906e+04 1.235906e+04 1.235905e+04 1.235900e+04 1.235892e+04 1.235888e+04 1.235881e+04 1.235849e+04 1.235734e+04 1.235088e+04 1.232091e+04 1.222139e+04 1.197185e+04 1.147686e+04 6.319604e+03 3.806219e+03 3.202826e+03 3.091640e+03 3.143242e+03 3.268250e+03 3.636858e+03 4.140690e+03 4.827321e+03 5.773117e+03 7.059293e+03 8.762234e+03
1.207662e+04 1.207662e+04 1.207662e+04 1.207662e+04 1.207663e+04 1.207671e+04 1.207691e+04 1.207730e+04 1.207739e+04 1.207738e+04 1.207704e+04 1.207576e+04 1.206929e+04 1.204017e+04 1.194410e+04 1.170371e+04 1.122721e+04 6.267443e+03 3.853576e+03 3.275863e+03 3.171304e+03 3.224379e+03 3.349952e+03 3.721474e+03 4.231075e+03 4.926073e+03 5.883380e+03 7.184383e+03 8.905774e+03
1.181689e+04 1.181689e+04 1.181689e+04 1.181689e+04 1.181689e+04 1.181686e+04 1.181678e+04 1.181652e+04 1.181635e+04 1.181614e+04 1.181547e+04 1.181396e+04 1.180750e+04 1.177926e+04 1.168660e+04 1.145501e+04 1.099620e+04 6.224280e+03 3.905004e+03 3.351686e+03 3.253296e+03 3.307525e+03 3.433374e+03 3.807557e+03 4.323325e+03 5.027485e+03 5.997216e+03 7.314048e+03 9.054278e+03
1.157230e+04 1.157230e+04 1.157230e+04 1.157230e+04 1.157230e+04 1.157232e+04 1.157232e+04 1.157214e+04 1.157193e+04 1.157164e+04 1.157082e+04 1.156924e+04 1.156294e+04 1.153571e+04 1.144646e+04 1.122345e+04 1.078168e+04 6.189236e+03 3.960145e+03 3.430061e+03 3.337455e+03 3.392591e+03 3.518484e+03 3.895103e+03 4.417410e+03 5.131528e+03 6.114622e+03 7.448273e+03 9.208052e+03
1.134246e+04 1.134246e+04 1.134246e+04 1.134246e+04 1.134246e+04 1.134243e+04 1.134234e+04 1.134202e+04 1.134181e+04 1.134156e+04 1.134090e+04 1.133953e+04 1.133364e+04 1.130760e+04 1.122184e+04 1.100725e+04 1.058196e+04 6.161601e+03 4.018689e+03 3.510772e+03 3.423622e+03 3.479485e+03 3.605249e+03 3.984123e+03 4.513320e+03 5.238185e+03 6.235600e+03 7.587072e+03 9.367491e+03
1.112435e+04 1.112435e+04 1.112435e+04 1.112435e+04 1.112436e+04 1.112442e+04 1.112456e+04 1.112482e+04 1.112488e+04 1.112487e+04 1.112463e+04 1.112368e+04 1.111838e+04 1.109368e+04 1.101146e+04 1.080512e+04 1.039582e+04 6.140806e+03 4.080365e+03 3.593616e+03 3.511647e+03 3.568116e+03 3.693636e+03 4.074637e+03 4.611057e+03 5.347452e+03 6.360162e+03 7.730471e+03 9.532671e+03
1.092167e+04 1.092167e+04 1.092167e+04 1.092167e+04 1.092167e+04 1.092167e+04 1.092168e+04 1.092176e+04 1.092180e+04 1.092182e+04 1.092176e+04 1.092116e+04 1.091647e+04 1.089316e+04 1.081446e+04 1.061620e+04 1.022240e+04 6.126404e+03 4.144935e+03 3.678409e+03 3.601386e+03 3.658397e+03 3.783613e+03 4.166674e+03 4.710643e+03 5.459334e+03 6.488327e+03 7.878509e+03 9.703564e+03
1.073123e+04 1.073123e+04 1.073123e+04 1.073123e+04 1.073123e+04 1.073124e+04 1.073125e+04 1.073129e+04 1.073133e+04 1.073140e+04 1.073159e+04 1.073140e+04 1.072738e+04 1.070550e+04 1.063030e+04 1.043991e+04 1.006110e+04 6.118039e+03 4.212182e+03 3.764976e+03 3.692705e+03 3.750242e+03 3.875152e+03 4.260274e+03 4.812111e+03 5.573853e+03 6.620122e+03 8.031231e+03 9.880204e+03
1.055155e+04 1.055155e+04 1.055155e+04 1.055155e+04 1.055155e+04 1.055158e+04 1.055169e+04 1.055218e+04 1.055252e+04 1.055289e+04 1.055368e+04 1.055409e+04 1.055084e+04 1.053041e+04 1.045863e+04 1.027586e+04 9.911533e+03 6.115424e+03 4.281911e+03 3.853156e+03 3.785478e+03 3.843575e+03 3.968225e+03 4.355482e+03 4.915514e+03 5.691042e+03 6.755584e+03 8.188689e+03 1.006264e+04
1.038499e+04 1.038499e+04 1.038499e+04 1.038499e+04 1.038500e+04 1.038510e+04 1.038539e+04 1.038629e+04 1.038682e+04 1.038739e+04 1.038856e+04 1.038941e+04 1.038680e+04 1.036772e+04 1.029922e+04 1.012380e+04 9.773416e+03 6.118319e+03 4.353940e+03 3.942801e+03 3.879591e+03 3.938326e+03 4.062815e+03 4.452353e+03 5.020915e+03 5.810951e+03 6.894758e+03 8.350942e+03 1.025095e+04
1.023381e+04 1.023381e+04 1.023381e+04 1.023381e+04 1.023382e+04 1.023384e+04 1.023393e+04 1.023432e+04 1.023466e+04 1.023508e+04 1.023618e+04 1.023720e+04 1.023509e+04 1.021725e+04 1.015189e+04 9.983524e+03 9.646533e+03 6.126518e+03 4.428098e+03 4.033772e+03 3.974942e+03 4.034435e+03 4.158906e+03 4.550947e+03 5.128393e+03 5.933643e+03 7.037703e+03 8.518059e+03 1.044521e+04
1.009258e+04 1.009258e+04 1.009258e+04 1.009258e+04 1.009258e+04 1.009263e+04 1.009277e+04 1.009325e+04 1.009363e+04 1.009411e+04 1.009541e+04 1.009679e+04 1.009526e+04 1.007870e+04 1.001639e+04 9.854842e+03 9.530715e+03 6.139836e+03 4.504225e+03 4.125948e+03 4.071444e+03 4.131853e+03 4.256495e+03 4.651333e+03 5.238038e+03 6.059196e+03 7.184487e+03 8.690112e+03 1.064550e+04
9.961247e+03 9.961247e+03 9.961247e+03 9.961247e+03 9.961249e+03 9.961314e+03 9.961549e+03 9.962507e+03 9.963198e+03 9.964010e+03 9.965947e+03 9.967952e+03 9.967181e+03 9.951945e+03 9.892649e+03 9.737658e+03 9.425856e+03 6.158101e+03 4.582172e+03 4.219221e+03 4.169024e+03 4.230545e+03 4.355585e+03 4.753587e+03 5.349953e+03 6.187703e+03 7.335191e+03 8.867185e+03 1.085191e+04
9.842448e+03 9.842448e+03 9.842448e+03 9.842449e+03 9.842454e+03 9.842586e+03 9.842979e+03 9.844348e+03 9.845255e+03 9.846285e+03 9.848677e+03 9.851187e+03 9.851089e+03 9.837111e+03 9.780686e+03 9.631960e+03 9.331908e+03 6.181149e+03 4.661804e+03 4.313501e+03 4.267629e+03 4.330491e+03 4.456191e+03 4.857792e+03 5.464253e+03 6.319270e+03 7.489909e+03 9.049368e+03 1.106454e+04
9.738613e+03 9.738613e+03 9.738613e+03 9.738614e+03 9.738616e+03 9.738689e+03 9.738913e+03 9.739872e+03 9.740627e+03 9.741565e+03 9.743959e+03 9.746700e+03 9.747109e+03 9.734261e+03 9.680535e+03 9.537745e+03 9.248836e+03 6.208824e+03 4.743001e+03 4.408721e+03 4.367226e+03 4.431686e+03 4.558342e+03 4.964040e+03 5.581063e+03 6.454018e+03 7.648745e+03 9.236762e+03 1.128349e+04
9.645142e+03 9.645142e+03 9.645142e+03 9.645144e+03 9.645147e+03 9.645248e+03 9.645536e+03 9.646628e+03 9.647445e+03 9.648454e+03 9.651054e+03 9.654123e+03 9.655069e+03 9.643319e+03 9.592156e+03 9.454978e+03 9.176586e+03 6.240973e+03 4.825664e+03 4.504834e+03 4.467800e+03 4.534142e+03 4.662076e+03 5.072429e+03 5.700516e+03 6.592082e+03 7.811818e+03 9.429478e+03 1.150887e+04
9.562545e+03 9.562545e+03 9.562545e+03 9.562546e+03 9.562549e+03 9.562655e+03 9.562991e+03 9.564375e+03 9.565408e+03 9.566656e+03 9.569757e+03 9.573346e+03 9.574921e+03 9.564262e+03 9.515528e+03 9.383618e+03 9.115092e+03 6.277447e+03 4.909718e+03 4.601821e+03 4.569362e+03 4.637891e+03 4.767448e+03 5.183067e+03 5.822758e+03 6.733608e+03 7.979262e+03 9.627635e+03 1.174081e+04
9.492105e+03 9.492105e+03 9.492105e+03 9.492107e+03 9.492112e+03 9.492266e+03 9.492735e+03 9.494493e+03 9.495732e+03 9.497189e+03 9.500716e+03 9.504748e+03 9.506865e+03 9.497177e+03 9.450658e+03 9.323617e+03 9.064255e+03 6.318104e+03 4.995113e+03 4.699686e+03 4.671942e+03 4.742980e+03 4.874526e+03 5.296070e+03 5.947943e+03 6.878756e+03 8.151220e+03 9.831363e+03 1.197942e+04
9.436002e+03 9.436002e+03 9.436002e+03 9.436003e+03 9.436007e+03 9.436131e+03 9.436528e+03 9.438125e+03 9.439315e+03 9.440756e+03 9.444343e+03 9.448543e+03 9.450978e+03 9.442041e+03 9.397455e+03 9.274830e+03 9.023897e+03 6.362804e+03 5.081829e+03 4.798462e+03 4.775596e+03 4.849478e+03 4.983391e+03 5.411563e+03 6.076233e+03 7.027698e+03 8.327851e+03 1.004080e+04 1.222485e+04
9.391921e+03 9.391921e+03 9.391921e+03 9.391922e+03 9.391926e+03 9.392047e+03 9.392424e+03 9.393961e+03 9.395125e+03 9.396546e+03 9.400120e+03 9.404351e+03 9.406937e+03 9.398552e+03 9.355617e+03 9.236954e+03 8.993719e+03 6.411415e+03 5.169873e+03 4.898207e+03 4.880399e+03 4.957470e+03 5.094140e+03 5.529680e+03 6.207800e+03 7.180618e+03 8.509325e+03 1.025611e+04 1.247722e+04
9.358715e+03 9.358715e+03 9.358715e+03 9.358716e+03 9.358721e+03 9.358870e+03 9.359328e+03 9.361059e+03 9.362291e+03 9.363749e+03 9.367326e+03 9.371526e+03 9.374156e+03 9.366171e+03 9.324647e+03 9.209531e+03 8.973300e+03 6.463810e+03 5.259280e+03 4.999007e+03 4.986451e+03 5.067058e+03 5.206883e+03 5.650563e+03 6.342823e+03 7.337710e+03 8.695827e+03 1.047745e+04 1.273669e+04
9.337572e+03 9.337572e+03 9.337572e+03 9.337573e+03 9.337577e+03 9.337695e+03 9.338063e+03 9.339519e+03 9.340603e+03 9.341925e+03 9.345277e+03 9.349321e+03 9.351909e+03 9.344224e+03 9.303928e+03 9.191999e+03 8.962144e+03 6.519873e+03 5.350109e+03 5.100969e+03 5.093870e+03 5.178363e+03 5.321745e+03 5.774364e+03 6.481491e+03 7.499178e+03 8.887553e+03 1.070499e+04 1.300341e+04
9.325682e+03 9.325682e+03 9.325682e+03 9.325683e+03 9.325686e+03 9.325780e+03 9.326073e+03 9.327320e+03 9.328312e+03 9.329562e+03 9.332814e+03 9.336798e+03 9.339396e+03 9.331997e+03 9.292810e+03 9.183769e+03 8.959726e+03 6.579501e+03 5.442444e+03 5.204222e+03 5.202792e+03 5.291521e+03 5.438862e+03 5.901245e+03 6.624001e+03 7.665239e+03 9.084711e+03 1.093893e+04 1.327755e+04
9.320783e+03 9.320783e+03 9.320783e+03 9.320785e+03 9.320790e+03 9.320943e+03 9.321403e+03 9.323098e+03 9.324299e+03 9.325723e+03 9.329214e+03 9.333318e+03 9.336005e+03 9.328892e+03 9.290709e+03 9.184284e+03 8.965538e+03 6.642607e+03 5.536391e+03 5.308917e+03 5.313374e+03 5.406682e+03 5.558386e+03 6.031377e+03 6.770557e+03 7.836119e+03 9.287522e+03 1.117946e+04 1.355929e+04
9.326215e+03 9.326215e+03 9.326215e+03 9.326217e+03 9.326222e+03 9.326375e+03 9.326829e+03 9.328516e+03 9.329718e+03 9.331141e+03 9.334617e+03 9.338683e+03 9.341353e+03 9.334428e+03 9.297104e+03 9.193023e+03 8.979092e+03 6.709115e+03 5.632073e+03 5.415220e+03 5.425783e+03 5.524011e+03 5.680478e+03 6.164937e+03 6.921373e+03 8.012051e+03 9.496217e+03 1.142678e+04 1.384882e+04
9.341404e+03 9.341404e+03 9.341404e+03 9.341405e+03 9.341408e+03 9.341512e+03 9.341832e+03 9.343140e+03 9.344145e+03 9.345386e+03 9.348548e+03 9.352372e+03 9.354888e+03 9.348044e+03 9.311437e+03 9.209449e+03 8.999895e+03 6.778959e+03 5.729627e+03 5.523312e+03 5.540204e+03 5.643684e+03 5.805310e+03 6.302116e+03 7.076670e+03 8.193281e+03 9.711041e+03 1.168114e+04 1.414631e+04
9.362947e+03 9.362947e+03 9.362947e+03 9.362948e+03 9.362952e+03 9.363057e+03 9.363382e+03 9.364664e+03 9.365621e+03 9.366795e+03 9.369791e+03 9.373443e+03 9.375835e+03 9.369060e+03 9.333094e+03 9.233003e+03 9.027446e+03 6.852083e+03 5.829208e+03 5.633387e+03 5.656829e+03 5.765886e+03 5.933066e+03 6.443111e+03 7.236678e+03 8.380064e+03 9.932247e+03 1.194275e+04 1.445199e+04
9.390614e+03 9.390614e+03 9.390614e+03 9.390615e+03 9.390618e+03 9.390727e+03 9.391062e+03 9.392376e+03 9.393350e+03 9.394533e+03 9.397529e+03 9.401156e+03 9.403527e+03 9.396869e+03 9.361509e+03 9.263153e+03 9.061261e+03 6.928435e+03 5.930978e+03 5.745649e+03 5.775863e+03 5.890816e+03 6.063940e+03 6.588129e+03 7.401636e+03 8.572663e+03 1.016010e+04 1.221186e+04 1.476606e+04
9.424415e+03 9.424415e+03 9.424415e+03 9.424416e+03 9.424420e+03 9.424530e+03 9.424870e+03 9.426204e+03 9.427198e+03 9.428410e+03 9.431478e+03 9.435163e+03 9.437574e+03 9.431044e+03 9.396227e+03 9.299431e+03 9.100884e+03 7.007970e+03 6.035111e+03 5.860309e+03 5.897515e+03 6.018677e+03 6.198133e+03 6.737387e+03 7.571791e+03 8.771351e+03 1.039488e+04 1.248873e+04 1.508874e+04
9.464224e+03 9.464224e+03 9.464224e+03 9.464226e+03 9.464229e+03 9.464339e+03 9.464681e+03 9.466067e+03 9.467118e+03 9.468401e+03 9.471604e+03 9.475357e+03 9.477762e+03 9.471267e+03 9.436846e+03 9.341387e+03 9.145855e+03 7.090649e+03 6.141786e+03 5.977584e+03 6.022003e+03 6.149680e+03 6.335854e+03 6.891109e+03 7.747401e+03 8.976410e+03 1.063686e+04 1.277362e+04 1.542027e+04
9.510005e+03 9.510005e+03 9.510005e+03 9.510007e+03 9.510011e+03 9.510159e+03 9.510601e+03 9.512267e+03 9.513446e+03 9.514820e+03 9.518063e+03 9.521676e+03 9.523831e+03 9.517129e+03 9.482863e+03 9.388477e+03 9.195648e+03 7.176437e+03 6.251188e+03 6.097692e+03 6.149547e+03 6.284045e+03 6.477323e+03 7.049531e+03 7.928731e+03 9.188131e+03 1.088635e+04 1.306680e+04 1.576089e+04
9.563774e+03 9.563774e+03 9.563774e+03 9.563776e+03 9.563780e+03 9.563928e+03 9.564373e+03 9.565905e+03 9.566903e+03 9.568029e+03 9.570646e+03 9.573567e+03 9.575057e+03 9.567842e+03 9.533491e+03 9.439960e+03 9.249606e+03 7.265305e+03 6.363502e+03 6.220856e+03 6.280373e+03 6.421994e+03 6.622764e+03 7.212897e+03 8.116057e+03 9.406816e+03 1.114366e+04 1.336858e+04 1.611086e+04
9.624887e+03 9.624887e+03 9.624887e+03 9.624887e+03 9.624886e+03 9.624874e+03 9.624864e+03 9.625095e+03 9.625401e+03 9.625862e+03 9.627289e+03 9.629218e+03 9.629899e+03 9.622106e+03 9.587635e+03 9.494923e+03 9.306986e+03 7.357234e+03 6.478915e+03 6.347295e+03 6.414706e+03 6.563756e+03 6.772411e+03 7.381463e+03 8.309665e+03 9.632776e+03 1.140908e+04 1.367923e+04 1.647043e+04
9.683075e+03 9.683075e+03 9.683075e+03 9.683075e+03 9.683074e+03 9.683059e+03 9.683020e+03 9.683062e+03 9.683235e+03 9.683551e+03 9.684666e+03 9.686261e+03 9.686606e+03 9.678572e+03 9.644220e+03 9.552500e+03 9.367109e+03 7.452229e+03 6.597615e+03 6.477232e+03 6.552776e+03 6.709566e+03 6.926504e+03 7.555492e+03 8.509851e+03 9.866331e+03 1.168296e+04 1.399908e+04 1.683987e+04
9.737117e+03 9.737117e+03 9.737118e+03 9.737119e+03 9.737122e+03 9.737237e+03 9.737568e+03 9.738648e+03 9.739341e+03 9.740121e+03 9.741937e+03 9.743935e+03 9.744470e+03 9.736579e+03 9.702641e+03 9.612154e+03 9.429520e+03 7.550323e+03 6.719792e+03 6.610887e+03 6.694814e+03 6.859661e+03 7.085293e+03 7.735260e+03 8.716922e+03 1.010781e+04 1.196563e+04 1.432843e+04 1.721946e+04
9.795378e+03 9.795378e+03 9.795378e+03 9.795379e+03 9.795383e+03 9.795497e+03 9.795845e+03 9.797091e+03 9.797921e+03 9.798852e+03 9.800957e+03 9.803180e+03 9.803878e+03 9.796192e+03 9.762790e+03 9.673700e+03 9.494025e+03 7.651586e+03 6.845637e+03 6.748482e+03 6.841054e+03 7.014287e+03 7.249033e+03 7.921054e+03 8.931198e+03 1.035756e+04 1.225742e+04 1.466760e+04 1.760949e+04
9.858831e+03 9.858831e+03 9.858831e+03 9.858831e+03 9.858832e+03 9.858871e+03 9.859003e+03 9.859642e+03 9.860167e+03 9.860827e+03 9.862524e+03 9.864510e+03 9.865118e+03 9.857545e+03 9.824700e+03 9.737118e+03 9.560583e+03 7.756125e+03 6.975350e+03 6.890241e+03 6.991733e+03 7.173693e+03 7.417990e+03 8.113174e+03 9.153008e+03 1.061592e+04 1.255870e+04 1.501694e+04 1.801026e+04
9.922566e+03 9.922566e+03 9.922566e+03 9.922566e+03 9.922568e+03 9.922605e+03 9.922720e+03 9.923201e+03 9.923595e+03 9.924110e+03 9.925537e+03 9.927345e+03 9.927912e+03 9.920523e+03 9.888343e+03 9.802422e+03 9.629233e+03 7.864083e+03 7.109133e+03 7.036388e+03 7.147091e+03 7.338138e+03 7.592440e+03 8.311930e+03 9.382696e+03 1.088327e+04 1.286982e+04 1.537677e+04 1.842205e+04
9.985619e+03 9.985619e+03 9.985619e+03 9.985619e+03 9.985621e+03 9.985682e+03 9.985862e+03 9.986524e+03 9.987010e+03 9.987613e+03 9.989218e+03 9.991228e+03 9.992056e+03 9.985094e+03 9.953792e+03 9.869741e+03 9.700129e+03 7.975643e+03 7.247199e+03 7.187152e+03 7.307374e+03 7.507885e+03 7.772666e+03 8.517648e+03 9.620617e+03 1.115996e+04 1.319116e+04 1.574746e+04 1.884520e+04
1.004951e+04 1.004951e+04 1.004951e+04 1.004951e+04 1.004951e+04 1.004957e+04 1.004976e+04 1.005055e+04 1.005119e+04 1.005199e+04 1.005407e+04 1.005660e+04 1.005796e+04 1.005165e+04 1.002142e+04 9.939419e+03 9.773581e+03 8.091024e+03 7.389769e+03 7.342765e+03 7.472833e+03 7.683208e+03 7.958968e+03 8.730666e+03 9.867142e+03 1.144640e+04 1.352310e+04 1.612936e+04 1.928001e+04
1.011478e+04 1.011478e+04 1.011478e+04 1.011478e+04 1.011478e+04 1.011491e+04 1.011528e+04 1.011664e+04 1.011760e+04 1.011874e+04 1.012150e+04 1.012465e+04 1.012661e+04 1.012099e+04 1.009187e+04 1.001199e+04 9.850037e+03 8.210480e+03 7.537071e+03 7.503465e+03 7.643726e+03 7.864391e+03 8.151653e+03 8.951340e+03 1.012265e+04 1.174296e+04 1.386602e+04 1.652282e+04 1.972680e+04
1.018564e+04 1.018564e+04 1.018564e+04 1.018564e+04 1.018564e+04 1.018578e+04 1.018621e+04 1.018784e+04 1.018897e+04 1.019027e+04 1.019331e+04 1.019674e+04 1.019902e+04 1.019391e+04 1.016580e+04 1.008801e+04 9.929982e+03 8.334293e+03 7.689339e+03 7.669495e+03 7.820319e+03 8.051730e+03 8.351047e+03 9.180041e+03 1.038755e+04 1.205007e+04 1.422032e+04 1.692823e+04 2.018590e+04
1.026410e+04 1.026410e+04 1.026410e+04 1.026410e+04 1.026410e+04 1.026421e+04 1.026451e+04 1.026566e+04 1.026651e+04 1.026753e+04 1.027014e+04 1.027334e+04 1.027564e+04 1.027086e+04 1.024366e+04 1.016793e+04 1.001385e+04 8.462758e+03 7.846814e+03 7.841103e+03 8.002891e+03 8.245533e+03 8.557488e+03 9.417156e+03 1.066225e+04 1.236813e+04 1.458642e+04 1.734596e+04 2.065766e+04
1.034630e+04 1.034630e+04 1.034630e+04 1.034630e+04 1.034630e+04 1.034635e+04 1.034649e+04 1.034711e+04 1.034766e+04 1.034844e+04 1.035069e+04 1.035378e+04 1.035620e+04 1.035185e+04 1.032566e+04 1.025207e+04 1.010204e+04 8.596182e+03 8.009740e+03 8.018549e+03 8.191728e+03 8.446124e+03 8.771335e+03 9.663091e+03 1.094718e+04 1.269758e+04 1.496471e+04 1.777639e+04 2.114240e+04
1.042799e+04 1.042799e+04 1.042799e+04 1.042799e+04 1.042799e+04 1.042803e+04 1.042822e+04 1.042920e+04 1.043003e+04 1.043110e+04 1.043398e+04 1.043768e+04 1.044072e+04 1.043714e+04 1.041218e+04 1.034088e+04 1.019501e+04 8.734875e+03 8.178368e+03 8.202100e+03 8.387136e+03 8.653844e+03 8.992963e+03 9.918274e+03 1.124278e+04 1.303887e+04 1.535563e+04 1.821992e+04 2.164048e+04
1.051183e+04 1.051183e+04 1.051183e+04 1.051183e+04 1.051183e+04 1.051201e+04 1.051257e+04 1.051462e+04 1.051603e+04 1.051769e+04 1.052166e+04 1.052632e+04 1.053025e+04 1.052760e+04 1.050397e+04 1.043503e+04 1.029335e+04 8.879143e+03 8.352956e+03 8.392039e+03 8.589434e+03 8.869054e+03 9.222769e+03 1.018315e+04 1.154952e+04 1.339244e+04 1.575961e+04 1.867693e+04 2.215224e+04
1.060595e+04 1.060595e+04 1.060595e+04 1.060595e+04 1.060596e+04 1.060614e+04 1.060670e+04 1.060885e+04 1.061039e+04 1.061221e+04 1.061661e+04 1.062179e+04 1.062630e+04 1.062439e+04 1.060195e+04 1.053527e+04 1.039769e+04 9.029288e+03 8.533773e+03 8.588663e+03 8.798960e+03 9.092136e+03 9.461172e+03 1.045819e+04 1.186788e+04 1.375876e+04 1.617709e+04 1.914782e+04 2.267802e+04
1.071040e+04 1.071040e+04 1.071040e+04 1.071040e+04 1.071040e+04 1.071053e+04 1.071095e+04 1.071271e+04 1.071405e+04 1.071570e+04 1.071990e+04 1.072507e+04 1.072976e+04 1.072827e+04 1.070679e+04 1.064216e+04 1.050852e+04 9.185594e+03 8.721098e+03 8.792288e+03 9.016076e+03 9.323495e+03 9.708619e+03 1.074388e+04 1.219836e+04 1.413832e+04 1.660850e+04 1.963301e+04 2.321820e+04
