3.418330e+03 2.010568e+03 1.526362e+03 7.371552e+02 5.548927e+02 2.942992e+02 2.250139e+02 1.791557e+02 1.692367e+02 1.633010e+02 1.591677e+02 1.622167e+02 1.715487e+02 1.885702e+02 2.159075e+02 2.562280e+02 3.114632e+02 8.171401e+02 1.571967e+03 2.151104e+03 2.175333e+03 1.901223e+03 1.642960e+03 1.393305e+03 1.409900e+03 1.622689e+03 2.017602e+03 2.594516e+03 3.351092e+03
2.870751e+02 2.870741e+02 2.870686e+02 2.866363e+02 2.843467e+02 2.459050e+02 2.085438e+02 1.741795e+02 1.659776e+02 1.611027e+02 1.582487e+02 1.620875e+02 1.720318e+02 1.896597e+02 2.177039e+02 2.588812e+02 3.151250e+02 8.267121e+02 1.584872e+03 2.161971e+03 2.181452e+03 1.903983e+03 1.644182e+03 1.393906e+03 1.410920e+03 1.624490e+03 2.020409e+03 2.598497e+03 3.356360e+03
2.150760e+02 2.150761e+02 2.150776e+02 2.151454e+02 2.151401e+02 2.087210e+02 1.911701e+02 1.684795e+02 1.623221e+02 1.586993e+02 1.573174e+02 1.620314e+02 1.726378e+02 1.909164e+02 2.197176e+02 2.618090e+02 3.191230e+02 8.368521e+02 1.598321e+03 2.173181e+03 2.187722e+03 1.906796e+03 1.645423e+03 1.394515e+03 1.411955e+03 1.626314e+03 2.023249e+03 2.602518e+03 3.361675e+03
1.881665e+02 1.881666e+02 1.881668e+02 1.881618e+02 1.881134e+02 1.843834e+02 1.787857e+02 1.626388e+02 1.584970e+02 1.562057e+02 1.564216e+02 1.620767e+02 1.733874e+02 1.923586e+02 2.219676e+02 2.650326e+02 3.234807e+02 8.475856e+02 1.612331e+03 2.184741e+03 2.194141e+03 1.909662e+03 1.646683e+03 1.395135e+03 1.413006e+03 1.628162e+03 2.026119e+03 2.606578e+03 3.367037e+03
1.720907e+02 1.720908e+02 1.720910e+02 1.720922e+02 1.720823e+02 1.701902e+02 1.676167e+02 1.577928e+02 1.548843e+02 1.537929e+02 1.556202e+02 1.622539e+02 1.743015e+02 1.940050e+02 2.244735e+02 2.685738e+02 3.282222e+02 8.589384e+02 1.626915e+03 2.196654e+03 2.200713e+03 1.912582e+03 1.647962e+03 1.395763e+03 1.414072e+03 1.630033e+03 2.029022e+03 2.610679e+03 3.372446e+03
1.614713e+02 1.614714e+02 1.614716e+02 1.614747e+02 1.614768e+02 1.606327e+02 1.586522e+02 1.543975e+02 1.521618e+02 1.517353e+02 1.549913e+02 1.625978e+02 1.754022e+02 1.958746e+02 2.272552e+02 2.724547e+02 3.333722e+02 8.709367e+02 1.642090e+03 2.208928e+03 2.207438e+03 1.915556e+03 1.649261e+03 1.396402e+03 1.415153e+03 1.631928e+03 2.031957e+03 2.614819e+03 3.377903e+03
1.541341e+02 1.541342e+02 1.541343e+02 1.541378e+02 1.541442e+02 1.538102e+02 1.522786e+02 1.515162e+02 1.504836e+02 1.504835e+02 1.546459e+02 1.631519e+02 1.767140e+02 1.979873e+02 2.303333e+02 2.766987e+02 3.389567e+02 8.836069e+02 1.657869e+03 2.221566e+03 2.214317e+03 1.918583e+03 1.650579e+03 1.397050e+03 1.416251e+03 1.633848e+03 2.034925e+03 2.619001e+03 3.383408e+03
1.489607e+02 1.489607e+02 1.489609e+02 1.489643e+02 1.489725e+02 1.488884e+02 1.478672e+02 1.488918e+02 1.493262e+02 1.500750e+02 1.547462e+02 1.639725e+02 1.782657e+02 2.003652e+02 2.337300e+02 2.813302e+02 3.450026e+02 8.969760e+02 1.674268e+03 2.234573e+03 2.221350e+03 1.921663e+03 1.651916e+03 1.397708e+03 1.417365e+03 1.635791e+03 2.037926e+03 2.623223e+03 3.388961e+03
1.453104e+02 1.453104e+02 1.453106e+02 1.453141e+02 1.453229e+02 1.453684e+02 1.448213e+02 1.467197e+02 1.484833e+02 1.501913e+02 1.555277e+02 1.651356e+02 1.800932e+02 2.030335e+02 2.374695e+02 2.863753e+02 3.515386e+02 9.110714e+02 1.691300e+03 2.247954e+03 2.228538e+03 1.924797e+03 1.653272e+03 1.398376e+03 1.418495e+03 1.637760e+03 2.040959e+03 2.627487e+03 3.394563e+03
1.427904e+02 1.427904e+02 1.427905e+02 1.427939e+02 1.428028e+02 1.429194e+02 1.427859e+02 1.452670e+02 1.479965e+02 1.506776e+02 1.569427e+02 1.667500e+02 1.822425e+02 2.060225e+02 2.415793e+02 2.918628e+02 3.585952e+02 9.259208e+02 1.708978e+03 2.261712e+03 2.235882e+03 1.927984e+03 1.654646e+03 1.399054e+03 1.419642e+03 1.639753e+03 2.044026e+03 2.631792e+03 3.400214e+03
1.411431e+02 1.411431e+02 1.411432e+02 1.411464e+02 1.411551e+02 1.413180e+02 1.416060e+02 1.447045e+02 1.480182e+02 1.515074e+02 1.588363e+02 1.689525e+02 1.847744e+02 2.093699e+02 2.460916e+02 2.978248e+02 3.662058e+02 9.415525e+02 1.727317e+03 2.275852e+03 2.243382e+03 1.931223e+03 1.656040e+03 1.399742e+03 1.420805e+03 1.641772e+03 2.047127e+03 2.636139e+03 3.405914e+03
1.502375e+02 1.502376e+02 1.502377e+02 1.502418e+02 1.502542e+02 1.506087e+02 1.516589e+02 1.554181e+02 1.584891e+02 1.626119e+02 1.731365e+02 1.862721e+02 2.048580e+02 2.335125e+02 2.763887e+02 3.362675e+02 4.140323e+02 1.032484e+03 1.829350e+03 2.352364e+03 2.283213e+03 1.948199e+03 1.663280e+03 1.403337e+03 1.426880e+03 1.652251e+03 2.063149e+03 2.658515e+03 3.435166e+03
1.742597e+02 1.742597e+02 1.742598e+02 1.742637e+02 1.742753e+02 1.746211e+02 1.756133e+02 1.791086e+02 1.816513e+02 1.850170e+02 1.951308e+02 2.109955e+02 2.352859e+02 2.719842e+02 3.246495e+02 3.952441e+02 4.840616e+02 1.147721e+03 1.949635e+03 2.438706e+03 2.326870e+03 1.966418e+03 1.670951e+03 1.407194e+03 1.433401e+03 1.663397e+03 2.080059e+03 2.681988e+03 3.465701e+03
2.040479e+02 2.040480e+02 2.040481e+02 2.040518e+02 2.040631e+02 2.044121e+02 2.054499e+02 2.092861e+02 2.120252e+02 2.154633e+02 2.259924e+02 2.451184e+02 2.775100e+02 3.267743e+02 3.947036e+02 4.813005e+02 5.852847e+02 1.292303e+03 2.089370e+03 2.534864e+03 2.374178e+03 1.985776e+03 1.679009e+03 1.411323e+03 1.440392e+03 1.675244e+03 2.097895e+03 2.706599e+03 3.497562e+03
2.407771e+02 2.407771e+02 2.407772e+02 2.407810e+02 2.407926e+02 2.411532e+02 2.422432e+02 2.464444e+02 2.496352e+02 2.538354e+02 2.676463e+02 2.943038e+02 3.397506e+02 4.068068e+02 4.951062e+02 6.022020e+02 7.248210e+02 1.473494e+03 2.249624e+03 2.640599e+03 2.424868e+03 2.006139e+03 1.687403e+03 1.415730e+03 1.447880e+03 1.687825e+03 2.116696e+03 2.732389e+03 3.530793e+03
2.854316e+02 2.854316e+02 2.854318e+02 2.854357e+02 2.854478e+02 2.858273e+02 2.869997e+02 2.922396e+02 2.968121e+02 3.034132e+02 3.267127e+02 3.699860e+02 4.375236e+02 5.292026e+02 6.419636e+02 7.713991e+02 9.129614e+02 1.695230e+03 2.431676e+03 2.755548e+03 2.478609e+03 2.027353e+03 1.696076e+03 1.420425e+03 1.455891e+03 1.701173e+03 2.136502e+03 2.759403e+03 3.565436e+03
3.393371e+02 3.393373e+02 3.393380e+02 3.393591e+02 3.394240e+02 3.409591e+02 3.442642e+02 3.545689e+02 3.632495e+02 3.765668e+02 4.227128e+02 4.976902e+02 5.987390e+02 7.206381e+02 8.581583e+02 1.006637e+03 1.162062e+03 1.955208e+03 2.637645e+03 2.879386e+03 2.535061e+03 2.049262e+03 1.704973e+03 1.425417e+03 1.464453e+03 1.715326e+03 2.157352e+03 2.787682e+03 3.601538e+03
4.350963e+02 4.350964e+02 4.350966e+02 4.351027e+02 4.351219e+02 4.357211e+02 4.376447e+02 4.538239e+02 4.758017e+02 5.092393e+02 6.057489e+02 7.294310e+02 8.683506e+02 1.015728e+03 1.168209e+03 1.323905e+03 1.481316e+03 2.248109e+03 2.864509e+03 3.012190e+03 2.593939e+03 2.071731e+03 1.714048e+03 1.430723e+03 1.473596e+03 1.730320e+03 2.179290e+03 2.817271e+03 3.639144e+03
5.468245e+02 5.468246e+02 5.468248e+02 5.468313e+02 5.468515e+02 5.479918e+02 5.651059e+02 6.757607e+02 7.504911e+02 8.293824e+02 9.892024e+02 1.144986e+03 1.294970e+03 1.440429e+03 1.583478e+03 1.725848e+03 1.868383e+03 2.565500e+03 3.105872e+03 3.154529e+03 2.655120e+03 2.094666e+03 1.723276e+03 1.436362e+03 1.483351e+03 1.746194e+03 2.202357e+03 2.848216e+03 3.678299e+03
1.424298e+03 1.424296e+03 1.424292e+03 1.424138e+03 1.423698e+03 1.414388e+03 1.412885e+03 1.472820e+03 1.517631e+03 1.566019e+03 1.666944e+03 1.769267e+03 1.871777e+03 1.975182e+03 2.080876e+03 2.190045e+03 2.303164e+03 2.896778e+03 3.354911e+03 3.303137e+03 2.718868e+03 2.118048e+03 1.732657e+03 1.442363e+03 1.493757e+03 1.762988e+03 2.226598e+03 2.880563e+03 3.719051e+03
2.516976e+03 2.516976e+03 2.516974e+03 2.516922e+03 2.516759e+03 2.512133e+03 2.499719e+03 2.463797e+03 2.448434e+03 2.438493e+03 2.436747e+03 2.456242e+03 2.492185e+03 2.541218e+03 2.601541e+03 2.672110e+03 2.751927e+03 3.230935e+03 3.604952e+03 3.454053e+03 2.785404e+03 2.141976e+03 1.742232e+03 1.448765e+03 1.504852e+03 1.780746e+03 2.252058e+03 2.914359e+03 3.761447e+03
3.096895e+03 3.096895e+03 3.096895e+03 3.096882e+03 3.096842e+03 3.095702e+03 3.093242e+03 3.082196e+03 3.072971e+03 3.062627e+03 3.044142e+03 3.034994e+03 3.038626e+03 3.055706e+03 3.085881e+03 3.128428e+03 3.182307e+03 3.558621e+03 3.850244e+03 3.603613e+03 2.852830e+03 2.166814e+03 1.752092e+03 1.455618e+03 1.516684e+03 1.799514e+03 2.278786e+03 2.949653e+03 3.805536e+03
3.496757e+03 3.496757e+03 3.496756e+03 3.496747e+03 3.496718e+03 3.495851e+03 3.493839e+03 3.489849e+03 3.487563e+03 3.484798e+03 3.478685e+03 3.474877e+03 3.477018e+03 3.487492e+03 3.507482e+03 3.537344e+03 3.576824e+03 3.873599e+03 4.086393e+03 3.748524e+03 2.919337e+03 2.192610e+03 1.762412e+03 1.462989e+03 1.529303e+03 1.819342e+03 2.306831e+03 2.986496e+03 3.851368e+03
3.789036e+03 3.789036e+03 3.789037e+03 3.789052e+03 3.789100e+03 3.790317e+03 3.792847e+03 3.798846e+03 3.802056e+03 3.805406e+03 3.812699e+03 3.821678e+03 3.833857e+03 3.850559e+03 3.872658e+03 3.900654e+03 3.934716e+03 4.172906e+03 4.310363e+03 3.886010e+03 2.983324e+03 2.218439e+03 1.773532e+03 1.470962e+03 1.542769e+03 1.840283e+03 2.336247e+03 3.024940e+03 3.898993e+03
4.066246e+03 4.066246e+03 4.066246e+03 4.066249e+03 4.066261e+03 4.066646e+03 4.068132e+03 4.075356e+03 4.080994e+03 4.087806e+03 4.104503e+03 4.124755e+03 4.148042e+03 4.173911e+03 4.202049e+03 4.232374e+03 4.265000e+03 4.455802e+03 4.520127e+03 4.013878e+03 3.043389e+03 2.243551e+03 1.785425e+03 1.479644e+03 1.557151e+03 1.862395e+03 2.367088e+03 3.065039e+03 3.948465e+03
4.335119e+03 4.335119e+03 4.335120e+03 4.335127e+03 4.335151e+03 4.335906e+03 4.338414e+03 4.348894e+03 4.356763e+03 4.366333e+03 4.390173e+03 4.419001e+03 4.450802e+03 4.483649e+03 4.516183e+03 4.547771e+03 4.578395e+03 4.722156e+03 4.714187e+03 4.130486e+03 3.098367e+03 2.267310e+03 1.797648e+03 1.489171e+03 1.572525e+03 1.885743e+03 2.399413e+03 3.106849e+03 3.999837e+03
4.622334e+03 4.622334e+03 4.622335e+03 4.622345e+03 4.622376e+03 4.623389e+03 4.626767e+03 4.640548e+03 4.650747e+03 4.662991e+03 4.692677e+03 4.726926e+03 4.762584e+03 4.797045e+03 4.828688e+03 4.856874e+03 4.881727e+03 4.970990e+03 4.891155e+03 4.234651e+03 3.147357e+03 2.289183e+03 1.809883e+03 1.499730e+03 1.588982e+03 1.910395e+03 2.433286e+03 3.150429e+03 4.053164e+03
4.948125e+03 4.948126e+03 4.948126e+03 4.948141e+03 4.948189e+03 4.949620e+03 4.953861e+03 4.970166e+03 4.981990e+03 4.995856e+03 5.027605e+03 5.060994e+03 5.092527e+03 5.120157e+03 5.143018e+03 5.161075e+03 5.174830e+03 5.199678e+03 5.049531e+03 4.325560e+03 3.189731e+03 2.308753e+03 1.821875e+03 1.511567e+03 1.606623e+03 1.936430e+03 2.468773e+03 3.195842e+03 4.108504e+03
5.325911e+03 5.325911e+03 5.325911e+03 5.325927e+03 5.325974e+03 5.327450e+03 5.331942e+03 5.349242e+03 5.360990e+03 5.373597e+03 5.398170e+03 5.418818e+03 5.434247e+03 5.444493e+03 5.450032e+03 5.451473e+03 5.449489e+03 5.404002e+03 5.187719e+03 4.402693e+03 3.225121e+03 2.325722e+03 1.833422e+03 1.524610e+03 1.625569e+03 1.963930e+03 2.505948e+03 3.243153e+03 4.165917e+03
5.759144e+03 5.759144e+03 5.759144e+03 5.759159e+03 5.759207e+03 5.760706e+03 5.765256e+03 5.777636e+03 5.781776e+03 5.783561e+03 5.780746e+03 5.771816e+03 5.759191e+03 5.744289e+03 5.727789e+03 5.709994e+03 5.691077e+03 5.579040e+03 5.304234e+03 4.465801e+03 3.253394e+03 2.339918e+03 1.844377e+03 1.538747e+03 1.645965e+03 1.992991e+03 2.544886e+03 3.292430e+03 4.225466e+03
6.247803e+03 6.247802e+03 6.247799e+03 6.247710e+03 6.247485e+03 6.242542e+03 6.229136e+03 6.188548e+03 6.165845e+03 6.142994e+03 6.098558e+03 6.056940e+03 6.018344e+03 5.982362e+03 5.948361e+03 5.915702e+03 5.883857e+03 5.720570e+03 5.398010e+03 4.514898e+03 3.274622e+03 2.351287e+03 1.854646e+03 1.553915e+03 1.668011e+03 2.023716e+03 2.585673e+03 3.343747e+03 4.287215e+03
6.368016e+03 6.368016e+03 6.368016e+03 6.368012e+03 6.368000e+03 6.367540e+03 6.363931e+03 6.339455e+03 6.321059e+03 6.300639e+03 6.257420e+03 6.214157e+03 6.172316e+03 6.132136e+03 6.093367e+03 6.055616e+03 6.018495e+03 5.826392e+03 5.468667e+03 4.550268e+03 3.289051e+03 2.359883e+03 1.864195e+03 1.570068e+03 1.691861e+03 2.056225e+03 2.628400e+03 3.397180e+03 4.351231e+03
6.299384e+03 6.299384e+03 6.299384e+03 6.299387e+03 6.299393e+03 6.299569e+03 6.300047e+03 6.300041e+03 6.297873e+03 6.293533e+03 6.278391e+03 6.256240e+03 6.229210e+03 6.198898e+03 6.166332e+03 6.132132e+03 6.096658e+03 5.896960e+03 5.516638e+03 4.572464e+03 3.297060e+03 2.365851e+03 1.873040e+03 1.587180e+03 1.717462e+03 2.090651e+03 2.673164e+03 3.452814e+03 4.417588e+03
6.244965e+03 6.244965e+03 6.244965e+03 6.244968e+03 6.244979e+03 6.245302e+03 6.246196e+03 6.249137e+03 6.250721e+03 6.251807e+03 6.250734e+03 6.243660e+03 6.230207e+03 6.211038e+03 6.187129e+03 6.159412e+03 6.128632e+03 5.935053e+03 5.543134e+03 4.582281e+03 3.299137e+03 2.369408e+03 1.881247e+03 1.605239e+03 1.744792e+03 2.127161e+03 2.720076e+03 3.510736e+03 4.486359e+03
6.213202e+03 6.213202e+03 6.213202e+03 6.213205e+03 6.213213e+03 6.213484e+03 6.214312e+03 6.217200e+03 6.218785e+03 6.220077e+03 6.220651e+03 6.217074e+03 6.208416e+03 6.194575e+03 6.175940e+03 6.153090e+03 6.126605e+03 5.944799e+03 5.549959e+03 4.580713e+03 3.295841e+03 2.370827e+03 1.888922e+03 1.624248e+03 1.773852e+03 2.165973e+03 2.769256e+03 3.571042e+03 4.557625e+03
6.202597e+03 6.202597e+03 6.202597e+03 6.202600e+03 6.202609e+03 6.202736e+03 6.202694e+03 6.201433e+03 6.200095e+03 6.198263e+03 6.193043e+03 6.185416e+03 6.174881e+03 6.161073e+03 6.143867e+03 6.123331e+03 6.099629e+03 5.930651e+03 5.539286e+03 4.568890e+03 3.287781e+03 2.370416e+03 1.896206e+03 1.644227e+03 1.804651e+03 2.207163e+03 2.820837e+03 3.633832e+03 4.631468e+03
6.183722e+03 6.183722e+03 6.183722e+03 6.183714e+03 6.183690e+03 6.182967e+03 6.180811e+03 6.173220e+03 6.168390e+03 6.163152e+03 6.151842e+03 6.139571e+03 6.126100e+03 6.111009e+03 6.093923e+03 6.074586e+03 6.052838e+03 5.896769e+03 5.513433e+03 4.548021e+03 3.275583e+03 2.368503e+03 1.903264e+03 1.665211e+03 1.837207e+03 2.250709e+03 2.874974e+03 3.699219e+03 4.707979e+03
6.108669e+03 6.108669e+03 6.108669e+03 6.108666e+03 6.108657e+03 6.108332e+03 6.107091e+03 6.101638e+03 6.097656e+03 6.093033e+03 6.082359e+03 6.070308e+03 6.057098e+03 6.042635e+03 6.026690e+03 6.009019e+03 5.989394e+03 5.846845e+03 5.474714e+03 4.519337e+03 3.259881e+03 2.365426e+03 1.910279e+03 1.687248e+03 1.871545e+03 2.296629e+03 2.931862e+03 3.767323e+03 4.787251e+03
6.001822e+03 6.001822e+03 6.001822e+03 6.001821e+03 6.001818e+03 6.001696e+03 6.001260e+03 5.999134e+03 5.997309e+03 5.994921e+03 5.988488e+03 5.980055e+03 5.969872e+03 5.958065e+03 5.944629e+03 5.929477e+03 5.912465e+03 5.784167e+03 5.425339e+03 4.484046e+03 3.241287e+03 2.361519e+03 1.917444e+03 1.710403e+03 1.907696e+03 2.344950e+03 2.991716e+03 3.838276e+03 4.869387e+03
5.889505e+03 5.889505e+03 5.889505e+03 5.889505e+03 5.889504e+03 5.889472e+03 5.889348e+03 5.888675e+03 5.888001e+03 5.886997e+03 5.883758e+03 5.878680e+03 5.871729e+03 5.862954e+03 5.852390e+03 5.840021e+03 5.825769e+03 5.711692e+03 5.367355e+03 4.443297e+03 3.220391e+03 2.357106e+03 1.924957e+03 1.734752e+03 1.945698e+03 2.395707e+03 3.054547e+03 3.912227e+03 4.954493e+03
5.781128e+03 5.781128e+03 5.781128e+03 5.781129e+03 5.781130e+03 5.781154e+03 5.781187e+03 5.780950e+03 5.780573e+03 5.779969e+03 5.777923e+03 5.774531e+03 5.769604e+03 5.763043e+03 5.754793e+03 5.744802e+03 5.732986e+03 5.632030e+03 5.302607e+03 4.398160e+03 3.197744e+03 2.352498e+03 1.933015e+03 1.760382e+03 1.985598e+03 2.448940e+03 3.120365e+03 3.989352e+03 5.042689e+03
5.679262e+03 5.679262e+03 5.679262e+03 5.679261e+03 5.679258e+03 5.679165e+03 5.678877e+03 5.677861e+03 5.677170e+03 5.676352e+03 5.674249e+03 5.671317e+03 5.667302e+03 5.662001e+03 5.655268e+03 5.646990e+03 5.637047e+03 5.547382e+03 5.232717e+03 4.349609e+03 3.173858e+03 2.347987e+03 1.941814e+03 1.787391e+03 2.027450e+03 2.504693e+03 3.189204e+03 4.069877e+03 5.134100e+03
5.576938e+03 5.576938e+03 5.576938e+03 5.576938e+03 5.576936e+03 5.576863e+03 5.576635e+03 5.575752e+03 5.575111e+03 5.574338e+03 5.572362e+03 5.569687e+03 5.566126e+03 5.561503e+03 5.555673e+03 5.548514e+03 5.539891e+03 5.459500e+03 5.159073e+03 4.298516e+03 3.149199e+03 2.343845e+03 1.951541e+03 1.815885e+03 2.071315e+03 2.563014e+03 3.261106e+03 4.153955e+03 5.228869e+03
5.475266e+03 5.475266e+03 5.475266e+03 5.475266e+03 5.475266e+03 5.475252e+03 5.475194e+03 5.474817e+03 5.474436e+03 5.473892e+03 5.472252e+03 5.469803e+03 5.466469e+03 5.462173e+03 5.456831e+03 5.450353e+03 5.442615e+03 5.369705e+03 5.082837e+03 4.245651e+03 3.124194e+03 2.340324e+03 1.962377e+03 1.845976e+03 2.117262e+03 2.623956e+03 3.336118e+03 4.241574e+03 5.327153e+03
5.377887e+03 5.377887e+03 5.377887e+03 5.377887e+03 5.377886e+03 5.377873e+03 5.377813e+03 5.377367e+03 5.376912e+03 5.376274e+03 5.374424e+03 5.371787e+03 5.368352e+03 5.364089e+03 5.358952e+03 5.352869e+03 5.345731e+03 5.278958e+03 5.004972e+03 4.191689e+03 3.099224e+03 2.337658e+03 1.974494e+03 1.877780e+03 2.165369e+03 2.687576e+03 3.414290e+03 4.332758e+03 5.429146e+03
5.284055e+03 5.284055e+03 5.284055e+03 5.284054e+03 5.284051e+03 5.283936e+03 5.283586e+03 5.282323e+03 5.281446e+03 5.280419e+03 5.277932e+03 5.274865e+03 5.271192e+03 5.266871e+03 5.261852e+03 5.256065e+03 5.249406e+03 5.187955e+03 4.926266e+03 4.137216e+03 3.074634e+03 2.336063e+03 1.988059e+03 1.911421e+03 2.215719e+03 2.753936e+03 3.495675e+03 4.427546e+03 5.535089e+03
5.187187e+03 5.187186e+03 5.187186e+03 5.187185e+03 5.187182e+03 5.187075e+03 5.186732e+03 5.185405e+03 5.184481e+03 5.183413e+03 5.180877e+03 5.177815e+03 5.174212e+03 5.170045e+03 5.165279e+03 5.159864e+03 5.153707e+03 5.097230e+03 4.847377e+03 4.082745e+03 3.050736e+03 2.335737e+03 2.003227e+03 1.947022e+03 2.268404e+03 2.823104e+03 3.580331e+03 4.525982e+03 5.645038e+03
5.086802e+03 5.086802e+03 5.086802e+03 5.086802e+03 5.086802e+03 5.086795e+03 5.086710e+03 5.086147e+03 5.085629e+03 5.084939e+03 5.083044e+03 5.080492e+03 5.077327e+03 5.073581e+03 5.069265e+03 5.064360e+03 5.058798e+03 5.007235e+03 4.768863e+03 4.028723e+03 3.027809e+03 2.336866e+03 2.020149e+03 1.984709e+03 2.323523e+03 2.895151e+03 3.668315e+03 4.628114e+03 5.758981e+03
4.989067e+03 4.989067e+03 4.989067e+03 4.989067e+03 4.989066e+03 4.989038e+03 4.988944e+03 4.988497e+03 4.988098e+03 4.987557e+03 4.986023e+03 4.983891e+03 4.981190e+03 4.977950e+03 4.974186e+03 4.969889e+03 4.965001e+03 4.918392e+03 4.691210e+03 3.975548e+03 3.006107e+03 2.339621e+03 2.038967e+03 2.024612e+03 2.381179e+03 2.970157e+03 3.759689e+03 4.733994e+03 5.876942e+03
4.894305e+03 4.894305e+03 4.894305e+03 4.894304e+03 4.894303e+03 4.894246e+03 4.894060e+03 4.893317e+03 4.892787e+03 4.892165e+03 4.890651e+03 4.888757e+03 4.886456e+03 4.883726e+03 4.880555e+03 4.876917e+03 4.872753e+03 4.831117e+03 4.614853e+03 3.923570e+03 2.985861e+03 2.344164e+03 2.059819e+03 2.066858e+03 2.441484e+03 3.048206e+03 3.854519e+03 4.843674e+03 5.998955e+03
4.799784e+03 4.799784e+03 4.799784e+03 4.799783e+03 4.799781e+03 4.799720e+03 4.799537e+03 4.798912e+03 4.798496e+03 4.798015e+03 4.796852e+03 4.795392e+03 4.793599e+03 4.791445e+03 4.788909e+03 4.785961e+03 4.782541e+03 4.745819e+03 4.540179e+03 3.873104e+03 2.967282e+03 2.350645e+03 2.082836e+03 2.111578e+03 2.504553e+03 3.129385e+03 3.952872e+03 4.957208e+03 6.125057e+03
4.706134e+03 4.706134e+03 4.706134e+03 4.706134e+03 4.706135e+03 4.706152e+03 4.706192e+03 4.706196e+03 4.706111e+03 4.705953e+03 4.705397e+03 4.704509e+03 4.703289e+03 4.701731e+03 4.699829e+03 4.697561e+03 4.694869e+03 4.662888e+03 4.467542e+03 3.824430e+03 2.950562e+03 2.359209e+03 2.108148e+03 2.158903e+03 2.570507e+03 3.213792e+03 4.054820e+03 5.074650e+03 6.255289e+03
4.618037e+03 4.618037e+03 4.618037e+03 4.618037e+03 4.618037e+03 4.618039e+03 4.618046e+03 4.618055e+03 4.618024e+03 4.617951e+03 4.617641e+03 4.617092e+03 4.616291e+03 4.615226e+03 4.613881e+03 4.612229e+03 4.610208e+03 4.582683e+03 4.397254e+03 3.777799e+03 2.935879e+03 2.369991e+03 2.135878e+03 2.208962e+03 2.639470e+03 3.301527e+03 4.160437e+03 5.196058e+03 6.389692e+03
4.534832e+03 4.534832e+03 4.534832e+03 4.534832e+03 4.534832e+03 4.534827e+03 4.534788e+03 4.534595e+03 4.534457e+03 4.534304e+03 4.533964e+03 4.533557e+03 4.533038e+03 4.532360e+03 4.531484e+03 4.530368e+03 4.528946e+03 4.505516e+03 4.329587e+03 3.733435e+03 2.923397e+03 2.383120e+03 2.166148e+03 2.261887e+03 2.711573e+03 3.392696e+03 4.269804e+03 5.321488e+03 6.528309e+03
4.454619e+03 4.454619e+03 4.454619e+03 4.454619e+03 4.454618e+03 4.454585e+03 4.454492e+03 4.454274e+03 4.454186e+03 4.454114e+03 4.453999e+03 4.453872e+03 4.453676e+03 4.453369e+03 4.452913e+03 4.452269e+03 4.451370e+03 4.431645e+03 4.264774e+03 3.691532e+03 2.913265e+03 2.398721e+03 2.199077e+03 2.317810e+03 2.786947e+03 3.487412e+03 4.383002e+03 5.451001e+03 6.671181e+03
4.376611e+03 4.376611e+03 4.376611e+03 4.376612e+03 4.376613e+03 4.376670e+03 4.376833e+03 4.377296e+03 4.377530e+03 4.377744e+03 4.378094e+03 4.378334e+03 4.378464e+03 4.378485e+03 4.378385e+03 4.378139e+03 4.377689e+03 4.361266e+03 4.203006e+03 3.652260e+03 2.905621e+03 2.416914e+03 2.234783e+03 2.376864e+03 2.865730e+03 3.585790e+03 4.500119e+03 5.584657e+03 6.818349e+03
4.306152e+03 4.306152e+03 4.306152e+03 4.306152e+03 4.306152e+03 4.306161e+03 4.306215e+03 4.306457e+03 4.306619e+03 4.306788e+03 4.307116e+03 4.307411e+03 4.307668e+03 4.307881e+03 4.308035e+03 4.308102e+03 4.308021e+03 4.294521e+03 4.144436e+03 3.615765e+03 2.900593e+03 2.437813e+03 2.273383e+03 2.439181e+03 2.948062e+03 3.687952e+03 4.621245e+03 5.722518e+03 6.969855e+03
4.240716e+03 4.240716e+03 4.240716e+03 4.240716e+03 4.240716e+03 4.240717e+03 4.240710e+03 4.240656e+03 4.240629e+03 4.240621e+03 4.240688e+03 4.240875e+03 4.241154e+03 4.241489e+03 4.241841e+03 4.242168e+03 4.242401e+03 4.231501e+03 4.089181e+03 3.582173e+03 2.898296e+03 2.461530e+03 2.314990e+03 2.504898e+03 3.034084e+03 3.794026e+03 4.746475e+03 5.864649e+03 7.125741e+03
4.177865e+03 4.177865e+03 4.177865e+03 4.177865e+03 4.177864e+03 4.177847e+03 4.177792e+03 4.177654e+03 4.177624e+03 4.177639e+03 4.177810e+03 4.178147e+03 4.178603e+03 4.179139e+03 4.179716e+03 4.180297e+03 4.180820e+03 4.172256e+03 4.037325e+03 3.551587e+03 2.898838e+03 2.488173e+03 2.359719e+03 2.574149e+03 3.123943e+03 3.904140e+03 4.875908e+03 6.011115e+03 7.286048e+03
4.116427e+03 4.116427e+03 4.116428e+03 4.116428e+03 4.116431e+03 4.116503e+03 4.116672e+03 4.117188e+03 4.117506e+03 4.117845e+03 4.118557e+03 4.119295e+03 4.120058e+03 4.120848e+03 4.121662e+03 4.122483e+03 4.123266e+03 4.116805e+03 3.988929e+03 3.524096e+03 2.902318e+03 2.517848e+03 2.407686e+03 2.647073e+03 3.217788e+03 4.018431e+03 5.009647e+03 6.161985e+03 7.450816e+03
4.061429e+03 4.061429e+03 4.061429e+03 4.061430e+03 4.061433e+03 4.061513e+03 4.061739e+03 4.062429e+03 4.062830e+03 4.063245e+03 4.064092e+03 4.064952e+03 4.065837e+03 4.066761e+03 4.067727e+03 4.068727e+03 4.069720e+03 4.065140e+03 3.944030e+03 3.499771e+03 2.908828e+03 2.550656e+03 2.459005e+03 2.723809e+03 3.315770e+03 4.137035e+03 5.147796e+03 6.317328e+03 7.620086e+03
4.013870e+03 4.013870e+03 4.013870e+03 4.013870e+03 4.013869e+03 4.013858e+03 4.013827e+03 4.013818e+03 4.013890e+03 4.014022e+03 4.014457e+03 4.015089e+03 4.015878e+03 4.016799e+03 4.017830e+03 4.018949e+03 4.020107e+03 4.017238e+03 3.902651e+03 3.478675e+03 2.918453e+03 2.586701e+03 2.513791e+03 2.804501e+03 3.418043e+03 4.260094e+03 5.290465e+03 6.477216e+03 7.793898e+03
3.967682e+03 3.967682e+03 3.967682e+03 3.967683e+03 3.967683e+03 3.967692e+03 3.967713e+03 3.967786e+03 3.967856e+03 3.967966e+03 3.968333e+03 3.968913e+03 3.969691e+03 3.970645e+03 3.971753e+03 3.972989e+03 3.974305e+03 3.973061e+03 3.864803e+03 3.460859e+03 2.931274e+03 2.626081e+03 2.572162e+03 2.889292e+03 3.524764e+03 4.387754e+03 5.437766e+03 6.641721e+03 7.972293e+03
3.923760e+03 3.923760e+03 3.923760e+03 3.923760e+03 3.923761e+03 3.923785e+03 3.923858e+03 3.924158e+03 3.924378e+03 3.924640e+03 3.925275e+03 3.926056e+03 3.926988e+03 3.928077e+03 3.929322e+03 3.930712e+03 3.932207e+03 3.932572e+03 3.830493e+03 3.446368e+03 2.947366e+03 2.668896e+03 2.634236e+03 2.978333e+03 3.636094e+03 4.520161e+03 5.589813e+03 6.810919e+03 8.155310e+03
3.883534e+03 3.883534e+03 3.883534e+03 3.883534e+03 3.883536e+03 3.883586e+03 3.883735e+03 3.884258e+03 3.884600e+03 3.884979e+03 3.885821e+03 3.886773e+03 3.887856e+03 3.889093e+03 3.890495e+03 3.892059e+03 3.893750e+03 3.895744e+03 3.799725e+03 3.435240e+03 2.966802e+03 2.715245e+03 2.700134e+03 3.071773e+03 3.752196e+03 4.657465e+03 5.746724e+03 6.984884e+03 8.342989e+03
3.848459e+03 3.848459e+03 3.848459e+03 3.848459e+03 3.848461e+03 3.848511e+03 3.848642e+03 3.849042e+03 3.849298e+03 3.849591e+03 3.850312e+03 3.851234e+03 3.852367e+03 3.853712e+03 3.855266e+03 3.857013e+03 3.858915e+03 3.862562e+03 3.772504e+03 3.427510e+03 2.989651e+03 2.765228e+03 2.769979e+03 3.169770e+03 3.873234e+03 4.799818e+03 5.908616e+03 7.163696e+03 8.535369e+03
3.817442e+03 3.817442e+03 3.817442e+03 3.817442e+03 3.817442e+03 3.817432e+03 3.817401e+03 3.817379e+03 3.817455e+03 3.817616e+03 3.818211e+03 3.819146e+03 3.820380e+03 3.821878e+03 3.823617e+03 3.825574e+03 3.827705e+03 3.833025e+03 3.748834e+03 3.423211e+03 3.015982e+03 2.818946e+03 2.843898e+03 3.272483e+03 3.999378e+03 4.947375e+03 6.075610e+03 7.347430e+03 8.732490e+03
3.786682e+03 3.786682e+03 3.786682e+03 3.786682e+03 3.786682e+03 3.786707e+03 3.786813e+03 3.787271e+03 3.787620e+03 3.788040e+03 3.789081e+03 3.790364e+03 3.791880e+03 3.793625e+03 3.795597e+03 3.797787e+03 3.800161e+03 3.807142e+03 3.728722e+03 3.422369e+03 3.045860e+03 2.876501e+03 2.922022e+03 3.380076e+03 4.130799e+03 5.100289e+03 6.247826e+03 7.536165e+03 8.934390e+03
3.759903e+03 3.759903e+03 3.759903e+03 3.759904e+03 3.759907e+03 3.760000e+03 3.760285e+03 3.761277e+03 3.761891e+03 3.762544e+03 3.763947e+03 3.765494e+03 3.767226e+03 3.769171e+03 3.771346e+03 3.773748e+03 3.776348e+03 3.784927e+03 3.712175e+03 3.425012e+03 3.079351e+03 2.937998e+03 3.004488e+03 3.492719e+03 4.267671e+03 5.258718e+03 6.425387e+03 7.729980e+03 9.141106e+03
3.741406e+03 3.741406e+03 3.741406e+03 3.741406e+03 3.741405e+03 3.741406e+03 3.741458e+03 3.741798e+03 3.742094e+03 3.742480e+03 3.743521e+03 3.744910e+03 3.746624e+03 3.748642e+03 3.750947e+03 3.753517e+03 3.756314e+03 3.766395e+03 3.699195e+03 3.431162e+03 3.116521e+03 3.003546e+03 3.091436e+03 3.610588e+03 4.410171e+03 5.422819e+03 6.608413e+03 7.928952e+03 9.352676e+03
3.725375e+03 3.725375e+03 3.725375e+03 3.725375e+03 3.725375e+03 3.725365e+03 3.725338e+03 3.725373e+03 3.725520e+03 3.725786e+03 3.726689e+03 3.728049e+03 3.729810e+03 3.731924e+03 3.734360e+03 3.737090e+03 3.740068e+03 3.751549e+03 3.689782e+03 3.440841e+03 3.157437e+03 3.073259e+03 3.183013e+03 3.733862e+03 4.558480e+03 5.592749e+03 6.797026e+03 8.133159e+03 9.569133e+03
3.709116e+03 3.709116e+03 3.709116e+03 3.709117e+03 3.709120e+03 3.709218e+03 3.709485e+03 3.710342e+03 3.710896e+03 3.711520e+03 3.712965e+03 3.714675e+03 3.716671e+03 3.718966e+03 3.721565e+03 3.724459e+03 3.727611e+03 3.740387e+03 3.683927e+03 3.454064e+03 3.202166e+03 3.147254e+03 3.279375e+03 3.862728e+03 4.712780e+03 5.768665e+03 6.991344e+03 8.342676e+03 9.790514e+03
3.699182e+03 3.699182e+03 3.699182e+03 3.699183e+03 3.699186e+03 3.699287e+03 3.699591e+03 3.700630e+03 3.701284e+03 3.701996e+03 3.703579e+03 3.705395e+03 3.707490e+03 3.709892e+03 3.712613e+03 3.715642e+03 3.718944e+03 3.732894e+03 3.681616e+03 3.470847e+03 3.250778e+03 3.225655e+03 3.380682e+03 3.997379e+03 4.873256e+03 5.950725e+03 7.191486e+03 8.557577e+03 1.001685e+04
3.696812e+03 3.696812e+03 3.696812e+03 3.696812e+03 3.696811e+03 3.696805e+03 3.696805e+03 3.696997e+03 3.697238e+03 3.697596e+03 3.698680e+03 3.700249e+03 3.702264e+03 3.704687e+03 3.707483e+03 3.710620e+03 3.714050e+03 3.729042e+03 3.682827e+03 3.491203e+03 3.303349e+03 3.308596e+03 3.487107e+03 4.138014e+03 5.040093e+03 6.139085e+03 7.397568e+03 8.777934e+03 1.024817e+04
3.694989e+03 3.694989e+03 3.694989e+03 3.694989e+03 3.694989e+03 3.694981e+03 3.694967e+03 3.695103e+03 3.695331e+03 3.695693e+03 3.696836e+03 3.698503e+03 3.700634e+03 3.703176e+03 3.706092e+03 3.709345e+03 3.712892e+03 3.728790e+03 3.687527e+03 3.515142e+03 3.359956e+03 3.396214e+03 3.598828e+03 4.284837e+03 5.213482e+03 6.333897e+03 7.609702e+03 9.003816e+03 1.048450e+04
3.693097e+03 3.693097e+03 3.693097e+03 3.693098e+03 3.693102e+03 3.693219e+03 3.693561e+03 3.694701e+03 3.695436e+03 3.696255e+03 3.698111e+03 3.700245e+03 3.702671e+03 3.705403e+03 3.708450e+03 3.711805e+03 3.715440e+03 3.732080e+03 3.695676e+03 3.542676e+03 3.420685e+03 3.488660e+03 3.716035e+03 4.438060e+03 5.393611e+03 6.535315e+03 7.827997e+03 9.235289e+03 1.072587e+04
3.698973e+03 3.698973e+03 3.698973e+03 3.698974e+03 3.698978e+03 3.699095e+03 3.699451e+03 3.700675e+03 3.701456e+03 3.702314e+03 3.704220e+03 3.706379e+03 3.708817e+03 3.711559e+03 3.714617e+03 3.717987e+03 3.721645e+03 3.738832e+03 3.707229e+03 3.573817e+03 3.485627e+03 3.586094e+03 3.838929e+03 4.597901e+03 5.580672e+03 6.743486e+03 8.052557e+03 9.472414e+03 1.097230e+04
3.713015e+03 3.713015e+03 3.713015e+03 3.713015e+03 3.713015e+03 3.713009e+03 3.713011e+03 3.713235e+03 3.713507e+03 3.713903e+03 3.715086e+03 3.716774e+03 3.718925e+03 3.721495e+03 3.724447e+03 3.727752e+03 3.731374e+03 3.748948e+03 3.722134e+03 3.608583e+03 3.554885e+03 3.688686e+03 3.967721e+03 4.764582e+03 5.774854e+03 6.958557e+03 8.283483e+03 9.715247e+03 1.122381e+04
3.727124e+03 3.727124e+03 3.727124e+03 3.727123e+03 3.727123e+03 3.727116e+03 3.727097e+03 3.727163e+03 3.727331e+03 3.727626e+03 3.728638e+03 3.730197e+03 3.732247e+03 3.734730e+03 3.737607e+03 3.740847e+03 3.744418e+03 3.762316e+03 3.740345e+03 3.647000e+03 3.628571e+03 3.796622e+03 4.102633e+03 4.938331e+03 5.976347e+03 7.180668e+03 8.520869e+03 9.963841e+03 1.148041e+04
3.740038e+03 3.740038e+03 3.740039e+03 3.740040e+03 3.740043e+03 3.740147e+03 3.740435e+03 3.741374e+03 3.741991e+03 3.742691e+03 3.744322e+03 3.746245e+03 3.748464e+03 3.750995e+03 3.753852e+03 3.757046e+03 3.760571e+03 3.778819e+03 3.761820e+03 3.689102e+03 3.706813e+03 3.910098e+03 4.243900e+03 5.119383e+03 6.185340e+03 7.409955e+03 8.764802e+03 1.021824e+04 1.174211e+04
3.758640e+03 3.758640e+03 3.758640e+03 3.758641e+03 3.758644e+03 3.758750e+03 3.759077e+03 3.760261e+03 3.761025e+03 3.761858e+03 3.763668e+03 3.765652e+03 3.767845e+03 3.770300e+03 3.773067e+03 3.776180e+03 3.779647e+03 3.798355e+03 3.786534e+03 3.734940e+03 3.789749e+03 4.029326e+03 4.391767e+03 5.307975e+03 6.402017e+03 7.646546e+03 9.015362e+03 1.047849e+04 1.200892e+04
3.784745e+03 3.784745e+03 3.784745e+03 3.784745e+03 3.784744e+03 3.784742e+03 3.784793e+03 3.785163e+03 3.785485e+03 3.785898e+03 3.786993e+03 3.788439e+03 3.790243e+03 3.792425e+03 3.795009e+03 3.798014e+03 3.801436e+03 3.820849e+03 3.814488e+03 3.784579e+03 3.877536e+03 4.154531e+03 4.546492e+03 5.504345e+03 6.626562e+03 7.890564e+03 9.272622e+03 1.074461e+04 1.228083e+04
3.811702e+03 3.811702e+03 3.811702e+03 3.811702e+03 3.811702e+03 3.811690e+03 3.811654e+03 3.811573e+03 3.811598e+03 3.811707e+03 3.812247e+03 3.813260e+03 3.814760e+03 3.816755e+03 3.819249e+03 3.822244e+03 3.825723e+03 3.846279e+03 3.845711e+03 3.838107e+03 3.970346e+03 4.285955e+03 4.708342e+03 5.708737e+03 6.859150e+03 8.142123e+03 9.536646e+03 1.101664e+04 1.255785e+04
3.836198e+03 3.836198e+03 3.836198e+03 3.836198e+03 3.836197e+03 3.836211e+03 3.836272e+03 3.836545e+03 3.836763e+03 3.837045e+03 3.837850e+03 3.839042e+03 3.840688e+03 3.842833e+03 3.845502e+03 3.848703e+03 3.852418e+03 3.874694e+03 3.880268e+03 3.895629e+03 4.068368e+03 4.423851e+03 4.877596e+03 5.921393e+03 7.099954e+03 8.401327e+03 9.807487e+03 1.129459e+04 1.283995e+04
3.861145e+03 3.861145e+03 3.861145e+03 3.861145e+03 3.861147e+03 3.861208e+03 3.861396e+03 3.862102e+03 3.862586e+03 3.863143e+03 3.864477e+03 3.866154e+03 3.868251e+03 3.870829e+03 3.873925e+03 3.877549e+03 3.881685e+03 3.906229e+03 3.918257e+03 3.957269e+03 4.171807e+03 4.568488e+03 5.054541e+03 6.142553e+03 7.349135e+03 8.668271e+03 1.008519e+04 1.157847e+04 1.312712e+04
3.889801e+03 3.889801e+03 3.889801e+03 3.889801e+03 3.889803e+03 3.889864e+03 3.890051e+03 3.890777e+03 3.891310e+03 3.891952e+03 3.893573e+03 3.895667e+03 3.898270e+03 3.901403e+03 3.905069e+03 3.909256e+03 3.913934e+03 3.941097e+03 3.959803e+03 4.023168e+03 4.280886e+03 4.720148e+03 5.239470e+03 6.372457e+03 7.606849e+03 8.943038e+03 1.036979e+04 1.186827e+04 1.341934e+04
3.921918e+03 3.921918e+03 3.921918e+03 3.921919e+03 3.921920e+03 3.921975e+03 3.922143e+03 3.922827e+03 3.923364e+03 3.924051e+03 3.925915e+03 3.928448e+03 3.931621e+03 3.935384e+03 3.939686e+03 3.944485e+03 3.949739e+03 3.979552e+03 4.005047e+03 4.093482e+03 4.395839e+03 4.879124e+03 5.432685e+03 6.611336e+03 7.873237e+03 9.225698e+03 1.066130e+04 1.216399e+04 1.371657e+04
3.956981e+03 3.956981e+03 3.956981e+03 3.956981e+03 3.956983e+03 3.957037e+03 3.957211e+03 3.958037e+03 3.958748e+03 3.959673e+03 3.962150e+03 3.965386e+03 3.969269e+03 3.973701e+03 3.978614e+03 3.983962e+03 3.989714e+03 4.021843e+03 4.054128e+03 4.168374e+03 4.516916e+03 5.045718e+03 5.634489e+03 6.859417e+03 8.148431e+03 9.516308e+03 1.095974e+04 1.246561e+04 1.401876e+04
3.995391e+03 3.995391e+03 3.995391e+03 3.995393e+03 3.995398e+03 3.995571e+03 3.996070e+03 3.997846e+03 3.999084e+03 4.000530e+03 4.003959e+03 4.007977e+03 4.012472e+03 4.017379e+03 4.022669e+03 4.028333e+03 4.034367e+03 4.068155e+03 4.107172e+03 4.248016e+03 4.644379e+03 5.220241e+03 5.845188e+03 7.116917e+03 8.432546e+03 9.814908e+03 1.126509e+04 1.277309e+04 1.432589e+04
