0.000000e+00 0.000000e+00 0.000000e+00 0.000000e+00 3.838115e-174 1.752041e-38 1.569651e-20 5.118667e-11 5.292584e-09 1.278665e-07 8.066269e-06 1.119172e-04 7.148187e-04 2.902404e-03 8.862873e-03 2.256511e-02 5.140222e-02 1.364293e+00 7.696013e+00 1.468898e+01 1.864667e+01 2.056246e+01 2.146784e+01 2.211493e+01 2.238722e+01 2.276141e+01 2.336776e+01 2.423189e+01 2.534580e+01
0.000000e+00 0.000000e+00 0.000000e+00 0.000000e+00 1.075784e-170 4.091961e-38 2.187722e-20 5.906158e-11 5.913142e-09 1.399644e-07 8.615893e-06 1.178524e-04 7.455776e-04 3.006071e-03 9.129150e-03 2.314132e-02 5.253246e-02 1.383151e+00 7.777371e+00 1.481225e+01 1.877385e+01 2.067825e+01 2.156873e+01 2.218906e+01 2.244241e+01 2.280422e+01 2.340275e+01 2.426210e+01 2.537321e+01
0.000000e+00 0.000000e+00 0.000000e+00 0.000000e+00 4.246662e-166 1.746330e-37 3.665981e-20 7.134210e-11 6.801882e-09 1.563207e-07 9.306570e-06 1.249858e-04 7.814561e-04 3.124416e-03 9.428207e-03 2.378018e-02 5.377254e-02 1.403197e+00 7.862529e+00 1.494009e+01 1.890489e+01 2.079699e+01 2.167181e+01 2.226439e+01 2.249828e+01 2.284745e+01 2.343803e+01 2.429252e+01 2.540080e+01
0.000000e+00 0.000000e+00 0.000000e+00 5.923416e-314 2.561376e-161 9.947455e-37 7.222907e-20 9.022574e-11 8.058868e-09 1.782149e-07 1.016906e-05 1.335236e-04 8.231814e-04 3.259214e-03 9.763492e-03 2.448751e-02 5.513152e-02 1.424493e+00 7.951637e+00 1.507262e+01 1.903989e+01 2.091875e+01 2.177712e+01 2.234094e+01 2.255485e+01 2.289110e+01 2.347359e+01 2.432315e+01 2.542856e+01
0.000000e+00 0.000000e+00 0.000000e+00 4.756276e-304 1.841946e-156 6.676741e-36 1.564534e-19 1.195485e-10 9.831549e-09 2.073637e-07 1.124080e-05 1.437043e-04 8.715719e-04 3.412426e-03 1.013876e-02 2.526955e-02 5.661909e-02 1.447105e+00 8.044848e+00 1.521000e+01 1.917895e+01 2.104358e+01 2.188469e+01 2.241871e+01 2.261212e+01 2.293519e+01 2.350945e+01 2.435401e+01 2.545650e+01
0.000000e+00 0.000000e+00 0.000000e+00 4.169209e-294 1.458948e-151 4.910792e-35 3.633613e-19 1.652984e-10 1.236103e-08 2.462321e-07 1.256891e-05 1.558098e-04 9.275594e-04 3.586231e-03 1.055811e-02 2.613307e-02 5.824558e-02 1.471100e+00 8.142321e+00 1.535237e+01 1.932216e+01 2.117154e+01 2.199457e+01 2.249773e+01 2.267009e+01 2.297970e+01 2.354559e+01 2.438507e+01 2.548462e+01
0.000000e+00 0.000000e+00 0.000000e+00 3.885332e-284 1.228476e-146 3.827281e-34 8.911907e-19 2.355406e-10 1.597506e-08 2.986347e-07 1.421508e-05 1.701806e-04 9.922191e-04 3.783072e-03 1.102605e-02 2.708537e-02 6.002208e-02 1.496550e+00 8.244220e+00 1.549988e+01 1.946964e+01 2.130271e+01 2.210678e+01 2.257800e+01 2.272877e+01 2.302465e+01 2.358202e+01 2.441636e+01 2.551291e+01
0.000000e+00 0.000000e+00 0.000000e+00 3.777044e-274 1.079028e-141 3.106204e-33 2.275172e-18 3.433285e-10 2.107402e-08 3.692105e-07 1.626347e-05 1.872388e-04 1.066814e-03 4.005723e-03 1.154758e-02 2.813442e-02 6.196050e-02 1.523528e+00 8.350713e+00 1.565269e+01 1.962147e+01 2.143713e+01 2.222137e+01 2.265953e+01 2.278815e+01 2.307002e+01 2.361875e+01 2.444786e+01 2.554138e+01
0.000000e+00 0.000000e+00 0.000000e+00 3.787103e-264 9.775180e-137 2.597874e-32 5.981680e-18 5.101979e-10 2.824624e-08 4.633242e-07 1.883358e-05 2.075205e-04 1.152853e-03 4.257371e-03 1.212830e-02 2.928898e-02 6.407375e-02 1.552113e+00 8.461973e+00 1.581095e+01 1.977777e+01 2.157488e+01 2.233838e+01 2.274234e+01 2.284825e+01 2.311583e+01 2.365576e+01 2.447957e+01 2.557003e+01
0.000000e+00 0.000000e+00 0.000000e+00 3.887951e-254 9.067191e-132 2.223612e-31 1.608078e-17 7.714896e-10 3.836940e-08 5.883834e-07 2.204701e-05 2.317316e-04 1.252170e-03 4.541726e-03 1.277453e-02 3.055872e-02 6.637587e-02 1.582384e+00 8.578179e+00 1.597483e+01 1.993864e+01 2.171601e+01 2.245783e+01 2.282644e+01 2.290906e+01 2.316206e+01 2.369306e+01 2.451151e+01 2.559886e+01
0.000000e+00 0.000000e+00 0.000000e+00 4.066554e-244 8.568628e-127 1.938537e-30 4.399570e-17 1.184929e-09 5.275324e-08 7.547006e-07 2.603932e-05 2.608002e-04 1.367037e-03 4.863160e-03 1.349349e-02 3.195444e-02 6.888223e-02 1.614426e+00 8.699517e+00 1.614449e+01 2.010419e+01 2.186060e+01 2.257977e+01 2.291184e+01 2.297059e+01 2.320874e+01 2.373065e+01 2.454366e+01 2.562787e+01
0.000000e+00 0.000000e+00 0.000000e+00 6.106575e-194 7.747053e-102 1.169229e-25 8.021687e-15 1.199223e-08 3.004918e-07 2.959893e-06 6.576654e-05 5.133102e-04 2.284918e-03 7.249958e-03 1.852743e-02 4.131104e-02 8.514437e-02 1.804526e+00 9.390136e+00 1.708562e+01 2.100611e+01 2.263767e+01 2.322813e+01 2.335878e+01 2.328915e+01 2.344862e+01 2.392296e+01 2.470765e+01 2.577557e+01
0.000000e+00 0.000000e+00 0.000000e+00 1.094199e-143 8.357651e-77 8.408206e-21 1.736732e-12 1.434692e-07 2.016793e-06 1.350801e-05 1.865114e-04 1.110138e-03 4.161184e-03 1.169683e-02 2.726769e-02 5.656063e-02 1.101878e-01 2.054928e+00 1.024116e+01 1.819878e+01 2.204253e+01 2.351125e+01 2.394444e+01 2.383996e+01 2.362615e+01 2.369942e+01 2.412252e+01 2.487705e+01 2.592772e+01
0.000000e+00 0.000000e+00 0.000000e+00 2.159922e-93 9.932842e-52 6.659876e-16 4.137462e-10 1.880642e-06 1.482540e-05 6.751928e-05 5.749441e-04 2.568157e-03 8.003309e-03 1.981215e-02 4.203744e-02 8.099252e-02 1.487114e-01 2.384902e+00 1.128626e+01 1.951077e+01 2.322966e+01 2.449040e+01 2.473360e+01 2.435670e+01 2.398184e+01 2.396114e+01 2.432929e+01 2.505184e+01 2.608434e+01
0.000000e+00 0.000000e+00 3.551001e-171 4.532863e-43 1.255034e-26 5.607730e-11 1.046951e-07 2.605618e-05 1.149017e-04 3.553415e-04 1.864400e-03 6.226229e-03 1.601768e-02 3.469592e-02 6.676838e-02 1.193414e-01 2.064498e-01 2.824207e+00 1.256936e+01 2.105362e+01 2.458577e+01 2.558487e+01 2.560066e+01 2.491022e+01 2.435642e+01 2.423373e+01 2.454320e+01 2.523197e+01 2.624540e+01
7.011569e-07 7.015729e-07 7.059570e-07 7.175101e-07 7.466125e-07 3.259878e-06 2.459243e-05 3.571521e-04 8.887242e-04 1.877055e-03 6.122244e-03 1.538345e-02 3.275278e-02 6.204048e-02 1.081103e-01 1.790915e-01 2.918735e-01 3.406536e+00 1.415054e+01 2.286684e+01 2.613195e+01 2.680531e+01 2.655086e+01 2.550161e+01 2.474998e+01 2.451709e+01 2.476416e+01 2.541740e+01 2.641090e+01
8.358834e-04 8.358911e-04 8.359337e-04 8.372955e-04 8.415212e-04 9.698169e-04 1.410101e-03 3.665789e-03 5.804243e-03 8.908958e-03 1.918854e-02 3.732222e-02 6.676544e-02 1.114558e-01 1.765030e-01 2.714415e-01 4.172437e-01 4.167412e+00 1.611539e+01 2.500055e+01 2.789304e+01 2.816355e+01 2.758969e+01 2.613183e+01 2.516248e+01 2.481105e+01 2.499204e+01 2.560805e+01 2.658081e+01
1.268365e-02 1.268369e-02 1.268384e-02 1.268865e-02 1.270360e-02 1.316812e-02 1.464792e-02 2.101190e-02 2.625068e-02 3.320460e-02 5.363185e-02 8.545705e-02 1.322052e-01 1.976093e-01 2.869675e-01 4.119160e-01 5.993090e-01 5.154503e+00 1.854456e+01 2.752100e+01 2.989892e+01 2.967294e+01 2.872298e+01 2.680172e+01 2.559383e+01 2.511540e+01 2.522670e+01 2.580384e+01 2.675510e+01
5.657457e-02 5.657466e-02 5.657494e-02 5.658389e-02 5.661188e-02 5.753486e-02 6.046709e-02 7.270265e-02 8.241806e-02 9.491143e-02 1.296883e-01 1.801805e-01 2.494618e-01 3.406227e-01 4.592824e-01 6.204590e-01 8.595750e-01 6.432108e+00 2.152352e+01 3.051486e+01 3.218631e+01 3.134880e+01 2.995703e+01 2.751201e+01 2.604378e+01 2.542987e+01 2.546794e+01 2.600469e+01 2.693374e+01
1.593217e-01 1.593219e-01 1.593224e-01 1.593371e-01 1.593838e-01 1.609361e-01 1.658430e-01 1.859844e-01 2.016424e-01 2.214186e-01 2.747260e-01 3.485291e-01 4.447583e-01 5.654900e-01 7.173070e-01 9.208997e-01 1.224242e+00 8.087276e+00 2.516109e+01 3.404933e+01 3.480285e+01 3.320902e+01 3.129873e+01 2.826332e+01 2.651201e+01 2.575412e+01 2.571557e+01 2.621048e+01 2.711668e+01
3.558590e-01 3.558592e-01 3.558599e-01 3.558824e-01 3.559529e-01 3.582728e-01 3.656064e-01 3.954760e-01 4.184434e-01 4.471336e-01 5.226694e-01 6.232174e-01 7.487425e-01 9.003481e-01 1.087260e+00 1.339721e+00 1.723983e+00 1.023749e+01 2.959486e+01 3.819670e+01 3.780319e+01 3.527500e+01 3.275573e+01 2.905616e+01 2.699813e+01 2.608781e+01 2.596936e+01 2.642110e+01 2.730388e+01
6.869755e-01 6.869758e-01 6.869769e-01 6.870096e-01 6.871118e-01 6.903760e-01 7.006022e-01 7.420195e-01 7.735838e-01 8.125783e-01 9.126122e-01 1.040340e+00 1.193374e+00 1.373034e+00 1.594668e+00 1.904207e+00 2.394015e+00 1.304112e+01 3.499960e+01 4.304309e+01 4.121988e+01 3.757461e+01 3.433676e+01 2.989098e+01 2.750162e+01 2.643050e+01 2.622907e+01 2.663642e+01 2.749529e+01
1.199744e+00 1.199744e+00 1.199745e+00 1.199787e+00 1.199919e+00 1.204236e+00 1.217780e+00 1.272340e+00 1.313297e+00 1.362869e+00 1.485150e+00 1.633780e+00 1.805473e+00 2.005034e+00 2.259912e+00 2.640620e+00 3.275650e+00 1.671239e+01 4.159685e+01 4.868928e+01 4.508782e+01 4.013275e+01 3.605216e+01 3.076819e+01 2.802194e+01 2.678178e+01 2.649445e+01 2.685632e+01 2.769086e+01
1.946253e+00 1.946254e+00 1.946255e+00 1.946312e+00 1.946489e+00 1.952074e+00 1.969369e+00 2.037073e+00 2.085042e+00 2.140549e+00 2.270399e+00 2.421855e+00 2.594874e+00 2.802802e+00 3.093723e+00 3.574588e+00 4.421966e+00 2.154293e+01 4.966538e+01 5.525274e+01 4.944488e+01 4.295710e+01 3.791605e+01 3.168821e+01 2.855848e+01 2.714116e+01 2.676523e+01 2.708068e+01 2.789055e+01
2.984996e+00 2.984997e+00 2.984999e+00 2.985075e+00 2.985311e+00 2.992567e+00 3.011367e+00 3.068955e+00 3.106601e+00 3.150159e+00 3.255069e+00 3.383598e+00 3.540020e+00 3.751261e+00 4.097795e+00 4.738696e+00 5.912308e+00 2.793226e+01 5.955252e+01 6.286921e+01 5.433048e+01 4.605551e+01 3.993484e+01 3.265154e+01 2.911061e+01 2.750820e+01 2.704116e+01 2.730937e+01 2.809430e+01
4.221547e+00 4.221547e+00 4.221547e+00 4.221550e+00 4.221560e+00 4.221842e+00 4.223018e+00 4.237089e+00 4.253837e+00 4.278041e+00 4.348923e+00 4.449551e+00 4.590133e+00 4.822463e+00 5.279496e+00 6.194215e+00 7.881575e+00 3.642959e+01 7.168603e+01 7.169294e+01 5.978466e+01 4.943427e+01 4.210415e+01 3.365896e+01 2.967770e+01 2.788243e+01 2.732199e+01 2.754227e+01 2.830208e+01
5.304035e+00 5.304036e+00 5.304037e+00 5.304069e+00 5.304169e+00 5.307240e+00 5.315772e+00 5.345372e+00 5.366452e+00 5.392241e+00 5.459619e+00 5.553095e+00 5.701646e+00 6.006519e+00 6.685133e+00 8.071642e+00 1.056980e+01 4.778918e+01 8.658546e+01 8.189499e+01 6.584652e+01 5.309687e+01 4.441922e+01 3.471202e+01 3.025916e+01 2.826341e+01 2.760747e+01 2.777927e+01 2.851386e+01
6.406444e+00 6.406444e+00 6.406445e+00 6.406480e+00 6.406589e+00 6.409804e+00 6.419206e+00 6.454453e+00 6.479297e+00 6.508476e+00 6.580054e+00 6.680042e+00 6.873294e+00 7.347700e+00 8.446903e+00 1.063277e+01 1.439876e+01 6.304102e+01 1.048708e+02 9.365875e+01 7.255204e+01 5.704307e+01 4.687329e+01 3.581335e+01 3.085449e+01 2.865072e+01 2.789740e+01 2.802029e+01 2.872961e+01
7.572466e+00 7.572467e+00 7.572468e+00 7.572496e+00 7.572584e+00 7.575003e+00 7.581859e+00 7.610013e+00 7.631722e+00 7.658323e+00 7.727220e+00 7.844977e+00 8.151125e+00 8.979953e+00 1.085075e+01 1.436809e+01 2.009140e+01 8.357663e+01 1.272644e+02 1.071720e+02 7.993089e+01 6.126797e+01 4.945709e+01 3.695765e+01 3.146339e+01 2.904403e+01 2.819160e+01 2.826525e+01 2.894932e+01
8.743409e+00 8.743409e+00 8.743410e+00 8.743440e+00 8.743534e+00 8.746463e+00 8.754797e+00 8.784026e+00 8.804632e+00 8.829374e+00 8.899105e+00 9.075168e+00 9.653293e+00 1.120327e+01 1.446447e+01 2.016611e+01 2.886546e+01 1.112446e+02 1.545802e+02 1.226143e+02 8.800225e+01 6.576104e+01 5.215848e+01 3.813764e+01 3.208588e+01 2.944308e+01 2.848991e+01 2.851409e+01 2.917299e+01
9.942112e+00 9.942112e+00 9.942112e+00 9.942124e+00 9.942166e+00 9.943819e+00 9.949185e+00 9.971606e+00 9.988892e+00 1.001101e+01 1.009896e+01 1.045530e+01 1.167591e+01 1.466911e+01 2.039424e+01 2.961467e+01 4.274695e+01 1.484390e+02 1.876916e+02 1.401402e+02 9.676996e+01 7.050506e+01 5.496237e+01 3.934617e+01 3.272292e+01 2.984770e+01 2.879226e+01 2.876681e+01 2.940063e+01
1.112101e+01 1.112101e+01 1.112101e+01 1.112102e+01 1.112108e+01 1.112278e+01 1.112794e+01 1.114849e+01 1.116496e+01 1.119024e+01 1.137263e+01 1.225866e+01 1.496298e+01 2.078484e+01 3.077735e+01 4.551929e+01 6.505631e+01 1.981432e+02 2.274680e+02 1.598558e+02 1.062171e+02 7.547523e+01 5.785070e+01 4.057568e+01 3.337451e+01 3.025789e+01 2.909863e+01 2.902341e+01 2.963230e+01
1.227393e+01 1.227393e+01 1.227393e+01 1.227395e+01 1.227401e+01 1.227618e+01 1.228311e+01 1.231022e+01 1.233374e+01 1.238853e+01 1.295010e+01 1.532969e+01 2.136281e+01 3.256072e+01 4.968651e+01 7.274172e+01 1.010977e+02 2.638565e+02 2.746701e+02 1.817929e+02 1.163007e+02 8.063840e+01 6.080256e+01 4.181821e+01 3.403637e+01 3.067389e+01 2.940906e+01 2.928395e+01 2.986806e+01
1.346028e+01 1.346028e+01 1.346028e+01 1.346030e+01 1.346037e+01 1.346253e+01 1.346941e+01 1.349979e+01 1.355733e+01 1.377373e+01 1.576516e+01 2.219985e+01 3.539228e+01 5.630685e+01 8.466845e+01 1.194013e+02 1.589611e+02 3.492953e+02 3.298003e+02 2.058796e+02 1.269476e+02 8.595281e+01 6.379446e+01 4.306546e+01 3.470473e+01 3.109630e+01 2.972369e+01 2.954852e+01 3.010798e+01
1.468337e+01 1.468337e+01 1.468337e+01 1.468339e+01 1.468345e+01 1.468535e+01 1.469111e+01 1.476782e+01 1.512475e+01 1.627793e+01 2.349317e+01 4.030678e+01 6.776542e+01 1.046903e+02 1.489281e+02 1.981268e+02 2.499831e+02 4.577431e+02 3.929183e+02 2.319155e+02 1.380521e+02 9.136829e+01 6.680079e+01 4.430902e+01 3.537612e+01 3.152648e+01 3.004279e+01 2.981728e+01 3.035219e+01
1.590854e+01 1.590854e+01 1.590854e+01 1.590855e+01 1.590860e+01 1.590997e+01 1.591558e+01 1.687000e+01 1.973893e+01 2.588492e+01 5.040368e+01 9.046334e+01 1.420644e+02 2.007677e+02 2.629761e+02 3.259984e+02 3.876777e+02 5.909925e+02 4.634530e+02 2.595543e+02 1.494757e+02 9.682722e+01 6.979436e+01 4.554051e+01 3.604720e+01 3.196366e+01 3.036675e+01 3.009043e+01 3.060083e+01
1.710135e+01 1.710135e+01 1.710135e+01 1.710136e+01 1.710139e+01 1.710372e+01 1.757143e+01 3.292470e+01 5.232531e+01 7.875869e+01 1.458825e+02 2.224406e+02 3.011101e+02 3.780676e+02 4.514199e+02 5.201305e+02 5.832922e+02 7.480445e+02 5.400672e+02 2.883036e+02 1.610515e+02 1.022663e+02 7.274723e+01 4.675183e+01 3.671480e+01 3.240569e+01 3.069618e+01 3.036825e+01 3.085409e+01
5.186538e+01 5.186702e+01 5.187215e+01 5.203643e+01 5.254978e+01 6.819224e+01 1.083109e+02 2.150429e+02 2.700924e+02 3.233797e+02 4.226386e+02 5.118193e+02 5.917790e+02 6.636236e+02 7.282888e+02 7.862971e+02 8.375017e+02 9.240694e+02 6.206412e+02 3.175444e+02 1.725913e+02 1.076189e+02 7.563156e+01 4.793533e+01 3.737594e+01 3.285099e+01 3.103206e+01 3.065109e+01 3.111218e+01
9.026969e+02 9.026963e+02 9.026946e+02 9.026378e+02 9.024603e+02 8.969929e+02 8.859382e+02 8.810914e+02 8.887509e+02 9.008970e+02 9.328429e+02 9.690641e+02 1.005850e+03 1.041513e+03 1.075186e+03 1.106090e+03 1.133014e+03 1.110350e+03 7.024237e+02 3.465738e+02 1.838959e+02 1.128180e+02 7.842062e+01 4.908405e+01 3.802789e+01 3.329818e+01 3.137562e+01 3.093940e+01 3.137538e+01
1.599036e+03 1.599035e+03 1.599035e+03 1.599011e+03 1.598939e+03 1.596599e+03 1.588878e+03 1.557458e+03 1.537858e+03 1.518738e+03 1.486460e+03 1.463925e+03 1.449913e+03 1.442296e+03 1.439015e+03 1.438014e+03 1.436859e+03 1.295642e+03 7.823484e+02 3.746633e+02 1.947683e+02 1.177998e+02 8.108972e+01 5.019187e+01 3.866819e+01 3.374605e+01 3.172585e+01 3.123374e+01 3.164398e+01
2.008878e+03 2.008878e+03 2.008878e+03 2.008861e+03 2.008809e+03 2.007136e+03 2.001913e+03 1.980708e+03 1.964836e+03 1.946210e+03 1.904511e+03 1.862411e+03 1.823924e+03 1.790521e+03 1.762059e+03 1.737264e+03 1.713800e+03 1.468598e+03 8.574454e+02 4.011269e+02 2.050266e+02 1.225065e+02 8.361720e+01 5.125367e+01 3.929476e+01 3.419355e+01 3.208183e+01 3.153486e+01 3.191836e+01
2.244521e+03 2.244521e+03 2.244521e+03 2.244509e+03 2.244471e+03 2.243260e+03 2.239541e+03 2.224948e+03 2.214008e+03 2.200668e+03 2.167783e+03 2.129406e+03 2.089059e+03 2.049366e+03 2.011634e+03 1.975748e+03 1.940079e+03 1.620203e+03 9.252369e+02 4.253821e+02 2.145160e+02 1.268891e+02 8.598516e+01 5.226542e+01 3.990588e+01 3.463975e+01 3.244291e+01 3.184393e+01 3.219893e+01
2.363592e+03 2.363592e+03 2.363592e+03 2.363585e+03 2.363564e+03 2.362890e+03 2.360791e+03 2.352172e+03 2.345468e+03 2.337064e+03 2.315115e+03 2.287042e+03 2.254554e+03 2.219579e+03 2.183515e+03 2.146667e+03 2.107843e+03 1.745200e+03 9.840108e+02 4.469962e+02 2.231176e+02 1.309101e+02 8.818006e+01 5.322428e+01 4.050025e+01 3.508389e+01 3.280857e+01 3.216147e+01 3.248620e+01
2.416512e+03 2.416512e+03 2.416512e+03 2.416508e+03 2.416497e+03 2.416124e+03 2.414949e+03 2.410030e+03 2.406131e+03 2.401151e+03 2.387624e+03 2.369143e+03 2.346107e+03 2.319405e+03 2.289856e+03 2.257555e+03 2.221296e+03 1.842199e+03 1.032920e+03 4.657086e+02 2.307537e+02 1.345442e+02 9.019306e+01 5.412857e+01 4.107700e+01 3.552537e+01 3.317838e+01 3.248675e+01 3.278079e+01
2.432847e+03 2.432847e+03 2.432847e+03 2.432845e+03 2.432838e+03 2.432617e+03 2.431915e+03 2.428968e+03 2.426643e+03 2.423669e+03 2.415478e+03 2.403857e+03 2.388573e+03 2.369753e+03 2.347564e+03 2.321650e+03 2.290519e+03 1.912835e+03 1.071917e+03 4.814299e+02 2.373886e+02 1.377790e+02 9.202008e+01 5.497783e+01 4.163572e+01 3.596377e+01 3.355202e+01 3.281934e+01 3.308348e+01
2.428081e+03 2.428081e+03 2.428081e+03 2.428080e+03 2.428076e+03 2.427949e+03 2.427534e+03 2.425730e+03 2.424299e+03 2.422478e+03 2.417477e+03 2.410286e+03 2.400492e+03 2.387831e+03 2.372011e+03 2.352256e+03 2.326732e+03 1.960557e+03 1.101584e+03 4.942215e+02 2.430255e+02 1.406141e+02 9.366164e+01 5.577269e+01 4.217641e+01 3.639882e+01 3.392924e+01 3.315898e+01 3.339538e+01
2.411263e+03 2.411263e+03 2.411263e+03 2.411262e+03 2.411259e+03 2.411173e+03 2.410887e+03 2.409713e+03 2.408827e+03 2.407720e+03 2.404711e+03 2.400338e+03 2.394209e+03 2.385932e+03 2.374986e+03 2.360317e+03 2.339816e+03 1.989549e+03 1.122912e+03 5.042631e+02 2.477017e+02 1.430603e+02 9.512247e+01 5.651484e+01 4.269949e+01 3.683046e+01 3.430984e+01 3.350546e+01 3.371640e+01
2.387044e+03 2.387044e+03 2.387044e+03 2.387044e+03 2.387044e+03 2.387041e+03 2.386983e+03 2.386568e+03 2.386170e+03 2.385617e+03 2.383956e+03 2.381371e+03 2.377587e+03 2.372246e+03 2.364759e+03 2.353932e+03 2.337486e+03 2.003962e+03 1.137105e+03 5.118159e+02 2.514804e+02 1.451375e+02 9.641099e+01 5.720690e+01 4.320578e+01 3.725878e+01 3.469374e+01 3.385865e+01 3.404612e+01
2.361569e+03 2.361569e+03 2.361569e+03 2.361569e+03 2.361568e+03 2.361549e+03 2.361486e+03 2.361194e+03 2.360936e+03 2.360583e+03 2.359525e+03 2.357881e+03 2.355459e+03 2.351958e+03 2.346787e+03 2.338700e+03 2.325324e+03 2.007486e+03 1.145413e+03 5.171875e+02 2.544435e+02 1.468728e+02 9.753867e+01 5.785231e+01 4.369644e+01 3.768406e+01 3.508091e+01 3.421845e+01 3.438434e+01
2.335505e+03 2.335505e+03 2.335505e+03 2.335504e+03 2.335503e+03 2.335462e+03 2.335344e+03 2.334917e+03 2.334622e+03 2.334273e+03 2.333387e+03 2.332181e+03 2.330516e+03 2.328139e+03 2.324483e+03 2.318294e+03 2.307166e+03 2.003178e+03 1.149027e+03 5.207021e+02 2.566844e+02 1.482987e+02 9.851931e+01 5.845516e+01 4.417297e+01 3.810673e+01 3.547142e+01 3.458482e+01 3.473093e+01
2.307652e+03 2.307652e+03 2.307652e+03 2.307652e+03 2.307651e+03 2.307633e+03 2.307575e+03 2.307311e+03 2.307100e+03 2.306839e+03 2.306179e+03 2.305317e+03 2.304175e+03 2.302552e+03 2.299924e+03 2.295062e+03 2.285571e+03 1.993452e+03 1.149011e+03 5.226787e+02 2.583012e+02 1.494506e+02 9.936845e+01 5.902011e+01 4.463713e+01 3.852739e+01 3.586540e+01 3.495775e+01 3.508582e+01
2.279469e+03 2.279469e+03 2.279469e+03 2.279469e+03 2.279468e+03 2.279451e+03 2.279397e+03 2.279203e+03 2.279075e+03 2.278928e+03 2.278560e+03 2.278062e+03 2.277371e+03 2.276324e+03 2.274438e+03 2.270531e+03 2.262239e+03 1.980153e+03 1.146278e+03 5.234158e+02 2.593919e+02 1.503657e+02 1.001026e+02 5.955220e+01 4.509091e+01 3.894677e+01 3.626306e+01 3.533728e+01 3.544898e+01
2.251160e+03 2.251160e+03 2.251160e+03 2.251160e+03 2.251161e+03 2.251184e+03 2.251236e+03 2.251348e+03 2.251388e+03 2.251408e+03 2.251373e+03 2.251218e+03 2.250903e+03 2.250293e+03 2.248949e+03 2.245729e+03 2.238317e+03 1.964657e+03 1.141586e+03 5.231829e+02 2.600506e+02 1.510812e+02 1.007390e+02 6.005678e+01 4.553649e+01 3.936574e+01 3.666470e+01 3.572347e+01 3.582041e+01
2.225104e+03 2.225104e+03 2.225104e+03 2.225104e+03 2.225105e+03 2.225124e+03 2.225163e+03 2.225268e+03 2.225325e+03 2.225380e+03 2.225465e+03 2.225487e+03 2.225398e+03 2.225072e+03 2.224090e+03 2.221346e+03 2.214568e+03 1.947969e+03 1.135551e+03 5.222167e+02 2.603654e+02 1.516333e+02 1.012946e+02 6.053935e+01 4.597619e+01 3.978527e+01 3.707067e+01 3.611644e+01 3.620011e+01
2.201002e+03 2.201002e+03 2.201002e+03 2.201002e+03 2.201002e+03 2.200993e+03 2.200970e+03 2.200946e+03 2.200964e+03 2.200999e+03 2.201092e+03 2.201168e+03 2.201175e+03 2.200996e+03 2.200229e+03 2.197798e+03 2.191468e+03 1.930810e+03 1.128661e+03 5.207209e+02 2.604165e+02 1.520568e+02 1.017864e+02 6.100550e+01 4.641244e+01 4.020645e+01 3.748140e+01 3.651634e+01 3.658815e+01
2.177539e+03 2.177539e+03 2.177539e+03 2.177539e+03 2.177540e+03 2.177568e+03 2.177646e+03 2.177866e+03 2.177970e+03 2.178059e+03 2.178191e+03 2.178270e+03 2.178290e+03 2.178165e+03 2.177515e+03 2.175285e+03 2.169277e+03 1.913690e+03 1.121301e+03 5.188683e+02 2.602760e+02 1.523841e+02 1.022306e+02 6.146082e+01 4.684775e+01 4.063043e+01 3.789739e+01 3.692335e+01 3.698458e+01
2.156872e+03 2.156872e+03 2.156872e+03 2.156872e+03 2.156871e+03 2.156857e+03 2.156836e+03 2.156792e+03 2.156770e+03 2.156746e+03 2.156700e+03 2.156665e+03 2.156636e+03 2.156523e+03 2.155949e+03 2.153873e+03 2.148120e+03 1.896965e+03 1.113770e+03 5.168036e+02 2.600079e+02 1.526453e+02 1.026427e+02 6.191082e+01 4.728465e+01 4.105846e+01 3.831919e+01 3.733769e+01 3.738949e+01
2.136667e+03 2.136667e+03 2.136667e+03 2.136667e+03 2.136666e+03 2.136644e+03 2.136582e+03 2.136392e+03 2.136289e+03 2.136195e+03 2.136057e+03 2.135997e+03 2.135996e+03 2.135953e+03 2.135490e+03 2.133577e+03 2.128066e+03 1.880893e+03 1.106303e+03 5.146479e+02 2.596687e+02 1.528679e+02 1.030375e+02 6.236089e+01 4.772568e+01 4.149180e+01 3.874741e+01 3.775965e+01 3.780299e+01
2.115777e+03 2.115777e+03 2.115777e+03 2.115777e+03 2.115777e+03 2.115780e+03 2.115787e+03 2.115810e+03 2.115832e+03 2.115867e+03 2.115976e+03 2.116135e+03 2.116327e+03 2.116461e+03 2.116175e+03 2.114458e+03 2.109193e+03 1.865662e+03 1.099081e+03 5.125023e+02 2.593077e+02 1.530771e+02 1.034286e+02 6.281626e+01 4.817340e+01 4.193179e+01 3.918270e+01 3.818950e+01 3.822522e+01
2.095770e+03 2.095770e+03 2.095770e+03 2.095770e+03 2.095771e+03 2.095810e+03 2.095909e+03 2.096231e+03 2.096433e+03 2.096648e+03 2.097085e+03 2.097517e+03 2.097934e+03 2.098265e+03 2.098164e+03 2.096644e+03 2.091616e+03 1.851421e+03 1.092252e+03 5.104514e+02 2.589686e+02 1.532959e+02 1.038291e+02 6.328200e+01 4.863032e+01 4.237979e+01 3.962576e+01 3.862759e+01 3.865632e+01
2.078799e+03 2.078799e+03 2.078799e+03 2.078799e+03 2.078800e+03 2.078843e+03 2.078960e+03 2.079312e+03 2.079519e+03 2.079737e+03 2.080193e+03 2.080674e+03 2.081170e+03 2.081605e+03 2.081632e+03 2.080269e+03 2.075446e+03 1.838287e+03 1.085933e+03 5.085670e+02 2.586896e+02 1.535451e+02 1.042508e+02 6.376297e+01 4.909891e+01 4.283716e+01 4.007733e+01 3.907428e+01 3.909646e+01
2.064997e+03 2.064997e+03 2.064997e+03 2.064997e+03 2.064996e+03 2.064986e+03 2.064957e+03 2.064916e+03 2.064937e+03 2.064996e+03 2.065229e+03 2.065599e+03 2.066070e+03 2.066539e+03 2.066645e+03 2.065404e+03 2.060756e+03 1.826355e+03 1.080221e+03 5.069107e+02 2.585048e+02 1.538438e+02 1.047050e+02 6.426384e+01 4.958159e+01 4.330529e+01 4.053818e+01 3.952998e+01 3.954585e+01
2.050990e+03 2.050990e+03 2.050990e+03 2.050990e+03 2.050990e+03 2.050999e+03 2.051019e+03 2.051095e+03 2.051159e+03 2.051250e+03 2.051528e+03 2.051938e+03 2.052459e+03 2.052994e+03 2.053188e+03 2.052065e+03 2.047578e+03 1.815703e+03 1.075200e+03 5.055367e+02 2.584449e+02 1.542095e+02 1.052021e+02 6.478907e+01 5.008071e+01 4.378557e+01 4.100910e+01 3.999510e+01 4.000471e+01
2.037870e+03 2.037870e+03 2.037870e+03 2.037870e+03 2.037871e+03 2.037893e+03 2.037961e+03 2.038224e+03 2.038409e+03 2.038621e+03 2.039115e+03 2.039690e+03 2.040335e+03 2.040974e+03 2.041272e+03 2.040269e+03 2.035941e+03 1.806401e+03 1.070945e+03 5.044938e+02 2.585378e+02 1.546584e+02 1.057522e+02 6.534294e+01 5.059858e+01 4.427937e+01 4.149092e+01 4.047010e+01 4.047327e+01
2.026933e+03 2.026933e+03 2.026933e+03 2.026933e+03 2.026934e+03 2.026967e+03 2.027065e+03 2.027422e+03 2.027660e+03 2.027923e+03 2.028505e+03 2.029150e+03 2.029857e+03 2.030564e+03 2.030944e+03 2.030052e+03 2.025877e+03 1.798515e+03 1.067527e+03 5.038272e+02 2.588098e+02 1.552058e+02 1.063644e+02 6.592954e+01 5.113742e+01 4.478806e+01 4.198446e+01 4.095547e+01 4.095179e+01
2.018734e+03 2.018734e+03 2.018734e+03 2.018735e+03 2.018736e+03 2.018768e+03 2.018850e+03 2.019091e+03 2.019240e+03 2.019412e+03 2.019834e+03 2.020379e+03 2.021049e+03 2.021772e+03 2.022216e+03 2.021430e+03 2.017411e+03 1.792117e+03 1.065016e+03 5.035805e+02 2.592852e+02 1.558662e+02 1.070475e+02 6.655282e+01 5.169940e+01 4.531299e+01 4.249059e+01 4.145170e+01 4.144056e+01
2.012374e+03 2.012374e+03 2.012374e+03 2.012374e+03 2.012373e+03 2.012361e+03 2.012322e+03 2.012239e+03 2.012242e+03 2.012294e+03 2.012562e+03 2.013047e+03 2.013726e+03 2.014508e+03 2.015052e+03 2.014408e+03 2.010574e+03 1.787293e+03 1.063485e+03 5.037964e+02 2.599880e+02 1.566531e+02 1.078101e+02 6.721654e+01 5.228662e+01 4.585550e+01 4.301016e+01 4.195934e+01 4.193987e+01
2.005074e+03 2.005074e+03 2.005074e+03 2.005074e+03 2.005074e+03 2.005084e+03 2.005131e+03 2.005346e+03 2.005513e+03 2.005721e+03 2.006254e+03 2.006950e+03 2.007808e+03 2.008762e+03 2.009485e+03 2.009040e+03 2.005438e+03 1.784146e+03 1.063014e+03 5.045181e+02 2.609412e+02 1.575799e+02 1.086602e+02 6.792434e+01 5.290110e+01 4.641689e+01 4.354404e+01 4.247891e+01 4.245004e+01
1.999235e+03 1.999235e+03 1.999235e+03 1.999236e+03 1.999237e+03 1.999290e+03 1.999451e+03 2.000016e+03 2.000367e+03 2.000744e+03 2.001564e+03 2.002497e+03 2.003568e+03 2.004731e+03 2.005675e+03 2.005471e+03 2.002139e+03 1.782805e+03 1.063689e+03 5.057900e+02 2.621679e+02 1.586596e+02 1.096057e+02 6.867972e+01 5.354482e+01 4.699846e+01 4.409311e+01 4.301098e+01 4.297141e+01
1.997659e+03 1.997659e+03 1.997659e+03 1.997659e+03 1.997659e+03 1.997666e+03 1.997712e+03 1.997963e+03 1.998173e+03 1.998442e+03 1.999165e+03 2.000129e+03 2.001323e+03 2.002669e+03 2.003839e+03 2.003898e+03 2.000863e+03 1.783425e+03 1.065605e+03 5.076581e+02 2.636912e+02 1.599047e+02 1.106542e+02 6.948607e+01 5.421969e+01 4.760147e+01 4.465823e+01 4.355614e+01 4.350434e+01
1.997466e+03 1.997466e+03 1.997466e+03 1.997466e+03 1.997466e+03 1.997468e+03 1.997476e+03 1.997595e+03 1.997756e+03 1.998002e+03 1.998753e+03 1.999829e+03 2.001194e+03 2.002757e+03 2.004182e+03 2.004531e+03 2.001819e+03 1.786183e+03 1.068867e+03 5.101703e+02 2.655341e+02 1.613280e+02 1.118131e+02 7.034666e+01 5.492757e+01 4.822717e+01 4.524029e+01 4.411496e+01 4.404920e+01
1.997381e+03 1.997381e+03 1.997381e+03 1.997381e+03 1.997384e+03 1.997454e+03 1.997650e+03 1.998298e+03 1.998727e+03 1.999218e+03 2.000370e+03 2.001758e+03 2.003396e+03 2.005229e+03 2.006944e+03 2.007611e+03 2.005246e+03 1.791281e+03 1.073587e+03 5.133767e+02 2.677202e+02 1.629416e+02 1.130896e+02 7.126466e+01 5.567025e+01 4.887678e+01 4.584015e+01 4.468805e+01 4.460637e+01
2.001579e+03 2.001579e+03 2.001579e+03 2.001580e+03 2.001582e+03 2.001654e+03 2.001873e+03 2.002639e+03 2.003135e+03 2.003689e+03 2.004967e+03 2.006504e+03 2.008332e+03 2.010405e+03 2.012408e+03 2.013406e+03 2.011404e+03 1.798937e+03 1.079886e+03 5.173291e+02 2.702731e+02 1.647580e+02 1.144910e+02 7.224315e+01 5.644950e+01 4.955148e+01 4.645867e+01 4.527603e+01 4.517627e+01
2.010849e+03 2.010849e+03 2.010849e+03 2.010849e+03 2.010849e+03 2.010853e+03 2.010879e+03 2.011111e+03 2.011355e+03 2.011704e+03 2.012748e+03 2.014261e+03 2.016218e+03 2.018524e+03 2.020832e+03 2.022185e+03 2.020570e+03 1.809389e+03 1.087892e+03 5.220808e+02 2.732165e+02 1.667890e+02 1.160240e+02 7.328511e+01 5.726701e+01 5.025246e+01 4.709674e+01 4.587951e+01 4.575929e+01
2.020724e+03 2.020724e+03 2.020724e+03 2.020724e+03 2.020724e+03 2.020728e+03 2.020748e+03 2.021007e+03 2.021309e+03 2.021747e+03 2.023037e+03 2.024849e+03 2.027137e+03 2.029798e+03 2.032487e+03 2.034243e+03 2.033044e+03 1.822889e+03 1.097739e+03 5.276864e+02 2.765741e+02 1.690467e+02 1.176954e+02 7.439343e+01 5.812444e+01 5.098087e+01 4.775519e+01 4.649911e+01 4.635587e+01
2.031103e+03 2.031103e+03 2.031103e+03 2.031105e+03 2.031108e+03 2.031227e+03 2.031577e+03 2.032768e+03 2.033551e+03 2.034433e+03 2.036463e+03 2.038842e+03 2.041591e+03 2.044670e+03 2.047770e+03 2.049947e+03 2.049173e+03 1.839701e+03 1.109562e+03 5.342009e+02 2.803696e+02 1.715427e+02 1.195118e+02 7.557092e+01 5.902342e+01 5.173784e+01 4.843489e+01 4.713548e+01 4.696645e+01
2.049208e+03 2.049208e+03 2.049208e+03 2.049209e+03 2.049213e+03 2.049332e+03 2.049695e+03 2.050964e+03 2.051791e+03 2.052717e+03 2.054845e+03 2.057365e+03 2.060321e+03 2.063677e+03 2.067116e+03 2.069679e+03 2.069310e+03 1.860095e+03 1.123502e+03 5.416792e+02 2.846261e+02 1.742882e+02 1.214795e+02 7.682026e+01 5.996551e+01 5.252447e+01 4.913668e+01 4.778923e+01 4.759148e+01
2.075387e+03 2.075387e+03 2.075387e+03 2.075387e+03 2.075387e+03 2.075391e+03 2.075426e+03 2.075770e+03 2.076138e+03 2.076665e+03 2.078241e+03 2.080534e+03 2.083511e+03 2.087060e+03 2.090807e+03 2.093745e+03 2.093773e+03 1.884343e+03 1.139697e+03 5.501756e+02 2.893660e+02 1.772942e+02 1.236044e+02 7.814407e+01 6.095225e+01 5.334187e+01 4.986140e+01 4.846102e+01 4.823141e+01
2.102093e+03 2.102093e+03 2.102093e+03 2.102093e+03 2.102093e+03 2.102096e+03 2.102114e+03 2.102390e+03 2.102757e+03 2.103319e+03 2.105071e+03 2.107639e+03 2.110957e+03 2.114891e+03 2.119053e+03 2.122424e+03 2.122872e+03 1.912715e+03 1.158283e+03 5.597423e+02 2.946110e+02 1.805710e+02 1.258925e+02 7.954486e+01 6.198515e+01 5.419112e+01 5.060989e+01 4.915149e+01 4.888670e+01
2.128415e+03 2.128415e+03 2.128415e+03 2.128417e+03 2.128422e+03 2.128590e+03 2.129062e+03 2.130638e+03 2.131695e+03 2.132907e+03 2.135763e+03 2.139171e+03 2.143138e+03 2.147613e+03 2.152266e+03 2.156100e+03 2.156967e+03 1.945478e+03 1.179393e+03 5.704294e+02 3.003813e+02 1.841283e+02 1.283491e+02 8.102504e+01 6.306567e+01 5.507327e+01 5.138298e+01 4.986126e+01 4.955783e+01
2.164452e+03 2.164452e+03 2.164452e+03 2.164453e+03 2.164459e+03 2.164630e+03 2.165160e+03 2.167112e+03 2.168408e+03 2.169852e+03 2.173114e+03 2.176865e+03 2.181156e+03 2.185970e+03 2.190991e+03 2.195209e+03 2.196437e+03 1.982888e+03 1.203149e+03 5.822834e+02 3.066959e+02 1.879752e+02 1.309793e+02 8.258692e+01 6.419524e+01 5.598938e+01 5.218150e+01 5.059100e+01 5.024529e+01
2.212864e+03 2.212864e+03 2.212864e+03 2.212864e+03 2.212864e+03 2.212888e+03 2.213042e+03 2.213891e+03 2.214600e+03 2.215509e+03 2.217952e+03 2.221249e+03 2.225393e+03 2.230284e+03 2.235529e+03 2.240047e+03 2.241576e+03 2.025181e+03 1.229668e+03 5.953467e+02 3.135718e+02 1.921198e+02 1.337878e+02 8.423269e+01 6.537526e+01 5.694049e+01 5.300625e+01 5.134135e+01 5.094954e+01
2.264504e+03 2.264504e+03 2.264504e+03 2.264504e+03 2.264504e+03 2.264515e+03 2.264552e+03 2.264832e+03 2.265210e+03 2.265823e+03 2.267863e+03 2.271023e+03 2.275242e+03 2.280354e+03 2.285909e+03 2.290770e+03 2.292602e+03 2.072573e+03 1.259050e+03 6.096566e+02 3.210240e+02 1.965695e+02 1.367787e+02 8.596445e+01 6.660711e+01 5.792763e+01 5.385806e+01 5.211294e+01 5.167107e+01
2.314788e+03 2.314788e+03 2.314788e+03 2.314788e+03 2.314789e+03 2.314865e+03 2.315158e+03 2.316411e+03 2.317375e+03 2.318570e+03 2.321657e+03 2.325673e+03 2.330585e+03 2.336277e+03 2.342335e+03 2.347625e+03 2.349777e+03 2.125258e+03 1.291382e+03 6.252446e+02 3.290652e+02 2.013306e+02 1.399560e+02 8.778421e+01 6.789214e+01 5.895182e+01 5.473775e+01 5.290643e+01 5.241038e+01
2.371142e+03 2.371142e+03 2.371142e+03 2.371144e+03 2.371150e+03 2.371351e+03 2.371977e+03 2.374345e+03 2.375965e+03 2.377807e+03 2.382052e+03 2.386987e+03 2.392611e+03 2.398867e+03 2.405386e+03 2.411048e+03 2.413443e+03 2.183395e+03 1.326736e+03 6.421359e+02 3.377058e+02 2.064085e+02 1.433230e+02 8.969387e+01 6.923169e+01 6.001409e+01 5.564612e+01 5.372246e+01 5.316796e+01
2.441897e+03 2.441897e+03 2.441897e+03 2.441899e+03 2.441906e+03 2.442106e+03 2.442688e+03 2.444763e+03 2.446211e+03 2.447905e+03 2.451963e+03 2.456849e+03 2.462523e+03 2.468900e+03 2.475580e+03 2.481399e+03 2.483868e+03 2.247101e+03 1.365159e+03 6.603487e+02 3.469536e+02 2.118074e+02 1.468826e+02 9.169523e+01 7.062707e+01 6.111545e+01 5.658398e+01 5.456166e+01 5.394430e+01
2.524046e+03 2.524046e+03 2.524046e+03 2.524047e+03 2.524049e+03 2.524120e+03 2.524348e+03 2.525402e+03 2.526297e+03 2.527460e+03 2.530614e+03 2.534852e+03 2.540125e+03 2.546295e+03 2.552900e+03 2.558699e+03 2.561094e+03 2.316434e+03 1.406683e+03 6.798938e+02 3.568137e+02 2.175306e+02 1.506373e+02 9.379004e+01 7.207959e+01 6.225692e+01 5.755215e+01 5.542469e+01 5.473990e+01
2.609344e+03 2.609344e+03 2.609344e+03 2.609345e+03 2.609347e+03 2.609418e+03 2.609642e+03 2.610608e+03 2.611399e+03 2.612427e+03 2.615267e+03 2.619220e+03 2.624292e+03 2.630355e+03 2.636923e+03 2.642697e+03 2.644980e+03 2.391403e+03 1.451314e+03 7.007753e+02 3.672888e+02 2.235804e+02 1.545891e+02 9.597995e+01 7.359055e+01 6.343952e+01 5.855142e+01 5.631218e+01 5.555524e+01
2.697398e+03 2.697398e+03 2.697398e+03 2.697400e+03 2.697404e+03 2.697530e+03 2.697908e+03 2.699316e+03 2.700341e+03 2.701590e+03 2.704809e+03 2.709059e+03 2.714367e+03 2.720622e+03 2.727340e+03 2.733189e+03 2.735388e+03 2.471981e+03 1.499042e+03 7.229896e+02 3.783789e+02 2.299582e+02 1.587397e+02 9.826659e+01 7.516126e+01 6.466427e+01 5.958262e+01 5.722477e+01 5.639083e+01
