2.121516e+05 1.265135e+05 1.217783e+05 1.228739e+05 1.283211e+05 1.702798e+05 2.218137e+05 3.161936e+05 3.582202e+05 3.971005e+05 4.665992e+05 5.267162e+05 5.790170e+05 6.247354e+05 6.648673e+05 7.002332e+05 7.315178e+05 8.438878e+05 9.101391e+05 9.486207e+05 9.657848e+05 9.638306e+05 9.450834e+05 8.762728e+05 8.014987e+05 7.432303e+05 7.028128e+05 6.751790e+05 6.556455e+05
1.602154e+05 1.602218e+05 1.602404e+05 1.606944e+05 1.615638e+05 1.883309e+05 2.359452e+05 3.275373e+05 3.685962e+05 4.066710e+05 4.748795e+05 5.339825e+05 5.854508e+05 6.304679e+05 6.699997e+05 7.048467e+05 7.356792e+05 8.464854e+05 9.118744e+05 9.498537e+05 9.667072e+05 9.645480e+05 9.456566e+05 8.766581e+05 8.017723e+05 7.434342e+05 7.029703e+05 6.753029e+05 6.557435e+05
2.032429e+05 2.032456e+05 2.032537e+05 2.034838e+05 2.040980e+05 2.211784e+05 2.576548e+05 3.418600e+05 3.812131e+05 4.179894e+05 4.843036e+05 5.420470e+05 5.924657e+05 6.366365e+05 6.754669e+05 7.097218e+05 7.400480e+05 8.491587e+05 9.136431e+05 9.511039e+05 9.676398e+05 9.652722e+05 9.462346e+05 8.770463e+05 8.020476e+05 7.436393e+05 7.031285e+05 6.754274e+05 6.558418e+05
2.446034e+05 2.446050e+05 2.446099e+05 2.447555e+05 2.451839e+05 2.560745e+05 2.884387e+05 3.589232e+05 3.958324e+05 4.308887e+05 4.947906e+05 5.508644e+05 6.000329e+05 6.432212e+05 6.812542e+05 7.148472e+05 7.446151e+05 8.519042e+05 9.154436e+05 9.523706e+05 9.685824e+05 9.660030e+05 9.468175e+05 8.774373e+05 8.023248e+05 7.438455e+05 7.032876e+05 6.755524e+05 6.559404e+05
2.881502e+05 2.881513e+05 2.881548e+05 2.882591e+05 2.885446e+05 2.951240e+05 3.193858e+05 3.797505e+05 4.124457e+05 4.452201e+05 5.062262e+05 5.603657e+05 6.081089e+05 6.501928e+05 6.873408e+05 7.202075e+05 7.493689e+05 8.547176e+05 9.172741e+05 9.536530e+05 9.695343e+05 9.667402e+05 9.474049e+05 8.778310e+05 8.026037e+05 7.440530e+05 7.034474e+05 6.756778e+05 6.560394e+05
3.275753e+05 3.275761e+05 3.275787e+05 3.276568e+05 3.278858e+05 3.332425e+05 3.500185e+05 4.045081e+05 4.320201e+05 4.611283e+05 5.185221e+05 5.704752e+05 6.166416e+05 6.575154e+05 6.937012e+05 7.257840e+05 7.542952e+05 8.575944e+05 9.191326e+05 9.549500e+05 9.704952e+05 9.674834e+05 9.479969e+05 8.782275e+05 8.028843e+05 7.442615e+05 7.036080e+05 6.758038e+05 6.561386e+05
3.645724e+05 3.645731e+05 3.645751e+05 3.646362e+05 3.648165e+05 3.692650e+05 3.812132e+05 4.300558e+05 4.544573e+05 4.794489e+05 5.316976e+05 5.811359e+05 6.255791e+05 6.651499e+05 7.003068e+05 7.315554e+05 7.593779e+05 8.605295e+05 9.210170e+05 9.562607e+05 9.714645e+05 9.682325e+05 9.485932e+05 8.786266e+05 8.031667e+05 7.444712e+05 7.037693e+05 6.759303e+05 6.562382e+05
3.994937e+05 3.994943e+05 3.994959e+05 3.995450e+05 3.996906e+05 4.034039e+05 4.124921e+05 4.547777e+05 4.776996e+05 4.999282e+05 5.459858e+05 5.923406e+05 6.348825e+05 6.730600e+05 7.071285e+05 7.374994e+05 7.645996e+05 8.635171e+05 9.229250e+05 9.575840e+05 9.724416e+05 9.689872e+05 9.491936e+05 8.790283e+05 8.034508e+05 7.446821e+05 7.039314e+05 6.760572e+05 6.563381e+05
4.324898e+05 4.324903e+05 4.324916e+05 4.325318e+05 4.326516e+05 4.357748e+05 4.431542e+05 4.785266e+05 5.004787e+05 5.211373e+05 5.619547e+05 6.041675e+05 6.445393e+05 6.812177e+05 7.141398e+05 7.435938e+05 7.699428e+05 8.665514e+05 9.248542e+05 9.589188e+05 9.734262e+05 9.697470e+05 9.497981e+05 8.794326e+05 8.037365e+05 7.448940e+05 7.040942e+05 6.761847e+05 6.564382e+05
4.636645e+05 4.636649e+05 4.636660e+05 4.636995e+05 4.637997e+05 4.664620e+05 4.727782e+05 5.017101e+05 5.223527e+05 5.421109e+05 5.792253e+05 6.168411e+05 6.545791e+05 6.896112e+05 7.213202e+05 7.498189e+05 7.753905e+05 8.696262e+05 9.268021e+05 9.602641e+05 9.744174e+05 9.705118e+05 9.504064e+05 8.798394e+05 8.040240e+05 7.451071e+05 7.042578e+05 6.763126e+05 6.565387e+05
4.931435e+05 4.931438e+05 4.931447e+05 4.931732e+05 4.932581e+05 4.956088e+05 5.012320e+05 5.246528e+05 5.434094e+05 5.623546e+05 5.970277e+05 6.307223e+05 6.650927e+05 6.982515e+05 7.286595e+05 7.561594e+05 7.809277e+05 8.727352e+05 9.287663e+05 9.616185e+05 9.754149e+05 9.712813e+05 9.510184e+05 8.802486e+05 8.043130e+05 7.453213e+05 7.044221e+05 6.764410e+05 6.566394e+05
6.216130e+05 6.216131e+05 6.216136e+05 6.216278e+05 6.216703e+05 6.228411e+05 6.257998e+05 6.346414e+05 6.424764e+05 6.535420e+05 6.800707e+05 7.048439e+05 7.267689e+05 7.477494e+05 7.686893e+05 7.896627e+05 8.097421e+05 8.885854e+05 9.387370e+05 9.684858e+05 9.804733e+05 9.751863e+05 9.541269e+05 8.823288e+05 8.057817e+05 7.464080e+05 7.052542e+05 6.770898e+05 6.571472e+05
7.200956e+05 7.200957e+05 7.200959e+05 7.201040e+05 7.201281e+05 7.207947e+05 7.225139e+05 7.272489e+05 7.302440e+05 7.346456e+05 7.492601e+05 7.683125e+05 7.865023e+05 8.021121e+05 8.159634e+05 8.291395e+05 8.422175e+05 9.045789e+05 9.487364e+05 9.754002e+05 9.855925e+05 9.791568e+05 9.572989e+05 8.844599e+05 8.072870e+05 7.475200e+05 7.061032e+05 6.777494e+05 6.576614e+05
7.959805e+05 7.959806e+05 7.959807e+05 7.959858e+05 7.960011e+05 7.964252e+05 7.975248e+05 8.005943e+05 8.021627e+05 8.039327e+05 8.100778e+05 8.210929e+05 8.348446e+05 8.482041e+05 8.596918e+05 8.694404e+05 8.781772e+05 9.208874e+05 9.585745e+05 9.822328e+05 9.906987e+05 9.831506e+05 9.605102e+05 8.866329e+05 8.088250e+05 7.486550e+05 7.069677e+05 6.784189e+05 6.581812e+05
8.556860e+05 8.556860e+05 8.556861e+05 8.556896e+05 8.556998e+05 8.559837e+05 8.567112e+05 8.586803e+05 8.595888e+05 8.603557e+05 8.623236e+05 8.669506e+05 8.749721e+05 8.848957e+05 8.947602e+05 9.034115e+05 9.106614e+05 9.391442e+05 9.683267e+05 9.889226e+05 9.957378e+05 9.871319e+05 9.637380e+05 8.888388e+05 8.103916e+05 7.498111e+05 7.078465e+05 6.790973e+05 6.587059e+05
9.027124e+05 9.027125e+05 9.027125e+05 9.027144e+05 9.027199e+05 9.028677e+05 9.032370e+05 9.041982e+05 9.045873e+05 9.048061e+05 9.049057e+05 9.058618e+05 9.092158e+05 9.151044e+05 9.224596e+05 9.299665e+05 9.367333e+05 9.588657e+05 9.785041e+05 9.955241e+05 1.000694e+06 9.910782e+05 9.669650e+05 8.910692e+05 8.119826e+05 7.509858e+05 7.087379e+05 6.797835e+05 6.592347e+05
9.376138e+05 9.376138e+05 9.376139e+05 9.376153e+05 9.376194e+05 9.377218e+05 9.379293e+05 9.383633e+05 9.384826e+05 9.384627e+05 9.379405e+05 9.373403e+05 9.379314e+05 9.405779e+05 9.451761e+05 9.509431e+05 9.569534e+05 9.774796e+05 9.902219e+05 1.002257e+06 1.005606e+06 9.949888e+05 9.701823e+05 8.933173e+05 8.135943e+05 7.521768e+05 7.096405e+05 6.804764e+05 6.597667e+05
9.624555e+05 9.624555e+05 9.624555e+05 9.624567e+05 9.624600e+05 9.625454e+05 9.627397e+05 9.631529e+05 9.632768e+05 9.632892e+05 9.628581e+05 9.619648e+05 9.613811e+05 9.620435e+05 9.644065e+05 9.682891e+05 9.731053e+05 9.935630e+05 1.002914e+06 1.009589e+06 1.010591e+06 9.988929e+05 9.733942e+05 8.955789e+05 8.152233e+05 7.533818e+05 7.105526e+05 6.811748e+05 6.603009e+05
9.809863e+05 9.809863e+05 9.809863e+05 9.809872e+05 9.809897e+05 9.810579e+05 9.812298e+05 9.816796e+05 9.818713e+05 9.819866e+05 9.818540e+05 9.811873e+05 9.803535e+05 9.800719e+05 9.809666e+05 9.832556e+05 9.867401e+05 1.006728e+06 1.015410e+06 1.018199e+06 1.015861e+06 1.002858e+06 9.766214e+05 8.978535e+05 8.168671e+05 7.545988e+05 7.114726e+05 6.818775e+05 6.608365e+05
9.957933e+05 9.957933e+05 9.957934e+05 9.957941e+05 9.957964e+05 9.958580e+05 9.960132e+05 9.964458e+05 9.966583e+05 9.968273e+05 9.969215e+05 9.965716e+05 9.958857e+05 9.953082e+05 9.953998e+05 9.965497e+05 9.988408e+05 1.017335e+06 1.026967e+06 1.027558e+06 1.021798e+06 1.006998e+06 9.799060e+05 9.001456e+05 8.185246e+05 7.558261e+05 7.123991e+05 6.825832e+05 6.613724e+05
1.008135e+06 1.008135e+06 1.008136e+06 1.008136e+06 1.008138e+06 1.008190e+06 1.008321e+06 1.008711e+06 1.008928e+06 1.009128e+06 1.009390e+06 1.009334e+06 1.008930e+06 1.008398e+06 1.008150e+06 1.008590e+06 1.009953e+06 1.026078e+06 1.037194e+06 1.037051e+06 1.028761e+06 1.011492e+06 9.833148e+05 9.024657e+05 8.201964e+05 7.570625e+05 7.133308e+05 6.832909e+05 6.619077e+05
1.018588e+06 1.018588e+06 1.018589e+06 1.018589e+06 1.018591e+06 1.018645e+06 1.018787e+06 1.019222e+06 1.019475e+06 1.019728e+06 1.020160e+06 1.020369e+06 1.020265e+06 1.019923e+06 1.019607e+06 1.019660e+06 1.020369e+06 1.033658e+06 1.046008e+06 1.046243e+06 1.036329e+06 1.016640e+06 9.869454e+05 9.048316e+05 8.218851e+05 7.583075e+05 7.142666e+05 6.839994e+05 6.624414e+05
1.028148e+06 1.028148e+06 1.028148e+06 1.028149e+06 1.028150e+06 1.028201e+06 1.028341e+06 1.028801e+06 1.029088e+06 1.029388e+06 1.029960e+06 1.030369e+06 1.030506e+06 1.030366e+06 1.030099e+06 1.029966e+06 1.030243e+06 1.040620e+06 1.053560e+06 1.054848e+06 1.044144e+06 1.022593e+06 9.909402e+05 9.072695e+05 8.235961e+05 7.595615e+05 7.152056e+05 6.847078e+05 6.629727e+05
1.037380e+06 1.037380e+06 1.037380e+06 1.037381e+06 1.037383e+06 1.037436e+06 1.037581e+06 1.038069e+06 1.038374e+06 1.038695e+06 1.039319e+06 1.039813e+06 1.040074e+06 1.040065e+06 1.039860e+06 1.039643e+06 1.039645e+06 1.047318e+06 1.060121e+06 1.062715e+06 1.051934e+06 1.029043e+06 9.955330e+05 9.098155e+05 8.253374e+05 7.608258e+05 7.161476e+05 6.854153e+05 6.635007e+05
1.046784e+06 1.046784e+06 1.046784e+06 1.046785e+06 1.046786e+06 1.046837e+06 1.046972e+06 1.047401e+06 1.047660e+06 1.047930e+06 1.048456e+06 1.048887e+06 1.049141e+06 1.049170e+06 1.049001e+06 1.048746e+06 1.048584e+06 1.053947e+06 1.065998e+06 1.069820e+06 1.059499e+06 1.035763e+06 1.000746e+06 9.125171e+05 8.271206e+05 7.621031e+05 7.170925e+05 6.861212e+05 6.640247e+05
1.056208e+06 1.056208e+06 1.056208e+06 1.056208e+06 1.056209e+06 1.056231e+06 1.056295e+06 1.056521e+06 1.056672e+06 1.056836e+06 1.057173e+06 1.057466e+06 1.057649e+06 1.057672e+06 1.057527e+06 1.057275e+06 1.057040e+06 1.060595e+06 1.071473e+06 1.076232e+06 1.066704e+06 1.042576e+06 1.006365e+06 9.154381e+05 8.289613e+05 7.633974e+05 7.180410e+05 6.868252e+05 6.645439e+05
1.064377e+06 1.064377e+06 1.064377e+06 1.064377e+06 1.064378e+06 1.064402e+06 1.064461e+06 1.064636e+06 1.064741e+06 1.064854e+06 1.065091e+06 1.065309e+06 1.065462e+06 1.065506e+06 1.065418e+06 1.065223e+06 1.064999e+06 1.067290e+06 1.076777e+06 1.082078e+06 1.073480e+06 1.049339e+06 1.012238e+06 9.186700e+05 8.308791e+05 7.647142e+05 7.189945e+05 6.875271e+05 6.650580e+05
1.071359e+06 1.071359e+06 1.071359e+06 1.071359e+06 1.071360e+06 1.071382e+06 1.071436e+06 1.071610e+06 1.071722e+06 1.071844e+06 1.072103e+06 1.072354e+06 1.072563e+06 1.072691e+06 1.072714e+06 1.072635e+06 1.072498e+06 1.074042e+06 1.082082e+06 1.087515e+06 1.079817e+06 1.055943e+06 1.018242e+06 9.223365e+05 8.328990e+05 7.660609e+05 7.199550e+05 6.882273e+05 6.655665e+05
1.077448e+06 1.077448e+06 1.077448e+06 1.077448e+06 1.077449e+06 1.077474e+06 1.077544e+06 1.077780e+06 1.077930e+06 1.078093e+06 1.078440e+06 1.078790e+06 1.079111e+06 1.079373e+06 1.079549e+06 1.079628e+06 1.079632e+06 1.080857e+06 1.087508e+06 1.092697e+06 1.085748e+06 1.062319e+06 1.024274e+06 9.263623e+05 8.350528e+05 7.674468e+05 7.209252e+05 6.889265e+05 6.660693e+05
1.083321e+06 1.083321e+06 1.083321e+06 1.083321e+06 1.083322e+06 1.083349e+06 1.083424e+06 1.083685e+06 1.083856e+06 1.084047e+06 1.084469e+06 1.084918e+06 1.085364e+06 1.085772e+06 1.086114e+06 1.086368e+06 1.086537e+06 1.087751e+06 1.093131e+06 1.097767e+06 1.091335e+06 1.068426e+06 1.030252e+06 9.306466e+05 8.373822e+05 7.688834e+05 7.219092e+05 6.896255e+05 6.665665e+05
1.089275e+06 1.089275e+06 1.089275e+06 1.089275e+06 1.089276e+06 1.089300e+06 1.089368e+06 1.089617e+06 1.089792e+06 1.089995e+06 1.090471e+06 1.091008e+06 1.091568e+06 1.092115e+06 1.092612e+06 1.093032e+06 1.093364e+06 1.094746e+06 1.098997e+06 1.102842e+06 1.096659e+06 1.074255e+06 1.036111e+06 9.351146e+05 8.399525e+05 7.703850e+05 7.229115e+05 6.903262e+05 6.670583e+05
1.095250e+06 1.095250e+06 1.095250e+06 1.095251e+06 1.095252e+06 1.095282e+06 1.095366e+06 1.095660e+06 1.095861e+06 1.096094e+06 1.096642e+06 1.097267e+06 1.097931e+06 1.098594e+06 1.099220e+06 1.099779e+06 1.100250e+06 1.101863e+06 1.105124e+06 1.108010e+06 1.101803e+06 1.079820e+06 1.041809e+06 9.397020e+05 8.428029e+05 7.719688e+05 7.239382e+05 6.910304e+05 6.675454e+05
1.101648e+06 1.101648e+06 1.101648e+06 1.101648e+06 1.101649e+06 1.101679e+06 1.101766e+06 1.102090e+06 1.102317e+06 1.102580e+06 1.103193e+06 1.103888e+06 1.104623e+06 1.105363e+06 1.106073e+06 1.106725e+06 1.107295e+06 1.109114e+06 1.111511e+06 1.113334e+06 1.106847e+06 1.085150e+06 1.047318e+06 9.443525e+05 8.458645e+05 7.736569e+05 7.249965e+05 6.917409e+05 6.680287e+05
1.108686e+06 1.108686e+06 1.108686e+06 1.108686e+06 1.108687e+06 1.108719e+06 1.108813e+06 1.109157e+06 1.109395e+06 1.109669e+06 1.110298e+06 1.111003e+06 1.111748e+06 1.112503e+06 1.113238e+06 1.113928e+06 1.114549e+06 1.116501e+06 1.118145e+06 1.118851e+06 1.111862e+06 1.090285e+06 1.052631e+06 9.490170e+05 8.490863e+05 7.754791e+05 7.260949e+05 6.924609e+05 6.685093e+05
1.116519e+06 1.116519e+06 1.116519e+06 1.116520e+06 1.116521e+06 1.116553e+06 1.116644e+06 1.116960e+06 1.117172e+06 1.117414e+06 1.117972e+06 1.118606e+06 1.119288e+06 1.119993e+06 1.120698e+06 1.121376e+06 1.122005e+06 1.124010e+06 1.125000e+06 1.124581e+06 1.116904e+06 1.095270e+06 1.057749e+06 9.536536e+05 8.524268e+05 7.774822e+05 7.272440e+05 6.931945e+05 6.689888e+05
1.124968e+06 1.124968e+06 1.124968e+06 1.124968e+06 1.124969e+06 1.124988e+06 1.125041e+06 1.125242e+06 1.125389e+06 1.125565e+06 1.125996e+06 1.126512e+06 1.127093e+06 1.127717e+06 1.128361e+06 1.129000e+06 1.129610e+06 1.131617e+06 1.132047e+06 1.130525e+06 1.122018e+06 1.100151e+06 1.062687e+06 9.582280e+05 8.558495e+05 7.796568e+05 7.284564e+05 6.939463e+05 6.694691e+05
1.133186e+06 1.133186e+06 1.133186e+06 1.133186e+06 1.133187e+06 1.133204e+06 1.133251e+06 1.133421e+06 1.133541e+06 1.133683e+06 1.134032e+06 1.134463e+06 1.134963e+06 1.135517e+06 1.136105e+06 1.136706e+06 1.137295e+06 1.139293e+06 1.139252e+06 1.136675e+06 1.127233e+06 1.104967e+06 1.067465e+06 9.627129e+05 8.593214e+05 7.819600e+05 7.297486e+05 6.947221e+05 6.699527e+05
1.141100e+06 1.141100e+06 1.141100e+06 1.141100e+06 1.141101e+06 1.141116e+06 1.141159e+06 1.141319e+06 1.141432e+06 1.141566e+06 1.141891e+06 1.142290e+06 1.142756e+06 1.143277e+06 1.143839e+06 1.144422e+06 1.145001e+06 1.147015e+06 1.146583e+06 1.143013e+06 1.132569e+06 1.109757e+06 1.072106e+06 9.670887e+05 8.628129e+05 7.843622e+05 7.311443e+05 6.955286e+05 6.704424e+05
1.148733e+06 1.148733e+06 1.148733e+06 1.148733e+06 1.148733e+06 1.148749e+06 1.148796e+06 1.148963e+06 1.149082e+06 1.149221e+06 1.149558e+06 1.149966e+06 1.150438e+06 1.150964e+06 1.151529e+06 1.152116e+06 1.152703e+06 1.154763e+06 1.154009e+06 1.149517e+06 1.138032e+06 1.114549e+06 1.076637e+06 9.713418e+05 8.662975e+05 7.868384e+05 7.326707e+05 6.963738e+05 6.709414e+05
1.156215e+06 1.156215e+06 1.156215e+06 1.156215e+06 1.156216e+06 1.156233e+06 1.156283e+06 1.156469e+06 1.156599e+06 1.156752e+06 1.157118e+06 1.157556e+06 1.158056e+06 1.158607e+06 1.159194e+06 1.159801e+06 1.160406e+06 1.162527e+06 1.161503e+06 1.156161e+06 1.143624e+06 1.119368e+06 1.081083e+06 9.754651e+05 8.697519e+05 7.893661e+05 7.343020e+05 6.972675e+05 6.714537e+05
1.163734e+06 1.163734e+06 1.163734e+06 1.163734e+06 1.163735e+06 1.163752e+06 1.163805e+06 1.163999e+06 1.164137e+06 1.164300e+06 1.164692e+06 1.165161e+06 1.165693e+06 1.166273e+06 1.166885e+06 1.167513e+06 1.168135e+06 1.170299e+06 1.169039e+06 1.162919e+06 1.149337e+06 1.124229e+06 1.085467e+06 9.794563e+05 8.731561e+05 7.919246e+05 7.360135e+05 6.982230e+05 6.719839e+05
1.171386e+06 1.171386e+06 1.171386e+06 1.171386e+06 1.171387e+06 1.171404e+06 1.171456e+06 1.171656e+06 1.171800e+06 1.171970e+06 1.172383e+06 1.172875e+06 1.173429e+06 1.174027e+06 1.174653e+06 1.175289e+06 1.175917e+06 1.178074e+06 1.176593e+06 1.169762e+06 1.155159e+06 1.129142e+06 1.089809e+06 9.833175e+05 8.764937e+05 7.944952e+05 7.377864e+05 6.992611e+05 6.725373e+05
1.179227e+06 1.179227e+06 1.179227e+06 1.179228e+06 1.179228e+06 1.179248e+06 1.179306e+06 1.179519e+06 1.179669e+06 1.179845e+06 1.180267e+06 1.180766e+06 1.181320e+06 1.181913e+06 1.182528e+06 1.183150e+06 1.183761e+06 1.185839e+06 1.184142e+06 1.176663e+06 1.161075e+06 1.134113e+06 1.094128e+06 9.870540e+05 8.797513e+05 7.970604e+05 7.396045e+05 7.003877e+05 6.731205e+05
1.187387e+06 1.187387e+06 1.187387e+06 1.187387e+06 1.187388e+06 1.187405e+06 1.187457e+06 1.187660e+06 1.187806e+06 1.187978e+06 1.188386e+06 1.188859e+06 1.189379e+06 1.189932e+06 1.190505e+06 1.191085e+06 1.191655e+06 1.193576e+06 1.191663e+06 1.183594e+06 1.167067e+06 1.139141e+06 1.098436e+06 9.906735e+05 8.829186e+05 7.996049e+05 7.414530e+05 7.015805e+05 6.737415e+05
1.195785e+06 1.195785e+06 1.195785e+06 1.195786e+06 1.195786e+06 1.195806e+06 1.195865e+06 1.196068e+06 1.196201e+06 1.196353e+06 1.196704e+06 1.197107e+06 1.197552e+06 1.198030e+06 1.198530e+06 1.199042e+06 1.199551e+06 1.201259e+06 1.199132e+06 1.190531e+06 1.173116e+06 1.144224e+06 1.102743e+06 9.941854e+05 8.859886e+05 8.021146e+05 7.433184e+05 7.028240e+05 6.744117e+05
1.204506e+06 1.204506e+06 1.204506e+06 1.204506e+06 1.204506e+06 1.204514e+06 1.204538e+06 1.204643e+06 1.204724e+06 1.204822e+06 1.205065e+06 1.205363e+06 1.205707e+06 1.206092e+06 1.206507e+06 1.206942e+06 1.207382e+06 1.208856e+06 1.206526e+06 1.197449e+06 1.179203e+06 1.149354e+06 1.107058e+06 9.975998e+05 8.889565e+05 8.045773e+05 7.451879e+05 7.041057e+05 6.751475e+05
1.212825e+06 1.212825e+06 1.212825e+06 1.212825e+06 1.212826e+06 1.212833e+06 1.212852e+06 1.212923e+06 1.212974e+06 1.213037e+06 1.213200e+06 1.213414e+06 1.213675e+06 1.213980e+06 1.214323e+06 1.214691e+06 1.215072e+06 1.216338e+06 1.213827e+06 1.204326e+06 1.185309e+06 1.154523e+06 1.111384e+06 1.000927e+06 8.918204e+05 8.069826e+05 7.470499e+05 7.054143e+05 6.759412e+05
1.220600e+06 1.220600e+06 1.220600e+06 1.220600e+06 1.220600e+06 1.220606e+06 1.220625e+06 1.220689e+06 1.220735e+06 1.220789e+06 1.220927e+06 1.221106e+06 1.221329e+06 1.221593e+06 1.221894e+06 1.222222e+06 1.222566e+06 1.223680e+06 1.221018e+06 1.211144e+06 1.191416e+06 1.159721e+06 1.115722e+06 1.004177e+06 8.945800e+05 8.093216e+05 7.488936e+05 7.067399e+05 6.767776e+05
1.227861e+06 1.227861e+06 1.227861e+06 1.227861e+06 1.227862e+06 1.227869e+06 1.227889e+06 1.227963e+06 1.228014e+06 1.228075e+06 1.228224e+06 1.228411e+06 1.228636e+06 1.228897e+06 1.229191e+06 1.229510e+06 1.229839e+06 1.230870e+06 1.228086e+06 1.217887e+06 1.197506e+06 1.164938e+06 1.120072e+06 1.007360e+06 8.972369e+05 8.115874e+05 7.507094e+05 7.080728e+05 6.776464e+05
1.234739e+06 1.234739e+06 1.234739e+06 1.234740e+06 1.234740e+06 1.234748e+06 1.234771e+06 1.234860e+06 1.234922e+06 1.234996e+06 1.235174e+06 1.235392e+06 1.235645e+06 1.235930e+06 1.236242e+06 1.236571e+06 1.236906e+06 1.237904e+06 1.235023e+06 1.224541e+06 1.203564e+06 1.170162e+06 1.124431e+06 1.010485e+06 8.997941e+05 8.137743e+05 7.524882e+05 7.094045e+05 6.785386e+05
1.241390e+06 1.241390e+06 1.241390e+06 1.241390e+06 1.241390e+06 1.241399e+06 1.241426e+06 1.241529e+06 1.241604e+06 1.241691e+06 1.241904e+06 1.242160e+06 1.242450e+06 1.242768e+06 1.243106e+06 1.243455e+06 1.243802e+06 1.244790e+06 1.241826e+06 1.231096e+06 1.209576e+06 1.175383e+06 1.128795e+06 1.013558e+06 9.022554e+05 8.158784e+05 7.542224e+05 7.107265e+05 6.794465e+05
1.247943e+06 1.247943e+06 1.247943e+06 1.247944e+06 1.247944e+06 1.247955e+06 1.247988e+06 1.248111e+06 1.248198e+06 1.248300e+06 1.248544e+06 1.248831e+06 1.249152e+06 1.249495e+06 1.249853e+06 1.250214e+06 1.250569e+06 1.251533e+06 1.248491e+06 1.237542e+06 1.215529e+06 1.180588e+06 1.133160e+06 1.016587e+06 9.046257e+05 8.178969e+05 7.559051e+05 7.120315e+05 6.803628e+05
1.254567e+06 1.254567e+06 1.254567e+06 1.254567e+06 1.254567e+06 1.254579e+06 1.254614e+06 1.254745e+06 1.254837e+06 1.254946e+06 1.255204e+06 1.255503e+06 1.255831e+06 1.256178e+06 1.256535e+06 1.256892e+06 1.257239e+06 1.258142e+06 1.255017e+06 1.243873e+06 1.221413e+06 1.185769e+06 1.137521e+06 1.019578e+06 9.069101e+05 8.198286e+05 7.575304e+05 7.133123e+05 6.812807e+05
1.261326e+06 1.261326e+06 1.261326e+06 1.261326e+06 1.261326e+06 1.261338e+06 1.261372e+06 1.261499e+06 1.261589e+06 1.261693e+06 1.261937e+06 1.262216e+06 1.262520e+06 1.262840e+06 1.263170e+06 1.263500e+06 1.263821e+06 1.264616e+06 1.261402e+06 1.250082e+06 1.227218e+06 1.190915e+06 1.141871e+06 1.022534e+06 9.091140e+05 8.216730e+05 7.590934e+05 7.145625e+05 6.821940e+05
1.268216e+06 1.268216e+06 1.268216e+06 1.268216e+06 1.268216e+06 1.268227e+06 1.268258e+06 1.268366e+06 1.268438e+06 1.268521e+06 1.268715e+06 1.268938e+06 1.269186e+06 1.269452e+06 1.269731e+06 1.270016e+06 1.270296e+06 1.270949e+06 1.267643e+06 1.256166e+06 1.232937e+06 1.196017e+06 1.146204e+06 1.025459e+06 9.112428e+05 8.234308e+05 7.605901e+05 7.157764e+05 6.830968e+05
1.275128e+06 1.275128e+06 1.275128e+06 1.275129e+06 1.275129e+06 1.275133e+06 1.275145e+06 1.275197e+06 1.275236e+06 1.275284e+06 1.275405e+06 1.275555e+06 1.275734e+06 1.275936e+06 1.276158e+06 1.276392e+06 1.276628e+06 1.277132e+06 1.273738e+06 1.262121e+06 1.238561e+06 1.201066e+06 1.150513e+06 1.028355e+06 9.133019e+05 8.251035e+05 7.620176e+05 7.169486e+05 6.839835e+05
1.281669e+06 1.281669e+06 1.281669e+06 1.281669e+06 1.281669e+06 1.281672e+06 1.281680e+06 1.281708e+06 1.281729e+06 1.281755e+06 1.281825e+06 1.281923e+06 1.282048e+06 1.282201e+06 1.282378e+06 1.282571e+06 1.282772e+06 1.283154e+06 1.279684e+06 1.267944e+06 1.244086e+06 1.206056e+06 1.154793e+06 1.031224e+06 9.152963e+05 8.266931e+05 7.633735e+05 7.180747e+05 6.848489e+05
1.287733e+06 1.287733e+06 1.287733e+06 1.287733e+06 1.287733e+06 1.287735e+06 1.287742e+06 1.287766e+06 1.287784e+06 1.287806e+06 1.287865e+06 1.287947e+06 1.288053e+06 1.288186e+06 1.288343e+06 1.288518e+06 1.288701e+06 1.289012e+06 1.285482e+06 1.273634e+06 1.249506e+06 1.210978e+06 1.159037e+06 1.034067e+06 9.172309e+05 8.282021e+05 7.646564e+05 7.191505e+05 6.856885e+05
1.293337e+06 1.293337e+06 1.293337e+06 1.293337e+06 1.293337e+06 1.293341e+06 1.293352e+06 1.293391e+06 1.293418e+06 1.293449e+06 1.293525e+06 1.293622e+06 1.293742e+06 1.293885e+06 1.294048e+06 1.294227e+06 1.294411e+06 1.294705e+06 1.291133e+06 1.279190e+06 1.254819e+06 1.215829e+06 1.163239e+06 1.036883e+06 9.191098e+05 8.296335e+05 7.658656e+05 7.201729e+05 6.864977e+05
1.298627e+06 1.298627e+06 1.298627e+06 1.298627e+06 1.298627e+06 1.298633e+06 1.298648e+06 1.298702e+06 1.298739e+06 1.298782e+06 1.298888e+06 1.299018e+06 1.299169e+06 1.299340e+06 1.299529e+06 1.299728e+06 1.299928e+06 1.300243e+06 1.296641e+06 1.284614e+06 1.260021e+06 1.220601e+06 1.167395e+06 1.039672e+06 9.209372e+05 8.309906e+05 7.670009e+05 7.211389e+05 6.872727e+05
1.303734e+06 1.303734e+06 1.303734e+06 1.303734e+06 1.303734e+06 1.303739e+06 1.303756e+06 1.303822e+06 1.303870e+06 1.303928e+06 1.304066e+06 1.304231e+06 1.304420e+06 1.304627e+06 1.304846e+06 1.305070e+06 1.305290e+06 1.305640e+06 1.302012e+06 1.289907e+06 1.265111e+06 1.225291e+06 1.171498e+06 1.042433e+06 9.227164e+05 8.322767e+05 7.680628e+05 7.220463e+05 6.880100e+05
1.308760e+06 1.308760e+06 1.308760e+06 1.308760e+06 1.308761e+06 1.308768e+06 1.308791e+06 1.308875e+06 1.308935e+06 1.309004e+06 1.309171e+06 1.309367e+06 1.309587e+06 1.309821e+06 1.310065e+06 1.310309e+06 1.310543e+06 1.310910e+06 1.307250e+06 1.295070e+06 1.270088e+06 1.229894e+06 1.175543e+06 1.045165e+06 9.244504e+05 8.334952e+05 7.690522e+05 7.228934e+05 6.887063e+05
1.313854e+06 1.313854e+06 1.313854e+06 1.313854e+06 1.313854e+06 1.313862e+06 1.313886e+06 1.313975e+06 1.314039e+06 1.314115e+06 1.314296e+06 1.314508e+06 1.314741e+06 1.314987e+06 1.315238e+06 1.315486e+06 1.315722e+06 1.316066e+06 1.312360e+06 1.300105e+06 1.274949e+06 1.234408e+06 1.179527e+06 1.047865e+06 9.261418e+05 8.346496e+05 7.699705e+05 7.236791e+05 6.893589e+05
1.319052e+06 1.319052e+06 1.319052e+06 1.319052e+06 1.319053e+06 1.319061e+06 1.319085e+06 1.319175e+06 1.319240e+06 1.319315e+06 1.319494e+06 1.319699e+06 1.319920e+06 1.320152e+06 1.320388e+06 1.320620e+06 1.320840e+06 1.321111e+06 1.317345e+06 1.305013e+06 1.279695e+06 1.238828e+06 1.183445e+06 1.050532e+06 9.277925e+05 8.357432e+05 7.708194e+05 7.244025e+05 6.899655e+05
1.324372e+06 1.324372e+06 1.324372e+06 1.324372e+06 1.324372e+06 1.324379e+06 1.324401e+06 1.324485e+06 1.324543e+06 1.324609e+06 1.324759e+06 1.324929e+06 1.325111e+06 1.325304e+06 1.325502e+06 1.325699e+06 1.325887e+06 1.326043e+06 1.322203e+06 1.309795e+06 1.284325e+06 1.243154e+06 1.187293e+06 1.053164e+06 9.294044e+05 8.367793e+05 7.716008e+05 7.250635e+05 6.905241e+05
1.329775e+06 1.329775e+06 1.329775e+06 1.329775e+06 1.329775e+06 1.329782e+06 1.329800e+06 1.329855e+06 1.329890e+06 1.329928e+06 1.330018e+06 1.330124e+06 1.330246e+06 1.330382e+06 1.330529e+06 1.330683e+06 1.330832e+06 1.330854e+06 1.326935e+06 1.314451e+06 1.288838e+06 1.247383e+06 1.191069e+06 1.055758e+06 9.309788e+05 8.377610e+05 7.723168e+05 7.256621e+05 6.910330e+05
1.335086e+06 1.335086e+06 1.335086e+06 1.335086e+06 1.335086e+06 1.335085e+06 1.335081e+06 1.335074e+06 1.335075e+06 1.335079e+06 1.335103e+06 1.335148e+06 1.335215e+06 1.335301e+06 1.335404e+06 1.335517e+06 1.335632e+06 1.335532e+06 1.331538e+06 1.318982e+06 1.293236e+06 1.251513e+06 1.194769e+06 1.058312e+06 9.325164e+05 8.386911e+05 7.729699e+05 7.261988e+05 6.914911e+05
1.339842e+06 1.339842e+06 1.339842e+06 1.339842e+06 1.339842e+06 1.339842e+06 1.339842e+06 1.339842e+06 1.339843e+06 1.339844e+06 1.339855e+06 1.339881e+06 1.339925e+06 1.339988e+06 1.340068e+06 1.340160e+06 1.340254e+06 1.340069e+06 1.336012e+06 1.323389e+06 1.297517e+06 1.255543e+06 1.198390e+06 1.060824e+06 9.340181e+05 8.395723e+05 7.735624e+05 7.266743e+05 6.918975e+05
1.344167e+06 1.344167e+06 1.344167e+06 1.344167e+06 1.344167e+06 1.344169e+06 1.344175e+06 1.344194e+06 1.344207e+06 1.344221e+06 1.344255e+06 1.344298e+06 1.344354e+06 1.344423e+06 1.344505e+06 1.344595e+06 1.344685e+06 1.344460e+06 1.340357e+06 1.327672e+06 1.301683e+06 1.259472e+06 1.201931e+06 1.063290e+06 9.354841e+05 8.404071e+05 7.740968e+05 7.270896e+05 6.922514e+05
1.348228e+06 1.348228e+06 1.348228e+06 1.348228e+06 1.348228e+06 1.348232e+06 1.348242e+06 1.348277e+06 1.348300e+06 1.348327e+06 1.348390e+06 1.348463e+06 1.348546e+06 1.348638e+06 1.348737e+06 1.348839e+06 1.348937e+06 1.348710e+06 1.344574e+06 1.331835e+06 1.305735e+06 1.263300e+06 1.205389e+06 1.065710e+06 9.369146e+05 8.411978e+05 7.745755e+05 7.274461e+05 6.925527e+05
1.352150e+06 1.352150e+06 1.352150e+06 1.352150e+06 1.352150e+06 1.352154e+06 1.352165e+06 1.352209e+06 1.352241e+06 1.352277e+06 1.352364e+06 1.352464e+06 1.352574e+06 1.352689e+06 1.352808e+06 1.352927e+06 1.353036e+06 1.352826e+06 1.348667e+06 1.335878e+06 1.309674e+06 1.267026e+06 1.208763e+06 1.068081e+06 9.383094e+05 8.419463e+05 7.750012e+05 7.277451e+05 6.928014e+05
1.356003e+06 1.356003e+06 1.356003e+06 1.356003e+06 1.356003e+06 1.356008e+06 1.356023e+06 1.356077e+06 1.356115e+06 1.356158e+06 1.356260e+06 1.356376e+06 1.356501e+06 1.356632e+06 1.356765e+06 1.356895e+06 1.357013e+06 1.356818e+06 1.352640e+06 1.339805e+06 1.313500e+06 1.270650e+06 1.212050e+06 1.070401e+06 9.396684e+05 8.426545e+05 7.753761e+05 7.279883e+05 6.929976e+05
1.359871e+06 1.359871e+06 1.359871e+06 1.359871e+06 1.359871e+06 1.359876e+06 1.359891e+06 1.359946e+06 1.359984e+06 1.360027e+06 1.360129e+06 1.360245e+06 1.360371e+06 1.360504e+06 1.360638e+06 1.360770e+06 1.360890e+06 1.360696e+06 1.356500e+06 1.343619e+06 1.317216e+06 1.274172e+06 1.215251e+06 1.072667e+06 9.409910e+05 8.433240e+05 7.757026e+05 7.281775e+05 6.931419e+05
1.363770e+06 1.363770e+06 1.363770e+06 1.363770e+06 1.363770e+06 1.363773e+06 1.363784e+06 1.363825e+06 1.363856e+06 1.363891e+06 1.363977e+06 1.364079e+06 1.364192e+06 1.364313e+06 1.364438e+06 1.364563e+06 1.364677e+06 1.364468e+06 1.360250e+06 1.347322e+06 1.320824e+06 1.277592e+06 1.218363e+06 1.074877e+06 9.422767e+05 8.439560e+05 7.759829e+05 7.283143e+05 6.932349e+05
1.367604e+06 1.367604e+06 1.367604e+06 1.367604e+06 1.367604e+06 1.367607e+06 1.367617e+06 1.367651e+06 1.367674e+06 1.367702e+06 1.367768e+06 1.367849e+06 1.367943e+06 1.368047e+06 1.368158e+06 1.368270e+06 1.368375e+06 1.368139e+06 1.363894e+06 1.350918e+06 1.324323e+06 1.280911e+06 1.221387e+06 1.077031e+06 9.435250e+05 8.445519e+05 7.762194e+05 7.284007e+05 6.932775e+05
1.371340e+06 1.371340e+06 1.371340e+06 1.371340e+06 1.371340e+06 1.371342e+06 1.371348e+06 1.371369e+06 1.371385e+06 1.371405e+06 1.371455e+06 1.371518e+06 1.371594e+06 1.371682e+06 1.371780e+06 1.371881e+06 1.371977e+06 1.371711e+06 1.367436e+06 1.354407e+06 1.327717e+06 1.284129e+06 1.224320e+06 1.079126e+06 9.447351e+05 8.451126e+05 7.764138e+05 7.284386e+05 6.932706e+05
1.374898e+06 1.374898e+06 1.374898e+06 1.374898e+06 1.374898e+06 1.374900e+06 1.374905e+06 1.374924e+06 1.374938e+06 1.374955e+06 1.374997e+06 1.375053e+06 1.375121e+06 1.375201e+06 1.375291e+06 1.375386e+06 1.375476e+06 1.375187e+06 1.370878e+06 1.357793e+06 1.331004e+06 1.287246e+06 1.227163e+06 1.081160e+06 9.459063e+05 8.456389e+05 7.765683e+05 7.284299e+05 6.932155e+05
1.378272e+06 1.378272e+06 1.378272e+06 1.378272e+06 1.378272e+06 1.378275e+06 1.378282e+06 1.378307e+06 1.378323e+06 1.378343e+06 1.378389e+06 1.378448e+06 1.378517e+06 1.378598e+06 1.378689e+06 1.378783e+06 1.378873e+06 1.378569e+06 1.374223e+06 1.361075e+06 1.334188e+06 1.290261e+06 1.229915e+06 1.083133e+06 9.470379e+05 8.461317e+05 7.766845e+05 7.283766e+05 6.931133e+05
1.381521e+06 1.381521e+06 1.381521e+06 1.381521e+06 1.381522e+06 1.381524e+06 1.381531e+06 1.381557e+06 1.381576e+06 1.381598e+06 1.381652e+06 1.381718e+06 1.381796e+06 1.381884e+06 1.381981e+06 1.382081e+06 1.382174e+06 1.381862e+06 1.377472e+06 1.364256e+06 1.337266e+06 1.293175e+06 1.232575e+06 1.085042e+06 9.481289e+05 8.465915e+05 7.767642e+05 7.282804e+05 6.929655e+05
1.384663e+06 1.384663e+06 1.384663e+06 1.384663e+06 1.384663e+06 1.384666e+06 1.384675e+06 1.384706e+06 1.384728e+06 1.384754e+06 1.384816e+06 1.384892e+06 1.384981e+06 1.385080e+06 1.385187e+06 1.385294e+06 1.385392e+06 1.385069e+06 1.380626e+06 1.367333e+06 1.340240e+06 1.295988e+06 1.235142e+06 1.086887e+06 9.491788e+05 8.470187e+05 7.768089e+05 7.281434e+05 6.927733e+05
1.387745e+06 1.387745e+06 1.387745e+06 1.387745e+06 1.387745e+06 1.387748e+06 1.387757e+06 1.387790e+06 1.387814e+06 1.387843e+06 1.387914e+06 1.388001e+06 1.388102e+06 1.388212e+06 1.388328e+06 1.388442e+06 1.388544e+06 1.388194e+06 1.383682e+06 1.370307e+06 1.343108e+06 1.298700e+06 1.237617e+06 1.088667e+06 9.501866e+05 8.474136e+05 7.768200e+05 7.279672e+05 6.925383e+05
1.390782e+06 1.390782e+06 1.390782e+06 1.390782e+06 1.390782e+06 1.390786e+06 1.390796e+06 1.390835e+06 1.390863e+06 1.390896e+06 1.390977e+06 1.391075e+06 1.391187e+06 1.391306e+06 1.391427e+06 1.391542e+06 1.391641e+06 1.391236e+06 1.386640e+06 1.373176e+06 1.345871e+06 1.301309e+06 1.239999e+06 1.090380e+06 9.511518e+05 8.477767e+05 7.767988e+05 7.277537e+05 6.922619e+05
1.393823e+06 1.393823e+06 1.393823e+06 1.393823e+06 1.393823e+06 1.393827e+06 1.393838e+06 1.393880e+06 1.393911e+06 1.393948e+06 1.394039e+06 1.394147e+06 1.394265e+06 1.394384e+06 1.394500e+06 1.394606e+06 1.394692e+06 1.394191e+06 1.389494e+06 1.375936e+06 1.348526e+06 1.303816e+06 1.242288e+06 1.092026e+06 9.520735e+05 8.481080e+05 7.767464e+05 7.275044e+05 6.919457e+05
1.396889e+06 1.396889e+06 1.396889e+06 1.396889e+06 1.396890e+06 1.396894e+06 1.396907e+06 1.396958e+06 1.396994e+06 1.397037e+06 1.397136e+06 1.397244e+06 1.397352e+06 1.397455e+06 1.397549e+06 1.397630e+06 1.397688e+06 1.397048e+06 1.392237e+06 1.378584e+06 1.351072e+06 1.306221e+06 1.244484e+06 1.093604e+06 9.529512e+05 8.484077e+05 7.766640e+05 7.272210e+05 6.915913e+05
1.400048e+06 1.400048e+06 1.400048e+06 1.400048e+06 1.400048e+06 1.400054e+06 1.400070e+06 1.400128e+06 1.400166e+06 1.400207e+06 1.400290e+06 1.400368e+06 1.400439e+06 1.400500e+06 1.400550e+06 1.400587e+06 1.400603e+06 1.399790e+06 1.394862e+06 1.381118e+06 1.353510e+06 1.308524e+06 1.246587e+06 1.095114e+06 9.537843e+05 8.486758e+05 7.765525e+05 7.269051e+05 6.912000e+05
1.403374e+06 1.403374e+06 1.403374e+06 1.403375e+06 1.403375e+06 1.403380e+06 1.403392e+06 1.403418e+06 1.403429e+06 1.403438e+06 1.403451e+06 1.403457e+06 1.403457e+06 1.403453e+06 1.403443e+06 1.403425e+06 1.403391e+06 1.402396e+06 1.397358e+06 1.383533e+06 1.355837e+06 1.310724e+06 1.248596e+06 1.096556e+06 9.545722e+05 8.489124e+05 7.764128e+05 7.265580e+05 6.907734e+05
1.406654e+06 1.406654e+06 1.406654e+06 1.406654e+06 1.406654e+06 1.406648e+06 1.406631e+06 1.406573e+06 1.406538e+06 1.406500e+06 1.406424e+06 1.406348e+06 1.406276e+06 1.406207e+06 1.406141e+06 1.406073e+06 1.405996e+06 1.404846e+06 1.399719e+06 1.385828e+06 1.358055e+06 1.312823e+06 1.250514e+06 1.097929e+06 9.553145e+05 8.491176e+05 7.762457e+05 7.261811e+05 6.903130e+05
1.409252e+06 1.409252e+06 1.409252e+06 1.409252e+06 1.409251e+06 1.409246e+06 1.409228e+06 1.409163e+06 1.409120e+06 1.409073e+06 1.408970e+06 1.408865e+06 1.408761e+06 1.408662e+06 1.408566e+06 1.408470e+06 1.408368e+06 1.407124e+06 1.401940e+06 1.388002e+06 1.360163e+06 1.314821e+06 1.252340e+06 1.099233e+06 9.560107e+05 8.492911e+05 7.760518e+05 7.257757e+05 6.898203e+05
1.411167e+06 1.411167e+06 1.411167e+06 1.411167e+06 1.411167e+06 1.411167e+06 1.411165e+06 1.411145e+06 1.411126e+06 1.411101e+06 1.411035e+06 1.410956e+06 1.410868e+06 1.410778e+06 1.410685e+06 1.410590e+06 1.410485e+06 1.409222e+06 1.404021e+06 1.390056e+06 1.362163e+06 1.316720e+06 1.254075e+06 1.100468e+06 9.566605e+05 8.494331e+05 7.758317e+05 7.253430e+05 6.892966e+05
